 24.8  24.1  24.4  24.6  24.3  24.0  24.1  24.1  23.7  23.6  23.9  24.2  23.8  23.3  23.5  23.8  23.4  23.2  23.4  23.7  23.4  23.2  23.6  23.7  23.4  23.2  23.6  24.1  23.9  23.6  25.0  25.7 
 24.2  23.7  24.7  24.6  24.0  23.9  24.1  23.9  23.7  23.7  24.0  24.0  23.5  23.4  23.9  23.7  23.2  23.3  23.7  23.6  23.3  23.1  23.7  23.6  23.2  23.4  23.6  23.8  23.5  23.4  24.9  24.8 
 24.0  23.9  24.2  24.2  23.7  23.2  23.8  24.0  23.7  23.7  23.9  24.0  23.5  23.3  23.5  23.6  23.3  23.2  23.5  23.6  23.3  23.1  23.6  23.7  23.4  23.1  23.7  23.9  24.3  24.0  24.2  24.7 
 23.8  23.9  24.2  24.0  23.6  23.3  24.0  24.0  23.6  23.5  24.0  23.7  23.3  23.1  23.4  23.6  23.2  23.1  23.7  23.3  23.2  23.2  23.6  23.5  23.2  23.2  24.0  24.0  24.5  25.1  24.3  24.8 
 23.8  23.5  23.8  24.1  23.7  23.3  23.6  23.9  24.0  24.1  24.5  24.1  23.3  23.0  23.5  23.5  23.2  23.0  23.3  23.5  23.2  23.1  23.4  23.5  23.1  23.2  23.5  23.8  23.5  23.8  23.8  24.3 
 23.8  23.6  23.9  23.8  23.3  23.2  24.1  23.8  24.2  25.1  26.3  24.6  23.2  23.2  23.5  23.3  23.1  23.2  23.4  23.3  23.2  23.0  23.5  23.3  23.4  23.0  23.7  23.7  23.5  23.4  24.1  24.0 
 23.5  23.7  23.9  23.9  23.4  23.3  23.4  23.8  24.9  26.3  28.4  25.5  23.2  23.2  23.2  23.4  23.0  23.1  23.1  23.3  23.2  23.1  23.4  23.5  23.3  23.1  23.3  23.6  23.4  23.4  23.8  23.8 
 23.6  23.6  24.1  23.8  23.4  23.2  23.8  23.6  23.9  24.5  25.4  24.2  23.3  23.0  23.3  23.4  23.2  22.9  23.4  23.3  23.1  23.0  23.5  23.3  23.3  23.0  23.6  23.5  23.2  23.4  23.8  22.9 
 24.4  23.8  23.9  24.0  23.4  23.2  23.2  23.7  23.4  23.3  23.6  23.5  23.1  23.1  23.3  23.5  23.1  23.1  23.3  23.2  23.1  23.0  23.2  23.5  23.2  23.1  23.5  23.8  23.1  23.2  23.8  23.8 
 23.8  23.8  24.3  24.1  23.8  23.5  23.6  23.4  23.2  23.1  23.5  23.5  23.2  23.2  23.3  23.4  23.1  23.1  23.6  23.4  23.1  23.1  23.4  23.2  23.3  23.2  23.6  23.4  23.0  23.0  24.2  23.9 
 24.9  24.7  25.0  25.3  24.9  24.9  24.3  24.0  23.5  23.4  23.4  23.6  23.3  23.2  23.3  23.6  23.1  23.0  23.4  23.4  23.1  23.0  23.3  23.4  23.1  23.1  23.4  23.5  23.2  23.1  23.7  24.3 
 24.8  24.8  25.7  25.9  26.1  26.2  26.0  25.2  23.9  23.5  23.6  23.6  23.3  23.1  23.3  23.2  23.1  23.2  23.3  23.3  23.0  23.1  23.5 nan  22.9  22.9  23.3  23.5  23.2  23.0  24.0  23.9 
 25.6  25.3  26.8  27.4  29.1  30.2  39.0  43.7  43.2  36.9  24.1  24.0  23.4  23.1  23.3  23.4  23.2  23.1  23.4  23.2  23.2  22.9  23.3  23.3  23.1  23.2  23.9  24.1  23.8  23.4  23.9  24.2 
 25.8  25.9  27.6  28.1  30.4  32.8  48.5  55.3  61.1  55.1  26.3  24.1  23.4  23.3  23.4  23.4  23.2  23.1  23.4  23.4  23.0  23.1  23.4  23.4  23.2  23.0  25.6  25.5  23.8  23.3  23.9  23.7 
 26.1  26.1  28.2  28.9  32.7  36.2  57.0  66.0  79.0  75.4  33.2  25.6  23.4  23.2  23.3  23.4  23.0  23.0  23.4  23.4  23.2  22.8  23.2  23.3  23.2  23.1  25.1  25.9  24.0  23.3  24.0  24.1 
 26.4  26.2  28.1  28.7  32.5  36.5  56.4  67.7  87.6  84.1  32.6  25.5  23.5  23.3  23.5  23.4  23.2  23.0  23.2  23.3  23.0  22.9  23.3  23.2  23.2  23.2  24.1  24.5  23.5  23.3  24.3  23.8 
 26.2  26.3  27.8  28.6  30.4  31.6  43.7  53.3  66.4  57.2  26.5  24.4  23.7  23.3  23.4  23.3  23.3  23.0  23.1  23.3  23.3  23.1  23.4  23.4  23.2  23.0  23.5  23.8  23.5  23.8  24.2  24.2 
 26.2  26.3  27.6  28.0  28.8  29.8  36.7  41.1  45.4  39.0  24.9  24.1  23.5  23.5  23.6  23.3  23.1  23.2  23.6  23.4  23.2  23.2  23.5  23.5  23.1  23.1  23.8  23.6  23.6  23.4  24.4  24.2 
 26.5  26.5  27.0  27.3  27.4  27.4  28.9  29.5  28.5  26.7  24.2  24.2  23.6  23.5  23.6  23.8  23.5  23.4  23.5  23.6  23.5  23.1  23.5  23.7  23.3  23.0  23.5  23.7  23.7  23.4  23.9  24.6 
 26.4  26.3  26.9  27.2  27.0  26.9  28.1  28.0  26.6  25.8  24.3  24.0  23.4  23.4  23.9  23.7  23.4  23.3  23.6  23.4  23.2  23.3  23.4  23.5  23.1  23.2  23.8  23.5  23.3  23.9  24.5  24.6 
 26.4  26.0  26.8  26.7  26.2  26.1  26.4  26.7  25.5  24.7  24.2  24.3  23.8  23.5  23.8  23.9  23.5  23.5  23.5  23.8  23.3  23.2  23.8  23.7  23.5  23.2  23.8  24.1  23.7  23.7  24.5  25.6 
 25.8  26.1  26.7  26.4  25.8  25.9  26.2  26.2  25.2  24.7  24.3  24.4  23.7  23.7  23.8  23.9  23.4  23.3  23.9  23.6  23.2  23.4  23.8  23.9  23.6  23.4  23.9  24.1  24.1  23.9  25.8  25.9 
 27.1  26.4  26.2  26.5  25.9  25.5  25.4  25.3  24.8  24.3  24.4  24.6  24.1  23.7  23.9  24.1  23.9  23.4  23.8  23.9  23.8  23.6  23.9  24.1  24.0  23.5  24.7  25.3  25.3  25.0  26.2  27.1 
 27.4  26.7  26.3  26.2  25.5  25.5  25.6  25.6  24.5  24.5  24.5  24.4  23.7  24.0  24.1  23.9  23.7  23.8  24.2  23.9  23.6  23.7  24.3  24.2  23.7  24.2  25.3  25.9  25.5  25.5  26.7  28.4 
