 24.5  24.3  24.2  24.6  24.4  24.1  23.9  24.1  23.8  23.7  23.6  23.8  23.4  23.5  23.5  23.6  23.5  23.6  23.6  23.6  23.4  23.2  23.6  23.7  23.3  23.5  26.6  27.3  27.7  27.6  28.4  28.5 
 24.3  24.0  24.0  24.4  24.0  24.0  23.9  24.0  23.8  23.7  23.8  23.9  23.4  23.3  23.6  23.7  23.3  23.3  23.6  23.5  23.5  23.2  23.4  23.8  23.3  23.9  27.0  27.5  27.6  27.8  28.2  29.4 
 24.2  23.8  24.1  24.2  23.8  23.6  23.6  23.7  23.5  23.3  23.8  24.0  23.4  23.4  23.5  23.6  23.2  23.2  23.4  23.4  23.2  23.1  23.5  23.8  23.8  24.0  27.5  28.0  27.9  27.6  28.3  28.6 
 23.8  23.7  24.1  24.2  23.5  23.3  23.7  23.8  23.6  23.6  23.9  23.7  23.4  23.2  23.5  23.7  23.3  23.3  23.6  23.5  23.3  23.2  23.5  23.3  23.6  24.1  27.3  28.0  27.4  28.1  28.7  28.6 
 23.6  23.8  23.9  24.1  23.5  23.2  23.9  23.9  23.7  24.3  24.5  24.0  23.4  23.2  23.5  23.4  23.1  23.1  23.3  23.4  23.2  23.1  23.4  23.6  23.3  23.8  26.8  27.3  27.7  27.6  28.5  28.7 
 24.0  23.6  23.9  23.8  23.4  23.2  23.7  23.7  24.2  25.1  25.9  24.4  23.2  23.2  23.3  23.5  23.1  23.1  23.3  23.3  23.2  23.3  23.4  23.6  23.5  23.8  26.2  27.1  27.7  28.4  28.7  28.9 
 23.8  23.8  23.8  23.6  23.3  23.4  23.7  23.7  24.9  26.6  28.3  25.2  23.3  23.3  23.3  23.3  23.3  23.1  23.4  23.4  23.3  23.4  23.6  23.5  23.5  23.3  25.4  26.7  28.5  28.1  28.9  28.6 
 24.1  23.7  23.5  23.9  23.3  23.3  23.7  23.6  24.1  24.8  25.4  24.2  23.2  23.3  23.4  23.4  23.3  23.2  23.4  23.4  23.3  23.2  23.4  23.7  23.4  23.3  24.7  26.0  27.7  28.2  28.6  28.4 
 24.4  23.9  23.9  23.9  23.3  23.3  23.4  23.5  23.3  23.1  23.5  23.5  23.3  23.1  23.2  23.3  23.2  23.3  23.4  23.4  23.3  23.1  23.5  23.4  23.3  23.2  23.9  24.1  26.9  27.5  29.4  29.3 
 24.0  24.0  24.0  23.9  23.8  23.4  23.7  23.5  23.1  23.2  23.3  23.3  23.1  23.1  23.2  23.4  23.3  23.1  23.4  23.4  23.3  23.2  23.5  23.6  23.3  23.2  24.1  24.9  26.6  28.0  29.3  29.4 
 24.8  24.8  25.0  25.3  25.0  24.7  24.2  23.9  23.5  23.3  23.5  23.4  23.3  23.1  23.4  23.5  23.4  23.2  23.5  23.4  23.2  23.2  23.6  23.4  24.5  25.4  28.2  28.5  29.9  29.9  30.3  30.0 
 24.7  25.0  25.5  25.9  26.0  26.0  25.7  25.1  23.8  23.5  23.6  23.6  23.2  23.1  23.4  23.5  23.2  23.2  23.1  23.5  23.2  23.1  23.4 nan  25.9  27.3  29.5  30.3  30.5  30.5  30.4  30.7 
 25.8  25.7  26.9  27.2  29.1  30.2  39.1  43.4  42.5  36.1  24.2  23.8  23.2  23.1  23.6  23.4  23.2  23.2  23.2  23.3  23.4  23.2  23.7  24.6  28.5  29.3  31.0  31.2  31.2  31.1  31.9  31.7 
 25.8  26.2  27.2  28.0  30.5  33.1  48.7  55.4  60.6  54.2  25.9  24.1  23.4  23.3  23.4  23.5  23.3  23.2  23.4  23.4  23.3  23.1  23.9  25.3  29.1  30.2  31.3  31.2  31.4  31.6  32.1  31.7 
 26.4  26.3  27.9  28.8  32.9  36.6  57.3  66.3  78.5  74.8  32.3  25.5  23.4  23.1  23.4  23.4  23.2  23.2  23.5  23.3  23.2  23.2  24.2  25.7  30.2  30.9  31.6  31.4  32.1  32.0  31.9  31.2 
 26.3  26.1  27.8  28.8  32.6  36.8  56.6  68.1  87.4  83.3  31.6  25.4  23.4  23.2  23.3  23.5  23.3  23.2  23.4  23.4  23.2  23.1  24.0  25.7  30.4  31.0  31.6  31.7  32.4  32.1  32.4  31.8 
 26.4  26.5  27.9  28.3  30.4  31.9  44.3  53.7  66.4  56.6  26.2  24.4  23.5  23.2  23.4  23.3  23.4  23.3  23.6  23.3  23.2  23.0  23.6  24.7  29.3  30.4  31.7  32.3  32.1  31.8  31.7  31.6 
 26.2  26.6  27.7  27.9  28.8  29.7  37.0  41.6  45.4  38.7  24.7  24.0  23.4  23.4  23.3  23.5  23.2  23.1  23.5  23.5  23.0  23.2  23.5  23.9  27.3  28.4  31.1  31.8  31.7  31.3  30.5  30.7 
 26.5  26.5  27.2  27.2  27.6  27.5  29.0  29.4  28.2  26.6  24.3  23.9  23.5  23.5  23.8  23.6  23.5  23.3  23.6  23.6  23.3  23.0  23.6  23.7  24.1  24.5  26.0  27.2  29.1  28.7  26.9  27.4 
 26.2  26.3  26.8  27.2  27.0  27.3  27.9  27.9  26.7  25.8  24.2  23.9  23.6  23.6  23.7  23.6  23.5  23.3  23.5  23.6  23.1  23.1  23.5  23.6  23.8  24.0  24.9  25.3  26.5  26.8  26.7  27.0 
 26.3  26.0  26.6  26.7  26.6  26.3  26.4  26.5  25.4  24.9  24.3  24.2  23.9  23.6  23.8  23.7  23.4  23.5  23.6  23.5  23.4  23.3  23.7  23.7  23.8  23.7  24.6  24.6  25.1  25.3  26.2  27.2 
 26.4  25.9  26.6  26.7  26.0  25.9  26.3  26.2  25.1  24.7  24.4  24.2  23.6  23.4  23.8  23.9  23.4  23.4  23.7  23.7  23.4  23.6  23.5  24.0  23.5  23.8  24.5  24.7  24.8  25.1  26.3  27.7 
 27.4  26.6  26.5  26.5  25.6  25.7  25.8  25.3  24.7  24.4  24.6  24.5  24.1  23.7  24.1  24.0  23.8  23.5  24.0  23.7  23.7  23.3  24.3  24.1  23.8  23.6  24.8  25.2  25.7  25.9  28.0  28.9 
 27.7  27.0  26.3  26.4  25.6  25.5  25.6  25.6  24.6  24.5  24.5  24.5  23.8  23.9  23.8  23.9  23.7  23.6  23.9  24.0  24.1  23.7  24.0  24.1  24.0  24.3  25.6  26.1  26.1  26.0  28.4  29.3 
