 23.3  22.8  22.7  23.4  22.7  22.5  22.6  22.8  22.4  22.2  22.7  22.8  22.3  21.9  22.3  22.4  22.4  22.3  22.4  22.5  22.1  22.3  22.4  23.1  22.5  22.4  23.2  23.9  23.1  23.1  24.3  25.4 
 23.2  22.8  23.4  22.9  22.5  22.4  22.8  22.6  22.3  22.2  22.8  22.5  22.4  22.0  22.7  22.5  22.1  22.0  22.8  22.4  22.3  22.2  22.7  22.6  22.7  22.3  23.7  24.1  23.6  23.5  24.1  24.1 
 22.9  22.9  23.0  23.1  22.6  22.2  22.7  22.8  22.4  22.2  22.5  22.7  22.1  22.2  22.4  22.5  22.2  22.3  22.2  22.5  22.1  22.1  22.5  22.8  22.5  22.6  23.0  23.3  22.8  22.8  23.3  23.6 
 22.6  22.9  23.2  22.7  22.5  22.2  22.8  22.7  22.5  22.3  22.7  22.5  22.3  22.1  22.4  22.4  22.2  22.0  22.7  22.4  22.3  22.1  22.9  22.6  22.4  22.1  23.4  22.8  22.5  22.8  23.4  23.6 
 23.0  22.8  22.9  23.0  22.6  22.3  22.5  22.8  22.8  23.1  22.7  22.8  22.1  22.0  22.3  22.2  22.2  22.1  22.4  22.4  22.2  22.2  22.3  22.6  22.3  22.5  22.8  23.0  22.6  22.8  22.8  23.7 
 23.0  22.4  23.1  22.8  22.5  22.5  23.1  22.9  23.2  23.5  23.1  22.8  22.3  22.2  22.4  22.3  22.1  22.1  22.4  22.4  22.3  22.0  22.8  22.6  22.7  22.1  22.9  23.0  22.8  22.7  23.4  23.3 
 23.0  22.6  22.8  22.8  22.7  22.5  22.7  23.2  24.8  26.0  23.7  23.0  22.2  22.3  22.4  22.4  22.2  22.2  22.3  22.4  22.3  22.2  22.6  22.8  22.4  22.3  22.7  23.1  22.7  22.6  23.0  23.1 
 22.7  22.5  23.0  23.0  22.4  22.3  23.0  23.3  25.3  26.6  24.4  22.9  22.3  22.3  22.3  22.3  22.1  22.3  22.5  22.4  22.1  22.2  22.8  22.4  22.4  22.4  22.8  22.6  22.6  22.6  23.0  22.3 
 23.2  23.0  23.0  23.0  22.6  22.6  22.7  23.1  23.1  23.0  22.9  22.7  22.4  22.3  22.4  22.5  21.9  22.2  22.5  22.6  22.3  22.3  22.5  22.5  22.4  22.3  22.7  22.9  22.8  22.7  23.0  23.2 
 23.2  23.0  23.3  23.0  23.0  22.6  22.9  22.7  22.8  22.7  22.8  22.6  22.3  22.2  22.4  22.3  22.3  22.2  22.5  22.4  22.3  22.2  22.6  22.5  22.5  22.4  22.9  23.0  22.7  22.6  23.5  23.0 
 23.9  23.3  23.8  24.0  23.7  23.3  23.0  23.1  22.9  22.6  22.5  22.6  22.4  22.3  22.5  22.5  22.4  22.2  22.3  22.6  22.3  22.2  22.5  22.7  22.5  22.3  23.3  23.7  23.3  23.0  23.3  23.4 
 23.6  23.4  24.3  24.2  24.3  24.5  23.9  23.3  22.8  22.6  22.7  22.7  22.4  22.3  22.4  22.4  22.2  22.3  22.5  22.6  22.4  22.5  22.5 nan  22.3  22.3  24.3  24.7  23.4  23.0  23.3  23.4 
 24.2  24.3  25.2  25.7  27.0  27.3  32.5  35.0  33.0  29.2  23.0  22.8  22.6  22.3  22.4  22.5  22.3  22.4  22.6  22.6  22.3  22.2  22.5  22.8  22.5  22.4  23.6  24.4  23.3  22.8  23.3  23.5 
 24.5  24.7  26.0  26.1  28.1  29.9  41.6  48.7  53.1  47.2  24.6  23.2  22.6  22.5  22.6  22.5  22.3  22.2  22.7  22.4  22.2  22.2  22.8  22.5  22.6  22.3  23.2  23.3  23.0  22.9  23.2  23.2 
 24.8  25.2  26.4  27.3  30.3  33.4  54.4  62.9  74.3  70.9  34.3  25.4  22.6  22.3  22.6  22.5  22.4  22.4  22.6  22.8  22.4  22.3  22.6  22.7  22.6  22.3  22.8  23.0  22.7  22.7  23.3  23.3 
 24.9  25.1  26.8  27.5  30.5  33.9  53.2  62.2  78.1  78.6  36.8  25.7  22.7  22.4  22.7  22.4  22.4  22.3  22.7  22.6  22.2  22.3  22.7  22.7  22.5  22.4  23.1  22.8  22.7  22.7  23.7  23.3 
 25.1  25.3  26.1  26.9  29.2  31.5  44.0  53.0  72.4  69.3  29.6  24.2  22.8  22.5  22.4  22.4  22.4  22.4  22.6  22.7  22.4  22.4  22.5  22.7  22.8  22.6  22.8  23.1  22.8  22.9  23.2  23.7 
 25.0  25.0  26.7  26.4  28.2  29.2  36.9  41.6  53.5  49.0  25.7  23.5  22.7  22.4  22.6  22.5  22.3  22.4  22.6  22.6  22.3  22.4  22.9  22.7  22.5  22.5  23.1  22.8  22.7  22.8  23.3  23.4 
 25.4  25.1  26.1  26.5  26.4  26.8  28.6  29.4  29.3  27.6  23.7  23.2  22.5  22.6  22.6  22.9  22.5  22.4  22.5  22.8  22.6  22.3  22.8  22.6  22.8  22.5  23.1  23.2  23.0  22.8  23.5  24.0 
 25.0  25.2  26.2  26.1  26.0  25.9  27.2  27.2  26.5  25.8  23.5  23.0  22.6  22.6  22.9  22.7  22.4  22.3  22.9  22.5  22.4  22.3  23.0  22.7  22.5  22.6  23.0  23.0  22.7  22.9  23.8  24.1 
 25.2  25.2  25.3  25.5  25.2  25.2  25.3  25.8  25.0  24.3  23.5  23.5  22.8  22.6  22.6  22.8  22.5  22.5  22.5  22.7  22.6  22.4  22.9  23.0  22.8  22.5  23.0  23.4  23.0  23.2  24.1  24.6 
 25.1  24.8  25.7  25.4  25.0  25.1  25.5  25.2  24.4  24.0  23.5  23.4  22.8  22.8  22.8  22.9  22.4  22.3  22.9  22.8  22.5  22.6  22.8  22.9  22.7  22.7  23.5  23.2  23.4  23.3  24.8  24.9 
 25.8  25.4  25.1  25.4  24.7  24.5  24.7  24.8  24.0  23.7  23.6  23.6  23.1  22.7  22.7  22.8  22.8  22.5  22.6  22.9  22.8  22.7  22.9  23.3  22.9  22.7  23.8  23.8  24.0  23.7  25.4  26.4 
 26.1  25.2  25.5  25.1  24.8  24.3  24.8  24.7  23.7  23.4  23.6  23.3  22.8  22.7  23.1  22.8  22.5  22.6  23.1  22.7  22.7  22.8  23.5  23.4  22.9  22.8  24.1  24.2  24.0  24.0  26.4  27.3 
