 23.4  23.3  23.2  23.3  22.7  22.7  22.8  22.6  22.3  22.3  22.7  22.5  22.3  22.2  22.5  22.5  22.2  22.3  22.5  22.6  22.4  22.4  22.6  22.7  22.4  22.3  23.6  23.6  23.5  23.4  24.1  25.2 
 23.6  22.7  23.1  23.3  23.0  22.5  22.7  22.8  22.5  22.1  22.7  22.9  22.4  22.1  22.6  22.3  22.4  22.0  22.4  22.7  22.4  22.2  22.6  22.6  22.4  22.6  23.2  24.3  23.7  23.0  23.7  24.2 
 23.1  22.9  23.2  22.9  22.4  22.3  22.8  22.6  22.3  22.4  22.6  22.6  22.1  22.3  22.5  22.3  22.2  22.3  22.3  22.5  22.2  22.3  22.7  22.6  22.4  22.6  23.0  23.2  22.8  22.9  23.2  23.3 
 23.2  22.6  23.1  23.1  22.3  22.0  22.8  23.0  22.7  22.4  22.7  22.6  22.4  22.0  22.3  22.4  22.5  21.8  22.4  22.6  22.5  22.4  22.7  22.8  22.4  22.3  23.0  23.0  22.9  22.7  23.2  23.6 
 22.8  23.0  23.3  22.9  22.6  22.8  22.8  22.9  23.3  23.3  23.0  22.7  22.3  22.2  22.4  22.3  22.2  22.2  22.4  22.3  22.4  22.2  22.6  22.6  22.3  22.4  22.8  22.9  22.6  22.8  23.2  23.3 
 23.0  22.6  23.0  23.1  22.8  22.2  22.9  23.1  23.6  23.7  23.1  23.0  22.5  22.3  22.5  22.6  22.4  22.2  22.4  22.4  22.5  22.1  22.7  22.7  22.8  22.4  22.7  22.9  22.7  22.9  23.1  23.3 
 22.8  23.0  23.0  22.9  22.6  22.7  22.9  23.2  24.9  26.5  24.3  23.1  22.4  22.5  22.4  22.4  22.2  22.3  22.5  22.3  22.3  22.5  22.7  22.6  22.5  22.5  23.0  22.6  22.5  22.8  23.0  23.1 
 23.1  23.0  22.9  23.0  22.7  22.6  23.2  23.3  25.6  26.8  24.3  23.1  22.5  22.4  22.5  22.6  22.1  22.2  22.5  22.4  22.3  22.2  22.7  22.8  22.7  22.3  22.7  23.0  22.6  22.7  22.9  22.3 
 23.6  23.2  23.0  23.2  22.5  22.8  23.0  22.9  23.1  23.1  22.9  22.7  22.5  22.4  22.4  22.6  22.3  22.4  22.5  22.4  22.4  22.4  22.8  22.5  22.5  22.7  22.9  22.9  22.5  22.8  23.0  22.9 
 23.4  22.9  23.3  23.3  22.9  22.5  22.9  23.0  22.8  22.7  22.6  22.8  22.6  22.2  22.5  22.3  22.3  22.2  22.6  22.6  22.5  22.1  22.7  22.5  22.6  22.3  23.1  23.0  22.7  22.6  23.3  23.2 
 23.5  23.7  23.8  23.8  23.6  23.7  23.2  22.8  22.6  22.8  22.7  22.8  22.4  22.5  22.7  22.5  22.5  22.4  22.6  22.5  22.3  22.5  22.5  22.4  22.4  22.6  23.3  23.5  23.1  23.3  23.0  22.8 
 23.8  23.5  24.1  24.2  24.5  24.3  23.8  23.6  22.9  22.7  22.7  22.7  22.5  22.4  22.5  22.5  22.4  22.4  22.5  22.5  22.4  22.3  22.7 nan  22.5  22.4  24.1  24.9  23.8  22.7  23.3  23.2 
 24.1  24.2  25.4  25.6  26.8  27.8  32.7  35.1  33.0  29.5  23.2  23.0  22.4  22.5  22.6  22.5  22.5  22.5  22.6  22.5  22.4  22.4  22.7  22.6  22.4  22.5  23.7  24.3  23.0  23.1  23.4  23.4 
 24.4  24.7  25.8  26.5  28.4  30.0  41.6  48.9  53.5  47.3  24.7  23.3  22.7  22.5  22.4  22.6  22.4  22.5  22.6  22.7  22.5  22.3  22.5  22.6  22.6  22.2  23.1  23.3  23.3  22.9  23.1  23.4 
 24.8  25.1  26.6  27.4  30.4  33.8  54.7  63.1  74.4  71.2  34.5  25.5  22.5  22.6  22.6  22.5  22.5  22.6  22.6  22.6  22.5  22.6  22.7  22.7  22.6  22.6  22.9  22.6  22.8  22.7  23.5  23.3 
 25.2  24.9  26.7  27.6  30.5  33.8  53.3  62.6  78.2  78.8  36.8  25.9  22.8  22.6  22.5  22.6  22.5  22.3  22.6  22.7  22.5  22.4  22.7  22.7  22.8  22.3  22.8  23.0  22.8  22.6  23.4  23.3 
 25.1  25.5  26.6  26.7  29.3  31.7  44.3  53.1  72.5  69.4  29.9  24.2  22.7  22.6  22.7  22.6  22.4  22.5  22.6  22.6  22.4  22.4  22.6  22.7  22.5  22.6  23.0  22.9  22.8  23.0  23.4  23.6 
 25.2  25.2  26.0  26.7  28.7  29.3  36.6  41.8  53.8  49.0  25.4  23.6  22.7  22.5  22.7  22.6  22.5  22.3  22.5  22.7  22.5  22.3  22.6  22.8  22.7  22.4  23.1  23.0  23.1  22.6  23.4  23.8 
 25.1  25.2  26.4  26.6  26.7  26.9  28.6  29.3  29.6  27.9  23.7  23.1  22.8  22.7  22.8  22.7  22.6  22.6  22.7  22.8  22.6  22.4  22.9  22.8  22.7  22.8  23.0  23.1  23.2  22.9  23.7  23.8 
 25.1  25.0  25.9  26.2  26.0  26.0  27.2  27.3  26.9  25.7  23.6  23.3  23.0  22.7  22.8  22.6  22.7  22.4  22.8  22.7  22.6  22.5  22.7  23.0  22.8  22.5  23.0  23.2  22.9  22.7  23.6  23.9 
 24.8  25.0  25.5  25.7  25.4  25.4  25.8  25.6  25.0  24.5  23.6  23.4  22.8  22.9  22.8  22.8  22.5  22.6  22.9  22.8  22.6  22.4  23.0  22.8  22.8  23.0  23.2  23.1  23.0  23.7  24.2  24.2 
 24.9  24.7  25.3  25.4  25.2  24.9  25.2  25.3  24.5  24.0  23.5  23.3  22.9  22.5  22.7  22.6  22.4  22.3  22.9  22.8  22.7  22.5  23.2  23.0  22.7  22.4  23.2  23.4  23.6  23.4  24.9  25.3 
 25.9  25.5  25.1  25.2  24.8  24.7  24.6  24.5  24.1  23.8  23.6  23.7  23.0  22.8  22.7  23.0  22.7  22.8  23.0  23.0  22.7  22.8  23.0  23.4  23.1  22.9  24.0  24.3  24.2  24.5  25.7  25.5 
 26.2  25.0  25.1  25.1  24.8  24.4  24.6  24.3  23.7  23.6  23.6  23.4  22.9  22.6  23.1  22.9  22.7  22.6  23.2  23.1  22.7  22.7  23.0  23.6  23.3  23.2  24.6  24.8  24.8  24.1  26.3  26.7 
