 23.6  23.1  23.2  23.3  23.0  22.6  22.8  22.8  22.5  22.4  22.5  22.7  22.5  22.5  22.3  22.4  22.2  22.4  22.6  22.6  22.5  22.6  22.8  22.7  22.8  22.4  23.4  23.9  23.8  23.2  24.2  25.6 
 23.4  23.1  23.2  23.1  22.8  22.7  22.9  22.9  22.6  22.6  22.8  22.7  22.5  22.3  22.7  22.5  22.5  22.1  22.8  22.5  22.6  22.4  22.8  22.8  22.7  23.0  23.4  24.4  23.7  23.3  24.2  24.6 
 23.3  23.0  23.2  23.2  22.6  22.4  22.8  22.8  22.5  22.5  22.6  22.8  22.4  22.4  22.7  22.5  22.4  22.2  22.5  22.5  22.4  22.1  22.5  22.8  22.7  22.7  22.8  23.1  22.9  22.8  23.4  23.5 
 23.2  22.9  23.2  22.9  22.5  22.4  23.0  22.8  22.8  22.5  22.8  22.7  22.4  22.4  22.7  22.7  22.4  22.2  22.7  22.6  22.5  22.5  22.9  22.7  22.8  22.7  23.0  22.9  23.0  23.3  23.7  23.4 
 23.1  23.1  23.1  23.2  22.6  22.9  22.7  23.0  23.1  23.0  22.8  22.8  22.5  22.3  22.4  22.5  22.4  22.4  22.5  22.4  22.5  22.3  22.8  22.8  22.6  22.7  22.8  22.7  22.9  22.8  23.7  23.5 
 23.1  22.9  23.0  22.9  22.6  22.7  22.9  23.0  23.4  23.7  23.1  23.0  22.4  22.4  22.6  22.6  22.4  22.3  22.5  22.5  22.5  22.5  22.6  22.6  22.6  22.5  22.8  23.0  22.8  23.0  23.2  23.2 
 23.1  22.8  23.0  23.0  22.8  22.7  23.0  23.3  25.1  26.2  24.2  23.2  22.6  22.4  22.5  22.5  22.3  22.2  22.6  22.5  22.5  22.5  22.6  22.6  22.7  22.5  22.8  22.9  22.9  22.9  23.3  22.9 
 23.2  23.0  23.0  23.2  22.8  22.7  23.0  23.4  25.5  26.8  24.4  23.1  22.5  22.5  22.6  22.6  22.5  22.5  22.4  22.5  22.4  22.3  22.8  22.8  22.5  22.6  22.9  22.8  22.9  22.9  23.0  22.6 
 23.2  23.0  23.2  23.2  22.9  22.7  23.0  23.0  23.1  23.1  23.1  22.6  22.5  22.4  22.5  22.8  22.4  22.4  22.6  22.7  22.3  22.6  22.7  22.6  22.7  22.5  22.7  22.9  23.0  23.0  23.1  23.1 
 23.6  23.3  23.2  23.3  23.1  22.9  22.8  22.9  22.9  22.9  22.9  22.7  22.4  22.4  22.6  22.5  22.4  22.3  22.5  22.7  22.5  22.4  22.6  22.8  22.6  22.6  23.0  23.2  23.1  22.9  23.5  23.5 
 24.0  23.6  24.0  24.0  23.9  23.7  23.1  23.2  22.9  22.9  22.7  22.8  22.5  22.3  22.8  22.7  22.5  22.4  22.5  22.5  22.5  22.5  22.5  22.6  22.6  22.6  23.5  23.7  23.5  23.1  23.3  23.6 
 24.0  24.0  24.1  24.4  24.6  24.4  23.9  23.5  23.0  22.9  22.8  22.8  22.6  22.5  22.6  22.6  22.5  22.6  22.5  22.6  22.4  22.6  22.6 nan  22.4  22.5  24.2  25.0  23.8  22.9  23.4  23.2 
 24.6  24.3  25.3  25.6  27.1  27.6  32.7  35.0  33.1  29.4  23.1  22.9  22.4  22.5  22.8  22.6  22.5  22.4  22.6  22.6  22.6  22.3  22.5  22.8  22.7  22.5  23.8  24.6  23.4  23.2  23.3  23.2 
 24.6  24.9  26.0  26.5  28.4  30.1  41.7  48.9  53.4  47.4  24.7  23.5  22.7  22.5  22.7  22.6  22.5  22.5  22.7  22.8  22.4  22.5  22.6  22.6  22.7  22.6  23.1  23.3  23.1  23.1  23.5  23.5 
 25.4  25.5  26.5  27.4  30.4  33.7  54.6  62.9  74.4  71.0  34.4  25.6  22.8  22.6  22.6  22.6  22.6  22.6  22.6  22.7  22.5  22.4  22.8  22.7  22.9  22.6  23.0  22.9  23.0  23.3  23.4  23.5 
 25.5  25.6  27.1  27.6  30.8  34.1  53.2  62.4  78.2  78.7  36.7  25.9  22.7  22.6  22.6  22.6  22.4  22.5  22.6  22.8  22.4  22.7  22.9  22.8  22.7  22.8  22.9  23.1  23.0  23.1  23.4  23.6 
 25.4  25.2  26.5  26.8  29.3  31.4  44.1  53.0  72.4  69.3  29.8  24.3  22.9  22.8  22.7  22.6  22.6  22.5  22.7  22.5  22.7  22.6  22.7  22.8  22.8  22.5  23.2  23.1  23.0  23.2  23.8  23.5 
 25.4  25.3  26.3  26.9  28.6  29.5  36.8  42.0  53.6  49.0  25.8  23.9  22.8  22.8  22.7  22.8  22.5  22.4  22.8  23.0  22.4  22.6  22.7  23.0  22.7  22.7  23.1  23.1  23.1  23.1  23.3  23.8 
 25.4  25.1  26.4  26.4  26.7  27.0  28.6  29.5  29.7  28.0  23.9  23.1  22.9  22.8  22.8  22.7  22.6  22.6  22.7  22.8  22.7  22.6  22.7  22.9  22.8  22.7  23.2  23.1  23.6  23.0  23.7  23.8 
 25.2  25.5  26.3  26.1  26.2  26.2  27.3  27.2  27.0  26.2  23.6  23.3  23.0  22.8  23.1  22.8  22.6  22.7  22.9  22.9  22.8  22.6  23.0  22.9  22.7  22.9  23.2  23.5  23.0  23.2  24.1  24.1 
 25.2  25.2  25.8  26.0  25.7  25.5  25.6  25.6  25.2  24.5  23.5  23.4  23.0  23.0  22.9  22.9  22.8  22.7  22.7  23.0  22.8  22.6  22.9  23.1  23.1  22.9  23.3  23.4  23.3  23.5  24.3  24.5 
 25.1  25.5  25.4  25.7  25.1  25.4  25.4  25.3  24.6  24.2  23.7  23.5  22.9  23.0  22.9  23.1  22.8  22.8  22.9  23.0  22.6  22.9  23.2  23.1  22.8  22.9  23.0  23.4  23.6  23.6  24.7  25.7 
 26.5  25.3  25.4  25.2  25.0  24.5  25.0  24.8  24.3  23.8  23.6  23.7  23.1  23.0  22.8  23.1  22.9  22.8  23.0  22.9  23.1  22.6  23.1  23.3  23.1  23.0  24.0  24.3  24.0  23.9  25.9  25.7 
 26.6  25.9  25.5  25.4  24.4  24.6  25.0  24.7  24.1  23.7  23.5  23.7  22.9  22.9  23.1  23.1  22.9  22.9  23.0  23.1  23.0  22.8  23.4  23.6  23.4  23.4  24.4  24.7  23.9  24.4  26.1  26.9 
