 23.7  22.9  22.9  23.1  22.5  22.9  22.8  22.8  22.6  22.3  22.6  22.7  22.4  22.2  22.7  22.8  22.4  22.3  22.6  22.5  22.3  22.4  22.7  23.0  22.6  22.4  23.4  23.7  23.5  23.2  24.5  25.3 
 23.4  22.9  23.4  23.6  22.6  22.6  23.1  22.9  22.6  22.4  22.9  22.8  22.2  22.2  22.7  22.5  22.5  22.2  22.7  22.7  22.5  22.4  22.9  23.0  22.7  22.8  23.2  24.5  23.4  23.2  24.2  24.9 
 22.9  23.1  23.3  23.2  22.5  22.4  22.9  23.1  22.6  22.5  22.7  22.8  22.3  22.3  22.6  22.5  22.3  22.2  22.5  22.5  22.4  22.4  22.5  22.6  22.5  22.7  23.0  23.3  23.1  22.8  23.6  23.5 
 23.2  22.9  23.1  23.2  22.4  22.4  22.9  23.0  22.7  22.5  22.9  22.7  22.3  22.2  22.7  22.6  22.2  22.1  22.7  22.6  22.5  22.3  22.7  22.8  22.4  22.5  23.4  23.1  22.8  23.1  23.7  23.6 
 22.8  22.9  23.2  23.2  22.8  22.6  22.9  23.0  23.0  22.8  23.0  22.7  22.6  22.2  22.7  22.4  22.3  22.2  22.5  22.4  22.4  22.1  22.6  22.8  22.5  22.5  22.9  22.9  22.8  22.9  23.2  23.5 
 23.0  22.9  23.0  23.1  22.6  22.6  23.0  23.3  23.4  23.8  23.3  23.1  22.3  22.4  22.6  22.5  22.4  22.1  22.5  22.5  22.3  22.3  22.7  22.7  22.6  22.6  22.9  23.0  22.6  22.8  23.2  23.4 
 23.0  22.8  23.1  22.9  22.5  22.7  23.0  23.3  25.1  26.2  24.2  23.2  22.5  22.4  22.5  22.5  22.2  22.3  22.4  22.4  22.5  22.3  22.6  22.7  22.5  22.6  22.9  23.2  22.7  22.8  23.4  23.4 
 23.1  23.0  23.0  23.2  22.8  22.4  23.1  23.2  25.4  26.8  24.3  23.4  22.3  22.5  22.4  22.5  22.2  22.3  22.4  22.5  22.4  22.5  22.7  22.8  22.4  22.3  22.9  22.9  22.6  22.6  23.3  22.4 
 23.4  23.0  23.3  23.2  22.8  22.6  22.9  23.0  23.1  23.1  23.0  22.7  22.5  22.5  22.6  22.5  22.5  22.3  22.5  22.6  22.5  22.3  22.7  22.6  22.5  22.4  22.7  22.9  22.6  22.9  23.2  23.2 
 23.4  23.0  23.5  23.3  23.1  22.8  23.0  23.0  22.8  22.7  22.8  22.8  22.4  22.4  22.5  22.6  22.3  22.2  22.5  22.6  22.4  22.4  22.8  22.7  22.6  22.5  23.2  23.1  22.7  22.5  23.6  23.7 
 23.6  23.6  23.9  23.9  23.7  23.5  23.4  23.1  22.8  22.8  22.8  22.8  22.4  22.4  22.6  22.6  22.5  22.2  22.7  22.6  22.5  22.4  22.6  22.7  22.6  22.5  23.4  23.6  23.4  22.9  23.2  23.6 
 23.6  23.6  24.3  24.4  24.6  24.6  23.9  23.8  23.0  22.7  22.8  22.9  22.4  22.5  22.6  22.6  22.3  22.4  22.5  22.7  22.3  22.4  22.6 nan  22.4  22.6  24.3  25.0  23.6  22.9  23.3  23.6 
 24.3  24.4  25.3  25.8  27.1  27.5  32.9  34.9  33.1  29.4  23.1  23.0  22.5  22.5  22.7  22.6  22.7  22.5  22.6  22.6  22.5  22.4  22.6  22.7  22.5  22.6  23.9  24.5  23.4  22.9  23.2  23.2 
 24.3  24.8  25.9  26.4  28.4  30.0  41.7  49.0  53.4  47.3  24.7  23.3  22.6  22.6  22.7  22.7  22.5  22.6  22.8  22.6  22.5  22.3  22.5  22.7  22.5  22.4  23.1  23.5  23.4  23.1  23.4  23.2 
 25.1  25.2  26.7  27.4  30.5  33.7  54.6  62.8  74.2  70.9  34.4  25.5  22.6  22.4  22.6  22.6  22.6  22.3  22.6  22.7  22.6  22.5  22.8  22.7  22.7  22.6  22.9  22.8  23.1  22.8  23.8  23.5 
 25.0  25.3  26.9  27.3  30.5  33.9  53.3  62.2  77.9  78.5  36.7  26.0  22.7  22.6  22.7  22.6  22.5  22.7  22.6  22.7  22.3  22.4  22.7  22.8  22.5  22.3  23.0  22.9  22.8  22.6  23.4  23.5 
 25.1  25.3  26.5  26.9  29.4  31.5  44.0  52.9  72.4  69.2  29.9  24.3  22.8  22.7  22.7  22.6  22.4  22.4  22.7  22.8  22.6  22.4  22.8  22.8  22.7  22.6  23.0  23.0  22.9  22.8  23.4  23.4 
 25.4  25.2  26.4  26.7  28.4  29.5  36.7  41.8  53.5  48.9  25.8  23.7  22.6  22.5  22.7  22.7  22.5  22.4  22.7  22.9  22.4  22.4  22.8  23.0  22.6  22.6  23.0  23.1  22.9  22.7  23.7  23.6 
 25.7  25.1  26.1  26.6  26.7  26.9  28.7  29.3  29.5  27.7  24.0  23.1  22.6  22.7  22.8  22.5  22.7  22.6  22.8  22.8  22.5  22.4  22.7  22.9  22.6  22.7  23.1  23.4  23.0  22.9  23.7  24.2 
 24.9  25.3  26.0  26.3  26.1  26.1  27.3  27.5  27.0  26.0  23.5  23.4  22.9  22.6  22.8  22.8  22.6  22.5  22.8  22.9  22.5  22.4  22.9  23.1  22.7  22.7  23.2  23.2  22.9  22.9  23.6  24.1 
 25.2  25.0  25.9  25.5  25.5  25.4  25.5  25.6  25.2  24.5  23.6  23.5  22.8  22.8  22.9  23.0  22.6  22.7  22.9  22.8  22.8  22.7  23.2  23.0  22.9  22.6  23.3  23.1  23.2  23.3  24.3  25.1 
 25.3  25.3  25.4  25.7  25.1  25.0  25.2  25.3  24.5  24.1  23.6  23.3  22.7  22.8  23.0  23.1  22.6  22.6  22.8  23.1  22.6  22.6  22.9  23.0  22.7  22.6  23.3  23.6  23.6  23.6  24.7  25.4 
 26.0  25.3  25.2  25.2  24.9  25.0  24.8  24.7  24.2  23.6  23.6  23.5  23.2  22.8  23.0  23.1  22.9  22.6  23.1  22.9  22.8  22.6  23.2  23.5  23.2  22.9  24.0  24.4  24.4  24.1  25.9  26.2 
 26.6  26.2  25.3  25.3  24.6  24.5  24.5  24.7  24.0  23.7  23.5  23.5  23.0  22.8  23.0  23.2  22.9  22.7  23.0  23.1  23.0  22.9  23.1  23.7  23.3  23.1  24.3  24.8  23.7  24.6  26.6  27.9 
