 23.3  23.2  23.3  23.1  22.9  22.5  22.8  22.7  22.3  22.6  22.7  22.7  22.4  22.3  22.5  22.3  22.2  22.4  22.5  22.5  22.4  22.4  22.8  22.8  22.5  22.6  23.3  23.6  23.7  23.1  24.2  25.3 
 23.7  23.0  23.1  23.1  23.0  22.5  22.8  22.9  22.5  22.6  22.7  22.6  22.5  22.5  22.5  22.5  22.3  22.1  22.4  22.8  22.5  22.2  22.7  22.6  22.8  22.7  23.3  24.3  23.6  23.4  23.8  24.3 
 23.3  23.1  23.2  23.3  22.4  22.3  22.8  22.7  22.4  22.7  22.7  22.5  22.2  22.3  22.5  22.5  22.3  22.2  22.5  22.4  22.3  22.4  22.7  22.6  22.5  22.6  23.2  23.1  23.2  23.2  23.5  23.6 
 23.2  23.0  23.1  23.2  22.5  22.3  23.1  23.0  22.8  22.5  22.9  22.6  22.4  22.2  22.5  22.4  22.4  22.1  22.7  22.5  22.5  22.2  22.5  22.8  22.4  22.6  23.0  23.0  22.9  23.0  23.0  24.0 
 22.8  23.0  23.1  22.8  22.8  22.8  22.8  23.0  23.0  23.0  22.7  22.8  22.5  22.4  22.5  22.6  22.3  22.4  22.5  22.6  22.4  22.3  22.8  22.6  22.5  22.6  22.8  22.8  22.8  23.0  23.4  23.4 
 23.0  23.0  23.0  23.0  22.7  22.3  23.0  23.0  23.5  23.8  23.2  22.9  22.3  22.3  22.6  22.4  22.4  22.1  22.5  22.4  22.4  22.2  22.8  22.6  22.7  22.5  23.0  22.8  22.8  23.0  23.3  23.5 
 23.0  23.2  23.0  23.1  22.6  22.7  23.1  23.2  25.2  26.4  24.0  23.1  22.5  22.5  22.6  22.5  22.3  22.4  22.6  22.5  22.5  22.3  22.4  22.7  22.7  22.5  22.8  23.0  23.1  22.8  23.3  23.2 
 23.3  22.9  23.1  23.1  22.7  22.7  23.1  23.3  25.5  26.6  24.3  22.9  22.6  22.4  22.5  22.5  22.3  22.3  22.5  22.4  22.3  22.4  22.7  22.6  22.6  22.5  22.7  23.0  22.8  22.7  22.9  22.5 
 23.4  22.9  23.3  23.1  22.8  22.7  23.0  23.0  23.4  23.1  22.9  22.7  22.4  22.4  22.6  22.5  22.4  22.4  22.5  22.5  22.5  22.6  22.7  22.8  22.5  22.6  23.0  22.7  22.9  22.9  23.2  23.0 
 23.6  23.1  23.6  23.3  23.0  22.7  22.8  22.9  22.8  22.9  22.7  22.9  22.6  22.1  22.5  22.4  22.3  22.4  22.4  22.6  22.5  22.3  22.6  22.7  22.5  22.6  23.2  23.0  22.9  22.7  23.2  23.4 
 23.8  23.8  23.8  24.1  23.5  23.7  23.2  23.1  22.8  23.0  22.8  22.8  22.4  22.4  22.6  22.6  22.5  22.3  22.7  22.4  22.4  22.4  22.6  22.4  22.5  22.6  23.4  23.5  23.5  23.2  23.2  23.2 
 23.9  23.8  24.1  24.4  24.6  24.1  23.9  23.3  23.1  22.8  22.8  22.6  22.5  22.4  22.5  22.6  22.4  22.4  22.5  22.7  22.4  22.4  22.6 nan  22.6  22.4  24.2  25.0  23.8  23.0  23.3  23.1 
 24.4  24.0  25.3  25.8  27.1  27.7  32.7  35.0  33.0  29.3  23.2  22.9  22.5  22.6  22.6  22.6  22.5  22.4  22.7  22.4  22.5  22.3  22.6  22.6  22.7  22.7  23.7  24.4  23.4  23.0  23.4  23.4 
 24.7  24.5  25.8  26.4  28.4  30.0  41.6  48.9  53.4  47.3  24.6  23.3  22.7  22.6  22.5  22.7  22.5  22.3  22.6  22.6  22.6  22.4  22.8  22.7  22.8  22.5  23.2  23.3  23.5  22.9  23.0  23.4 
 25.1  25.4  26.6  27.4  30.7  33.8  54.7  63.0  74.5  71.1  34.4  25.4  22.8  22.7  22.6  22.6  22.6  22.6  22.7  22.7  22.5  22.5  22.7  22.7  22.6  22.5  22.8  22.9  22.9  22.9  23.3  23.4 
 25.7  25.3  26.9  27.6  30.6  33.9  53.5  62.4  78.2  78.7  36.8  25.9  22.6  22.4  22.6  22.7  22.4  22.4  22.6  22.7  22.5  22.3  22.7  22.9  22.5  22.4  22.9  22.9  22.9  22.9  23.2  23.5 
 25.4  25.4  26.6  26.8  29.5  31.5  44.1  52.9  72.6  69.3  29.8  24.3  22.7  22.5  22.7  22.5  22.5  22.5  22.6  22.5  22.7  22.6  22.6  22.7  22.6  22.7  23.0  23.0  22.7  23.1  23.4  23.6 
 25.4  25.0  26.5  26.8  28.6  29.4  36.7  41.7  53.6  49.1  25.6  23.8  22.9  22.6  22.7  22.7  22.4  22.3  22.6  22.7  22.6  22.4  22.8  22.9  22.6  22.5  23.0  23.0  22.8  22.7  23.4  23.8 
 25.2  25.4  26.0  26.6  26.6  27.0  28.6  29.4  29.5  27.9  23.8  23.2  22.6  22.8  22.7  22.7  22.5  22.6  22.9  22.8  22.6  22.3  22.6  23.0  22.7  22.7  22.9  23.2  23.2  23.1  23.4  23.7 
 25.4  25.4  26.1  26.2  26.1  26.3  27.2  27.4  27.1  26.0  23.5  23.4  22.8  22.7  22.8  22.7  22.6  22.3  22.8  22.5  22.7  22.4  22.7  22.9  22.9  22.7  23.0  23.1  22.9  23.1  23.8  24.1 
 25.3  25.2  25.8  25.6  25.5  25.4  25.7  25.6  25.2  24.6  23.5  23.4  22.7  23.0  22.7  23.0  22.7  22.5  22.8  22.7  22.7  22.5  23.1  23.1  23.0  22.8  23.1  23.3  23.4  23.2  24.5  24.6 
 25.3  24.8  25.3  25.6  25.2  24.9  25.3  25.3  24.5  24.1  23.4  23.6  22.8  22.6  22.6  22.9  22.6  22.7  22.9  23.0  22.7  22.7  22.8  22.9  23.0  22.9  23.1  23.3  23.7  23.6  24.5  25.5 
 26.1  25.6  25.3  25.1  24.9  24.7  24.9  24.6  24.2  23.8  23.6  23.4  23.0  22.9  23.1  22.9  22.9  22.7  23.0  22.9  22.9  22.7  23.3  23.2  23.0  23.3  24.2  24.3  24.2  24.2  26.0  26.7 
 26.7  25.9  25.5  25.5  24.8  24.4  24.6  24.6  23.9  23.6  23.6  23.6  22.9  23.1  23.1  23.0  22.8  22.9  22.9  23.1  23.1  23.0  23.4  23.4  23.5  23.6  24.3  24.6  24.2  24.7  27.0  28.0 
