 23.8  23.8  23.7  23.8  23.1  23.1  23.1  23.0  22.8  22.7  23.0  23.1  22.7  22.9  22.9  22.9  22.9  22.7  23.1  23.0  22.9  23.0  23.1  23.2  26.1  27.2  28.4  28.2  28.5  28.4  29.1  29.2 
 23.9  23.4  23.6  23.4  23.2  23.2  23.1  22.9  22.9  22.9  23.0  23.0  22.8  22.7  22.9  23.0  22.7  22.7  22.9  23.0  22.9  22.7  23.0  23.4  25.6  27.1  28.1  28.3  28.5  28.4  28.8  29.9 
 23.6  23.6  23.2  23.6  23.0  22.7  23.1  23.0  22.8  22.9  22.9  22.9  22.8  22.9  22.9  23.0  22.8  22.8  22.8  22.7  22.7  22.8  23.2  23.0  24.8  25.9  28.2  28.3  28.4  28.5  29.4  29.2 
 23.7  23.6  23.3  23.4  23.2  22.9  22.9  23.4  23.2  23.0  23.0  23.0  22.7  22.6  22.9  23.0  22.8  22.6  22.8  23.0  22.9  22.8  23.0  23.3  23.8  25.1  27.4  28.1  28.4  28.6  28.8  29.4 
 23.7  23.5  23.5  23.4  23.0  22.9  23.2  23.1  23.4  23.3  23.1  23.0  22.9  22.6  23.0  22.8  22.6  22.8  23.0  22.6  22.7  22.8  23.1  23.0  23.4  23.1  25.2  26.0  27.7  28.0  29.3  29.5 
 23.5  23.3  23.3  23.1  23.2  23.0  23.3  23.4  23.7  23.9  23.2  23.1  22.8  22.7  22.7  22.8  22.8  22.7  22.9  23.0  22.9  22.6  23.1  23.0  23.2  22.9  23.6  24.6  27.0  28.0  29.7  30.0 
 23.7  23.4  23.2  23.2  22.8  23.1  23.4  23.3  25.5  26.7  24.2  23.4  22.9  22.9  22.7  22.7  22.8  22.8  23.0  22.9  22.9  22.8  23.2  23.2  23.2  23.0  23.4  23.3  26.7  28.4  30.5  30.2 
 23.5  23.3  23.1  23.4  22.9  23.1  23.5  23.8  26.0  27.6  24.4  23.3  22.9  22.8  22.7  22.8  22.9  22.7  22.7  22.9  22.8  22.9  23.0  23.3  23.1  23.2  23.4  23.5  27.5  29.5  31.2  30.4 
 23.8  23.3  23.5  23.2  23.0  23.1  23.3  23.3  23.5  23.7  23.3  23.1  22.9  22.8  22.8  22.8  23.0  22.8  23.1  23.0  22.9  23.0  23.2  23.0  23.1  23.0  24.0  25.0  29.4  30.2  31.8  31.8 
 23.7  23.6  23.6  23.5  23.4  23.0  23.0  23.2  23.2  23.2  22.8  23.1  22.9  22.7  22.8  23.0  22.9  22.9  22.9  23.1  23.0  22.9  22.9  23.1  23.0  23.1  24.9  26.8  30.1  30.3  32.0  32.2 
 24.2  24.1  24.1  24.0  24.1  23.5  23.5  23.3  23.1  22.9  23.0  22.8  22.8  22.7  23.0  22.9  22.8  22.8  23.1  23.0  22.8  23.0  23.2  23.0  22.9  23.3  26.4  28.1  30.6  30.9  32.1  31.6 
 24.3  24.2  24.5  24.8  24.9  24.8  24.2  23.7  23.2  23.1  23.0  23.0  22.8  22.9  22.8  22.9  22.9  22.9  23.0  23.0  23.0  22.9  22.8 nan  23.2  23.4  27.1  28.8  30.8  30.7  31.8  31.6 
 24.5  24.6  25.7  26.0  27.1  28.1  32.6  34.7  32.6  29.1  23.4  23.1  22.9  22.7  23.1  22.9  22.9  22.7  23.2  22.8  22.9  22.8  23.0  23.1  23.4  23.8  28.0  29.6  31.2  31.2  32.5  32.3 
 24.9  25.1  26.0  26.8  28.7  30.3  41.3  48.7  52.8  46.5  24.5  23.5  22.9  22.9  22.9  23.0  22.8  22.8  22.9  23.2  23.0  22.8  23.0  23.1  23.2  23.7  27.7  29.8  31.3  31.2  32.1  32.5 
 25.4  25.6  27.0  27.4  31.0  34.1  55.2  63.1  74.4  71.0  34.3  25.7  23.0  22.8  23.0  22.8  22.8  22.8  23.0  23.1  23.1  22.8  23.3  23.0  23.1  23.3  27.2  28.9  31.4  31.8  32.8  32.9 
 25.8  25.7  27.2  27.7  31.0  34.5  53.8  63.1  78.6  79.0  36.8  26.2  23.2  23.0  22.8  22.9  22.8  22.7  22.9  23.0  22.9  22.8  22.8  23.1  23.0  22.9  26.1  28.5  31.2  32.0  32.9  33.1 
 25.8  25.7  26.9  27.1  29.7  32.2  45.0  53.9  73.9  70.8  30.3  24.6  23.2  23.0  23.1  22.9  22.8  22.8  23.1  23.0  22.9  22.9  23.1  22.9  23.2  23.0  24.0  25.2  29.7  30.9  31.9  31.2 
 25.8  25.6  26.5  27.3  29.0  30.2  37.4  42.8  54.9  50.5  26.1  24.0  23.2  23.0  22.8  23.0  22.9  22.9  23.0  23.2  23.1  22.9  22.9  23.3  23.0  23.2  23.4  24.1  27.0  28.1  29.0  28.4 
 26.1  25.5  26.7  26.9  27.2  27.4  29.1  29.9  30.3  28.5  23.9  23.5  23.1  23.0  23.1  23.0  23.0  22.9  23.0  23.0  23.0  23.0  23.3  23.2  23.1  23.1  23.5  23.4  24.0  24.5  25.8  26.0 
 25.6  26.0  26.3  26.5  26.6  26.6  27.6  27.8  27.3  26.5  23.8  23.5  23.2  23.0  23.1  23.1  23.0  22.9  23.1  23.0  23.1  23.0  23.3  23.4  23.3  23.2  23.3  23.4  23.9  23.9  25.2  26.0 
 26.1  25.3  26.2  26.1  25.9  25.9  26.1  26.1  25.5  24.9  23.9  23.6  23.2  23.0  23.3  23.2  23.1  23.2  23.2  23.1  23.1  22.9  23.6  23.2  23.5  23.3  23.6  23.5  24.2  24.7  26.2  26.4 
 25.9  25.8  25.8  26.1  25.8  25.7  25.8  25.9  25.0  24.6  23.6  24.0  23.2  23.3  23.1  23.4  23.1  23.2  23.2  23.2  23.0  23.2  23.4  23.6  23.3  23.4  23.4  24.1  24.8  25.5  26.3  27.1 
 26.8  25.9  25.6  25.7  25.5  25.1  25.2  25.0  24.7  24.2  24.0  23.7  23.5  23.6  23.4  23.5  23.3  23.3  23.4  23.4  23.4  23.1  23.6  23.7  23.7  23.8  25.5  26.0  26.0  26.0  27.4  27.7 
 27.1  26.7  25.6  25.6  25.2  25.1  25.0  25.1  24.2  24.1  24.1  24.1  23.5  23.6  23.6  23.7  23.6  23.5  23.4  23.6  23.4  23.5  23.9  24.0  24.6  24.9  26.4  27.1  26.7  26.7  26.8  28.6 
