 24.6  23.7  23.8  23.8  23.3  23.1  22.8  22.8  22.8  22.7  22.8  23.1  22.8  22.7  22.6  22.7  22.5  22.7  22.9  23.0  23.1  22.7  23.1  23.2  23.6  24.2  27.4  28.5  30.1  29.8  30.4  31.2 
 24.0  23.3  23.9  23.9  23.2  23.2  22.9  23.0  22.9  22.7  22.8  23.1  23.0  22.8  22.9  22.7  22.8  22.5  23.0  22.9  22.9  22.5  23.3  23.4  23.7  24.0  26.3  27.9  29.7  30.1  30.6  30.8 
 23.7  23.4  23.5  23.3  23.2  22.8  23.1  22.9  22.8  22.8  22.9  23.1  22.7  22.5  22.8  23.0  22.7  22.7  22.7  23.0  22.9  22.9  23.1  23.4  25.1  25.3  28.2  29.2  31.2  31.4  30.7  30.3 
 23.5  23.3  23.3  23.5  22.9  22.6  23.2  23.1  22.9  22.8  23.1  22.9  22.8  22.7  22.8  22.7  22.8  22.5  22.8  22.9  22.8  22.7  23.2  23.9  26.2  28.0  30.5  31.2  32.1  32.0  31.4  31.0 
 23.5  23.2  23.1  23.2  23.2  23.1  23.1  23.1  23.5  23.4  23.0  22.9  22.7  22.8  22.8  22.9  22.6  22.6  22.8  22.8  23.0  22.8  23.9  25.0  30.2  30.7  31.6  31.4  32.3  32.3  31.5  30.9 
 23.6  23.3  23.5  23.4  22.7  22.9  23.4  23.3  23.7  23.9  23.1  23.0  22.6  22.6  22.8  22.7  22.8  22.7  22.9  22.9  22.7  22.8  23.9  26.4  30.4  31.0  31.4  31.9  32.2  31.7  30.3  29.5 
 23.3  23.4  23.1  23.2  22.9  22.9  23.3  23.5  25.4  26.7  24.3  23.4  22.8  22.7  22.6  22.7  22.8  22.7  22.8  22.8  22.9  22.9  25.0  26.7  31.2  31.2  31.6  32.0  30.5  30.1  26.8  26.7 
 23.8  22.8  23.1  23.0  23.0  22.9  23.1  23.3  26.0  27.7  24.9  23.2  22.9  22.7  22.7  22.7  23.0  22.8  22.9  22.8  22.9  23.0  24.6  27.6  31.0  31.1  31.6  32.0  31.5  29.8  26.5  24.8 
 23.5  23.6  23.4  23.1  23.0  23.1  23.0  23.1  23.4  23.6  23.2  22.9  22.8  22.7  22.7  22.9  22.6  22.8  22.8  22.8  22.9  23.0  24.2  25.4  29.5  30.2  31.7  32.1  29.3  28.2  25.5  25.0 
 23.5  23.3  23.5  23.4  23.1  23.1  22.8  22.9  23.0  23.0  23.1  22.8  22.8  22.7  22.7  22.9  23.0  22.8  22.8  23.0  22.8  22.9  23.6  24.5  27.8  28.5  30.3  29.2  27.1  25.6  25.3  24.8 
 23.9  23.8  23.8  23.9  23.7  23.3  23.1  23.0  22.8  22.9  23.0  22.8  22.8  22.7  22.7  22.9  23.0  22.8  22.8  22.9  22.8  22.8  22.8  23.1  23.4  23.7  24.4  25.1  24.8  24.7  24.2  24.3 
 23.8  23.9  23.9  24.1  24.2  24.0  23.8  23.4  23.1  22.8  23.1  23.0  22.7  22.8  22.7  22.8  23.0  22.8  22.9  22.9  23.0  22.8  23.1 nan  23.2  23.0  24.6  25.5  24.8  24.1  24.1  24.3 
 24.6  24.2  25.1  25.5  26.4  26.9  29.1  29.7  27.9  26.1  23.2  23.0  22.9  22.7  22.7  22.9  22.8  22.8  22.8  22.8  22.8  22.7  22.9  23.0  23.1  23.2  24.7  25.3  24.1  23.7  24.1  24.0 
 24.9  24.9  25.9  26.2  28.0  29.0  36.8  42.4  45.2  39.5  24.0  23.3  22.9  22.7  23.0  22.9  22.8  22.6  22.8  22.8  22.8  22.7  23.1  22.8  23.1  22.9  23.8  24.0  24.0  23.5  24.0  23.9 
 25.2  25.6  26.5  27.5  30.2  32.8  51.9  60.6  71.3  67.8  34.2  25.7  23.0  23.0  22.9  22.8  22.9  22.7  22.7  22.9  22.8  22.8  22.8  23.0  22.9  22.8  23.2  23.3  23.5  23.5  23.9  24.3 
 25.7  25.4  27.0  27.5  30.5  33.4  52.7  61.2  76.3  76.0  39.0  26.6  23.1  22.9  22.9  22.8  22.8  22.7  22.8  22.9  22.9  22.6  23.2  23.1  23.0  22.9  23.4  23.4  23.5  23.5  23.7  24.1 
 25.5  25.7  26.9  27.2  29.9  32.1  46.1  55.6  78.9  78.8  34.0  25.4  23.0  22.9  22.9  22.9  22.8  23.0  23.0  23.1  22.9  23.0  23.0  23.1  22.9  22.9  23.3  23.3  23.2  23.5  23.9  23.8 
 25.8  25.8  26.5  27.2  28.9  30.3  38.9  45.4  61.5  58.6  28.0  24.5  23.2  22.9  23.0  23.1  22.9  22.8  23.2  23.1  22.8  22.9  23.1  23.1  23.2  22.8  23.3  23.3  23.4  23.4  24.2  24.1 
 25.5  25.8  26.6  26.8  27.3  27.7  29.4  30.9  32.5  30.3  24.3  23.5  23.1  23.2  23.0  23.2  23.1  22.9  23.0  23.1  23.1  22.8  23.2  23.1  23.1  23.3  23.2  23.3  23.6  23.4  23.9  24.3 
 25.5  26.0  26.4  26.6  26.7  26.8  28.1  28.4  28.2  27.5  24.1  23.5  23.2  23.1  23.2  23.1  23.0  22.8  23.3  23.1  22.9  23.0  23.2  23.2  23.2  23.1  23.6  23.3  23.6  23.5  24.3  24.3 
 26.0  25.7  26.1  26.0  25.8  26.0  26.0  26.4  25.9  25.4  24.0  23.6  23.3  23.1  23.2  23.1  23.0  22.8  23.2  23.2  23.0  23.1  23.3  23.5  23.2  23.1  23.4  23.5  24.0  24.0  24.8  24.8 
 25.8  25.7  25.9  25.7  25.8  25.7  25.8  26.0  25.5  25.0  23.9  23.7  23.3  23.3  23.3  23.1  23.1  23.0  23.3  23.1  23.3  23.1  23.4  23.3  23.5  23.3  23.7  23.9  24.2  24.5  25.4  26.2 
 26.6  25.9  25.6  25.5  25.5  25.4  25.5  25.2  24.7  24.4  23.9  24.0  23.6  23.4  23.3  23.4  23.3  23.2  23.2  23.1  23.4  23.2  23.6  23.6  23.8  23.6  24.9  25.2  25.5  26.0  26.8  27.0 
 27.2  27.0  25.8  25.6  25.2  24.9  24.9  25.1  24.5  24.5  23.9  23.8  23.5  23.4  23.6  23.3  23.3  23.4  23.4  23.4  23.8  23.3  23.8  24.1  24.1  24.3  25.8  26.1  26.2  25.9  26.9  28.2 
