 24.1  23.1  23.0  23.3  23.8  23.7  23.7  23.7  23.8  23.3  23.5  23.8  23.5  23.4  23.4  23.8  23.5  23.4  23.6  23.8  23.6  23.8  23.7  24.0  23.7  23.6  24.1  24.1  24.4  24.0  24.6  25.5 
 23.2  22.9  23.4  23.6  23.8  23.8  24.1  24.0  23.4  23.3  23.8  23.7  23.4  23.5  23.4  23.5  23.5  23.4  23.9  23.7  23.6  23.3  23.7  24.0  23.8  23.8  24.0  24.0  24.1  24.2  24.9  25.6 
 22.9  23.1  23.2  23.4  23.8  23.6  23.7  23.5  23.5  23.3  23.4  23.5  23.5  23.4  23.6  23.7  23.5  23.5  23.4  23.7  23.6  23.5  23.8  23.9  23.7  23.7  24.0  24.2  24.1  23.9  24.0  24.8 
 22.6  23.1  23.4  23.8  23.6  23.6  23.9  23.5  23.5  23.2  23.7  23.3  23.4  23.2  23.5  23.5  23.5  23.5  23.6  23.4  23.6  23.5  23.9  23.5  23.6  23.6  24.3  23.8  23.7  23.8  24.7  24.4 
 23.7  23.5  23.7  23.8  23.9  23.8  23.7  23.7  23.5  23.5  23.4  23.5  23.4  23.3  23.3  23.5  23.3  23.4  23.4  23.5  23.4  23.4  23.3  23.8  23.5  23.5  23.7  24.3  23.8  23.9  23.7  24.2 
 23.2  23.4  23.6  23.7  23.8  23.9  23.8  23.4  23.5  23.3  23.4  23.3  23.3  23.3  23.6  23.3  23.4  23.3  23.6  23.4  23.5  23.3  23.4  23.5  23.7  23.4  23.8  23.8  23.9  23.9  24.3  24.2 
 23.6  23.4  23.7  23.7  23.9  23.8  23.7  23.6  23.3  23.3  23.4  23.6  23.4  23.2  23.2  23.5  23.2  23.4  23.3  23.5  23.4  23.4  23.6  23.5  23.5  23.4  23.8  24.0  23.6  23.8  23.8  24.0 
 23.9  23.5  23.8  23.6  23.8  23.8  23.6  23.6  23.3  23.3  23.5  23.5  23.4  23.3  23.5  23.3  23.4  23.2  23.4  23.2  23.3  23.2  23.4  23.5  23.6  23.3  23.7  23.9  23.7  23.5  23.8  23.3 
 24.0  23.6  24.0  24.0  23.8  23.5  23.6  23.8  23.5  23.3  23.5  23.6  23.3  23.4  23.3  23.4  23.2  23.4  23.3  23.3  23.3  23.4  23.5  23.6  23.6  23.5  23.5  23.7  23.7  23.6  23.8  23.9 
 23.9  23.8  24.1  24.1  23.8  23.6  23.8  23.5  23.4  23.5  23.5  23.6  23.4  23.2  23.5  23.3  23.3  23.3  23.4  23.4  23.3  23.2  23.5  23.5  23.7  23.5  23.9  23.6  23.7  23.7  24.4  23.9 
 23.9  24.0  23.8  24.1  23.8  23.6  23.5  23.6  23.5  23.3  23.4  23.5  23.4  23.3  23.4  23.5  23.4  23.3  23.4  23.6  23.4  23.4  23.5  23.7  23.5  23.4  23.5  23.8  23.7  23.7  24.0  24.6 
 23.8  23.9  23.7  23.8  23.6  23.6  23.8  23.7  23.4  23.5  23.5  23.6  23.5  23.5  23.6  23.4  23.4  23.3  23.5  23.5  23.4  23.4  23.6 nan  23.5  23.5  23.6  23.8  23.9  23.6  24.2  23.9 
 23.9  23.7  23.8  24.1  23.6  23.4  23.7  23.8  23.4  23.4  23.4  23.6  23.4  23.4  23.5  23.4  23.4  23.2  23.5  23.5  23.3  23.2  23.6  23.8  23.7  23.6  23.7  23.9  23.7  23.5  24.0  24.4 
 24.1  23.8  24.0  24.1  23.8  23.6  23.9  23.6  23.6  23.3  23.5  23.6  23.5  23.4  23.6  23.6  23.3  23.3  23.5  23.6  23.4  23.3  23.7  23.6  23.5  23.5  23.7  23.6  23.7  23.7  24.3  24.2 
 23.8  23.9  23.9  24.1  24.0  23.6  23.7  23.7  23.8  23.4  23.5  23.6  23.4  23.4  23.4  23.6  23.5  23.4  23.4  23.7  23.5  23.3  23.6  23.6  23.4  23.4  23.7  24.0  24.0  23.7  23.9  24.3 
 24.2  23.7  23.9  23.9  23.7  23.6  23.9  23.8  23.7  23.5  23.6  23.5  23.5  23.6  23.6  23.5  23.5  23.3  23.5  23.4  23.3  23.3  23.6  23.7  23.4  23.4  24.0  23.9  24.1  23.7  24.4  24.2 
 24.1  23.8  24.1  24.1  23.9  23.7  23.9  23.9  23.6  23.5  23.6  23.6  23.5  23.4  23.5  23.6  23.4  23.5  23.5  23.6  23.6  23.4  23.6  23.7  23.8  23.6  23.9  24.1  23.7  24.0  24.2  24.6 
 23.9  23.6  24.1  23.9  23.7  23.4  24.1  23.8  23.6  23.6  23.8  23.5  23.6  23.4  23.7  23.4  23.3  23.2  23.7  23.5  23.6  23.6  23.6  23.5  23.7  23.7  23.9  23.9  23.6  23.9  24.5  24.3 
 24.2  23.9  24.2  24.3  23.7  23.8  23.8  24.2  23.8  23.7  23.7  23.8  23.5  23.6  23.6  23.5  23.4  23.5  23.6  23.9  23.6  23.5  23.7  24.1  23.8  23.5  23.8  24.1  23.9  23.8  24.2  24.6 
 24.2  24.0  24.0  24.2  24.0  23.7  23.9  24.0  23.8  23.6  23.8  23.6  23.7  23.5  23.8  23.3  23.6  23.4  23.6  23.4  23.4  23.5  23.9  23.9  23.7  23.6  23.8  24.0  23.8  24.2  24.7  24.3 
 24.3  24.1  24.4  24.2  24.1  24.0  24.1  24.0  23.8  23.8  23.7  24.0  23.6  23.5  23.5  23.5  23.7  23.7  23.7  23.6  23.7  23.7  23.7  24.1  23.8  23.7  23.9  24.2  23.9  23.9  24.5  25.3 
 24.7  24.6  24.5  24.3  24.1  23.8  24.0  24.1  23.8  23.9  24.0  24.1  23.8  23.5  23.8  23.6  23.7  23.4  24.0  23.7  23.6  23.6  24.2  23.9  23.7  23.9  24.1  24.2  24.3  24.1  25.4  25.9 
 25.2  25.0  24.6  24.7  24.2  24.1  24.2  24.3  23.8  24.0  23.9  24.2  23.8  23.8  23.7  23.9  23.9  23.6  23.9  24.1  23.9  23.7  23.8  24.3  23.7  24.0  24.5  24.6  24.6  24.7  26.5  27.7 
 25.3  25.0  24.6  24.6  23.9  23.9  24.3  24.0  23.7  23.9  23.8  24.0  23.7  23.7  24.0  23.9  23.9  23.7  23.9  23.8  23.7  23.8  24.0  24.1  24.0  23.9  24.3  24.6  25.0  24.8  27.2  28.1 
