 24.3  23.9  24.4  24.6  24.0  23.8  23.9  24.1  23.7  23.4  23.7  24.1  23.3  23.4  23.7  23.8  23.3  23.0  23.7  23.7  23.3  23.3  23.6  23.7  23.2  23.0  23.6  24.1  23.9  23.8  25.0  25.7 
 24.1  23.7  24.5  24.2  23.7  23.5  24.1  23.9  23.7  23.6  24.0  23.8  23.3  23.2  23.9  23.6  23.2  23.2  23.9  23.6  23.2  23.0  23.7  23.5  23.5  23.4  23.7  23.7  23.3  23.4  25.1  25.1 
 24.2  23.5  24.3  24.2  23.3  23.2  23.5  24.1  23.3  23.3  23.9  23.8  23.3  23.0  23.5  23.6  23.2  23.1  23.3  23.5  23.1  22.9  23.3  23.5  23.3  23.2  23.7  23.7  23.9  23.8  24.2  24.7 
 24.0  23.6  24.4  24.2  23.5  23.0  23.9  23.7  23.4  23.5  23.8  23.8  23.1  23.2  23.6  23.5  23.1  23.1  23.5  23.2  23.1  23.0  23.6  23.3  23.1  22.9  24.0  23.8  24.5  24.8  24.7  24.6 
 23.6  23.4  23.8  24.1  23.4  23.3  23.6  23.9  23.9  24.1  24.5  24.2  23.3  23.0  23.4  23.4  23.1  22.8  23.2  23.3  23.0  22.8  23.2  23.5  23.1  23.1  23.8  23.8  23.3  23.5  24.1  24.5 
 23.5  23.6  23.9  23.8  23.3  23.2  23.9  23.8  24.2  25.0  26.2  24.7  23.0  23.0  23.4  23.4  23.1  22.9  23.5  23.3  23.0  22.8  23.5  23.3  23.0  22.9  23.7  23.4  23.2  23.4  24.2  23.5 
 23.5  23.3  23.7  23.9  23.2  22.9  23.5  23.9  24.7  26.2  28.4  25.4  23.3  23.0  23.2  23.4  23.0  22.9  23.2  23.2  23.2  22.9  23.5  23.4  23.0  23.0  23.5  23.9  23.2  22.9  23.6  23.9 
 23.9  23.6  23.8  23.8  23.0  23.1  23.8  23.7  23.8  24.4  25.4  24.1  23.3  23.2  23.5  23.2  23.0  23.1  23.3  23.2  23.0  23.3  23.7  23.3  22.9  23.1  23.6  23.5  22.9  23.1  23.8  22.9 
 23.9  23.7  23.8  24.0  23.3  23.0  23.6  23.6  23.2  23.0  23.5  23.5  23.1  23.2  23.2  23.4  23.1  23.0  23.4  23.4  22.9  23.0  23.3  23.4  23.3  22.9  23.3  23.5  23.0  23.3  23.2  23.4 
 24.0  23.8  24.3  24.0  23.6  23.4  23.7  23.4  23.1  23.1  23.4  23.5  23.0  22.9  23.4  23.1  23.1  23.0  23.5  23.4  23.1  22.9  23.4  23.2  23.1  23.1  23.5  23.7  23.2  23.0  23.9  24.0 
 24.5  24.5  25.2  25.2  24.9  24.9  24.3  24.0  23.3  23.1  23.4  23.5  23.1  22.9  23.4  23.3  23.1  23.1  23.3  23.4  23.0  23.0  23.3  23.4  23.0  22.8  23.4  23.6  23.0  23.0  23.9  24.0 
 24.6  24.5  25.6  25.8  25.8  25.9  26.0  25.3  23.5  23.4  23.6  23.4  23.0  23.0  23.3  23.4  23.2  23.0  23.4  23.1  23.0  23.0  23.4 nan  23.0  22.9  23.5  23.4  23.1  23.2  23.8  23.8 
 25.6  25.6  26.8  27.5  29.0  30.0  38.9  43.5  43.1  36.8  24.2  23.8  23.2  23.1  23.3  23.4  23.3  23.0  23.3  23.2  23.1  22.9  23.3  23.4  23.1  23.0  23.9  24.3  23.4  23.3  23.6  24.1 
 25.7  25.8  27.5  28.1  30.2  32.7  48.5  55.5  60.9  55.0  26.3  24.0  23.2  23.2  23.4  23.4  23.0  23.0  23.2  23.3  22.9  22.9  23.3  23.2  22.9  23.1  25.6  25.6  23.8  23.3  23.9  23.9 
 25.8  26.3  27.9  28.9  32.7  36.2  56.9  66.0  78.8  75.4  33.1  25.5  23.4  23.1  23.3  23.4  23.2  23.0  23.4  23.4  23.0  23.1  23.3  23.4  23.0  23.1  25.1  25.6  23.6  23.3  24.1  24.3 
 26.2  26.0  28.2  28.8  32.6  36.2  56.1  67.5  87.6  84.1  32.4  25.5  23.4  23.2  23.4  23.2  23.0  22.9  23.3  23.1  22.9  22.9  23.3  23.4  23.0  22.9  24.2  24.5  23.5  23.5  23.9  24.0 
 26.1  26.3  27.7  28.4  30.4  31.6  43.8  53.1  66.3  57.2  26.2  24.5  23.3  23.2  23.4  23.4  23.0  22.9  23.3  23.4  23.0  22.9  23.3  23.2  23.1  22.9  23.4  23.9  23.4  23.5  24.2  24.4 
 26.4  26.3  27.6  27.8  28.7  29.5  36.7  41.2  45.4  38.9  24.9  24.0  23.2  23.4  23.6  23.4  23.0  22.9  23.4  23.3  23.0  23.1  23.4  23.5  22.9  22.9  23.7  23.5  23.6  23.3  24.5  24.2 
 26.5  26.5  27.0  27.3  27.1  27.5  29.0  29.5  28.2  26.5  24.3  24.0  23.4  23.3  23.6  23.8  23.3  23.1  23.3  23.6  23.1  23.1  23.6  23.6  23.0  23.0  23.4  23.9  23.4  23.2  24.0  24.7 
 25.7  26.3  27.1  26.9  26.9  26.9  27.9  27.9  26.6  25.7  24.2  24.1  23.5  23.4  23.8  23.4  23.5  23.1  23.7  23.5  23.2  23.2  23.7  23.5  22.9  23.2  23.7  23.7  23.3  23.6  24.5  24.4 
 26.2  26.0  26.5  26.8  26.5  26.1  26.4  26.6  25.3  24.7  24.1  24.3  23.7  23.5  23.6  23.9  23.2  23.4  23.5  23.8  23.3  23.1  23.5  23.9  23.3  23.3  23.8  24.3  23.7  23.8  24.5  25.1 
 25.8  26.1  26.9  26.5  26.2  25.9  26.3  26.1  24.7  24.7  24.4  24.2  23.7  23.6  23.8  23.9  23.4  23.3  23.7  23.8  23.3  23.1  23.8  23.8  23.2  23.3  24.2  24.1  23.9  23.9  25.3  26.2 
 27.1  26.4  26.6  26.5  25.5  25.5  25.7  25.6  24.7  24.3  24.3  24.5  23.9  23.5  23.8  24.1  23.6  23.4  24.0  24.0  23.4  23.4  23.8  24.2  23.7  23.5  24.5  24.9  25.0  24.6  26.9  27.6 
 26.8  26.5  26.3  26.4  25.5  25.7  25.7  25.1  24.5  24.2  24.6  24.4  23.8  23.6  24.2  24.2  23.5  23.5  23.8  23.8  23.5  23.5  24.2  24.2  23.7  23.9  25.4  25.7  25.5  25.7  27.1  28.4 
