 24.3  24.1  24.5  24.1  24.1  24.1  24.2  24.0  23.9  23.6  23.7  23.9  23.3  23.4  23.6  23.8  23.4  23.1  23.4  23.6  23.1  23.2  23.3  23.6  23.4  23.2  23.6  23.9  23.7  23.4  24.5  25.4 
 24.3  23.7  24.2  24.1  23.8  23.7  24.0  23.9  23.8  23.6  24.0  23.7  23.3  23.4  23.5  23.3  23.1  23.3  23.7  23.4  23.4  23.3  23.4  23.5  23.2  23.2  23.9  23.5  23.7  23.8  24.9  25.1 
 24.0  23.7  24.0  24.1  23.4  23.0  23.6  23.9  23.5  23.3  23.6  23.8  23.3  23.3  23.4  23.7  23.3  23.0  23.4  23.4  23.4  23.2  23.4  23.5  23.4  23.4  23.4  23.7  23.8  24.3  23.8  24.5 
 23.6  23.7  23.9  24.0  23.3  23.2  23.6  23.5  23.5  23.4  24.0  23.7  23.3  23.4  23.4  23.4  23.3  23.3  23.5  23.3  23.2  23.1  23.4  23.3  23.2  23.2  23.9  23.7  24.3  24.9  24.3  24.5 
 23.8  23.4  23.6  23.8  23.4  23.2  23.4  23.9  23.7  24.3  24.6  24.1  23.1  23.1  23.3  23.2  23.1  23.0  23.3  23.3  23.1  23.0  23.3  23.7  23.3  23.2  23.6  23.6  23.5  23.6  23.8  24.3 
 23.6  23.4  23.9  23.5  23.1  23.2  23.7  23.6  24.0  25.2  26.2  24.5  23.0  23.3  23.4  23.2  23.1  23.0  23.4  23.2  23.1  23.1  23.4  23.3  23.4  23.2  23.6  23.5  23.5  23.7  24.1  23.7 
 23.8  23.5  23.4  23.6  23.4  23.0  23.6  23.6  24.7  26.2  28.2  25.3  23.2  23.0  23.1  23.3  23.1  22.8  23.2  23.3  23.2  23.1  23.3  23.4  23.1  23.1  23.3  23.5  23.2  23.1  23.6  23.9 
 23.8  23.9  23.5  23.4  23.2  23.2  23.8  23.5  24.0  24.5  25.2  24.0  23.2  23.1  23.3  23.3  23.2  23.1  23.4  23.2  23.0  23.1  23.6  23.3  23.1  23.1  23.5  23.1  23.1  23.2  23.5  22.7 
 24.1  23.6  23.6  23.8  23.2  23.0  23.5  23.5  23.3  23.2  23.4  23.4  23.2  23.0  23.3  23.3  23.1  23.1  23.1  23.2  23.1  23.1  23.2  23.4  23.2  23.1  23.2  23.5  23.3  22.9  23.3  23.8 
 23.8  23.9  24.0  23.9  23.7  23.4  23.5  23.5  23.3  23.2  23.4  23.3  23.1  23.1  23.2  23.2  23.1  23.1  23.3  23.3  23.1  23.2  23.4  23.2  23.2  22.9  23.5  23.4  23.1  23.3  23.9  23.4 
 24.8  24.7  24.8  25.3  24.9  24.6  24.1  24.0  23.4  23.2  23.2  23.3  23.1  23.1  23.3  23.2  23.2  23.2  23.1  23.2  23.1  23.0  23.1  23.3  23.0  22.8  23.2  23.6  23.3  23.1  23.7  23.8 
 24.8  24.9  25.6  25.7  26.0  26.0  25.9  25.2  23.6  23.4  23.6  23.4  23.1  23.1  23.2  23.2  23.2  23.1  23.2  23.0  23.0  23.2  23.5 nan  23.0  22.9  23.3  23.4  23.4  23.1  23.7  23.6 
 25.3  25.4  26.5  27.3  28.8  29.8  39.0  43.4  43.1  36.7  24.0  23.6  23.3  23.2  23.2  23.3  23.1  23.0  23.3  23.3  23.1  23.0  23.3  23.3  23.0  23.1  23.9  24.1  23.8  23.4  23.7  23.9 
 25.8  26.1  27.2  27.8  30.2  33.0  48.2  55.3  61.0  55.2  26.1  23.9  23.3  23.3  23.3  23.2  23.1  23.2  23.3  23.3  22.9  22.9  23.3  23.1  23.1  23.1  25.6  25.2  23.7  23.4  23.9  23.7 
 26.4  26.3  27.9  28.8  32.7  36.3  56.9  65.9  78.8  75.4  33.0  25.7  23.3  23.0  23.2  23.2  23.1  23.0  23.5  23.3  23.0  23.0  23.2  23.2  23.1  23.1  24.9  25.4  23.7  23.3  23.6  24.0 
 26.2  26.3  28.1  28.7  32.4  36.3  56.0  67.5  87.5  84.1  32.5  25.3  23.4  23.3  23.3  23.2  23.2  23.2  23.1  23.3  23.0  22.9  23.3  23.2  23.1  23.0  23.8  24.3  23.6  23.6  23.8  23.8 
 26.1  26.5  27.7  28.4  30.2  31.7  43.7  53.2  66.4  57.2  26.3  24.2  23.4  23.2  23.4  23.3  23.2  23.1  23.2  23.4  23.2  23.0  23.1  23.4  23.2  23.2  23.4  23.5  23.5  23.7  23.7  23.8 
 26.2  26.2  27.7  28.1  28.8  29.5  36.8  41.0  45.3  39.0  24.6  24.0  23.5  23.6  23.4  23.3  23.2  23.0  23.5  23.3  22.9  23.1  23.3  23.0  23.2  22.8  23.7  23.6  23.5  23.7  24.0  24.1 
 26.5  26.0  27.0  27.3  27.5  27.6  28.9  29.5  28.3  26.7  24.2  24.0  23.4  23.5  23.6  23.8  23.5  23.1  23.5  23.3  23.3  23.0  23.4  23.6  23.3  23.3  23.4  23.6  23.7  23.4  23.9  24.2 
 26.2  26.3  26.6  27.0  26.7  27.0  27.9  27.8  26.7  25.7  24.3  23.8  23.6  23.5  23.6  23.3  23.2  23.3  23.6  23.4  23.1  23.2  23.7  23.6  23.3  23.5  23.7  23.5  23.5  23.9  24.2  24.4 
 26.0  26.0  26.5  26.7  26.2  26.3  26.4  26.5  25.4  24.9  24.2  24.2  23.7  23.4  23.7  23.6  23.4  23.3  23.4  23.7  23.5  23.2  23.6  23.6  23.7  23.2  23.9  24.0  23.8  23.7  24.3  25.1 
 26.2  26.1  26.6  26.4  26.1  25.9  26.2  25.8  24.8  24.8  24.2  24.1  23.6  23.6  23.8  23.7  23.5  23.4  23.9  23.6  23.3  23.4  23.7  23.5  23.2  23.1  23.8  24.0  23.8  23.7  25.6  25.8 
 27.4  26.4  26.2  26.7  25.7  25.2  25.6  25.3  24.6  24.1  24.3  24.3  24.0  23.9  23.9  24.0  23.7  23.5  23.8  23.8  23.5  23.6  24.0  24.0  23.5  23.6  24.5  24.8  24.9  24.4  26.2  27.1 
 27.1  26.5  26.5  26.1  25.5  25.3  25.7  25.3  24.4  24.5  24.5  24.2  23.9  23.9  24.0  23.9  23.6  23.6  23.9  23.9  23.6  23.5  24.2  24.0  23.7  24.0  25.3  25.6  25.5  25.7  26.3  27.9 
