 23.4  22.9  23.0  23.2  22.6  22.5  22.7  22.8  22.3  22.2  22.6  22.6  22.5  22.3  22.4  22.6  22.2  22.2  22.8  22.7  22.3  22.2  22.5  23.0  22.6  22.6  23.3  23.9  23.1  23.4  23.9  24.9 
 23.4  22.7  23.4  23.2  22.8  22.6  22.8  22.8  22.6  22.1  22.6  22.8  22.4  22.3  22.4  22.5  22.4  22.3  22.5  22.6  22.4  22.3  22.7  22.8  22.6  22.7  23.3  24.3  23.5  23.1  24.0  24.3 
 23.1  22.8  23.1  23.0  22.6  22.2  22.7  22.8  22.4  22.2  22.6  22.8  22.2  22.2  22.5  22.3  22.3  22.2  22.6  22.4  22.6  22.4  22.5  22.7  22.6  22.7  23.1  23.4  23.1  23.0  23.4  23.7 
 22.9  22.7  23.2  23.1  22.5  22.4  22.7  22.8  22.7  22.5  22.9  22.5  22.3  22.3  22.5  22.5  22.3  22.2  22.5  22.5  22.5  22.2  22.6  22.6  22.6  22.4  22.9  23.0  22.8  22.8  23.3  23.6 
 22.9  22.8  22.9  23.2  22.2  22.5  22.7  23.1  23.1  23.0  22.8  22.7  22.3  22.3  22.5  22.3  22.3  22.3  22.5  22.5  22.3  22.3  22.3  22.7  22.6  22.3  23.1  22.8  22.7  22.7  23.3  23.5 
 22.9  22.7  23.3  22.9  22.3  22.6  23.0  23.0  23.5  23.6  23.2  22.8  22.5  22.4  22.4  22.6  22.4  22.2  22.7  22.5  22.3  22.1  22.7  22.5  22.7  22.5  22.9  23.0  22.8  22.8  23.5  23.4 
 23.1  22.8  22.8  23.0  22.6  22.5  23.1  23.2  25.0  26.4  24.1  23.2  22.4  22.2  22.4  22.5  22.2  22.4  22.5  22.4  22.4  22.4  22.6  22.8  22.7  22.5  22.7  22.9  22.8  22.6  23.2  23.1 
 22.9  22.8  22.9  22.9  22.8  22.6  23.0  23.1  25.5  26.6  24.3  23.0  22.5  22.4  22.6  22.3  22.3  22.3  22.4  22.5  22.3  22.3  22.7  22.6  22.5  22.5  22.9  22.7  22.8  22.7  23.0  22.6 
 23.4  22.8  23.1  23.1  22.6  22.8  22.8  22.9  23.1  23.1  23.0  22.7  22.4  22.2  22.3  22.7  22.5  22.2  22.5  22.6  22.4  22.3  22.5  22.6  22.6  22.5  22.8  22.9  22.8  22.6  22.6  22.9 
 23.7  23.1  23.5  23.4  22.8  22.6  22.9  22.8  22.9  22.8  22.8  22.7  22.4  22.4  22.7  22.5  22.4  22.4  22.5  22.6  22.4  22.3  22.5  22.6  22.8  22.3  23.0  22.9  22.8  22.7  23.4  23.3 
 23.6  23.8  24.0  23.9  23.4  23.5  23.2  23.2  22.5  22.8  22.7  22.6  22.4  22.5  22.7  22.6  22.5  22.3  22.5  22.5  22.4  22.3  22.6  22.5  22.5  22.6  23.3  23.5  23.5  22.9  23.4  23.2 
 23.7  23.8  24.0  24.5  24.3  24.3  23.8  23.6  22.9  22.8  22.9  22.5  22.4  22.3  22.6  22.5  22.4  22.4  22.5  22.5  22.3  22.2  22.7 nan  22.4  22.6  24.2  24.8  23.8  23.0  23.4  23.3 
 24.3  24.2  25.0  25.6  26.9  27.4  32.7  34.9  33.0  29.4  23.1  23.0  22.5  22.3  22.4  22.6  22.4  22.3  22.6  22.5  22.4  22.4  22.6  22.8  22.6  22.5  23.8  24.4  23.2  23.0  23.3  23.7 
 24.6  24.4  25.7  26.4  28.3  29.9  41.6  48.7  53.4  47.2  24.6  23.3  22.8  22.4  22.6  22.4  22.4  22.3  22.6  22.5  22.6  22.3  22.7  22.5  22.6  22.4  23.3  23.1  23.1  22.8  23.0  23.2 
 24.9  25.1  26.7  27.4  30.4  33.6  54.3  62.9  74.3  71.0  34.3  25.5  22.6  22.5  22.3  22.7  22.5  22.4  22.6  22.5  22.3  22.3  22.6  22.7  22.6  22.6  23.0  23.0  23.1  23.1  23.2  23.3 
 25.2  25.3  26.6  27.5  30.6  34.0  53.2  62.4  78.1  78.8  36.7  25.9  22.7  22.5  22.6  22.7  22.4  22.3  22.6  22.6  22.5  22.3  22.7  22.8  22.6  22.4  22.9  22.9  22.9  22.9  23.4  23.4 
 25.0  25.3  26.6  27.0  29.4  31.4  43.8  53.1  72.5  69.3  29.7  24.3  22.8  22.6  22.5  22.4  22.4  22.4  22.7  22.6  22.5  22.3  22.4  22.8  22.8  22.5  22.9  23.1  22.7  22.9  23.5  23.5 
 25.2  25.1  26.4  26.6  28.4  29.5  36.7  41.7  53.6  49.0  25.7  23.5  22.6  22.6  22.7  22.6  22.5  22.3  22.7  22.8  22.5  22.4  22.7  22.8  22.7  22.6  23.1  23.2  23.0  22.7  23.7  23.4 
 25.3  25.1  26.1  26.4  26.8  26.8  28.4  29.4  29.6  27.8  23.7  23.2  22.7  22.7  22.7  22.7  22.5  22.7  22.8  22.7  22.7  22.4  22.8  22.8  22.5  22.4  23.1  23.2  23.1  23.1  23.3  24.0 
 25.0  25.4  26.0  25.8  26.2  26.3  27.3  27.4  26.9  25.9  23.6  23.3  22.8  22.6  22.9  22.6  22.5  22.4  22.7  22.8  22.6  22.4  22.6  22.9  22.7  22.5  23.2  23.2  23.0  23.2  23.7  23.6 
 25.4  25.0  25.7  26.0  25.4  25.1  25.5  25.8  25.0  24.4  23.5  23.5  22.8  22.6  22.9  22.8  22.4  22.5  22.7  23.0  22.6  22.7  23.1  23.1  22.7  22.6  23.0  23.2  23.3  23.1  24.5  24.8 
 25.2  25.1  25.5  25.3  25.1  24.8  25.3  25.4  24.7  24.2  23.6  23.4  22.8  22.8  22.9  22.8  22.7  22.6  23.0  22.8  22.6  22.7  23.1  23.0  22.5  22.7  23.3  23.4  23.4  23.6  24.7  25.1 
 26.0  25.3  25.4  25.4  24.9  24.5  24.7  24.5  24.0  23.9  23.7  23.4  23.1  22.9  22.9  23.1  22.7  22.7  22.9  23.0  22.9  22.7  22.9  23.3  22.9  22.7  23.6  24.1  24.0  23.7  25.5  25.7 
 26.6  25.6  25.1  25.0  24.7  24.3  24.8  24.6  23.8  23.7  23.5  23.6  22.9  22.9  23.1  22.7  22.9  22.8  23.1  22.9  23.0  22.6  23.2  23.5  23.2  23.3  24.2  24.5  24.1  24.6  26.5  26.4 
