 24.8  24.3  24.5  24.7  24.3  24.3  23.9  24.0  24.0  23.6  23.9  24.0  23.6  23.4  23.6  23.8  23.4  23.3  23.7  23.7  23.4  23.4  23.8  23.7  25.5  26.6  28.5  28.4  28.8  28.5  30.1  30.1 
 24.1  24.3  24.4  24.6  24.1  23.9  23.9  24.2  23.8  24.0  23.8  24.0  23.6  23.7  23.8  23.6  23.3  23.4  23.6  23.6  23.7  23.1  23.7  23.6  25.3  27.0  28.3  28.6  28.4  29.0  30.0  30.0 
 24.2  24.0  24.2  24.1  23.7  23.4  23.8  23.7  23.7  23.6  23.9  23.7  23.6  23.5  23.8  23.7  23.6  23.3  23.5  23.6  23.3  23.2  23.3  23.4  24.5  25.5  28.1  28.4  28.8  28.4  29.8  29.7 
 23.9  23.7  24.2  24.0  23.6  23.4  23.9  23.9  23.6  23.8  24.0  23.8  23.4  23.2  23.7  23.6  23.3  23.3  23.6  23.5  23.3  23.4  23.4  23.7  24.0  24.5  27.3  28.0  28.5  29.0  29.4  29.7 
 23.9  23.9  24.0  23.8  23.4  23.4  23.6  23.9  24.1  24.4  24.4  24.0  23.3  23.2  23.5  23.6  23.4  23.2  23.4  23.4  23.3  23.1  23.7  23.6  23.3  23.4  25.1  26.6  28.3  28.9  29.2  29.2 
 23.6  23.6  24.0  23.7  23.2  23.5  24.1  23.9  24.3  25.2  26.0  24.4  23.2  23.4  23.4  23.3  23.2  23.2  23.5  23.4  23.1  23.2  23.6  23.5  23.6  23.6  24.5  25.7  28.2  29.0  29.8  29.3 
 24.1  23.6  23.9  23.9  23.2  23.3  23.7  23.9  25.1  26.7  28.3  25.3  23.3  23.2  23.4  23.4  23.4  23.2  23.6  23.4  23.4  23.2  23.5  23.7  23.5  23.4  24.9  25.7  28.8  29.5  30.6  30.3 
 24.1  23.9  23.9  24.0  23.5  23.1  23.5  23.7  24.1  24.8  25.3  24.2  23.3  23.2  23.4  23.3  23.3  23.2  23.5  23.6  23.2  23.4  23.7  23.5  23.8  24.7  26.6  27.6  29.8  30.1  30.4  30.1 
 24.3  23.9  24.2  23.8  23.5  23.5  23.6  23.6  23.3  23.3  23.8  23.4  23.3  23.3  23.3  23.5  23.3  23.3  23.5  23.6  23.4  23.3  23.9  24.1  27.3  28.3  30.6  31.2  31.3  31.2  31.0  30.9 
 24.0  24.2  24.3  24.1  23.8  23.6  23.5  23.5  23.2  23.2  23.6  23.5  23.1  23.1  23.4  23.3  23.3  23.2  23.5  23.5  23.3  23.4  24.0  25.2  28.5  29.5  31.5  31.5  31.6  31.7  31.6  31.3 
 24.8  24.5  25.0  25.5  25.0  24.9  24.4  23.9  23.4  23.3  23.4  23.6  23.3  23.3  23.4  23.4  23.3  23.2  23.4  23.4  23.3  23.4  25.3  27.0  30.7  31.0  31.6  31.9  32.2  32.0  31.8  31.2 
 25.0  25.2  25.5  25.8  26.1  26.4  26.0  25.2  23.7  23.6  23.5  23.6  23.2  23.3  23.5  23.3  23.2  23.3  23.4  23.4  23.3  23.3  25.6 nan  30.9  31.2  31.7  31.9  32.5  32.4  30.4  29.8 
 25.8  25.4  27.0  27.4  29.2  30.0  39.0  43.4  42.6  36.4  24.0  23.8  23.3  23.1  23.3  23.4  23.4  23.1  23.5  23.4  23.2  23.1  25.8  28.1  31.4  31.2  31.9  32.2  31.2  31.0  29.0  27.7 
 26.0  26.2  27.3  28.1  30.5  33.1  48.5  55.4  60.8  54.6  25.9  24.1  23.4  23.4  23.4  23.4  23.2  23.3  23.6  23.5  23.3  23.4  25.4  27.6  31.2  31.4  31.9  32.4  31.3  30.7  27.9  27.1 
 26.1  26.6  28.1  28.8  32.9  36.5  57.3  66.3  78.5  75.0  32.6  25.5  23.6  23.2  23.3  23.4  23.5  23.1  23.6  23.5  23.3  23.2  24.0  25.4  29.5  30.5  31.8  31.4  29.5  27.7  26.6  26.1 
 26.0  26.7  28.2  28.8  32.8  36.7  56.6  68.0  87.6  83.6  31.9  25.4  23.4  23.5  23.5  23.3  23.2  23.3  23.5  23.5  23.4  23.2  23.6  24.0  26.7  27.8  29.4  29.0  26.8  26.4  25.8  25.6 
 26.5  26.3  28.2  28.6  30.3  31.9  44.2  53.6  66.4  57.0  26.3  24.4  23.7  23.3  23.6  23.6  23.3  23.3  23.4  23.6  23.5  23.0  23.5  23.4  24.0  24.1  25.1  25.4  24.9  24.8  25.5  25.4 
 26.4  26.6  27.7  28.0  29.1  29.8  37.2  41.5  45.4  39.2  24.8  24.0  23.6  23.4  23.6  23.4  23.3  23.4  23.5  23.7  23.2  23.3  23.5  23.6  23.4  23.7  24.6  24.8  24.8  24.6  25.2  24.9 
 26.9  26.3  27.3  27.4  27.6  27.7  29.2  29.7  28.5  26.7  24.3  24.0  23.6  23.4  23.7  23.6  23.7  23.4  23.6  23.5  23.4  23.1  23.6  23.8  23.5  23.4  23.9  24.3  24.5  24.3  24.8  25.3 
 26.0  26.6  27.1  27.2  27.0  27.3  27.9  28.0  26.8  26.0  24.3  23.8  23.6  23.5  23.8  23.7  23.5  23.3  23.6  23.7  23.4  23.4  23.7  23.8  23.4  23.5  24.0  24.2  23.9  24.5  24.9  25.2 
 26.4  26.0  26.8  26.7  26.5  26.4  26.5  26.5  25.5  24.8  24.4  24.2  23.8  23.6  23.7  23.8  23.8  23.3  23.6  23.7  23.5  23.4  23.8  24.0  23.5  23.4  24.2  24.4  24.3  24.0  25.4  25.9 
 26.4  26.6  26.7  26.5  26.0  26.3  26.3  26.1  25.1  24.7  24.4  24.3  23.7  23.9  23.8  23.9  23.5  23.7  23.7  23.7  23.4  23.7  23.8  24.0  23.6  23.5  24.2  24.4  24.3  24.4  26.3  27.1 
 27.4  26.4  26.4  26.4  26.1  25.4  25.9  25.4  24.8  24.6  24.5  24.5  24.0  23.8  23.9  24.1  24.0  23.5  23.9  24.1  23.8  23.4  24.2  24.1  24.1  23.8  24.7  25.1  25.7  25.4  27.7  28.4 
 27.4  27.3  26.1  26.1  25.6  25.7  25.4  25.4  24.5  24.8  24.6  24.4  24.0  24.0  24.1  24.1  23.9  24.0  24.2  24.0  23.8  23.9  23.9  24.2  23.8  24.2  25.3  25.7  26.5  27.0  28.4  28.9 
