 24.3  23.6  23.3  23.6  23.2  22.8  22.8  22.9  22.7  22.4  22.8  22.8  22.7  22.5  22.7  22.8  22.8  22.6  22.9  22.9  22.9  22.5  23.2  24.1  26.3  27.6  28.4  28.6  28.9  28.6  29.6  30.1 
 24.3  23.2  23.6  23.6  23.4  22.9  22.8  23.2  22.5  22.7  23.0  23.1  22.8  22.4  22.9  22.7  22.6  22.5  22.8  22.9  22.8  22.6  23.0  23.4  26.9  27.0  28.1  28.6  28.8  28.8  30.4  30.5 
 23.6  23.4  23.4  23.3  22.8  22.6  23.1  22.8  22.9  22.7  23.0  22.8  22.6  22.7  23.0  22.8  22.8  22.7  22.9  22.8  22.5  22.9  23.0  23.2  24.9  26.4  28.2  28.6  28.4  29.3  29.3  29.6 
 23.7  23.3  23.3  23.7  22.9  22.7  23.2  23.1  23.1  22.7  23.1  23.1  22.6  22.5  22.7  23.0  22.7  22.6  22.8  22.8  22.8  22.6  23.1  23.1  24.8  25.5  28.1  28.1  29.0  28.4  29.1  29.4 
 23.5  23.5  23.5  23.2  22.9  23.0  23.3  23.2  23.4  23.3  23.1  22.9  22.7  22.7  22.7  22.7  22.6  22.5  22.8  22.8  22.9  22.8  23.1  23.1  23.0  24.3  26.4  27.0  27.9  28.3  29.3  29.3 
 23.3  23.0  23.1  23.6  23.0  22.8  23.2  23.2  23.6  23.7  23.2  23.1  22.9  22.7  22.7  22.8  22.9  22.6  22.8  22.9  22.8  22.7  23.1  23.1  23.2  23.0  24.5  25.4  27.5  27.7  29.6  29.7 
 23.2  23.1  23.0  23.1  22.9  22.7  23.3  23.4  25.5  26.6  24.2  23.3  22.7  22.9  22.8  22.7  22.6  22.7  22.9  22.9  22.8  22.8  23.0  23.0  23.0  22.9  23.5  23.7  25.8  28.7  29.4  29.6 
 23.5  23.3  23.2  23.1  23.0  23.1  23.4  23.6  26.0  27.4  24.6  23.2  22.8  22.7  22.8  22.9  22.8  22.7  22.8  22.9  22.9  22.7  23.2  23.1  23.0  22.8  23.7  23.6  29.1  29.0  30.4  29.5 
 23.7  23.3  23.5  23.3  23.0  23.1  23.3  23.2  23.5  23.5  23.3  22.9  22.8  22.7  22.9  22.8  22.8  22.8  23.0  22.9  22.9  22.9  23.1  23.0  22.9  23.5  24.1  28.1  29.6  30.9  31.5  32.0 
 24.0  23.5  23.8  23.4  23.3  23.0  23.1  23.1  23.1  23.0  22.9  23.2  22.9  22.7  22.8  23.0  22.7  22.8  23.0  23.0  22.9  23.0  23.0  23.1  23.3  22.8  27.6  27.1  30.6  30.4  32.4  32.0 
 24.0  23.8  24.2  24.0  23.9  23.8  23.4  23.4  23.0  22.9  23.0  22.9  22.6  22.7  23.0  22.9  22.7  22.9  23.1  23.0  22.9  22.8  23.1  23.1  22.8  24.4  26.3  29.6  30.3  31.1  32.2  31.4 
 24.0  23.9  24.3  24.8  24.6  24.5  24.0  23.7  23.1  23.0  23.1  23.0  22.7  22.7  22.9  23.1  23.0  22.8  23.0  23.0  22.9  22.8  23.0 nan  23.6  23.3  29.0  28.7  31.1  30.5  31.8  31.6 
 24.6  24.6  25.5  26.0  27.2  27.7  32.7  34.5  32.5  29.0  23.7  23.0  22.8  22.8  23.0  22.9  22.9  22.7  23.1  22.7  22.9  22.7  22.9  23.1  23.0  24.7  27.3  30.5  30.8  31.3  32.4  31.5 
 24.9  24.8  26.2  26.7  28.7  30.2  41.4  48.7  52.8  46.4  24.6  23.5  22.9  22.8  22.8  22.9  22.8  22.6  22.9  23.0  23.0  22.7  23.0  23.1  23.4  23.1  28.6  28.8  31.4  31.1  32.0  31.9 
 25.4  25.3  26.8  27.6  30.7  34.1  55.1  63.2  74.4  70.9  34.5  25.5  23.0  22.7  22.9  22.8  22.8  22.8  23.2  23.0  22.8  22.8  23.1  23.0  22.9  23.1  25.2  28.9  30.8  31.2  32.1  32.3 
 25.8  25.6  27.2  27.9  30.9  34.4  53.7  63.0  78.5  78.9  36.9  26.2  23.1  22.9  22.8  22.8  22.7  22.6  23.0  22.9  22.9  22.8  22.8  23.1  23.0  23.0  25.4  25.7  29.5  30.2  31.1  32.1 
 25.8  25.7  27.0  27.1  29.7  32.1  44.8  53.9  74.0  70.7  30.2  24.5  23.1  22.8  23.0  22.9  22.9  22.8  23.0  23.0  22.9  22.9  23.0  23.0  22.9  23.1  23.5  23.8  25.8  28.3  30.7  29.9 
 25.6  25.6  26.6  27.3  29.1  29.9  37.2  42.6  54.9  50.3  26.0  23.9  23.2  22.9  23.0  23.1  22.9  22.9  23.0  23.0  22.9  22.8  22.9  23.2  23.0  23.1  23.4  23.2  24.5  25.5  27.5  27.4 
 25.7  25.5  26.8  26.9  27.2  27.3  29.0  29.7  30.0  28.4  24.1  23.4  23.0  23.1  23.2  22.9  22.8  22.9  23.0  23.1  23.0  22.9  23.1  23.2  23.1  23.0  23.4  23.4  23.6  23.9  25.1  25.6 
 25.6  25.7  26.3  26.7  26.6  26.4  27.5  27.8  27.2  26.2  23.9  23.7  23.1  23.2  22.9  23.1  23.0  22.9  23.1  23.1  22.9  22.7  23.3  23.2  23.0  23.3  23.4  23.5  23.5  23.6  25.2  25.8 
 25.9  25.7  26.0  25.9  25.9  25.9  26.2  25.9  25.5  24.7  23.8  23.7  23.2  23.2  23.0  23.3  22.8  22.9  23.1  23.2  23.1  22.9  23.4  23.3  23.2  23.2  23.5  23.2  24.1  24.4  25.5  26.4 
 25.5  25.4  25.8  26.1  25.8  25.6  25.7  25.7  25.0  24.3  23.7  24.0  23.1  23.0  23.2  23.5  23.0  22.8  23.1  23.4  23.0  23.1  23.1  23.5  23.2  23.0  23.6  24.0  24.6  25.0  26.3  26.8 
 26.6  26.4  25.9  25.6  25.3  25.0  25.3  25.0  24.7  24.0  23.9  23.7  23.5  23.2  23.5  23.4  23.2  23.1  23.5  23.2  23.3  23.0  23.6  23.7  23.7  23.6  25.3  25.8  26.0  26.0  27.4  27.3 
 26.8  26.2  25.6  25.8  25.2  24.8  24.8  25.1  24.1  24.2  23.9  24.1  23.4  23.2  23.6  23.5  23.3  23.2  23.4  23.5  23.3  23.2  23.9  24.3  24.5  24.8  26.4  26.9  26.5  26.2  27.3  28.6 
