 24.3  23.5  24.0  23.7  23.4  22.6  23.0  23.1  22.9  22.4  23.1  23.1  22.9  22.5  22.8  22.9  22.8  22.7  23.2  22.9  22.8  22.8  26.4  27.5  27.5  26.9  27.8  28.4  28.7  29.1  29.4  30.2 
 23.7  23.4  24.1  23.9  23.1  22.7  22.9  23.1  22.7  22.8  23.0  23.0  22.6  22.6  23.0  22.7  22.8  22.6  22.9  22.9  22.8  22.7  25.6  27.2  27.3  27.6  28.2  28.7  28.5  28.8  29.5  30.0 
 23.5  23.5  23.7  23.2  23.3  22.5  23.0  23.0  22.9  22.7  22.9  22.9  22.6  22.6  22.8  22.9  22.7  22.6  22.7  22.7  22.8  22.6  24.3  25.5  27.3  27.2  28.1  27.9  27.8  27.9  29.5  29.3 
 23.2  23.1  23.5  23.6  22.8  22.8  23.0  23.1  22.8  22.8  23.1  22.9  22.6  22.6  22.7  22.9  22.7  22.4  22.9  22.9  22.8  22.8  23.7  24.9  26.7  27.1  27.7  27.6  28.2  28.8  29.4  29.4 
 23.5  23.1  23.4  23.3  23.0  22.6  23.1  23.2  23.4  23.2  22.9  22.8  22.8  22.4  22.9  22.7  22.6  22.5  22.8  22.8  22.7  22.5  23.0  23.7  25.7  26.3  28.0  28.4  29.1  29.0  29.8  29.8 
 23.3  23.1  23.3  23.3  22.7  23.1  23.2  23.2  23.7  23.9  23.1  22.9  22.7  22.8  22.7  22.7  22.7  22.8  22.8  22.8  22.5  22.7  23.0  23.2  24.6  25.2  27.6  28.5  29.0  29.8  30.2  30.2 
 23.3  23.1  23.3  23.2  23.1  22.8  23.2  23.5  25.6  26.8  24.2  23.3  22.8  22.5  22.8  22.7  22.7  22.6  22.8  22.8  22.9  22.8  23.2  23.1  23.6  23.5  27.2  27.8  29.2  29.0  30.0  30.0 
 23.1  23.1  23.2  23.2  23.0  22.9  23.3  23.8  26.1  27.9  24.9  23.5  22.6  22.5  22.8  22.7  22.7  22.8  22.8  22.8  22.7  22.8  23.1  22.9  23.7  25.3  27.8  29.0  30.2  29.7  29.4  29.1 
 24.0  23.1  23.4  23.2  22.9  22.9  23.2  23.2  23.5  23.5  23.2  23.0  22.7  22.5  22.7  22.8  22.8  22.7  22.9  22.7  22.9  22.8  23.0  23.0  25.5  26.2  29.1  29.3  30.1  30.5  31.0  30.1 
 23.5  23.4  23.4  23.6  22.8  23.0  23.1  23.2  23.1  22.9  23.0  23.1  22.6  22.5  22.6  22.8  22.6  22.9  22.8  23.0  22.7  22.8  23.1  23.3  25.3  26.7  29.3  30.4  30.1  30.9  31.4  30.9 
 23.9  23.5  23.8  23.8  23.6  23.1  23.2  23.0  22.9  22.8  23.0  22.8  22.7  22.5  22.7  22.8  22.8  22.6  22.9  22.8  23.0  22.7  23.0  23.2  24.8  25.7  29.7  30.5  31.3  31.5  30.3  29.2 
 23.7  23.8  23.9  24.2  23.9  23.9  23.8  23.4  23.0  22.9  22.8  22.9  22.6  22.6  22.8  22.8  22.6  22.7  22.9  22.8  22.6  22.7  23.1 nan  24.1  26.4  29.3  30.5  31.6  31.9  30.2  28.2 
 24.4  24.4  25.2  25.6  26.2  26.6  28.9  29.3  27.6  25.8  23.1  22.9  22.9  22.7  22.9  22.8  22.7  22.5  23.0  22.8  22.7  22.7  22.9  22.9  23.4  24.6  29.3  30.2  30.8  30.3  28.6  28.4 
 24.6  24.9  25.7  25.9  27.6  28.6  36.3  41.9  44.2  38.9  23.8  23.4  22.7  22.8  22.9  22.9  22.7  22.6  22.8  22.8  22.6  22.7  23.1  23.2  23.0  23.6  27.3  28.7  30.3  29.2  30.4  29.3 
 25.4  25.1  26.6  27.0  29.9  32.5  51.2  59.6  70.4  66.8  33.7  25.7  23.1  22.6  22.8  22.7  22.8  22.5  22.8  23.0  22.9  22.6  23.0  22.9  23.2  22.9  23.7  24.3  27.8  28.3  30.5  30.1 
 25.5  25.5  26.9  27.7  30.2  33.3  51.9  60.5  75.7  75.1  38.2  26.4  23.0  22.8  22.8  22.9  22.8  22.7  22.9  23.0  22.7  22.8  23.0  22.9  22.9  23.0  23.5  24.1  24.9  27.3  27.3  29.3 
 25.7  25.3  26.9  26.9  29.6  31.8  45.6  55.0  78.3  77.9  33.5  25.4  23.0  22.8  23.0  22.9  22.8  22.7  23.0  23.1  23.1  22.7  23.2  22.9  23.1  22.9  23.4  23.6  24.1  23.5  25.7  24.8 
 25.4  25.4  26.4  27.0  28.6  30.2  38.9  45.0  60.7  58.1  27.8  24.3  23.0  22.9  23.0  23.1  22.8  22.9  23.1  23.1  22.9  22.9  23.2  23.4  23.2  23.2  23.5  23.7  23.5  24.0  24.5  25.4 
 25.7  25.5  26.5  26.7  27.0  27.3  29.4  30.9  32.2  30.1  24.6  23.5  23.2  22.8  23.2  23.1  23.0  22.7  23.0  23.0  23.2  22.9  23.2  23.3  23.3  22.9  23.3  23.5  23.9  23.6  24.1  24.6 
 25.2  25.6  26.2  26.4  26.5  26.5  27.9  28.1  28.1  27.3  24.0  23.5  23.0  22.9  23.3  23.0  23.0  23.0  23.2  23.1  22.9  23.0  23.3  23.2  23.0  23.2  23.7  23.4  23.3  23.7  24.4  24.4 
 25.7  25.2  25.9  25.8  26.1  25.7  26.1  26.1  25.7  24.8  23.9  23.4  23.1  23.0  23.3  23.3  23.0  22.8  23.1  23.1  23.1  22.8  23.3  23.6  23.5  23.0  23.7  23.8  23.7  24.0  25.1  25.4 
 25.6  25.7  26.1  25.8  25.5  25.5  25.8  25.8  25.1  24.9  23.9  23.6  23.0  23.2  23.3  23.4  23.0  23.2  23.3  23.2  23.1  23.0  23.5  23.5  23.1  23.2  23.6  23.8  23.9  24.2  25.2  25.8 
 26.6  25.7  25.8  25.8  25.3  24.9  25.2  24.9  24.6  24.1  23.8  23.9  23.4  23.1  23.2  23.4  23.2  22.9  23.5  23.5  23.6  23.1  23.3  23.8  23.4  23.2  24.3  24.4  24.6  24.7  25.8  27.4 
 26.4  26.2  25.7  26.0  25.2  25.2  25.1  25.1  24.2  24.0  23.8  24.0  23.2  23.4  23.5  23.3  23.2  23.3  23.3  23.5  23.3  23.2  23.7  23.9  23.5  23.7  24.9  25.1  24.5  24.9  26.5  26.9 
