 23.7  23.2  22.9  23.0  22.8  22.6  22.6  22.8  22.4  22.3  22.7  22.5  22.4  22.4  22.3  22.7  22.1  22.5  22.2  22.5  22.5  22.4  22.6  23.0  22.4  22.4  23.1  23.6  23.3  23.3  23.9  25.2 
 22.9  22.8  23.5  23.3  22.9  22.2  22.9  22.7  22.5  22.3  23.0  22.7  22.3  22.1  22.5  22.3  22.3  22.1  22.7  22.4  22.5  22.2  22.6  22.6  22.7  22.6  23.3  24.1  23.6  23.6  24.0  24.0 
 23.2  22.8  23.3  23.3  22.6  22.4  22.8  22.7  22.6  22.4  22.6  22.8  22.3  22.4  22.5  22.5  22.1  22.4  22.4  22.5  22.3  22.3  22.4  22.7  22.6  22.6  22.9  23.1  22.9  22.8  23.3  23.8 
 23.1  22.8  23.5  23.0  22.8  22.4  22.9  22.8  22.6  22.4  22.9  22.5  22.4  22.2  22.5  22.5  22.3  22.3  22.5  22.5  22.2  22.4  22.8  22.5  22.6  22.5  23.1  22.7  22.8  22.9  23.6  23.7 
 23.0  23.0  22.9  23.1  22.5  22.7  22.8  23.2  23.0  23.2  22.7  22.7  22.2  22.3  22.4  22.4  22.3  22.1  22.4  22.5  22.3  22.5  22.4  22.6  22.5  22.5  22.8  22.7  22.6  23.0  23.2  23.4 
 22.7  22.7  23.2  22.8  22.8  22.4  23.0  22.9  23.6  23.6  23.3  22.7  22.4  22.1  22.5  22.3  22.3  22.2  22.6  22.4  22.4  22.2  22.5  22.6  22.6  22.4  22.9  22.9  22.9  22.8  23.5  23.3 
 22.7  22.9  23.1  23.3  22.6  22.6  22.8  23.4  25.2  26.5  24.1  23.1  22.4  22.3  22.4  22.5  22.3  22.3  22.3  22.4  22.3  22.5  22.5  22.7  22.7  22.6  22.6  23.1  22.7  22.7  23.2  23.4 
 23.2  22.6  23.0  22.8  22.6  22.5  23.2  23.3  25.7  27.0  24.4  22.9  22.6  22.3  22.6  22.4  22.4  22.1  22.5  22.4  22.6  22.3  22.9  22.6  22.7  22.3  22.9  23.0  22.7  22.6  22.6  22.7 
 23.0  23.1  23.1  23.0  22.7  22.7  23.0  23.1  23.1  23.2  23.0  22.8  22.5  22.3  22.6  22.4  22.3  22.4  22.4  22.5  22.3  22.4  22.5  22.5  22.5  22.6  22.7  22.7  22.6  22.7  22.9  23.0 
 23.4  23.1  23.5  23.3  23.0  22.7  22.9  22.8  22.8  22.8  22.9  22.7  22.4  22.2  22.4  22.5  22.4  22.2  22.6  22.6  22.5  22.3  22.6  22.5  22.7  22.6  23.1  22.9  22.9  22.8  23.6  23.0 
 23.7  23.5  23.9  24.0  23.7  23.4  23.1  23.1  22.8  22.7  22.8  22.7  22.4  22.4  22.3  22.4  22.3  22.4  22.5  22.5  22.4  22.4  22.5  22.8  22.5  22.4  23.2  23.6  23.4  23.1  23.4  23.2 
 24.0  23.6  24.1  24.2  24.5  24.3  24.0  23.5  22.9  22.7  22.9  22.7  22.5  22.3  22.6  22.6  22.4  22.5  22.6  22.5  22.4  22.4  22.6 nan  22.5  22.4  24.3  25.0  23.7  22.8  23.4  23.5 
 24.3  24.4  25.3  25.8  26.8  27.5  32.8  35.0  32.9  29.3  23.1  23.0  22.5  22.4  22.5  22.6  22.5  22.5  22.4  22.5  22.4  22.5  22.5  22.6  22.4  22.7  23.7  24.3  23.5  23.1  23.1  23.5 
 24.6  24.7  26.0  26.1  28.4  30.0  41.7  49.0  53.6  47.4  24.7  23.2  22.7  22.5  22.8  22.5  22.6  22.3  22.6  22.5  22.4  22.3  22.7  22.4  22.5  22.5  23.1  23.1  23.4  23.1  23.3  23.3 
 24.7  25.3  26.5  27.5  30.5  33.7  54.8  63.2  74.7  71.3  34.4  25.6  22.7  22.5  22.5  22.6  22.6  22.4  22.6  22.7  22.4  22.4  22.7  22.8  22.5  22.4  22.8  22.8  23.0  22.8  23.0  23.6 
 25.3  25.1  26.8  27.4  30.6  33.8  53.4  62.7  78.4  78.8  36.9  25.8  22.7  22.6  22.5  22.5  22.5  22.3  22.7  22.7  22.5  22.3  22.8  22.6  22.6  22.2  22.9  22.9  23.0  23.1  23.5  23.2 
 25.2  25.3  26.5  26.9  29.3  31.5  44.2  53.4  72.6  69.5  29.9  24.3  22.6  22.6  22.5  22.5  22.3  22.3  22.6  22.6  22.6  22.5  22.7  22.6  22.8  22.5  22.8  23.0  23.0  22.9  23.4  23.3 
 25.1  25.1  26.3  26.5  28.6  29.6  36.8  42.0  53.6  49.0  25.7  23.6  22.8  22.6  22.7  22.6  22.6  22.2  23.0  22.6  22.5  22.3  22.8  22.6  22.9  22.4  23.0  22.7  23.1  22.6  23.4  23.5 
 25.5  25.4  26.3  26.3  26.7  26.9  28.3  29.5  29.5  27.9  23.9  23.2  22.6  22.6  22.7  22.8  22.5  22.5  22.7  22.8  22.5  22.5  22.5  22.9  22.6  22.7  23.0  23.2  22.9  23.1  23.4  23.7 
 25.3  25.2  26.0  26.3  26.1  26.1  27.3  27.4  26.9  26.0  23.5  23.1  22.8  22.7  22.8  22.7  22.5  22.3  22.8  22.6  22.7  22.4  22.9  22.7  22.5  22.5  23.2  23.0  23.5  23.1  23.8  23.7 
 25.3  25.3  25.7  25.8  25.3  25.3  25.4  25.6  25.0  24.4  23.4  23.3  22.6  22.8  22.7  22.8  22.4  22.5  22.7  22.8  22.6  22.5  22.9  22.9  22.7  22.4  23.4  23.4  23.3  23.4  24.5  24.8 
 25.1  25.0  25.5  25.5  25.1  25.0  25.5  25.1  24.5  24.2  23.5  23.2  22.9  22.7  22.9  22.8  22.7  22.6  22.8  22.9  22.6  22.7  23.1  22.9  22.5  22.7  23.4  23.3  23.9  23.5  25.0  24.7 
 26.0  25.3  25.0  25.5  24.8  24.9  24.8  24.5  23.8  24.0  23.5  23.4  23.1  22.9  22.8  22.9  22.8  22.6  22.7  22.9  22.7  22.6  23.2  23.2  23.2  23.2  24.2  24.5  24.3  24.8  25.5  26.9 
 26.6  25.4  25.6  25.2  24.9  24.6  24.8  24.6  23.7  23.7  23.6  23.5  23.0  22.8  23.0  23.0  22.7  22.7  23.1  22.8  23.2  22.8  23.2  23.1  23.7  23.5  24.7  25.0  25.0  24.9  26.8  26.7 
