 23.8  23.6  23.8  24.0  23.1  23.3  23.0  23.2  22.3  22.6  22.8  22.9  22.5  22.9  22.8  23.1  22.5  22.9  23.0  22.9  22.5  22.7  23.0  23.6  25.1  26.5  27.9  28.4  29.2  29.6  30.1  31.3 
 23.7  23.2  23.7  23.7  23.3  22.8  23.1  22.9  22.9  22.6  23.1  22.7  22.6  22.4  23.0  22.8  22.6  22.5  23.0  22.9  22.7  22.5  23.0  23.1  24.6  25.3  28.0  28.8  29.6  30.1  31.0  30.7 
 23.1  23.2  23.5  23.3  22.7  22.8  23.0  22.8  22.5  22.8  22.8  22.9  22.4  22.7  22.8  23.0  22.5  22.8  22.7  22.9  22.5  22.8  22.9  23.2  22.9  23.4  25.4  27.0  28.7  29.3  29.8  30.7 
 23.5  23.1  23.3  23.4  23.1  22.4  23.0  23.2  22.8  22.8  23.0  22.8  22.7  22.6  22.8  22.9  23.0  22.3  23.2  22.8  22.6  22.7  23.0  23.0  23.1  22.8  24.9  26.2  28.9  28.6  29.5  29.8 
 23.3  23.4  23.6  23.4  22.9  22.9  23.0  23.1  23.0  23.3  23.0  22.9  22.5  22.6  22.7  22.8  22.5  22.5  22.8  22.8  22.7  22.7  23.0  23.2  22.9  23.5  26.1  28.3  30.1  30.7  31.0  30.8 
 23.3  23.1  23.5  23.3  22.8  22.8  23.2  23.1  23.7  23.6  23.2  23.1  22.7  22.4  22.7  22.7  22.6  22.5  22.9  22.8  23.0  22.7  23.2  23.0  23.4  23.9  27.3  28.2  29.9  30.2  31.2  31.5 
 22.9  23.4  23.0  23.2  22.7  22.9  23.2  23.6  25.4  26.8  23.9  23.4  22.6  22.6  22.7  22.7  22.5  22.5  22.8  22.8  22.7  22.9  23.0  23.0  23.8  25.1  28.6  29.5  30.0  30.7  31.6  31.7 
 23.3  22.9  23.2  23.1  23.1  22.6  23.3  23.4  26.2  27.9  24.7  23.2  22.7  22.6  23.0  22.7  22.8  22.6  22.7  22.7  22.8  22.5  23.0  23.1  23.9  24.6  29.0  29.8  30.8  31.1  31.9  31.1 
 23.2  23.2  23.4  23.2  22.7  22.8  23.2  23.3  23.4  23.6  23.2  22.9  22.6  22.8  22.8  22.9  22.5  22.7  22.9  22.7  22.8  22.8  22.9  23.1  23.5  25.6  29.5  30.3  31.1  31.7  31.4  30.6 
 23.5  23.2  23.5  23.4  23.1  22.7  23.0  23.0  23.1  23.0  23.0  22.9  22.7  22.4  22.8  22.6  22.8  22.6  22.9  22.9  22.9  22.5  23.0  23.0  23.7  24.7  29.7  30.4  31.4  31.5  30.9  29.3 
 23.8  23.7  23.7  24.0  23.3  23.2  23.0  23.2  22.8  22.9  22.8  22.9  22.4  22.7  22.8  22.8  22.8  22.7  22.9  22.9  22.8  22.8  22.9  23.0  23.1  23.9  28.0  29.8  31.0  31.6  29.4  28.2 
 24.0  23.5  23.9  24.0  24.0  23.9  23.6  23.3  23.1  22.7  22.9  22.8  22.9  22.5  22.8  22.6  22.8  22.6  23.0  22.9  22.8  22.7  23.0 nan  22.9  23.0  27.1  28.8  30.9  30.4  29.9  28.9 
 24.2  24.5  25.2  25.6  26.0  26.5  28.9  29.2  27.1  25.7  23.1  23.1  22.6  22.7  22.9  23.0  22.6  22.5  23.0  22.9  22.5  22.5  22.8  23.2  22.9  23.1  24.8  25.6  27.1  29.1  31.3  30.9 
 24.7  24.5  25.6  26.0  27.6  28.6  36.4  41.7  44.0  38.4  24.0  23.2  22.9  22.6  22.8  22.7  22.7  22.4  22.7  22.8  22.8  22.4  23.1  22.8  23.0  22.9  23.6  24.1  25.9  26.5  30.3  30.5 
 24.7  25.4  26.4  27.1  29.6  32.4  51.1  59.4  70.3  66.7  33.3  25.5  22.9  22.7  22.9  22.9  22.7  22.7  22.9  23.0  22.7  22.7  22.9  23.2  22.8  23.0  23.3  23.5  23.5  23.7  25.3  26.9 
 25.6  25.2  26.9  27.3  30.2  33.0  51.7  60.2  75.3  74.9  38.0  26.3  22.9  22.8  22.9  22.7  22.6  22.6  22.8  22.6  22.7  22.5  23.1  23.0  22.8  22.8  23.3  23.3  23.5  23.4  24.3  24.4 
 25.2  25.6  26.7  27.3  29.2  31.9  45.5  55.0  78.0  77.9  33.4  25.3  22.9  22.9  23.0  23.0  22.5  22.9  23.0  23.0  22.8  22.7  22.9  23.1  22.8  23.0  23.4  23.6  23.2  23.4  24.0  24.2 
 25.3  25.2  26.5  26.8  28.7  29.9  38.5  44.8  60.9  57.9  27.7  24.2  23.2  22.8  23.2  23.0  22.9  22.6  22.9  23.1  22.9  22.7  23.1  23.1  23.2  22.8  23.4  23.4  23.5  23.2  24.0  24.1 
 25.5  25.4  26.4  26.5  26.8  27.6  29.3  31.0  32.1  30.4  24.4  23.6  22.9  22.9  23.2  23.2  22.9  23.0  23.1  23.2  22.9  22.9  23.2  23.4  23.1  23.3  23.4  23.6  23.4  23.4  23.7  24.0 
 25.9  25.6  26.3  26.3  26.5  26.5  27.9  28.1  28.2  27.0  23.9  23.3  23.2  23.0  23.2  22.9  23.0  22.6  23.1  23.1  22.9  22.8  23.3  23.3  23.2  23.0  23.5  23.5  23.3  23.3  24.0  24.4 
 25.6  25.5  25.9  26.1  25.6  25.7  26.1  26.2  25.7  25.1  24.0  23.6  23.0  23.2  23.1  23.3  22.8  23.0  23.3  23.0  22.9  23.0  23.3  23.5  23.1  23.2  23.5  23.5  23.5  24.0  24.4  24.8 
 25.7  25.5  25.9  25.6  25.6  25.3  25.8  25.9  25.3  24.5  23.7  23.6  23.1  22.9  23.1  23.2  22.9  22.8  23.1  23.1  23.2  22.9  23.5  23.5  23.2  23.0  23.7  23.6  23.9  23.9  25.2  25.5 
 26.5  25.9  25.6  25.6  24.8  24.9  25.3  25.3  24.6  24.2  23.8  23.9  23.3  23.3  23.3  23.5  22.9  23.1  23.3  23.4  23.0  23.1  23.4  23.5  23.5  23.4  24.1  24.4  24.0  24.6  26.1  27.4 
 27.0  26.1  25.5  25.6  25.2  24.9  24.9  25.0  24.2  24.0  23.9  23.8  23.2  23.0  23.6  23.3  23.3  23.2  23.5  23.4  23.4  23.2  23.7  23.7  23.5  23.5  24.6  24.7  24.5  24.6  26.0  27.3 
