 24.7  23.7  23.7  23.9  23.4  22.9  22.9  23.2  22.9  22.6  23.0  23.1  22.8  22.7  22.9  22.8  23.0  22.7  22.8  23.1  22.8  23.0  23.4  23.5  23.9  24.2  27.3  28.7  30.0  30.2  30.8  31.5 
 24.0  23.7  23.9  23.7  23.4  23.0  23.2  23.1  22.8  22.6  23.1  23.0  23.0  22.6  23.0  22.9  22.9  22.6  23.0  22.9  23.0  22.8  23.4  23.2  24.0  24.6  26.4  28.0  29.8  30.1  30.8  31.0 
 23.8  23.4  23.5  23.4  23.2  22.8  23.2  23.0  23.0  22.9  22.9  22.9  22.8  22.8  22.8  22.9  22.8  22.7  22.7  23.1  22.9  22.8  23.2  23.8  25.6  26.5  29.0  30.3  31.8  31.5  30.7  30.7 
 23.9  23.6  23.7  23.5  22.9  22.9  23.4  23.1  23.1  22.9  23.1  23.0  22.8  22.8  23.0  23.1  22.8  22.8  23.0  22.9  23.0  22.8  23.6  24.4  27.6  28.6  31.3  31.5  32.1  32.0  32.1  31.3 
 23.8  23.6  23.5  23.6  23.0  22.8  23.0  23.1  23.5  23.4  23.0  23.3  22.8  22.8  22.8  23.0  22.7  22.7  22.8  23.0  23.0  22.9  24.4  26.3  29.9  30.9  31.5  31.8  32.3  32.6  31.7  31.1 
 23.5  23.4  23.4  23.2  23.0  23.0  23.2  23.2  23.9  23.9  23.1  22.9  22.8  22.8  22.9  22.8  22.8  22.8  22.9  22.9  23.0  22.8  24.8  26.6  30.8  31.2  31.8  31.8  32.4  32.6  30.6  30.0 
 23.3  23.1  23.1  23.7  22.9  23.0  23.3  23.5  25.5  26.8  24.4  23.6  22.8  22.7  22.8  23.0  22.8  22.9  22.9  23.0  22.9  23.0  25.1  27.4  31.4  31.5  31.4  31.9  31.5  30.5  27.8  27.1 
 23.5  23.3  23.3  23.1  23.0  22.8  23.3  23.6  26.1  27.8  25.1  23.3  22.9  22.8  22.9  22.8  22.9  22.8  23.0  22.8  23.0  22.9  25.4  27.4  31.2  31.4  31.9  31.9  31.3  30.2  26.8  25.4 
 23.5  23.4  23.6  23.3  23.1  23.1  23.2  23.4  23.5  23.6  23.3  23.1  22.7  22.8  22.7  23.0  22.9  23.0  22.9  22.9  23.0  22.9  24.1  26.0  29.8  30.4  31.8  32.2  30.8  28.9  25.8  25.6 
 23.7  23.6  23.7  23.3  23.2  23.1  23.2  23.1  23.1  23.1  23.2  22.9  22.9  22.8  22.9  22.9  22.8  23.0  23.0  23.0  22.9  23.0  23.7  24.8  28.0  28.8  30.4  30.5  27.7  26.8  25.4  25.1 
 23.9  24.1  24.0  24.1  23.8  23.4  23.2  23.3  23.1  22.9  23.0  22.9  22.8  22.7  22.9  23.0  22.8  23.0  22.8  23.1  23.0  23.0  23.1  23.2  23.7  23.5  24.7  25.1  25.1  24.7  24.8  24.7 
 24.0  24.0  24.3  24.2  24.1  23.9  23.8  23.6  23.2  22.9  23.2  23.0  22.8  22.7  23.0  23.0  22.9  22.9  22.9  22.9  22.9  22.7  23.2 nan  23.2  23.2  24.7  25.4  24.9  24.5  24.8  24.5 
 24.4  24.4  25.2  25.6  26.4  26.8  29.3  29.7  27.8  26.2  23.2  23.2  22.8  22.8  22.9  23.2  22.8  22.9  22.9  22.9  22.9  22.8  23.0  23.1  23.1  23.0  24.8  25.6  24.1  23.9  24.2  24.3 
 24.6  24.9  26.0  26.2  27.8  29.1  36.8  42.5  45.2  39.6  24.2  23.3  23.0  22.9  23.1  22.8  23.0  22.8  22.9  22.9  22.7  22.6  23.1  22.9  23.1  22.9  23.9  23.8  23.9  24.0  24.1  24.3 
 25.5  25.6  26.7  27.4  30.1  33.0  51.9  60.6  71.2  67.9  34.3  25.7  23.1  22.8  22.9  23.0  22.9  22.6  22.8  23.1  22.8  22.7  23.0  23.0  23.1  23.1  23.0  23.5  23.5  23.7  23.9  24.1 
 25.6  25.7  27.0  27.5  30.6  33.5  52.7  61.3  76.2  76.0  39.1  26.7  23.2  22.9  23.0  22.9  22.8  22.8  22.9  23.0  23.0  22.8  23.1  23.1  22.9  22.9  23.4  23.3  23.6  23.7  24.0  23.9 
 25.8  25.4  26.9  27.4  29.9  32.0  46.2  55.7  78.8  78.9  34.0  25.5  23.1  23.0  23.0  23.0  22.9  22.9  23.1  23.1  22.9  23.0  23.0  23.1  23.2  22.9  23.4  23.6  23.2  23.5  24.1  24.2 
 25.8  25.9  26.7  26.9  29.0  30.4  39.1  45.4  61.5  58.7  28.2  24.5  23.2  23.0  23.2  23.1  23.0  23.0  23.1  23.0  22.9  23.0  23.2  23.2  23.2  23.0  23.7  23.3  23.7  23.7  24.2  23.9 
 25.8  25.8  26.6  27.0  27.5  27.7  29.6  31.2  32.4  30.7  24.5  23.8  23.1  23.3  23.1  23.3  23.2  23.0  22.9  23.3  23.1  23.0  23.1  23.3  23.2  23.3  23.4  23.8  23.9  23.6  23.8  24.5 
 25.9  26.1  26.7  26.5  26.7  26.9  28.2  28.2  28.2  27.3  24.1  23.6  23.3  23.1  23.3  23.1  23.1  22.8  23.3  23.1  23.1  23.0  23.3  23.3  23.2  23.4  23.6  23.4  23.5  23.6  24.5  24.7 
 25.7  25.5  25.9  26.1  26.1  26.3  26.2  26.5  26.0  25.3  24.0  23.7  23.5  23.2  23.2  23.5  23.0  23.1  23.2  23.4  23.2  23.2  23.4  23.6  23.3  23.1  23.4  24.0  23.8  24.2  24.9  25.3 
 25.4  25.8  26.2  26.0  25.8  25.8  26.1  25.7  25.2  25.1  23.9  23.7  23.4  23.2  23.3  23.4  23.3  23.0  23.4  23.2  23.2  23.2  23.5  23.4  23.6  23.4  23.8  24.0  24.2  24.8  25.9  26.3 
 26.5  26.4  25.7  25.9  25.5  25.2  25.2  25.2  24.8  24.3  23.9  24.0  23.6  23.2  23.4  23.7  23.4  23.0  23.4  23.4  23.4  23.2  23.6  23.8  23.8  23.9  24.8  25.4  25.3  25.4  27.3  27.9 
 28.1  26.1  25.8  25.9  25.2  25.1  25.2  25.2  24.6  24.3  24.1  23.8  23.5  23.5  23.7  23.4  23.2  23.5  23.7  23.3  23.5  23.4  23.8  23.8  24.3  24.6  25.9  26.0  25.8  26.1  27.8  27.9 
