 23.3  22.8  23.3  23.2  22.6  22.7  22.7  22.8  22.4  22.2  22.5  22.7  22.3  22.2  22.4  22.6  22.4  22.2  22.5  22.6  22.5  22.3  22.8  22.8  22.7  22.5  23.0  23.8  23.3  23.3  24.0  25.4 
 23.3  22.6  23.1  23.1  22.7  22.5  22.6  22.7  22.7  22.3  22.7  22.3  22.4  22.3  22.6  22.6  22.2  22.0  22.6  22.5  22.4  22.3  22.8  22.7  22.5  22.4  23.4  24.0  23.3  23.0  24.1  24.1 
 23.3  22.8  22.9  23.0  22.6  22.2  22.5  22.6  22.3  22.4  22.6  22.9  22.3  22.3  22.3  22.5  22.2  22.5  22.5  22.5  22.5  22.3  22.4  22.5  22.4  22.5  22.6  23.2  22.7  22.7  23.1  23.2 
 23.1  22.8  23.3  22.6  22.6  22.2  22.8  22.8  22.6  22.6  22.8  22.6  22.3  22.2  22.4  22.6  22.3  22.0  22.5  22.4  22.4  22.2  22.6  22.5  22.2  22.3  23.2  22.7  22.9  22.9  23.6  23.5 
 22.7  22.9  23.0  23.1  22.6  22.7  22.8  22.8  23.0  23.1  22.7  22.8  22.3  22.2  22.3  22.5  22.3  22.2  22.4  22.3  22.2  22.4  22.6  22.6  22.4  22.3  22.6  22.9  22.5  23.0  22.9  23.6 
 22.9  22.5  22.9  22.7  22.6  22.2  23.0  23.0  23.4  23.6  23.0  22.6  22.4  22.2  22.3  22.5  22.4  22.2  22.5  22.3  22.3  22.2  22.6  22.6  22.7  22.4  22.7  22.8  22.4  22.8  23.1  23.1 
 22.9  23.0  22.8  23.1  22.5  22.6  22.8  23.4  24.7  26.3  24.0  23.3  22.4  22.4  22.3  22.5  22.2  22.2  22.5  22.3  22.2  22.5  22.5  22.7  22.4  22.4  22.6  22.8  22.7  22.4  23.0  23.2 
 23.1  22.6  23.1  23.0  22.9  22.4  23.3  23.2  25.5  26.7  24.2  23.1  22.4  22.2  22.5  22.4  22.3  22.1  22.4  22.4  22.2  22.2  22.7  22.7  22.6  22.4  22.9  22.8  22.8  22.8  23.1  22.2 
 23.2  22.9  23.2  23.0  22.6  22.7  23.0  23.0  22.9  23.3  22.9  22.6  22.4  22.3  22.4  22.5  22.3  22.3  22.5  22.6  22.2  22.3  22.5  22.6  22.4  22.4  22.9  22.8  22.6  22.8  22.9  22.8 
 23.5  23.1  23.2  23.1  22.9  22.6  22.8  22.9  22.9  22.7  22.8  22.7  22.3  22.2  22.5  22.5  22.2  22.1  22.5  22.6  22.4  22.3  22.6  22.4  22.4  22.4  23.1  23.1  22.8  22.7  23.1  23.1 
 23.7  23.7  23.9  23.7  23.5  23.6  23.1  23.0  22.6  22.7  22.7  22.7  22.5  22.4  22.6  22.5  22.4  22.4  22.4  22.6  22.3  22.4  22.4  22.5  22.3  22.5  23.2  23.6  23.1  23.0  23.1  23.3 
 23.8  23.4  24.2  24.4  24.3  24.4  24.0  23.5  22.9  22.6  22.7  22.6  22.5  22.4  22.5  22.6  22.3  22.3  22.4  22.4  22.3  22.4  22.5 nan  22.3  22.4  24.1  24.8  23.7  22.9  23.5  23.1 
 24.4  24.2  25.3  25.8  26.7  27.5  32.5  35.0  33.0  29.3  23.0  22.9  22.5  22.4  22.4  22.5  22.4  22.3  22.6  22.6  22.4  22.4  22.6  22.7  22.6  22.6  23.9  24.4  23.2  23.0  23.4  23.4 
 24.7  24.5  26.0  26.3  28.1  29.9  41.8  48.7  53.6  47.3  24.6  23.1  22.5  22.5  22.7  22.5  22.6  22.4  22.7  22.6  22.5  22.4  22.6  22.6  22.7  22.4  23.1  23.2  23.4  22.9  23.1  23.4 
 25.0  25.1  26.7  27.3  30.4  33.6  54.8  63.1  74.6  71.1  34.4  25.4  22.6  22.4  22.6  22.5  22.5  22.3  22.5  22.6  22.4  22.4  22.6  22.5  22.4  22.6  22.8  22.9  22.8  22.9  23.3  23.5 
 25.3  25.1  26.9  27.4  30.7  34.0  53.5  62.5  78.3  78.9  36.8  25.7  22.7  22.6  22.6  22.6  22.5  22.4  22.5  22.5  22.4  22.3  22.8  22.8  22.6  22.4  22.9  22.8  22.9  22.9  23.5  23.4 
 25.1  25.4  26.6  26.7  29.3  31.5  44.1  53.0  72.5  69.4  29.8  24.3  22.7  22.5  22.6  22.5  22.5  22.3  22.6  22.6  22.4  22.4  22.7  22.6  22.7  22.6  22.9  23.2  23.0  22.8  23.6  23.3 
 25.3  25.1  26.4  26.6  28.4  29.5  36.8  41.9  53.7  49.0  25.8  23.5  22.8  22.4  22.7  22.6  22.4  22.2  22.8  22.5  22.6  22.3  22.6  22.6  22.7  22.4  23.2  22.9  22.9  22.6  23.4  23.5 
 24.9  25.2  26.0  26.6  26.7  27.1  28.4  29.5  29.5  27.7  23.7  23.2  22.5  22.6  22.6  22.6  22.6  22.5  22.6  22.6  22.4  22.4  22.6  22.8  22.6  22.8  22.9  23.0  22.8  22.8  23.2  23.9 
 25.1  25.2  26.1  26.4  26.2  26.0  27.2  27.2  26.8  25.8  23.6  23.2  22.7  22.6  22.8  22.5  22.5  22.4  23.0  22.8  22.5  22.3  22.8  22.6  22.7  22.5  23.1  23.1  22.8  22.9  23.8  24.2 
 25.1  25.1  25.7  25.8  25.2  25.2  25.5  25.8  24.9  24.4  23.4  23.5  22.7  22.6  22.8  22.7  22.4  22.5  22.7  22.9  22.5  22.4  23.0  23.1  22.7  22.8  23.1  23.0  23.2  23.2  24.1  24.6 
 25.1  25.2  25.5  25.1  25.1  25.1  25.2  25.2  24.3  24.1  23.5  23.3  22.9  22.7  22.9  22.8  22.5  22.3  22.9  22.9  22.6  22.6  23.2  23.0  22.8  22.8  23.3  23.3  23.5  23.5  24.8  25.2 
 26.3  25.6  25.0  25.3  24.8  24.6  24.8  24.5  24.0  23.8  23.4  23.5  23.1  23.0  22.9  22.8  22.6  22.7  23.2  22.8  22.8  22.6  23.2  23.3  22.8  22.8  24.1  24.0  24.1  24.2  26.0  27.1 
 26.7  26.0  25.0  25.2  24.7  24.4  24.6  24.5  23.8  23.5  23.5  23.7  22.9  22.7  23.1  22.8  22.8  22.6  22.9  23.0  22.7  22.6  23.1  23.0  23.2  23.4  24.5  24.8  24.4  24.7  26.2  27.0 
