 24.7  24.4  24.5  24.5  24.4  24.2  24.2  24.3  24.1  23.9  23.9  24.1  23.6  23.7  23.6  23.9  23.5  23.5  23.5  23.8  23.6  23.8  23.5  23.7  23.3  23.6  23.8  24.0  23.8  23.9  24.9  25.8 
 24.9  24.6  24.5  24.7  24.2  23.7  24.2  24.3  24.0  23.8  24.2  24.2  23.7  23.4  23.9  23.7  23.7  23.5  23.8  23.8  23.5  23.3  23.7  23.7  23.5  23.6  24.0  24.0  24.0  23.9  25.2  25.2 
 24.0  24.1  24.3  24.2  23.8  23.8  23.9  24.0  23.8  23.8  23.9  24.0  23.5  23.5  23.8  23.7  23.6  23.6  23.5  23.5  23.4  23.5  23.4  23.8  23.5  23.6  23.7  24.0  24.1  24.5  24.3  24.8 
 24.4  23.8  24.5  24.0  23.9  23.4  24.1  24.1  23.9  23.8  24.1  23.9  23.6  23.5  23.8  23.7  23.7  23.2  23.6  23.3  23.5  23.4  23.8  23.5  23.4  23.3  24.0  23.6  24.8  25.0  24.8  24.3 
 23.7  24.2  23.9  24.0  23.8  23.7  23.7  23.9  24.1  24.6  24.6  24.3  23.5  23.3  23.6  23.4  23.3  23.1  23.3  23.6  23.2  23.2  23.6  23.5  23.5  23.4  23.7  23.9  23.4  23.9  24.2  24.2 
 23.7  23.9  24.3  23.8  23.6  23.4  23.8  23.6  24.5  25.3  26.3  24.5  23.4  23.3  23.6  23.6  23.4  23.2  23.5  23.4  23.3  23.0  23.6  23.6  23.5  23.3  23.8  23.8  23.6  23.7  24.2  24.0 
 23.8  24.1  23.8  24.0  23.4  23.4  23.6  23.7  25.0  26.6  28.6  25.6  23.4  23.5  23.4  23.5  23.2  23.3  23.4  23.5  23.3  23.4  23.6  23.5  23.4  23.3  23.4  23.6  23.2  23.8  23.9  24.2 
 24.2  23.7  23.9  23.8  23.6  23.3  23.7  23.7  24.2  24.7  25.5  24.2  23.4  23.2  23.5  23.5  23.4  23.2  23.5  23.4  23.3  23.4  23.8  23.7  23.4  23.4  23.7  23.6  23.5  23.5  23.8  22.9 
 24.2  24.4  24.1  24.1  23.5  23.5  23.6  23.7  23.3  23.5  23.6  23.6  23.2  23.5  23.4  23.4  23.3  23.4  23.5  23.4  23.2  23.3  23.5  23.6  23.3  23.4  23.7  23.5  23.2  23.6  23.6  23.9 
 24.6  23.9  24.5  24.3  23.9  23.6  23.7  23.7  23.4  23.5  23.5  23.6  23.3  23.3  23.4  23.4  23.4  23.2  23.4  23.3  23.4  23.2  23.6  23.5  23.5  23.4  23.6  23.4  23.5  23.2  24.1  24.0 
 24.9  24.9  25.2  25.5  25.1  24.9  24.4  24.1  23.4  23.5  23.7  23.6  23.2  23.4  23.5  23.5  23.3  23.4  23.4  23.6  23.4  23.2  23.4  23.5  23.1  23.2  23.5  23.5  23.5  23.6  23.8  24.1 
 25.0  25.0  25.9  26.1  26.3  26.3  26.1  25.2  23.7  23.7  23.6  23.6  23.4  23.3  23.4  23.4  23.3  23.3  23.4  23.4  23.2  23.2  23.5 nan  23.2  23.0  23.5  23.6  23.5  23.4  24.2  24.2 
 25.9  26.0  26.9  27.5  29.1  30.5  39.2  43.7  43.1  37.2  24.2  23.8  23.4  23.3  23.5  23.5  23.3  23.4  23.5  23.4  23.2  23.2  23.3  23.4  23.5  23.5  24.1  24.1  23.7  23.8  24.0  24.5 
 25.9  26.2  27.6  27.8  30.5  33.0  48.6  55.5  61.2  55.3  26.5  24.2  23.6  23.4  23.5  23.5  23.2  23.3  23.4  23.4  23.3  23.1  23.5  23.5  23.3  23.2  25.5  25.5  24.1  23.7  24.2  23.7 
 26.5  26.7  28.1  28.9  32.7  36.7  57.0  65.9  78.8  75.6  33.2  25.8  23.4  23.5  23.3  23.4  23.4  23.2  23.5  23.5  23.2  23.3  23.6  23.4  23.3  23.3  25.4  25.7  24.0  23.6  24.1  24.3 
 26.8  26.4  28.2  28.8  33.0  36.4  56.3  67.5  87.7  84.1  32.6  25.6  23.7  23.4  23.6  23.5  23.4  23.4  23.4  23.4  23.2  23.2  23.5  23.4  23.2  23.2  24.3  24.6  24.0  23.7  24.2  24.2 
 26.3  26.7  27.9  28.4  30.4  31.9  43.9  53.2  66.4  57.3  26.3  24.5  23.6  23.5  23.5  23.2  23.4  23.3  23.4  23.4  23.4  23.3  23.4  23.5  23.2  23.4  23.6  23.9  23.6  23.9  23.9  24.3 
 26.8  26.4  27.7  27.8  28.9  29.7  36.8  41.3  45.6  39.2  24.9  24.1  23.6  23.5  23.7  23.6  23.5  23.1  23.7  23.5  23.3  23.3  23.4  23.7  23.3  23.1  23.7  23.8  23.9  23.7  24.5  24.4 
 26.5  26.7  27.1  27.6  27.6  27.9  28.9  29.6  28.5  26.8  24.2  24.1  23.5  23.7  23.7  23.8  23.6  23.6  23.5  23.7  23.2  23.4  23.6  23.6  23.4  23.3  23.6  23.8  23.7  24.0  24.1  24.5 
 26.5  26.6  27.2  27.0  27.2  27.0  28.0  28.0  27.0  25.9  24.4  24.2  23.8  23.6  23.9  23.7  23.4  23.4  23.8  23.6  23.4  23.3  23.9  23.6  23.7  23.3  24.0  23.8  23.9  24.0  24.6  24.7 
 26.5  26.4  26.9  27.1  26.5  26.5  26.5  26.5  25.7  25.0  24.4  24.3  23.9  23.7  23.8  23.9  23.6  23.7  23.7  23.8  23.5  23.6  23.6  23.6  23.6  23.6  23.9  24.1  24.0  24.3  25.1  25.7 
 26.3  26.6  26.7  26.5  26.4  26.1  26.3  26.2  25.3  24.7  24.6  24.4  24.2  23.8  24.1  24.0  23.6  23.5  23.9  23.8  23.5  23.4  24.0  24.1  23.5  23.6  24.3  24.2  24.2  24.2  25.7  25.7 
 27.7  27.0  26.3  26.6  25.7  25.7  25.7  25.7  25.0  24.8  24.3  24.6  24.1  24.0  24.0  24.1  24.0  24.0  23.9  24.0  23.6  23.8  24.1  24.1  23.8  23.9  24.8  25.0  25.3  25.1  25.9  28.6 
 28.1  26.9  26.6  26.4  25.9  25.6  25.7  25.5  24.9  24.7  24.6  24.4  24.2  24.0  24.2  24.1  23.9  23.8  23.9  24.0  24.1  23.9  24.6  24.3  24.0  24.0  25.5  25.7  25.6  25.3  27.2  28.0 
