 24.1  23.1  23.5  23.2  22.9  22.6  22.9  22.9  22.6  22.3  22.9  22.8  22.5  22.4  22.6  22.6  22.4  22.3  22.8  22.7  22.5  22.6  22.8  22.9  22.9  22.7  23.8  23.9  23.8  23.6  24.9  25.2 
 23.4  22.9  23.4  23.4  23.1  22.7  22.9  22.8  22.5  22.4  22.6  22.8  22.6  22.3  22.6  22.6  22.3  22.4  22.5  22.5  22.6  22.4  23.0  22.9  22.8  22.6  23.2  24.3  23.7  23.3  24.0  24.8 
 23.2  23.0  23.5  23.0  22.9  22.6  22.7  22.8  22.7  22.7  22.6  22.7  22.5  22.5  22.7  22.6  22.3  22.4  22.5  22.6  22.5  22.4  22.7  22.5  22.6  22.7  23.2  23.3  23.1  23.0  23.9  23.7 
 23.5  23.0  23.2  23.1  22.7  22.6  22.8  23.0  22.8  22.6  22.8  23.0  22.3  22.3  22.5  22.7  22.6  22.0  22.6  22.7  22.6  22.2  22.8  22.8  22.6  22.8  23.2  23.2  23.0  23.2  23.1  24.0 
 23.1  23.2  23.0  23.0  22.7  22.7  22.8  23.0  23.2  23.2  23.0  22.6  22.4  22.4  22.7  22.3  22.3  22.3  22.5  22.5  22.4  22.5  22.8  22.8  22.5  22.8  23.1  23.2  23.0  23.0  23.6  23.3 
 23.3  22.7  23.1  23.2  22.7  22.6  23.0  23.2  23.5  23.7  23.1  23.0  22.4  22.4  22.4  22.5  22.3  22.5  22.5  22.6  22.6  22.3  22.8  22.6  22.7  22.4  22.9  23.0  23.2  22.9  23.4  23.4 
 22.9  23.2  23.1  23.1  22.8  23.0  23.1  23.3  25.1  26.3  24.0  23.2  22.5  22.5  22.7  22.4  22.3  22.3  22.4  22.6  22.4  22.4  22.7  22.8  22.8  22.5  23.0  22.9  22.7  22.7  23.2  23.1 
 23.3  23.1  23.0  23.1  22.9  22.7  23.1  23.4  25.4  26.9  24.5  23.2  22.5  22.4  22.5  22.6  22.3  22.4  22.6  22.6  22.5  22.4  22.8  22.8  22.5  22.6  22.9  23.1  22.8  22.7  23.0  22.7 
 23.2  23.3  23.3  23.0  22.7  22.7  22.9  23.1  23.3  23.4  23.2  22.8  22.5  22.6  22.5  22.7  22.5  22.5  22.6  22.5  22.7  22.4  22.8  22.8  22.6  22.7  22.9  22.9  22.9  22.8  23.4  23.2 
 23.4  23.0  23.5  23.4  23.0  22.8  23.0  23.0  22.9  22.9  22.8  22.8  22.4  22.3  22.6  22.8  22.4  22.4  22.6  22.6  22.4  22.4  22.6  22.9  22.5  22.5  23.0  23.0  22.9  22.7  23.3  23.3 
 23.7  23.8  24.0  23.9  23.7  23.8  23.4  23.0  22.9  23.0  22.7  22.7  22.6  22.4  22.7  22.7  22.5  22.6  22.6  22.7  22.4  22.6  22.7  22.6  22.7  22.6  23.4  23.7  23.6  23.2  23.3  22.9 
 23.7  23.8  24.2  24.6  24.5  24.6  24.0  23.7  23.0  22.8  22.8  22.8  22.7  22.6  22.7  22.7  22.4  22.4  22.5  22.7  22.4  22.4  22.7 nan  22.5  22.5  24.2  24.9  23.8  23.3  23.4  23.5 
 24.4  24.1  25.3  25.5  27.1  27.4  32.5  34.9  33.1  29.4  23.3  23.0  22.8  22.7  22.8  22.5  22.4  22.6  22.8  22.6  22.4  22.5  22.8  22.6  22.7  22.8  23.9  24.4  23.3  23.2  23.6  23.3 
 24.8  24.7  25.9  26.6  28.4  30.1  41.6  48.8  53.5  47.4  24.7  23.2  22.7  22.7  22.7  22.8  22.4  22.4  22.6  22.6  22.5  22.4  22.7  22.8  22.6  22.7  23.2  23.4  23.5  23.2  23.3  23.6 
 25.4  25.4  26.7  27.2  30.5  33.7  54.6  62.9  74.2  71.0  34.3  25.6  22.9  22.7  22.8  22.7  22.6  22.5  22.7  22.6  22.7  22.5  22.8  22.8  22.6  22.6  23.0  22.9  23.1  23.2  23.4  23.4 
 25.3  25.4  26.8  27.7  30.7  34.0  53.1  62.4  78.1  78.7  36.8  26.1  22.8  22.7  22.6  22.7  22.5  22.5  22.7  22.7  22.5  22.5  22.7  22.8  22.8  22.5  22.9  23.0  22.9  23.1  23.4  23.4 
 25.2  25.4  26.5  27.0  29.3  31.5  44.0  53.0  72.5  69.4  29.8  24.3  22.7  22.8  22.7  22.6  22.4  22.6  22.6  22.8  22.5  22.6  22.8  22.6  22.9  22.7  23.0  23.1  23.0  23.0  23.5  23.3 
 25.3  25.3  26.5  26.7  28.6  29.5  36.8  41.9  53.6  49.1  25.6  23.7  22.8  22.6  22.8  22.8  22.6  22.4  22.7  22.8  22.6  22.6  22.8  23.0  22.7  22.6  23.2  23.3  22.8  22.9  23.6  24.1 
 25.2  25.4  26.3  26.2  26.9  27.2  28.7  29.3  29.6  28.1  23.9  23.3  22.7  22.7  23.0  22.8  22.6  22.5  22.8  22.8  22.6  22.4  23.1  23.0  22.8  22.8  23.3  23.1  23.1  23.0  23.5  23.9 
 25.2  25.6  26.0  26.4  26.2  26.2  27.4  27.3  26.9  26.1  23.7  23.3  22.7  22.7  22.8  22.8  22.6  22.5  22.8  22.7  22.7  22.6  22.9  23.2  22.8  22.7  23.0  23.3  23.2  23.1  23.9  24.5 
 25.2  25.1  25.6  25.3  25.5  25.6  25.9  25.7  25.0  24.7  23.5  23.5  22.9  22.8  22.9  22.9  22.7  22.6  22.8  22.9  23.0  22.7  23.3  23.0  22.9  22.9  23.4  23.2  23.0  23.6  24.2  24.5 
 25.4  25.2  25.4  25.6  25.2  25.1  25.2  25.5  24.6  24.3  23.7  23.6  22.9  22.8  22.9  23.0  22.6  22.7  23.0  23.1  22.6  22.6  23.1  23.2  22.7  23.0  23.3  23.8  23.7  23.6  24.9  25.7 
 26.2  25.7  25.5  25.3  25.0  24.6  24.9  24.7  24.3  23.9  23.7  23.8  23.0  23.0  23.3  23.0  22.8  22.9  23.3  22.9  23.0  22.8  23.3  23.4  23.2  23.2  23.9  24.1  24.3  24.1  25.9  26.6 
 27.2  25.8  25.3  25.4  24.9  24.9  24.8  24.9  23.9  23.8  23.5  23.7  23.2  23.0  23.1  23.2  22.9  22.9  22.9  23.2  23.0  22.9  23.2  23.5  23.5  23.2  24.1  24.5  23.7  24.3  26.5  27.9 
