 23.4  23.1  23.2  23.4  23.3  23.1  23.6  23.4  23.3  23.2  23.2  23.4  23.1  23.0  23.1  23.5  23.3  23.2  23.3  23.6  23.4  23.4  23.4  23.7  23.6  23.5  23.9  23.9  24.0  23.6  24.7  25.6 
 23.0  22.7  23.4  23.3  23.6  23.3  23.5  23.4  23.1  23.3  23.5  23.6  23.1  23.1  23.4  23.5  23.3  23.1  23.3  23.5  23.3  23.3  23.7  23.5  23.6  23.6  23.7  24.3  23.7  23.7  24.9  24.8 
 22.7  22.5  23.0  23.2  23.5  23.2  23.6  23.3  23.2  23.2  23.2  23.2  23.1  23.2  23.3  23.3  23.2  23.1  23.4  23.5  23.3  23.2  23.5  23.5  23.5  23.5  23.7  23.9  23.8  23.5  24.4  24.4 
 22.8  22.8  23.1  23.5  23.5  23.5  23.8  23.6  23.2  22.8  23.5  23.3  23.0  23.1  23.3  23.2  23.1  23.1  23.4  23.3  23.3  23.3  23.5  23.6  23.3  23.3  24.0  24.0  23.6  23.6  24.3  24.2 
 23.1  23.3  23.2  23.8  23.6  23.5  23.4  23.5  23.2  23.2  23.1  23.2  23.4  23.0  23.2  23.2  23.2  23.1  23.4  23.3  23.3  23.2  23.4  23.5  23.3  23.3  23.7  23.6  23.6  23.7  24.0  24.0 
 23.0  22.9  23.6  23.5  23.3  23.3  23.6  23.4  23.2  23.0  23.2  23.3  23.2  22.9  23.2  23.3  23.1  23.1  23.4  23.3  23.3  23.1  23.4  23.3  23.6  23.1  23.6  23.8  23.5  23.6  23.8  23.8 
 23.1  23.0  23.3  23.4  23.4  23.2  23.4  23.3  23.3  23.0  23.2  23.3  23.2  23.0  23.2  23.1  23.1  23.0  23.1  23.4  23.2  23.1  23.2  23.3  23.4  23.0  23.5  23.6  23.6  23.5  23.8  23.6 
 23.4  23.0  23.4  23.6  23.5  23.3  23.5  23.5  23.3  23.1  23.4  23.4  23.1  23.1  23.2  23.2  23.1  23.2  23.0  23.2  22.9  23.0  23.3  23.2  23.2  23.3  23.6  23.6  23.6  23.6  23.7  23.0 
 23.6  23.3  23.5  23.4  23.5  23.3  23.5  23.5  23.1  23.0  23.3  23.3  23.2  23.1  23.2  23.2  23.1  23.0  23.3  23.2  23.1  23.1  23.3  23.5  23.4  23.3  23.5  23.4  23.5  23.4  23.8  23.9 
 23.6  23.6  23.6  23.7  23.4  23.2  23.6  23.4  23.2  23.2  23.3  23.4  23.0  22.9  23.1  23.2  23.1  23.1  23.4  23.4  23.0  23.0  23.5  23.4  23.5  23.2  23.6  23.8  23.4  23.3  23.8  23.8 
 23.6  23.7  23.6  23.8  23.4  23.3  23.5  23.7  23.2  23.3  23.3  23.3  23.4  23.1  23.4  23.2  23.0  23.0  23.4  23.1  23.2  23.1  23.3  23.3  23.3  23.1  23.3  23.6  23.6  23.3  23.9  23.9 
 23.4  23.5  23.8  23.6  23.3  23.3  23.5  23.4  23.3  23.0  23.4  23.2  23.2  23.1  23.1  23.3  23.0  23.1  23.1  23.3  23.1  23.2  23.5 nan  23.3  23.2  23.5  23.8  23.3  23.3  23.9  23.9 
 23.7  23.4  23.8  23.6  23.4  23.2  23.5  23.4  23.3  23.3  23.2  23.3  23.2  23.1  23.3  23.3  22.9  23.1  23.2  23.2  23.1  23.1  23.4  23.5  23.4  23.3  23.7  23.5  23.4  23.5  24.0  23.9 
 23.6  23.5  23.6  23.8  23.3  23.4  23.6  23.5  23.3  23.2  23.4  23.5  23.3  23.3  23.3  23.3  23.2  23.1  23.3  23.3  23.2  23.1  23.5  23.5  23.4  23.3  23.5  23.6  23.4  23.4  23.9  23.9 
 23.6  23.6  23.9  23.8  23.5  23.3  23.6  23.5  23.5  23.3  23.4  23.5  23.2  23.4  23.3  23.3  23.2  23.1  23.4  23.4  23.3  23.1  23.6  23.4  23.5  23.5  23.7  23.6  23.6  23.4  23.8  24.1 
 23.7  23.5  23.6  23.7  23.4  23.3  23.6  23.6  23.3  23.4  23.5  23.4  23.2  23.4  23.3  23.2  23.2  23.1  23.4  23.4  23.1  23.1  23.6  23.3  23.2  23.4  23.7  23.6  23.4  23.4  23.9  24.0 
 23.9  23.5  23.8  23.6  23.3  23.2  23.6  23.5  23.4  23.2  23.4  23.5  23.3  23.3  23.5  23.4  23.1  23.2  23.4  23.3  23.4  22.9  23.2  23.4  23.5  23.2  23.7  23.6  23.5  23.5  24.2  24.1 
 23.9  23.5  23.8  23.7  23.4  23.5  23.8  23.6  23.4  23.3  23.4  23.5  23.3  23.4  23.4  23.3  23.2  23.3  23.6  23.5  23.2  23.3  23.4  23.3  23.4  23.2  23.5  23.8  23.9  23.4  24.2  24.3 
 23.9  23.7  23.9  23.9  23.6  23.4  23.6  23.9  23.6  23.4  23.7  23.5  23.4  23.3  23.5  23.5  23.3  23.3  23.4  23.7  23.6  23.1  23.7  23.7  23.6  23.3  23.7  23.7  24.0  23.6  24.1  24.2 
 24.0  23.8  24.0  24.0  23.6  23.4  23.9  23.7  23.6  23.3  23.7  23.7  23.3  23.4  23.5  23.3  23.3  23.2  23.4  23.4  23.3  23.2  23.7  23.9  23.3  23.4  23.7  23.8  23.7  23.5  24.1  24.5 
 24.1  24.0  24.0  24.0  23.8  23.6  23.8  24.0  23.6  23.4  23.7  23.6  23.4  23.4  23.4  23.7  23.4  23.3  23.6  23.6  23.4  23.3  23.5  23.8  23.6  23.3  23.9  23.9  23.5  23.7  24.5  24.8 
 24.1  24.0  24.1  23.9  23.4  23.4  23.7  23.9  23.4  23.4  23.7  23.7  23.3  23.3  23.6  23.6  23.3  23.4  23.7  23.7  23.4  23.2  23.5  23.6  23.4  23.3  23.9  24.0  23.8  24.0  24.7  25.7 
 25.0  24.2  24.5  24.4  23.7  23.8  23.8  24.0  23.7  23.4  23.7  23.8  23.5  23.2  23.7  23.8  23.4  23.3  23.5  23.7  23.7  23.4  23.8  23.9  23.6  23.5  24.2  24.1  24.2  23.9  25.2  25.7 
 25.1  24.6  24.0  24.4  23.8  23.9  24.4  24.1  23.6  23.7  23.8  23.8  23.4  23.4  23.5  23.5  23.5  23.4  23.7  23.7  23.4  23.7  23.8  24.1  23.7  23.6  24.3  24.4  23.9  24.6  26.6  27.4 
