 24.1  23.8  23.8  23.8  22.9  23.0  23.2  23.2  22.7  22.7  23.2  23.5  22.7  22.5  22.9  22.9  22.6  22.5  23.0  23.2  22.9  22.8  24.0  26.0  27.3  27.8  29.3  29.6  29.4  29.6  30.9  31.0 
 23.8  23.2  23.8  23.8  23.1  22.9  23.2  23.1  22.9  22.7  23.2  23.2  22.6  22.6  23.2  22.9  22.7  22.5  23.0  23.1  22.9  22.6  23.9  25.1  27.4  27.8  29.2  29.0  29.7  30.0  30.5  30.5 
 23.3  23.1  23.5  23.4  23.0  22.7  23.0  23.1  22.7  22.6  22.9  22.9  22.5  22.5  22.9  23.0  22.6  22.7  22.9  22.8  22.9  22.7  23.1  23.9  26.8  27.7  29.2  29.6  29.4  29.1  30.0  30.0 
 23.6  23.1  23.6  23.5  22.9  22.4  23.3  23.3  23.0  22.8  23.3  23.1  22.6  22.4  23.1  22.9  22.7  22.5  23.0  22.9  22.8  22.8  23.3  23.2  25.6  26.4  29.1  29.2  29.6  29.5  30.3  30.3 
 23.5  23.6  23.0  23.2  23.0  22.9  22.9  23.2  23.2  23.4  23.1  23.2  22.6  22.6  22.9  22.8  22.7  22.5  22.9  23.0  22.9  22.7  23.1  23.2  23.5  24.1  27.4  28.4  29.2  29.4  30.3  30.7 
 23.3  23.3  23.6  23.3  23.1  22.7  23.4  23.3  23.7  23.8  23.4  23.0  22.8  22.7  22.9  23.0  22.7  22.6  23.0  23.0  23.0  22.7  23.3  23.1  23.7  24.3  27.6  28.6  29.3  29.5  30.3  30.0 
 22.9  23.0  23.3  23.3  22.6  23.0  23.3  23.4  25.4  26.7  24.3  23.5  22.8  22.6  22.8  22.9  22.7  22.7  22.9  22.9  22.8  22.8  23.2  23.5  26.4  27.8  30.4  31.2  31.7  31.0  30.8  30.5 
 23.4  23.2  23.3  23.2  23.1  22.8  23.4  23.5  26.0  27.6  24.8  23.5  22.8  22.7  22.8  22.8  22.9  22.6  22.9  23.0  22.8  22.9  23.4  23.7  27.2  28.4  30.8  31.3  31.9  31.9  31.9  30.4 
 23.4  23.2  23.3  23.3  22.9  23.0  23.1  23.4  23.5  23.5  23.3  23.1  22.9  22.6  22.8  22.8  22.7  22.6  23.0  22.9  22.9  22.8  23.3  24.2  28.2  29.5  31.4  31.9  31.8  31.9  32.4  32.5 
 23.6  23.2  23.4  23.3  23.0  22.9  23.2  23.0  22.9  23.0  23.1  23.1  22.7  22.6  23.0  22.8  22.8  22.7  23.0  23.1  22.9  22.8  23.3  24.2  28.0  28.9  31.8  32.1  31.8  31.6  32.9  32.4 
 23.8  23.7  24.0  23.8  23.5  23.3  23.1  23.3  22.8  22.9  22.9  23.0  22.7  22.8  22.9  23.1  22.9  22.8  23.1  23.1  22.8  22.9  23.2  23.6  27.1  28.8  30.7  31.1  31.8  31.9  31.4  30.4 
 23.9  23.8  24.2  24.0  24.2  23.6  23.8  23.4  23.0  22.9  23.0  23.0  22.8  22.6  22.9  23.0  22.8  22.7  23.1  23.1  22.8  22.9  23.3 nan  26.5  28.0  31.0  31.2  31.6  31.5  30.1  28.7 
 24.5  24.2  25.4  25.7  26.1  26.6  29.5  30.2  27.8  26.1  23.2  23.2  22.8  22.8  22.9  22.9  22.9  22.8  22.9  23.0  22.8  22.6  23.1  23.2  23.6  25.2  28.6  29.3  29.7  29.6  28.7  27.7 
 24.5  24.8  25.9  26.3  27.9  28.8  37.5  43.1  45.4  39.5  24.1  23.4  22.9  22.7  22.9  22.9  22.8  22.7  23.0  23.0  22.7  22.5  23.1  23.1  23.4  23.4  25.9  26.1  28.4  29.4  29.7  28.2 
 25.3  25.4  26.6  27.3  30.2  33.0  52.8  61.3  71.3  67.7  33.5  25.7  22.8  22.8  22.9  23.0  22.7  22.7  23.0  23.2  22.7  22.6  23.0  23.1  22.9  22.9  23.5  23.7  27.2  28.8  31.6  30.7 
 25.7  25.3  27.4  27.7  30.6  33.7  53.3  61.9  76.6  76.0  37.8  26.3  23.0  22.9  23.1  23.0  22.7  22.5  22.9  23.0  22.7  22.5  23.1  23.2  22.8  22.9  23.6  23.7  26.3  28.9  32.1  31.9 
 25.4  25.8  27.1  27.4  30.0  32.5  46.6  56.4  78.8  77.8  33.0  25.3  22.9  22.8  23.0  23.0  22.9  22.7  23.2  23.2  22.8  22.8  23.0  23.0  23.0  23.1  23.4  23.8  25.9  27.4  31.6  31.5 
 25.6  25.5  26.7  27.1  29.2  30.2  39.3  45.6  61.0  57.5  27.6  24.4  23.0  22.8  23.1  23.1  22.9  22.7  23.1  23.2  22.8  23.0  23.2  23.4  23.0  23.0  23.5  23.4  24.2  25.7  28.6  29.4 
 25.6  25.7  26.8  27.2  27.1  27.6  29.6  31.0  32.0  30.1  24.5  23.8  23.0  22.9  23.3  23.3  23.0  23.0  23.1  23.3  23.0  22.7  23.2  23.3  23.1  23.1  23.4  23.4  23.6  23.4  25.0  25.7 
 25.8  25.7  26.7  26.8  26.5  26.6  28.2  28.4  28.1  27.1  24.2  23.6  23.1  23.0  23.5  23.1  22.9  22.7  23.3  23.2  22.9  22.9  23.4  23.3  23.1  23.1  23.8  23.8  23.4  23.7  24.7  25.6 
 25.6  25.9  26.1  26.0  26.0  26.1  26.5  26.4  25.8  25.0  23.9  23.8  23.2  23.1  23.4  23.3  22.8  22.9  23.1  23.3  22.9  22.9  23.5  23.5  23.2  23.1  23.5  23.9  23.5  23.9  25.6  25.9 
 25.7  25.3  26.1  26.2  25.8  25.4  25.8  25.9  25.2  24.6  24.0  23.9  23.1  23.1  23.5  23.3  23.0  22.8  23.4  23.3  22.9  22.9  23.5  23.6  23.0  23.1  23.8  24.1  24.5  24.3  26.0  27.3 
 26.8  26.2  25.6  25.9  25.2  25.0  25.4  25.3  24.7  24.3  24.0  24.1  23.4  23.4  23.6  23.6  23.4  23.1  23.6  23.3  23.4  23.2  23.7  23.5  23.5  23.4  25.1  25.6  25.4  25.0  27.8  28.4 
 27.3  25.9  26.1  26.0  25.3  25.0  25.4  25.1  24.3  24.1  24.2  24.0  23.6  23.2  23.5  23.6  23.4  23.3  23.6  23.5  23.6  23.0  24.0  23.7  24.0  24.4  25.9  26.3  25.7  25.4  27.4  28.4 
