 23.4  23.1  23.2  23.2  22.8  22.5  22.9  22.8  22.5  22.5  22.8  22.6  22.3  22.3  22.5  22.6  22.3  22.2  22.4  22.6  22.3  22.3  22.8  22.8  22.4  22.4  23.3  23.7  23.6  23.0  24.1  25.6 
 23.2  22.9  23.2  23.2  23.1  22.4  23.0  22.7  22.3  22.4  22.7  22.7  22.4  22.2  22.4  22.7  22.2  22.2  22.7  22.4  22.3  22.3  22.6  22.7  22.4  22.3  23.3  24.1  23.5  23.3  24.0  24.3 
 23.2  23.0  23.1  23.0  22.6  22.4  22.7  22.8  22.2  22.6  22.6  22.7  22.3  22.3  22.6  22.3  22.4  22.1  22.4  22.4  22.4  22.3  22.7  22.5  22.3  22.4  23.1  23.0  23.2  22.8  23.2  23.9 
 22.9  22.5  22.9  23.1  22.4  22.2  22.8  22.7  22.6  22.6  22.8  22.6  22.4  22.2  22.4  22.8  22.4  22.2  22.5  22.6  22.3  22.4  22.6  22.8  22.5  22.5  22.8  23.0  22.8  22.9  23.5  23.8 
 23.1  23.1  23.1  23.0  22.3  22.7  22.7  22.9  23.1  22.8  22.8  22.8  22.4  22.3  22.4  22.5  22.3  22.4  22.6  22.5  22.4  22.2  22.8  22.6  22.4  22.4  22.9  22.8  22.9  22.7  23.3  23.3 
 22.9  22.9  23.0  22.9  22.5  22.5  23.0  23.0  23.4  23.7  23.0  22.8  22.4  22.2  22.6  22.6  22.4  22.3  22.6  22.5  22.3  22.3  22.6  22.7  22.6  22.6  22.8  22.7  22.9  22.9  23.2  23.2 
 22.9  22.8  22.8  22.8  22.5  22.5  23.0  23.4  24.9  26.1  24.1  23.1  22.5  22.4  22.3  22.5  22.1  22.3  22.4  22.5  22.4  22.3  22.6  22.6  22.5  22.4  22.7  22.8  23.0  22.4  23.2  22.9 
 23.0  22.8  23.0  22.9  22.9  22.7  23.2  23.5  25.3  26.6  24.4  23.0  22.4  22.3  22.4  22.5  22.3  22.2  22.4  22.5  22.3  22.3  22.6  22.7  22.6  22.6  22.9  22.8  22.6  22.4  22.8  22.2 
 23.4  23.1  23.1  23.1  22.6  22.6  23.0  23.2  23.2  23.3  23.1  22.7  22.4  22.3  22.4  22.5  22.3  22.3  22.6  22.5  22.2  22.3  22.6  22.7  22.5  22.4  22.8  22.9  22.7  22.8  22.9  22.9 
 23.2  23.1  23.3  23.1  22.9  22.7  22.9  22.9  22.8  22.9  22.8  22.8  22.4  22.3  22.6  22.4  22.3  22.3  22.5  22.6  22.3  22.4  22.5  22.7  22.7  22.5  22.8  23.0  22.8  22.7  23.4  23.0 
 23.7  23.8  24.0  24.0  23.8  23.6  23.2  23.1  22.6  22.7  22.7  22.7  22.4  22.4  22.6  22.4  22.4  22.3  22.5  22.3  22.4  22.3  22.5  22.6  22.6  22.6  23.4  23.6  23.4  23.1  23.1  23.2 
 23.8  23.4  24.0  24.3  24.4  24.5  24.1  23.6  23.0  22.8  22.8  22.8  22.5  22.3  22.6  22.5  22.5  22.3  22.4  22.6  22.5  22.4  22.6 nan  22.4  22.5  24.0  25.1  23.8  22.7  23.2  23.0 
 24.3  24.1  25.4  25.9  26.9  27.5  32.7  34.9  33.1  29.3  23.3  22.8  22.5  22.4  22.6  22.5  22.5  22.3  22.8  22.5  22.4  22.2  22.7  22.6  22.6  22.5  23.9  24.4  23.3  22.8  23.3  23.3 
 24.6  24.6  26.0  26.5  28.4  30.0  41.6  48.8  53.5  47.4  24.6  23.2  22.5  22.4  22.7  22.6  22.4  22.3  22.5  22.7  22.4  22.4  22.7  22.6  22.7  22.5  22.8  23.3  23.3  23.2  23.2  23.2 
 24.8  25.3  26.7  27.1  30.5  33.6  54.5  63.0  74.4  71.1  34.3  25.5  22.7  22.5  22.5  22.6  22.5  22.4  22.6  22.6  22.5  22.3  22.8  22.7  22.6  22.5  22.8  22.9  22.8  22.8  23.2  23.3 
 25.3  25.0  26.8  27.6  30.7  33.8  53.3  62.4  78.2  78.8  36.8  25.7  22.7  22.5  22.6  22.7  22.3  22.3  22.6  22.6  22.4  22.4  22.8  22.8  22.6  22.5  22.9  22.8  22.9  22.7  23.5  23.6 
 25.2  25.3  26.5  26.9  29.3  31.6  43.9  53.0  72.7  69.4  29.8  24.4  22.7  22.6  22.6  22.5  22.7  22.3  22.5  22.6  22.4  22.4  22.7  22.8  22.8  22.6  22.9  23.1  22.7  22.9  23.5  23.5 
 25.2  25.1  26.1  26.5  28.7  29.5  36.8  41.7  53.6  49.1  25.8  23.7  22.9  22.7  22.8  22.7  22.5  22.4  22.7  22.8  22.5  22.4  22.7  22.8  22.5  22.6  23.0  23.1  23.0  22.8  23.7  23.9 
 25.2  25.1  26.3  26.5  26.8  26.7  28.5  29.3  29.6  27.7  23.9  23.2  22.9  22.7  22.8  22.7  22.5  22.5  22.7  22.7  22.4  22.5  22.9  22.8  22.8  22.5  22.8  23.3  22.9  23.1  23.5  24.0 
 25.2  25.4  25.9  26.2  26.3  26.1  27.3  27.2  26.9  26.1  23.7  23.1  22.8  22.6  22.7  22.8  22.5  22.5  23.0  22.6  22.6  22.5  22.6  22.9  22.7  22.9  23.3  23.0  22.9  22.8  23.5  24.1 
 25.4  25.3  25.6  25.8  25.5  25.3  25.4  25.6  24.9  24.5  23.6  23.3  23.0  22.8  23.0  22.8  22.5  22.6  22.9  22.6  22.5  22.3  23.0  23.0  23.0  22.7  23.1  23.4  23.0  23.1  24.0  24.5 
 25.0  24.9  25.5  25.3  25.1  24.9  25.3  25.4  24.4  24.0  23.6  23.5  22.8  22.7  22.9  22.9  22.6  22.5  23.0  23.0  22.9  22.7  23.1  22.9  22.8  22.8  23.0  23.4  23.4  23.7  24.5  25.1 
 26.0  25.5  25.4  25.4  24.7  24.6  24.9  24.7  24.0  23.7  23.7  23.5  23.0  23.0  22.9  23.0  22.7  22.7  22.9  22.9  22.8  22.6  23.3  23.3  23.0  23.0  23.8  23.9  23.6  23.9  25.5  26.6 
 26.6  25.9  25.3  25.4  24.6  24.4  24.5  24.6  24.1  23.7  23.6  23.6  23.0  22.9  23.0  22.9  23.0  22.9  23.0  23.2  23.0  22.8  23.2  23.5  23.2  23.1  24.1  24.4  24.1  24.1  26.1  26.9 
