 23.9  22.7  23.0  23.4  22.6  22.5  22.7  22.7  22.5  22.2  22.6  22.5  22.3  22.0  22.4  22.7  22.3  22.2  22.4  22.5  22.5  22.2  22.7  22.8  22.6  22.4  23.2  23.6  23.6  22.9  23.5  25.1 
 23.0  22.8  23.2  23.1  22.8  22.6  22.7  22.7  22.3  22.2  22.6  22.6  22.1  22.2  22.6  22.3  22.2  22.3  22.5  22.5  22.4  22.3  22.6  22.8  22.3  22.9  23.2  24.1  23.2  23.7  24.5  24.1 
 23.3  22.7  23.0  23.2  22.8  22.1  22.7  22.9  22.7  22.3  22.4  22.7  22.2  22.0  22.4  22.5  22.4  22.0  22.2  22.7  22.4  22.3  22.6  22.7  22.7  22.5  22.6  23.1  23.4  22.7  23.4  23.6 
 22.8  23.1  23.2  22.7  22.4  22.2  22.7  22.7  22.6  22.7  22.9  22.6  22.1  22.4  22.3  22.4  22.3  22.2  22.5  22.3  22.2  22.4  22.6  22.5  22.5  22.5  23.1  23.0  23.0  23.1  23.5  23.4 
 23.3  22.9  22.9  23.0  22.7  22.4  22.5  23.0  23.1  23.1  22.7  22.7  22.4  22.0  22.5  22.5  22.3  22.1  22.2  22.3  22.4  22.2  22.4  22.6  22.8  22.6  22.8  23.0  23.0  22.6  23.3  23.5 
 22.8  22.8  23.1  22.6  22.6  22.7  22.8  22.9  23.3  23.8  23.0  22.7  22.3  22.4  22.4  22.4  22.2  22.2  22.3  22.5  22.3  22.3  22.7  22.5  22.3  22.6  23.0  22.9  22.8  22.7  23.4  23.1 
 23.3  22.8  22.9  23.0  22.7  22.6  22.8  23.2  25.0  26.1  23.9  23.1  22.3  22.2  22.3  22.3  22.1  22.2  22.4  22.4  22.5  22.2  22.6  22.7  22.7  22.2  22.6  23.0  23.0  22.6  22.9  23.3 
 22.9  23.1  23.0  22.9  22.6  22.8  23.1  23.3  25.0  26.5  24.3  22.9  22.2  22.4  22.4  22.3  22.4  22.3  22.3  22.4  22.3  22.4  22.7  22.7  22.3  22.5  22.9  22.8  22.5  22.7  23.0  22.8 
 23.5  23.0  22.9  23.2  22.8  22.5  22.9  23.1  23.1  23.0  22.7  22.7  22.5  22.1  22.3  22.4  22.4  22.2  22.4  22.5  22.4  22.3  22.5  22.6  22.6  22.4  22.8  22.9  22.9  22.7  23.0  23.6 
 23.2  23.3  23.2  23.1  22.9  22.8  22.8  22.6  22.6  23.0  22.7  22.6  22.2  22.3  22.3  22.4  22.2  22.4  22.4  22.4  22.4  22.4  22.7  22.5  22.4  22.7  22.9  22.8  22.5  22.9  23.4  22.8 
 23.9  23.6  23.7  23.8  23.8  23.4  23.2  23.2  23.0  22.6  22.7  22.5  22.6  22.3  22.4  22.6  22.6  22.2  22.5  22.5  22.5  22.2  22.4  22.6  22.4  22.2  23.4  23.7  23.5  23.0  23.0  23.1 
 23.7  23.7  24.3  24.2  24.3  24.6  23.8  23.4  22.7  22.8  22.7  22.5  22.2  22.4  22.5  22.3  22.2  22.6  22.4  22.6  22.3  22.5  22.4 nan  22.4  22.5  24.1  24.9  23.5  22.9  23.2  23.0 
 24.6  24.0  25.2  25.7  26.9  27.4  32.5  34.8  32.9  29.1  23.1  22.8  22.5  22.4  22.5  22.6  22.6  22.2  22.6  22.4  22.4  22.1  22.5  22.6  22.7  22.3  23.6  24.4  23.6  22.9  23.5  23.4 
 24.6  25.0  25.7  26.2  28.1  30.1  41.4  48.7  53.3  47.2  24.6  23.0  22.6  22.5  22.6  22.6  22.2  22.5  22.5  22.5  22.3  22.2  22.7  22.6  22.4  22.6  23.2  22.9  23.1  23.1  23.2  23.2 
 25.1  25.0  26.5  27.2  30.6  33.5  54.4  62.7  74.2  70.8  34.4  25.4  22.8  22.3  22.4  22.6  22.6  22.2  22.6  22.5  22.5  22.2  22.4  22.8  22.4  22.3  22.7  22.9  22.8  22.8  23.1  23.5 
 25.2  25.4  26.6  27.5  30.5  34.0  53.1  62.2  77.9  78.8  36.8  25.8  22.6  22.8  22.5  22.5  22.3  22.4  22.6  22.5  22.3  22.5  22.7  22.5  22.4  22.6  22.9  22.8  22.7  22.9  23.2  23.3 
 25.7  25.1  26.5  27.0  29.2  31.2  44.0  53.0  72.6  69.5  29.5  24.1  22.7  22.5  22.5  22.5  22.5  22.2  22.6  22.7  22.6  22.2  22.6  22.7  22.9  22.7  22.9  23.0  23.2  22.7  23.3  23.5 
 25.0  25.4  26.1  26.7  28.1  29.6  36.7  41.7  53.5  49.1  25.5  23.6  22.5  22.6  22.5  22.6  22.1  22.4  22.7  22.5  22.4  22.6  22.5  22.6  22.6  22.4  23.1  22.9  23.1  23.1  23.5  23.4 
 25.2  25.3  26.1  26.4  26.7  26.7  28.5  29.4  29.6  27.7  23.8  23.3  22.7  22.4  22.7  22.8  22.6  22.4  22.6  22.7  22.5  22.3  22.8  22.7  22.7  22.6  22.8  23.1  23.1  22.7  23.2  23.8 
 24.9  25.1  26.0  26.3  26.0  26.2  27.2  27.2  26.7  25.9  23.4  23.3  22.4  22.6  22.8  22.7  22.6  22.6  22.8  22.7  22.5  22.5  22.7  22.8  22.4  22.6  23.0  23.0  22.7  23.2  23.7  23.9 
 25.6  24.8  25.3  25.7  25.4  25.3  25.5  25.7  25.1  24.3  23.6  23.5  22.8  22.6  22.8  22.9  22.7  22.6  22.8  22.8  22.7  22.3  22.9  23.1  22.9  22.9  23.3  23.1  23.3  23.2  23.9  24.9 
 25.1  25.1  25.4  25.4  25.2  25.0  25.4  25.2  24.3  24.3  23.5  23.4  22.6  23.0  22.7  22.9  22.5  22.5  22.8  22.7  22.6  22.7  22.9  22.9  22.8  22.8  23.0  23.2  23.2  23.8  24.5  25.2 
 26.1  25.6  25.4  25.6  24.7  24.3  24.8  24.8  24.4  23.9  23.5  23.4  23.2  22.7  22.7  22.9  22.9  22.4  22.7  23.0  22.9  22.4  23.1  23.3  23.3  22.9  23.7  23.8  24.2  23.9  25.4  26.4 
 26.1  26.0  25.3  25.3  24.3  24.6  24.5  24.6  23.4  23.7  23.5  23.4  22.9  23.1  22.9  23.0  22.6  23.0  23.2  22.9  22.7  23.0  23.2  23.1  23.1  23.1  23.9  23.9  23.5  24.4  26.4  26.3 
