 23.8  23.6  23.7  23.6  23.0  22.6  23.2  23.0  22.8  22.5  22.7  23.2  22.8  22.6  22.6  22.9  22.7  22.5  22.6  23.0  22.8  22.7  23.5  24.8  26.9  27.2  28.2  28.6  29.5  29.1  30.6  31.4 
 23.8  23.4  23.5  23.8  23.2  22.6  23.0  22.9  22.8  22.5  23.1  23.0  22.6  22.5  22.8  22.8  22.7  22.5  22.9  23.1  22.9  22.7  23.5  24.1  26.9  27.1  28.5  29.2  29.1  29.2  31.2  30.2 
 23.2  23.4  23.5  23.3  22.8  22.6  23.1  23.1  22.5  22.8  22.7  23.1  22.6  22.6  22.7  23.0  22.4  22.8  23.0  22.8  22.6  22.7  22.8  23.7  25.8  27.0  28.6  29.1  29.8  29.7  29.7  30.2 
 23.8  23.2  23.6  23.1  22.7  22.5  23.0  23.1  22.9  22.6  23.2  22.9  22.7  22.4  22.9  23.1  22.8  22.7  23.0  23.0  22.8  22.5  23.3  23.2  25.5  26.4  28.9  29.1  29.4  29.0  29.6  30.2 
 23.3  23.3  23.5  23.5  22.7  22.9  23.0  23.2  23.2  23.3  23.0  23.0  22.9  22.6  22.8  22.9  22.6  22.7  22.8  22.9  22.7  22.7  23.1  23.1  23.7  24.9  27.6  28.5  29.0  29.5  29.7  30.1 
 23.3  22.8  23.6  23.1  23.0  22.7  23.2  23.2  23.8  23.7  23.3  23.0  22.7  22.7  22.9  22.8  22.7  22.7  23.0  22.8  22.7  22.6  23.0  23.1  23.3  23.4  26.1  27.4  29.1  29.1  30.5  30.3 
 23.2  23.2  23.3  23.6  22.7  23.0  23.3  23.5  25.3  26.6  24.0  23.4  22.7  22.7  22.7  22.9  22.6  22.8  22.9  22.9  22.9  22.6  23.1  23.1  23.5  24.6  27.9  29.4  30.5  30.2  30.5  30.5 
 23.5  22.9  23.1  23.5  23.1  22.7  23.5  23.6  25.9  27.2  24.6  23.1  22.8  22.5  22.9  22.8  22.9  22.5  23.2  22.9  22.8  22.7  23.4  23.1  25.2  26.7  30.0  30.9  31.7  31.6  31.3  30.4 
 23.6  23.4  23.6  23.4  22.7  23.0  23.0  23.3  23.3  23.6  23.1  22.9  22.6  22.7  22.7  23.0  22.8  22.9  22.9  23.0  22.8  22.9  23.2  23.8  27.5  28.4  30.9  31.8  31.8  31.8  32.6  32.9 
 24.0  23.5  23.9  23.5  23.3  22.9  23.2  23.1  23.0  23.1  23.1  23.1  22.7  22.5  22.8  23.0  22.9  22.7  23.0  23.1  22.8  22.9  23.3  24.1  28.1  29.1  31.3  31.5  31.8  31.7  33.2  32.9 
 24.0  24.1  24.1  24.5  23.8  23.8  23.4  23.2  22.9  22.9  23.1  23.0  22.8  22.8  22.8  23.0  22.9  22.8  23.1  23.2  22.9  22.9  23.2  24.6  28.3  30.0  31.9  32.1  32.0  32.2  32.3  31.1 
 23.8  23.6  24.4  24.4  24.6  24.5  23.9  23.7  23.1  22.9  23.1  22.9  22.9  22.7  22.9  22.8  22.8  22.8  22.8  22.9  22.9  22.8  23.3 nan  28.6  30.1  32.0  32.2  32.2  32.2  31.8  30.2 
 24.6  24.1  25.7  26.1  27.0  27.6  32.6  34.6  32.5  28.9  23.3  23.3  22.8  22.8  23.0  23.1  22.7  22.7  22.9  23.1  22.9  22.9  23.1  23.8  28.4  30.2  31.9  32.1  31.9  31.8  31.5  31.2 
 24.9  24.8  26.3  26.5  28.8  30.0  41.7  48.6  52.9  46.4  24.8  23.5  23.0  22.7  22.9  23.0  22.7  22.6  23.1  22.9  23.0  22.7  23.1  23.5  27.4  29.1  31.6  32.1  32.3  32.1  32.5  32.8 
 25.3  25.5  26.7  27.6  30.6  34.1  55.0  63.2  74.2  70.8  34.4  25.8  22.9  22.9  22.8  23.0  22.8  22.6  22.9  23.1  22.7  22.9  23.1  23.1  23.7  24.5  26.4  27.1  28.0  28.9  32.1  32.7 
 25.6  25.4  27.3  27.7  31.0  34.3  53.7  62.8  78.4  78.9  36.8  26.2  23.1  22.8  23.1  22.8  22.8  22.7  23.0  23.0  23.0  22.7  23.0  23.1  23.3  23.2  24.7  24.8  26.0  26.1  31.1  31.9 
 25.4  25.6  26.8  27.4  29.7  31.9  44.8  54.0  73.7  70.7  30.2  24.6  23.0  22.9  22.9  22.9  22.7  22.8  22.9  23.1  22.8  22.9  22.9  23.3  22.7  22.9  23.6  24.0  23.9  24.2  25.8  27.1 
 25.8  25.2  26.6  27.0  29.0  30.0  37.5  42.7  54.9  50.2  26.0  24.1  23.1  22.8  23.0  23.0  22.8  22.6  23.3  23.1  23.0  22.9  23.1  23.2  23.0  22.9  23.8  23.6  23.9  23.7  25.2  25.5 
 25.6  25.7  26.4  27.0  27.1  27.2  29.0  30.1  29.9  28.2  24.1  23.3  23.0  22.8  23.1  23.1  23.1  23.0  23.0  23.2  22.8  22.7  23.2  23.4  23.0  23.1  23.3  23.7  23.7  23.9  24.0  24.6 
 25.6  25.7  26.5  26.6  26.6  26.3  27.9  27.9  27.3  26.2  23.9  23.5  23.0  22.8  23.3  23.1  23.1  22.6  23.2  23.2  23.0  22.8  23.2  23.3  23.1  23.1  23.4  23.5  23.5  23.6  25.0  24.9 
 25.7  25.7  26.0  26.2  25.6  25.8  26.1  26.2  25.4  24.9  23.9  23.9  23.3  23.2  23.2  23.2  22.7  23.1  23.1  23.4  23.0  22.8  23.5  23.4  23.1  23.1  23.6  23.7  23.7  24.4  25.7  25.9 
 25.5  25.0  26.1  25.8  25.7  25.4  25.9  25.8  25.0  24.4  23.8  23.9  23.3  23.2  23.3  23.3  23.1  22.9  23.5  23.2  23.1  23.1  23.3  23.6  23.0  22.8  23.8  24.0  24.8  25.0  26.7  26.8 
 26.5  25.7  25.6  25.9  25.1  25.1  25.3  25.3  24.4  24.3  24.0  23.7  23.5  23.2  23.4  23.5  23.2  23.1  23.5  23.6  23.1  23.1  23.6  24.1  23.5  23.9  25.5  26.1  26.1  25.8  27.0  28.6 
 27.1  26.2  25.8  25.6  25.3  25.0  25.4  25.1  24.0  23.8  24.0  24.0  23.3  23.2  23.7  23.5  23.2  23.1  23.6  23.5  23.3  23.2  24.0  24.0  24.4  24.6  26.7  27.1  26.5  25.7  28.1  28.1 
