 24.1  23.7  23.9  23.6  23.6  22.8  23.2  23.1  23.1  22.5  23.2  23.1  23.0  22.5  23.0  23.0  22.9  22.9  23.2  23.7  28.0  29.8  31.1  31.5  31.7  31.8  32.4  32.5  32.7  32.3  33.0  33.4 
 23.4  23.5  23.9  23.8  23.4  22.7  23.2  23.3  22.9  22.8  23.0  23.0  22.9  22.8  22.9  23.0  22.6  22.8  23.4  23.7  28.6  29.4  31.1  31.6  31.5  32.2  32.2  32.7  32.2  32.5  33.2  33.1 
 24.0  23.4  23.7  23.2  23.4  23.0  22.9  23.1  23.1  22.6  23.0  22.9  22.8  22.8  23.0  23.0  22.9  22.8  23.2  23.4  27.9  29.5  30.9  31.2  31.8  31.7  32.5  32.3  32.5  32.3  32.9  33.0 
 23.4  23.4  23.6  23.8  23.0  22.9  23.3  23.2  23.0  22.7  23.3  22.9  22.5  22.6  22.9  23.1  23.0  22.8  23.1  23.2  27.9  29.0  31.0  31.3  31.4  31.7  32.5  32.5  31.8  32.2  32.8  32.8 
 23.7  23.5  23.4  23.3  23.2  23.0  23.2  23.1  23.3  23.3  23.2  23.1  23.0  22.8  23.0  22.9  22.9  22.9  23.0  23.1  26.9  28.7  30.7  31.0  31.4  31.2  31.9  32.1  32.2  31.9  32.5  32.7 
 23.5  23.6  23.4  23.3  22.8  22.9  23.4  23.4  23.9  24.1  23.4  23.2  22.8  22.8  22.9  23.0  22.8  22.8  23.2  23.2  26.8  28.3  30.7  31.1  31.3  31.5  31.9  32.0  31.8  32.0  32.5  32.6 
 23.6  23.3  23.4  23.4  23.1  22.9  23.4  23.3  25.7  26.8  24.4  23.3  23.0  22.7  23.0  23.0  23.0  22.8  23.1  23.1  25.7  27.7  30.6  30.9  31.0  31.3  31.9  31.9  31.8  31.5  32.3  32.2 
 23.2  23.2  23.2  23.3  22.9  23.1  23.6  23.8  26.2  27.8  24.9  23.5  22.8  22.8  23.1  23.1  22.9  22.9  23.0  23.1  25.4  27.0  30.5  30.6  31.0  31.3  31.9  31.8  31.5  31.6  31.8  31.6 
 24.0  23.2  23.5  23.2  23.1  22.9  23.3  23.3  23.5  23.5  23.2  23.0  22.9  22.8  23.0  23.0  23.0  22.9  23.1  23.1  24.4  26.4  29.9  30.4  31.0  31.3  31.7  31.7  31.6  31.5  31.9  31.7 
 23.6  23.5  23.5  23.3  23.2  23.0  23.1  23.2  23.1  23.3  23.2  23.0  22.7  22.7  22.9  23.0  22.8  22.9  23.2  23.2  24.0  25.7  29.7  30.5  31.1  31.3  31.5  31.7  31.1  31.1  31.7  31.8 
 24.1  24.0  24.1  23.9  23.7  23.5  23.3  23.4  23.0  23.0  23.0  23.1  22.8  22.8  23.0  22.9  23.1  22.9  23.2  23.1  23.3  24.8  29.0  29.9  30.8  31.0  31.3  31.2  31.2  31.1  31.8  31.6 
 23.7  24.0  24.1  24.3  24.3  24.1  23.6  23.6  23.0  23.0  23.1  23.2  22.9  22.8  22.9  23.1  22.8  23.0  23.1  23.2  23.4  24.2  28.4 nan  30.5  30.6  31.1  31.2  31.0  30.9  31.5  31.6 
 24.6  24.4  25.2  25.6  26.7  26.8  29.4  30.0  28.0  26.3  23.3  23.1  23.0  22.8  23.1  23.0  23.0  22.8  23.2  23.1  23.2  23.2  27.5  29.0  30.5  30.5  31.2  31.0  30.9  31.0  31.4  31.7 
 24.7  24.9  25.9  26.5  27.8  29.3  37.4  43.3  45.3  39.5  24.1  23.5  22.8  23.0  22.9  23.2  22.8  22.7  23.1  23.1  23.0  23.1  26.8  28.2  30.2  30.4  30.9  31.1  30.9  30.7  31.4  31.6 
 25.3  25.6  26.8  27.4  30.4  33.2  52.7  61.0  71.4  67.6  33.4  25.6  23.1  22.9  23.0  22.9  23.1  22.8  23.0  23.1  23.0  22.9  25.4  27.4  29.9  30.2  30.9  31.2  31.2  31.1  31.5  31.6 
 25.3  25.7  26.9  27.7  30.7  33.9  53.4  62.0  76.6  76.0  37.5  26.5  23.0  23.0  22.9  23.1  22.8  22.8  23.0  23.0  22.8  23.1  24.9  27.0  29.7  30.1  31.0  31.1  30.9  31.3  31.4  31.5 
 25.7  25.6  27.1  27.3  30.4  32.6  46.8  56.2  79.0  77.8  32.9  25.3  23.2  22.9  23.1  22.9  22.9  22.9  23.0  23.2  23.1  22.9  24.4  25.9  29.7  29.7  31.0  31.0  31.2  30.7  31.6  31.3 
 25.7  25.6  26.6  27.2  29.1  30.6  39.5  45.7  61.2  57.6  27.3  24.4  23.1  23.0  23.2  23.2  22.9  23.0  23.2  23.2  23.0  23.1  23.6  25.5  27.8  29.6  30.3  31.1  30.6  30.6  30.8  31.2 
 25.9  25.5  26.8  27.0  27.5  27.4  29.7  31.2  32.2  30.2  24.4  23.7  23.2  23.0  23.4  23.2  23.3  22.9  23.2  23.3  23.2  23.0  23.4  23.7  25.2  24.6  27.3  26.9  28.9  27.2  28.4  27.4 
 25.6  26.0  26.5  26.7  26.6  26.9  28.1  28.4  28.2  27.2  24.0  23.7  23.1  23.0  23.2  23.1  22.9  23.0  23.2  23.4  23.1  22.9  23.4  23.6  23.8  24.6  25.2  26.3  25.6  26.6  26.5  27.7 
 25.8  25.4  26.3  26.2  26.2  26.2  26.6  26.5  25.9  25.2  24.1  23.8  23.4  23.3  23.2  23.3  23.1  23.1  23.2  23.1  23.1  23.1  23.5  23.5  23.8  23.6  24.5  24.3  25.1  25.0  26.9  27.4 
 25.5  25.7  26.2  26.0  25.9  25.8  25.9  26.0  25.3  25.1  23.9  24.0  23.1  23.1  23.3  23.4  23.1  23.1  23.3  23.5  23.0  23.1  23.5  23.6  23.5  23.6  24.2  25.0  25.4  25.7  27.2  28.2 
 27.3  26.0  25.8  25.9  25.7  25.4  25.5  25.4  25.0  24.4  24.1  24.1  23.5  23.3  23.6  23.5  23.5  23.2  23.5  23.4  23.7  23.1  23.8  24.0  23.9  23.7  25.3  25.8  26.4  26.0  28.1  28.4 
 27.5  26.9  26.1  26.0  25.3  25.4  25.3  25.4  24.4  24.4  23.8  24.1  23.6  23.4  23.7  23.6  23.3  23.4  23.4  23.7  23.4  23.3  23.8  24.1  24.0  24.7  25.9  26.6  26.0  26.6  28.3  28.9 
