 24.1  24.1  23.6  23.8  23.3  23.0  23.0  22.7  22.7  22.8  23.0  23.0  22.9  22.9  22.5  22.9  22.8  22.7  22.8  23.1  22.8  22.9  25.2  26.8  27.6  27.8  29.1  29.7  29.4  29.9  30.9  30.8 
 24.2  23.2  23.4  23.5  23.4  22.8  23.1  23.1  22.9  22.6  23.0  23.2  22.7  22.7  22.8  22.9  23.0  22.6  23.0  23.0  23.0  22.7  24.4  26.2  27.5  28.3  29.2  29.2  29.9  30.3  30.2  30.8 
 23.5  23.4  23.5  23.2  23.1  22.7  22.9  22.9  22.9  23.0  22.7  23.1  22.5  22.9  22.7  23.0  22.6  22.7  23.0  22.9  22.7  22.9  23.4  24.3  27.8  28.6  29.2  29.7  29.6  29.5  29.5  30.1 
 23.5  23.3  23.2  23.4  23.3  22.7  23.0  23.1  23.1  22.9  23.1  22.9  23.0  22.6  22.9  22.9  22.9  22.6  22.9  22.9  23.0  22.7  23.3  24.1  27.2  28.1  29.8  29.5  29.5  29.5  30.2  30.3 
 23.3  23.6  23.3  23.5  23.1  23.0  23.0  23.0  23.2  23.4  22.8  23.0  22.7  22.9  22.7  22.8  22.7  22.7  22.5  23.0  22.8  22.9  23.0  23.4  25.7  27.1  29.7  30.1  29.9  30.4  30.1  30.3 
 23.6  23.1  23.3  23.3  23.1  22.7  23.3  23.1  23.9  23.8  23.3  23.0  22.8  22.7  22.7  22.8  22.9  22.7  22.8  22.6  22.9  22.7  23.0  23.4  27.0  27.5  30.0  30.1  30.3  30.0  30.1  30.4 
 23.3  23.3  23.1  23.2  22.9  23.1  23.1  23.5  25.5  26.9  24.1  23.6  22.8  22.8  22.7  22.8  22.6  22.9  22.8  23.0  22.9  23.1  23.7  24.9  29.1  29.7  31.0  31.8  31.4  31.2  30.3  30.5 
 23.7  23.2  23.2  23.4  23.1  22.9  23.3  23.4  26.2  27.5  25.0  23.2  22.9  22.6  22.9  22.8  23.0  22.7  23.0  23.0  23.0  22.8  24.0  25.8  29.5  30.0  31.7  32.1  32.4  31.9  31.1  29.9 
 23.6  23.5  23.2  23.3  23.2  23.0  23.1  23.4  23.5  23.6  23.3  23.0  22.8  22.7  22.7  22.9  22.7  23.0  22.9  22.9  22.9  23.0  24.1  25.4  28.9  30.0  32.1  32.2  32.1  32.2  32.4  31.9 
 23.9  23.3  23.5  23.2  23.3  22.8  23.0  23.1  23.2  22.9  23.2  22.9  22.9  22.7  22.8  22.8  23.1  22.6  23.1  22.9  23.2  22.8  23.9  25.5  29.5  29.9  31.4  32.0  32.2  31.9  32.4  32.1 
 24.1  24.2  23.9  23.8  23.6  23.5  23.1  23.2  22.9  23.1  22.9  22.9  22.8  22.9  22.9  22.9  22.8  23.0  23.0  23.1  22.9  23.0  23.5  23.9  29.0  29.6  31.0  31.7  32.1  31.9  29.5  29.3 
 24.0  23.9  24.2  24.0  24.3  23.8  23.7  23.3  23.2  22.8  22.8  22.9  22.9  22.5  22.9  22.9  22.9  22.8  23.0  23.0  23.0  22.7  23.2 nan  26.8  29.0  30.4  31.3  32.0  31.4  27.8  28.1 
 24.7  24.7  25.3  25.7  26.6  27.0  29.4  30.2  28.0  26.3  23.3  23.3  22.8  22.8  22.8  23.0  22.9  22.8  22.8  22.9  22.8  23.0  23.1  23.2  23.5  24.0  27.8  29.0  31.0  31.0  28.5  27.6 
 25.1  24.8  25.9  26.2  28.1  28.9  37.3  43.1  45.5  39.6  24.0  23.3  23.1  22.7  22.9  22.8  22.9  22.8  22.9  23.0  23.0  22.8  23.0  23.0  23.4  23.2  25.6  28.1  31.3  30.5  30.7  28.9 
 25.4  25.9  26.6  27.4  30.3  33.2  52.6  61.2  71.4  67.8  33.2  25.5  23.0  22.8  22.8  22.9  22.9  22.8  22.8  23.1  22.8  22.9  22.9  23.1  23.0  23.1  24.3  26.5  30.5  31.2  32.3  32.2 
 25.6  25.5  27.1  27.7  30.7  33.9  53.2  61.9  76.8  76.0  37.6  26.1  23.2  22.9  22.9  22.8  23.0  22.6  22.8  23.0  23.0  22.8  23.2  23.1  23.1  22.8  23.7  24.6  29.0  30.1  31.3  31.2 
 25.4  25.8  26.8  27.4  30.0  32.6  46.4  56.3  78.9  77.9  32.7  25.2  22.9  22.9  22.8  22.9  22.7  22.8  22.9  23.0  23.0  23.1  23.0  23.2  23.1  23.2  23.2  23.6  24.4  24.8  26.0  26.2 
 25.5  25.7  26.6  27.0  29.3  30.5  39.2  45.6  61.2  57.5  27.4  24.1  23.3  22.8  23.1  23.2  22.9  22.7  23.0  23.0  23.1  22.8  23.3  23.3  23.2  23.1  23.4  23.4  23.9  24.1  25.0  25.5 
 25.7  26.0  26.7  27.0  27.2  27.9  29.5  31.2  32.1  30.3  24.3  23.7  23.0  23.1  22.9  23.2  23.1  23.2  22.8  23.2  23.0  22.8  23.1  23.3  23.2  23.3  23.3  23.5  23.8  23.8  24.3  24.9 
 25.9  25.8  26.5  26.5  27.0  26.6  27.9  28.1  28.4  27.1  24.0  23.5  23.3  22.9  23.2  23.0  23.2  22.7  23.2  23.1  23.1  22.6  23.3  23.3  23.4  22.9  23.5  23.5  24.0  23.5  24.6  24.9 
 25.4  25.7  26.0  26.2  26.2  25.9  26.2  26.4  25.7  25.4  23.9  23.7  23.3  23.3  23.1  23.2  23.0  23.0  23.0  23.3  23.1  23.1  23.5  23.4  23.3  23.2  23.4  23.9  24.0  24.5  25.2  25.5 
 26.0  25.5  26.2  25.9  26.0  25.5  25.9  25.8  25.3  24.6  24.1  23.9  23.6  22.9  23.3  23.1  23.3  23.1  23.2  23.1  23.2  23.0  23.5  23.6  23.3  23.1  23.5  23.8  24.8  24.7  25.6  26.4 
 26.8  26.4  25.5  26.1  25.4  25.4  25.3  25.1  24.9  24.3  24.1  23.8  23.4  23.6  23.2  23.4  23.2  23.1  23.4  23.3  23.4  23.3  23.5  23.6  23.5  24.0  24.7  25.6  25.7  25.8  26.3  26.8 
 27.1  26.4  25.7  25.5  25.7  25.1  25.1  25.0  24.7  24.4  24.1  23.9  23.6  23.4  23.5  23.4  23.5  23.1  23.4  23.5  23.6  23.4  23.7  23.7  24.3  24.1  25.9  26.3  26.0  25.9  27.6  27.9 
