 23.6  22.9  22.8  23.4  22.6  22.4  22.8  22.9  22.4  22.3  22.4  22.9  22.2  22.4  22.4  22.9  22.1  22.4  22.5  22.6  22.2  22.6  22.6  22.9  22.4  22.5  23.1  24.0  23.4  23.0  24.2  25.4 
 23.4  22.3  23.5  23.1  23.0  22.3  23.1  22.6  22.5  22.1  22.9  22.7  22.5  22.1  22.7  22.3  22.3  21.9  22.7  22.6  22.7  22.0  22.7  22.6  22.6  22.6  23.3  24.2  23.7  23.4  24.0  24.3 
 23.0  22.6  23.1  22.8  22.5  22.4  22.7  22.8  22.4  22.5  22.7  22.9  22.1  22.3  22.3  22.5  22.2  22.2  22.1  22.5  22.2  22.2  22.4  22.7  22.6  22.6  22.8  23.4  23.0  22.9  23.3  23.7 
 22.7  22.7  23.1  23.1  22.6  22.3  22.9  22.8  22.6  22.3  22.9  22.5  22.4  22.1  22.5  22.3  22.3  22.1  22.5  22.3  22.6  22.1  22.8  22.5  22.5  22.3  23.0  22.8  22.9  22.7  23.5  23.5 
 22.9  22.9  22.8  23.1  22.4  22.6  22.5  23.0  22.7  23.0  22.7  23.0  22.2  22.2  22.3  22.5  22.2  22.3  22.3  22.4  22.2  22.2  22.5  22.7  22.4  22.3  22.7  23.2  22.8  23.0  23.2  23.2 
 23.2  22.5  23.2  23.1  22.6  22.4  23.1  23.0  23.4  23.6  23.1  22.8  22.4  22.2  22.6  22.5  22.3  22.2  22.6  22.5  22.3  22.2  22.7  22.6  22.9  22.2  22.9  22.9  22.5  22.7  23.3  23.2 
 22.7  22.7  23.0  23.0  22.6  22.7  22.9  23.3  24.9  26.2  24.1  23.1  22.4  22.3  22.4  22.6  22.3  22.2  22.5  22.5  22.3  22.3  22.7  22.7  22.3  22.3  22.8  23.0  22.5  22.5  23.2  23.2 
 23.0  22.6  22.9  23.1  22.7  22.2  23.2  23.1  25.3  26.6  24.4  23.1  22.6  22.1  22.5  22.4  22.4  22.0  22.5  22.6  22.4  22.2  22.8  22.5  22.5  22.3  22.8  22.8  22.8  22.4  23.1  22.2 
 22.8  23.1  23.1  23.0  22.5  22.7  22.9  23.2  23.1  23.3  22.8  22.8  22.3  22.4  22.4  22.6  22.3  22.4  22.4  22.5  22.3  22.2  22.6  22.8  22.5  22.5  22.7  22.8  22.4  22.5  23.0  23.3 
 23.5  23.2  23.4  23.0  22.8  22.4  23.0  22.9  22.9  22.7  22.7  22.6  22.4  22.1  22.5  22.5  22.3  22.1  22.5  22.5  22.5  22.1  22.6  22.5  22.4  22.4  23.1  22.8  22.7  22.7  23.4  23.1 
 23.5  23.7  23.7  23.9  23.6  23.6  22.9  23.2  22.6  22.8  22.8  22.8  22.4  22.3  22.3  22.5  22.3  22.3  22.5  22.6  22.2  22.2  22.4  22.8  22.3  22.3  23.1  23.7  23.0  22.9  23.2  23.5 
 23.6  23.2  24.4  24.2  24.6  24.2  24.0  23.3  23.0  22.6  22.8  22.6  22.4  22.3  22.6  22.6  22.4  22.2  22.5  22.4  22.5  22.3  22.6 nan  22.5  22.3  24.2  24.8  23.7  22.7  23.3  23.1 
 24.4  24.2  25.2  26.0  26.7  27.8  32.9  35.1  32.8  29.3  23.0  23.0  22.4  22.3  22.6  22.8  22.2  22.3  22.6  22.6  22.1  22.3  22.7  22.7  22.5  22.5  23.9  24.4  23.2  22.8  23.2  23.6 
 24.5  24.5  26.0  26.6  28.5  29.8  41.6  48.8  53.5  47.2  24.6  23.1  22.7  22.3  22.6  22.6  22.5  21.9  22.5  22.5  22.4  22.2  22.6  22.6  22.8  22.2  23.2  23.2  23.0  22.7  23.3  23.3 
 24.8  25.1  26.3  27.3  30.4  33.7  54.7  63.1  74.6  71.2  34.4  25.5  22.5  22.5  22.5  22.6  22.3  22.3  22.6  22.7  22.4  22.3  22.5  22.7  22.3  22.5  22.7  22.9  22.8  22.9  23.3  23.6 
 25.1  25.2  26.8  27.4  30.7  33.9  53.3  62.7  78.5  78.9  36.9  25.8  22.8  22.4  22.5  22.5  22.5  22.3  22.7  22.5  22.4  22.2  22.8  22.4  22.6  22.3  23.1  22.8  22.9  22.9  23.5  23.5 
 25.0  25.5  26.5  27.0  29.2  31.6  44.0  53.1  72.7  69.6  29.8  24.3  22.5  22.7  22.7  22.8  22.2  22.3  22.6  22.5  22.4  22.3  22.6  22.6  22.7  22.5  22.8  23.1  22.7  22.7  23.4  23.5 
 25.3  25.0  26.3  26.7  28.3  29.3  36.7  41.9  53.7  49.3  25.6  23.6  22.9  22.6  22.6  22.7  22.4  22.3  22.7  22.6  22.5  22.2  22.6  22.6  22.6  22.2  23.0  23.0  23.0  22.9  23.6  23.5 
 24.9  25.1  26.3  26.7  26.5  27.1  28.4  29.5  29.3  27.8  23.7  23.3  22.5  22.7  22.8  22.7  22.6  22.5  22.5  22.9  22.4  22.3  22.7  22.8  22.7  22.8  23.3  23.3  22.9  22.9  23.4  23.9 
 25.0  25.2  26.1  26.0  26.1  26.0  27.3  27.3  26.8  25.7  23.7  23.1  22.7  22.4  22.9  22.6  22.6  22.2  22.9  22.5  22.7  22.2  22.9  22.7  22.8  22.4  23.4  23.1  22.8  22.6  23.9  23.8 
 25.1  25.1  25.5  25.9  25.3  25.3  25.7  26.0  25.2  24.5  23.6  23.6  22.6  22.8  23.0  22.9  22.4  22.5  22.7  22.9  22.3  22.5  22.7  23.0  23.0  22.7  22.9  23.3  22.6  22.9  23.8  24.8 
 25.4  24.8  25.3  25.3  25.2  24.9  25.5  25.3  24.7  24.0  23.7  23.4  22.9  22.6  22.9  23.0  22.7  22.3  23.0  22.6  22.8  22.5  23.1  22.9  22.8  22.6  23.2  23.1  23.2  23.2  24.2  24.8 
 25.7  25.3  25.3  25.5  24.9  24.6  24.9  24.7  24.0  23.9  23.4  23.5  22.9  22.9  22.9  23.1  22.7  22.7  23.0  23.0  22.6  22.6  23.2  23.2  22.8  22.9  23.7  23.9  23.4  23.4  25.6  27.2 
 26.7  25.6  25.6  25.3  24.7  24.2  24.9  24.4  24.0  23.4  23.8  23.6  23.2  22.8  23.1  22.7  22.6  22.4  23.1  22.9  22.8  22.5  23.1  23.1  23.2  22.9  23.9  23.6  24.1  23.6  26.3  25.7 
