 23.3  23.0  23.0  23.2  22.6  22.3  22.4  22.6  22.6  22.1  22.6  22.6  22.3  22.0  22.2  22.6  22.3  22.1  22.2  22.8  22.4  22.4  22.5  22.9  22.4  22.4  23.2  23.7  23.4  23.2  24.1  25.2 
 23.0  22.6  23.0  23.4  22.6  22.5  22.7  22.6  22.5  22.2  22.5  22.3  22.2  22.2  22.4  22.3  22.1  22.1  22.6  22.6  22.3  22.2  22.7  22.5  22.5  22.4  23.5  24.1  23.4  23.2  23.6  23.9 
 23.1  22.9  23.0  22.9  22.3  22.4  22.6  22.8  22.5  22.4  22.4  22.7  22.1  22.2  22.3  22.5  22.2  22.1  22.1  22.5  22.3  22.1  22.4  22.7  22.4  22.6  22.6  23.2  22.7  23.0  23.4  23.6 
 23.0  22.7  23.2  22.8  22.5  22.3  22.8  22.7  22.7  22.4  22.8  22.3  22.3  22.2  22.4  22.3  22.3  22.2  22.4  22.1  22.4  22.1  22.7  22.6  22.5  22.3  23.2  22.9  22.8  22.8  23.5  23.4 
 22.6  22.9  22.9  23.1  22.6  22.5  22.6  23.0  23.0  23.0  22.7  22.9  22.2  22.1  22.3  22.2  22.3  22.0  22.1  22.4  22.3  22.2  22.5  22.7  22.3  22.3  22.9  22.9  22.5  22.9  23.0  23.5 
 22.9  22.9  23.2  22.6  22.4  22.4  22.9  22.7  23.4  23.6  23.1  22.7  22.2  21.9  22.4  22.2  22.2  22.1  22.5  22.2  22.2  22.1  22.6  22.5  22.5  22.4  22.7  22.7  22.6  22.6  23.2  23.1 
 22.9  22.6  22.6  23.0  22.6  22.5  22.7  23.2  24.8  26.3  24.0  23.2  22.4  22.3  22.2  22.4  22.1  22.1  22.2  22.3  22.1  22.2  22.3  22.5  22.3  22.4  22.7  23.0  22.5  22.5  22.9  23.2 
 23.0  22.6  22.9  22.8  22.7  22.5  23.1  23.1  25.3  26.6  24.4  22.7  22.4  22.2  22.3  22.4  22.3  22.1  22.2  22.4  22.2  22.3  22.5  22.4  22.5  22.4  22.7  22.7  22.6  22.7  22.9  21.9 
 23.0  22.9  23.2  22.9  22.6  22.4  22.8  23.0  23.1  23.1  22.9  22.6  22.2  22.1  22.4  22.5  22.2  22.1  22.4  22.4  22.3  22.3  22.4  22.6  22.4  22.2  22.6  22.8  22.7  22.8  22.8  23.0 
 23.2  22.9  23.3  23.2  22.8  22.7  22.8  22.5  22.7  22.6  22.6  22.8  22.3  22.1  22.4  22.3  22.2  22.3  22.4  22.3  22.4  22.1  22.5  22.4  22.5  22.4  23.0  22.8  22.7  22.8  23.4  23.0 
 23.5  23.4  23.8  24.0  23.6  23.5  23.1  23.1  22.7  22.6  22.5  22.6  22.2  22.4  22.4  22.5  22.3  22.3  22.5  22.6  22.4  22.4  22.4  22.4  22.3  22.3  23.2  23.5  23.3  22.9  22.8  23.2 
 23.7  23.4  24.2  24.1  24.4  24.3  24.0  23.3  22.7  22.6  22.6  22.5  22.4  22.3  22.5  22.5  22.3  22.2  22.4  22.3  22.2  22.1  22.5 nan  22.2  22.4  24.1  24.6  23.3  22.7  23.4  23.0 
 24.0  23.9  25.2  25.7  26.9  27.3  32.6  34.8  33.0  29.2  23.0  22.8  22.4  22.3  22.5  22.5  22.3  22.1  22.4  22.4  22.2  22.2  22.5  22.7  22.3  22.6  23.4  24.3  23.0  22.6  23.1  23.3 
 24.6  24.7  25.8  26.2  28.3  29.7  41.7  48.7  53.4  47.2  24.7  23.2  22.4  22.3  22.6  22.5  22.3  22.2  22.6  22.5  22.4  22.1  22.5  22.3  22.4  22.3  22.9  23.1  23.0  22.9  23.3  23.2 
 24.9  25.1  26.4  27.3  30.4  33.5  54.4  63.0  74.4  71.0  34.3  25.3  22.6  22.4  22.5  22.5  22.2  22.3  22.5  22.6  22.1  22.3  22.4  22.7  22.5  22.2  22.8  22.8  22.9  22.6  23.2  23.3 
 25.0  25.2  26.8  27.3  30.7  33.8  53.3  62.3  78.3  79.0  36.9  25.6  22.6  22.5  22.6  22.3  22.4  22.3  22.5  22.4  22.3  22.3  22.5  22.6  22.3  22.3  22.8  22.7  22.9  22.9  23.2  23.3 
 24.9  25.4  26.5  26.9  29.1  31.3  43.9  53.1  72.6  69.4  29.7  24.1  22.5  22.3  22.4  22.6  22.3  22.3  22.5  22.5  22.4  22.3  22.6  22.7  22.5  22.2  22.7  23.1  22.6  22.8  23.3  23.3 
 25.3  24.9  26.3  26.6  28.2  29.3  36.7  41.7  53.7  49.0  25.5  23.4  22.8  22.3  22.7  22.4  22.4  22.2  22.6  22.5  22.4  22.3  22.7  22.6  22.5  22.5  23.1  22.7  22.8  22.8  23.6  23.1 
 25.2  24.9  26.2  26.5  26.6  27.0  28.5  29.3  29.4  27.8  23.7  23.2  22.6  22.5  22.5  22.7  22.4  22.4  22.3  22.7  22.4  22.2  22.6  22.9  22.7  22.6  22.8  23.0  22.8  22.9  23.3  23.4 
 25.0  25.4  25.8  26.1  26.2  26.1  27.3  27.1  26.6  25.8  23.4  23.0  22.7  22.5  22.8  22.5  22.5  22.2  22.7  22.4  22.4  22.4  22.8  22.5  22.6  22.4  23.0  23.1  23.0  22.8  23.7  23.7 
 25.2  25.0  25.4  25.8  25.4  25.3  25.3  25.6  24.9  24.4  23.5  23.3  22.7  22.6  22.7  22.8  22.4  22.5  22.7  22.7  22.5  22.2  22.8  22.8  22.9  22.4  23.1  23.2  23.1  23.0  23.5  24.4 
 24.9  24.9  25.7  25.2  25.1  24.8  25.3  25.2  24.6  23.9  23.6  23.2  22.8  22.5  22.9  22.7  22.6  22.4  22.7  22.7  22.4  22.4  23.0  23.0  22.5  22.5  23.1  23.2  23.2  23.2  24.3  24.7 
 26.2  25.4  25.0  25.5  24.7  24.6  24.5  24.9  23.9  23.7  23.3  23.5  23.0  22.7  22.5  23.2  22.5  22.4  23.0  22.8  22.6  22.5  22.9  23.2  22.8  22.7  23.5  23.7  23.4  23.9  25.2  26.2 
 26.2  25.2  25.1  24.9  24.5  24.6  24.7  24.6  23.6  23.7  23.4  23.4  22.8  22.8  22.9  22.9  22.5  22.6  23.0  22.6  22.9  22.7  23.4  23.2  23.0  22.8  23.7  23.9  23.6  23.7  26.1  26.6 
