 23.5  22.7  23.0  23.1  22.8  22.4  22.7  22.6  22.4  22.1  22.8  22.7  22.2  22.0  22.3  22.4  22.0  22.0  22.7  22.4  22.4  22.1  22.7  22.6  22.7  22.3  23.2  23.7  23.2  23.2  24.1  24.9 
 23.0  22.9  23.2  23.0  22.6  22.5  22.5  22.6  22.5  22.3  22.9  22.7  22.4  22.0  22.4  22.3  22.1  21.8  22.6  22.4  22.2  22.2  22.4  22.6  22.4  22.5  23.3  24.2  23.7  23.3  24.1  23.9 
 23.1  22.9  23.0  22.8  22.6  22.2  22.9  22.7  22.4  22.3  22.5  22.7  22.3  22.2  22.3  22.4  22.3  22.2  22.2  22.3  22.5  22.0  22.6  22.5  22.6  22.6  22.9  22.9  23.1  22.6  23.4  23.6 
 23.0  22.5  22.8  23.0  22.3  22.0  22.9  23.0  22.4  22.5  22.7  22.4  22.1  22.1  22.3  22.3  22.2  21.9  22.3  22.3  22.1  22.2  22.5  22.6  22.5  22.4  23.2  23.0  22.5  22.7  23.3  23.8 
 22.7  22.7  23.2  23.0  22.5  22.5  22.9  22.8  22.8  22.8  22.8  22.8  22.4  22.1  22.4  22.4  22.0  22.0  22.3  22.2  22.3  22.1  22.6  22.5  22.2  22.4  22.9  22.6  22.5  22.7  23.1  23.5 
 22.9  22.5  23.1  22.7  22.4  22.4  22.7  23.1  23.3  23.6  23.1  22.8  22.0  22.1  22.3  22.4  22.2  22.2  22.2  22.4  22.2  22.3  22.3  22.5  22.6  22.3  22.8  22.8  22.7  22.8  23.4  23.0 
 22.6  22.4  22.7  22.6  22.5  22.4  22.8  23.3  25.0  26.0  24.0  22.9  22.4  22.3  22.2  22.2  22.1  22.1  22.2  22.2  22.3  22.3  22.5  22.6  22.5  22.4  22.6  22.7  22.6  22.4  23.1  22.9 
 22.8  22.8  22.8  22.7  22.7  22.4  23.0  23.1  25.2  26.7  24.2  23.0  22.3  22.2  22.3  22.4  22.3  22.0  22.3  22.4  22.1  22.2  22.7  22.7  22.3  22.3  22.6  22.7  22.6  22.5  22.8  22.6 
 23.2  22.9  23.1  23.0  22.7  22.4  22.8  22.9  23.0  23.1  22.9  22.5  22.4  22.1  22.4  22.4  22.2  22.4  22.4  22.5  22.3  22.2  22.5  22.4  22.5  22.2  22.7  22.8  22.6  22.5  22.9  23.0 
 23.2  22.9  23.3  23.2  22.6  22.7  22.9  22.7  22.9  22.6  22.6  22.6  22.1  22.2  22.4  22.3  22.1  22.1  22.4  22.3  22.2  22.2  22.4  22.5  22.3  22.3  22.7  22.9  22.4  22.5  23.2  23.1 
 23.7  23.4  23.6  23.5  23.7  23.3  23.1  23.0  22.8  22.6  22.7  22.5  22.3  22.2  22.6  22.5  22.1  22.2  22.4  22.4  22.4  22.2  22.4  22.3  22.3  22.2  23.3  23.5  23.4  23.2  23.2  23.2 
 23.2  23.2  23.8  24.4  24.3  24.0  23.8  23.4  22.7  22.6  22.6  22.5  22.2  22.3  22.4  22.6  22.3  22.3  22.4  22.5  22.2  22.1  22.4 nan  22.4  22.4  24.0  24.8  23.5  22.8  23.3  23.5 
 24.1  24.2  25.2  25.6  26.9  27.3  32.7  34.8  33.0  29.2  23.1  22.7  22.3  22.3  22.3  22.4  22.3  22.2  22.4  22.3  22.3  22.0  22.5  22.4  22.2  22.3  23.8  24.3  23.4  22.8  23.1  23.2 
 24.6  24.5  25.7  26.3  28.2  29.9  41.4  48.7  53.3  47.3  24.6  23.1  22.5  22.3  22.7  22.5  22.2  22.3  22.5  22.6  22.2  22.4  22.5  22.7  22.5  22.4  22.9  23.1  23.0  22.6  23.2  23.1 
 25.0  25.1  26.4  27.1  30.4  33.4  54.6  62.8  74.4  71.1  34.4  25.4  22.6  22.3  22.5  22.5  22.5  22.3  22.6  22.5  22.4  22.2  22.7  22.5  22.3  22.2  22.7  22.7  22.9  22.6  23.5  23.1 
 25.1  25.2  26.7  27.2  30.5  33.9  53.1  62.5  78.3  79.0  36.7  25.8  22.6  22.6  22.5  22.4  22.3  22.1  22.4  22.5  22.2  22.4  22.5  22.6  22.2  22.3  22.6  22.9  22.6  22.9  23.4  23.2 
 25.2  25.4  26.4  26.8  29.1  31.3  43.9  52.9  72.6  69.5  29.8  24.0  22.7  22.2  22.6  22.5  22.4  22.1  22.7  22.5  22.6  22.1  22.4  22.6  22.7  22.5  23.0  22.8  22.8  22.8  23.6  23.3 
 25.2  24.9  26.2  26.7  28.3  29.3  36.5  41.9  53.5  49.0  25.5  23.6  22.7  22.6  22.5  22.5  22.3  22.1  22.5  22.7  22.3  22.2  22.6  22.7  22.5  22.3  22.9  22.9  22.9  22.6  23.3  23.7 
 25.2  25.1  25.9  26.2  26.7  26.6  28.5  29.2  29.3  27.8  23.7  23.2  22.5  22.5  22.7  22.6  22.5  22.5  22.4  22.6  22.5  22.1  22.7  22.8  22.7  22.6  23.0  22.9  22.9  22.8  23.5  23.6 
 24.7  25.1  25.8  25.9  26.0  25.8  27.1  27.3  26.8  25.8  23.4  23.2  22.6  22.5  22.7  22.7  22.4  22.3  22.7  22.6  22.3  22.3  22.7  23.1  22.6  22.5  23.0  23.0  22.5  23.0  23.5  23.9 
 25.2  24.8  25.6  25.5  25.3  25.3  25.5  25.6  25.0  24.1  23.6  23.1  22.8  22.7  22.7  22.6  22.4  22.3  22.7  22.5  22.5  22.4  22.9  22.9  22.9  22.5  23.2  23.2  23.0  23.0  23.9  24.4 
 25.1  25.1  25.2  25.5  25.0  24.9  25.0  25.5  24.3  24.0  23.3  23.4  22.8  22.7  22.7  22.8  22.3  22.6  22.6  22.8  22.5  22.6  23.0  22.9  22.4  22.5  23.3  23.2  23.2  23.2  24.1  24.7 
 25.9  25.1  25.2  25.2  24.7  24.4  24.7  24.5  24.1  23.5  23.5  23.5  22.9  22.7  22.7  22.7  22.6  22.3  23.0  22.7  22.7  22.2  23.0  23.1  22.8  22.7  23.6  23.6  23.6  23.7  25.9  25.8 
 26.2  25.5  25.1  25.2  24.5  24.4  24.6  24.6  23.7  23.6  23.6  23.6  23.1  22.9  23.0  23.1  22.7  22.7  22.7  23.1  22.6  22.7  23.1  23.0  22.9  23.1  23.6  24.0  23.3  24.2  25.7  27.0 
