 23.5  22.8  22.9  23.1  22.7  22.5  22.5  22.5  22.4  21.8  22.4  22.6  22.1  22.0  22.4  22.4  22.3  22.1  22.2  22.5  22.3  22.3  22.4  22.5  22.5  22.3  23.2  23.6  23.7  22.9  24.3  25.1 
 23.2  22.8  23.1  22.9  22.5  22.3  22.9  22.4  22.3  22.2  22.6  22.5  22.1  22.2  22.5  22.2  22.1  22.0  22.4  22.2  22.4  22.3  22.5  22.6  22.3  22.4  23.0  24.1  23.4  23.0  23.8  24.1 
 22.9  22.9  22.8  22.7  22.6  22.1  22.4  22.7  22.4  22.2  22.5  22.6  22.1  22.1  22.3  22.3  22.2  22.1  22.2  22.4  22.2  22.0  22.2  22.5  22.6  22.6  23.0  23.0  23.3  22.7  23.4  23.6 
 22.8  22.8  23.2  22.9  22.5  22.1  22.8  22.8  22.6  22.7  22.8  22.5  22.1  22.1  22.4  22.2  22.3  22.1  22.4  22.2  22.2  22.3  22.7  22.6  22.4  22.2  22.9  22.9  22.5  22.5  23.2  23.4 
 22.6  22.8  22.8  22.9  22.5  22.4  22.6  22.9  23.0  22.9  22.6  22.8  22.3  22.1  22.3  22.1  22.2  22.1  22.1  22.5  22.4  22.1  22.6  22.6  22.4  22.3  22.8  23.0  22.3  22.6  23.2  23.1 
 22.6  22.8  22.7  22.9  22.3  22.4  23.1  23.0  23.3  23.6  22.9  22.7  22.2  22.2  22.4  22.4  22.2  22.2  22.5  22.3  22.4  22.0  22.6  22.4  22.6  22.2  22.5  22.7  22.5  22.7  23.4  23.1 
 22.8  22.8  22.9  23.0  22.7  22.4  22.9  23.1  24.8  26.0  23.8  22.8  22.2  22.2  22.4  22.3  22.2  22.3  22.3  22.2  22.4  22.1  22.5  22.6  22.4  22.3  22.7  22.9  22.6  22.4  23.0  23.3 
 22.9  22.4  22.9  22.9  22.6  22.5  23.2  23.1  25.1  26.5  24.4  22.8  22.4  22.2  22.3  22.4  22.2  22.2  22.2  22.1  22.1  22.3  22.7  22.4  22.4  22.3  22.8  22.7  22.6  22.6  22.7  22.1 
 23.4  22.7  23.2  23.0  22.6  22.5  22.9  22.8  23.2  23.2  22.8  22.8  22.3  22.2  22.4  22.5  22.2  22.1  22.3  22.5  22.4  22.2  22.4  22.6  22.3  22.4  22.7  22.6  22.5  22.6  23.0  23.1 
 23.1  23.0  23.2  23.1  22.8  22.4  22.8  22.9  22.7  22.6  22.7  22.5  22.2  22.3  22.4  22.3  22.1  22.1  22.4  22.4  22.2  22.3  22.5  22.4  22.5  22.4  23.0  23.0  22.5  22.8  23.0  23.4 
 23.7  23.5  23.7  23.9  23.5  23.2  23.0  22.8  22.8  22.6  22.7  22.6  22.3  22.2  22.5  22.4  22.4  22.2  22.4  22.4  22.4  22.2  22.5  22.7  22.4  22.2  23.2  23.6  23.4  22.9  23.0  23.3 
 23.6  23.6  24.3  24.1  24.3  24.3  23.7  23.3  22.8  22.7  22.8  22.5  22.2  22.2  22.4  22.5  22.4  22.2  22.5  22.5  22.3  22.1  22.5 nan  22.3  22.2  23.9  24.7  23.4  23.0  23.1  23.2 
 24.2  23.8  25.2  25.5  26.6  27.3  32.4  34.8  33.0  29.1  22.8  22.9  22.6  22.3  22.6  22.5  22.6  22.1  22.5  22.5  22.3  22.2  22.4  22.5  22.5  22.4  23.6  24.4  23.2  22.8  23.3  23.4 
 24.5  24.5  25.9  26.2  28.1  29.9  41.3  48.6  53.2  47.2  24.5  23.0  22.3  22.2  22.6  22.4  22.2  22.2  22.5  22.5  22.2  22.2  22.6  22.5  22.5  22.5  23.0  23.2  22.9  22.8  23.1  23.2 
 24.8  24.9  26.4  27.2  30.4  33.3  54.3  62.6  74.0  70.7  34.2  25.4  22.5  22.3  22.5  22.4  22.4  22.4  22.5  22.5  22.3  22.1  22.5  22.6  22.4  22.3  22.7  23.0  22.8  23.0  22.8  23.1 
 25.0  25.3  26.8  27.1  30.4  33.7  53.0  62.0  77.9  78.7  36.6  25.7  22.6  22.6  22.4  22.4  22.3  22.3  22.4  22.6  22.3  22.2  22.6  22.4  22.3  22.3  22.7  22.8  22.5  23.0  23.1  23.1 
 25.2  25.2  26.4  26.6  29.2  31.1  43.8  52.7  72.5  69.4  29.6  24.1  22.6  22.4  22.5  22.4  22.4  22.3  22.4  22.5  22.4  22.3  22.6  22.6  22.5  22.4  22.8  23.1  22.9  22.8  23.4  23.5 
 24.9  25.0  26.3  26.5  28.2  29.2  36.5  41.6  53.5  49.0  25.5  23.5  22.6  22.5  22.6  22.5  22.3  22.4  22.6  22.6  22.4  22.2  22.5  22.4  22.5  22.6  22.7  22.8  22.8  22.4  23.9  23.4 
 25.2  25.1  26.1  26.3  26.4  26.7  28.3  29.2  29.4  27.7  23.6  23.0  22.6  22.6  22.7  22.8  22.5  22.3  22.5  22.8  22.6  22.2  22.5  22.7  22.4  22.5  23.0  22.9  23.1  22.8  23.2  23.6 
 24.9  25.3  26.0  26.1  25.9  25.9  27.0  27.2  26.8  25.8  23.3  23.1  22.5  22.5  22.8  22.5  22.5  22.5  22.6  22.4  22.4  22.2  22.8  22.7  22.5  22.5  23.0  22.9  22.9  22.9  23.9  24.1 
 25.2  24.5  25.5  25.4  25.4  25.2  25.3  25.6  24.8  24.2  23.5  23.1  22.8  22.7  22.7  22.7  22.3  22.4  22.5  22.7  22.5  22.4  22.8  22.7  22.8  22.7  23.0  23.1  23.0  23.2  23.9  24.6 
 24.7  24.9  25.6  25.0  24.8  25.0  25.2  25.2  24.3  24.0  23.5  23.5  22.7  22.6  22.7  22.6  22.3  22.5  22.8  22.8  22.4  22.5  22.9  22.8  22.5  22.9  23.0  23.2  23.3  23.6  24.6  24.9 
 26.1  25.1  25.3  25.4  24.7  24.4  24.5  24.5  24.0  23.7  23.4  23.5  23.0  22.8  22.9  23.0  22.7  22.3  22.8  22.9  22.7  22.6  23.2  23.2  22.9  22.6  23.3  23.6  23.8  23.7  25.7  26.4 
 26.1  25.7  25.1  24.9  24.3  24.5  24.4  24.4  23.7  23.5  23.3  23.4  22.8  22.7  23.1  22.8  22.7  22.5  22.7  22.9  22.6  22.6  23.0  23.2  23.1  23.1  23.6  24.1  23.8  23.7  25.9  25.8 
