 23.2  23.1  23.2  22.9  22.8  22.7  22.6  22.5  22.6  22.3  22.4  22.5  22.4  22.1  22.5  22.6  22.5  22.3  22.4  22.6  22.3  22.2  22.6  22.9  22.8  22.4  23.2  23.7  23.6  23.2  24.0  24.4 
 23.6  23.1  23.0  23.2  22.7  22.5  22.6  22.5  22.5  22.2  22.6  22.8  22.2  22.0  22.4  22.3  22.3  22.3  22.5  22.5  22.5  22.5  22.6  22.5  22.8  22.8  23.2  24.1  23.5  23.3  23.8  24.1 
 23.1  23.0  23.1  23.0  22.9  22.3  22.6  22.7  22.6  22.4  22.6  22.6  22.5  22.3  22.3  22.3  22.4  22.1  22.3  22.5  22.3  22.2  22.5  22.5  22.7  22.7  22.8  23.1  23.1  22.8  22.8  23.5 
 23.3  22.9  22.9  22.8  22.5  22.5  22.7  22.5  22.7  22.6  22.9  22.6  22.2  22.2  22.4  22.3  22.4  22.1  22.4  22.3  22.4  22.2  22.6  22.4  22.6  22.6  23.0  23.0  22.6  22.8  23.1  23.8 
 23.1  22.9  22.9  23.0  22.6  22.5  22.7  23.1  23.1  23.1  22.6  22.8  22.5  22.2  22.4  22.3  22.3  22.2  22.4  22.3  22.4  22.1  22.4  22.5  22.9  22.6  22.6  22.7  22.5  22.9  23.1  23.1 
 23.1  22.4  23.1  22.8  22.6  22.5  22.8  22.9  23.4  23.7  22.9  22.7  22.4  22.2  22.3  22.5  22.1  22.3  22.4  22.3  22.4  22.2  22.5  22.3  22.6  22.4  22.7  22.7  22.7  22.8  23.0  23.4 
 22.9  23.1  22.8  22.8  22.6  22.4  23.0  23.1  25.1  26.2  24.0  23.0  22.4  22.3  22.2  22.4  22.2  22.2  22.3  22.3  22.3  22.5  22.6  22.4  22.6  22.5  22.7  22.9  23.0  22.4  23.2  22.9 
 23.2  22.6  22.7  22.8  22.7  22.5  22.9  23.2  25.6  26.6  24.3  22.9  22.5  22.3  22.4  22.4  22.4  22.1  22.5  22.4  22.3  22.1  22.7  22.4  22.5  22.4  22.7  22.8  22.8  22.7  23.0  22.4 
 23.2  23.0  23.0  22.8  22.7  22.7  22.9  23.0  23.0  23.2  22.9  22.5  22.5  22.4  22.4  22.3  22.2  22.3  22.4  22.4  22.4  22.3  22.6  22.5  22.5  22.4  22.7  22.7  22.8  22.8  22.9  22.9 
 23.5  23.1  23.4  23.2  23.0  22.4  22.8  22.7  22.9  22.8  22.6  22.6  22.4  22.3  22.3  22.4  22.3  22.3  22.4  22.4  22.5  22.3  22.6  22.3  22.6  22.6  22.8  22.9  22.9  22.9  23.4  23.1 
 24.0  23.7  23.9  23.8  23.8  23.5  23.1  23.0  22.9  22.7  22.6  22.6  22.4  22.4  22.4  22.6  22.3  22.4  22.5  22.4  22.3  22.2  22.5  22.5  22.4  22.4  23.0  23.5  23.3  23.0  23.1  22.9 
 23.7  23.5  24.0  24.2  24.4  24.3  23.7  23.3  23.0  22.8  22.6  22.5  22.5  22.3  22.4  22.3  22.2  22.3  22.4  22.4  22.4  22.3  22.5 nan  22.4  22.5  24.1  24.8  23.9  22.9  22.9  23.2 
 24.4  24.4  25.1  25.8  26.8  27.6  32.5  34.9  33.1  29.2  23.0  22.8  22.5  22.4  22.4  22.6  22.4  22.3  22.4  22.3  22.5  22.3  22.4  22.5  22.5  22.5  23.8  24.3  23.2  23.0  23.1  23.2 
 24.7  24.7  25.8  26.3  28.2  30.0  41.4  48.6  53.4  47.2  24.5  23.0  22.5  22.6  22.5  22.5  22.4  22.3  22.6  22.5  22.5  22.4  22.5  22.5  22.7  22.5  22.9  23.0  23.1  23.2  23.2  23.2 
 24.9  25.3  26.6  27.1  30.5  33.5  54.3  62.8  74.3  71.0  34.1  25.4  22.7  22.6  22.4  22.6  22.5  22.3  22.6  22.6  22.4  22.3  22.4  22.5  22.6  22.4  22.9  22.6  22.9  22.9  23.4  23.3 
 25.1  25.2  26.6  27.3  30.6  33.8  53.2  62.2  78.2  78.8  36.7  25.8  22.6  22.6  22.5  22.5  22.4  22.4  22.5  22.5  22.4  22.5  22.6  22.5  22.4  22.5  22.7  22.6  22.8  23.1  23.2  23.3 
 25.2  25.4  26.3  26.6  29.3  31.4  43.8  53.0  72.6  69.5  29.6  24.2  22.9  22.4  22.6  22.4  22.5  22.4  22.4  22.6  22.6  22.4  22.5  22.5  22.6  22.4  22.8  22.9  23.1  22.7  23.5  23.2 
 25.3  25.0  26.1  26.6  28.4  29.4  36.8  41.9  53.6  49.2  25.5  23.5  22.8  22.5  22.5  22.7  22.4  22.4  22.5  22.7  22.5  22.4  22.5  22.8  22.7  22.4  23.0  23.2  22.9  22.6  23.3  23.4 
 25.3  25.1  26.2  26.4  26.5  26.8  28.5  29.5  29.5  27.8  23.6  23.0  22.7  22.6  22.8  22.6  22.7  22.5  22.4  22.8  22.5  22.2  22.7  22.8  22.7  22.7  22.9  23.2  23.4  23.0  23.1  23.6 
 25.0  25.4  26.0  26.1  26.0  26.1  27.0  27.2  26.8  26.0  23.5  23.2  22.8  22.7  22.7  22.6  22.6  22.4  22.6  22.5  22.6  22.5  22.7  22.6  22.8  22.7  23.0  23.0  23.0  23.1  23.7  23.7 
 25.2  25.1  25.4  25.8  25.5  25.4  25.5  25.5  24.9  24.2  23.4  23.3  22.9  22.7  22.7  22.7  22.5  22.5  22.5  22.8  22.7  22.4  22.7  22.9  23.0  22.7  23.1  23.2  23.0  23.3  24.1  24.3 
 25.1  25.1  25.4  25.5  25.2  24.9  25.2  25.1  24.5  24.1  23.2  23.2  22.8  22.8  22.8  22.8  22.7  22.5  22.7  23.0  22.8  22.5  22.9  22.6  22.9  22.8  23.0  23.2  23.4  23.2  24.5  24.9 
 26.3  25.1  24.9  25.2  24.9  24.6  24.8  24.4  24.2  24.0  23.4  23.1  23.1  22.7  22.9  23.0  22.8  22.6  22.9  22.7  22.9  22.8  22.5  23.1  23.0  23.0  23.5  23.6  23.6  23.9  25.3  26.4 
 26.1  25.4  25.1  25.2  24.7  24.7  24.6  24.2  24.0  23.8  23.4  23.4  23.1  22.9  22.9  22.8  22.9  22.8  22.9  22.9  23.1  22.9  22.9  23.0  22.9  23.1  23.4  24.2  23.9  24.2  26.3  26.7 
