 24.3  23.5  23.9  23.6  23.2  22.8  23.1  23.1  22.9  22.6  23.1  23.0  23.0  22.7  23.0  23.0  22.9  22.9  23.1  23.1  22.9  22.8  24.9  26.5  27.8  27.5  28.8  29.2  29.4  29.2  30.8  31.1 
 24.0  23.5  23.9  23.9  23.1  23.1  23.2  23.2  22.6  22.8  23.1  23.1  22.8  22.8  23.1  23.0  22.8  22.8  23.2  23.0  22.9  22.9  24.2  26.1  27.4  28.1  29.2  29.2  29.1  29.8  31.0  30.4 
 23.6  23.4  23.7  23.7  23.1  22.6  23.0  23.1  22.9  22.9  23.1  23.1  22.9  22.6  23.1  23.1  22.7  22.4  23.0  23.0  23.0  22.7  23.5  24.5  27.5  28.2  29.2  29.6  29.6  29.2  29.8  30.1 
 23.3  23.6  23.7  23.7  22.9  23.0  23.2  23.4  23.3  22.9  23.3  23.1  22.7  22.8  23.0  22.9  22.8  23.0  23.0  23.0  22.9  22.8  23.3  24.0  26.8  27.9  29.7  29.6  29.5  29.1  30.1  30.1 
 23.5  23.3  23.4  23.4  23.1  22.9  23.4  23.2  23.4  23.2  23.3  23.1  23.0  22.8  23.1  23.0  22.8  22.9  23.1  23.1  23.0  22.8  23.3  23.2  24.9  26.0  28.8  29.2  29.7  29.7  30.4  30.5 
 23.5  23.4  23.6  23.6  22.8  23.1  23.4  23.4  23.8  24.0  23.2  23.2  22.9  22.8  23.0  23.1  22.8  22.7  23.1  23.1  22.9  23.0  23.4  23.3  24.2  24.8  27.9  29.1  29.5  29.9  30.5  30.5 
 23.6  23.1  23.6  23.5  23.2  22.9  23.3  23.5  25.5  26.8  24.4  23.6  22.9  22.8  23.0  23.0  23.0  22.8  23.0  23.0  23.0  22.9  23.6  24.0  27.1  28.1  30.8  31.5  30.7  30.4  30.5  30.5 
 23.4  23.3  23.3  23.5  23.0  23.0  23.5  23.7  26.0  27.7  24.9  23.3  22.8  22.8  23.0  23.1  22.9  22.8  22.9  23.1  22.9  23.1  23.8  24.8  28.5  29.4  31.8  32.0  32.0  31.9  31.6  30.0 
 23.9  23.2  23.6  23.2  22.9  22.9  23.4  23.3  23.8  23.7  23.5  23.1  23.0  22.8  22.8  23.1  22.8  22.9  23.1  23.0  23.2  22.9  24.9  26.6  29.7  30.2  31.8  32.3  32.3  32.4  33.0  32.8 
 23.7  23.5  23.6  23.6  23.1  23.2  23.2  23.0  23.1  23.2  23.2  23.0  22.8  22.8  22.9  23.0  22.8  22.9  23.1  23.1  22.9  23.0  25.1  26.8  30.6  31.1  31.8  32.0  32.2  32.6  33.3  33.0 
 24.1  24.0  24.2  23.9  23.6  23.3  23.3  23.4  23.1  23.0  23.0  23.1  23.1  22.7  23.1  23.0  22.9  22.8  23.2  23.2  23.2  22.8  25.3  27.5  31.4  31.5  32.0  32.1  32.7  32.7  31.4  30.9 
 23.8  23.9  24.3  24.3  24.1  24.3  23.7  23.7  23.0  23.0  22.9  23.1  22.9  22.9  23.1  23.1  23.0  23.0  23.1  23.1  23.0  23.2  25.2 nan  31.2  31.4  31.8  32.2  32.7  32.6  29.6  29.1 
 24.6  24.3  25.4  25.6  26.7  26.7  29.7  30.1  28.1  26.3  23.5  23.3  23.0  22.7  23.1  23.0  23.0  22.8  23.1  23.0  22.9  22.9  24.1  25.8  30.3  30.6  31.9  32.3  31.9  31.6  29.2  28.1 
 25.0  25.1  25.9  26.4  27.8  29.2  37.5  43.4  45.6  39.7  24.2  23.4  23.0  23.0  23.1  23.1  22.7  22.8  23.1  23.0  22.9  22.9  23.7  24.2  27.9  29.1  31.1  31.6  32.5  32.4  31.0  29.4 
 25.3  25.5  26.8  27.3  30.5  33.3  52.9  61.4  71.6  67.7  33.4  25.6  23.0  22.9  23.0  22.9  23.0  22.8  23.0  23.1  23.0  23.0  23.3  23.2  23.6  24.1  26.1  27.6  31.0  32.2  32.7  33.0 
 25.4  25.8  27.4  28.0  30.8  34.0  53.5  62.1  76.7  76.1  37.6  26.3  23.1  23.0  22.9  23.1  22.9  22.8  23.1  23.0  22.8  23.0  23.1  23.3  23.3  23.3  24.6  25.0  29.8  31.3  33.2  32.9 
 25.9  25.8  27.1  27.5  30.2  32.3  46.7  56.2  79.0  77.8  32.9  25.4  23.2  22.9  23.1  22.9  23.1  22.9  23.1  23.1  23.2  22.7  23.1  23.3  23.2  23.1  23.6  24.0  26.2  28.0  29.4  29.0 
 25.6  25.8  27.0  27.5  29.2  30.6  39.5  45.7  61.2  57.7  27.4  24.3  23.2  23.1  23.2  23.1  23.0  22.9  23.2  23.2  22.9  23.0  23.2  23.3  23.2  23.1  23.6  23.8  24.6  25.5  26.7  26.7 
 26.2  25.6  26.8  27.0  27.4  27.6  29.7  31.1  32.2  30.1  24.5  23.6  23.2  22.9  23.2  23.3  23.2  22.9  23.2  23.2  23.3  22.7  23.4  23.4  23.5  23.1  23.7  23.8  24.1  24.0  25.1  25.7 
 25.4  25.8  26.5  26.9  26.6  26.9  28.5  28.3  28.1  27.4  24.1  23.5  23.2  23.1  23.2  23.2  22.9  23.0  23.3  23.2  23.1  23.0  23.3  23.3  23.1  23.2  23.5  23.8  23.5  24.0  25.2  25.5 
 25.9  25.7  26.3  26.2  26.3  26.1  26.5  26.4  26.0  25.3  24.0  23.9  23.4  23.2  23.3  23.5  23.1  23.1  23.4  23.3  23.2  22.9  23.5  23.4  23.6  23.1  23.8  23.9  24.0  24.2  25.3  26.0 
 25.6  25.8  26.1  26.2  25.9  25.7  25.9  26.2  25.4  25.1  24.0  24.0  23.2  23.2  23.3  23.3  23.2  23.1  23.5  23.3  23.3  23.4  23.4  23.5  23.4  23.3  24.0  24.2  24.4  25.0  26.4  26.8 
 27.5  25.9  25.8  25.6  25.5  25.1  25.4  25.3  24.9  24.3  24.0  24.0  23.8  23.2  23.4  23.5  23.3  23.1  23.5  23.6  23.6  23.2  23.5  23.8  23.8  23.5  25.3  25.8  25.5  25.4  27.6  28.1 
 27.1  26.9  25.7  25.8  25.3  25.4  25.3  25.3  24.1  24.3  24.1  23.8  23.3  23.6  23.7  23.6  23.3  23.5  23.5  23.6  23.3  23.5  24.0  23.8  24.0  24.7  25.6  26.3  26.0  26.3  27.6  28.1 
