 23.4  23.1  23.2  23.2  22.3  22.4  23.0  22.7  22.4  22.4  22.6  22.8  22.3  22.3  22.3  22.6  22.1  22.3  22.5  22.6  22.1  22.2  22.9  23.0  22.2  22.5  23.1  23.8  23.2  23.5  24.2  24.7 
 23.2  22.7  23.1  23.5  22.7  22.4  22.7  22.8  22.3  22.4  22.5  22.6  22.3  22.1  22.7  22.4  22.4  22.0  22.6  22.6  22.3  22.2  22.8  22.9  22.6  22.7  23.4  24.2  23.5  23.1  24.2  24.6 
 22.7  23.0  23.4  23.0  22.7  22.3  22.9  23.0  22.5  22.4  22.7  22.7  22.2  22.2  22.5  22.4  22.3  22.3  22.5  22.5  22.4  22.5  22.6  22.7  22.5  22.5  22.9  23.2  22.9  23.1  23.8  23.5 
 23.1  22.5  23.1  22.9  22.3  22.2  22.9  22.9  22.7  22.4  22.9  22.7  22.3  22.0  22.3  22.5  22.2  21.9  22.4  22.5  22.5  22.0  22.7  22.7  22.4  22.4  23.0  23.3  22.8  22.7  23.5  23.6 
 22.6  23.0  22.9  23.2  22.3  22.5  22.6  22.8  23.0  22.8  22.9  22.8  22.3  22.2  22.4  22.6  22.2  22.2  22.5  22.4  22.3  22.3  22.6  22.7  22.5  22.3  22.8  22.9  22.4  22.7  23.5  23.2 
 23.1  22.7  23.0  23.0  22.4  22.4  23.1  23.0  23.5  23.5  23.0  22.9  22.3  22.0  22.4  22.5  22.3  22.0  22.5  22.5  22.2  22.1  22.7  22.6  22.5  22.4  22.8  22.9  23.0  22.8  23.3  23.4 
 22.9  22.9  23.0  23.2  22.6  22.6  23.1  23.2  24.8  26.1  24.0  23.1  22.3  22.4  22.5  22.3  22.2  22.3  22.4  22.4  22.3  22.3  22.8  22.7  22.5  22.4  22.8  23.1  22.8  22.7  23.0  23.2 
 23.3  22.3  23.0  22.9  22.8  22.5  23.1  23.3  25.2  26.5  24.4  23.1  22.5  22.2  22.4  22.7  22.3  22.2  22.4  22.4  22.4  22.3  22.8  22.7  22.4  22.1  22.9  23.1  22.3  22.7  23.1  22.5 
 23.2  23.2  23.1  23.1  22.5  22.9  23.0  23.1  22.9  23.1  23.1  22.9  22.4  22.3  22.5  22.6  22.2  22.2  22.6  22.5  22.2  22.3  22.7  22.5  22.3  22.5  22.9  22.8  22.6  22.8  23.1  23.3 
 23.6  23.1  23.5  23.3  22.9  22.9  23.0  22.9  22.8  22.6  22.8  22.8  22.4  22.2  22.4  22.6  22.3  22.2  22.5  22.5  22.3  22.2  22.6  22.7  22.7  22.5  23.0  23.2  22.7  22.4  23.4  23.3 
 23.4  23.5  24.2  23.9  23.6  23.5  23.3  23.0  22.7  22.8  22.7  22.8  22.3  22.2  22.5  22.6  22.5  22.4  22.4  22.6  22.1  22.3  22.6  22.6  22.5  22.2  23.3  23.7  23.4  23.2  23.2  23.5 
 23.8  23.4  24.2  24.3  24.3  24.4  24.1  23.6  22.9  22.6  22.8  22.8  22.5  22.3  22.6  22.7  22.4  22.2  22.6  22.6  22.3  22.1  22.6 nan  22.4  22.3  24.1  25.0  23.6  22.8  23.3  23.3 
 24.1  24.3  25.4  25.8  27.0  27.7  32.9  35.0  33.1  29.3  23.3  23.0  22.5  22.4  22.6  22.6  22.2  22.3  22.7  22.6  22.2  22.3  22.5  22.7  22.4  22.7  24.0  24.5  23.3  23.1  23.3  23.5 
 24.4  24.5  25.9  26.4  28.2  29.9  41.6  48.8  53.4  47.3  24.5  23.1  22.6  22.4  22.8  22.7  22.5  22.2  22.5  22.6  22.3  22.2  22.7  22.6  22.5  22.5  23.0  23.5  23.2  22.9  23.3  23.5 
 25.0  25.1  26.5  27.4  30.2  33.5  54.6  62.8  74.3  71.0  34.4  25.4  22.5  22.7  22.6  22.4  22.5  22.3  22.6  22.5  22.1  22.2  22.6  22.7  22.4  22.5  22.9  22.8  22.9  23.0  23.5  23.2 
 25.2  24.8  26.8  27.6  30.5  33.8  53.1  62.3  78.1  78.8  36.9  25.9  22.7  22.4  22.5  22.5  22.4  22.2  22.5  22.7  22.3  22.2  22.7  22.7  22.7  22.2  22.9  23.0  22.9  22.9  23.3  23.4 
 25.2  25.4  26.3  26.8  29.1  31.3  43.9  53.0  72.6  69.4  29.8  24.3  22.6  22.6  22.7  22.7  22.3  22.4  22.6  22.5  22.4  22.4  22.7  22.9  22.6  22.6  23.0  23.2  22.8  23.1  23.6  23.6 
 25.1  24.9  26.2  26.7  28.4  29.5  36.8  41.6  53.5  49.0  25.7  23.7  22.7  22.5  22.7  22.7  22.3  22.3  22.8  22.7  22.3  22.3  22.9  22.9  22.7  22.4  23.1  23.0  22.8  22.6  23.8  23.5 
 25.0  25.2  26.1  26.6  26.5  26.9  28.4  29.5  29.4  27.6  23.7  23.4  22.5  22.6  22.7  22.8  22.3  22.6  22.6  22.7  22.6  22.3  22.8  22.9  22.5  22.6  23.0  23.0  22.9  22.9  23.5  23.9 
 25.1  25.2  26.1  26.3  26.1  26.0  27.3  27.2  26.8  25.9  23.6  23.4  22.7  22.6  22.9  22.7  22.5  22.4  22.8  22.8  22.4  22.3  22.8  22.9  22.6  22.8  23.0  23.1  23.1  22.6  23.7  24.1 
 25.0  24.9  25.4  25.6  25.6  25.3  25.8  25.7  25.1  24.4  23.6  23.4  22.7  22.6  22.8  22.9  22.5  22.6  22.7  23.0  22.3  22.7  22.9  22.8  22.9  22.5  23.4  23.2  23.1  23.1  24.0  24.8 
 25.0  25.0  25.7  25.6  25.0  25.0  25.3  25.4  24.5  24.0  23.5  23.4  22.9  22.6  23.0  23.0  22.6  22.3  23.0  22.7  22.8  22.5  22.9  23.1  22.4  22.6  23.2  23.5  23.5  23.2  24.5  25.5 
 26.0  25.3  25.4  25.3  24.5  24.4  25.0  24.7  24.1  23.9  23.6  23.4  23.0  22.6  22.9  23.1  22.9  22.6  23.0  23.0  22.8  22.6  23.1  23.2  22.8  22.5  23.4  23.7  23.6  23.6  26.0  26.4 
 26.4  25.1  25.4  25.4  24.5  24.4  24.7  24.7  23.7  23.5  23.5  23.7  22.8  22.7  23.0  22.9  22.9  22.8  23.0  23.1  22.9  22.6  23.0  23.6  23.0  23.0  23.7  24.0  23.7  23.6  26.3  27.2 
