 23.2  22.9  22.8  23.1  22.3  22.4  22.6  22.6  22.1  22.1  22.6  22.6  22.2  22.2  22.3  22.3  22.1  22.2  22.7  22.6  22.4  22.3  22.4  22.5  22.5  22.5  23.0  23.7  23.4  23.4  24.0  24.7 
 23.4  22.7  23.2  23.2  22.9  22.4  22.7  22.8  22.6  22.2  22.7  22.7  22.4  22.1  22.4  22.5  22.3  22.0  22.4  22.5  22.3  22.2  22.7  22.6  22.7  22.5  23.0  24.2  23.3  23.1  24.0  24.1 
 22.9  23.0  23.3  23.0  22.2  22.2  22.5  22.6  22.5  22.4  22.7  22.7  22.2  22.4  22.5  22.4  22.1  22.3  22.4  22.6  22.4  22.3  22.5  22.6  22.5  22.4  22.7  22.9  22.9  23.0  23.2  23.5 
 23.1  22.7  22.9  23.1  22.6  22.3  22.5  22.7  22.6  22.4  22.7  22.6  22.3  21.9  22.5  22.3  22.3  22.0  22.5  22.5  22.3  22.3  22.5  22.6  22.4  22.5  22.8  22.9  22.8  22.4  23.0  23.2 
 22.9  22.7  22.9  22.8  22.6  22.5  22.8  22.7  23.0  23.1  22.8  22.6  22.3  22.3  22.3  22.4  22.0  22.3  22.4  22.3  22.2  22.1  22.4  22.4  22.4  22.5  22.9  22.7  22.4  22.6  22.9  22.9 
 23.1  22.9  22.9  22.7  22.4  22.6  22.8  23.0  23.5  23.5  23.1  22.7  22.3  22.1  22.2  22.4  22.3  22.2  22.3  22.4  22.2  22.2  22.3  22.6  22.8  22.4  22.6  23.0  22.7  22.8  23.4  23.2 
 22.8  23.1  22.9  22.9  22.5  22.7  22.9  22.9  24.8  26.2  24.1  23.1  22.5  22.3  22.3  22.5  22.1  22.2  22.4  22.5  22.3  22.3  22.6  22.5  22.5  22.5  22.8  22.8  22.7  22.5  22.9  22.9 
 23.3  22.6  22.9  23.0  22.7  22.4  22.8  23.3  25.4  26.5  24.4  23.1  22.6  22.3  22.3  22.5  22.4  22.1  22.2  22.3  22.3  22.2  22.6  22.6  22.6  22.4  22.7  22.8  23.1  22.7  22.9  22.4 
 23.2  23.0  23.0  23.0  22.7  22.4  23.0  23.1  23.0  23.2  22.8  22.7  22.3  22.4  22.3  22.5  22.2  22.3  22.4  22.3  22.3  22.4  22.7  22.4  22.5  22.5  22.8  22.9  22.6  22.9  22.9  23.0 
 23.4  22.9  23.3  23.3  23.0  22.5  22.6  22.7  23.0  22.6  22.7  22.6  22.5  22.2  22.4  22.3  22.4  22.2  22.5  22.5  22.4  22.3  22.5  22.7  22.6  22.4  22.8  23.1  22.7  22.6  23.3  22.8 
 23.5  23.7  23.6  23.7  23.7  23.3  23.0  23.0  22.9  22.7  22.6  22.5  22.3  22.3  22.4  22.5  22.2  22.3  22.4  22.4  22.3  22.3  22.4  22.4  22.3  22.3  23.0  23.5  23.1  22.9  23.1  23.4 
 23.7  23.5  24.1  24.3  24.7  24.2  23.8  23.4  23.0  22.7  22.7  22.6  22.6  22.2  22.4  22.5  22.3  22.2  22.4  22.5  22.5  22.5  22.5 nan  22.5  22.3  23.9  24.6  23.5  23.0  23.2  23.3 
 24.4  24.2  25.1  25.5  26.9  27.5  32.5  34.9  32.8  29.3  23.0  22.8  22.3  22.3  22.5  22.5  22.2  22.3  22.6  22.3  22.3  22.3  22.4  22.5  22.2  22.4  23.7  24.1  23.2  22.9  23.3  23.3 
 24.4  24.4  25.7  26.2  28.3  29.7  41.5  48.7  53.5  47.2  24.5  23.3  22.5  22.5  22.5  22.5  22.4  22.3  22.4  22.7  22.5  22.1  22.4  22.7  22.5  22.4  22.9  23.1  23.2  22.9  23.0  23.1 
 24.9  25.1  26.3  27.2  30.3  33.7  54.5  62.7  74.3  71.1  34.4  25.4  22.6  22.4  22.5  22.5  22.4  22.4  22.5  22.5  22.3  22.3  22.6  22.6  22.4  22.4  22.8  22.9  22.9  22.8  23.1  23.6 
 25.1  25.2  26.9  27.3  30.7  33.9  53.1  62.3  78.2  78.8  36.7  25.7  22.7  22.5  22.5  22.4  22.4  22.3  22.5  22.4  22.6  22.3  22.6  22.7  22.6  22.3  22.7  22.7  22.8  22.8  23.4  23.4 
 25.0  25.4  26.6  26.9  29.3  31.3  43.8  52.9  72.4  69.5  29.7  24.0  22.6  22.3  22.4  22.4  22.4  22.5  22.5  22.6  22.5  22.4  22.4  22.6  22.7  22.6  22.9  22.8  22.8  22.9  23.0  23.0 
 25.0  25.2  26.2  26.6  28.4  29.2  36.6  41.7  53.5  48.9  25.8  23.7  22.6  22.5  22.4  22.6  22.5  22.2  22.5  22.6  22.3  22.3  22.7  22.8  22.7  22.5  22.9  22.9  22.9  22.8  23.1  23.4 
 25.2  25.1  26.3  26.4  26.6  26.9  28.3  29.4  29.4  27.8  23.7  23.0  22.8  22.7  22.6  22.5  22.6  22.4  22.6  22.5  22.5  22.2  22.7  22.7  22.7  22.7  22.8  23.0  22.8  22.8  23.3  23.8 
 25.2  25.3  25.8  26.2  26.3  25.9  27.0  27.0  26.9  25.9  23.5  23.2  22.8  22.5  22.8  22.6  22.6  22.4  22.6  22.6  22.5  22.4  22.7  22.7  22.7  22.6  22.9  23.1  23.0  23.1  23.7  23.9 
 25.0  25.0  25.6  25.5  25.5  25.4  25.6  25.5  25.1  24.4  23.6  23.3  22.8  22.7  22.7  22.9  22.5  22.5  22.6  22.5  22.6  22.3  22.7  22.8  22.9  22.7  23.0  23.2  23.1  23.1  23.8  23.8 
 25.1  25.1  25.2  25.5  25.2  25.1  25.3  25.4  24.4  24.1  23.2  23.3  23.1  22.6  22.7  22.8  22.6  22.5  22.7  22.9  22.7  22.4  22.8  23.0  22.6  22.5  23.1  23.5  23.2  23.4  24.3  24.9 
 25.5  25.3  25.0  25.0  24.8  24.5  24.6  24.3  24.1  23.7  23.4  23.5  22.9  22.9  23.1  22.8  22.7  22.5  23.0  23.0  22.6  22.8  23.2  23.0  22.8  22.7  23.8  23.7  23.4  23.9  25.0  26.4 
 26.7  25.9  25.1  25.2  24.6  24.6  24.5  24.5  23.9  23.5  23.4  23.4  23.0  22.7  22.9  23.0  22.4  22.5  22.9  23.0  22.9  22.5  23.0  23.2  23.2  23.1  23.6  24.0  23.7  23.9  25.5  26.2 
