 24.1  23.5  23.8  23.5  23.1  22.8  23.1  22.8  22.8  22.5  23.1  22.7  22.5  22.4  22.8  22.9  22.6  22.4  23.1  23.1  22.6  22.6  24.1  26.0  28.4  28.5  29.4  29.5  29.4  29.6  30.8  31.6 
 23.4  23.3  23.9  23.8  23.0  23.0  22.9  23.3  22.6  22.4  23.0  23.1  22.7  22.6  22.8  22.8  22.6  22.7  23.0  22.8  22.7  22.8  23.7  24.9  27.7  28.3  28.6  29.1  29.5  29.8  30.4  30.5 
 23.6  23.2  23.3  23.4  23.1  22.7  23.0  23.1  22.8  22.6  23.1  23.0  22.7  22.6  22.8  22.9  22.7  22.6  22.8  22.9  22.9  22.6  23.0  23.7  25.9  27.1  29.2  29.7  29.2  29.2  29.8  30.2 
 23.2  23.4  23.4  23.7  22.7  22.5  23.0  23.2  22.6  22.7  23.3  22.9  22.6  22.5  22.8  22.8  22.7  22.5  22.9  22.7  22.7  22.5  22.9  23.1  24.8  25.6  28.6  29.5  30.1  30.2  30.8  30.8 
 23.3  23.3  23.6  23.3  22.8  22.9  23.1  23.3  23.1  23.3  23.1  22.9  22.7  22.6  22.9  23.0  22.5  22.5  22.8  22.8  22.6  22.5  23.2  23.2  23.2  23.7  27.0  28.4  29.7  29.9  30.6  30.8 
 23.3  23.3  23.4  23.4  22.9  22.8  23.2  23.3  23.7  23.7  23.2  23.1  22.7  22.6  22.9  22.7  22.6  22.5  23.0  22.9  22.7  22.5  23.2  23.1  23.8  24.4  28.0  28.8  29.7  29.6  30.3  30.5 
 23.3  23.0  23.4  23.4  23.0  22.6  23.4  23.4  25.5  26.7  24.3  23.5  22.7  22.6  22.8  22.8  22.5  22.6  22.9  22.8  22.8  22.8  23.2  23.5  25.9  27.7  30.4  31.3  31.7  31.8  31.2  30.5 
 23.2  23.2  23.2  23.3  22.8  22.9  23.2  23.7  26.0  27.5  24.8  23.6  22.8  22.6  22.7  22.7  22.6  22.6  22.8  22.8  22.8  22.6  23.4  23.3  27.3  28.3  30.9  31.4  31.9  32.0  31.5  30.8 
 23.6  23.5  23.4  23.3  22.7  22.8  23.1  23.3  23.4  23.4  23.3  23.1  22.7  22.7  22.9  22.9  22.8  22.7  23.1  22.9  22.8  23.0  23.3  24.1  27.6  28.8  31.4  31.9  31.8  32.0  32.5  32.5 
 23.6  23.5  23.4  23.3  23.1  22.9  23.1  23.0  23.0  23.2  22.9  22.9  22.6  22.7  22.8  22.9  22.7  22.8  22.8  23.0  22.8  22.7  23.2  23.7  27.4  28.3  31.2  31.6  31.6  32.0  32.5  32.4 
 23.9  23.7  24.1  23.9  23.4  23.3  23.4  23.1  22.8  22.8  23.1  22.9  22.6  22.7  23.0  22.9  22.8  22.9  22.9  22.9  22.9  22.9  23.2  23.2  26.4  28.7  30.5  31.0  31.7  31.8  31.1  30.3 
 23.7  23.6  24.0  24.1  24.1  24.0  23.4  23.5  22.9  22.8  22.8  22.8  22.6  22.7  22.9  22.9  22.8  22.8  22.8  23.1  22.8  22.8  23.2 nan  25.9  27.5  30.7  31.0  31.5  31.4  29.7  28.5 
 24.5  24.4  25.3  25.7  26.5  26.6  29.6  29.9  27.8  26.0  23.1  23.1  22.6  22.8  23.0  23.0  22.8  22.7  22.9  22.7  22.6  22.7  22.9  23.2  23.4  24.5  28.2  28.4  29.5  29.2  28.9  29.3 
 24.5  24.8  25.9  26.4  27.8  29.1  37.3  43.3  45.4  39.7  24.1  23.3  22.8  22.9  22.8  23.0  22.7  22.6  23.0  22.9  22.6  22.7  22.9  23.1  23.1  23.2  25.2  26.2  28.5  29.9  30.3  29.8 
 25.0  25.5  26.5  27.4  30.2  33.1  52.7  61.0  71.3  67.7  33.4  25.6  23.0  22.8  22.8  22.8  22.6  22.8  23.0  22.9  22.8  22.7  23.0  22.8  22.7  22.9  23.5  23.8  27.8  29.3  32.0  30.5 
 25.3  25.6  27.1  27.8  30.6  33.7  53.2  62.0  76.6  76.0  37.7  26.2  22.9  22.8  22.7  22.9  22.8  22.6  22.9  22.9  22.8  22.7  23.0  23.0  23.0  22.9  23.6  23.6  25.5  29.3  28.4  31.7 
 25.6  25.6  27.0  27.5  29.8  32.4  46.6  56.2  78.9  77.7  32.8  25.1  22.8  22.8  23.0  23.0  22.9  22.8  23.1  23.1  23.0  22.7  23.0  22.9  23.0  23.1  23.5  23.6  23.5  23.7  26.6  25.6 
 25.4  25.5  26.7  26.9  29.0  30.2  39.2  45.3  60.9  57.4  27.3  24.2  22.9  22.9  23.0  23.1  22.9  22.7  23.0  23.2  22.8  22.9  23.1  23.3  22.9  22.9  23.5  23.5  23.6  23.6  25.0  25.3 
 25.5  25.6  26.5  27.0  27.2  27.5  29.6  31.1  32.0  30.2  24.5  23.6  23.1  22.8  23.2  23.2  22.9  22.9  23.0  23.2  23.1  22.9  23.4  23.4  23.1  23.1  23.5  23.7  23.6  23.3  24.4  24.8 
 25.6  25.8  26.5  26.6  26.6  26.7  28.0  28.3  28.2  27.1  24.0  23.8  23.0  22.9  23.1  23.0  22.9  23.0  23.1  23.2  23.0  22.7  23.4  23.4  22.8  22.9  23.2  23.6  23.2  23.7  24.3  24.7 
 25.4  25.4  26.4  26.3  26.0  25.8  26.2  26.3  25.9  25.0  24.1  23.8  22.9  23.2  23.3  23.2  23.1  23.0  23.3  23.2  22.7  22.8  23.5  23.5  23.3  22.9  23.6  23.6  23.8  23.9  25.2  25.6 
 25.3  25.7  25.9  25.9  25.7  25.7  25.8  25.8  25.3  24.8  23.9  23.8  22.8  23.2  23.4  23.4  23.1  22.9  23.3  23.3  22.9  23.0  23.4  23.7  23.2  23.0  23.8  23.9  24.3  24.5  25.7  27.0 
 26.8  25.8  25.9  25.9  25.7  25.1  25.5  25.1  24.6  24.2  24.0  23.9  23.2  23.1  23.3  23.4  23.0  23.1  23.3  23.4  23.2  23.1  23.6  23.5  23.5  23.5  25.1  25.4  25.5  25.0  26.7  26.6 
 26.9  26.4  25.7  26.0  25.3  25.1  25.1  25.1  24.1  24.1  23.9  23.9  23.5  23.4  23.5  23.6  23.0  23.4  23.4  23.5  23.4  23.3  23.5  24.0  23.9  24.2  25.9  26.4  25.4  25.9  27.0  27.9 
