 24.3  23.5  23.8  23.6  23.5  22.8  22.8  23.1  23.0  22.8  23.1  23.2  22.7  22.7  22.8  22.9  22.9  22.6  23.2  22.9  25.6  22.6  28.9  25.4  30.4  28.3  31.4  29.8  31.9  29.2  32.1  30.9 
 23.6  23.5  24.1  23.8  23.1  23.0  22.9  23.3  22.8  22.8  23.0  23.3  22.6  22.7  23.0  23.1  22.6  22.8  23.0  23.4  22.8  25.9  23.6  29.3  27.5  30.7  29.6  31.6  28.8  31.5  30.0  32.5 
 23.8  23.4  23.8  23.5  23.1  22.8  23.0  23.1  22.8  22.7  22.9  23.2  22.7  22.6  22.9  22.7  22.7  22.6  22.9  22.9  24.5  22.7  28.0  23.3  30.1  27.1  31.2  29.1  31.4  29.4  31.8  30.4 
 23.3  23.1  23.4  23.7  22.8  22.7  23.3  23.1  23.0  23.0  23.2  22.9  22.6  22.6  22.9  23.0  22.8  22.7  23.0  22.8  22.7  25.0  23.1  28.6  24.4  30.1  28.2  31.1  29.0  31.4  30.2  32.1 
 23.5  23.4  23.2  23.5  23.1  23.0  23.0  23.2  23.3  23.2  23.1  23.0  22.9  22.7  23.0  22.7  22.8  22.7  23.0  22.8  23.6  22.9  27.3  23.4  29.7  24.6  31.2  28.5  31.1  29.6  31.5  30.5 
 23.5  23.1  23.4  23.4  22.9  23.2  23.1  23.4  23.6  24.0  23.2  23.1  22.7  22.9  22.8  22.9  22.8  22.7  23.0  23.0  22.8  24.2  23.4  27.9  25.5  30.2  29.2  31.6  31.1  31.7  30.5  31.8 
 23.5  23.4  23.3  23.1  23.2  22.9  23.4  23.4  25.8  26.7  24.2  23.3  22.9  22.6  22.8  22.9  22.9  22.8  23.0  22.9  23.2  22.8  26.2  24.6  30.1  28.9  31.4  31.8  31.5  32.4  31.5  31.6 
 23.5  23.2  23.3  23.3  22.9  23.0  23.5  23.8  26.2  27.9  24.7  23.4  22.9  22.7  22.9  23.0  22.6  22.8  23.0  23.0  22.8  23.6  24.0  27.4  28.5  30.6  31.1  31.7  31.8  31.2  32.3  31.2 
 23.9  23.2  23.5  23.2  23.0  22.9  23.1  23.6  23.7  23.6  23.2  22.9  23.0  22.7  22.9  22.9  23.0  22.7  23.0  22.9  23.0  22.8  25.4  25.4  29.7  29.7  31.5  32.0  31.4  32.1  31.5  32.2 
 23.6  23.6  23.6  23.6  23.0  23.0  23.2  23.2  23.0  23.1  22.9  23.1  22.5  22.7  22.9  23.0  22.8  22.8  23.0  23.1  22.8  23.2  23.8  26.6  28.6  30.3  31.4  31.7  31.7  31.5  32.3  31.3 
 23.9  23.8  23.9  23.8  23.6  23.4  23.1  23.3  23.0  22.8  23.0  23.0  22.7  22.6  22.9  22.9  22.9  22.9  23.0  22.9  23.0  22.7  24.3  23.7  28.7  28.4  31.2  31.0  31.3  31.7  30.3  29.3 
 23.7  23.9  24.1  24.3  24.0  24.1  23.6  23.6  22.9  22.9  23.0  23.0  22.6  22.7  22.8  23.1  22.9  22.8  22.8  23.1  22.7  23.1  23.3 nan  25.8  29.1  30.0  31.5  30.6  30.9  28.5  30.2 
 24.6  24.6  25.3  25.6  26.6  26.9  29.1  29.8  27.7  25.9  23.2  23.0  22.9  22.7  22.9  22.9  23.1  22.8  23.1  23.1  22.9  22.7  23.7  23.1  27.6  23.6  30.7  26.8  31.2  26.0  30.1  27.0 
 24.9  24.8  25.9  26.4  27.7  28.9  36.9  42.7  44.8  39.3  24.0  23.5  22.8  22.8  22.9  23.1  22.8  22.9  22.8  23.1  22.9  23.1  23.0  24.5  23.1  28.7  24.4  31.1  26.1  30.9  27.2  30.0 
 25.4  25.5  26.8  27.3  30.3  32.9  52.4  60.9  71.1  67.4  33.7  25.5  23.1  22.8  22.9  22.8  22.9  22.6  23.1  23.0  23.0  22.8  23.6  23.0  28.1  23.3  31.3  26.4  31.9  29.8  32.0  30.8 
 25.6  25.7  27.2  27.5  30.7  33.9  53.0  61.8  76.5  76.0  38.3  26.6  23.1  22.9  23.0  23.1  22.8  22.7  23.1  23.1  22.8  23.0  23.1  24.9  23.3  29.7  25.8  31.7  30.2  32.2  31.3  32.6 
 25.7  25.8  26.8  27.5  30.2  32.3  46.5  56.2  79.2  78.7  33.6  25.5  23.2  23.0  23.0  23.0  22.9  22.8  23.0  23.1  23.1  22.8  24.7  23.2  29.5  24.2  31.9  27.2  32.6  30.8  32.0  30.0 
 25.7  25.6  26.8  27.2  29.1  30.4  39.3  45.8  61.6  58.6  27.7  24.4  23.2  23.1  23.0  23.1  22.9  22.8  23.0  23.2  22.9  23.0  23.3  26.8  23.8  30.7  25.9  32.6  29.1  32.0  28.3  30.2 
 25.9  25.6  26.7  27.0  27.5  27.5  29.7  31.1  32.5  30.4  24.7  23.6  23.3  22.9  23.1  23.1  23.1  22.8  23.1  23.1  23.2  23.0  25.9  23.4  30.0  23.5  31.5  24.6  30.6  25.3  28.3  27.0 
 25.6  26.0  26.5  26.7  26.7  26.9  28.2  28.5  28.4  27.5  24.2  23.6  23.1  23.1  23.4  23.1  23.0  22.9  23.2  23.3  23.0  23.1  23.0  27.1  23.3  29.4  24.0  30.2  24.4  28.5  26.3  27.7 
 26.2  25.7  26.3  26.3  26.2  26.1  26.3  26.3  25.9  25.3  23.9  23.7  23.2  23.2  23.2  23.4  23.2  22.9  23.3  23.2  23.3  23.0  25.1  23.6  27.2  23.4  27.7  24.2  26.9  24.8  27.3  27.2 
 25.5  25.7  26.2  26.2  25.9  25.6  25.9  26.0  25.3  24.9  23.8  23.9  23.4  23.2  23.3  23.6  23.1  23.1  23.4  23.6  23.0  23.3  23.5  25.6  23.2  26.2  23.8  26.8  24.6  26.9  26.7  29.4 
 27.1  26.0  25.8  25.9  25.4  25.1  25.5  25.3  24.8  24.5  24.2  23.9  23.8  23.4  23.5  23.5  23.5  23.0  23.5  23.4  23.6  23.1  23.8  24.0  24.6  23.6  26.4  25.6  27.0  25.8  29.5  28.4 
 27.2  26.7  25.9  26.0  25.4  25.3  25.2  25.3  24.2  24.5  24.0  24.2  23.4  23.6  23.5  23.6  23.4  23.4  23.5  23.5  23.4  23.3  23.7  24.4  24.1  25.4  25.7  27.4  25.8  27.3  27.8  30.8 
