 23.5  22.8  23.2  23.1  22.5  22.5  22.5  22.7  22.3  22.4  22.3  22.8  22.2  22.1  22.5  22.5  22.2  22.1  22.6  22.5  22.2  22.2  22.4  22.8  22.6  22.4  23.2  23.7  23.3  22.9  24.0  25.1 
 23.2  22.8  23.0  23.3  22.6  22.6  22.8  22.9  22.3  22.5  22.7  22.7  22.1  22.2  22.5  22.5  22.1  22.1  22.6  22.4  22.3  22.3  22.6  22.7  22.6  22.6  23.2  24.0  23.4  23.2  24.1  24.7 
 22.8  22.9  23.0  22.7  22.5  22.2  22.6  22.8  22.3  22.2  22.6  22.6  22.2  22.2  22.5  22.3  22.4  22.2  22.2  22.4  22.2  22.0  22.5  22.7  22.6  22.4  22.8  23.0  22.8  22.7  23.1  23.6 
 22.6  22.9  22.9  23.0  22.5  22.1  22.8  22.7  22.5  22.5  22.8  22.5  22.4  22.2  22.3  22.6  22.1  22.1  22.4  22.4  22.1  22.1  22.6  22.3  22.4  22.3  22.9  22.9  22.5  22.6  23.6  23.5 
 23.0  22.6  22.9  22.9  22.5  22.3  22.7  22.8  23.1  22.9  22.7  22.8  22.2  22.0  22.3  22.3  22.2  22.0  22.3  22.3  22.5  22.0  22.6  22.4  22.4  22.3  23.0  22.8  22.8  22.8  23.5  23.1 
 22.6  22.5  22.8  22.7  22.5  22.4  22.9  23.2  23.4  23.5  23.0  22.7  22.1  22.3  22.4  22.3  22.1  22.2  22.4  22.4  22.1  22.2  22.6  22.4  22.6  22.5  22.8  23.0  22.8  22.8  23.2  23.3 
 23.0  22.6  22.8  22.8  22.6  22.5  22.9  23.2  25.0  26.0  23.9  23.0  22.2  22.1  22.3  22.3  22.1  22.0  22.5  22.3  22.3  22.3  22.6  22.8  22.4  22.2  22.7  22.7  22.7  22.4  23.1  23.1 
 22.9  22.7  22.9  22.9  22.5  22.4  23.0  23.1  25.1  26.3  24.4  22.9  22.2  22.2  22.4  22.4  22.1  22.2  22.4  22.4  22.2  22.3  22.8  22.5  22.2  22.3  22.6  23.0  22.6  22.6  22.8  22.5 
 23.2  22.7  23.1  23.0  22.5  22.4  22.9  22.8  23.0  22.9  23.0  22.8  22.3  22.2  22.3  22.5  22.2  22.2  22.5  22.3  22.3  22.1  22.5  22.5  22.4  22.5  22.6  22.8  22.7  22.6  22.8  22.9 
 23.1  22.9  23.3  23.3  22.9  22.7  22.8  22.9  22.7  22.8  22.6  22.6  22.3  22.3  22.4  22.3  22.3  22.1  22.3  22.4  22.2  22.3  22.3  22.4  22.2  22.4  22.7  23.2  22.5  22.6  23.4  23.0 
 23.6  23.3  24.0  23.9  23.7  23.2  23.2  23.0  22.7  22.6  22.6  22.7  22.4  22.3  22.5  22.4  22.4  22.1  22.4  22.5  22.4  22.2  22.5  22.5  22.2  22.4  23.3  23.4  23.3  22.9  22.7  23.1 
 23.4  23.4  24.0  24.1  24.3  24.4  23.9  23.6  22.7  22.6  22.7  22.6  22.4  22.3  22.6  22.5  22.4  22.3  22.3  22.6  22.4  22.3  22.5 nan  22.4  22.5  24.0  24.8  23.6  22.9  23.1  23.6 
 24.3  23.8  25.1  25.7  27.0  27.2  32.6  34.8  32.9  29.2  23.2  22.8  22.5  22.3  22.5  22.6  22.4  22.2  22.4  22.4  22.4  22.2  22.5  22.6  22.4  22.5  23.8  24.4  23.4  22.6  23.3  23.2 
 24.3  24.6  25.6  26.4  28.2  29.9  41.6  48.7  53.4  47.2  24.3  23.1  22.4  22.4  22.5  22.4  22.3  22.3  22.4  22.5  22.3  22.2  22.6  22.6  22.3  22.3  23.1  23.2  23.1  22.8  23.2  23.2 
 24.9  25.0  26.5  27.2  30.5  33.5  54.4  62.9  74.4  70.9  34.3  25.4  22.6  22.4  22.4  22.6  22.5  22.3  22.5  22.6  22.3  22.2  22.7  22.6  22.6  22.3  22.7  22.8  22.7  22.8  23.0  23.5 
 25.0  25.1  26.5  27.3  30.3  33.9  53.1  62.4  78.1  78.8  36.8  25.9  22.6  22.6  22.5  22.5  22.2  22.2  22.5  22.5  22.4  22.4  22.7  22.6  22.3  22.3  22.8  22.7  22.7  22.7  23.4  23.3 
 24.9  25.2  26.5  27.0  29.3  31.4  43.8  53.0  72.5  69.2  29.8  24.3  22.7  22.3  22.4  22.4  22.6  22.2  22.5  22.5  22.6  22.3  22.4  22.7  22.8  22.4  22.9  22.8  22.9  22.8  23.9  23.5 
 25.0  25.2  26.1  26.5  28.4  29.4  36.6  41.8  53.6  49.0  25.6  23.5  22.7  22.5  22.7  22.6  22.3  22.2  22.5  22.8  22.4  22.2  22.7  22.9  22.4  22.6  23.1  23.0  22.8  22.7  23.3  23.5 
 25.4  24.8  26.1  26.4  26.7  26.8  28.4  29.2  29.4  27.9  23.7  23.2  22.6  22.4  22.8  22.8  22.5  22.3  22.6  22.8  22.5  22.1  22.7  22.6  22.5  22.4  23.0  22.9  23.1  22.7  23.4  23.6 
 25.2  25.2  25.9  26.1  25.9  26.0  27.1  27.2  26.7  25.8  23.4  23.1  22.7  22.6  22.8  22.7  22.4  22.5  22.9  22.6  22.3  22.5  22.7  22.7  22.4  22.5  23.0  23.0  22.7  22.9  23.8  23.7 
 25.2  24.7  25.5  25.4  25.2  25.2  25.6  25.5  24.9  24.0  23.4  23.2  22.9  22.6  22.8  22.7  22.6  22.4  22.7  22.7  22.5  22.4  22.9  22.7  22.7  22.5  23.3  23.2  23.2  23.0  23.9  24.6 
 25.1  25.0  25.4  25.5  25.1  24.8  25.2  25.1  24.4  24.2  23.5  23.4  22.8  22.9  22.9  22.9  22.4  22.4  22.8  22.9  22.4  22.5  22.8  22.9  22.7  22.6  23.2  23.3  23.3  23.1  24.6  24.9 
 26.1  25.4  25.3  24.9  24.8  24.4  24.7  24.5  24.0  23.6  23.6  23.5  23.0  22.7  22.9  23.0  22.6  22.3  22.8  23.1  22.7  22.3  23.0  23.3  23.2  22.9  23.8  23.8  23.7  23.7  25.4  26.4 
 25.8  25.7  25.1  25.1  24.4  24.6  24.6  24.5  23.7  23.6  23.5  23.3  22.9  22.8  22.8  22.8  22.6  22.5  22.8  22.8  23.0  22.5  23.1  23.1  22.9  23.0  23.9  24.1  23.8  24.0  26.4  26.3 
