 30.1  29.8  30.0  30.0  29.2  29.8  32.8  32.7  31.1  30.5  26.0  25.1  24.2  23.9  24.5  24.4  23.8  24.1  24.2  24.3  24.0  23.9  24.5  24.6  24.1  24.3  25.3  25.3  25.6  25.4  26.8  27.9 
 29.6  28.9  29.6  29.6  29.5  30.2  32.5  32.2  30.9  29.8  25.5  24.8  24.2  23.8  24.3  24.3  24.2  23.8  24.4  24.4  24.2  23.7  24.3  24.5  24.2  24.4  25.0  25.2  25.2  25.4  26.7  27.4 
 29.7  29.4  29.6  29.4  29.8  30.2  31.4  31.0  29.0  27.7  24.6  24.6  24.0  23.9  24.2  24.3  24.0  23.9  24.2  24.4  24.1  24.1  24.2  24.6  24.5  24.7  25.5  25.6  25.6  25.8  26.6  26.9 
 29.2  29.1  29.6  29.3  29.2  29.8  30.7  30.2  27.9  26.2  24.4  24.2  24.1  23.8  24.1  24.3  24.2  23.8  24.0  24.3  24.1  24.0  24.3  24.6  24.5  24.5  26.0  26.1  25.9  25.7  27.0  27.1 
 28.9  29.2  28.9  28.5  26.2  26.9  27.4  26.9  25.2  24.4  24.1  24.2  23.9  23.9  24.3  24.3  23.9  24.0  24.2  24.1  24.0  23.9  24.4  24.5  25.1  25.5  26.6  27.0  26.4  26.5  27.1  26.8 
 29.8  29.4  28.7  28.1  25.4  25.1  25.7  25.5  24.5  24.0  24.4  24.2  23.7  24.0  24.3  24.4  24.1  24.0  24.2  24.2  24.2  23.9  24.4  24.7  25.7  26.0  27.4  27.6  27.0  26.8  27.2  26.9 
 28.9  28.7  28.0  27.2  24.5  24.2  24.4  24.3  23.9  23.9  24.1  24.2  23.9  24.0  24.2  24.0  23.9  24.2  24.3  24.1  24.0  23.9  24.7  25.2  28.3  29.2  29.8  29.7  27.6  27.4  27.4  27.6 
 29.2  28.8  27.7  26.6  24.5  24.2  24.5  24.4  24.0  23.9  24.2  24.3  23.9  23.8  24.2  24.3  24.0  23.8  24.3  24.3  24.1  24.1  25.0  26.5  32.8  33.0  31.6  30.4  28.3  27.8  27.5  26.8 
 27.6  27.6  26.2  25.3  24.1  23.9  24.1  24.2  24.1  23.8  24.1  24.2  23.9  23.9  24.2  24.2  24.0  24.1  24.3  24.4  24.3  24.3  37.5  51.0  63.4  58.4  37.8  33.5  28.7  28.4  27.7  27.5 
 26.5  25.8  25.1  24.7  24.3  23.9  24.2  24.4  24.0  23.8  24.2  24.3  23.9  23.8  24.1  24.1  24.0  23.9  24.3  24.2  24.5  24.9  52.4  69.5  82.8  73.2  42.0  35.0  29.4  28.3  28.0  27.3 
 24.5  24.5  24.5  24.7  24.1  24.1  24.3  24.3  23.9  24.0  24.1  24.1  23.8  24.0  24.1  24.2  24.0  23.9  24.3  24.2  24.8  27.1  64.0  74.0  75.6  70.7  44.2  36.5  29.6  28.9  27.8  27.8 
 24.7  24.4  24.3  24.7  24.1  23.9  24.2  24.3  24.1  23.8  24.0  24.2  24.0  23.8  24.0  24.1  24.0  23.9  24.2  24.3  24.7  26.2  60.3 nan  65.4  58.2  40.4  35.6  30.1  28.6  27.6  27.7 
 24.3  24.4  24.4  24.5  23.9  24.0  24.4  24.2  23.9  24.0  24.0  24.1  24.0  23.9  24.0  24.2  24.0  23.8  24.2  24.2  24.2  24.3  34.0  42.8  46.3  42.5  33.2  31.6  29.1  28.5  27.7  27.1 
 24.4  24.3  24.5  24.6  24.2  23.8  24.3  24.5  24.0  23.6  24.1  24.3  24.0  23.8  24.0  24.1  24.0  23.8  24.2  24.3  24.2  24.1  27.5  31.2  36.0  34.2  30.4  29.9  28.5  27.6  27.6  27.1 
 24.3  24.3  24.5  24.4  24.1  24.0  24.3  24.4  24.0  23.9  24.1  24.3  23.8  23.8  24.0  24.0  24.0  23.9  24.2  24.3  24.1  24.1  24.5  24.6  26.2  26.5  27.4  27.1  26.7  26.4  26.4  26.5 
 24.2  24.2  24.5  24.5  24.1  24.0  24.3  24.3  23.9  23.8  24.2  24.1  24.0  23.9  24.1  24.1  23.9  23.9  24.1  24.2  24.1  23.9  24.5  24.4  24.9  25.3  26.5  26.7  26.2  25.7  26.1  26.4 
 24.1  24.2  24.7  24.5  24.0  23.8  24.2  24.3  23.8  23.7  24.1  24.2  23.8  23.8  24.1  24.1  24.0  23.8  24.3  24.3  24.0  24.0  24.3  24.5  24.4  24.5  25.6  25.6  25.4  25.2  25.6  26.0 
 24.5  24.2  24.7  24.5  24.1  23.9  24.2  24.3  23.9  23.9  24.0  24.1  24.0  23.7  24.2  24.1  24.0  23.9  24.2  24.4  24.1  24.0  24.5  24.4  24.3  24.1  25.2  25.4  25.2  25.0  25.5  26.0 
 24.7  24.5  24.4  24.5  24.0  24.1  24.2  24.1  24.0  24.0  24.3  24.1  23.8  24.1  24.3  24.2  24.0  24.3  24.2  24.2  24.0  24.0  24.5  24.7  24.3  24.4  24.9  25.0  24.9  24.7  25.6  25.3 
 24.5  24.5  24.7  24.6  24.0  24.0  24.2  24.3  24.0  23.7  24.2  24.2  24.2  23.8  24.2  24.3  24.2  23.9  24.4  24.2  24.2  23.9  24.6  24.6  24.4  24.3  24.7  25.1  24.8  24.9  25.7  25.7 
 24.4  24.5  24.8  25.0  24.1  24.2  24.4  24.4  24.0  24.0  24.2  24.5  24.1  24.1  24.4  24.3  24.1  24.0  24.2  24.3  24.2  24.0  24.7  24.6  24.6  24.7  25.0  25.0  24.6  24.8  25.6  26.7 
 24.9  24.4  24.7  24.7  24.4  23.9  24.5  24.2  24.2  23.9  24.3  24.5  23.9  23.8  24.2  24.5  24.1  24.0  24.4  24.4  24.2  24.1  24.6  24.6  24.3  24.1  24.9  25.4  25.2  24.6  26.2  27.3 
 25.3  25.3  25.0  25.2  24.2  24.5  24.6  24.5  24.2  24.1  24.5  24.6  24.4  24.2  24.4  24.5  24.3  24.3  24.6  24.7  24.2  24.0  24.6  24.8  24.4  24.3  25.4  25.5  25.5  25.2  27.5  28.6 
 26.1  25.4  25.1  25.1  24.7  24.4  24.6  24.8  24.3  24.2  24.6  24.6  24.2  24.2  24.6  24.4  24.2  24.3  24.5  24.7  24.3  24.0  24.7  25.0  24.4  24.4  25.4  25.5  25.6  25.4  28.0  29.1 
