 24.2  23.4  23.9  23.7  23.2  23.0  23.0  22.9  22.8  22.6  23.0  22.9  23.0  22.5  23.0  23.0  22.9  22.4  23.1  23.0  22.9  22.9  26.5  27.3  27.7  27.4  29.1  29.4  29.0  29.6  30.7  31.2 
 23.5  23.7  23.8  24.1  23.2  22.9  22.9  23.2  22.6  22.6  23.0  23.1  22.5  22.7  23.0  23.0  22.6  22.6  23.2  22.9  23.0  22.9  26.1  26.9  27.6  28.0  29.1  29.2  29.2  30.0  30.5  30.6 
 23.6  23.3  23.7  23.5  23.2  22.6  23.2  23.1  23.1  22.8  23.0  22.9  22.8  22.6  23.0  22.9  22.8  22.5  23.1  23.1  23.0  22.8  24.4  25.5  28.0  28.4  29.1  29.3  29.3  29.0  29.8  30.0 
 23.2  23.1  23.6  23.7  22.8  22.6  23.2  23.3  22.9  22.8  23.0  23.3  22.7  22.7  22.8  23.0  22.6  22.7  23.2  23.1  22.6  22.9  23.7  25.1  27.8  28.4  29.5  29.7  28.6  29.0  29.8  30.4 
 23.7  23.2  23.6  23.6  23.1  22.7  23.3  23.2  23.5  23.3  23.3  23.2  22.7  22.5  23.0  22.7  22.8  22.4  22.9  23.0  23.0  22.6  23.4  23.6  26.1  27.0  29.1  29.0  29.2  29.3  29.9  30.2 
 23.4  23.0  23.5  23.5  23.0  22.9  23.1  23.6  23.7  24.1  23.2  23.3  22.6  22.7  22.8  22.9  22.6  22.7  23.1  23.1  22.7  22.8  23.3  23.3  24.4  25.1  27.7  28.6  29.1  29.2  29.9  30.3 
 23.3  23.0  23.6  23.2  22.9  22.8  23.5  23.7  25.7  26.8  24.5  23.4  22.8  22.7  22.8  22.9  22.8  22.7  23.0  22.9  22.9  23.0  23.2  23.4  23.5  23.8  27.3  28.6  29.8  29.6  30.2  30.1 
 23.3  23.4  23.4  23.5  23.0  23.0  23.4  23.5  25.9  27.7  24.8  23.5  22.8  22.7  22.8  22.8  22.7  22.8  23.0  23.0  22.8  22.9  23.0  23.5  24.4  25.9  29.4  30.9  31.2  31.2  30.4  29.9 
 23.7  23.6  23.7  23.4  23.0  22.8  23.3  23.3  23.5  23.4  23.4  22.9  22.9  22.6  22.9  23.0  22.8  22.9  23.1  22.9  22.9  22.8  23.5  24.1  27.9  28.9  31.7  32.0  32.1  32.1  32.9  32.7 
 23.7  23.5  23.8  23.8  23.2  23.0  23.3  23.3  23.0  23.2  23.0  23.0  22.7  22.8  22.8  22.9  22.5  22.8  23.0  23.2  22.8  22.9  23.7  25.2  28.3  29.3  31.7  32.0  32.2  32.6  33.3  32.9 
 24.4  24.2  24.3  24.3  24.1  23.6  23.7  23.4  23.1  22.8  23.0  22.9  22.9  22.6  23.0  22.9  23.0  22.9  23.1  23.1  23.1  22.9  24.6  26.2  30.3  30.8  31.6  31.9  32.5  32.6  32.5  31.7 
 23.8  24.1  24.6  24.7  24.7  24.9  24.3  23.9  23.0  23.0  23.0  23.2  22.7  22.7  22.8  23.1  22.9  23.0  23.0  23.1  23.0  22.9  24.6 nan  30.5  31.0  31.7  32.2  32.6  32.7  31.3  30.2 
 25.0  24.4  25.8  26.2  27.5  27.9  33.8  36.2  34.1  30.0  23.5  23.1  22.9  22.8  23.1  22.9  22.9  22.6  23.0  22.8  22.9  22.7  24.5  26.7  30.9  31.3  32.2  32.1  31.4  30.7  29.5  28.5 
 24.7  25.0  26.1  26.7  28.6  30.5  42.8  50.1  54.4  48.2  24.9  23.6  22.8  22.8  22.8  23.1  22.8  22.7  23.0  23.0  22.8  22.9  24.3  26.3  30.8  31.2  31.9  32.1  31.7  30.6  29.8  28.9 
 25.6  25.6  27.0  27.9  31.1  34.2  55.4  63.3  74.7  71.3  33.9  25.6  23.0  22.7  23.0  22.7  22.9  22.7  23.0  23.0  23.0  22.6  23.6  24.5  29.1  30.2  31.7  31.9  31.9  31.8  32.7  32.0 
 25.4  25.6  27.4  27.9  31.2  34.5  53.7  63.1  79.0  79.5  35.8  26.0  23.0  22.9  22.9  22.9  22.6  22.7  23.0  23.1  22.8  22.8  23.3  23.9  26.3  27.3  29.3  30.0  30.0  30.5  32.1  32.3 
 25.9  25.7  27.2  27.4  29.8  31.9  44.4  53.3  72.1  67.7  29.1  24.5  23.0  22.7  23.2  23.0  23.0  22.7  23.1  23.0  23.1  22.8  23.1  23.3  23.5  23.8  24.9  25.1  25.2  25.3  27.5  27.5 
 25.6  25.8  26.7  27.3  28.7  29.9  36.9  42.1  52.7  47.7  25.6  23.9  23.0  23.0  23.2  23.2  22.9  22.9  23.1  23.4  22.8  22.9  23.3  23.5  23.1  23.3  24.4  24.5  24.4  24.5  25.6  26.2 
 25.7  25.7  26.9  26.8  27.2  27.2  28.9  29.7  29.5  27.9  24.1  23.6  22.9  23.0  23.2  23.2  23.0  22.8  23.2  23.2  23.0  22.8  23.5  23.5  23.3  23.1  23.9  23.9  24.2  24.0  25.1  25.2 
 25.6  25.8  26.4  26.6  26.6  26.6  27.6  27.7  27.0  26.2  23.8  23.6  23.0  22.9  23.2  23.3  22.8  22.8  23.3  23.1  22.8  22.9  23.4  23.4  23.0  23.3  23.8  24.0  23.6  24.0  25.1  25.5 
 25.8  25.6  26.3  26.1  26.1  25.6  26.2  25.8  25.5  24.9  24.0  23.7  23.3  23.0  23.3  23.2  23.0  23.0  23.4  23.1  23.1  22.9  23.5  23.5  23.2  23.0  23.8  24.1  24.4  24.4  25.7  26.4 
 25.5  25.5  26.0  26.2  25.5  25.6  25.7  25.7  24.7  24.5  23.8  23.8  23.1  23.2  23.3  23.5  23.0  23.1  23.2  23.3  23.0  23.2  23.5  23.6  23.2  23.4  23.7  24.2  24.5  25.0  26.4  27.6 
 26.6  26.0  25.8  25.8  25.3  24.9  25.2  24.9  24.4  24.1  23.9  23.9  23.6  23.4  23.4  23.4  23.2  22.9  23.6  23.4  23.3  23.0  23.7  23.7  23.9  23.7  25.1  26.0  26.0  25.6  27.7  27.8 
 26.9  26.3  25.6  26.0  25.2  25.2  25.2  25.2  23.9  24.1  23.8  24.1  23.4  23.4  23.5  23.6  23.3  23.2  23.5  23.6  23.3  23.5  23.8  24.0  24.1  24.7  26.3  26.6  26.3  26.0  27.7  28.8 
