 23.0  22.9  23.1  23.3  22.5  22.6  22.8  22.5  22.2  22.4  22.6  22.6  21.9  22.3  22.2  22.6  21.9  22.3  22.5  22.2  22.1  22.4  22.5  22.8  22.5  22.5  23.1  23.8  23.2  23.3  24.0  25.1 
 23.3  22.7  23.3  23.0  22.8  22.4  22.6  22.8  22.4  22.3  22.9  22.6  22.3  22.1  22.4  22.4  22.4  22.0  22.7  22.4  22.4  22.0  22.6  22.8  22.7  22.4  23.2  24.2  23.8  23.1  24.2  24.7 
 23.0  22.8  23.2  23.1  22.4  22.3  22.8  22.6  22.4  22.3  22.5  22.8  22.0  22.1  22.3  22.5  22.1  22.3  22.5  22.4  22.3  22.3  22.5  22.6  22.3  22.5  23.0  23.0  22.8  22.9  23.5  23.5 
 23.0  22.6  23.1  23.0  22.8  22.3  22.8  22.9  22.7  22.3  22.8  22.7  22.4  22.1  22.3  22.5  22.3  22.1  22.3  22.6  22.3  22.2  22.6  22.5  22.3  22.2  22.9  23.2  22.8  22.5  23.4  23.5 
 22.9  22.6  23.1  23.3  22.5  22.5  22.8  22.9  22.8  22.9  22.9  22.6  22.1  22.1  22.4  22.4  22.0  22.3  22.4  22.2  22.3  22.1  22.5  22.6  22.5  22.6  22.9  23.0  22.6  22.8  23.1  23.0 
 23.2  22.6  23.0  23.1  22.5  22.2  22.8  23.2  23.7  23.5  23.1  22.9  22.3  22.0  22.4  22.4  22.3  22.0  22.1  22.4  22.3  22.0  22.6  22.4  22.6  22.3  22.7  23.0  22.9  22.8  23.1  23.0 
 22.5  22.8  22.8  22.9  22.5  22.7  23.0  23.3  25.0  26.3  24.0  23.0  22.2  22.4  22.4  22.5  22.1  22.3  22.5  22.3  22.1  22.5  22.5  22.6  22.4  22.2  22.7  22.9  22.6  22.7  23.0  23.0 
 23.2  22.7  22.8  22.9  23.0  22.4  23.0  23.4  25.5  26.9  24.3  22.9  22.5  22.2  22.4  22.4  22.3  22.1  22.0  22.4  22.4  22.2  22.5  22.7  22.4  22.3  22.6  22.7  22.5  22.3  23.0  22.5 
 22.9  23.0  23.1  23.0  22.3  22.9  22.9  22.8  23.0  23.2  23.0  22.6  22.3  22.3  22.4  22.5  22.2  22.2  22.6  22.3  22.3  22.3  22.5  22.4  22.4  22.5  22.8  23.0  22.4  22.5  23.2  23.1 
 23.4  22.7  23.3  23.2  22.8  22.5  22.9  22.8  22.8  22.6  22.7  22.7  22.5  22.2  22.5  22.4  22.3  22.1  22.2  22.6  22.2  22.2  22.6  22.5  22.6  22.2  22.8  23.0  22.7  22.3  23.1  23.1 
 23.5  23.8  23.7  24.2  23.6  23.5  23.2  22.9  22.5  22.6  22.6  22.6  22.4  22.3  22.3  22.5  22.3  22.2  22.5  22.3  22.2  22.5  22.4  22.5  22.3  22.3  23.3  23.5  23.1  23.2  23.0  23.0 
 23.9  23.3  24.3  24.1  24.5  24.4  23.9  23.5  22.9  22.6  22.7  22.6  22.5  22.3  22.2  22.6  22.5  22.1  22.3  22.4  22.2  22.2  22.5 nan  22.6  22.1  24.1  25.0  23.6  22.9  23.1  23.4 
 24.3  24.4  25.4  25.6  26.7  27.5  32.7  34.9  33.0  29.4  23.1  22.8  22.3  22.4  22.5  22.5  22.3  22.3  22.4  22.3  22.1  22.2  22.4  22.5  22.5  22.3  23.8  24.1  23.1  22.9  23.5  23.2 
 24.6  24.5  25.8  26.4  28.5  29.8  41.6  49.1  53.5  47.4  24.5  23.2  22.7  22.4  22.5  22.5  22.4  22.2  22.4  22.5  22.4  22.1  22.4  22.5  22.5  22.3  23.0  23.3  23.2  22.8  23.1  23.6 
 24.8  25.4  26.6  27.2  30.3  33.9  54.7  63.1  74.6  71.2  34.5  25.4  22.6  22.5  22.5  22.5  22.3  22.3  22.6  22.5  22.4  22.3  22.5  22.5  22.3  22.4  22.8  22.8  22.8  22.8  23.5  23.3 
 25.0  25.0  26.7  27.6  30.7  33.9  53.4  62.6  78.7  79.2  36.9  25.9  22.5  22.4  22.3  22.6  22.5  22.3  22.6  22.6  22.4  22.2  22.5  22.6  22.3  22.2  22.9  23.0  22.8  22.5  23.4  23.5 
 25.1  25.5  26.6  26.8  29.3  31.5  44.1  53.1  72.9  69.8  29.8  24.4  22.5  22.5  22.4  22.5  22.3  22.4  22.5  22.5  22.4  22.3  22.6  22.7  22.6  22.5  22.8  23.0  22.6  22.7  23.9  23.6 
 25.1  25.2  26.2  26.5  28.5  29.3  36.6  41.9  53.8  49.2  25.6  23.6  22.6  22.2  22.5  22.7  22.2  22.3  22.4  22.6  22.6  22.5  22.6  22.8  22.5  22.3  23.0  22.9  23.0  22.4  23.2  23.5 
 25.1  25.3  26.2  26.2  26.7  27.1  28.8  29.2  29.4  27.9  23.7  23.1  22.5  22.4  22.8  22.8  22.5  22.6  22.5  22.5  22.3  22.4  22.8  22.5  22.6  22.7  22.8  22.9  22.8  22.7  23.4  23.7 
 25.2  25.2  25.9  26.0  26.1  25.9  27.1  27.0  27.1  25.6  23.3  23.0  23.0  22.6  22.8  22.7  22.5  22.3  22.8  22.5  22.7  22.1  22.7  22.9  22.6  22.5  23.1  23.0  23.2  22.7  23.3  23.8 
 24.9  24.9  25.5  25.4  25.3  25.3  25.6  25.6  24.7  24.5  23.4  23.3  22.7  22.7  22.8  22.8  22.4  22.6  22.5  22.8  22.2  22.6  23.0  22.7  22.5  22.7  23.0  23.1  22.9  23.0  23.8  24.1 
 25.0  25.0  25.6  25.4  25.1  24.8  25.3  25.4  24.7  23.9  23.5  23.3  22.8  22.5  22.8  23.1  22.5  22.3  22.6  22.8  22.5  22.6  22.9  23.0  22.9  22.4  23.2  23.3  23.1  22.8  24.5  25.2 
 25.8  25.5  25.1  25.3  24.6  24.5  24.8  24.6  24.0  23.8  23.4  23.3  22.9  22.9  22.9  22.8  22.7  22.5  23.0  22.7  22.5  22.6  23.1  23.1  22.6  22.7  23.5  23.3  23.0  23.4  25.8  25.7 
 26.1  25.7  24.8  25.2  24.4  24.2  24.6  24.4  24.2  23.4  23.4  23.5  23.0  22.7  23.0  22.9  22.8  22.4  23.0  22.9  22.8  22.3  23.2  23.5  22.9  22.5  23.5  23.8  23.7  23.7  26.5  27.4 
