 29.9  29.4  29.4  29.4  29.0  28.7  28.9  29.7  30.4  30.2  30.2  29.6  27.3  25.8  24.4  24.1  23.9  23.7  24.2  24.0  23.9  24.1  24.3  24.2  24.4  24.2  24.7  25.0  25.4  25.3  26.9  27.3 
 29.8  29.5  29.6  29.5  28.9  28.6  27.5  28.2  29.4  29.0  28.5  28.3  26.0  24.7  24.2  24.1  24.0  23.8  24.2  24.2  24.1  24.2  24.2  24.5  24.4  24.5  24.9  25.2  25.3  25.5  26.5  27.1 
 29.7  29.4  29.8  30.0  28.5  27.9  25.5  24.7  25.6  25.8  25.7  25.3  24.3  24.1  24.3  24.2  23.9  24.0  24.2  24.2  24.1  23.9  24.3  24.4  24.4  24.5  25.4  25.5  25.6  25.8  26.3  26.5 
 29.3  29.0  29.0  28.9  27.6  27.0  24.8  24.6  24.2  24.4  24.6  24.3  24.0  23.8  23.9  24.3  23.9  23.8  24.2  24.1  24.0  24.1  24.2  24.5  24.5  24.4  25.6  25.8  25.9  25.8  26.5  26.9 
 28.6  29.5  29.3  28.7  27.4  26.2  24.4  24.3  24.0  23.9  24.2  24.2  23.9  23.8  24.2  24.1  24.0  23.9  24.0  23.9  24.0  23.9  24.2  24.2  25.0  25.4  26.7  26.5  26.7  26.5  26.9  26.7 
 27.4  28.0  28.7  28.2  26.0  25.2  24.3  24.3  24.1  23.9  23.9  24.2  23.9  24.0  24.0  24.1  24.1  23.8  24.0  24.1  23.9  23.8  24.2  24.4  25.5  26.1  27.0  27.6  27.2  26.8  27.2  26.9 
 26.8  26.8  26.5  26.1  24.5  24.2  24.2  23.9  23.9  23.9  24.1  24.1  23.9  23.9  24.0  24.1  23.8  24.1  24.1  24.1  24.0  24.0  24.4  24.8  28.1  29.1  29.5  29.2  27.9  27.2  27.3  26.9 
 26.6  26.0  25.2  25.0  24.1  23.9  24.0  24.4  23.9  23.9  24.1  24.0  24.0  23.8  24.0  24.2  24.0  24.2  24.0  24.2  24.1  23.9  24.9  26.4  32.6  32.9  31.2  30.5  28.2  27.7  27.3  26.8 
 25.0  24.4  24.3  24.3  23.9  23.8  24.2  24.0  23.7  23.7  24.1  24.0  23.8  24.0  24.0  24.2  23.9  24.0  24.3  24.1  24.1  24.3  36.7  49.6  63.0  58.2  37.8  33.3  29.0  28.6  27.9  27.2 
 24.6  24.1  24.2  24.4  23.9  23.9  24.0  24.2  24.0  23.8  24.0  24.3  23.8  23.8  24.1  24.1  24.0  24.0  24.1  24.3  24.3  24.8  51.1  68.8  82.6  73.4  42.4  35.1  29.1  28.2  27.9  27.5 
 24.3  24.1  24.5  24.4  24.1  24.0  24.1  24.0  24.0  23.8  24.0  23.9  23.9  23.8  24.0  24.1  23.9  23.8  24.1  24.3  24.6  26.8  63.4  73.8  76.1  71.7  44.5  36.5  29.8  28.8  27.8  27.2 
 24.0  24.1  24.2  24.1  23.8  23.9  24.1  24.1  24.0  23.9  23.9  24.0  23.8  23.8  23.9  24.1  23.8  23.7  24.1  24.3  24.7  26.0  60.0 nan  65.9  59.0  40.8  36.0  30.0  28.7  27.3  27.3 
 24.1  24.1  24.3  24.4  23.9  24.0  24.1  24.2  23.8  23.8  24.0  23.9  23.8  24.0  24.0  24.0  23.8  24.0  24.2  24.0  24.1  24.1  33.8  42.7  47.0  43.0  33.5  31.6  29.0  28.2  27.6  27.0 
 24.3  24.2  24.3  24.5  24.0  24.0  24.0  24.0  23.8  23.7  23.9  24.1  23.8  23.8  24.0  24.1  23.9  23.9  24.1  24.2  24.2  24.1  27.2  31.1  36.3  34.6  30.3  29.7  28.5  28.0  27.3  27.2 
 23.9  24.1  24.4  24.2  24.0  23.8  24.1  23.9  23.9  23.8  23.9  24.1  23.7  23.8  24.0  24.0  23.9  23.9  24.2  24.1  24.0  23.9  24.5  24.5  26.0  26.5  27.2  27.3  26.7  26.4  26.5  26.4 
 24.2  23.9  24.4  24.4  24.0  23.7  24.1  24.2  23.8  23.9  23.9  24.0  24.0  23.9  24.0  24.0  23.8  23.8  24.1  24.3  23.9  23.9  24.2  24.2  24.8  25.2  26.4  26.5  26.1  26.0  26.1  26.1 
 24.2  24.1  24.4  24.0  23.9  23.7  24.0  24.1  24.0  23.7  23.8  23.9  23.7  23.7  24.0  24.0  23.9  23.9  24.2  24.2  24.0  24.0  24.2  24.2  24.5  24.5  25.4  25.5  25.1  25.5  25.8  25.7 
 24.4  24.2  24.1  24.2  24.0  23.9  23.9  24.2  23.9  23.8  24.0  24.0  24.0  23.8  24.0  24.1  23.9  23.9  24.1  24.3  24.0  23.9  24.1  24.3  24.4  24.2  25.0  25.0  25.4  24.9  25.7  25.7 
 24.7  24.3  24.5  24.6  23.8  24.1  24.2  24.1  23.8  23.8  24.1  24.0  23.9  23.9  24.0  24.0  24.0  24.0  24.1  24.2  23.9  23.7  24.3  24.4  24.3  24.4  24.8  24.7  24.7  24.8  25.3  25.5 
 24.0  24.5  24.2  24.5  23.9  24.0  23.9  24.2  23.7  23.9  24.0  24.2  24.0  23.8  24.0  24.0  23.9  23.8  24.3  24.2  24.1  23.9  24.5  24.4  24.3  24.4  24.9  24.7  24.5  24.9  25.6  25.3 
 24.5  24.3  24.5  24.6  24.3  24.0  24.3  24.1  24.1  23.8  24.2  24.1  23.9  23.9  24.1  24.1  23.9  23.8  24.3  24.2  24.1  24.0  24.3  24.5  24.6  24.4  24.9  24.9  24.6  24.8  25.8  25.9 
 24.7  24.6  24.4  24.7  24.3  24.1  24.1  24.5  23.8  23.9  24.1  24.3  24.1  23.8  24.1  24.2  24.2  24.0  24.5  24.4  24.2  24.2  24.4  24.6  24.2  24.4  24.9  24.9  24.6  24.6  25.8  27.1 
 25.3  25.1  24.9  24.7  24.6  24.2  24.7  24.4  24.0  24.1  24.3  24.3  24.0  24.1  24.3  24.5  24.3  24.4  24.4  24.3  24.4  24.1  24.8  24.6  24.5  24.2  25.2  25.2  25.1  25.2  27.2  28.2 
 25.5  25.2  24.8  24.9  24.4  24.6  24.6  24.6  24.2  24.3  24.2  24.5  24.0  23.9  24.3  24.4  24.3  24.2  24.3  24.6  24.2  24.3  24.6  24.7  24.4  24.5  25.1  25.4  25.4  25.7  27.6  29.6 
