 24.0  23.4  23.5  23.4  23.2  23.2  22.9  22.8  22.8  22.5  22.8  22.9  22.7  22.6  22.6  22.9  22.9  22.8  23.0  22.8  22.8  22.7  23.0  23.0  25.3  26.2  28.8  29.1  29.2  29.1  28.8  29.5 
 23.6  23.4  23.5  23.8  23.2  23.0  23.0  23.1  23.0  22.7  22.9  22.8  22.5  22.8  22.9  22.7  22.7  22.6  22.9  22.7  22.9  22.7  22.9  23.2  24.9  26.7  28.5  28.7  28.5  28.6  29.0  29.4 
 23.4  23.5  23.7  23.1  23.1  22.7  22.8  23.2  22.8  22.8  23.0  23.0  22.7  22.6  23.1  22.9  22.9  22.7  22.8  22.8  22.7  22.8  23.0  23.1  24.4  25.6  28.1  28.1  28.4  28.6  29.1  29.2 
 23.8  23.2  23.4  23.1  22.9  22.9  23.0  22.9  23.1  22.8  23.1  22.8  22.6  22.6  22.8  22.7  22.8  22.7  23.0  22.9  22.8  22.7  22.9  23.0  24.0  25.1  28.0  28.2  28.0  28.1  29.3  29.2 
 23.6  23.6  23.6  23.6  23.0  22.7  23.1  23.1  23.4  23.3  23.0  22.9  22.8  22.7  22.8  22.7  22.7  22.5  22.8  22.7  22.8  22.8  22.9  23.1  23.1  23.5  25.6  26.2  27.4  27.6  28.4  29.1 
 23.3  23.3  23.4  23.3  22.7  23.1  23.2  23.0  23.8  23.8  23.4  22.9  22.5  22.8  22.6  22.9  22.7  22.7  22.8  22.9  22.7  22.9  23.0  23.0  23.2  23.0  24.1  24.8  27.0  27.7  29.4  29.3 
 23.3  23.2  23.4  23.2  23.0  23.0  23.1  23.4  25.4  26.6  23.9  23.4  22.9  22.7  22.7  22.8  22.8  22.6  22.8  22.7  22.8  22.8  23.3  23.0  23.0  22.9  23.3  23.4  25.8  27.3  29.3  29.7 
 23.5  23.3  23.2  23.2  23.1  22.9  23.2  23.4  26.0  27.5  24.6  23.2  22.8  22.7  22.8  22.8  22.9  22.6  22.9  22.7  22.8  23.0  23.1  23.0  23.0  22.9  23.3  23.2  26.1  28.8  30.6  29.8 
 23.8  23.4  23.3  23.3  22.9  23.0  23.2  23.3  23.6  23.7  23.1  22.9  22.9  22.9  22.8  22.9  22.8  22.9  22.9  22.8  23.0  22.9  23.1  23.0  23.2  23.1  23.6  23.9  28.5  30.0  31.6  31.7 
 23.8  23.5  23.5  23.4  23.3  23.2  22.9  23.1  23.2  23.1  23.2  22.9  22.7  22.7  22.8  22.7  22.9  22.8  23.0  23.0  22.9  22.9  23.1  22.9  23.1  22.9  24.1  25.7  29.5  30.3  31.8  32.0 
 24.2  24.1  24.2  24.4  24.0  23.7  23.2  23.5  23.0  23.0  22.9  22.8  22.8  22.7  22.9  23.0  23.0  22.8  22.8  22.9  22.8  22.8  23.1  23.0  23.0  23.2  25.5  27.6  30.2  30.4  31.9  32.0 
 24.0  23.9  24.3  24.5  24.7  24.7  23.9  23.6  23.4  23.0  22.9  22.7  22.9  22.8  22.9  22.8  22.9  23.0  22.9  22.8  22.9  22.9  23.0 nan  23.0  23.1  26.0  27.7  30.1  30.6  31.7  31.6 
 24.7  24.6  25.4  26.0  27.2  27.8  32.6  34.6  32.4  28.9  23.2  23.2  22.9  22.9  23.0  23.0  23.0  22.8  23.0  22.8  22.9  22.7  23.0  23.2  23.1  23.2  26.8  28.5  30.8  30.8  31.9  32.1 
 25.1  25.1  26.1  26.5  28.7  30.1  41.4  48.4  52.9  46.4  24.6  23.5  23.1  22.9  22.8  22.8  22.8  22.8  22.8  23.0  22.9  22.8  23.1  23.2  23.1  23.1  26.5  28.4  30.9  31.1  31.8  32.0 
 25.5  25.6  26.9  27.4  30.9  34.2  55.0  63.4  74.3  71.0  34.2  25.5  23.0  22.9  22.9  22.9  23.0  22.8  22.9  22.9  22.8  22.7  22.8  23.2  23.0  23.2  25.7  27.5  31.2  31.3  32.5  32.9 
 25.6  25.7  27.0  27.4  31.0  34.5  53.8  62.9  78.5  79.0  36.7  26.1  23.1  23.1  22.9  22.8  22.9  22.9  22.8  22.9  22.9  22.9  23.0  23.1  23.0  22.9  25.1  27.0  31.0  31.5  32.4  32.8 
 25.9  25.7  26.8  27.1  30.0  32.0  44.8  53.9  73.9  70.8  30.2  24.7  23.0  22.8  22.8  22.8  23.0  22.9  22.9  22.9  23.1  22.8  22.9  22.8  23.0  22.8  23.3  24.4  28.7  29.6  32.2  31.8 
 25.6  25.7  26.7  27.1  29.0  30.0  37.3  42.9  54.9  50.2  25.8  23.8  23.0  23.0  22.9  22.9  23.0  22.7  22.9  22.8  23.0  23.0  23.1  23.0  23.1  22.9  23.5  23.5  26.3  28.1  29.9  29.4 
 25.6  25.7  26.7  26.9  27.1  27.2  29.0  30.0  29.9  28.4  24.0  23.4  23.0  23.0  22.8  23.2  23.1  22.9  23.0  23.1  23.0  22.6  23.1  23.1  23.2  23.1  23.3  23.3  23.8  24.2  26.0  26.0 
 25.7  26.0  26.3  26.6  26.6  26.6  27.6  27.8  27.5  26.3  23.9  23.3  23.2  23.1  23.2  23.0  22.9  22.9  23.0  23.0  23.1  22.9  23.1  23.0  23.0  23.0  23.4  23.4  23.5  23.9  25.5  25.9 
 25.9  25.5  26.0  26.4  25.8  26.0  25.7  25.7  25.6  24.8  23.6  23.5  23.3  23.2  23.2  23.1  22.8  23.2  23.0  23.3  23.1  23.0  23.3  23.4  23.4  23.3  23.6  23.7  24.0  24.5  25.7  26.1 
 25.5  25.6  25.9  25.9  25.7  25.7  25.9  25.9  24.9  24.7  23.7  23.8  23.3  23.2  23.1  23.3  23.1  23.2  23.1  23.3  23.1  23.1  23.4  23.2  23.2  23.4  23.6  24.1  24.8  25.1  26.5  27.1 
 26.5  25.7  25.6  25.9  25.3  25.2  25.1  25.0  24.5  24.4  23.8  23.9  23.7  23.4  23.3  23.4  23.1  23.2  23.4  23.5  23.5  23.2  23.6  23.5  23.9  23.9  25.5  25.8  26.3  26.2  27.0  27.3 
 27.4  26.4  25.6  25.6  25.3  25.5  24.8  24.8  24.3  24.3  23.9  23.7  23.5  23.4  23.4  23.5  23.3  23.3  23.5  23.4  23.3  23.4  23.7  24.0  24.7  24.9  26.6  26.8  26.9  26.2  27.2  28.5 
