 30.3  29.6  30.1  29.9  29.5  29.3  30.1  30.3  30.8  30.4  29.6  28.8  24.6  24.1  24.0  24.2  23.9  23.8  24.2  24.3  24.1  23.8  24.3  24.7  24.3  24.2  24.8  25.4  25.6  25.1  26.6  28.0 
 29.6  29.7  29.6  29.7  29.3  29.2  29.6  30.2  29.7  29.4  28.0  27.2  24.2  24.1  24.3  24.1  24.1  24.0  24.2  24.1  23.9  24.1  24.4  24.4  24.1  24.3  24.9  24.9  25.3  25.6  26.5  27.6 
 30.4  29.9  30.6  30.0  28.9  28.1  26.7  26.9  26.6  26.1  25.4  24.8  24.2  23.9  24.2  24.4  24.0  23.8  24.0  24.2  24.0  23.9  24.2  24.5  24.5  24.4  25.2  25.5  25.6  25.6  26.1  26.5 
 29.8  29.5  30.0  29.7  28.2  27.5  25.5  25.2  25.2  24.6  24.4  24.4  24.0  23.9  24.0  24.3  24.0  23.9  24.1  23.9  24.0  23.8  24.5  24.3  24.1  24.7  25.4  26.1  25.8  26.0  26.7  26.7 
 29.8  29.7  29.1  28.5  27.1  25.9  24.1  24.3  24.1  23.9  24.2  24.0  23.9  23.9  24.0  24.1  24.1  23.9  24.1  24.0  24.1  23.7  24.3  24.3  25.1  25.1  26.5  26.9  26.4  26.4  26.8  26.9 
 29.0  29.5  29.3  28.5  26.4  25.6  24.3  24.2  23.9  24.0  24.0  24.1  23.9  23.9  24.1  24.2  24.0  23.8  24.2  24.0  23.9  23.9  24.2  24.4  25.6  26.2  27.0  27.5  26.9  26.8  27.1  26.9 
 27.1  27.1  27.3  27.1  25.0  24.2  24.2  24.3  23.9  23.8  24.2  24.2  24.1  23.7  24.0  24.1  23.9  23.9  24.0  24.3  24.2  23.9  24.5  25.1  28.2  29.0  29.6  29.3  27.9  27.4  27.3  27.3 
 26.8  26.9  26.5  25.8  24.2  24.0  24.1  24.2  23.8  23.9  24.2  24.1  24.1  23.9  24.0  24.2  24.0  23.9  24.1  24.2  24.0  23.9  25.0  26.5  32.6  33.2  31.3  30.3  28.1  27.9  27.1  26.5 
 26.1  25.2  24.4  24.5  24.2  23.9  24.2  24.1  24.0  23.8  24.1  24.1  24.0  23.8  24.1  24.2  24.0  23.8  24.3  24.2  24.2  24.2  36.6  49.8  63.0  58.1  38.0  33.5  29.0  28.2  27.5  27.2 
 24.9  24.3  24.2  24.5  24.2  24.1  24.1  24.1  23.9  23.9  24.1  24.4  23.9  23.8  24.0  24.2  24.0  24.0  24.3  24.3  24.2  24.7  51.3  68.6  82.5  73.4  42.3  35.0  29.2  28.3  27.8  27.3 
 24.3  24.0  24.2  24.5  24.0  23.9  24.0  24.0  24.0  23.9  24.0  24.1  23.9  23.7  24.0  24.1  24.0  23.8  24.1  24.2  24.8  26.8  63.3  73.7  76.2  71.5  44.6  36.3  29.8  28.9  27.4  27.0 
 24.1  23.9  24.3  24.2  23.9  23.9  24.1  24.2  23.8  23.9  24.0  24.1  23.9  23.8  24.0  24.2  23.9  23.9  24.1  24.2  24.6  26.1  59.9 nan  65.9  59.0  40.8  35.9  29.7  28.7  27.6  27.6 
 24.4  23.8  24.3  24.4  24.1  23.9  24.3  24.3  24.0  23.8  24.1  24.0  23.9  23.8  24.0  24.1  24.1  23.7  24.1  24.1  24.2  24.3  33.9  42.9  46.8  43.1  33.4  31.7  29.3  28.4  27.6  27.1 
 24.2  24.2  24.3  24.6  24.0  24.0  24.2  24.3  23.9  23.7  24.0  24.2  23.9  23.8  24.1  24.1  23.8  23.9  24.1  24.1  24.0  24.0  27.5  31.0  36.0  34.6  30.4  29.7  28.2  27.7  27.0  27.3 
 24.2  24.0  24.2  24.5  24.1  23.9  24.1  24.0  23.9  23.8  23.9  24.2  23.9  23.7  24.1  24.1  24.0  23.7  24.2  24.1  24.0  24.0  24.5  24.6  26.0  26.5  27.2  27.2  26.7  26.3  26.2  26.2 
 24.1  24.1  24.6  24.3  24.0  23.7  24.1  24.1  23.7  23.7  24.1  24.0  23.9  23.9  24.0  24.2  23.9  23.8  24.1  24.3  24.0  24.0  24.4  24.3  24.9  25.2  26.4  26.5  26.1  25.9  26.1  26.3 
 24.4  24.2  24.4  24.2  24.0  23.8  24.0  24.0  23.9  23.7  24.0  24.0  23.9  23.8  24.0  24.1  24.0  23.9  24.1  24.1  24.1  23.8  24.1  24.2  24.5  24.1  25.3  25.4  25.3  25.3  25.6  26.1 
 24.4  24.0  24.4  24.4  23.8  23.8  24.0  24.3  23.9  23.9  23.9  24.0  23.7  23.9  24.1  24.2  24.0  23.9  24.2  24.4  23.8  23.9  24.3  24.3  24.2  24.3  25.1  25.0  25.0  25.0  25.5  25.8 
 24.7  24.0  24.6  24.7  24.2  23.8  24.1  24.1  24.0  23.8  24.1  24.2  24.1  23.7  24.0  24.4  24.0  23.9  23.8  24.4  24.0  23.9  24.2  24.4  24.3  24.2  24.7  24.9  24.7  24.7  25.3  25.5 
 24.3  24.3  24.5  24.5  24.1  23.8  24.3  24.1  23.8  23.9  23.9  23.9  23.8  23.8  24.2  24.0  24.0  24.0  24.2  24.1  23.9  23.9  24.4  24.4  24.2  24.1  24.9  24.9  24.5  24.8  25.4  25.7 
 24.7  24.5  24.7  24.9  24.3  23.9  24.4  24.2  24.1  23.9  24.2  24.0  24.1  23.7  24.2  24.3  24.0  23.9  24.3  24.4  24.3  23.9  24.4  24.7  24.6  24.3  24.9  25.0  24.6  24.7  25.6  26.2 
 24.3  24.6  24.6  24.9  24.1  24.4  24.3  24.3  23.7  23.9  24.0  24.1  23.8  23.8  24.0  24.5  23.9  24.0  24.5  24.4  24.0  24.2  24.4  24.6  24.0  24.4  24.9  24.9  24.7  24.6  26.5  27.1 
 25.3  24.7  24.7  25.0  24.6  24.0  24.4  24.5  24.1  23.8  24.3  24.6  24.4  24.0  24.2  24.5  24.5  24.1  24.5  24.5  24.5  24.2  24.5  24.6  24.6  24.4  25.4  25.2  25.5  25.0  27.2  28.2 
 24.9  25.4  25.1  24.9  24.3  24.2  24.5  24.6  24.0  24.4  24.5  24.4  24.1  24.1  24.4  24.3  24.0  24.2  24.7  24.5  24.0  24.4  24.6  24.9  24.4  24.5  25.1  25.6  25.0  25.7  28.5  28.2 
