 23.2  23.1  23.0  23.4  22.7  22.8  22.6  22.7  22.3  22.6  22.4  22.5  22.4  22.4  22.2  22.3  22.3  22.3  22.3  22.7  22.2  22.3  22.6  22.8  22.8  22.6  23.1  24.0  23.4  23.0  24.0  24.8 
 23.4  22.5  23.1  23.0  22.7  22.3  22.6  22.6  22.4  22.2  22.6  22.8  22.5  22.0  22.6  22.3  22.3  22.0  22.6  22.5  22.2  22.2  22.5  22.4  22.6  22.5  23.3  24.0  23.6  23.1  23.8  24.4 
 22.8  22.8  23.2  23.1  22.7  22.4  22.7  22.9  22.5  22.8  22.5  22.8  22.5  22.2  22.4  22.5  22.3  22.3  22.1  22.3  22.3  22.4  22.4  22.8  22.5  22.6  22.8  23.2  22.7  22.9  23.6  24.0 
 23.3  22.5  23.3  22.9  22.3  22.4  23.0  22.5  22.8  22.5  22.8  22.6  22.4  22.1  22.4  22.2  22.3  21.9  22.5  22.3  22.3  22.2  22.7  22.7  22.6  22.5  23.1  22.6  22.9  22.5  23.5  23.6 
 23.2  23.0  22.8  22.9  22.4  22.4  22.7  23.0  22.9  23.2  22.7  22.7  22.3  22.3  22.4  22.5  22.3  22.3  22.4  22.4  22.3  22.4  22.4  22.6  22.4  22.5  22.8  23.0  22.8  22.8  22.9  23.4 
 22.9  22.7  23.2  22.7  22.6  22.4  22.8  22.8  23.4  23.9  23.2  22.7  22.4  22.3  22.2  22.3  22.4  22.1  22.5  22.4  22.3  22.3  22.5  22.6  22.5  22.3  23.0  22.6  22.9  22.9  23.3  22.8 
 22.9  22.8  22.8  23.3  22.8  22.6  22.7  23.2  24.8  26.3  23.9  23.1  22.3  22.3  22.5  22.5  22.3  22.3  22.3  22.4  22.4  22.2  22.4  22.5  22.5  22.4  22.6  23.1  22.6  22.6  23.2  23.2 
 23.3  22.6  22.9  22.7  22.7  22.4  23.0  23.2  25.5  26.7  24.3  22.8  22.6  22.2  22.4  22.3  22.3  22.1  22.3  22.2  22.3  22.2  22.6  22.6  22.5  22.3  22.8  22.7  22.8  22.5  23.1  22.2 
 23.1  23.0  23.1  23.1  22.5  22.7  22.7  23.1  23.0  23.1  22.8  22.7  22.4  22.2  22.5  22.6  22.4  22.3  22.5  22.5  22.4  22.3  22.4  22.6  22.4  22.4  22.4  22.9  22.8  22.6  22.9  23.0 
 23.3  22.9  23.5  23.0  22.9  22.6  22.9  22.8  22.7  22.7  22.9  22.3  22.3  22.3  22.3  22.2  22.3  22.0  22.4  22.4  22.3  22.3  22.6  22.3  22.6  22.5  22.8  22.8  22.7  22.8  23.2  22.9 
 23.9  23.7  23.7  24.0  23.6  23.6  23.0  23.0  22.4  22.9  22.6  22.7  22.4  22.3  22.4  22.4  22.3  22.4  22.3  22.4  22.3  22.4  22.3  22.8  22.4  22.6  23.0  23.7  23.4  23.3  23.0  23.6 
 23.6  23.3  24.2  24.2  24.3  24.2  23.9  23.4  22.9  22.7  22.6  22.5  22.4  22.4  22.4  22.3  22.3  22.1  22.5  22.3  22.4  22.2  22.6 nan  22.4  22.3  24.2  24.8  23.8  22.6  23.1  23.1 
 24.3  24.3  25.2  25.7  26.8  27.6  32.6  35.0  33.1  29.5  23.0  22.8  22.3  22.4  22.5  22.6  22.3  22.3  22.5  22.4  22.3  22.3  22.3  22.7  22.5  22.5  23.7  24.4  23.2  22.9  23.1  23.4 
 24.5  24.5  25.7  26.5  28.4  30.0  41.6  48.9  53.6  47.3  24.5  23.0  22.6  22.3  22.5  22.3  22.2  22.1  22.5  22.4  22.3  22.3  22.7  22.4  22.4  22.4  23.2  23.0  23.1  22.9  23.1  23.1 
 25.0  25.0  26.4  27.1  30.5  33.8  54.7  63.2  74.7  71.4  34.3  25.4  22.6  22.7  22.5  22.5  22.3  22.3  22.4  22.7  22.4  22.4  22.5  22.6  22.5  22.4  22.7  22.8  22.7  23.0  23.3  23.7 
 25.4  25.0  26.9  27.4  30.6  33.8  53.5  62.6  78.6  79.2  36.9  25.6  22.7  22.5  22.5  22.4  22.4  22.3  22.6  22.6  22.4  22.5  22.6  22.6  22.5  22.3  22.8  22.8  22.9  22.8  23.6  23.0 
 25.0  25.4  26.4  26.9  29.4  31.4  44.1  53.2  72.9  69.7  29.8  24.3  22.6  22.5  22.5  22.5  22.4  22.4  22.4  22.6  22.4  22.4  22.4  22.7  22.5  22.6  22.8  22.9  22.6  22.9  23.2  23.5 
 25.1  25.0  26.1  26.5  28.4  29.4  36.7  41.7  53.9  49.1  25.7  23.4  22.7  22.5  22.6  22.5  22.5  22.2  22.7  22.5  22.5  22.2  22.5  22.6  22.7  22.4  23.0  22.7  23.0  22.5  23.4  23.3 
 25.4  25.4  25.9  26.4  26.6  26.9  28.1  29.6  29.5  27.8  23.7  23.2  22.6  22.8  22.5  22.8  22.4  22.4  22.5  22.7  22.4  22.5  22.7  22.8  22.6  22.8  22.7  23.2  23.0  22.7  23.1  23.6 
 24.9  25.0  26.1  25.9  26.0  25.9  27.1  27.3  26.8  25.9  23.6  23.0  22.8  22.4  22.9  22.6  22.5  22.3  22.8  22.6  22.5  22.2  22.8  22.8  22.7  22.5  23.2  22.8  22.9  23.1  23.7  23.7 
 25.1  25.1  25.3  25.7  25.4  25.2  25.7  25.7  25.0  24.6  23.4  23.3  22.8  22.7  22.6  22.8  22.6  22.6  22.4  22.8  22.5  22.5  22.7  23.1  22.8  22.7  22.7  23.4  22.7  22.9  23.8  24.6 
 25.2  24.8  25.1  25.4  25.1  24.8  25.3  25.1  24.6  24.0  23.6  23.2  22.7  22.6  22.9  22.5  22.4  22.5  22.9  22.6  22.6  22.6  22.9  22.9  22.8  22.4  23.2  23.1  23.0  23.0  24.0  24.6 
 26.1  25.3  25.2  25.3  24.9  24.5  24.5  24.7  24.1  23.9  23.3  23.6  22.8  23.0  22.8  22.9  22.7  22.6  22.9  23.0  22.9  22.6  22.8  23.2  22.6  22.8  23.6  23.5  23.6  23.7  25.1  26.6 
 26.5  25.4  25.4  25.0  24.6  24.5  24.5  24.2  23.7  23.5  23.6  23.2  23.0  22.6  23.2  22.8  22.7  22.6  22.9  22.8  22.9  22.6  23.4  22.9  22.8  22.8  23.5  23.6  23.9  23.7  26.1  26.5 
