 29.9  29.4  29.7  29.4  29.0  29.0  29.1  29.3  29.8  29.2  28.9  27.7  24.7  24.0  24.0  24.2  24.1  23.8  24.3  24.2  23.9  23.9  24.6  24.2  24.2  24.3  24.8  24.9  25.6  25.4  27.1  27.3 
 30.0  29.7  29.5  29.8  28.6  28.7  28.2  28.7  28.3  28.3  26.9  26.7  23.8  24.1  24.1  24.2  23.9  24.0  24.2  24.4  24.1  24.0  24.3  24.5  24.2  24.7  24.7  25.2  25.3  25.5  26.1  27.1 
 29.7  29.2  29.8  29.5  28.8  27.9  26.1  25.3  25.5  25.4  24.7  24.2  24.0  24.1  24.4  24.1  23.9  24.0  24.0  24.0  23.9  24.0  24.2  24.3  24.4  24.4  25.4  25.3  25.6  25.7  26.3  26.7 
 29.1  29.1  29.1  28.7  28.0  27.0  25.1  24.6  24.5  24.4  24.3  24.1  23.9  24.0  23.9  24.2  23.8  23.9  24.1  24.1  24.0  24.0  24.1  24.2  24.5  24.4  25.6  25.8  25.8  26.2  26.3  27.1 
 28.5  29.2  29.3  28.8  27.4  26.7  24.4  24.1  24.0  24.0  24.3  24.0  23.9  23.9  24.2  24.0  23.9  23.7  24.0  24.0  23.9  23.8  24.3  24.2  25.0  25.3  26.7  26.5  26.5  26.5  26.9  26.7 
 27.4  27.7  28.7  28.1  26.1  25.6  24.2  24.2  23.9  23.9  23.9  24.1  23.8  23.9  23.9  24.3  23.9  23.9  23.9  24.2  24.0  24.0  24.3  24.4  25.5  26.1  27.3  27.5  26.8  27.0  27.1  26.9 
 26.8  26.5  26.4  25.7  24.5  24.1  24.2  24.0  24.0  23.8  24.1  24.0  24.0  23.9  24.2  24.0  24.0  24.0  24.1  24.1  24.1  24.0  24.6  24.8  28.1  29.0  29.8  29.1  27.7  27.5  27.5  26.9 
 26.5  25.7  25.0  24.9  23.9  23.9  24.0  24.2  23.8  23.9  24.0  24.0  24.0  23.7  24.0  24.1  24.0  24.1  24.1  24.2  23.8  24.0  24.9  26.5  32.5  33.1  31.2  30.2  27.9  27.9  27.1  26.8 
 25.0  24.2  24.4  24.2  24.2  24.1  24.2  24.0  24.0  23.9  24.2  23.9  23.9  24.0  24.2  24.1  23.9  24.0  24.3  24.2  24.3  24.3  36.8  49.6  63.1  58.0  38.0  33.3  28.8  28.3  27.9  26.9 
 24.3  24.3  24.4  24.4  23.9  23.9  24.0  24.2  23.9  24.0  23.7  24.2  24.0  23.9  24.0  24.1  23.9  23.9  24.1  24.3  24.3  24.9  51.2  68.6  82.6  73.4  42.2  34.9  29.1  28.6  27.7  27.5 
 24.5  24.2  24.3  24.0  23.9  23.8  24.2  24.1  24.0  23.8  24.0  23.9  23.9  23.7  24.0  24.0  24.0  23.9  24.3  24.1  24.6  26.8  63.4  73.6  76.1  71.5  44.7  36.4  29.7  28.9  27.8  27.3 
 24.2  24.0  23.9  24.5  23.8  23.9  24.1  24.2  23.9  23.8  24.1  24.1  23.8  23.9  24.0  24.2  23.8  24.0  24.1  24.1  24.5  26.0  60.0 nan  65.9  59.0  40.8  36.0  29.7  28.7  27.3  27.3 
 24.3  24.1  24.4  24.4  23.9  23.9  24.2  24.2  23.6  23.8  24.0  23.9  23.8  23.8  24.0  24.0  24.0  23.8  24.2  24.0  24.1  24.3  33.9  42.9  46.9  43.0  33.5  31.5  29.3  28.5  27.6  27.5 
 24.2  24.0  24.3  24.2  24.2  24.0  24.1  24.0  23.9  23.7  24.0  24.1  23.8  23.8  23.9  24.1  23.9  24.1  24.1  24.2  24.0  24.2  27.3  31.1  36.3  34.7  30.6  29.7  28.3  28.0  27.0  27.3 
 24.2  24.1  24.2  24.0  24.0  23.9  24.3  23.9  23.9  23.8  24.1  24.1  24.0  23.8  23.9  24.1  23.9  23.7  24.3  24.2  24.0  24.0  24.5  24.4  26.0  26.5  27.2  27.0  26.6  26.5  26.2  26.1 
 24.1  24.2  24.5  24.3  23.8  24.0  24.0  24.1  23.9  23.8  24.0  24.1  24.0  23.8  23.9  24.1  23.8  23.9  24.0  24.2  23.9  24.0  24.2  24.5  25.0  25.1  26.2  26.5  26.1  26.0  26.1  26.4 
 24.2  24.1  24.4  24.0  24.0  23.8  24.3  24.0  23.8  23.7  24.1  23.9  23.9  23.7  24.0  23.8  23.9  23.9  24.2  24.2  24.0  23.9  24.3  24.1  24.5  24.4  25.6  25.3  25.3  25.2  25.8  25.4 
 24.1  24.1  24.1  24.4  23.7  23.9  23.9  24.1  23.9  23.9  24.0  24.0  24.0  23.8  23.9  24.2  24.1  24.0  24.1  24.3  23.9  23.8  24.1  24.3  24.1  24.3  25.0  25.1  25.0  24.7  25.3  25.7 
 24.5  24.2  24.6  24.1  24.0  23.7  24.1  24.0  24.1  23.6  24.1  24.0  23.9  23.8  24.2  23.9  23.9  23.8  24.3  24.2  24.0  23.7  24.5  24.3  24.4  24.2  25.1  24.9  24.9  24.7  25.8  25.3 
 24.4  24.3  24.4  24.7  23.8  23.9  24.1  24.3  23.8  23.8  23.9  24.1  24.0  23.8  24.0  24.1  23.9  23.9  24.0  24.1  23.9  24.0  24.3  24.4  24.3  24.6  24.6  24.9  24.7  24.9  25.4  25.7 
 24.5  24.3  24.8  24.3  24.2  24.1  24.3  23.9  24.0  23.9  24.1  24.2  24.0  23.8  24.2  24.2  23.9  24.1  24.2  24.2  24.0  23.9  24.7  24.5  24.4  24.3  24.9  24.9  25.0  24.5  25.9  25.9 
 24.7  24.7  24.4  24.7  24.3  24.1  24.2  24.5  23.9  24.0  23.9  24.3  23.8  23.9  24.2  24.3  24.0  24.0  24.3  24.4  24.0  24.2  24.4  24.5  24.2  24.3  24.8  25.1  24.8  24.8  26.0  26.8 
 25.3  24.7  24.9  24.5  24.4  24.3  24.7  24.4  24.3  24.0  24.4  24.2  24.2  24.2  24.4  24.2  24.2  24.3  24.5  24.4  24.1  24.1  24.7  24.5  24.3  24.2  25.2  25.4  24.8  25.2  27.5  27.3 
 25.2  24.9  24.8  25.1  24.1  24.5  24.4  24.8  24.1  24.1  24.2  24.5  24.1  24.1  24.4  24.5  24.0  24.4  24.2  24.5  24.2  24.2  24.6  24.6  24.4  24.3  24.7  25.4  24.8  25.9  26.8  29.2 
