 29.7  29.0  29.7  29.5  29.4  28.6  29.8  29.7  30.3  29.5  28.6  27.5  24.3  23.9  24.2  24.2  24.0  23.7  24.3  24.3  24.1  23.8  24.5  24.4  24.4  24.1  25.1  24.9  25.7  25.1  26.3  28.0 
 29.4  29.6  29.3  30.0  28.6  28.9  28.8  29.5  28.5  28.5  27.2  26.2  23.9  24.1  24.1  24.1  23.8  23.8  24.1  24.0  23.8  23.9  24.1  24.3  24.1  24.4  24.9  25.4  24.9  25.6  27.0  27.4 
 30.4  29.7  30.4  30.0  28.9  27.9  26.6  25.8  25.9  25.2  24.9  24.3  24.0  24.0  24.2  24.2  23.9  23.8  24.1  24.1  24.1  24.0  24.2  24.4  24.5  24.4  25.5  25.5  25.8  25.5  26.3  26.5 
 29.4  29.8  29.9  29.9  28.3  27.9  25.5  25.0  24.3  24.3  24.2  24.4  23.7  24.0  24.0  24.3  24.0  24.1  24.0  24.2  23.7  24.0  24.2  24.3  24.2  24.7  25.5  25.8  25.6  26.1  26.5  26.9 
 29.7  29.3  29.2  28.7  27.2  25.9  24.6  24.3  24.1  23.8  24.0  24.0  24.1  23.8  24.2  24.2  24.1  23.7  24.1  24.1  24.2  23.8  24.3  24.3  25.1  25.3  26.5  26.7  26.7  26.4  27.1  26.7 
 29.0  29.7  29.0  28.5  26.3  25.8  24.1  24.2  23.9  24.1  24.0  24.2  23.8  24.0  24.1  24.1  23.8  24.0  24.1  24.2  23.8  24.0  24.4  24.5  25.5  26.3  27.3  27.3  26.6  26.8  27.1  26.7 
 27.7  27.2  27.7  26.6  24.6  23.8  24.3  24.1  24.1  23.7  24.2  24.2  24.0  23.6  24.2  24.0  23.9  24.0  24.0  24.1  24.3  24.1  24.5  25.0  28.3  29.0  29.6  29.1  27.9  27.1  27.3  27.4 
 27.1  26.9  26.0  25.7  24.0  24.1  24.3  24.3  23.9  24.0  24.2  24.0  23.7  24.0  24.2  24.2  23.9  24.1  24.2  24.2  24.0  24.0  24.9  26.4  32.4  32.9  31.4  30.2  28.0  27.7  27.2  26.6 
 26.1  25.0  24.8  24.4  24.1  23.7  24.1  24.1  23.8  23.8  24.1  24.0  23.9  23.9  24.2  24.2  24.0  23.8  24.3  24.3  24.2  24.1  36.7  49.7  62.9  58.0  38.0  33.3  29.1  28.3  27.6  27.2 
 24.9  24.5  24.4  24.5  23.9  24.0  23.9  24.2  23.8  23.9  23.9  24.1  23.8  23.8  24.1  23.9  23.6  24.0  24.2  24.3  24.3  24.9  51.3  68.5  82.5  73.4  42.3  35.1  29.0  28.3  27.5  27.6 
 24.3  23.9  24.7  24.2  24.1  23.6  24.2  24.0  24.0  23.9  24.0  23.9  23.9  23.6  24.1  24.2  24.0  23.8  24.1  24.0  24.8  26.7  63.3  73.7  76.2  71.3  44.4  36.4  30.0  28.6  27.7  27.2 
 23.7  24.1  24.2  24.6  23.7  23.9  24.2  24.1  23.9  23.8  24.0  23.9  23.8  23.9  23.8  24.1  23.8  23.9  24.1  24.2  24.5  26.2  60.0 nan  65.8  58.8  40.5  35.8  29.7  28.9  27.7  27.4 
 24.6  23.8  24.5  24.4  24.1  23.9  24.2  24.3  24.2  23.6  23.9  23.9  24.0  23.8  24.1  24.1  24.1  23.6  24.2  24.1  24.2  24.1  34.0  42.8  46.8  42.7  33.2  31.6  29.3  28.2  27.7  27.0 
 24.2  24.3  24.2  24.3  24.0  24.0  24.0  24.2  23.7  23.8  24.1  24.0  23.7  24.0  23.9  24.0  23.8  24.0  24.1  24.3  24.0  24.2  27.4  31.0  36.2  34.7  30.4  29.8  28.2  27.8  27.0  27.2 
 24.3  23.8  24.4  24.4  24.2  23.8  24.2  24.1  23.9  23.6  24.1  24.1  24.0  23.8  23.9  24.0  24.1  23.8  24.2  24.3  24.1  23.8  24.4  24.4  26.1  26.6  27.5  27.2  26.7  26.2  26.2  26.5 
 24.1  23.9  24.5  24.3  23.9  23.9  24.0  24.1  23.8  23.9  23.9  24.0  23.7  23.9  23.9  23.9  23.8  24.0  24.0  24.2  23.8  24.2  24.3  24.4  24.8  25.4  26.3  26.4  25.8  25.8  26.1  26.2 
 24.2  23.9  24.5  24.2  24.1  23.7  24.1  24.1  24.1  23.5  24.2  24.0  24.1  23.8  23.9  23.8  24.0  23.7  24.2  24.1  24.1  23.8  24.2  24.3  24.4  24.4  25.5  25.4  25.2  25.1  25.8  25.6 
 24.0  24.2  24.3  24.3  23.7  24.0  24.1  24.0  23.7  23.9  24.0  24.0  23.9  23.9  23.9  24.3  23.9  23.9  24.1  24.3  23.8  24.0  24.2  24.5  24.1  24.3  25.0  25.2  24.8  25.0  25.5  25.7 
 24.5  24.0  24.9  24.3  24.1  23.8  24.1  24.0  24.1  23.8  24.2  24.3  23.9  23.6  24.2  24.1  24.2  23.9  24.3  24.2  24.2  23.7  24.2  24.4  24.4  24.3  24.9  25.0  25.0  24.8  25.1  25.7 
 24.2  24.5  24.7  24.5  23.9  23.9  24.4  24.4  23.7  24.1  23.9  24.1  23.8  23.8  24.2  24.0  23.8  23.8  24.2  24.1  24.0  24.0  24.5  24.5  24.3  24.6  24.7  24.8  24.4  24.7  25.2  26.3 
 25.0  24.1  25.0  24.6  24.3  24.1  24.4  24.3  24.1  23.7  24.1  24.1  24.2  23.8  24.2  24.2  24.0  23.7  24.4  24.1  24.3  24.0  24.5  24.5  24.6  24.2  25.1  25.0  24.9  24.5  25.6  25.9 
 24.3  24.5  24.6  24.7  23.8  24.2  24.1  24.3  23.7  24.0  24.2  24.2  23.7  24.0  24.1  24.3  23.8  24.1  24.2  24.4  24.0  24.2  24.4  24.5  24.2  24.4  24.9  25.2  24.6  24.8  26.0  27.0 
 25.8  24.9  25.0  24.9  24.6  24.0  24.5  24.5  24.2  23.8  24.3  24.5  24.4  24.0  24.4  24.3  24.3  23.9  24.6  24.3  24.4  24.1  24.4  24.8  24.4  24.1  25.2  25.2  25.1  24.8  27.2  28.6 
 25.2  25.2  24.8  24.9  24.6  24.6  24.3  24.5  24.2  24.3  24.5  24.4  24.0  24.0  24.1  24.5  24.0  24.3  24.5  24.4  24.2  24.3  24.6  24.9  24.4  24.8  25.0  25.4  25.2  25.6  28.1  28.7 
