 23.3  22.5  23.2  23.2  22.6  22.4  22.4  22.6  22.3  22.3  22.6  22.7  22.2  21.9  22.4  22.6  22.1  22.0  22.5  22.7  22.4  22.3  22.6  22.7  22.4  22.2  23.0  23.8  23.4  22.8  23.8  25.2 
 23.2  22.3  23.2  22.9  22.6  22.5  22.7  22.8  22.2  22.3  22.6  22.6  22.3  22.1  22.4  22.5  22.0  21.9  22.5  22.4  22.4  21.9  22.4  22.7  22.3  22.5  23.4  24.2  23.3  23.3  23.8  24.2 
 22.9  22.8  23.0  23.0  22.3  22.0  22.6  22.8  22.6  22.2  22.5  22.7  22.1  22.2  22.5  22.4  22.3  21.8  22.3  22.4  22.2  22.2  22.5  22.7  22.8  22.2  22.9  23.1  22.7  22.8  23.4  23.6 
 22.8  22.7  23.0  22.8  22.4  22.0  22.7  22.7  22.3  22.3  22.7  22.5  22.0  21.9  22.4  22.4  22.3  22.0  22.4  22.2  22.2  22.0  22.4  22.5  22.3  22.4  22.9  23.0  22.5  22.7  23.5  23.4 
 22.7  22.7  22.7  23.1  22.5  22.4  22.7  22.8  22.7  22.8  22.6  22.5  22.4  22.0  22.4  22.4  22.1  22.0  22.2  22.2  22.1  22.0  22.2  22.6  22.4  22.2  23.0  22.6  22.5  22.4  23.0  23.4 
 22.4  22.4  22.9  23.0  22.4  22.3  23.0  23.0  23.3  23.8  22.8  22.6  22.2  22.1  22.2  22.4  22.2  22.0  22.4  22.3  22.2  22.3  22.6  22.4  22.5  22.1  22.7  22.9  22.5  22.6  23.2  23.0 
 22.6  22.6  22.7  23.0  22.6  22.3  22.8  23.4  24.8  26.0  23.9  23.0  22.3  22.1  22.3  22.2  22.0  22.1  22.2  22.4  22.2  22.3  22.6  22.6  22.4  22.3  22.8  22.8  22.8  22.4  22.9  22.9 
 23.1  22.5  22.5  22.8  22.4  22.4  23.1  23.3  25.1  26.3  24.2  22.8  22.3  22.2  22.3  22.3  22.2  22.1  22.3  22.2  22.1  22.0  22.4  22.4  22.1  22.2  22.7  22.6  22.6  22.7  22.9  22.4 
 23.2  22.6  23.1  22.9  22.5  22.5  22.9  22.9  22.9  23.0  22.9  22.7  22.4  22.2  22.2  22.3  22.2  22.2  22.4  22.4  22.3  22.0  22.4  22.4  22.3  22.3  22.6  22.7  22.9  22.5  23.1  22.9 
 23.2  22.9  23.5  23.2  22.8  22.6  22.9  22.7  22.7  22.7  22.6  22.6  22.3  22.2  22.3  22.3  22.2  22.2  22.4  22.4  22.2  22.1  22.6  22.5  22.3  22.4  22.8  22.8  22.4  22.5  23.1  23.1 
 23.5  23.4  23.5  23.8  23.4  23.4  23.1  23.0  22.6  22.5  22.6  22.6  22.2  22.2  22.4  22.5  22.2  22.1  22.3  22.4  22.2  22.3  22.5  22.5  22.4  22.4  23.1  23.6  23.2  23.0  23.1  23.0 
 23.5  23.4  24.1  24.2  24.3  24.4  23.9  23.3  22.8  22.6  22.6  22.6  22.3  22.1  22.4  22.5  22.0  22.3  22.5  22.3  22.2  22.2  22.5 nan  22.4  22.3  23.9  24.6  23.6  22.8  22.9  23.1 
 24.1  23.9  25.1  25.6  26.7  27.2  32.7  35.0  33.0  28.9  23.0  22.7  22.3  22.2  22.5  22.6  22.2  22.0  22.4  22.2  22.3  22.0  22.5  22.5  22.2  22.4  23.8  24.3  23.0  22.8  23.0  23.1 
 24.5  24.5  25.8  26.4  28.3  29.9  41.6  48.8  53.3  47.1  24.5  23.1  22.5  22.4  22.5  22.4  22.3  22.2  22.6  22.5  22.3  22.2  22.4  22.5  22.6  22.2  23.0  23.1  23.2  22.7  23.1  23.0 
 24.7  24.9  26.5  27.3  30.2  33.6  54.7  63.0  74.4  71.0  34.4  25.2  22.5  22.5  22.5  22.5  22.2  22.1  22.5  22.6  22.2  22.2  22.4  22.5  22.3  22.2  22.7  22.9  22.7  22.6  23.2  23.4 
 25.1  25.2  26.7  27.3  30.5  34.0  53.2  62.4  78.2  79.0  36.8  25.7  22.5  22.4  22.6  22.4  22.4  22.2  22.5  22.4  22.3  22.1  22.5  22.4  22.2  22.2  23.0  22.8  22.6  22.6  23.3  23.1 
 24.8  25.2  26.4  26.8  29.2  31.1  44.0  53.0  72.7  69.5  29.7  24.3  22.5  22.4  22.5  22.5  22.2  22.2  22.6  22.5  22.2  22.2  22.6  22.5  22.4  22.4  22.6  22.8  22.7  22.7  23.3  23.3 
 25.3  24.9  26.0  26.5  28.3  29.4  36.7  41.8  53.6  49.0  25.5  23.5  22.6  22.3  22.7  22.6  22.2  22.1  22.4  22.5  22.4  22.2  22.5  22.7  22.6  22.3  23.1  23.0  22.9  22.7  23.5  23.6 
 25.5  25.1  26.3  26.3  26.5  26.5  28.3  29.3  29.4  27.8  23.7  23.1  22.4  22.4  22.5  22.7  22.6  22.3  22.4  22.7  22.4  22.3  22.8  22.9  22.7  22.4  22.9  23.0  22.9  22.8  23.3  23.6 
 25.0  25.1  25.8  26.0  26.1  25.7  27.0  27.1  26.8  25.7  23.4  23.2  22.5  22.5  22.5  22.5  22.5  22.2  22.6  22.5  22.3  22.2  22.5  22.9  22.7  22.4  22.8  22.9  22.7  22.8  23.5  23.7 
 25.2  24.6  25.2  25.8  25.3  25.1  25.3  25.6  24.8  24.4  23.4  23.2  22.6  22.4  22.7  22.8  22.5  22.4  22.8  22.7  22.5  22.3  22.8  22.6  22.7  22.5  22.9  23.0  23.0  22.8  23.9  24.7 
 24.9  24.7  25.5  25.5  24.9  24.9  25.1  25.3  24.4  24.0  23.2  23.4  22.7  22.4  22.6  22.7  22.4  22.4  22.7  22.7  22.3  22.5  23.1  22.9  22.4  22.5  23.1  23.2  23.0  23.0  24.3  24.7 
 25.4  25.6  25.0  25.2  24.8  24.3  24.6  24.3  23.8  23.4  23.3  23.5  22.9  22.6  22.8  23.0  22.6  22.4  22.8  22.8  22.4  22.5  22.8  23.2  23.0  22.5  23.3  23.7  23.6  23.3  25.5  25.7 
 25.6  25.5  25.1  25.4  24.2  24.7  24.3  24.9  23.7  23.3  23.4  23.3  22.8  22.6  23.0  22.6  22.5  22.5  23.0  22.8  22.5  22.5  23.0  23.1  23.0  22.7  23.5  24.2  23.5  24.2  26.1  26.5 
