 24.0  23.3  23.5  23.7  23.2  22.7  22.8  23.1  22.9  22.7  22.9  23.2  22.8  22.6  22.6  23.1  22.6  22.6  22.9  23.2  22.9  22.7  23.0  23.3  25.0  26.2  28.8  29.6  29.2  28.8  28.8  29.8 
 23.6  23.4  24.2  23.7  23.2  22.8  23.4  23.2  22.8  22.6  23.2  22.9  22.7  22.5  23.0  22.9  22.6  22.5  23.3  22.9  22.8  22.7  23.3  23.1  24.6  26.0  28.9  28.7  28.5  28.7  29.5  29.4 
 23.4  23.5  23.7  23.6  23.0  23.0  22.8  23.3  22.9  22.8  22.8  23.0  22.7  22.6  22.8  23.1  22.8  22.7  22.9  23.0  22.8  22.8  22.9  23.2  24.0  25.5  27.9  28.5  28.7  28.6  29.1  29.8 
 23.5  22.9  23.6  23.3  22.9  22.7  23.5  23.1  22.9  22.9  23.3  22.8  22.7  22.5  22.9  22.8  22.7  22.6  23.2  23.0  22.7  22.7  23.1  23.1  23.7  25.0  28.2  28.1  27.9  28.1  30.0  29.4 
 23.6  23.3  23.3  23.6  23.1  22.7  23.0  23.5  23.4  23.3  23.1  23.1  22.9  22.7  22.8  23.1  22.7  22.6  22.7  23.1  22.8  22.6  23.2  23.2  23.2  23.1  24.9  26.6  27.5  27.4  28.7  29.2 
 23.1  23.3  23.6  23.2  22.9  22.8  23.3  23.3  23.8  23.8  23.6  22.9  22.7  22.7  22.9  22.8  22.8  22.9  23.0  22.8  22.9  22.8  23.3  23.1  23.0  22.9  24.1  24.4  26.8  27.2  29.7  29.6 
 23.5  23.5  23.1  23.6  23.0  23.0  23.1  23.6  25.5  26.6  24.0  23.6  22.8  22.7  22.6  22.9  22.7  22.7  22.9  23.0  23.0  22.9  23.0  23.3  23.2  22.8  23.4  23.7  25.7  27.2  29.3  30.2 
 23.6  23.1  23.5  23.4  23.0  22.8  23.6  23.5  26.1  27.5  24.9  23.2  22.9  22.7  23.0  22.8  22.9  22.8  23.1  22.8  22.9  22.9  23.5  23.2  23.0  23.2  23.4  23.5  26.2  28.6  30.9  29.9 
 23.9  23.6  23.4  23.5  22.8  23.0  23.0  23.4  23.6  23.6  23.3  23.1  22.8  22.8  22.8  22.9  22.8  22.9  22.9  23.2  22.9  22.8  23.0  23.3  23.2  23.0  23.3  24.4  28.7  29.9  31.6  32.1 
 23.7  23.6  23.9  23.5  23.0  23.0  23.2  23.0  23.2  23.1  23.3  23.1  22.8  22.6  23.0  22.9  22.7  22.8  23.2  23.0  22.9  22.8  23.4  22.9  23.1  23.0  24.5  25.7  29.5  30.0  32.1  32.3 
 24.2  23.9  23.9  24.5  23.9  23.8  23.3  23.4  23.1  23.0  22.8  23.0  22.8  22.7  22.8  22.9  23.0  22.9  23.0  23.2  22.9  22.7  23.0  23.1  23.0  22.9  25.8  27.7  30.1  30.4  31.7  32.1 
 24.1  24.0  24.6  24.6  24.6  24.4  24.3  23.8  23.1  23.0  23.3  22.9  22.9  22.7  23.0  23.1  22.8  22.9  23.0  23.0  22.7  22.8  23.3 nan  22.9  23.1  26.3  27.9  30.0  30.4  32.1  31.7 
 24.9  24.3  25.4  26.2  27.2  27.7  32.5  34.6  32.5  29.0  23.3  23.5  22.9  22.8  23.0  23.1  22.9  22.8  23.0  23.1  23.0  22.7  22.9  23.5  23.2  23.1  26.7  28.9  30.6  30.7  31.8  32.6 
 24.8  24.8  26.4  26.8  28.6  30.3  41.8  48.6  52.8  46.5  24.9  23.5  22.9  22.9  23.1  22.9  22.7  22.7  23.1  22.9  22.9  22.7  23.2  23.0  23.1  23.3  26.9  28.2  30.9  31.1  32.1  32.2 
 25.5  25.6  26.6  27.9  30.9  34.0  55.0  63.4  74.4  70.9  34.2  25.9  23.0  22.7  22.9  23.1  22.8  22.8  22.9  23.1  22.7  22.8  23.1  23.1  23.0  22.8  25.8  27.7  31.2  31.4  32.5  33.2 
 25.4  25.6  27.5  27.8  31.0  34.4  53.9  62.9  78.5  78.9  37.1  26.0  23.0  22.9  23.1  22.9  22.7  22.7  23.2  23.0  23.0  22.8  23.1  23.0  23.0  22.9  25.2  26.9  30.8  31.6  33.0  33.1 
 25.6  26.0  26.7  27.4  29.9  32.0  44.7  54.1  74.0  70.8  30.0  24.8  23.0  22.9  23.0  23.0  22.8  22.8  23.0  23.0  22.8  22.8  22.9  23.2  23.0  22.9  23.5  24.7  29.3  30.5  32.2  32.3 
 25.4  25.8  26.7  27.0  28.8  29.8  37.6  42.6  54.8  50.5  26.1  23.9  23.1  22.9  23.0  23.0  22.9  22.8  23.2  23.1  23.0  22.8  23.1  23.0  23.1  23.0  23.7  23.5  26.1  27.5  29.8  29.0 
 25.9  25.8  26.7  27.1  27.2  27.5  29.1  30.0  30.1  28.5  24.1  23.7  23.1  22.9  23.0  23.5  23.1  22.9  22.9  23.3  23.1  22.7  22.8  23.5  23.3  23.1  23.3  23.8  24.1  24.0  25.4  26.5 
 25.7  26.0  26.6  26.7  26.7  26.6  27.9  27.8  27.4  26.3  24.0  23.5  23.0  23.1  23.4  23.1  22.8  22.9  23.5  23.2  23.0  22.9  23.3  23.1  23.1  23.0  23.7  23.5  23.6  24.2  25.5  25.9 
 25.9  25.3  25.7  26.2  25.9  26.0  25.9  26.0  25.5  24.7  23.7  23.7  23.3  23.1  23.1  23.4  23.0  22.9  23.0  23.2  23.1  23.0  23.1  23.5  23.2  23.3  23.3  23.8  23.9  24.4  25.5  27.1 
 26.1  25.6  26.3  25.7  25.4  25.6  26.0  25.6  24.9  24.5  24.1  23.7  23.2  23.3  23.6  23.3  23.2  23.1  23.5  23.2  23.1  23.1  23.5  23.3  23.2  23.3  24.1  24.0  25.1  25.3  27.0  27.4 
 26.8  25.9  25.4  26.2  25.4  25.2  25.3  25.6  24.5  24.1  24.0  24.2  23.7  23.3  23.3  23.7  23.4  23.3  23.4  23.4  23.3  23.2  23.4  23.6  23.6  23.8  25.5  26.2  26.5  26.2  27.3  27.2 
 26.8  26.1  26.0  25.6  25.5  25.2  25.4  25.1  24.2  24.0  24.0  23.8  23.7  23.3  23.7  23.3  23.2  23.6  23.9  23.5  23.3  23.4  24.0  24.0  24.4  25.2  26.7  27.1  26.4  26.4  28.5  28.0 
