 23.2  22.7  23.1  22.8  23.0  22.4  22.6  22.7  22.4  22.2  22.6  22.7  22.4  22.2  22.1  22.5  22.4  22.2  22.4  22.4  22.3  22.2  22.4  22.7  22.5  22.5  23.0  23.8  23.6  23.0  23.7  25.2 
 23.4  22.9  23.0  23.2  22.7  22.2  22.6  22.6  22.4  22.2  22.6  22.6  22.1  22.2  22.4  22.2  22.2  22.0  22.7  22.3  22.4  22.3  22.6  22.6  22.6  22.6  23.4  24.2  23.3  23.4  23.6  23.8 
 23.0  22.6  22.9  23.1  22.5  22.1  22.7  22.7  22.5  22.3  22.3  22.7  22.2  22.2  22.4  22.4  22.3  22.0  22.3  22.3  22.3  22.2  22.3  22.5  22.7  22.3  22.7  23.2  23.0  22.8  23.0  23.5 
 23.1  22.7  23.1  22.9  22.5  22.4  22.7  22.5  22.5  22.3  22.7  22.6  22.3  22.2  22.4  22.1  22.2  22.2  22.5  22.4  22.3  22.2  22.7  22.5  22.6  22.6  23.0  22.8  22.7  22.5  23.7  23.4 
 22.9  22.9  22.7  22.9  22.6  22.2  22.7  23.0  23.2  22.9  22.9  22.7  22.3  22.1  22.3  22.2  22.2  22.1  22.3  22.3  22.3  22.1  22.4  22.5  22.5  22.2  22.8  22.9  22.5  22.4  23.1  23.2 
 22.5  22.7  23.2  22.8  22.5  22.6  22.9  23.2  23.4  23.6  23.0  22.9  22.3  22.2  22.4  22.4  22.2  22.1  22.3  22.4  22.2  22.3  22.5  22.5  22.4  22.4  22.6  23.0  22.7  22.7  23.3  23.0 
 23.2  22.4  22.8  23.0  22.7  22.5  23.0  23.1  24.9  26.1  24.0  23.1  22.4  22.3  22.3  22.3  22.2  22.3  22.3  22.5  22.3  22.2  22.6  22.7  22.5  22.2  22.8  22.7  22.7  22.6  22.8  22.9 
 23.3  22.7  22.7  23.0  22.6  22.6  22.9  23.1  25.4  26.7  24.3  23.0  22.3  22.5  22.4  22.4  22.2  22.2  22.3  22.2  22.2  22.1  22.7  22.6  22.3  22.4  22.6  22.7  22.4  22.8  22.9  22.3 
 23.1  22.9  23.0  23.0  22.8  22.5  22.7  23.0  23.1  23.1  22.9  22.7  22.3  22.2  22.4  22.5  22.3  22.1  22.5  22.4  22.4  22.3  22.4  22.5  22.4  22.2  22.7  22.8  22.8  22.6  23.0  23.0 
 23.3  23.0  23.4  23.0  22.9  22.4  22.8  22.8  22.8  23.0  22.9  22.6  22.4  22.2  22.4  22.3  22.3  22.1  22.4  22.3  22.2  22.3  22.5  22.4  22.5  22.3  22.9  22.8  22.8  22.6  23.2  22.9 
 23.8  23.4  23.7  23.9  23.6  23.5  23.0  22.9  22.8  22.7  22.5  22.6  22.4  22.1  22.5  22.5  22.3  22.3  22.3  22.6  22.3  22.3  22.4  22.5  22.4  22.3  23.0  23.4  23.5  22.9  22.9  23.2 
 23.3  23.5  24.2  24.0  24.2  24.5  23.7  23.5  22.8  22.7  22.7  22.6  22.5  22.4  22.4  22.4  22.3  22.3  22.6  22.4  22.3  22.4  22.4 nan  22.3  22.6  24.2  24.7  23.7  22.9  23.0  23.1 
 24.2  24.0  25.0  25.7  26.8  27.4  32.6  35.0  33.0  29.1  23.1  22.9  22.6  22.4  22.5  22.6  22.4  22.2  22.4  22.4  22.5  22.0  22.4  22.7  22.4  22.4  23.8  24.4  23.2  22.7  23.2  23.4 
 24.4  24.6  25.9  26.3  28.2  29.8  41.6  48.9  53.5  47.4  24.4  23.0  22.5  22.6  22.5  22.5  22.2  22.4  22.5  22.4  22.3  22.2  22.7  22.7  22.4  22.4  22.9  23.2  23.0  22.9  23.0  23.1 
 24.8  25.0  26.5  27.3  30.5  33.7  54.7  63.1  74.6  71.2  34.3  25.5  22.7  22.3  22.5  22.5  22.4  22.3  22.5  22.6  22.3  22.2  22.3  22.6  22.5  22.3  22.7  22.6  22.8  22.7  23.0  23.4 
 25.4  25.2  26.6  27.1  30.6  34.0  53.4  62.6  78.6  79.2  36.8  25.7  22.6  22.3  22.4  22.4  22.3  22.4  22.4  22.5  22.2  22.3  22.7  22.5  22.5  22.2  22.8  22.8  22.8  22.8  23.2  23.2 
 25.3  25.1  26.2  26.9  29.4  31.3  44.0  53.1  73.0  69.6  29.7  24.3  22.7  22.3  22.6  22.5  22.5  22.2  22.3  22.6  22.5  22.2  22.5  22.5  22.7  22.4  22.8  23.1  22.9  22.6  23.1  23.3 
 25.1  25.0  26.0  26.6  28.4  29.6  36.7  41.6  53.8  49.3  25.6  23.6  22.6  22.6  22.5  22.4  22.4  22.4  22.6  22.5  22.4  22.2  22.5  22.7  22.7  22.4  22.8  22.8  22.7  22.7  23.6  23.3 
 25.3  25.0  26.2  26.6  26.9  26.8  28.4  29.3  29.5  27.6  23.6  23.1  22.5  22.5  22.5  22.6  22.6  22.5  22.4  22.7  22.8  22.3  22.5  22.7  22.9  22.3  22.8  22.8  23.2  22.7  23.1  23.8 
 25.1  25.4  26.1  26.1  26.2  26.1  27.1  27.3  26.7  25.7  23.6  23.1  22.7  22.6  22.7  22.5  22.4  22.4  22.6  22.5  22.5  22.5  22.6  22.8  22.5  22.6  22.9  22.9  22.8  22.9  23.7  23.7 
 25.1  24.9  25.2  25.6  25.3  25.1  25.5  25.5  25.2  24.2  23.3  23.2  22.6  22.6  22.7  22.9  22.4  22.2  22.5  22.6  22.4  22.3  22.7  22.8  22.8  22.5  22.7  23.1  23.1  22.6  23.8  24.6 
 25.0  25.0  25.3  25.3  25.0  25.0  24.9  25.2  24.4  24.0  23.5  23.2  22.6  22.6  22.8  22.5  22.4  22.5  22.7  23.0  22.5  22.6  22.8  22.8  22.4  22.4  22.9  23.3  23.2  23.2  24.3  24.6 
 26.1  25.1  25.2  25.3  24.8  24.2  24.5  24.7  24.1  23.6  23.5  23.4  23.0  22.8  22.7  22.8  22.7  22.4  22.8  22.7  22.6  22.6  22.8  23.2  22.9  22.8  23.4  23.5  23.8  23.7  25.1  26.6 
 26.2  25.4  25.1  25.2  24.7  24.4  24.5  24.4  23.7  23.4  23.3  23.3  22.9  22.8  22.9  22.9  22.7  22.5  22.7  22.8  22.7  22.6  23.2  23.1  22.8  23.0  23.7  23.6  23.3  23.9  26.1  25.5 
