 23.4  23.3  23.2  23.2  22.4  22.8  22.5  22.6  22.3  22.4  22.5  22.6  22.3  22.2  22.6  22.5  22.0  22.4  22.5  22.5  22.2  22.4  22.4  22.7  22.5  22.6  23.0  23.8  23.2  23.6  24.0  24.5 
 23.8  22.9  23.5  23.2  23.0  22.6  22.6  22.4  22.6  22.4  22.7  22.6  22.5  22.2  22.4  22.4  22.5  22.1  22.7  22.4  22.8  22.3  22.8  22.3  22.7  22.6  23.6  24.2  23.8  23.4  24.0  23.9 
 23.2  23.2  23.2  23.1  22.5  22.5  22.6  22.8  22.5  22.7  22.6  22.7  22.4  22.3  22.4  22.5  22.2  22.3  22.2  22.5  22.2  22.4  22.6  22.8  22.5  22.7  22.7  22.7  23.2  23.1  23.2  23.8 
 23.3  22.7  23.1  22.9  22.8  22.4  22.7  22.4  22.9  22.5  22.7  22.6  22.3  22.2  22.4  22.4  22.5  22.2  22.4  22.3  22.2  22.4  22.5  22.5  23.0  22.5  23.1  22.8  23.1  22.9  23.3  23.2 
 23.2  23.0  23.0  22.9  22.8  22.7  22.6  22.8  23.0  23.1  22.7  22.7  22.3  22.5  22.4  22.3  22.3  22.4  22.2  22.4  22.3  22.2  22.4  22.6  22.5  22.7  22.7  22.9  22.6  23.0  22.9  23.2 
 23.1  22.7  23.0  22.8  22.7  22.6  23.1  22.8  23.5  23.7  23.2  22.8  22.5  22.3  22.4  22.4  22.4  22.2  22.6  22.3  22.5  22.3  22.5  22.3  22.7  22.4  22.9  22.7  23.0  22.7  23.2  22.8 
 22.7  23.2  22.5  23.0  22.5  22.7  22.8  23.2  24.9  26.4  24.0  23.2  22.3  22.4  22.3  22.4  22.3  22.5  22.3  22.4  22.4  22.3  22.4  22.4  22.6  22.5  23.0  22.8  22.5  22.8  23.0  23.0 
 23.4  22.6  23.2  22.8  22.7  22.4  23.0  23.3  25.6  26.6  24.2  23.0  22.6  22.5  22.5  22.4  22.4  22.2  22.3  22.4  22.5  22.2  22.5  22.5  22.4  22.5  22.8  22.8  22.9  22.9  22.9  22.5 
 23.6  23.0  23.1  23.0  22.5  22.8  22.7  23.0  23.1  23.2  22.9  22.6  22.3  22.3  22.3  22.4  22.2  22.3  22.4  22.4  22.5  22.4  22.5  22.5  22.3  22.6  22.7  22.8  22.7  22.7  23.0  23.2 
 23.7  23.0  23.2  23.2  23.1  22.7  22.9  22.7  22.9  22.9  22.9  22.6  22.4  22.3  22.4  22.4  22.5  22.1  22.5  22.5  22.4  22.3  22.5  22.6  22.8  22.4  22.8  22.9  22.9  22.8  23.5  23.1 
 23.8  23.8  23.8  24.1  23.5  23.5  23.0  22.9  22.8  22.8  22.5  22.6  22.4  22.5  22.5  22.5  22.1  22.2  22.3  22.4  22.3  22.5  22.3  22.5  22.4  22.6  23.1  23.6  23.5  23.4  23.0  23.0 
 23.9  23.6  23.9  24.3  24.6  24.3  23.9  23.6  23.1  22.8  22.8  22.5  22.6  22.4  22.4  22.3  22.4  22.3  22.3  22.5  22.4  22.2  22.7 nan  22.4  22.4  24.0  24.7  23.9  22.9  23.0  23.1 
 24.3  24.3  25.0  25.8  26.9  27.7  32.7  34.9  33.0  29.4  23.1  22.8  22.6  22.5  22.4  22.5  22.3  22.4  22.4  22.5  22.3  22.4  22.5  22.7  22.6  22.7  23.8  24.3  23.3  23.2  23.1  23.4 
 24.5  24.8  25.6  26.3  28.5  30.0  41.7  48.8  53.6  47.3  24.6  23.1  22.7  22.5  22.6  22.2  22.3  22.2  22.4  22.4  22.5  22.2  22.5  22.5  22.6  22.4  23.1  23.2  23.3  22.7  23.3  23.3 
 24.8  25.3  26.4  27.5  30.6  33.9  54.6  63.0  74.6  71.3  34.4  25.4  22.5  22.6  22.5  22.4  22.4  22.4  22.4  22.5  22.3  22.4  22.5  22.5  22.5  22.6  22.8  22.7  22.9  23.0  23.3  23.2 
 25.2  25.3  26.7  27.4  30.6  33.9  53.3  62.6  78.6  79.0  36.8  25.8  22.7  22.7  22.6  22.5  22.6  22.2  22.5  22.6  22.5  22.3  22.7  22.4  22.7  22.5  22.9  22.9  23.1  23.0  23.2  23.2 
 25.1  25.4  26.3  27.0  29.3  31.6  44.1  53.0  72.8  69.8  29.7  24.4  22.5  22.4  22.4  22.4  22.5  22.5  22.6  22.6  22.5  22.4  22.3  22.7  22.7  22.6  22.8  22.8  22.8  23.2  23.3  23.6 
 25.4  25.2  26.1  26.8  28.5  29.6  36.9  41.9  53.8  49.1  25.6  23.5  22.7  22.6  22.6  22.5  22.6  22.3  22.7  22.5  22.7  22.3  22.6  22.8  22.9  22.4  23.0  22.8  23.2  22.7  23.4  23.5 
 25.1  25.2  26.1  26.4  26.6  26.8  28.5  29.2  29.6  28.0  23.6  23.2  22.6  22.7  22.7  22.8  22.4  22.5  22.5  22.7  22.3  22.6  22.4  22.7  22.5  22.8  23.0  23.0  22.9  23.1  23.3  23.2 
 25.6  25.2  25.9  25.7  26.6  26.1  27.2  27.3  27.0  26.0  23.5  23.1  22.8  22.8  22.7  22.6  22.6  22.4  22.6  22.6  22.7  22.3  22.7  22.9  22.8  22.6  23.1  22.8  22.9  22.8  23.7  23.5 
 25.0  25.5  25.5  25.6  25.7  25.5  25.4  25.4  25.0  24.6  23.1  23.1  22.9  22.7  22.7  22.9  22.4  22.6  22.5  22.6  22.6  22.5  22.8  22.6  23.0  22.6  22.9  23.3  23.1  23.4  23.6  24.6 
 25.6  25.4  25.2  25.4  25.4  24.8  25.5  25.1  24.8  24.1  23.5  23.2  23.0  22.6  22.6  22.8  22.6  22.6  22.9  22.7  22.8  22.6  22.9  22.9  22.8  22.6  23.1  23.3  23.3  23.2  24.6  24.7 
 26.1  25.8  24.8  25.1  24.8  25.0  24.7  24.7  23.9  24.0  23.3  23.3  23.0  23.1  22.8  22.9  22.8  22.7  22.8  22.8  22.6  22.8  22.8  23.3  22.6  22.8  23.4  23.5  23.6  23.9  25.5  26.2 
 26.8  25.4  25.3  25.2  25.1  24.4  24.7  24.5  23.8  23.7  23.4  23.3  23.1  22.7  23.0  22.8  22.9  22.7  22.7  22.8  22.9  22.5  23.3  23.1  23.1  23.0  23.7  23.8  24.2  23.9  26.1  26.5 
