 23.0  23.1  22.8  23.0  22.7  22.4  22.3  22.7  22.3  22.2  22.5  22.6  22.2  22.1  22.1  22.5  22.2  22.1  22.3  22.5  22.2  22.1  22.6  22.9  22.6  22.3  23.3  23.7  23.2  23.2  24.0  24.9 
 23.4  22.9  23.2  23.0  22.9  22.5  22.5  22.3  22.4  22.2  22.6  22.3  22.2  22.3  22.4  22.1  22.4  22.2  22.6  22.5  22.4  22.3  22.6  22.6  22.6  22.6  23.3  24.0  23.5  23.3  24.1  24.4 
 23.2  22.8  22.9  23.3  22.5  22.1  22.3  22.6  22.3  22.6  22.3  22.7  22.3  22.2  22.5  22.7  22.2  22.2  22.2  22.6  22.4  22.1  22.4  22.8  22.6  22.6  22.8  22.9  22.8  22.8  23.0  23.6 
 23.3  22.7  23.1  22.8  22.6  22.2  22.6  22.5  22.6  22.3  22.6  22.4  22.2  22.1  22.4  22.3  22.3  22.1  22.5  22.4  22.3  22.1  22.4  22.3  22.4  22.4  23.0  22.6  22.9  22.7  23.5  23.4 
 22.7  22.9  23.0  22.9  22.6  22.5  22.4  22.9  23.2  23.2  22.5  22.6  22.1  22.2  22.4  22.3  22.2  22.2  22.1  22.3  22.2  22.2  22.3  22.3  22.5  22.5  22.7  22.8  22.8  22.8  22.9  23.4 
 22.9  22.5  23.2  22.7  22.8  22.4  22.8  22.6  23.6  23.4  23.1  22.8  22.5  22.3  22.3  22.4  22.4  22.2  22.3  22.3  22.1  22.2  22.4  22.5  22.7  22.2  22.7  22.6  22.8  22.7  23.3  22.8 
 22.9  22.9  22.5  22.9  22.5  22.6  22.8  23.2  24.9  26.2  23.9  23.0  22.4  22.2  22.0  22.4  22.1  22.3  22.2  22.3  22.4  22.3  22.5  22.6  22.3  22.3  22.5  22.8  22.6  22.5  22.8  23.0 
 23.1  22.9  22.8  22.9  22.6  22.4  23.1  23.1  25.4  26.7  24.3  22.8  22.4  22.2  22.3  22.3  22.3  22.0  22.3  22.2  22.2  22.1  22.6  22.4  22.6  22.4  22.9  22.7  22.7  22.5  22.9  22.2 
 23.4  23.1  22.8  23.0  22.6  22.6  22.6  23.0  23.1  23.2  22.8  22.6  22.5  22.4  22.4  22.4  22.2  22.2  22.4  22.5  22.3  22.3  22.3  22.5  22.3  22.5  22.4  22.8  22.7  22.7  22.9  23.3 
 23.3  23.2  23.4  23.1  23.0  22.6  22.8  22.7  22.8  22.7  22.7  22.5  22.3  22.3  22.4  22.0  22.3  22.1  22.5  22.3  22.4  22.3  22.6  22.5  22.6  22.4  22.8  22.9  22.7  22.6  23.1  22.8 
 23.8  23.7  23.7  24.0  23.5  23.4  22.9  23.0  22.8  22.7  22.4  22.5  22.2  22.3  22.4  22.4  22.4  22.2  22.3  22.2  22.3  22.2  22.3  22.4  22.3  22.6  23.1  23.7  23.4  22.9  22.9  23.4 
 23.8  23.5  24.1  24.1  24.4  24.2  23.9  23.4  22.8  22.6  22.7  22.6  22.4  22.3  22.4  22.3  22.5  22.3  22.3  22.3  22.2  22.1  22.4 nan  22.3  22.5  24.1  24.7  23.7  22.8  22.9  23.1 
 24.3  24.0  25.2  25.7  26.9  27.5  32.6  35.0  33.2  29.3  23.0  22.8  22.5  22.3  22.3  22.4  22.5  22.2  22.4  22.4  22.2  22.1  22.3  22.6  22.4  22.6  23.6  24.5  23.3  22.8  23.1  23.5 
 24.5  24.6  25.9  26.1  28.3  29.8  41.6  48.7  53.6  47.3  24.6  23.0  22.5  22.2  22.6  22.4  22.3  22.2  22.5  22.4  22.3  22.1  22.4  22.5  22.5  22.3  23.0  23.2  23.3  22.8  23.3  22.9 
 24.7  25.2  26.2  27.2  30.3  33.6  54.6  63.1  74.6  71.3  34.2  25.5  22.6  22.5  22.3  22.7  22.4  22.2  22.5  22.5  22.4  22.3  22.3  22.6  22.5  22.5  22.7  22.8  22.9  23.0  23.0  23.2 
 24.9  25.0  26.8  27.2  30.6  34.0  53.2  62.6  78.5  79.2  36.9  25.7  22.6  22.4  22.5  22.4  22.3  22.2  22.5  22.4  22.3  22.3  22.5  22.4  22.5  22.3  22.8  22.8  22.8  22.8  23.3  23.2 
 25.0  25.4  26.1  26.9  29.3  31.6  43.8  53.2  72.9  69.7  29.7  24.3  22.6  22.6  22.3  22.5  22.3  22.4  22.3  22.7  22.4  22.4  22.3  22.7  22.7  22.6  22.8  22.8  22.8  22.8  23.1  23.3 
 25.3  25.2  26.2  26.5  28.3  29.2  36.9  41.7  53.7  49.0  25.6  23.3  22.8  22.5  22.6  22.5  22.4  22.2  22.6  22.5  22.6  22.2  22.6  22.5  22.6  22.3  22.9  22.7  22.8  22.7  23.5  23.5 
 25.3  25.4  26.0  26.5  26.7  26.8  28.5  29.4  29.5  27.9  23.5  23.2  22.7  22.4  22.6  22.7  22.5  22.3  22.5  22.7  22.6  22.2  22.5  22.8  22.7  22.5  22.7  23.0  23.0  22.6  23.3  23.8 
 25.1  25.2  25.9  25.9  25.9  25.9  27.2  26.9  26.9  26.0  23.5  23.0  22.8  22.5  22.6  22.4  22.6  22.2  22.7  22.5  22.5  22.4  22.5  22.5  22.7  22.7  22.9  22.9  22.8  22.9  23.7  23.7 
 25.2  25.3  25.4  25.8  25.6  25.5  25.2  25.6  25.0  24.6  23.3  23.1  22.8  22.5  22.5  22.9  22.5  22.5  22.5  22.8  22.5  22.4  22.6  22.7  22.8  22.6  22.9  23.3  22.9  23.3  23.8  24.4 
 25.1  24.7  25.7  25.1  25.0  24.8  24.8  25.2  24.3  24.1  23.5  23.0  22.9  22.5  22.7  22.8  22.6  22.6  22.7  22.5  22.6  22.4  22.7  22.9  22.4  22.6  23.1  23.1  23.2  23.2  24.3  24.6 
 25.3  25.1  24.8  25.5  24.8  24.6  24.5  24.4  23.9  23.6  23.4  23.5  23.0  22.7  22.7  23.1  22.7  22.5  22.5  22.9  22.9  22.5  22.7  22.9  22.8  22.6  23.4  23.7  23.6  23.9  24.7  26.2 
 26.5  25.7  25.3  25.2  24.7  24.5  24.7  24.2  23.7  23.5  23.4  23.2  23.0  22.8  23.0  22.9  22.8  22.6  23.0  22.9  23.0  22.6  23.1  22.8  22.9  23.2  23.5  23.6  23.5  23.7  25.3  25.5 
