 29.9  29.4  29.9  29.6  29.3  28.7  28.7  29.6  29.8  29.7  28.6  28.2  24.9  24.5  24.3  24.1  24.0  24.0  24.1  24.3  24.1  23.9  24.4  24.3  24.3  24.3  24.7  24.9  25.4  25.1  26.6  27.7 
 30.0  29.8  30.0  29.8  28.8  28.7  27.6  28.0  28.5  27.8  27.7  26.4  24.5  24.2  24.3  24.2  23.9  24.1  24.3  24.2  24.1  23.7  24.3  24.3  24.2  24.7  24.9  25.1  25.3  25.5  26.8  27.4 
 29.7  29.3  29.5  29.4  28.4  27.8  25.5  24.9  25.1  25.2  24.7  24.6  24.1  24.0  24.1  24.1  24.1  23.8  24.0  24.1  24.0  24.0  24.2  24.4  24.7  24.6  25.4  25.5  26.0  25.8  26.1  26.3 
 28.9  29.3  29.0  28.7  27.9  26.8  25.0  24.6  24.2  24.3  24.3  24.3  23.9  23.8  24.2  24.2  24.1  23.9  24.2  24.1  23.9  24.0  24.5  24.2  24.4  24.4  25.7  25.8  25.8  26.0  26.7  26.9 
 28.3  28.9  29.2  28.8  27.1  26.3  24.4  24.4  24.0  23.9  24.0  24.2  24.2  23.9  24.2  24.2  24.1  24.0  24.1  23.9  24.3  23.8  24.4  24.3  25.1  25.3  26.7  26.8  26.5  26.3  26.8  26.9 
 27.6  27.7  28.4  27.8  26.0  25.2  24.2  24.4  24.0  23.9  23.9  24.1  23.9  24.0  24.1  24.1  24.0  24.0  24.2  24.1  23.9  24.0  24.2  24.4  25.5  26.3  27.3  27.6  26.9  27.3  27.1  26.8 
 26.5  26.5  26.0  25.8  24.4  24.1  24.2  24.2  24.0  23.9  24.2  24.2  24.2  23.8  24.1  24.0  24.1  23.9  24.2  24.1  24.1  23.9  24.5  24.9  28.2  29.0  29.6  29.5  27.9  27.4  27.3  27.1 
 26.3  25.9  25.3  24.8  24.2  24.1  24.2  24.2  24.0  24.0  24.1  24.0  23.9  24.0  24.0  24.2  24.1  24.0  24.2  24.0  24.0  24.2  24.9  26.4  32.5  33.2  31.5  30.2  28.2  28.0  27.0  26.6 
 25.1  24.0  24.4  24.3  24.0  23.9  24.1  24.1  23.9  23.7  24.1  24.1  23.9  23.9  23.9  24.1  24.1  23.9  24.4  24.3  24.3  24.4  36.7  49.8  63.1  58.3  38.0  33.2  28.9  28.2  27.6  27.3 
 24.5  24.3  24.4  24.4  24.1  23.8  24.3  24.0  23.9  24.0  24.1  24.2  23.9  23.8  24.1  24.1  23.9  23.9  24.3  24.4  24.0  24.9  51.1  68.7  82.7  73.4  42.2  35.0  29.2  28.5  27.9  27.0 
 24.2  24.2  24.4  24.3  24.0  23.9  24.1  24.0  23.9  23.9  24.1  24.0  23.8  23.8  24.1  24.1  24.0  23.9  24.2  24.1  24.7  26.7  63.4  73.8  76.3  71.5  44.6  36.6  29.7  28.9  27.7  27.5 
 24.2  24.0  24.3  24.3  23.9  24.0  24.1  24.2  23.8  24.0  24.1  24.0  23.8  24.0  24.0  23.9  23.9  24.0  24.2  24.3  24.5  26.1  60.0 nan  66.2  59.2  40.9  35.8  30.1  28.9  27.3  27.3 
 24.3  24.1  24.4  24.3  23.9  23.9  24.2  24.0  24.0  23.7  24.0  24.1  23.8  23.6  24.0  24.1  24.0  23.8  24.3  24.0  24.2  24.2  33.9  43.0  47.1  43.1  33.4  31.7  29.4  28.2  27.7  27.3 
 24.3  24.2  24.5  24.6  23.9  24.0  24.3  24.1  23.9  23.8  24.0  24.1  23.9  23.8  24.0  24.1  23.8  24.0  24.2  24.1  24.0  24.0  27.2  31.1  36.3  34.7  30.4  29.8  28.5  27.9  27.3  27.2 
 24.5  24.0  24.3  24.3  24.1  23.8  24.3  23.8  24.1  23.8  24.0  24.0  24.1  23.8  24.0  24.1  24.2  23.8  24.1  24.3  24.1  23.9  24.5  24.5  26.1  26.5  27.1  27.2  26.9  26.3  26.2  26.7 
 24.3  24.1  24.4  24.3  23.8  24.2  23.9  24.2  23.9  24.0  24.0  24.1  23.9  23.9  24.1  24.0  24.0  23.9  24.1  24.1  23.9  24.1  24.4  24.4  25.0  25.4  26.3  26.3  26.1  26.2  26.3  26.3 
 24.4  24.1  24.4  24.4  24.1  23.5  24.2  24.0  24.0  23.9  24.0  24.1  23.8  23.6  24.0  24.0  24.1  23.8  24.2  24.2  24.1  23.8  24.3  24.1  24.5  24.5  25.4  25.3  25.4  25.1  25.8  25.8 
 24.1  24.2  24.6  24.4  23.9  23.8  24.0  24.1  23.9  24.0  24.0  24.0  23.9  23.7  24.1  24.1  23.9  23.9  24.2  24.1  23.8  23.9  24.3  24.3  24.3  24.3  25.1  25.1  25.0  25.2  25.9  25.7 
 24.7  24.2  24.9  24.3  24.4  24.0  24.3  24.2  24.2  23.8  24.2  24.1  24.1  23.7  24.1  24.1  24.0  23.9  24.2  24.2  24.1  23.8  24.3  24.5  24.4  24.2  24.7  24.8  24.9  24.7  25.3  25.7 
 24.4  24.5  24.4  24.5  24.1  23.8  24.1  24.2  23.8  23.8  24.1  24.0  23.9  23.9  24.1  24.1  24.1  23.9  24.2  24.1  24.0  24.0  24.5  24.5  24.5  24.3  24.8  24.7  24.6  25.1  25.8  25.3 
 24.7  24.1  24.8  24.6  24.2  24.1  24.3  24.2  24.1  23.9  24.1  24.2  24.0  23.9  24.3  24.4  24.0  23.9  24.2  24.0  24.2  24.1  24.6  24.6  24.5  24.3  24.9  25.0  25.1  24.9  25.9  26.0 
 24.5  24.8  24.6  24.6  24.3  24.3  24.4  24.5  23.8  24.1  24.2  24.4  24.0  23.8  24.3  24.3  23.9  24.1  24.4  24.2  24.0  24.2  24.4  24.5  24.4  24.4  24.9  25.2  24.9  25.0  26.3  27.1 
 26.1  24.7  25.1  24.9  24.7  24.4  24.4  24.3  24.4  24.1  24.4  24.5  24.2  24.0  24.3  24.3  24.4  24.0  24.4  24.4  24.5  24.1  24.5  24.5  24.6  24.4  25.3  25.1  25.0  25.2  27.2  27.8 
 25.8  25.2  25.0  25.3  24.6  24.6  24.7  24.4  24.2  24.2  24.5  24.4  24.0  24.2  24.3  24.3  24.2  24.2  24.4  24.6  24.3  24.3  24.7  24.7  24.3  24.3  25.2  25.2  25.0  25.9  27.7  28.7 
