 30.4  30.1  30.0  30.2  29.7  29.7  33.1  32.8  32.1  31.6  27.7  26.6  24.2  24.0  23.9  24.2  24.1  24.1  24.1  24.2  24.1  24.2  24.1  24.3  24.4  24.4  24.9  25.1  25.5  25.6  26.5  27.7 
 30.1  29.9  29.6  29.8  29.6  29.6  32.5  32.5  31.8  31.3  28.9  26.1  24.3  24.1  24.1  24.1  23.9  23.7  24.3  23.9  24.2  23.9  24.4  24.6  24.2  24.7  25.2  25.2  25.4  25.6  26.6  26.7 
 30.0  29.7  29.8  29.2  29.9  30.1  32.0  31.7  30.8  30.4  26.8  25.0  24.0  24.2  24.2  24.1  24.2  24.1  24.0  24.3  24.1  24.0  24.2  24.2  24.5  24.7  25.2  25.7  25.8  25.9  26.2  26.8 
 29.7  28.9  29.4  29.4  29.5  30.5  31.6  31.5  30.2  29.2  25.8  24.5  24.0  24.0  23.9  24.2  24.1  23.8  24.1  24.1  24.1  24.0  24.2  24.6  24.5  24.5  25.7  26.0  26.2  25.9  26.4  26.6 
 29.6  29.1  28.9  28.7  27.4  27.6  29.4  28.8  27.2  26.0  24.2  24.3  24.2  23.9  24.0  24.1  24.0  23.9  24.0  24.0  24.1  24.2  24.2  24.4  25.2  25.5  26.8  26.7  26.6  26.7  26.7  27.0 
 29.5  29.3  29.0  28.2  25.9  26.3  27.2  27.2  25.4  25.0  24.2  24.2  24.0  24.0  24.1  24.2  24.0  24.2  24.1  24.1  23.9  24.0  24.5  24.6  25.8  26.2  27.4  27.5  27.0  26.9  27.0  26.9 
 28.4  28.8  28.4  27.9  24.7  24.2  24.5  24.2  24.0  23.8  23.8  24.2  24.0  24.0  24.2  24.2  24.2  24.1  24.2  24.2  24.1  24.0  24.5  25.1  28.1  29.2  29.5  29.3  28.0  27.2  27.1  27.2 
 27.9  28.4  27.7  27.1  24.5  24.0  24.3  24.2  24.1  24.0  23.9  24.1  24.0  23.8  24.1  24.2  24.1  24.0  24.2  24.3  24.1  24.1  25.0  26.5  32.9  33.4  31.2  30.3  28.3  27.7  27.4  26.4 
 27.2  27.1  26.7  25.6  24.1  24.1  24.1  24.1  24.0  24.0  24.1  24.0  24.0  23.9  24.0  24.1  24.1  24.1  24.2  24.2  24.2  24.5  37.4  51.1  63.6  58.6  38.0  33.3  29.1  28.3  27.4  27.2 
 26.2  26.1  25.1  24.9  24.2  23.9  24.3  24.2  24.0  23.8  24.0  24.1  24.0  23.9  24.0  24.3  24.0  24.0  24.3  24.4  24.5  24.9  52.5  69.7  83.0  73.5  42.1  35.0  29.3  28.6  27.8  27.6 
 24.4  24.3  24.3  24.4  23.9  23.9  24.1  24.1  23.9  23.9  24.1  23.9  23.9  23.9  24.2  24.1  24.0  24.0  24.1  24.3  24.8  27.2  64.0  74.1  75.8  71.1  44.2  36.3  29.8  28.9  27.6  27.4 
 24.4  24.2  24.1  24.2  24.3  24.1  24.2  24.2  24.0  23.9  24.0  24.1  24.0  23.8  24.1  24.1  23.9  23.9  24.1  24.1  24.7  26.3  60.3 nan  65.7  58.6  40.6  35.7  30.1  28.9  27.7  27.2 
 24.4  24.2  24.2  24.3  24.0  24.0  24.0  24.1  24.0  24.0  24.0  23.9  24.0  23.9  24.2  24.0  23.9  23.8  24.2  24.0  24.1  24.3  34.0  43.0  46.6  42.9  33.0  31.5  29.2  28.5  27.5  27.0 
 24.3  24.0  24.3  24.5  24.0  24.1  24.2  24.2  23.9  23.9  24.1  24.0  23.9  23.9  23.9  24.0  23.9  23.8  24.1  24.2  24.2  24.1  27.4  31.0  36.0  34.4  30.4  29.8  28.3  27.8  27.3  27.3 
 24.1  24.1  24.4  24.5  24.0  23.8  24.1  24.0  23.9  23.9  24.1  24.2  24.0  23.9  24.0  24.0  23.9  23.9  24.1  24.2  24.0  24.1  24.6  24.6  26.2  26.5  27.0  27.2  26.7  26.5  26.6  26.3 
 24.5  24.0  24.4  24.3  24.0  24.0  24.2  24.2  24.0  23.7  24.1  23.9  23.7  23.8  24.1  24.0  24.0  23.9  24.2  24.1  24.2  23.9  24.3  24.5  25.0  25.2  26.5  26.4  26.3  26.1  26.0  26.2 
 24.4  24.5  24.2  24.1  24.0  23.9  24.2  24.2  23.8  24.0  24.0  24.1  23.8  23.9  24.0  24.0  24.2  24.1  24.2  24.1  24.2  24.0  24.1  24.4  24.5  24.5  25.1  25.4  25.2  25.0  25.6  25.5 
 24.3  24.3  24.5  24.3  24.1  24.0  24.0  24.2  24.0  23.7  24.1  24.1  24.0  23.9  24.2  24.2  24.0  23.9  24.1  24.2  24.1  24.1  24.1  24.4  24.4  24.3  25.2  25.0  25.2  24.8  25.5  25.6 
 24.5  24.4  24.6  24.5  24.1  24.1  24.1  24.3  24.0  23.9  24.2  24.1  23.8  23.8  24.2  24.2  24.0  24.0  24.1  24.2  24.1  24.0  24.4  24.4  24.4  24.4  24.9  24.7  25.0  25.0  25.6  25.6 
 24.6  24.1  24.4  24.6  24.2  23.9  24.2  24.2  23.9  23.9  24.2  24.1  24.1  23.9  24.0  24.0  24.1  24.0  24.3  24.3  24.0  24.0  24.5  24.4  24.3  24.3  24.9  24.8  24.8  25.2  25.1  26.0 
 24.8  24.4  24.4  24.7  24.1  24.3  24.2  24.0  24.0  23.9  24.0  24.2  24.0  24.0  24.1  24.2  24.0  24.2  24.3  24.2  24.3  24.2  24.6  24.4  24.5  24.4  24.8  24.8  24.9  24.8  25.5  26.3 
 25.0  24.5  25.0  24.7  24.1  24.2  24.3  24.4  24.2  24.0  24.2  24.3  24.0  23.9  24.1  24.3  24.1  24.1  24.4  24.4  24.2  24.1  24.5  24.6  24.3  24.4  24.9  25.0  24.7  24.7  26.1  27.2 
 25.4  25.2  24.6  24.8  24.5  24.5  24.8  24.5  24.2  24.2  24.3  24.3  24.1  24.1  24.3  24.5  24.5  24.1  24.5  24.4  24.2  24.2  24.5  24.6  24.4  24.5  25.2  25.3  24.9  25.5  26.9  27.4 
 25.9  25.3  24.9  25.0  24.5  24.6  24.5  24.6  24.2  24.3  24.3  24.5  24.2  24.2  24.4  24.1  24.4  24.2  24.3  24.4  24.4  24.3  24.6  24.7  24.5  24.3  25.0  25.3  25.1  25.8  27.7  28.3 
