 23.8  22.9  23.1  23.1  22.8  22.5  22.6  22.6  22.5  22.2  22.7  22.5  22.4  22.2  22.2  22.5  22.3  22.1  22.6  22.5  22.4  22.3  22.8  22.5  22.6  22.4  23.2  23.4  23.5  23.3  23.7  24.8 
 23.1  22.8  23.3  23.3  22.6  22.6  22.6  22.7  22.4  22.4  22.7  22.5  22.1  22.5  22.4  22.3  22.2  22.1  22.5  22.6  22.4  22.2  22.6  22.7  22.7  22.6  23.1  24.1  23.4  23.4  23.5  24.4 
 23.4  23.1  23.0  22.9  22.6  22.1  22.6  22.6  22.6  22.4  22.6  22.5  22.3  22.2  22.4  22.3  22.3  22.3  22.4  22.3  22.2  22.0  22.7  22.7  22.7  22.5  22.9  23.0  23.0  22.7  23.3  23.5 
 23.0  22.6  23.2  23.0  22.4  22.6  22.7  22.9  22.8  22.6  22.7  22.4  22.3  22.3  22.3  22.3  22.1  22.1  22.5  22.2  22.3  22.4  22.3  22.6  22.4  22.5  22.9  23.2  22.8  22.8  23.4  23.5 
 23.0  22.8  23.1  23.0  22.6  22.5  22.6  22.9  23.2  22.9  23.1  22.8  22.3  22.2  22.5  22.4  22.2  22.2  22.5  22.3  22.5  22.1  22.6  22.6  22.5  22.4  22.9  22.7  22.7  22.5  23.2  23.2 
 22.8  22.8  23.0  22.8  22.4  22.6  22.9  23.1  23.4  23.7  23.2  22.8  22.3  22.2  22.6  22.3  22.1  22.1  22.2  22.5  22.3  22.2  22.5  22.6  22.4  22.5  22.7  23.0  22.6  22.7  23.3  23.1 
 22.8  22.8  22.9  22.8  22.6  22.4  22.9  23.1  25.2  26.3  24.0  23.0  22.4  22.2  22.1  22.4  22.1  22.2  22.3  22.4  22.5  22.3  22.5  22.6  22.6  22.1  22.7  22.6  22.7  22.6  23.1  23.0 
 23.2  22.5  22.7  23.0  22.6  22.5  23.0  23.3  25.5  27.0  24.2  22.9  22.4  22.3  22.4  22.4  22.3  22.2  22.4  22.4  22.4  22.2  22.5  22.6  22.4  22.5  22.7  22.6  22.4  22.6  22.8  22.5 
 23.2  22.8  23.2  23.0  22.7  22.6  22.9  22.9  23.1  23.1  22.9  22.6  22.4  22.4  22.4  22.5  22.4  22.2  22.3  22.3  22.6  22.3  22.4  22.4  22.5  22.2  22.8  22.7  22.8  22.5  23.0  22.9 
 23.2  23.0  23.3  23.3  23.1  22.6  22.8  22.8  22.8  22.8  22.7  22.6  22.2  22.3  22.6  22.4  22.2  22.1  22.4  22.4  22.3  22.4  22.5  22.4  22.5  22.5  22.9  23.0  22.6  22.5  23.0  23.2 
 23.7  23.5  23.7  23.9  23.8  23.5  23.0  23.0  22.9  22.6  22.8  22.6  22.4  22.3  22.5  22.4  22.4  22.1  22.5  22.5  22.3  22.3  22.5  22.4  22.5  22.2  23.2  23.4  23.5  23.0  23.2  22.8 
 23.7  23.7  24.0  24.4  24.5  24.4  23.9  23.5  22.8  22.7  22.6  22.7  22.4  22.3  22.5  22.5  22.2  22.3  22.4  22.6  22.2  22.3  22.4 nan  22.4  22.4  24.2  25.0  23.6  23.0  23.1  23.2 
 24.4  24.4  25.3  25.6  27.0  27.5  32.8  35.0  33.0  29.3  23.1  22.7  22.6  22.3  22.6  22.4  22.3  22.2  22.4  22.3  22.3  22.1  22.5  22.5  22.5  22.4  23.8  24.3  23.6  22.9  23.3  23.2 
 24.3  24.7  25.7  26.4  28.1  30.1  41.8  49.0  53.4  47.4  24.6  23.4  22.4  22.5  22.6  22.5  22.2  22.3  22.4  22.4  22.3  22.3  22.4  22.5  22.5  22.5  23.0  23.1  22.9  23.0  23.2  23.1 
 25.2  25.0  26.6  27.2  30.5  33.6  54.8  63.1  74.7  71.3  34.4  25.4  22.7  22.6  22.5  22.4  22.5  22.4  22.4  22.5  22.3  22.3  22.5  22.5  22.6  22.4  22.8  22.5  23.2  22.8  23.3  23.3 
 24.9  25.1  26.9  27.3  30.6  33.8  53.4  62.6  78.6  79.2  37.0  25.8  22.5  22.6  22.6  22.6  22.3  22.4  22.5  22.5  22.2  22.3  22.4  22.5  22.7  22.4  22.9  22.8  22.5  22.8  23.4  23.3 
 25.4  25.2  26.5  26.7  29.4  31.4  44.1  53.3  73.0  69.6  29.8  24.2  22.7  22.3  22.5  22.5  22.4  22.2  22.7  22.6  22.5  22.2  22.5  22.7  22.8  22.4  23.0  22.9  22.9  22.9  23.5  23.2 
 25.1  25.2  26.1  26.8  28.4  29.6  36.9  42.1  53.8  49.5  25.6  23.6  22.6  22.6  22.5  22.6  22.2  22.3  22.5  22.7  22.4  22.3  22.5  22.8  22.8  22.5  22.9  23.0  23.0  22.8  23.5  23.7 
 25.2  25.3  26.1  26.5  26.5  26.9  28.4  29.2  29.4  28.0  23.9  23.2  22.6  22.5  22.6  22.7  22.5  22.5  22.5  22.7  22.5  22.3  22.6  22.7  22.7  22.6  23.2  23.2  22.8  22.8  23.0  23.9 
 24.9  25.3  26.0  26.1  26.0  26.1  27.1  27.3  26.6  25.9  23.5  23.1  22.7  22.6  22.8  22.7  22.4  22.3  22.7  22.6  22.4  22.6  22.7  22.9  22.6  22.6  23.0  23.0  22.7  22.9  23.5  23.6 
 25.3  24.9  25.5  25.5  25.5  25.3  25.5  25.5  25.2  24.4  23.4  23.2  22.9  22.4  22.8  22.7  22.4  22.4  22.7  22.8  22.7  22.3  22.9  22.7  22.9  22.7  23.1  23.1  23.0  22.9  23.8  24.3 
 25.0  25.0  25.4  25.4  25.0  24.8  25.2  25.2  24.6  24.1  23.3  23.3  22.8  22.8  22.7  22.9  22.6  22.3  22.6  22.8  22.4  22.5  23.0  22.7  22.6  22.7  23.2  23.2  23.0  23.3  24.0  25.2 
 25.8  25.3  24.9  25.3  24.7  24.6  24.8  24.5  24.2  23.6  23.6  23.4  23.2  22.8  22.7  22.8  22.9  22.5  22.9  22.7  23.0  22.6  23.0  23.3  23.0  22.7  23.7  23.5  23.5  23.6  25.1  25.7 
 26.1  25.9  25.4  25.1  24.4  24.5  24.6  24.8  23.6  23.6  23.4  23.6  22.8  22.8  22.9  22.9  22.8  22.6  22.8  23.0  22.7  22.7  23.1  23.3  22.6  23.0  23.6  23.8  23.7  23.9  25.6  26.0 
