 24.3  23.8  23.5  23.8  23.4  23.1  22.9  23.0  22.8  22.6  22.8  22.9  22.7  22.7  22.6  22.7  22.7  22.7  22.8  22.9  22.9  22.8  23.3  24.4  27.3  27.5  28.2  28.6  29.2  29.3  29.9  30.4 
 23.8  23.4  23.6  23.6  23.1  23.0  23.0  23.1  22.9  22.5  22.9  22.7  22.6  22.8  22.9  22.8  22.8  22.7  22.9  22.8  22.8  22.8  23.1  23.7  26.9  27.7  28.5  28.6  29.1  29.4  30.8  30.5 
 23.6  23.4  23.5  23.1  23.1  22.6  22.8  22.9  22.8  22.8  23.0  22.9  22.6  22.6  22.8  22.8  22.8  22.8  22.8  22.9  23.0  22.7  22.8  23.2  25.7  26.8  28.4  28.8  29.8  29.7  29.7  29.4 
 23.3  23.4  23.3  23.4  22.8  22.7  23.3  23.1  23.0  22.8  23.2  22.8  22.8  22.6  23.1  22.8  22.7  22.8  23.0  22.9  23.0  22.6  23.0  23.0  24.9  26.3  28.8  29.0  29.6  29.2  29.8  29.4 
 23.5  23.5  23.2  23.2  22.9  23.0  23.0  23.2  23.4  23.5  23.0  22.9  22.7  22.7  22.9  22.7  22.9  22.7  22.8  22.9  22.9  22.7  22.8  23.2  23.6  24.2  27.2  28.2  29.0  29.3  29.9  29.8 
 23.5  23.3  23.4  23.0  23.0  22.9  23.2  23.2  23.9  23.7  23.2  23.0  22.7  22.6  22.7  22.7  22.8  22.8  22.8  22.8  22.9  22.7  23.2  22.9  23.4  23.4  25.9  27.2  29.2  29.6  30.4  30.3 
 23.5  23.4  23.1  23.2  23.0  23.0  23.0  23.7  25.5  26.6  24.1  23.4  22.9  22.8  22.7  22.9  22.9  23.0  22.9  22.9  23.1  23.1  23.1  23.1  23.8  25.1  28.5  30.1  31.0  30.5  30.4  30.2 
 23.6  23.4  23.4  23.1  23.1  23.0  23.3  23.5  26.0  27.5  24.6  23.2  22.8  22.7  22.9  22.8  22.9  22.7  23.2  22.9  22.8  22.8  23.1  23.1  25.2  26.9  30.2  31.2  31.7  32.0  31.5  30.7 
 23.8  23.5  23.6  23.1  23.0  23.1  23.1  23.3  23.6  23.8  23.2  22.9  23.0  22.9  22.9  23.0  22.9  22.9  23.0  23.0  22.9  23.1  23.0  23.4  27.4  29.0  31.3  31.5  31.9  32.3  32.9  32.9 
 23.8  23.8  23.6  23.5  23.0  23.0  23.1  23.0  23.2  23.2  23.1  23.0  22.8  22.7  22.9  22.9  22.9  23.0  23.0  23.0  23.1  23.1  23.2  23.6  28.1  29.7  31.5  31.6  31.9  32.3  33.1  32.9 
 24.2  24.2  24.1  24.3  23.9  23.8  23.4  23.3  23.1  23.1  23.0  23.0  22.7  22.7  22.9  23.0  23.0  23.0  23.0  23.0  23.0  23.0  23.1  23.9  28.7  30.3  31.6  31.7  32.5  32.7  31.9  30.3 
 24.2  24.2  24.5  24.4  24.7  24.8  24.1  23.6  23.3  23.2  22.9  22.9  22.9  22.9  23.0  22.8  22.9  22.9  23.0  22.9  23.0  23.0  23.2 nan  28.7  30.5  31.6  31.9  32.6  32.6  31.1  29.1 
 24.9  24.4  25.5  26.0  27.1  27.7  32.6  34.8  32.6  29.1  23.3  23.2  22.9  22.8  22.9  22.9  23.0  22.8  23.0  23.0  22.9  22.8  23.2  23.3  27.0  28.6  31.5  32.0  32.4  32.1  30.8  31.1 
 24.8  24.8  26.1  26.5  28.6  30.3  41.5  48.7  52.9  46.7  24.5  23.4  23.1  23.0  23.1  23.0  22.8  22.9  23.0  22.9  22.9  22.9  23.3  23.0  24.7  26.3  30.1  31.1  32.5  32.4  32.8  32.2 
 25.4  25.8  26.7  27.8  30.8  34.1  54.9  63.3  74.5  71.1  34.3  25.7  23.1  22.8  23.0  23.0  23.0  22.9  23.0  23.0  22.8  22.7  23.0  23.0  23.1  23.1  24.6  25.8  29.4  30.6  33.0  33.2 
 25.6  25.7  27.0  27.7  31.1  34.5  53.8  62.9  78.5  79.0  37.0  26.2  23.0  22.8  22.9  22.8  22.8  22.8  23.0  22.9  22.8  23.0  23.0  23.0  23.2  22.9  23.9  24.0  26.5  28.8  32.3  32.4 
 25.9  25.7  27.0  27.5  29.8  32.0  44.8  54.0  73.8  70.8  30.3  24.7  23.2  22.9  22.8  22.9  23.0  22.9  22.9  23.0  23.0  22.9  22.9  22.9  23.2  22.9  23.6  23.6  23.8  24.5  27.5  26.9 
 25.8  25.9  26.7  27.0  28.9  29.9  37.3  42.7  54.9  50.5  26.1  23.9  23.1  23.0  23.1  23.0  22.9  22.7  22.8  23.2  23.1  23.0  23.0  23.1  23.2  22.9  23.5  23.4  23.6  23.9  25.4  26.2 
 25.7  25.7  26.7  27.0  27.4  27.5  28.9  30.0  30.2  28.3  24.0  23.3  23.1  23.2  23.0  23.0  22.8  23.0  22.9  23.1  23.1  22.9  23.2  23.1  23.1  23.1  23.4  23.6  23.7  23.6  24.4  24.8 
 25.8  25.9  26.5  26.6  26.6  26.7  27.5  27.8  27.4  26.4  23.9  23.4  23.2  23.0  23.3  23.0  23.0  22.9  23.2  23.1  22.9  22.9  23.1  23.2  23.0  23.2  23.4  23.2  23.5  23.8  24.8  24.5 
 25.9  25.5  25.9  26.4  26.1  25.8  26.1  26.1  25.6  24.7  23.6  23.5  23.2  23.1  23.2  23.1  22.9  23.0  23.2  23.2  23.1  23.0  23.5  23.3  23.4  23.1  23.6  23.7  24.0  24.4  25.5  25.9 
 25.7  25.8  26.0  25.9  25.9  25.6  25.7  25.5  24.9  24.5  23.9  23.7  23.3  23.3  23.2  23.3  23.1  23.2  23.3  23.2  23.0  23.2  23.4  23.2  23.3  23.2  23.6  24.0  25.0  25.3  25.8  26.2 
 26.8  26.3  25.7  25.7  25.6  25.1  25.2  24.9  24.5  24.2  23.9  24.1  23.6  23.3  23.2  23.4  23.3  23.1  23.5  23.2  23.5  23.1  23.3  23.7  23.8  23.9  25.2  25.9  26.7  26.0  27.4  27.7 
 26.8  26.7  25.8  25.6  25.3  25.1  25.0  24.8  24.2  23.9  23.9  24.0  23.3  23.3  23.4  23.4  23.4  23.4  23.4  23.4  23.4  23.3  23.9  24.0  24.4  25.1  26.6  27.1  26.5  26.9  27.7  27.6 
