 23.7  22.9  22.8  23.2  22.5  22.5  22.5  22.8  22.5  22.6  22.6  22.7  22.4  22.2  22.3  22.3  22.2  22.4  22.4  22.5  22.2  22.5  22.5  22.5  22.3  22.6  23.3  23.6  23.0  23.4  23.8  24.7 
 23.4  22.5  23.1  23.1  23.1  22.6  22.7  22.5  22.5  22.0  22.5  22.5  22.5  22.1  22.5  22.5  22.3  22.1  22.4  22.5  22.6  22.2  22.7  22.6  22.7  22.4  23.1  24.3  23.8  23.1  23.9  24.5 
 23.0  23.0  23.4  22.8  22.5  22.4  22.5  22.9  22.6  22.6  22.4  22.5  22.1  22.4  22.4  22.3  22.1  22.4  22.1  22.4  22.2  22.3  22.2  22.6  22.5  22.5  22.8  23.1  23.1  23.1  23.4  23.8 
 23.3  22.7  22.9  22.9  22.6  22.0  22.8  23.0  22.8  22.3  22.7  22.6  22.3  22.0  22.3  22.3  22.4  21.9  22.3  22.3  22.4  22.1  22.5  22.6  22.5  22.2  23.1  23.0  22.7  22.5  23.5  23.6 
 23.0  23.0  22.6  23.0  22.6  22.6  22.9  22.9  23.0  23.3  22.8  22.7  22.2  22.2  22.2  22.4  22.1  22.2  22.1  22.2  22.3  22.4  22.3  22.5  22.5  22.5  22.9  23.0  22.6  22.8  22.9  23.2 
 22.9  22.5  22.8  22.9  22.7  22.4  23.0  22.9  23.5  23.7  23.3  22.7  22.3  22.0  22.3  22.3  22.4  22.1  22.4  22.2  22.1  22.2  22.7  22.6  22.6  22.2  22.9  22.7  22.8  22.7  23.3  23.2 
 22.8  23.1  22.9  22.7  22.6  22.7  22.9  23.1  25.0  26.4  24.0  23.1  22.4  22.3  22.2  22.3  22.1  22.5  22.4  22.4  22.2  22.3  22.5  22.8  22.3  22.5  22.7  22.7  22.5  22.7  23.2  23.2 
 23.2  22.5  23.0  22.8  22.8  22.5  23.1  23.3  25.4  26.8  24.4  22.9  22.6  22.0  22.4  22.4  22.3  22.2  22.4  22.3  22.3  22.2  22.6  22.3  22.6  22.1  22.7  22.6  22.9  22.3  22.9  22.3 
 23.2  23.1  23.0  22.8  22.7  22.8  22.9  23.0  23.0  23.1  22.8  22.7  22.2  22.3  22.3  22.5  22.1  22.4  22.3  22.3  22.2  22.3  22.4  22.5  22.3  22.4  22.7  22.8  22.5  22.8  22.7  23.0 
 23.6  22.8  23.2  23.3  22.9  22.5  22.8  22.6  22.8  22.7  22.6  22.6  22.3  22.2  22.4  22.2  22.3  22.1  22.4  22.4  22.4  22.3  22.6  22.6  22.6  22.3  22.9  22.9  22.9  22.6  23.5  23.2 
 23.5  23.6  23.7  23.7  23.6  23.6  23.1  23.0  22.7  22.7  22.5  22.5  22.2  22.3  22.4  22.3  22.2  22.3  22.3  22.5  22.2  22.3  22.3  22.3  22.5  22.4  23.1  23.6  23.2  23.4  22.9  23.0 
 24.0  23.6  24.0  24.3  24.3  24.1  23.9  23.4  23.1  22.6  22.6  22.6  22.4  22.3  22.5  22.4  22.3  22.1  22.5  22.4  22.3  22.2  22.4 nan  22.5  22.3  24.0  25.0  23.8  22.8  23.1  23.2 
 24.2  24.4  25.3  25.7  27.0  27.5  32.7  35.0  33.0  29.4  23.1  22.7  22.4  22.5  22.4  22.5  22.2  22.3  22.5  22.4  22.3  22.4  22.4  22.5  22.3  22.6  23.8  24.5  23.2  23.0  23.3  23.2 
 24.6  24.4  25.9  26.5  28.4  30.0  41.6  48.9  53.7  47.2  24.4  23.0  22.6  22.4  22.6  22.4  22.3  22.1  22.4  22.4  22.4  22.2  22.5  22.5  22.5  22.3  23.1  23.2  23.3  22.8  23.2  23.1 
 24.8  25.2  26.4  27.2  30.4  33.6  54.6  63.1  74.6  71.3  34.4  25.4  22.5  22.6  22.6  22.4  22.3  22.2  22.4  22.6  22.2  22.3  22.5  22.5  22.4  22.5  22.7  22.8  22.9  22.9  23.3  23.5 
 25.5  25.1  26.6  27.2  30.8  33.8  53.4  62.6  78.7  79.2  36.9  25.7  22.6  22.4  22.5  22.4  22.4  22.1  22.6  22.5  22.4  22.3  22.6  22.5  22.5  22.4  22.9  22.7  22.8  22.5  23.3  23.3 
 24.9  25.6  26.3  26.7  29.3  31.4  44.2  53.2  72.8  69.8  29.8  24.1  22.6  22.5  22.5  22.4  22.3  22.3  22.5  22.5  22.3  22.4  22.4  22.4  22.4  22.6  23.0  23.0  22.6  23.0  23.4  23.3 
 25.4  25.2  26.4  26.6  28.5  29.5  36.8  41.9  53.9  49.2  25.7  23.5  22.8  22.4  22.6  22.5  22.5  22.1  22.5  22.5  22.6  22.2  22.6  22.5  22.6  22.6  23.0  22.9  23.0  22.5  23.6  23.5 
 24.9  25.3  26.2  26.3  26.5  26.9  28.5  29.4  29.4  27.8  23.7  23.2  22.6  22.5  22.5  22.4  22.4  22.5  22.4  22.5  22.6  22.4  22.8  22.6  22.6  22.7  22.9  23.2  22.8  23.2  23.3  23.8 
 25.4  25.0  26.0  26.1  26.1  26.0  27.2  27.2  26.8  25.9  23.5  23.2  22.7  22.4  22.7  22.5  22.4  22.2  22.4  22.5  22.5  22.2  22.7  22.5  22.6  22.7  23.0  23.2  22.9  22.6  24.1  23.5 
 25.0  25.1  25.5  25.2  25.4  25.5  25.4  25.6  25.0  24.5  23.4  23.1  22.4  22.6  22.6  22.7  22.4  22.5  22.5  22.7  22.5  22.4  22.8  22.8  22.6  22.8  23.1  22.9  22.9  23.2  23.4  23.9 
 25.4  25.0  25.5  25.4  25.2  24.8  25.2  25.0  24.7  24.1  23.4  23.3  23.0  22.5  22.8  22.8  22.6  22.4  22.7  22.8  22.5  22.5  22.9  22.8  22.7  22.4  23.2  23.4  23.3  23.2  24.6  24.5 
 26.2  25.6  25.1  25.1  24.7  24.8  24.7  24.7  24.0  23.8  23.4  23.4  22.9  22.9  22.8  22.8  22.6  22.6  22.9  22.7  22.7  22.6  22.9  23.1  22.9  22.9  23.5  23.5  23.6  23.5  25.3  26.0 
 26.3  25.5  25.1  25.0  24.8  24.3  24.5  24.5  23.8  23.6  23.5  23.6  23.0  22.7  22.9  22.7  22.6  22.6  22.9  22.7  23.1  22.3  23.1  23.1  22.9  22.7  23.3  23.6  23.7  23.7  25.9  26.3 
