 23.5  22.7  23.1  23.2  22.7  22.2  22.6  22.8  22.3  22.2  22.6  22.6  22.3  21.9  22.4  22.5  22.1  22.0  22.6  22.5  22.2  22.1  22.5  22.7  22.4  22.3  23.3  23.8  23.6  22.8  24.1  24.3 
 23.4  22.7  23.3  23.1  22.7  22.4  22.7  23.0  22.4  22.2  22.5  22.5  22.3  22.0  22.4  22.3  22.2  22.1  22.5  22.6  22.2  22.1  22.4  22.4  22.6  22.7  23.4  24.2  23.5  23.4  23.9  24.2 
 23.0  22.8  22.9  23.1  22.6  22.4  22.5  22.7  22.6  22.4  22.5  22.6  22.2  22.1  22.3  22.5  22.2  22.2  22.3  22.4  22.0  22.0  22.4  22.6  22.5  22.4  22.8  23.2  22.8  22.6  23.4  23.6 
 22.9  22.8  23.1  23.0  22.6  22.2  22.8  22.6  22.6  22.4  22.6  22.7  22.0  22.2  22.3  22.2  22.3  22.1  22.4  22.4  22.2  22.1  22.5  22.4  22.2  22.3  22.9  22.9  22.4  22.7  23.7  23.4 
 22.9  22.5  22.9  22.9  22.6  22.3  22.9  22.9  23.0  22.9  22.6  22.7  22.2  22.1  22.3  22.3  22.0  22.1  22.2  22.4  22.2  22.2  22.3  22.5  22.2  22.2  22.7  22.8  22.6  22.6  23.1  23.2 
 22.7  22.6  23.1  22.8  22.4  22.6  22.9  22.9  23.4  23.6  23.1  22.5  22.3  22.2  22.4  22.2  22.0  22.0  22.3  22.1  22.1  22.1  22.5  22.4  22.5  22.2  22.6  22.8  22.5  22.4  23.3  22.8 
 22.7  22.5  23.2  23.0  22.4  22.3  22.9  23.1  24.9  26.4  23.9  23.0  22.4  22.1  22.3  22.3  22.0  22.0  22.4  22.4  22.3  22.1  22.5  22.6  22.4  22.4  22.5  22.7  22.6  22.6  23.2  23.2 
 22.9  22.5  22.8  22.8  22.6  22.4  23.2  23.0  25.4  26.7  24.3  23.0  22.3  22.2  22.5  22.2  22.1  22.2  22.1  22.4  22.1  22.2  22.6  22.7  22.5  22.3  22.7  22.8  22.7  22.6  22.9  22.3 
 23.1  22.7  23.0  22.8  22.5  22.5  22.8  22.9  23.0  22.9  22.7  22.6  22.2  22.2  22.4  22.4  22.2  22.1  22.4  22.3  22.3  22.0  22.5  22.5  22.4  22.3  22.5  22.7  22.5  22.3  22.7  23.1 
 23.1  22.6  23.2  23.1  22.6  22.7  22.9  22.8  22.7  22.7  22.4  22.6  22.2  22.1  22.3  22.3  22.1  22.2  22.4  22.3  22.1  22.2  22.6  22.4  22.5  22.2  22.8  23.0  22.6  22.6  23.3  22.9 
 23.5  23.3  23.7  23.8  23.6  23.3  23.2  23.1  22.6  22.6  22.6  22.6  22.4  22.2  22.5  22.4  22.3  22.2  22.3  22.4  22.1  22.0  22.3  22.4  22.5  22.2  23.1  23.6  23.3  23.0  23.2  23.1 
 23.6  23.3  24.1  24.2  24.3  24.4  23.9  23.4  22.8  22.7  22.7  22.6  22.4  22.3  22.4  22.4  22.1  22.0  22.5  22.4  22.0  22.2  22.3 nan  22.3  22.3  24.1  24.6  23.4  22.6  23.1  23.2 
 24.2  24.0  25.3  25.7  26.8  27.5  32.6  34.9  33.1  29.1  23.0  22.9  22.3  22.3  22.4  22.5  22.2  22.2  22.3  22.4  22.2  22.0  22.5  22.6  22.5  22.3  23.8  24.3  23.2  22.7  23.2  23.3 
 24.5  24.4  25.7  26.2  28.2  29.9  41.6  48.9  53.4  47.3  24.4  23.0  22.5  22.3  22.5  22.4  22.1  22.1  22.5  22.3  22.2  22.1  22.5  22.4  22.2  22.5  23.0  23.2  22.9  22.8  23.1  23.1 
 24.9  25.0  26.4  27.3  30.4  33.4  54.7  63.1  74.5  71.3  34.3  25.4  22.5  22.4  22.5  22.5  22.3  22.2  22.4  22.5  22.2  22.1  22.5  22.6  22.4  22.2  22.5  22.7  22.6  22.9  23.3  23.0 
 24.9  25.1  26.9  27.3  30.6  33.9  53.4  62.6  78.5  79.2  36.9  25.7  22.5  22.5  22.4  22.4  22.2  22.1  22.3  22.5  22.3  22.2  22.5  22.6  22.1  22.3  22.7  22.6  22.5  22.8  23.3  23.4 
 25.1  25.3  26.2  26.7  29.2  31.4  44.1  53.2  72.9  69.7  29.7  24.0  22.6  22.4  22.4  22.4  22.2  22.2  22.4  22.5  22.3  22.1  22.6  22.6  22.5  22.4  22.9  22.9  22.7  22.8  23.1  23.3 
 25.1  25.2  26.1  26.6  28.4  29.4  36.8  41.9  53.7  49.2  25.7  23.5  22.4  22.4  22.7  22.4  22.2  22.1  22.5  22.5  22.3  22.3  22.4  22.6  22.5  22.5  22.8  23.0  22.8  22.7  23.4  23.7 
 25.1  25.0  25.9  26.4  26.5  26.6  28.3  29.4  29.4  27.6  23.6  23.2  22.6  22.4  22.6  22.4  22.4  22.1  22.4  22.5  22.3  22.1  22.5  22.5  22.7  22.3  22.8  23.1  22.8  22.9  23.3  24.0 
 24.8  25.5  25.6  25.8  26.0  26.0  27.3  27.2  26.6  25.8  23.5  22.9  22.7  22.4  22.5  22.5  22.3  22.5  22.6  22.4  22.2  22.3  22.7  22.7  22.6  22.3  23.0  23.2  22.6  22.9  23.7  23.5 
 25.0  24.9  25.6  25.6  25.3  25.2  25.5  25.5  24.8  24.1  23.2  23.3  22.6  22.6  22.7  22.7  22.4  22.3  22.6  22.7  22.4  22.3  22.8  22.9  22.8  22.6  22.8  23.3  22.9  22.9  23.4  24.5 
 24.8  24.9  25.5  25.1  25.0  24.8  25.3  25.0  24.2  24.1  23.3  23.0  22.7  22.5  22.6  22.7  22.4  22.3  22.6  22.7  22.3  22.3  23.0  22.6  22.4  22.5  23.2  23.1  23.2  23.0  24.6  24.8 
 25.9  25.1  24.8  25.1  24.8  24.2  24.5  24.7  24.1  23.7  23.5  23.4  23.0  22.6  22.7  22.9  22.5  22.4  22.7  22.8  22.6  22.5  22.9  23.3  22.9  22.4  23.4  23.3  23.6  23.5  25.6  26.4 
 25.7  25.2  25.2  25.0  24.3  24.2  24.5  24.2  23.8  23.4  23.4  23.2  22.6  22.7  22.8  22.6  22.6  22.6  22.8  22.7  22.7  22.6  23.2  23.2  22.5  22.7  23.8  23.6  23.1  23.5  26.3  26.8 
