 29.8  29.5  30.0  30.2  29.5  29.4  32.2  32.7  31.5  31.5  28.2  26.7  24.4  23.9  24.3  24.4  23.9  24.0  24.4  24.2  23.8  24.1  24.4  24.7  24.4  24.5  25.3  25.2  25.5  25.2  26.7  28.1 
 29.8  29.6  29.6  29.8  29.3  29.5  32.4  32.3  31.2  30.9  28.7  25.6  24.1  23.9  24.5  24.4  24.1  24.0  24.4  24.2  24.0  24.0  24.4  24.4  24.5  24.7  25.1  25.2  25.6  26.0  26.9  27.2 
 29.7  29.2  30.0  29.5  29.6  29.7  31.5  31.6  29.9  29.4  25.8  25.0  24.0  23.9  24.1  24.2  24.0  24.0  24.1  24.2  23.9  23.9  24.1  24.4  24.4  24.7  25.8  25.6  26.1  25.8  26.6  26.9 
 29.2  29.3  29.3  29.3  28.6  29.5  30.7  30.7  28.9  27.9  25.6  24.4  23.8  24.1  24.1  24.3  24.2  24.0  24.3  24.1  24.1  23.9  24.5  24.4  24.6  24.7  26.0  26.1  26.1  26.3  26.6  26.9 
 29.3  29.0  28.8  28.7  26.3  26.0  27.7  27.4  26.0  25.3  24.3  24.4  24.0  24.1  24.3  24.2  24.0  23.9  24.1  24.2  23.9  23.9  24.3  24.7  25.0  25.5  26.8  27.0  26.4  26.7  26.9  27.2 
 29.5  29.4  29.1  28.2  25.7  25.1  25.7  25.7  24.6  24.3  24.2  24.4  24.1  24.1  24.2  24.3  24.0  23.8  24.3  24.1  24.0  23.8  24.5  24.5  25.7  26.3  27.4  27.6  26.9  27.1  27.2  27.1 
 28.6  28.9  28.3  28.1  25.2  24.5  24.1  24.2  24.0  23.9  24.2  24.4  24.1  24.0  24.1  24.4  24.0  24.1  24.3  24.2  24.2  24.3  24.5  25.0  28.4  29.4  29.7  29.4  27.9  27.5  27.3  27.4 
 28.9  28.8  28.0  27.0  24.4  24.0  24.5  24.1  23.9  24.0  24.4  24.2  24.0  23.9  24.4  24.1  24.0  24.1  24.1  24.2  24.0  24.2  25.1  26.7  33.1  33.4  31.5  30.5  28.2  27.9  27.4  26.8 
 28.6  27.9  27.1  25.7  24.0  24.0  24.2  24.3  24.1  23.9  24.2  24.2  24.0  24.0  24.3  24.4  24.1  24.0  24.2  24.3  24.2  24.4  37.7  51.4  64.0  58.7  37.9  33.8  29.0  28.5  27.9  27.7 
 27.0  27.0  25.3  24.8  24.2  23.9  24.4  24.3  24.0  24.0  24.1  24.1  23.9  23.9  24.2  24.2  23.9  24.1  24.3  24.3  24.5  25.0  53.0  69.8  83.1  73.6  42.2  34.9  29.5  28.6  28.0  27.5 
 24.9  24.5  24.5  24.4  24.0  24.0  24.2  24.4  23.9  24.0  24.1  24.2  23.9  23.7  24.1  24.2  24.0  24.0  24.1  24.4  24.8  27.2  64.3  74.3  76.0  71.2  44.3  36.6  30.2  28.9  27.8  27.6 
 24.5  24.3  24.6  24.5  24.1  24.1  24.3  24.4  23.9  24.0  24.1  24.1  23.8  23.8  24.2  24.1  23.9  24.1  24.2  24.2  24.7  26.2  60.6 nan  65.8  58.8  40.7  35.8  30.0  28.9  27.8  27.7 
 24.6  24.1  24.3  24.4  24.1  24.0  24.3  24.5  24.0  24.0  24.1  24.0  24.0  23.9  24.0  24.2  23.9  23.9  24.2  24.3  24.2  24.3  34.0  43.0  46.6  42.9  33.3  31.6  29.3  28.4  27.7  27.6 
 24.5  24.3  24.6  24.4  24.1  24.0  24.2  24.2  24.0  23.9  24.0  24.2  24.0  24.0  24.2  24.1  23.9  24.0  24.2  24.2  24.2  24.2  27.3  31.3  36.2  34.6  30.5  29.7  28.5  28.0  27.4  27.2 
 24.5  24.0  24.4  24.5  24.1  24.1  24.2  24.5  24.1  23.9  24.3  24.2  24.0  23.8  23.9  24.1  24.0  24.0  24.3  24.4  24.1  24.1  24.5  24.7  26.0  26.8  27.3  27.3  26.7  26.4  26.5  26.5 
 24.4  24.4  24.5  24.4  23.9  24.0  24.1  24.1  23.9  24.1  24.2  24.2  23.9  24.0  24.1  24.1  24.0  23.9  24.1  24.1  24.0  24.1  24.4  24.5  25.0  25.4  26.6  26.4  26.1  26.1  26.1  26.1 
 24.5  24.5  24.3  24.4  24.1  23.9  24.3  24.4  24.0  23.9  24.3  24.2  23.9  23.9  24.0  24.2  23.9  24.0  24.3  24.3  24.0  23.9  24.2  24.3  24.7  24.4  25.4  25.5  25.3  25.2  25.8  25.7 
 24.4  24.2  24.7  24.4  24.0  23.9  24.3  24.1  23.9  23.9  24.2  23.9  23.8  23.9  24.2  24.2  24.0  24.0  24.3  24.3  24.0  24.1  24.3  24.5  24.3  24.2  25.1  25.0  25.1  25.0  25.7  26.0 
 24.5  24.6  24.6  24.9  24.1  24.0  24.2  24.6  24.0  23.8  24.2  24.2  23.8  23.9  24.2  24.3  24.1  24.0  24.2  24.5  24.2  24.0  24.3  24.7  24.6  24.6  24.8  25.2  24.9  24.8  25.4  25.7 
 24.3  24.5  24.5  24.7  23.9  24.0  24.5  24.1  23.8  23.9  24.0  24.3  24.2  24.0  24.4  24.1  24.1  24.0  24.5  24.4  24.1  24.0  24.4  24.6  24.5  24.2  24.9  25.0  24.5  25.0  25.7  26.1 
 24.6  24.5  24.8  24.9  24.2  24.0  24.3  24.6  24.1  23.8  24.4  24.3  24.3  23.8  24.1  24.4  23.9  24.3  24.1  24.4  24.1  24.3  24.5  24.7  24.5  24.6  24.9  25.0  24.8  25.0  25.8  26.6 
 24.8  24.5  25.1  24.5  24.3  24.1  24.6  24.2  24.1  23.9  24.2  24.3  24.1  24.1  24.3  24.3  24.0  24.1  24.6  24.4  24.3  24.2  24.7  24.4  24.4  24.7  24.9  25.1  24.7  25.1  27.1  27.2 
 25.7  25.5  24.8  24.8  24.7  24.2  24.8  24.5  24.4  24.0  24.5  24.5  24.2  24.3  24.3  24.8  24.5  24.3  24.6  24.8  24.4  24.2  24.7  24.8  24.6  24.5  25.2  25.4  25.1  25.6  27.7  28.7 
 25.6  25.8  25.3  25.0  24.6  24.6  24.9  24.8  24.2  24.2  24.7  24.4  24.0  24.1  24.5  24.5  24.2  24.4  24.7  24.5  24.3  24.3  24.9  24.9  24.7  24.6  25.4  25.5  25.4  25.8  29.0  28.8 
