 30.1  29.6  29.6  29.6  29.1  29.2  29.7  30.1  30.1  29.7  28.1  26.6  23.9  24.0  24.1  24.2  24.1  24.0  24.2  24.4  24.0  24.0  24.2  24.5  24.3  24.5  25.0  25.1  25.2  25.3  26.5  27.2 
 29.8  29.8  29.8  29.7  29.1  29.0  29.1  29.4  28.6  28.6  26.4  25.4  24.0  23.9  24.4  24.3  24.1  23.8  24.2  24.0  24.2  23.9  24.2  24.2  24.1  24.5  24.9  25.1  25.5  25.5  26.1  26.8 
 29.7  29.6  29.7  29.7  28.6  28.1  26.5  26.0  25.6  24.8  24.3  24.1  24.1  24.1  24.2  24.3  24.1  23.9  24.1  24.2  24.1  24.1  24.2  24.3  24.3  24.5  25.6  25.7  25.8  25.5  26.1  26.5 
 29.3  28.8  28.7  28.8  27.9  26.9  25.3  24.7  24.4  24.2  24.2  24.0  24.0  23.9  24.0  24.1  24.0  24.1  24.2  24.1  24.1  23.9  24.3  24.2  24.4  24.9  25.9  25.7  26.1  25.9  26.5  26.7 
 29.0  29.5  29.1  29.0  27.1  26.1  24.2  24.4  24.0  24.2  24.1  23.8  24.0  23.9  24.2  24.1  24.0  24.0  24.1  24.2  24.1  23.9  24.4  24.4  25.1  25.6  26.7  26.8  26.6  26.6  26.8  26.5 
 28.1  28.3  28.5  28.0  25.8  24.8  24.3  24.1  23.9  24.0  24.2  24.2  23.9  24.0  24.1  24.1  24.1  24.0  24.2  24.1  24.1  24.0  24.4  24.2  25.6  26.1  27.3  27.4  27.1  27.0  27.1  26.8 
 26.6  26.3  26.2  25.6  24.1  24.1  24.2  24.2  24.0  23.9  24.1  24.2  24.0  23.9  24.1  24.1  24.0  24.0  24.0  24.1  24.1  24.0  24.6  25.0  28.3  29.1  29.7  29.5  27.8  27.6  27.3  27.1 
 26.7  25.9  25.2  25.1  24.2  23.9  24.3  24.1  23.9  23.9  24.2  24.0  23.9  24.1  24.2  24.1  24.1  24.1  24.1  24.2  24.2  24.2  24.9  26.6  32.7  33.2  31.4  30.4  28.1  27.8  27.3  26.5 
 25.4  24.5  24.3  24.2  23.9  24.0  24.1  24.1  24.0  23.9  24.1  24.1  23.9  23.9  24.2  24.1  24.2  24.0  24.1  24.2  24.4  24.4  36.7  49.9  63.3  58.4  37.9  33.4  29.1  28.5  27.3  27.3 
 24.6  24.0  24.6  24.3  24.1  23.9  24.2  24.1  23.9  23.9  24.1  24.3  23.9  23.8  24.0  24.2  24.1  23.9  24.2  24.3  24.5  25.0  51.4  68.9  82.9  73.7  42.3  34.9  29.1  28.5  27.7  27.3 
 24.2  24.2  24.4  24.3  24.2  24.0  24.1  24.2  24.0  23.9  24.1  23.9  23.8  23.8  24.0  24.1  24.1  23.9  24.2  24.2  24.4  26.9  63.5  74.0  76.6  71.8  44.7  36.5  29.8  28.8  27.6  27.5 
 24.2  24.2  24.4  24.3  24.1  23.9  24.1  24.2  24.0  23.9  23.9  24.1  23.9  23.8  24.0  24.0  24.0  23.8  24.3  24.3  24.6  26.2  60.2 nan  66.4  59.4  40.9  36.0  30.1  28.7  27.8  27.6 
 24.3  23.9  24.1  24.2  24.1  23.8  24.2  24.1  24.0  23.9  24.0  24.0  23.9  23.9  24.0  24.1  23.9  24.0  24.2  24.2  24.1  24.3  33.9  43.1  47.2  43.2  33.3  31.5  29.4  28.4  27.7  27.3 
 24.4  24.2  24.5  24.5  24.2  23.9  24.2  24.2  24.0  23.8  24.0  24.2  23.8  23.9  24.1  24.0  23.9  23.8  24.2  24.3  24.3  24.1  27.4  31.2  36.4  34.8  30.6  29.9  28.5  27.7  27.2  26.9 
 24.0  24.3  24.3  24.4  24.2  24.1  24.2  24.0  23.9  23.7  24.0  24.2  23.9  23.8  23.9  24.2  23.9  23.8  24.2  24.0  24.0  24.0  24.3  24.5  25.9  26.6  27.1  27.2  26.8  26.6  26.4  26.6 
 24.3  24.0  24.4  24.2  23.8  24.1  23.9  24.1  23.9  23.9  24.1  23.9  23.9  23.8  23.9  24.0  23.8  23.9  24.2  24.2  24.1  24.0  24.3  24.4  24.9  25.4  26.4  26.3  26.0  25.9  26.0  26.0 
 24.4  24.1  24.5  24.3  24.1  23.9  24.0  24.0  23.9  23.6  24.0  23.9  24.0  24.0  24.0  23.9  24.0  23.9  24.2  24.2  24.2  23.9  24.2  24.3  24.5  24.4  25.2  25.3  25.3  25.3  25.7  25.6 
 24.4  24.1  24.3  24.4  23.9  24.0  24.1  24.0  23.9  24.1  24.1  23.8  24.0  23.7  24.1  24.0  24.1  23.9  24.3  24.2  24.1  23.8  24.1  24.2  24.4  24.2  25.0  25.2  25.3  25.1  25.9  25.9 
 24.4  24.4  24.4  24.5  23.8  23.9  24.1  24.3  24.0  23.8  24.0  24.1  24.0  24.0  24.0  24.1  24.1  23.9  24.1  24.2  24.1  23.9  24.4  24.5  24.5  24.4  24.7  25.1  24.8  24.9  25.5  25.9 
 24.4  24.3  24.6  24.7  24.3  23.9  24.1  24.1  23.8  23.7  24.0  24.2  24.0  23.9  24.1  24.0  24.0  24.0  24.3  24.2  24.2  24.1  24.2  24.4  24.4  24.4  24.7  24.8  24.7  24.6  25.6  25.9 
 24.5  24.3  24.7  24.6  24.2  24.0  24.2  24.4  24.0  23.8  24.2  24.1  23.8  23.9  24.2  24.3  24.0  24.1  24.2  24.3  24.2  24.2  24.5  24.6  24.4  24.4  24.8  25.1  24.7  24.7  25.4  25.9 
 24.7  24.8  24.8  24.7  24.3  24.1  24.1  24.1  23.9  24.0  24.1  24.2  23.9  23.9  24.0  24.3  24.1  24.1  24.4  24.2  24.3  24.4  24.4  24.4  24.3  24.4  24.8  25.0  24.8  25.0  26.2  26.3 
 26.0  25.1  24.7  24.9  24.4  24.2  24.4  24.4  24.2  24.0  24.1  24.5  24.2  24.1  24.1  24.4  24.2  24.2  24.3  24.5  24.2  24.4  24.3  24.6  24.6  24.4  25.1  25.1  25.1  25.2  26.3  27.5 
 26.3  24.9  25.1  25.3  24.5  24.5  24.4  24.5  24.1  24.1  24.3  24.3  24.2  24.1  24.5  24.3  24.2  24.1  24.2  24.3  24.3  24.3  24.8  24.4  24.7  24.5  25.1  25.4  25.2  25.6  27.8  28.9 
