 30.1  29.0  29.4  29.6  29.0  28.7  29.6  29.8  30.1  29.2  28.3  27.0  24.1  23.7  24.2  24.2  23.7  23.8  24.1  24.0  23.9  23.8  24.2  24.5  24.3  24.2  24.7  25.1  25.4  25.1  25.9  27.7 
 29.1  29.5  29.5  29.7  28.6  28.8  28.3  29.1  28.3  28.1  26.6  25.8  24.0  24.1  24.0  24.1  23.7  23.9  24.0  24.1  23.9  24.0  24.4  24.6  24.3  24.3  24.8  25.3  25.0  25.5  26.6  26.6 
 30.4  29.8  30.2  30.0  28.8  27.7  26.1  25.4  25.7  25.0  24.4  24.4  23.8  23.9  24.2  24.1  24.0  23.6  23.9  24.0  24.0  23.8  24.3  24.2  24.4  24.3  25.3  25.8  25.5  25.5  25.9  26.5 
 29.1  29.0  29.1  29.0  28.0  27.4  25.2  24.9  24.2  23.9  24.3  24.1  23.9  23.8  24.1  24.1  23.8  23.8  24.2  24.0  23.9  23.9  24.1  24.1  24.1  24.5  25.6  26.0  25.8  26.2  26.7  26.6 
 29.1  29.2  29.2  28.7  26.9  26.0  24.3  24.2  23.9  23.9  23.9  24.1  23.9  23.7  24.2  24.0  23.9  23.8  24.0  24.2  23.9  23.9  24.2  24.4  25.0  25.3  26.6  26.8  26.4  26.3  26.3  26.5 
 27.9  28.5  28.6  28.2  25.9  25.4  24.3  24.1  23.7  23.9  24.0  24.0  23.8  23.8  23.9  24.2  23.9  24.0  24.1  24.0  23.8  23.7  24.3  24.2  25.3  26.0  27.1  27.3  26.9  26.8  26.9  26.8 
 26.8  26.5  26.5  26.2  24.3  23.9  24.1  24.1  23.9  23.7  24.0  24.2  23.8  23.8  24.1  24.1  23.9  23.9  24.1  24.0  24.1  23.9  24.4  24.8  28.2  28.9  29.4  29.3  27.6  27.0  27.5  27.3 
 26.0  25.7  25.2  24.9  24.1  24.0  24.0  24.2  23.7  23.8  24.0  24.0  23.8  23.8  24.1  24.0  23.9  24.1  23.9  24.0  24.0  24.0  25.0  26.4  32.6  32.9  31.4  30.4  27.8  27.8  27.4  27.0 
 24.8  23.9  24.3  24.2  23.8  23.8  24.1  24.2  23.9  23.7  24.0  23.9  24.0  23.7  23.9  24.2  24.1  24.1  24.1  24.2  24.3  24.3  36.6  49.8  63.2  58.3  38.0  33.5  28.9  28.2  27.3  27.6 
 24.2  24.0  24.4  24.4  24.2  23.7  24.1  24.1  23.8  23.8  24.0  24.1  23.8  23.8  24.0  23.9  23.8  23.9  24.2  24.2  24.2  24.9  51.4  68.8  82.7  73.6  42.3  34.9  28.8  28.4  27.6  27.5 
 24.2  24.4  24.4  24.4  24.0  23.7  24.0  24.0  24.0  23.5  24.1  23.9  23.9  23.7  23.9  24.0  23.9  23.8  24.1  24.2  24.6  26.6  63.4  73.8  76.3  71.6  44.7  36.5  29.9  28.8  27.6  27.5 
 23.9  23.9  24.1  24.1  23.8  23.8  23.9  24.2  23.8  23.9  23.9  24.0  23.9  23.7  24.0  23.9  23.8  23.7  24.2  24.1  24.3  25.9  60.1 nan  66.2  59.1  40.7  35.8  29.7  28.8  27.5  27.4 
 24.5  24.1  24.3  24.4  24.1  23.8  24.0  24.0  23.9  23.7  24.0  24.0  23.8  23.8  24.0  24.0  23.8  23.7  24.2  24.1  24.1  24.1  33.8  43.0  46.9  43.0  33.4  31.6  29.2  28.3  27.4  27.0 
 24.0  24.2  24.3  24.2  24.0  24.1  24.1  24.1  23.8  23.7  24.0  23.9  23.9  23.7  24.0  23.9  23.8  23.7  24.0  24.1  24.0  24.0  27.4  31.1  36.2  34.6  30.4  29.8  28.2  27.8  27.3  27.0 
 24.2  24.2  24.1  24.2  24.0  23.8  24.0  24.0  23.9  23.8  24.0  24.0  23.9  23.7  23.9  24.1  23.8  23.7  24.0  24.0  24.0  23.8  24.1  24.7  26.1  26.5  27.2  27.1  26.8  26.3  26.4  26.4 
 24.1  23.8  24.4  24.3  23.9  23.7  24.0  24.1  23.9  23.5  24.1  24.0  23.7  23.9  23.9  24.0  23.7  23.8  23.9  24.1  23.8  23.8  24.3  24.4  24.7  25.4  26.4  26.2  26.0  26.0  26.1  25.9 
 24.1  24.1  24.4  24.1  24.0  23.7  24.2  24.3  24.0  23.6  23.9  23.9  23.7  23.5  24.1  24.0  23.9  23.8  24.1  24.0  23.9  23.6  24.3  24.2  24.3  24.3  25.2  25.5  25.3  25.1  25.7  25.8 
 24.1  24.1  24.2  24.2  23.9  23.8  24.1  24.0  23.9  23.8  24.0  24.0  23.7  23.8  24.0  24.0  23.8  23.8  24.2  24.0  23.8  24.0  24.2  24.3  24.2  24.3  25.0  25.3  24.8  24.9  25.5  25.5 
 24.4  24.2  24.5  24.4  23.7  23.7  24.0  24.3  24.0  23.6  24.1  23.9  23.8  23.9  24.1  24.1  24.1  23.8  24.1  24.2  24.2  23.7  24.2  24.2  24.2  24.1  24.7  24.9  24.8  24.6  25.3  25.5 
 24.4  24.5  24.3  24.5  24.0  23.8  24.3  24.1  23.8  23.7  23.9  24.0  23.8  23.8  24.0  23.9  23.8  23.9  24.2  24.2  24.0  23.8  24.3  24.2  24.1  24.2  24.9  24.7  24.3  24.6  25.4  25.6 
 24.7  24.0  24.5  24.3  24.2  24.0  24.1  24.1  23.9  23.7  23.9  24.0  24.1  24.0  24.1  24.2  24.2  23.8  24.2  24.3  24.0  24.0  24.3  24.6  24.5  24.3  24.7  25.1  24.7  24.5  25.6  26.2 
 24.3  24.4  24.4  24.4  24.0  24.0  24.3  24.5  23.8  23.9  24.1  24.1  23.8  23.8  24.2  24.2  23.8  23.9  24.4  24.3  24.1  24.1  24.7  24.4  24.3  24.3  24.8  25.1  24.6  24.8  26.3  27.1 
 25.6  24.7  24.6  24.9  24.4  23.9  24.5  24.3  24.0  24.0  24.3  24.3  24.2  24.0  24.2  24.6  24.4  23.9  24.3  24.5  24.3  24.1  24.4  24.5  24.5  24.2  25.3  25.3  25.0  24.8  26.8  28.6 
 25.2  25.4  24.4  25.1  24.0  24.3  24.7  24.5  23.9  23.9  24.2  24.3  24.0  24.2  24.3  24.3  24.0  24.1  24.5  24.4  24.1  24.2  24.6  24.9  24.3  24.2  24.9  25.3  25.0  25.7  27.6  28.7 
