 23.4  23.1  22.9  23.0  22.7  22.8  22.6  22.7  22.2  22.5  22.6  22.6  22.0  22.4  22.3  22.4  22.2  22.4  22.5  22.4  22.1  22.5  22.5  22.7  22.5  22.7  23.3  23.8  23.5  23.5  24.0  24.8 
 23.7  22.5  23.1  23.1  22.8  22.3  22.8  22.7  22.6  22.2  22.7  22.5  22.7  22.1  22.6  22.3  22.4  21.9  22.5  22.5  22.6  22.1  22.5  22.7  22.8  22.4  23.4  24.2  24.3  23.2  23.8  24.4 
 22.8  23.1  22.9  23.1  22.3  22.6  22.7  22.6  22.4  22.5  22.4  22.7  22.1  22.4  22.5  22.3  22.1  22.4  22.4  22.5  22.0  22.6  22.5  22.5  22.6  22.9  22.9  23.2  23.0  23.2  23.5  23.7 
 23.8  22.8  22.9  23.0  22.8  22.1  22.7  22.8  23.0  22.4  22.8  22.7  22.4  22.2  22.3  22.5  22.5  21.8  22.3  22.4  22.4  22.0  22.7  22.5  22.8  22.6  23.1  22.8  23.0  22.7  23.5  23.7 
 22.7  23.2  22.9  23.2  22.6  22.7  22.8  23.2  22.8  23.3  22.8  22.7  22.2  22.5  22.5  22.3  22.0  22.3  22.4  22.4  22.2  22.5  22.5  22.6  22.4  22.6  22.8  22.7  22.6  22.8  23.2  23.4 
 23.0  22.6  23.0  22.6  22.8  22.5  23.1  23.0  23.7  23.7  23.1  22.6  22.3  22.2  22.4  22.3  22.5  22.0  22.4  22.5  22.4  22.1  22.6  22.5  22.7  22.0  22.7  23.0  22.9  22.5  23.1  23.1 
 22.7  23.1  22.9  23.0  22.4  22.7  23.0  23.3  24.9  26.6  23.9  23.0  22.2  22.4  22.3  22.3  22.1  22.4  22.4  22.3  22.0  22.6  22.5  22.6  22.2  22.5  22.6  22.8  22.3  22.9  23.0  23.2 
 23.2  22.5  23.0  22.9  22.8  22.5  23.2  23.1  25.8  26.7  24.5  22.9  22.5  22.2  22.3  22.4  22.5  22.0  22.3  22.3  22.4  22.1  22.6  22.4  22.6  22.3  22.9  22.6  23.0  22.3  22.9  22.3 
 22.9  23.4  23.1  23.0  22.7  23.1  23.0  23.0  23.0  23.3  22.9  22.7  22.4  22.5  22.4  22.4  22.1  22.5  22.3  22.5  22.3  22.4  22.4  22.4  22.3  22.4  22.6  23.1  22.5  23.0  23.0  23.1 
 23.6  23.0  23.2  23.3  23.2  22.5  22.9  22.8  22.8  22.6  22.7  22.7  22.5  22.0  22.4  22.4  22.4  22.3  22.4  22.5  22.6  22.1  22.5  22.4  22.9  22.2  22.8  23.2  23.2  22.6  23.3  23.1 
 23.5  23.6  23.8  24.0  23.6  23.7  23.0  22.9  22.8  22.8  22.6  22.7  22.2  22.5  22.5  22.6  22.3  22.2  22.4  22.5  22.2  22.5  22.4  22.4  22.4  22.7  23.1  23.4  23.1  23.4  23.0  23.1 
 24.0  23.4  24.3  24.3  24.7  24.2  24.1  23.6  23.0  22.5  22.8  22.7  22.6  22.2  22.5  22.5  22.4  22.1  22.5  22.5  22.5  22.1  22.6 nan  22.5  22.1  24.2  24.8  23.7  22.9  23.1  23.1 
 24.0  24.4  25.1  25.6  26.9  27.8  32.6  34.9  33.0  29.4  23.1  22.8  22.3  22.4  22.6  22.6  22.3  22.4  22.2  22.5  22.2  22.1  22.6  22.6  22.3  22.7  23.6  24.4  23.0  23.0  23.2  23.1 
 24.6  24.6  25.7  26.2  28.7  29.8  41.7  48.9  53.7  47.4  24.6  23.2  22.7  22.4  22.6  22.4  22.5  22.3  22.4  22.3  22.6  22.2  22.6  22.5  22.7  22.2  22.9  23.4  23.5  22.9  23.2  23.1 
 25.1  25.6  26.6  27.3  30.3  33.9  54.8  63.0  74.5  71.4  34.5  25.3  22.5  22.6  22.5  22.5  22.3  22.4  22.5  22.6  22.2  22.5  22.6  22.6  22.5  22.7  22.7  22.7  22.9  23.1  23.3  23.2 
 25.6  25.1  26.7  27.3  31.0  33.9  53.5  62.6  78.7  79.1  36.9  25.8  22.6  22.4  22.5  22.5  22.6  22.1  22.6  22.5  22.4  22.1  22.7  22.7  22.7  22.2  22.8  22.7  22.9  22.5  23.3  23.3 
 25.1  25.5  26.4  26.8  29.3  31.7  44.1  53.1  72.8  70.0  29.7  24.2  22.5  22.6  22.4  22.5  22.1  22.4  22.6  22.7  22.3  22.5  22.6  22.7  22.5  22.8  22.8  22.8  22.9  23.1  23.4  23.3 
 25.4  24.7  26.3  26.6  28.5  29.5  36.8  41.8  54.0  49.2  25.4  23.6  22.8  22.5  22.5  22.6  22.5  22.1  22.6  22.7  22.6  22.3  22.6  22.9  22.7  22.4  22.9  22.9  23.1  22.7  23.4  23.5 
 24.9  25.3  26.2  26.5  26.7  27.0  28.3  29.1  29.5  27.8  23.7  23.2  22.5  22.8  22.6  22.6  22.2  22.7  22.5  22.7  22.5  22.5  22.7  22.8  22.5  22.8  22.9  23.1  22.8  23.2  23.2  23.9 
 25.6  25.2  25.9  26.1  26.3  26.1  27.2  27.1  27.1  25.7  23.5  23.1  22.8  22.5  22.8  22.5  22.6  22.2  22.7  22.4  22.7  22.3  22.8  22.8  22.9  22.4  23.2  23.2  23.2  22.7  23.7  24.2 
 24.9  25.4  25.8  25.6  25.6  25.6  25.5  25.5  24.9  24.6  23.4  23.2  22.7  22.8  22.7  22.7  22.4  22.6  22.7  22.8  22.6  22.7  22.7  22.8  22.7  22.8  23.1  23.1  22.9  23.2  23.8  24.1 
 25.6  24.6  25.4  25.4  25.4  24.8  25.1  25.2  24.5  24.1  23.1  23.2  22.9  22.5  22.8  22.8  22.8  22.3  22.9  22.7  22.7  22.3  23.0  23.0  23.0  22.7  22.9  23.3  23.6  23.0  24.8  25.2 
 26.1  25.7  25.0  25.5  24.8  24.5  24.8  24.5  23.9  23.8  23.5  23.6  22.7  23.1  22.8  23.0  22.7  22.8  22.9  22.7  22.5  22.7  22.9  23.1  22.6  22.9  23.4  23.7  23.4  23.9  24.7  25.7 
 26.5  25.2  25.4  25.2  24.8  24.3  24.7  24.4  24.2  23.4  23.4  23.4  23.1  22.5  22.9  22.9  22.9  22.5  23.0  22.8  23.1  22.5  23.4  23.3  23.1  22.5  23.3  23.6  23.7  23.7  25.7  26.5 
