 30.1  29.6  29.9  29.6  29.1  28.7  29.0  29.8  30.6  30.3  30.3  29.9  27.5  26.1  24.3  24.4  24.1  24.1  24.0  24.2  23.9  24.0  24.5  24.3  24.2  24.2  25.1  25.2  25.4  25.4  26.5  27.8 
 29.8  29.5  29.5  29.7  28.6  28.3  27.0  28.6  29.4  28.9  29.1  28.5  26.2  25.0  24.1  24.4  24.0  23.9  24.2  24.2  24.1  24.0  24.2  24.4  24.5  24.4  25.1  25.4  25.3  25.5  26.7  27.0 
 29.7  30.1  30.0  29.8  28.3  27.4  24.9  24.7  25.6  25.7  26.0  25.1  24.0  24.0  24.2  24.3  24.0  23.9  24.2  24.1  24.0  23.9  24.3  24.4  24.4  24.6  25.5  25.7  26.1  25.7  26.5  26.9 
 29.6  29.5  29.6  29.8  28.0  26.9  24.5  24.7  24.3  24.1  24.6  24.3  24.1  24.0  24.3  24.2  24.2  23.8  24.2  24.3  24.0  23.8  24.2  24.4  24.5  24.7  25.7  25.8  25.8  25.8  26.3  26.9 
 29.3  29.2  28.7  28.3  26.5  25.6  24.3  24.3  24.2  24.1  24.1  23.9  23.9  23.9  24.2  24.1  23.8  24.1  24.2  24.1  24.0  23.9  24.4  24.4  25.1  25.6  26.7  26.7  26.4  26.7  26.8  26.7 
 28.4  28.6  28.7  28.2  25.8  24.9  24.3  24.3  24.2  24.0  24.0  24.2  23.9  23.9  24.2  24.3  24.1  24.0  24.1  24.1  23.9  23.9  24.2  24.7  25.7  26.0  27.2  27.3  27.1  26.8  27.2  27.1 
 26.8  26.9  26.8  26.2  24.0  24.4  24.3  24.1  23.8  23.9  24.2  24.2  23.8  24.0  24.1  24.2  23.9  24.1  24.3  24.1  24.0  24.1  24.7  25.0  28.2  29.2  29.6  29.5  27.9  27.5  27.2  27.1 
 26.3  25.9  25.5  25.0  24.1  23.9  24.3  24.1  24.0  24.1  24.1  24.2  24.0  24.0  24.1  24.2  24.1  24.0  24.2  24.3  24.2  24.0  24.8  26.6  32.6  33.1  31.3  30.6  28.2  27.8  27.4  27.0 
 24.5  24.3  24.6  24.5  23.9  23.9  24.3  24.2  24.0  23.9  24.3  24.1  23.8  24.0  24.0  24.2  24.0  24.0  24.2  24.2  24.2  24.6  36.8  49.9  63.2  58.2  38.2  33.4  28.9  28.2  27.8  27.1 
 24.3  24.3  24.3  24.6  24.3  23.9  24.1  24.4  23.9  23.8  24.0  24.3  24.1  23.7  24.2  24.1  24.0  24.0  24.2  24.3  24.5  24.9  51.3  68.9  82.9  73.6  42.2  35.0  29.2  28.6  27.9  27.6 
 24.2  24.5  24.6  24.4  24.0  23.8  24.0  24.1  24.0  23.9  24.1  24.0  23.8  23.8  24.2  24.1  24.0  23.9  24.2  24.1  24.6  26.8  63.7  73.9  76.4  71.8  44.6  36.6  29.6  28.8  27.8  27.5 
 24.3  24.2  24.3  24.4  24.0  24.0  24.1  24.2  23.9  23.7  24.0  24.2  24.0  23.8  24.0  24.2  23.9  23.9  24.2  24.4  24.6  26.2  60.2 nan  66.3  59.4  40.9  36.1  30.0  28.7  27.8  27.6 
 24.3  24.3  24.3  24.5  24.1  23.9  24.2  24.1  23.9  23.9  24.1  24.1  23.9  23.9  24.2  24.1  24.2  24.0  24.3  24.2  24.2  24.3  34.0  42.9  47.1  43.2  33.6  31.9  29.3  28.5  27.6  27.3 
 24.5  24.0  24.6  24.5  24.1  23.9  24.3  24.2  24.0  23.7  24.0  24.1  24.0  23.9  24.1  24.1  24.0  23.8  24.0  24.3  24.2  24.0  27.3  31.2  36.6  34.7  30.4  29.9  28.4  27.8  27.3  27.2 
 24.3  24.0  24.4  24.5  24.2  23.9  24.1  24.2  23.9  23.9  24.1  24.1  23.9  23.8  24.1  24.1  23.9  23.9  24.4  24.3  24.1  24.0  24.5  24.7  26.0  26.7  27.4  27.3  26.5  26.6  26.6  26.4 
 24.1  24.0  24.6  24.3  23.9  23.8  24.1  24.2  23.9  23.9  24.1  24.1  24.0  24.0  24.0  24.1  24.0  23.9  24.2  24.2  24.1  24.1  24.4  24.6  25.0  25.3  26.3  26.5  26.1  25.9  26.3  26.1 
 24.1  23.9  24.3  24.3  23.9  23.7  24.2  24.1  23.9  24.0  24.0  24.2  23.9  23.9  24.0  23.8  23.9  23.9  24.1  24.1  24.0  23.8  24.2  24.3  24.5  24.6  25.6  25.5  25.1  25.2  25.8  25.7 
 24.4  24.1  24.5  24.4  23.9  23.8  24.0  24.3  23.8  23.8  24.2  24.2  23.9  23.8  24.0  24.1  24.0  24.0  24.3  24.3  24.0  24.0  24.2  24.4  24.3  24.5  25.0  25.3  25.1  25.2  25.5  25.7 
 24.4  24.5  24.5  24.3  23.9  24.1  24.3  24.2  23.9  23.8  24.2  24.0  23.8  23.9  24.3  24.2  24.0  23.9  24.2  24.2  24.2  24.0  24.4  24.5  24.2  24.5  24.7  24.9  24.6  24.9  25.5  25.3 
 24.0  24.5  24.6  24.5  24.1  23.8  24.2  24.2  24.0  23.8  24.2  24.2  24.0  23.9  24.2  24.1  24.0  23.8  24.1  24.3  24.1  23.9  24.3  24.6  24.5  24.3  24.8  24.9  24.7  24.8  25.6  25.9 
 24.6  24.3  24.8  24.8  24.2  24.3  24.4  24.2  24.0  23.8  24.3  24.2  23.8  24.0  24.2  24.2  23.9  23.9  24.3  24.3  24.1  24.0  24.6  24.7  24.5  24.7  24.7  24.9  24.6  24.7  25.8  26.1 
 24.7  24.4  24.8  24.6  24.4  24.0  24.1  24.4  23.9  23.9  24.0  24.3  24.1  23.9  24.1  24.5  24.1  23.9  24.3  24.5  24.3  24.0  24.6  24.8  24.4  24.5  24.8  25.1  24.9  25.0  26.0  26.9 
 25.5  25.1  25.1  24.9  24.4  24.4  24.5  24.5  24.2  24.2  24.2  24.5  24.3  23.9  24.5  24.5  24.2  24.1  24.5  24.5  24.2  24.2  24.4  24.9  24.3  24.2  25.3  25.4  24.9  25.2  27.4  27.5 
 25.4  25.4  24.8  25.3  24.3  24.3  24.7  24.5  24.2  24.1  24.4  24.6  24.3  23.9  24.4  24.4  24.3  24.1  24.6  24.4  24.4  24.2  24.8  24.8  24.6  24.3  25.2  25.4  25.2  25.4  27.0  28.9 
