 30.0  29.6  29.5  29.7  29.0  29.0  29.3  30.1  29.7  29.6  28.0  26.8  24.2  24.0  24.2  24.4  24.1  23.9  24.4  24.2  23.9  23.8  24.3  24.5  24.3  24.0  25.0  25.4  25.2  25.1  26.5  27.8 
 29.6  29.8  29.6  29.5  28.9  28.8  28.7  29.1  28.8  28.1  26.9  25.5  24.1  24.1  24.2  24.2  24.0  24.1  24.2  24.3  24.0  23.9  24.2  24.6  24.1  24.4  24.8  25.1  25.4  25.6  26.5  27.5 
 29.9  29.7  30.0  29.8  28.8  27.9  26.0  26.2  25.4  25.3  24.5  24.4  24.0  23.8  24.3  24.3  23.8  23.7  24.0  24.1  24.1  23.9  24.3  24.4  24.3  24.4  25.4  25.5  25.8  25.5  26.4  26.9 
 29.1  29.0  29.4  29.2  28.1  27.3  25.3  24.7  24.4  24.1  24.2  24.4  23.8  24.0  24.1  24.1  24.0  23.9  24.2  24.4  24.0  24.0  24.3  24.5  24.3  24.7  25.6  26.0  25.8  26.2  26.7  27.1 
 29.1  29.2  29.2  28.7  27.2  25.9  24.3  24.3  23.9  24.0  24.3  24.1  24.0  23.8  24.2  24.2  24.1  23.8  24.1  24.0  24.0  24.0  24.4  24.5  25.3  25.3  26.7  26.7  26.5  26.4  27.1  27.0 
 27.9  28.2  28.7  28.1  26.1  25.1  24.2  24.2  23.8  24.0  24.3  24.3  23.8  23.9  24.3  24.2  24.2  23.8  24.2  24.1  24.0  23.7  24.3  24.6  25.6  26.2  27.1  27.4  26.9  27.0  27.1  27.1 
 26.8  26.3  26.5  26.4  24.3  24.1  24.1  24.2  23.9  23.8  24.2  24.2  23.9  23.9  24.4  24.2  24.0  24.1  24.2  24.2  24.0  23.9  24.4  25.0  28.2  28.9  29.8  29.4  27.8  27.3  27.5  27.3 
 26.6  26.0  25.5  25.0  24.2  23.9  24.2  24.4  23.9  23.8  24.2  24.0  23.9  24.0  24.2  24.3  23.9  24.2  24.2  24.4  23.9  24.0  25.0  26.5  32.7  33.1  31.3  30.5  28.0  27.9  27.3  26.9 
 28.3  24.2  39.0  24.3  29.6  23.8  29.5  24.2  27.2  23.8  26.8  24.0  26.3  23.8  26.0  24.2  22.8  23.9  23.3  24.1  22.5  24.2  21.1  49.9  22.1  58.3  21.3  33.7  20.8  28.4  39.1  27.1 
 24.3  84.8  24.4  34.9  24.1  28.7  24.1  28.1  23.8  26.7  24.1  26.9  23.9  26.1  24.2  25.8  24.1  26.0  24.2  25.5  24.3  24.6  51.3  23.9  82.7  21.9  42.3  21.6  29.5  21.5  27.9  87.8 
 24.3  24.4  24.4  24.4  24.0  23.8  24.2  24.2  23.9  24.0  24.0  24.2  24.1  23.8  24.1  24.1  24.0  23.8  24.2  24.3  24.8  26.7  63.5  73.9  76.4  71.6  44.8  36.8  29.8  28.8  27.5  27.3 
 24.0  23.9  24.3  24.5  23.9  24.0  24.1  24.4  24.0  23.8  24.0  24.1  23.9  23.8  24.0  24.2  23.8  23.9  24.2  24.3  24.6  26.1  60.2 nan  66.1  59.2  40.8  36.0  30.0  28.7  27.6  27.4 
 24.3  24.1  24.2  24.1  24.0  23.7  24.2  24.2  24.0  23.9  24.1  24.2  24.0  23.9  24.1  24.2  24.0  24.0  24.3  24.2  24.2  24.2  34.0  42.9  47.1  43.3  33.7  31.6  29.2  28.5  27.6  27.3 
 24.3  24.3  24.3  24.5  24.1  23.9  24.2  24.4  23.8  23.8  24.1  24.2  23.8  24.0  24.0  24.2  24.0  23.9  24.1  24.3  24.0  24.1  27.3  31.1  36.4  34.9  30.5  29.8  28.5  27.8  27.2  27.0 
 24.2  24.1  24.4  24.5  24.0  23.9  24.1  24.0  23.9  23.9  24.2  24.2  23.9  23.9  24.0  24.0  24.1  23.9  24.3  24.2  24.0  24.1  24.4  24.5  26.1  26.7  27.2  27.3  26.8  26.3  26.4  26.6 
 24.3  24.1  24.3  24.4  23.8  24.0  24.1  24.3  23.9  23.7  24.1  24.1  23.8  24.0  24.0  24.2  23.9  23.9  24.2  24.2  24.0  24.0  24.4  24.5  24.7  25.3  26.4  26.5  26.3  26.2  26.2  26.3 
 24.2  24.2  24.4  24.4  24.0  23.7  24.2  24.1  23.8  24.0  24.1  24.1  23.9  23.8  24.2  24.1  24.0  23.9  24.0  24.3  24.2  24.0  24.4  24.2  24.6  24.4  25.4  25.5  25.3  25.2  25.8  25.7 
 24.2  24.2  24.6  24.2  23.9  23.7  24.3  24.2  23.7  23.9  24.1  24.0  24.1  23.8  24.1  24.1  23.9  24.1  24.3  24.4  24.0  24.0  24.2  24.6  24.2  24.6  24.9  25.3  24.8  24.9  25.2  25.8 
 24.5  24.3  24.5  24.4  24.0  23.9  24.3  24.2  24.1  24.0  24.1  24.0  24.0  23.8  24.3  24.3  24.0  24.0  24.2  24.2  24.2  24.0  24.3  24.5  24.4  24.4  24.8  24.8  24.9  24.9  25.4  25.7 
 24.0  24.5  24.6  24.5  24.1  23.8  24.2  24.3  24.0  23.8  24.0  24.3  23.9  23.9  24.2  24.2  24.2  23.8  24.2  24.4  24.0  24.0  24.3  24.7  24.3  24.4  24.9  25.0  24.7  24.8  25.2  25.7 
 24.6  24.5  24.8  24.6  24.3  23.7  24.0  24.2  24.0  23.8  24.4  24.3  23.9  23.9  24.2  24.3  23.9  24.0  24.3  24.2  24.1  23.9  24.6  24.7  24.5  24.5  24.9  25.0  24.8  24.3  25.6  26.1 
 24.6  24.7  24.8  24.6  24.3  24.1  24.1  24.5  23.9  23.9  24.3  24.3  24.0  24.0  24.2  24.5  24.1  24.0  24.5  24.4  24.0  24.0  24.5  24.7  24.4  24.3  24.8  24.9  24.7  24.8  25.9  27.2 
 25.5  24.6  25.0  25.0  24.6  24.2  24.4  24.1  24.3  24.1  24.3  24.5  24.3  23.9  24.4  24.3  24.2  24.2  24.4  24.4  24.4  24.2  24.7  24.8  24.5  24.1  25.2  25.1  25.1  25.2  28.1  28.4 
 25.1  25.3  24.6  25.1  24.3  24.5  24.4  24.7  24.2  24.1  24.4  24.6  24.0  24.2  24.5  24.7  24.1  24.3  24.5  24.7  24.3  24.2  24.9  24.9  24.3  24.6  25.1  25.4  25.0  25.6  27.8  28.8 
