 23.0  22.9  22.8  23.0  22.5  22.3  22.7  22.7  22.2  22.2  22.5  22.3  22.3  22.1  22.2  22.5  21.9  22.0  22.4  22.3  22.0  22.0  22.5  22.5  22.3  22.3  23.4  23.5  23.2  23.0  24.1  24.3 
 23.4  22.7  23.0  23.3  23.0  22.1  22.7  22.8  22.2  21.9  22.3  22.8  21.9  22.1  22.3  22.3  22.0  21.9  22.4  22.6  22.2  22.1  22.3  22.5  22.5  22.3  23.2  24.2  23.1  22.9  23.9  24.2 
 22.7  22.8  23.4  22.8  22.5  22.1  22.6  22.7  22.3  22.4  22.6  22.5  22.1  22.0  22.4  22.4  22.1  21.9  22.3  22.3  22.0  21.9  22.3  22.5  22.3  22.3  23.1  22.8  22.5  22.9  23.4  23.6 
 23.1  22.3  22.9  23.3  22.5  22.1  22.7  22.7  22.6  22.4  22.6  22.4  22.1  22.0  22.3  22.6  22.2  21.9  22.2  22.4  22.2  22.0  22.3  22.6  22.4  22.5  22.9  22.9  22.7  22.5  23.3  23.6 
 22.5  22.8  23.1  22.7  22.4  22.4  22.9  22.8  22.8  23.0  22.8  22.5  22.2  22.2  22.4  22.2  22.1  22.0  22.3  22.4  22.1  22.1  22.6  22.4  22.3  22.2  22.8  22.7  22.6  22.5  23.1  23.1 
 22.7  22.3  22.7  22.6  22.5  22.4  22.8  23.1  23.3  23.4  23.0  22.8  22.2  22.1  22.3  22.4  22.2  22.1  22.1  22.3  22.1  21.8  22.3  22.7  22.5  22.2  22.6  22.8  22.6  22.8  23.0  22.8 
 22.5  22.7  23.2  22.8  22.5  22.4  23.1  23.0  25.1  26.3  24.2  22.8  22.3  22.3  22.3  22.3  22.0  22.0  22.3  22.2  22.2  22.2  22.6  22.4  22.1  22.0  22.8  22.4  22.6  22.3  23.0  22.8 
 22.9  22.4  22.6  22.8  22.6  22.4  22.9  23.3  25.4  26.9  24.4  23.0  22.4  22.2  22.3  22.5  22.2  22.1  22.2  22.3  22.1  22.1  22.4  22.6  22.2  22.2  22.6  22.6  22.5  22.6  23.0  22.3 
 23.2  22.9  23.0  23.0  22.4  22.5  22.9  22.8  22.9  23.0  22.9  22.7  22.2  22.1  22.5  22.4  22.0  22.1  22.4  22.3  22.3  22.1  22.6  22.3  22.4  22.2  22.9  22.6  22.5  22.7  23.2  23.1 
 23.1  23.0  23.3  23.2  22.7  22.5  22.7  22.8  22.6  22.7  22.6  22.6  22.3  22.2  22.2  22.3  22.0  22.0  22.2  22.3  22.3  22.2  22.4  22.5  22.3  22.3  22.6  23.1  22.7  22.3  23.2  22.9 
 23.8  23.2  23.9  23.7  23.4  23.2  23.1  22.8  22.6  22.6  22.5  22.4  22.1  22.0  22.5  22.3  22.1  22.1  22.3  22.1  22.2  22.1  22.3  22.3  22.4  22.1  23.3  23.4  23.2  23.0  23.2  22.8 
 23.3  23.4  24.0  24.2  24.1  24.4  23.7  23.3  22.7  22.7  22.6  22.6  22.2  22.2  22.2  22.4  22.3  22.0  22.3  22.5  22.0  22.0  22.3 nan  22.2  22.1  23.8  25.0  23.5  22.7  23.0  23.4 
 24.0  24.0  25.1  25.5  26.6  27.3  32.7  34.9  32.9  29.2  23.0  22.6  22.3  22.2  22.5  22.3  22.3  22.0  22.4  22.1  22.1  22.0  22.5  22.4  22.3  22.3  23.9  24.3  23.3  22.7  23.4  22.9 
 24.5  24.3  25.8  26.3  28.1  29.9  41.5  48.9  53.5  47.2  24.5  23.2  22.4  22.2  22.3  22.5  22.2  22.1  22.4  22.5  22.2  22.0  22.4  22.5  22.5  22.3  22.9  23.2  23.1  22.9  23.2  23.4 
 24.3  24.9  26.4  27.2  30.3  33.5  54.8  63.0  74.5  71.1  34.5  25.2  22.5  22.3  22.5  22.4  22.1  22.1  22.6  22.3  22.2  22.0  22.8  22.4  22.4  22.2  22.8  22.7  22.6  22.7  23.1  23.2 
 25.2  24.7  26.6  27.5  30.4  33.8  53.2  62.6  78.4  79.1  36.7  25.8  22.5  22.3  22.4  22.4  22.1  22.1  22.3  22.5  22.1  22.1  22.5  22.6  22.2  22.2  22.6  22.8  22.8  22.5  23.3  23.4 
 24.6  25.2  26.5  26.7  29.2  31.3  44.1  53.1  72.8  69.7  29.9  24.2  22.4  22.4  22.4  22.3  22.2  22.1  22.5  22.5  22.2  21.9  22.6  22.4  22.5  22.5  23.0  22.8  22.6  22.6  23.4  23.5 
 25.1  24.9  25.8  26.6  28.4  29.4  36.6  41.9  53.7  49.1  25.5  23.5  22.6  22.5  22.4  22.5  22.3  22.1  22.4  22.5  22.3  22.1  22.5  22.6  22.5  22.2  23.0  22.9  22.8  22.5  23.2  23.9 
 25.1  25.0  26.2  26.3  26.4  26.6  28.4  29.1  29.4  27.8  23.7  23.0  22.5  22.2  22.6  22.5  22.4  22.2  22.3  22.4  22.4  22.1  22.7  22.8  22.6  22.1  23.1  22.8  23.0  22.6  23.6  23.2 
 24.9  25.2  25.7  26.0  25.9  25.9  27.0  27.4  26.6  25.7  23.3  23.1  22.6  22.4  22.6  22.6  22.4  22.2  22.3  22.7  22.3  22.3  22.5  22.7  22.5  22.3  22.9  23.0  22.9  22.9  23.5  24.1 
 25.0  24.7  25.5  25.2  25.3  25.3  25.4  25.4  25.1  24.3  23.2  23.3  22.5  22.4  22.6  22.6  22.2  22.3  22.6  22.4  22.3  22.3  22.8  22.7  22.6  22.3  22.9  22.9  22.7  22.9  23.9  23.9 
 25.0  24.9  25.5  25.4  25.0  24.7  24.9  25.3  24.4  23.9  23.4  23.2  22.5  22.4  22.7  22.7  22.5  22.3  22.5  22.8  22.4  22.5  22.6  22.8  22.5  22.5  22.9  23.3  22.8  22.6  24.1  25.4 
 25.6  24.9  25.2  25.1  24.5  24.2  24.7  24.4  23.8  23.6  23.5  23.2  22.8  22.6  22.8  22.6  22.5  22.3  23.0  22.6  22.3  22.3  23.0  22.9  22.6  22.7  23.4  23.3  23.2  23.3  25.7  25.5 
 26.0  25.0  25.2  25.0  24.5  24.5  24.5  24.6  23.6  23.4  23.3  23.5  22.7  22.7  22.9  22.9  22.4  22.3  22.9  23.0  22.8  22.6  22.8  22.9  22.8  22.7  23.3  23.8  23.1  23.7  24.6  27.3 
