 24.1  22.9  23.1  23.0  23.0  22.5  22.6  22.7  22.6  22.2  22.5  22.6  22.4  22.1  22.3  22.5  22.3  22.0  22.7  22.7  22.4  22.5  22.5  22.8  22.7  22.4  23.1  23.8  23.5  23.1  24.0  24.8 
 22.9  23.2  23.3  22.9  22.6  22.9  22.9  22.5  22.5  22.6  22.8  22.7  22.3  22.5  22.7  22.5  22.2  22.2  22.4  22.5  22.2  22.5  22.8  22.8  22.3  22.6  23.2  24.2  23.6  23.8  24.0  24.6 
 23.4  22.6  23.2  23.2  22.9  22.1  22.6  22.7  22.6  22.5  22.5  22.7  22.5  22.2  22.3  22.6  22.3  22.1  22.4  22.4  22.5  22.2  22.6  22.9  22.8  22.5  23.1  23.1  23.1  22.9  23.1  23.7 
 23.2  23.0  23.2  23.0  22.4  22.3  23.0  22.8  22.5  22.6  22.8  22.7  22.3  22.4  22.3  22.4  22.3  22.1  22.6  22.5  22.4  22.5  22.4  22.6  22.4  22.5  22.9  22.9  22.7  23.0  23.3  22.9 
 23.4  22.6  22.9  23.0  22.7  22.3  22.7  23.1  23.2  23.0  22.7  22.7  22.5  22.2  22.3  22.2  22.3  22.1  22.3  22.4  22.4  22.2  22.4  22.4  22.7  22.4  23.1  23.0  22.7  22.8  23.4  23.6 
 22.8  23.1  23.0  22.9  22.7  22.6  22.8  23.0  23.4  23.7  22.9  22.7  22.2  22.4  22.4  22.4  22.2  22.2  22.5  22.4  22.4  22.5  22.5  22.4  22.5  22.4  22.7  22.8  22.8  22.8  23.3  23.1 
 23.0  22.6  22.9  22.8  22.6  22.6  22.9  23.2  25.0  26.3  24.1  23.1  22.3  22.3  22.3  22.3  22.2  22.2  22.2  22.3  22.4  22.3  22.6  22.7  22.6  22.1  22.7  22.8  23.1  22.4  22.8  23.0 
 22.9  22.8  22.8  22.9  22.7  22.8  23.0  23.4  25.4  27.1  24.6  23.0  22.2  22.3  22.3  22.4  22.3  22.1  22.3  22.4  22.1  22.3  22.5  22.5  22.4  22.6  22.8  22.8  22.5  23.0  23.0  22.3 
 23.4  23.0  23.2  23.0  22.8  22.8  22.8  23.0  23.1  23.2  23.0  22.6  22.6  22.3  22.5  22.4  22.2  22.2  22.5  22.4  22.4  22.2  22.4  22.6  22.5  22.5  22.9  22.8  22.8  22.7  23.0  23.1 
 23.1  23.1  23.2  23.2  22.7  22.8  22.8  22.8  22.6  23.0  22.8  22.7  22.3  22.3  22.5  22.4  22.2  22.2  22.4  22.6  22.2  22.3  22.5  22.4  22.3  22.5  22.9  22.8  22.6  22.9  23.3  23.4 
 24.1  23.6  23.9  23.9  23.7  23.5  23.2  23.0  22.9  22.7  22.7  22.7  22.4  22.4  22.6  22.6  22.5  22.2  22.5  22.5  22.5  22.3  22.4  22.4  22.6  22.3  23.3  23.6  23.3  23.0  23.0  23.3 
 23.9  23.6  24.1  24.2  24.5  24.6  23.9  23.4  22.7  22.8  22.7  22.7  22.5  22.4  22.5  22.5  22.1  22.4  22.5  22.6  22.2  22.2  22.5 nan  22.3  22.5  24.1  24.9  23.5  22.9  23.3  23.4 
 24.6  24.1  25.1  25.8  27.0  27.4  32.8  35.1  32.9  29.4  23.2  22.9  22.5  22.3  22.5  22.4  22.5  22.1  22.5  22.5  22.4  22.1  22.5  22.4  22.6  22.4  23.9  24.6  23.6  22.9  23.3  23.4 
 24.5  24.6  25.9  26.3  28.4  30.1  41.6  49.1  53.5  47.5  24.6  23.2  22.5  22.5  22.5  22.5  22.4  22.3  22.5  22.6  22.3  22.2  22.5  22.7  22.3  22.6  23.1  23.4  23.3  22.9  23.4  23.2 
 25.2  25.0  26.4  27.3  30.6  33.7  54.7  63.0  74.6  71.2  34.4  25.3  22.7  22.5  22.5  22.5  22.5  22.2  22.6  22.5  22.5  22.4  22.6  22.6  22.4  22.2  22.8  22.9  22.9  22.9  23.1  23.3 
 25.0  25.3  26.6  27.3  30.5  34.2  53.5  62.6  78.5  79.3  37.0  25.8  22.5  22.6  22.5  22.5  22.3  22.4  22.5  22.4  22.3  22.3  22.8  22.7  22.5  22.5  23.0  22.9  22.8  23.1  23.4  23.2 
 25.2  25.2  26.3  26.8  29.5  31.6  44.2  53.1  73.1  69.7  29.8  24.2  22.7  22.5  22.5  22.6  22.4  22.4  22.5  22.6  22.5  22.3  22.6  22.6  22.8  22.5  22.7  23.1  22.9  22.9  23.2  23.2 
 24.7  25.3  26.4  26.7  28.4  29.8  36.7  42.1  53.6  49.4  25.7  23.6  22.8  22.5  22.5  22.6  22.3  22.4  22.6  22.6  22.3  22.6  22.6  22.5  22.5  22.6  22.9  22.8  22.8  23.0  23.4  23.7 
 25.4  25.2  26.2  26.4  26.7  26.9  28.5  29.7  29.5  27.8  23.6  23.2  22.7  22.6  22.6  22.8  22.6  22.4  22.5  22.8  22.6  22.2  22.8  22.8  22.7  22.6  22.8  23.2  23.3  22.9  23.2  23.9 
 24.9  25.3  26.0  26.0  25.9  26.3  27.3  27.2  26.8  25.9  23.7  23.1  22.6  22.8  22.8  22.6  22.5  22.5  22.8  22.5  22.4  22.5  22.9  22.8  22.7  22.7  23.1  23.0  22.9  23.2  23.6  23.8 
 25.7  24.9  25.3  25.7  25.4  25.3  25.5  25.5  25.2  24.4  23.5  23.3  22.8  22.6  22.7  22.7  22.6  22.4  22.7  22.8  22.6  22.3  22.8  22.9  23.0  22.6  23.1  23.1  23.0  22.9  23.6  24.1 
 24.8  25.4  25.6  25.2  25.0  25.1  25.3  25.1  24.4  24.1  23.5  23.3  22.8  22.7  22.7  22.8  22.6  22.7  22.5  22.8  22.6  22.6  23.0  23.0  22.6  23.0  23.0  23.2  23.0  23.5  24.3  24.9 
 26.6  24.8  24.8  25.1  24.9  24.5  24.7  24.8  24.4  23.6  23.6  23.3  23.2  22.5  22.7  22.8  23.0  22.3  22.9  22.7  23.1  22.6  22.9  23.3  23.2  22.6  23.2  23.8  23.7  23.2  25.1  26.1 
 26.1  25.9  25.2  25.0  24.8  24.8  24.6  24.4  23.8  23.8  23.6  23.5  22.8  22.9  22.9  22.9  22.5  22.7  22.9  22.9  22.8  22.8  23.1  23.2  22.8  23.1  23.5  23.8  23.5  23.9  25.6  27.9 
