 23.9  23.7  24.0  23.9  23.0  22.9  22.8  22.9  22.4  22.6  23.0  22.8  22.6  22.7  22.8  22.9  22.6  22.6  22.9  22.9  22.6  22.7  24.1  25.8  28.3  27.9  27.5  27.5  27.9  27.9  28.6  29.2 
 23.9  23.4  23.8  23.6  23.3  22.7  22.6  23.0  22.9  22.3  22.9  23.0  22.4  22.4  22.9  22.9  22.8  22.3  23.0  23.0  22.9  22.6  23.6  25.4  28.4  28.0  27.5  27.6  28.0  27.6  28.9  29.0 
 23.4  23.1  23.4  23.4  22.6  22.6  22.9  22.9  22.7  22.7  22.8  22.8  22.5  22.4  22.9  22.8  22.6  22.5  22.7  22.6  22.7  22.7  23.1  24.3  27.4  27.4  27.8  27.8  28.6  28.4  28.3  28.3 
 23.6  23.0  23.2  23.2  22.9  22.2  22.8  23.1  23.0  22.6  22.8  22.8  22.5  22.4  22.6  22.9  22.7  22.4  23.0  22.7  22.7  22.5  23.1  24.0  26.6  26.7  27.7  28.5  28.3  28.1  28.2  28.3 
 23.2  23.5  23.2  23.2  23.0  22.7  23.0  23.1  23.2  23.0  22.9  23.0  22.5  22.7  22.8  22.5  22.5  22.5  22.8  22.7  22.7  22.5  22.9  23.1  24.8  26.1  28.1  27.9  27.8  28.2  29.1  29.2 
 23.2  23.3  23.1  23.4  22.9  22.7  23.1  23.3  23.7  23.6  23.0  23.1  22.7  22.5  22.8  22.8  22.6  22.4  22.8  22.7  22.7  22.5  22.8  23.1  24.7  25.1  27.5  27.9  28.6  28.6  29.4  29.4 
 22.8  23.3  23.5  23.2  22.5  22.8  23.0  23.3  25.3  26.7  24.1  23.3  22.6  22.6  22.8  22.8  22.6  22.5  22.7  22.8  22.7  22.7  22.9  23.0  22.9  23.0  24.7  25.6  27.7  28.5  29.1  29.3 
 23.4  23.0  23.1  23.4  22.9  22.8  23.3  23.6  26.3  27.8  24.7  23.3  22.8  22.5  22.8  22.9  22.7  22.5  22.7  22.8  22.8  22.7  22.9  23.1  23.1  22.7  23.8  24.9  27.7  28.0  29.0  28.3 
 23.6  23.1  23.3  23.1  22.9  22.9  23.0  23.0  23.4  23.7  23.1  22.7  22.8  22.5  22.8  22.8  22.5  22.7  23.0  22.8  22.6  22.7  22.9  23.1  23.0  23.2  25.8  26.9  29.5  30.2  30.6  29.9 
 23.6  23.1  23.4  23.3  23.3  22.8  22.9  23.0  23.0  22.9  22.9  22.9  22.6  22.3  22.7  22.8  22.8  22.5  22.8  22.9  22.8  22.7  22.9  23.1  23.2  23.6  26.8  27.6  29.5  29.8  31.2  31.8 
 23.6  23.8  23.8  23.8  23.3  23.4  23.2  23.1  22.7  22.9  23.1  22.7  22.5  22.6  22.8  22.7  22.8  22.7  22.9  22.7  22.7  22.6  23.1  22.9  23.2  24.2  27.4  28.8  30.1  30.5  31.8  31.0 
 23.7  23.6  24.1  23.9  24.1  23.5  23.4  23.4  23.0  22.6  23.0  23.0  22.8  22.5  22.8  23.0  22.7  22.6  22.9  22.9  22.8  22.5  22.9 nan  23.5  23.8  27.6  29.0  30.6  30.8  31.9  31.8 
 24.2  24.2  25.1  25.5  26.1  26.6  28.9  29.2  27.2  25.8  23.1  22.9  22.8  22.6  22.9  22.8  22.6  22.5  22.8  22.7  22.7  22.7  23.0  22.9  23.2  24.0  28.7  29.6  30.6  31.3  32.4  32.2 
 24.5  24.3  25.6  26.2  27.5  28.3  36.3  41.9  44.2  38.6  23.9  23.2  22.9  22.6  22.7  22.9  22.7  22.7  22.9  22.9  22.8  22.5  22.8  23.1  23.3  23.5  28.5  29.7  30.9  31.1  31.8  32.2 
 25.1  25.4  26.5  27.2  29.8  32.5  51.3  59.7  70.4  66.9  33.4  25.3  22.9  22.8  22.8  22.7  22.6  22.6  23.0  22.8  22.8  22.6  23.0  22.9  22.8  23.0  26.0  28.0  29.3  29.2  29.9  30.7 
 25.3  25.3  26.9  27.3  30.5  33.0  52.0  60.7  75.7  75.0  37.9  26.4  23.0  22.9  22.8  22.9  22.7  22.5  22.9  22.9  22.7  22.5  22.9  23.1  23.1  22.7  24.2  25.3  27.1  27.2  28.3  29.0 
 25.3  25.5  26.9  27.2  29.5  32.0  45.7  55.1  78.3  77.8  33.5  25.5  23.0  22.8  23.0  22.9  22.8  22.5  23.0  23.1  22.8  22.7  22.9  23.0  23.1  23.1  23.5  23.7  23.9  24.2  25.2  25.3 
 25.4  25.2  26.4  26.9  28.8  29.8  38.6  45.1  61.0  58.0  27.6  24.3  23.2  22.8  23.1  23.1  22.7  22.6  23.0  23.0  22.9  22.8  23.0  23.2  23.2  22.7  23.4  23.6  24.0  23.7  25.1  24.9 
 25.7  25.8  26.4  26.5  26.8  27.3  29.6  30.9  32.0  30.3  24.2  23.6  22.8  22.9  23.3  23.0  23.0  22.9  23.2  23.1  22.9  22.7  23.2  23.1  23.1  23.0  23.3  23.2  23.4  23.6  24.0  24.5 
 25.6  25.5  26.2  26.4  26.5  26.3  27.9  28.0  28.1  27.1  23.9  23.4  23.0  22.9  23.2  23.0  22.9  22.6  23.0  23.0  23.1  22.8  23.1  23.2  23.0  22.9  23.4  23.7  23.3  23.5  24.6  24.7 
 25.5  25.6  25.8  25.9  25.7  25.6  25.9  26.1  25.5  25.0  23.8  23.6  23.0  22.9  23.2  23.1  22.8  22.9  23.1  23.1  23.0  22.9  23.4  23.4  23.3  23.1  23.4  23.8  23.7  23.7  24.7  25.1 
 25.6  25.2  25.9  25.7  25.7  25.4  25.7  25.8  25.0  24.7  23.7  23.8  23.1  22.9  23.0  23.2  23.0  22.8  23.1  23.3  23.0  22.9  23.0  23.6  23.0  23.0  23.2  24.0  24.1  23.8  25.2  25.6 
 26.3  25.9  25.3  25.5  25.2  25.0  25.2  24.9  24.4  24.1  23.9  23.6  23.4  23.1  23.5  23.3  23.1  22.9  23.1  23.2  23.1  23.0  23.2  23.5  23.2  23.3  24.3  24.1  24.5  24.3  26.5  26.6 
 26.7  25.7  25.4  25.7  25.1  24.5  24.9  25.1  24.3  24.0  23.8  23.8  23.2  23.2  23.4  23.5  23.1  23.1  23.2  23.4  23.5  23.0  23.6  24.0  23.7  23.4  24.6  25.1  24.9  24.4  25.6  27.4 
