 23.6  23.1  23.1  23.2  22.8  22.8  22.5  22.8  22.4  22.2  22.5  22.3  22.5  22.1  22.4  22.7  22.3  22.4  22.4  22.7  22.3  22.3  22.8  22.7  22.7  22.6  23.6  23.4  23.5  23.0  23.7  25.1 
 23.3  23.2  23.3  22.9  22.5  22.4  22.9  22.5  22.5  22.4  22.6  22.7  22.3  22.1  22.6  22.4  22.2  22.2  22.6  22.4  22.4  22.6  22.7  22.5  22.6  22.6  23.4  24.3  23.6  23.6  24.0  24.4 
 23.4  22.6  23.0  23.1  22.6  22.4  22.5  23.0  22.5  22.5  22.3  22.7  22.3  22.1  22.3  22.4  22.3  22.2  22.4  22.3  22.4  22.4  22.4  22.7  22.7  22.4  22.9  23.0  23.3  22.7  23.3  23.7 
 23.1  23.0  23.1  22.9  22.5  22.5  22.7  22.6  22.5  22.5  23.0  22.6  22.3  22.4  22.5  22.2  22.2  22.2  22.6  22.4  22.3  22.3  22.8  22.5  22.4  22.6  22.9  22.9  22.9  22.8  23.5  23.5 
 22.8  22.8  22.9  22.7  22.7  22.5  22.8  23.0  23.3  23.3  22.7  22.6  22.4  22.1  22.5  22.5  22.2  22.2  22.3  22.4  22.5  22.1  22.4  22.6  22.6  22.4  22.8  23.0  22.9  22.9  22.9  23.4 
 23.0  22.8  23.1  22.6  22.6  22.8  23.1  22.8  23.5  23.7  23.0  22.8  22.4  22.3  22.4  22.4  22.3  22.3  22.5  22.3  22.2  22.4  22.6  22.4  22.5  22.5  22.7  22.7  22.8  23.0  23.5  23.1 
 23.2  22.6  22.8  22.8  22.7  22.5  22.8  23.3  25.1  26.2  24.0  23.1  22.4  22.4  22.3  22.4  22.2  22.3  22.2  22.3  22.2  22.3  22.4  22.5  22.5  22.3  22.7  22.9  22.8  22.6  23.0  23.3 
 23.1  23.0  23.0  22.6  22.6  22.6  23.0  23.4  25.4  27.0  24.4  23.0  22.6  22.3  22.5  22.4  22.3  22.3  22.3  22.4  22.2  22.4  22.8  22.6  22.6  22.5  22.8  22.8  22.7  22.7  22.9  22.3 
 23.4  23.0  23.2  23.0  22.8  22.6  22.9  23.0  23.1  23.0  22.7  22.7  22.5  22.5  22.4  22.6  22.4  22.2  22.4  22.5  22.4  22.2  22.4  22.7  22.6  22.5  22.6  23.0  22.6  22.8  23.0  23.1 
 23.3  23.1  23.3  23.2  23.1  22.8  22.9  22.8  22.8  22.9  22.9  22.7  22.4  22.4  22.6  22.3  22.3  22.2  22.6  22.4  22.3  22.2  22.6  22.4  22.3  22.5  22.9  23.0  22.9  22.9  23.3  22.9 
 23.7  23.6  23.5  24.0  23.7  23.4  23.1  23.2  22.9  22.7  22.7  22.7  22.4  22.3  22.5  22.6  22.3  22.2  22.4  22.5  22.6  22.4  22.6  22.6  22.4  22.4  23.2  23.5  23.3  23.1  23.0  23.5 
 23.7  23.7  24.0  24.2  24.5  24.6  23.9  23.4  22.8  22.8  22.9  22.7  22.4  22.3  22.6  22.5  22.4  22.2  22.4  22.4  22.3  22.3  22.5 nan  22.4  22.5  24.1  24.6  23.5  22.9  23.3  23.2 
 24.3  24.1  25.3  25.8  26.9  27.5  32.7  35.2  33.2  29.2  23.0  22.8  22.6  22.3  22.3  22.5  22.3  22.3  22.5  22.4  22.4  22.1  22.5  22.6  22.5  22.4  23.7  24.6  23.4  22.9  23.2  23.1 
 24.2  24.7  25.7  26.3  28.4  30.1  41.7  49.0  53.5  47.3  24.7  23.1  22.5  22.5  22.6  22.4  22.1  22.2  22.4  22.6  22.2  22.2  22.7  22.4  22.7  22.4  23.1  23.1  23.2  23.0  23.5  23.2 
 24.9  25.0  26.6  27.3  30.5  33.7  54.7  63.2  74.7  71.2  34.4  25.4  22.6  22.5  22.5  22.5  22.4  22.3  22.5  22.7  22.4  22.2  22.7  22.7  22.6  22.6  22.8  23.0  22.8  22.8  23.1  23.3 
 25.2  25.3  27.0  27.6  30.6  34.1  53.5  62.6  78.5  79.3  36.9  25.9  22.8  22.6  22.7  22.5  22.3  22.4  22.5  22.4  22.3  22.4  22.8  22.6  22.5  22.5  22.9  22.7  22.9  22.9  23.3  23.2 
 25.2  25.6  26.2  27.0  29.5  31.5  44.1  53.2  73.0  69.9  29.7  24.1  22.6  22.4  22.5  22.7  22.4  22.2  22.5  22.8  22.5  22.4  22.5  22.8  22.7  22.5  22.9  23.0  23.0  22.8  23.2  23.1 
 25.1  25.2  26.5  26.7  28.6  29.5  36.7  42.0  53.8  49.4  25.5  23.7  22.6  22.6  22.7  22.4  22.3  22.4  22.6  22.4  22.4  22.4  22.7  22.8  22.6  22.5  22.9  22.8  22.8  23.0  23.7  23.5 
 25.6  25.2  26.2  26.4  26.5  27.0  28.4  29.5  29.5  27.9  23.8  23.2  22.8  22.5  22.5  23.0  22.6  22.6  22.4  22.8  22.5  22.3  22.7  22.9  22.8  22.5  22.8  23.1  23.0  22.9  23.2  23.9 
 25.1  25.7  26.0  26.0  26.0  26.3  27.3  27.1  26.8  25.9  23.7  23.1  22.8  22.8  22.7  22.5  22.4  22.4  22.7  22.4  22.5  22.5  22.8  22.5  22.5  22.7  23.1  22.9  22.7  23.2  23.8  23.8 
 25.3  24.5  25.6  25.4  25.3  25.3  25.4  25.6  25.1  24.4  23.5  23.4  23.0  22.7  22.7  22.9  22.6  22.4  22.6  22.8  22.8  22.6  22.7  22.9  22.8  22.4  22.9  23.4  23.2  22.7  23.6  24.3 
 25.0  24.8  25.6  25.4  25.3  25.1  25.3  25.1  24.5  24.2  23.6  23.4  22.7  22.8  22.7  22.7  22.6  22.7  23.0  22.8  22.4  22.6  22.9  23.1  22.5  22.8  23.2  23.1  23.0  23.3  24.5  24.9 
 25.8  25.3  25.1  25.5  25.1  24.4  24.7  24.5  24.1  23.8  23.6  23.6  23.3  22.9  22.7  23.0  22.9  22.5  22.9  23.0  22.9  22.5  22.8  23.1  22.9  22.6  23.5  23.5  23.9  23.0  25.4  26.6 
 26.4  25.9  25.4  25.1  24.6  24.3  24.6  24.4  23.9  23.6  23.4  23.3  22.7  22.7  22.8  22.9  22.5  22.7  23.0  22.6  23.0  23.1  23.2  23.2  22.6  23.1  23.5  23.8  23.5  23.9  25.6  25.5 
