 29.9  29.6  29.9  29.6  29.4  29.2  30.2  30.6  31.3  30.8  30.6  30.1  26.0  24.6  24.3  24.1  24.0  23.9  24.1  24.1  24.1  24.1  24.3  24.5  24.2  24.3  24.8  25.1  25.3  25.5  26.6  27.1 
 29.7  29.5  29.3  29.7  29.2  29.2  30.0  30.3  30.4  29.7  29.4  28.6  24.6  24.2  24.2  24.0  24.1  24.0  24.2  24.2  24.1  23.9  24.2  24.2  24.3  24.3  24.8  25.3  25.5  25.5  26.3  26.6 
 30.2  29.8  30.3  29.9  28.8  28.3  27.6  27.8  27.7  27.3  26.0  25.2  24.0  23.9  24.0  24.2  24.2  24.1  23.9  24.0  24.0  23.9  24.1  24.3  24.3  24.6  25.1  25.5  25.8  25.8  26.3  26.6 
 29.5  29.0  29.6  29.6  28.3  27.6  26.4  26.2  26.1  25.6  24.9  24.4  24.0  23.8  24.2  24.2  24.1  23.9  24.1  23.8  24.0  24.1  24.2  24.1  24.4  24.7  25.6  25.7  25.7  25.9  26.7  26.6 
 29.6  29.7  29.1  28.6  27.3  26.0  24.3  24.3  24.1  23.9  24.1  24.2  24.1  23.8  24.3  23.9  24.0  23.9  23.8  24.0  23.8  23.8  24.2  24.4  24.9  25.4  26.4  26.5  26.6  26.6  26.6  26.7 
 28.6  29.1  28.9  28.5  26.4  25.6  24.1  24.0  24.0  23.8  24.1  24.1  23.9  23.9  24.0  24.1  24.0  23.9  24.2  24.1  24.0  23.9  24.3  24.5  25.5  26.1  27.2  27.4  27.1  26.8  26.9  26.6 
 26.9  27.1  26.9  26.6  24.5  24.2  24.1  24.1  23.8  23.7  23.9  24.0  23.9  23.9  24.0  24.0  23.9  24.0  24.1  24.1  23.9  24.0  24.5  25.0  28.2  29.1  29.3  29.4  27.6  27.3  27.2  27.3 
 26.5  26.5  25.5  25.2  24.1  24.0  24.1  24.2  23.8  24.0  24.0  24.0  24.0  23.9  24.1  24.2  23.9  24.0  24.0  24.1  24.0  24.0  24.9  26.4  32.6  33.0  31.4  30.3  28.4  27.9  27.3  26.8 
 24.6  24.2  24.4  24.3  24.0  24.1  24.0  24.2  24.0  23.9  24.1  23.9  24.0  23.8  24.0  24.0  23.9  23.9  24.0  24.1  24.2  24.3  36.7  49.7  63.3  58.5  38.0  33.5  28.8  28.2  27.0  27.1 
 24.3  24.2  24.2  24.3  24.2  23.9  24.1  24.0  24.0  23.8  24.0  23.9  23.9  23.8  24.0  24.1  24.0  23.8  24.1  24.2  24.2  24.8  51.2  68.8  82.8  73.6  42.2  34.8  29.2  28.4  27.6  27.2 
 24.4  24.2  24.1  24.4  23.8  23.8  24.0  24.0  23.9  23.8  23.9  24.0  23.8  23.9  23.9  24.1  23.8  23.8  24.1  24.1  24.6  26.6  63.4  73.9  76.5  71.6  44.9  36.7  29.7  28.8  27.7  27.4 
 24.2  24.2  24.3  24.2  23.9  24.0  23.9  24.2  24.0  23.9  23.9  24.0  23.8  23.7  23.9  23.9  24.0  23.8  24.0  23.9  24.5  26.0  60.1 nan  66.1  59.2  41.0  35.7  30.1  28.7  27.5  27.1 
 24.2  23.8  24.2  24.1  24.0  23.8  24.0  24.3  23.7  23.9  24.0  24.0  23.8  23.7  23.9  24.1  24.1  23.9  24.0  24.1  24.2  24.2  33.8  42.8  47.0  43.1  33.3  31.6  29.4  28.5  27.4  27.3 
 24.2  24.2  24.2  24.4  24.0  24.1  24.1  24.0  23.9  23.7  23.9  24.0  23.9  23.9  23.9  24.0  23.8  23.7  24.1  24.0  24.0  24.1  27.2  30.9  36.3  34.5  30.4  29.6  28.4  27.9  27.0  26.9 
 24.0  24.2  24.3  24.2  24.0  24.1  23.9  24.0  24.0  23.9  23.9  23.9  23.8  23.8  23.9  24.1  23.9  23.8  24.0  24.0  23.9  23.9  24.3  24.5  26.0  26.6  27.3  27.1  26.6  26.6  26.3  26.6 
 24.1  24.0  24.2  24.2  23.8  23.7  24.0  23.9  24.0  23.8  24.0  24.0  23.9  23.8  23.8  24.0  23.9  23.9  24.1  24.0  23.9  24.0  24.3  24.2  25.1  25.3  26.3  26.2  26.1  26.0  26.3  25.9 
 24.4  24.1  24.3  24.1  23.9  23.7  24.1  24.0  23.7  23.9  24.0  23.9  23.8  23.7  24.0  23.9  24.0  23.9  24.2  24.0  24.0  23.9  24.0  24.2  24.4  24.4  25.2  25.4  25.1  25.2  25.7  25.6 
 24.3  23.9  24.3  24.1  24.0  23.9  24.2  24.0  23.8  23.7  24.0  24.0  23.8  23.7  23.9  24.1  23.8  23.8  24.1  24.1  23.9  23.9  24.2  24.3  24.3  24.4  25.0  25.0  24.9  24.9  25.4  25.4 
 24.5  24.2  24.3  24.6  24.0  24.0  24.0  24.1  23.8  23.8  24.1  24.1  23.9  23.8  24.1  24.0  24.1  23.9  24.0  24.1  23.9  23.9  24.2  24.4  24.2  24.4  24.6  24.8  24.9  24.9  25.3  25.5 
 24.2  24.5  24.4  24.5  24.0  23.7  24.2  24.0  23.8  23.6  24.0  24.0  23.8  23.8  24.0  23.9  23.9  24.0  24.2  24.1  23.9  24.0  24.4  24.3  24.4  24.4  24.7  24.7  24.7  24.6  25.6  25.1 
 24.3  24.3  24.7  24.3  24.2  24.3  23.9  24.2  24.1  24.0  24.0  24.0  24.0  24.1  24.0  24.1  23.9  23.9  24.0  24.3  24.1  24.1  24.5  24.5  24.5  24.7  24.6  24.9  24.5  24.7  25.2  26.5 
 24.5  24.2  24.5  24.6  24.3  24.1  24.0  24.1  23.9  23.9  23.9  24.1  23.9  23.8  24.1  24.1  24.1  24.0  24.3  24.1  24.1  24.0  24.3  24.3  24.4  24.3  24.7  24.8  24.8  25.0  25.6  26.5 
 25.1  25.2  24.4  24.9  24.4  24.2  24.5  24.3  24.0  24.0  24.2  24.3  24.1  23.9  24.1  24.4  24.0  24.1  24.3  24.3  24.3  24.2  24.3  24.7  24.6  24.4  25.3  25.4  25.0  25.2  27.2  28.2 
 25.2  25.4  24.8  24.7  24.8  24.3  24.5  24.2  24.1  24.2  24.4  24.4  24.0  24.1  24.3  24.2  24.3  24.1  24.3  24.3  24.4  24.3  24.6  24.5  24.4  24.5  24.8  25.3  25.3  25.4  27.2  28.7 
