 22.8  23.3  22.8  23.5  22.4  22.7  22.6  22.9  21.9  22.2  22.3  22.8  22.3  22.2  22.4  22.7  22.1  22.1  22.5  22.5  22.2  22.3  22.7  22.9  22.2  22.6  22.9  23.8  23.6  23.4  24.1  25.0 
 23.2  22.7  23.5  23.0  22.8  22.1  23.0  22.7  22.4  22.0  22.6  22.4  22.3  22.1  22.6  22.3  22.3  22.1  22.6  22.6  22.5  22.2  22.6  22.9  22.4  22.3  23.7  24.0  23.5  23.1  24.3  24.5 
 22.7  22.8  23.1  23.4  22.3  22.4  22.6  22.7  22.2  22.5  22.5  22.7  22.0  22.2  22.2  22.4  22.1  22.0  22.1  22.6  22.0  22.2  22.3  22.7  22.3  22.5  23.1  23.3  22.7  22.7  23.6  23.6 
 23.1  22.5  23.1  23.2  22.4  22.0  22.9  22.5  22.6  22.2  22.9  22.5  22.2  21.9  22.5  22.4  22.3  21.9  22.7  22.4  22.1  21.9  22.7  22.5  22.4  22.1  23.2  22.6  22.7  22.3  24.0  23.2 
 22.7  23.0  22.9  23.0  22.4  22.5  22.6  23.1  22.9  23.2  22.7  22.7  22.2  22.3  22.3  22.4  22.0  22.1  22.1  22.3  22.1  22.3  22.3  22.7  22.3  22.2  22.7  23.1  22.4  22.6  22.9  23.1 
 22.9  22.5  22.8  22.8  22.5  22.3  23.1  23.0  23.4  23.6  23.3  22.7  22.3  22.1  22.6  22.3  22.3  21.9  22.4  22.3  22.4  21.9  22.7  22.4  22.5  22.2  22.9  22.8  22.5  22.5  23.7  23.0 
 22.9  22.7  22.8  23.0  22.5  22.6  22.8  23.4  25.0  26.4  23.9  23.1  22.2  22.2  22.2  22.4  22.0  22.2  22.1  22.3  22.2  22.3  22.3  22.8  22.2  22.3  22.8  22.9  22.3  22.6  22.8  23.3 
 22.9  22.5  23.1  22.7  22.7  22.1  23.2  23.2  25.4  26.8  24.5  22.8  22.3  22.1  22.6  22.3  22.2  22.0  22.3  22.4  22.3  21.9  22.7  22.6  22.6  22.1  23.1  22.6  22.5  22.4  23.2  22.3 
 23.2  23.0  23.0  23.1  22.4  22.6  22.8  23.1  22.9  23.1  22.9  22.8  22.3  22.2  22.3  22.5  22.1  22.3  22.3  22.4  22.2  22.3  22.5  22.5  22.1  22.6  22.7  23.1  22.5  22.5  22.9  23.0 
 23.6  23.3  23.6  23.1  22.9  22.4  22.9  22.7  22.6  22.5  22.8  22.5  22.3  22.0  22.5  22.4  22.1  22.1  22.5  22.2  22.3  21.9  22.5  22.3  22.5  22.2  23.0  23.1  22.9  22.7  23.6  23.1 
 23.5  23.5  24.0  24.2  23.4  23.3  23.0  23.1  22.6  22.7  22.5  22.6  22.3  22.1  22.4  22.5  22.2  22.3  22.2  22.6  22.1  22.2  22.1  22.5  22.3  22.5  23.0  23.9  23.2  23.2  22.9  23.3 
 23.6  23.6  24.1  24.3  24.3  24.1  23.9  23.3  22.8  22.5  22.9  22.6  22.4  22.0  22.5  22.5  22.3  22.0  22.5  22.3  22.3  21.8  22.5 nan  22.3  22.3  24.3  24.7  23.4  22.7  23.3  23.1 
 24.0  24.1  24.9  25.5  26.6  27.5  32.6  35.1  32.9  29.1  23.0  22.9  22.2  22.3  22.4  22.4  22.2  22.2  22.4  22.4  22.2  22.0  22.2  22.7  22.5  22.5  23.7  24.5  23.3  23.0  23.0  23.4 
 24.6  24.3  26.2  26.3  28.2  29.8  41.7  48.9  53.4  47.2  24.7  23.0  22.6  22.3  22.7  22.4  22.2  22.1  22.5  22.4  22.3  22.1  22.6  22.4  22.5  22.4  23.1  23.2  22.9  22.5  23.4  22.9 
 24.6  25.3  26.2  27.3  30.3  33.6  54.7  63.3  74.7  71.3  34.4  25.4  22.3  22.5  22.4  22.5  22.2  22.3  22.4  22.5  22.2  22.2  22.4  22.6  22.4  22.3  22.5  22.8  22.6  22.9  23.0  23.4 
 24.9  25.0  27.0  27.3  30.6  33.8  53.5  62.5  78.6  79.3  36.8  25.6  22.6  22.2  22.8  22.5  22.2  22.1  22.7  22.5  22.3  22.1  22.8  22.6  22.5  22.2  22.9  22.7  22.8  22.4  23.6  23.4 
 24.8  25.5  26.3  27.1  29.2  31.5  44.0  53.3  72.9  69.7  29.7  24.4  22.6  22.4  22.4  22.5  22.2  22.2  22.3  22.6  22.3  22.4  22.3  22.8  22.4  22.5  22.9  23.1  22.9  22.8  22.9  23.6 
 25.1  24.9  26.4  26.6  28.5  29.4  36.9  41.7  53.8  49.3  25.8  23.6  22.8  22.3  22.8  22.5  22.4  22.0  22.8  22.6  22.2  22.0  22.8  22.7  22.5  22.1  22.9  23.0  22.8  22.5  23.6  23.3 
 24.9  24.9  26.1  26.5  26.5  26.8  28.4  29.4  29.3  27.9  23.7  23.4  22.5  22.5  22.5  22.7  22.5  22.3  22.5  22.7  22.3  22.2  22.4  23.0  22.3  22.5  22.8  23.1  22.8  22.9  23.3  24.0 
 24.9  25.2  26.3  26.1  26.0  25.7  27.4  27.2  26.6  25.6  23.6  23.1  22.7  22.5  22.8  22.5  22.5  22.1  22.7  22.5  22.3  22.1  22.7  22.6  22.7  22.3  23.1  23.0  22.9  22.7  24.1  23.5 
 24.8  24.9  25.3  25.7  25.4  25.3  25.4  25.7  24.8  24.5  23.5  23.4  22.5  22.7  22.7  22.8  22.4  22.4  22.5  22.6  22.3  22.2  22.7  23.0  22.8  22.7  22.7  23.3  22.6  23.1  23.7  24.7 
 25.0  24.9  25.6  25.1  25.0  24.8  25.3  24.9  24.4  23.9  23.4  23.4  22.9  22.3  22.9  22.8  22.3  22.3  23.0  22.4  22.5  22.1  23.1  22.8  22.5  22.3  23.2  23.1  23.0  22.8  24.9  25.1 
 25.6  25.8  25.2  25.1  24.8  24.5  24.7  24.7  23.8  23.7  23.5  23.7  22.7  22.8  22.6  22.9  22.4  22.6  22.9  22.9  22.6  22.5  22.8  23.3  22.7  22.6  23.4  23.7  23.0  23.3  24.9  26.9 
 26.3  25.2  25.6  24.8  24.8  24.2  24.8  24.2  23.6  23.4  23.8  23.2  22.8  22.5  22.9  22.6  22.8  22.3  23.3  22.8  22.7  22.3  23.3  23.2  22.6  22.5  23.7  23.6  23.5  23.7  26.3  26.3 
