 29.5  29.6  29.6  29.4  28.4  28.3  27.8  27.6  27.9  27.8  27.3  26.9  25.1  24.1  24.2  24.2  23.7  23.9  24.3  24.1  24.1  24.0  24.3  24.4  24.6  24.2  25.0  25.2  25.5  25.3  26.9  27.4 
 29.7  29.0  29.8  29.5  28.4  28.1  27.3  26.1  25.2  25.2  25.2  25.1  24.0  24.1  24.3  24.2  23.9  23.7  24.2  24.0  24.1  23.9  24.3  24.3  24.1  24.3  25.2  25.3  25.1  25.5  26.8  26.9 
 29.2  28.9  29.1  28.7  28.2  27.3  25.0  24.5  24.0  24.1  24.2  24.2  23.9  24.1  24.1  24.2  24.1  24.0  24.1  24.2  23.9  24.0  24.2  24.5  24.4  24.7  25.1  25.5  26.0  25.9  26.3  26.8 
 29.3  29.0  29.0  28.8  27.9  27.3  24.7  24.4  24.2  23.8  24.1  24.2  23.9  23.8  24.1  24.4  24.1  23.9  24.1  24.0  24.0  23.9  24.3  24.5  24.5  24.6  25.9  25.8  26.0  25.9  26.5  26.8 
 30.0  29.9  29.8  29.5  27.9  27.2  24.8  24.2  24.2  23.9  24.0  24.2  24.2  24.0  24.1  24.0  23.9  24.0  23.9  24.2  24.0  23.9  24.3  24.5  25.0  25.4  26.7  26.8  26.6  26.7  26.6  26.9 
 29.4  29.1  29.7  29.1  27.9  27.1  24.5  24.2  24.1  24.1  24.2  24.2  23.8  24.0  24.1  24.0  24.0  23.9  24.2  24.0  24.0  23.8  24.4  24.4  25.6  26.2  27.2  27.4  27.1  27.1  27.1  27.1 
 29.0  29.0  28.4  28.3  26.7  25.6  24.4  24.2  23.8  23.8  24.0  24.2  23.8  24.0  24.0  24.2  24.2  24.0  24.3  24.1  24.1  24.1  24.5  25.0  28.2  29.0  29.8  29.4  27.8  27.3  27.4  27.3 
 28.6  29.0  28.5  28.3  26.0  24.8  24.1  24.2  23.9  23.9  24.1  24.1  24.0  23.8  24.1  24.1  24.1  24.1  24.0  24.2  24.1  23.9  24.9  26.5  32.9  33.1  31.5  30.3  28.1  27.8  27.3  26.7 
 27.2  27.1  26.7  26.1  24.0  23.9  24.0  24.3  23.9  24.0  24.2  24.1  23.9  24.0  24.0  24.1  23.9  24.0  24.3  24.2  24.1  24.6  36.9  50.3  63.2  58.4  37.8  33.5  29.3  28.0  27.5  27.4 
 26.8  26.2  25.6  25.1  24.1  23.9  24.2  24.1  24.0  23.7  24.1  24.1  23.9  23.8  24.2  24.3  23.9  24.0  24.2  24.1  24.5  24.9  51.8  69.0  82.9  73.5  42.2  34.8  29.2  28.5  27.9  27.2 
 25.0  24.5  24.4  24.4  24.0  23.9  24.2  24.3  23.9  23.8  24.1  24.1  23.9  23.9  24.1  24.1  24.0  23.9  24.1  24.2  24.8  26.8  63.6  74.1  76.3  71.5  44.5  36.4  29.7  28.9  27.6  27.5 
 24.3  24.2  24.5  24.2  23.9  24.2  24.2  24.2  23.9  23.8  24.0  24.0  23.9  23.7  24.0  24.0  23.9  23.9  24.2  24.3  24.5  26.1  60.3 nan  66.1  59.1  40.9  35.8  30.0  28.7  27.5  27.5 
 24.5  24.0  24.3  24.4  24.0  23.8  24.1  24.4  23.7  24.0  23.9  24.0  23.8  23.8  24.2  24.1  23.9  23.8  24.1  24.1  24.0  24.2  33.9  42.9  46.9  43.1  33.4  31.7  29.2  28.4  27.6  27.2 
 24.2  24.1  24.5  24.6  24.1  24.1  24.0  24.1  23.8  23.9  24.1  24.2  23.8  23.9  24.0  23.8  23.9  23.8  24.1  24.4  24.1  24.0  27.3  31.1  36.3  34.5  30.3  29.6  28.5  27.9  27.0  27.1 
 24.1  24.2  24.3  24.5  24.0  24.1  23.9  24.2  24.0  23.8  24.0  24.1  23.9  23.9  24.0  24.0  23.9  23.9  24.2  24.2  24.0  24.0  24.3  24.5  26.0  26.5  27.1  27.3  26.8  26.2  26.4  26.4 
 24.4  24.1  24.6  24.3  24.0  23.6  24.1  24.1  24.0  23.8  24.0  24.0  23.9  23.8  24.0  24.1  23.8  23.8  24.1  24.2  24.0  23.9  24.4  24.2  24.9  25.2  26.4  26.5  26.3  25.9  26.3  26.0 
 24.0  24.3  24.2  24.4  24.2  24.0  24.2  24.2  23.8  23.8  24.0  24.1  23.9  23.7  24.0  24.1  23.9  23.9  24.1  24.1  24.1  23.8  24.3  24.2  24.3  24.5  25.2  25.5  25.3  25.1  25.9  25.8 
 24.6  24.1  24.3  24.3  24.0  23.7  24.2  24.2  23.8  23.9  24.1  23.9  23.9  23.9  24.1  24.0  23.9  23.9  24.2  24.2  24.0  24.0  24.3  24.5  24.2  24.3  25.1  25.0  25.1  24.9  25.9  25.6 
 24.2  24.2  24.7  24.6  24.0  24.1  24.1  24.4  24.1  24.0  24.2  23.9  23.9  23.9  24.1  24.0  24.0  24.0  24.1  24.3  24.1  24.0  24.3  24.4  24.3  24.4  24.6  24.9  24.9  25.0  25.2  25.9 
 24.4  24.4  24.6  24.6  24.1  23.8  24.2  24.0  23.7  23.9  24.1  24.3  23.9  23.7  24.1  24.1  23.9  24.0  24.2  24.3  24.2  23.9  24.4  24.5  24.4  24.1  24.9  24.9  24.7  25.1  25.6  25.2 
 24.7  24.3  24.5  24.8  24.2  24.0  24.0  24.2  24.0  23.9  24.1  24.3  24.2  24.0  24.3  24.3  23.9  24.1  24.2  24.4  24.0  24.0  24.4  24.5  24.4  24.3  25.0  25.1  24.5  24.7  25.7  26.3 
 24.5  25.0  24.8  24.8  24.2  24.0  24.3  24.2  23.9  23.8  24.2  24.3  24.0  23.8  24.2  24.2  24.1  24.0  24.5  24.4  24.1  24.0  24.6  24.6  24.3  24.4  24.8  24.7  24.8  24.7  26.3  27.1 
 25.4  24.9  24.4  24.7  24.5  24.1  24.4  24.4  24.2  24.3  24.1  24.3  24.4  23.9  24.4  24.5  24.4  24.4  24.4  24.4  24.4  24.1  24.6  24.8  24.4  24.4  25.3  25.3  25.4  25.3  27.2  28.7 
 25.3  25.5  25.0  25.1  24.6  24.5  24.5  24.7  24.0  24.2  24.3  24.3  24.0  24.2  24.3  24.4  24.2  24.1  24.6  24.4  24.5  24.2  24.6  24.6  24.3  24.2  25.3  25.1  25.1  25.5  28.1  28.7 
