 24.0  23.6  23.5  24.1  23.0  22.9  23.2  23.1  22.8  22.6  22.9  23.2  22.7  22.7  22.8  23.1  22.8  22.6  23.0  23.0  22.6  22.7  23.2  24.0  26.9  27.8  28.4  29.1  28.8  29.3  30.1  31.1 
 24.0  23.2  23.7  23.8  23.2  22.6  23.0  23.2  23.1  22.5  23.2  22.8  22.7  22.4  23.1  22.8  22.7  22.5  23.0  23.0  23.0  22.7  23.3  23.6  26.4  27.5  28.7  28.7  29.0  28.9  30.8  31.0 
 23.4  23.5  23.7  23.8  23.0  22.6  23.1  23.1  22.6  22.9  23.0  23.1  22.6  22.7  22.8  23.1  22.6  22.7  22.9  23.0  22.7  22.8  23.0  23.3  25.2  26.2  28.4  29.0  29.0  29.6  29.7  30.0 
 23.6  23.2  23.6  23.7  22.7  22.6  23.4  23.2  23.1  22.9  23.3  23.0  22.8  22.5  23.2  23.1  23.0  22.4  23.2  22.9  22.9  22.9  23.3  23.2  24.4  25.7  28.2  28.7  28.9  29.0  29.8  30.0 
 23.6  23.3  23.2  23.3  22.9  22.6  22.9  23.5  23.2  23.4  23.0  23.2  22.6  22.7  22.9  22.6  22.6  22.6  22.9  23.1  22.7  22.6  23.1  23.3  23.2  23.8  26.7  27.4  28.3  28.9  29.9  30.3 
 23.3  23.1  23.4  23.3  23.1  22.8  23.5  23.3  23.7  23.7  23.3  23.0  22.7  22.7  22.8  23.0  22.7  22.6  22.8  23.0  22.8  22.6  23.2  23.1  23.3  23.1  25.0  26.0  28.2  29.0  30.3  30.3 
 23.3  23.3  23.4  23.3  22.7  22.8  23.3  23.6  25.5  26.7  24.0  23.5  22.7  22.8  22.8  22.9  22.6  22.7  22.9  23.1  22.9  23.0  23.2  23.3  23.4  23.0  24.9  26.0  29.2  29.9  30.0  30.5 
 23.6  23.1  23.6  23.5  22.9  22.8  23.5  23.7  26.0  27.6  24.6  23.2  22.8  22.7  22.8  22.9  22.8  22.6  23.0  23.1  22.8  22.9  23.5  23.3  23.1  23.5  26.8  28.9  30.8  30.9  31.6  30.7 
 23.5  23.6  23.6  23.4  22.8  23.1  23.3  23.5  23.4  23.8  23.2  23.2  22.7  22.8  22.9  23.0  22.8  23.0  23.0  23.1  22.7  23.1  23.2  23.3  24.5  26.0  30.0  30.8  31.3  31.8  32.8  33.0 
 23.8  23.6  23.7  23.5  23.3  23.0  23.3  23.2  23.1  23.1  23.2  23.0  22.7  22.6  22.9  23.0  22.8  22.7  23.2  23.1  23.0  22.9  23.3  23.1  25.3  27.3  31.0  31.3  31.6  32.1  32.9  33.1 
 24.0  24.1  24.1  24.3  23.9  23.6  23.2  23.5  22.9  23.1  23.1  23.0  22.8  22.8  22.9  23.0  22.9  22.9  23.1  23.1  22.9  22.9  23.2  23.2  26.4  28.7  31.7  31.9  31.9  32.2  32.2  31.4 
 24.2  23.9  24.6  24.6  24.8  24.5  24.2  23.8  23.2  23.0  23.1  23.1  22.8  22.8  22.9  23.0  22.9  22.8  23.0  23.0  23.0  22.9  23.2 nan  27.1  28.9  31.8  32.0  32.1  31.5  31.1  30.2 
 24.6  24.6  25.6  26.3  27.0  27.8  32.6  34.7  32.5  29.2  23.5  23.3  22.9  22.8  23.1  23.0  22.8  22.8  23.1  23.1  22.9  22.9  23.2  23.4  27.0  29.4  32.0  32.3  32.4  32.7  32.5  32.0 
 24.9  24.9  26.3  26.7  28.7  30.3  41.7  48.6  52.9  46.5  24.8  23.4  22.9  22.9  23.1  23.1  22.9  22.8  23.3  23.1  22.9  22.8  23.1  23.1  26.4  28.5  32.1  32.3  32.7  32.7  33.4  33.1 
 25.5  25.5  27.0  27.9  30.6  34.1  55.1  63.4  74.5  71.0  34.5  25.7  22.8  22.9  22.9  23.1  22.8  22.8  22.9  23.1  22.7  22.8  23.3  23.2  23.7  24.9  28.2  28.8  28.5  28.2  32.2  33.0 
 25.4  25.7  27.3  27.8  30.9  34.3  54.0  63.0  78.6  78.9  37.1  26.1  23.1  22.9  23.0  22.9  22.8  22.6  23.0  23.0  22.8  22.7  23.3  23.1  23.3  23.6  25.4  25.9  25.7  26.2  31.4  32.5 
 25.4  25.7  26.7  27.4  29.8  31.9  44.9  54.0  73.9  70.9  30.2  24.7  22.9  22.9  23.0  23.0  22.7  22.7  22.9  23.1  22.8  22.8  23.1  23.1  23.0  22.8  23.7  23.9  23.9  24.4  27.8  28.2 
 25.4  25.6  26.7  27.3  29.1  30.0  37.5  42.8  55.0  50.3  26.2  24.2  23.1  23.0  23.2  22.9  22.8  22.7  23.1  23.1  22.8  22.9  23.1  23.3  23.0  22.7  23.8  23.7  23.9  23.9  25.5  26.2 
 25.9  25.8  26.7  26.9  27.1  27.5  29.1  30.0  30.1  28.3  24.0  23.7  23.0  23.0  23.3  23.4  23.1  23.2  23.1  23.2  23.1  22.9  23.3  23.4  23.2  23.0  23.3  23.6  23.4  23.7  24.5  25.0 
 25.6  25.7  26.8  26.7  26.6  26.6  27.8  27.7  27.3  26.3  24.0  23.5  23.0  22.8  23.4  23.3  23.1  22.8  23.2  23.3  23.0  22.9  23.2  23.2  23.1  23.1  23.5  23.6  23.5  23.6  24.8  24.9 
 25.9  25.7  26.0  26.4  25.8  26.1  26.1  26.3  25.5  24.7  23.9  23.9  23.1  23.2  23.2  23.4  23.0  22.9  23.1  23.4  22.9  23.0  23.5  23.5  23.4  23.1  23.8  24.0  24.0  24.7  25.7  26.4 
 25.9  25.4  26.1  26.2  25.6  25.3  25.7  25.9  25.0  24.5  24.0  23.6  23.3  22.9  23.4  23.4  23.1  23.0  23.4  23.4  23.1  23.2  23.5  23.5  23.2  22.8  23.8  24.0  24.6  25.0  26.5  27.1 
 26.8  25.9  25.7  25.9  25.1  25.2  25.3  25.3  24.5  24.0  24.1  24.1  23.6  23.3  23.4  23.7  23.2  23.2  23.5  23.5  23.3  23.2  23.6  23.6  23.5  23.9  25.6  26.1  26.5  26.2  27.0  27.3 
 26.8  26.4  25.8  25.6  25.5  25.0  25.3  25.0  24.2  24.1  24.0  24.0  23.5  23.3  23.5  23.6  23.3  23.2  23.8  23.4  23.6  23.4  23.9  24.3  24.4  24.8  26.9  27.1  26.5  26.2  28.5  28.1 
