 23.4  22.7  23.3  22.9  22.6  22.6  22.7  22.6  22.4  22.0  22.6  22.6  22.4  22.0  22.4  22.4  22.0  22.2  22.4  22.5  22.2  22.3  22.6  22.6  22.4  22.4  23.2  23.9  23.5  23.3  23.8  25.2 
 23.1  22.8  23.1  23.1  22.6  22.5  22.8  22.6  22.0  22.1  22.7  22.6  22.2  22.2  22.6  22.3  22.0  21.9  22.6  22.5  22.3  22.1  22.6  22.5  22.3  22.5  23.5  23.9  23.4  23.4  24.0  25.0 
 23.1  22.9  23.0  23.0  22.4  22.2  22.4  22.9  22.4  22.3  22.4  22.6  22.0  22.0  22.5  22.4  22.1  22.2  22.4  22.4  22.2  22.0  22.3  22.7  22.6  22.5  22.9  23.1  22.9  22.7  23.3  23.9 
 22.8  22.4  23.0  23.1  22.6  22.1  22.7  22.5  22.4  22.2  22.7  22.5  22.2  22.0  22.2  22.2  22.1  21.9  22.5  22.3  22.1  22.2  22.7  22.4  22.2  22.4  23.0  22.8  22.6  22.8  23.6  23.3 
 23.0  22.8  23.0  22.8  22.6  22.2  22.7  22.9  22.8  22.7  22.5  22.6  22.3  22.2  22.3  22.3  22.0  22.0  22.1  22.4  22.2  22.0  22.5  22.5  22.4  22.4  22.9  22.9  22.7  22.6  23.0  23.4 
 22.8  22.6  23.1  22.7  22.4  22.4  23.0  22.8  23.3  23.4  23.0  22.6  22.1  22.1  22.5  22.3  22.0  21.9  22.2  22.2  22.1  22.1  22.5  22.4  22.5  22.3  22.7  22.8  22.6  22.6  23.2  23.1 
 22.8  22.9  22.9  23.0  22.5  22.4  22.9  23.2  25.0  26.3  24.0  23.3  22.2  22.1  22.1  22.2  22.1  22.0  22.2  22.4  22.2  22.1  22.5  22.7  22.5  22.4  22.7  22.7  22.6  22.5  22.9  23.1 
 22.9  22.6  22.9  22.9  22.5  22.3  23.0  23.3  25.4  26.9  24.4  22.9  22.1  22.0  22.4  22.2  22.2  22.0  22.2  22.2  22.1  22.1  22.7  22.4  22.4  22.2  22.8  22.8  22.5  22.5  22.7  22.3 
 23.2  23.1  23.1  22.9  22.5  22.4  22.9  23.0  22.9  23.1  22.8  22.5  22.3  22.2  22.3  22.5  22.1  22.2  22.4  22.5  22.2  22.3  22.3  22.5  22.1  22.3  22.7  22.9  22.7  22.3  23.1  23.1 
 23.2  22.9  23.4  23.1  22.6  22.4  23.0  22.7  22.7  22.6  22.8  22.4  22.1  21.9  22.4  22.2  22.1  22.1  22.4  22.5  22.1  22.1  22.6  22.4  22.4  22.3  22.9  22.9  22.6  22.5  23.3  23.0 
 23.5  23.4  23.6  23.8  23.6  23.3  23.2  22.9  22.6  22.6  22.5  22.5  22.2  22.2  22.4  22.4  22.3  22.0  22.3  22.4  22.1  22.1  22.5  22.5  22.4  22.1  23.2  23.8  23.3  23.0  23.1  23.1 
 23.5  23.2  24.3  24.2  24.4  24.2  23.9  23.3  22.7  22.6  22.7  22.6  22.1  22.1  22.4  22.4  22.1  22.1  22.4  22.3  22.2  22.0  22.4 nan  22.2  22.3  24.1  24.9  23.4  22.8  23.1  23.2 
 24.4  24.2  25.1  25.8  26.8  27.3  32.5  34.8  32.8  29.0  23.0  22.9  22.3  22.4  22.5  22.5  22.2  22.1  22.5  22.5  22.1  22.1  22.5  22.5  22.3  22.3  23.8  24.4  23.2  22.8  23.1  23.5 
 24.4  24.5  25.9  26.2  28.2  29.7  41.5  48.6  53.2  47.1  24.5  23.0  22.3  22.4  22.5  22.4  22.2  22.2  22.6  22.4  22.1  22.1  22.4  22.5  22.3  22.3  23.2  23.0  22.9  22.7  23.5  23.2 
 24.9  24.9  26.5  27.2  30.3  33.3  54.2  62.7  73.9  70.8  34.4  25.3  22.5  22.3  22.4  22.5  22.2  22.1  22.3  22.5  22.3  22.2  22.6  22.6  22.3  22.3  22.8  22.8  22.7  22.7  23.2  23.3 
 24.8  25.1  26.7  27.3  30.4  33.7  53.0  62.0  78.0  79.0  36.8  25.7  22.5  22.4  22.5  22.5  22.3  22.1  22.3  22.5  22.0  22.2  22.7  22.5  22.5  22.1  23.0  22.8  22.8  22.7  23.4  23.3 
 25.2  25.0  26.4  26.9  29.2  31.2  43.8  53.0  72.6  69.5  29.5  24.2  22.6  22.4  22.5  22.4  22.3  22.1  22.4  22.6  22.3  22.2  22.4  22.9  22.5  22.2  22.9  23.1  22.7  22.8  23.3  23.4 
 24.5  24.9  25.9  26.8  28.2  29.3  36.7  41.7  53.6  49.1  25.5  23.5  22.5  22.4  22.5  22.4  22.1  22.2  22.6  22.5  22.3  22.4  22.7  22.7  22.4  22.4  23.2  22.6  22.9  22.6  23.9  23.4 
 25.0  24.8  26.1  26.2  26.5  26.6  28.3  29.1  29.3  27.7  23.8  23.2  22.5  22.5  22.6  22.9  22.5  22.3  22.5  22.8  22.4  22.2  22.6  22.9  22.5  22.5  23.0  23.1  23.1  22.5  23.2  23.7 
 25.0  25.5  26.0  26.0  25.9  26.1  27.3  27.0  26.7  25.7  23.6  23.0  22.4  22.4  22.7  22.7  22.3  22.1  22.9  22.5  22.3  22.1  22.7  22.7  22.4  22.5  23.1  22.9  22.7  23.0  23.8  23.6 
 24.9  24.9  25.7  25.8  25.3  25.1  25.4  25.7  24.9  24.4  23.3  23.4  22.7  22.6  22.6  22.7  22.3  22.4  22.6  22.8  22.6  22.4  22.9  23.0  22.7  22.5  23.2  23.5  23.0  22.7  23.8  25.2 
 25.0  24.8  25.7  25.2  24.6  24.7  25.2  25.2  24.4  24.0  23.5  23.4  22.6  22.6  22.7  22.8  22.4  22.2  22.9  22.6  22.4  22.5  22.8  22.8  22.6  22.3  23.3  23.0  22.9  23.3  24.5  24.4 
 25.8  25.1  25.1  25.2  24.5  24.2  24.7  24.6  23.9  23.6  23.4  23.4  22.8  22.5  22.8  22.8  22.8  22.4  22.8  22.7  22.6  22.3  23.1  23.2  22.7  22.7  23.2  23.8  23.3  23.2  25.6  25.9 
 25.9  25.4  25.2  25.3  24.6  24.4  24.4  24.4  23.7  23.4  23.5  23.4  22.6  22.5  23.2  22.7  22.6  22.5  22.9  22.8  22.6  22.5  23.1  22.8  22.4  22.8  23.4  23.2  23.5  23.4  26.3  26.2 
