 23.0  22.5  23.1  22.7  22.5  22.5  22.7  22.5  22.2  22.2  22.4  22.4  22.4  22.0  22.4  22.4  22.1  22.2  22.3  22.4  22.1  22.3  22.6  22.6  22.4  22.1  23.3  23.6  23.2  23.2  24.3  25.0 
 23.2  22.5  23.0  23.1  22.3  22.6  22.5  22.8  22.1  22.2  22.4  22.4  21.9  21.9  22.4  22.4  22.1  22.2  22.6  22.5  22.2  22.1  22.6  22.6  22.4  22.4  23.4  24.5  23.3  23.4  23.8  24.2 
 23.2  23.0  23.4  22.9  22.7  22.1  22.6  22.7  22.5  22.1  22.6  22.5  22.1  22.0  22.5  22.5  22.2  21.9  22.3  22.4  22.2  21.9  22.2  22.7  22.5  22.5  22.9  23.0  23.0  22.7  23.4  23.8 
 22.7  22.8  23.1  23.2  22.4  21.9  22.8  22.8  22.7  22.2  22.8  22.7  22.1  21.9  22.3  22.5  22.2  22.1  22.4  22.3  22.2  22.0  22.4  22.6  22.3  22.2  22.9  22.7  22.7  22.7  23.5  23.6 
 23.0  22.3  22.9  22.9  22.3  22.3  22.7  23.0  22.9  22.8  22.8  22.6  22.1  22.1  22.3  22.3  21.9  22.1  22.4  22.3  22.1  22.1  22.4  22.5  22.3  22.3  22.8  22.8  22.4  22.5  23.1  23.2 
 22.5  22.3  23.1  22.9  22.5  22.4  22.9  23.0  23.2  23.7  22.9  22.7  22.1  22.0  22.3  22.4  22.1  21.9  22.4  22.4  22.1  21.9  22.4  22.5  22.7  22.0  23.0  22.8  22.8  22.5  23.1  23.2 
 22.8  22.6  22.6  22.8  22.5  22.3  23.0  23.2  25.0  26.3  23.9  23.0  22.3  22.1  22.4  22.3  21.9  21.9  22.2  22.3  22.0  22.0  22.6  22.7  22.3  22.3  22.9  22.9  22.5  22.4  23.2  23.0 
 23.1  22.7  23.0  23.0  22.5  22.5  23.1  23.2  25.1  26.9  24.3  22.9  22.2  22.1  22.3  22.5  22.1  22.1  22.1  22.2  22.1  22.0  22.4  22.6  22.2  22.2  22.8  22.9  22.7  22.6  22.9  22.3 
 23.1  22.7  23.2  22.9  22.5  22.4  23.0  23.0  23.0  23.1  22.9  22.4  22.4  22.2  22.5  22.4  22.1  22.1  22.5  22.4  22.3  22.3  22.5  22.5  22.4  22.4  22.6  22.6  22.5  22.8  23.0  23.3 
 23.2  23.1  23.3  23.3  22.8  22.6  22.9  22.9  22.6  22.6  22.6  22.7  22.2  22.1  22.4  22.4  22.1  22.0  22.3  22.5  22.2  22.3  22.5  22.4  22.4  22.5  22.9  22.8  22.5  22.6  23.2  23.4 
 23.6  23.3  23.8  23.7  23.4  23.2  23.0  23.1  22.5  22.5  22.6  22.5  22.3  22.1  22.5  22.3  22.2  22.1  22.4  22.4  22.2  22.1  22.4  22.4  22.0  22.2  23.1  23.6  23.2  22.9  23.3  23.0 
 23.4  23.6  24.0  24.3  24.2  24.4  23.8  23.5  22.7  22.6  22.7  22.6  22.3  22.1  22.5  22.5  22.1  22.1  22.4  22.4  22.2  22.2  22.5 nan  22.4  22.2  24.2  25.0  23.5  22.7  23.4  23.1 
 24.1  24.1  25.2  25.7  26.6  27.3  32.5  34.9  32.8  29.1  23.1  22.7  22.3  22.3  22.3  22.5  22.1  21.9  22.4  22.3  22.2  22.0  22.3  22.5  22.3  22.2  23.9  24.3  23.0  22.9  23.2  23.2 
 24.3  24.4  25.7  26.3  28.2  29.8  41.4  48.8  53.5  47.1  24.3  23.1  22.4  22.4  22.2  22.4  22.2  22.1  22.4  22.6  22.2  22.0  22.6  22.5  22.4  22.4  23.2  23.1  22.9  22.7  23.1  23.1 
 24.6  25.0  26.4  27.3  30.3  33.3  54.4  62.9  74.3  71.1  34.3  25.5  22.4  22.3  22.5  22.3  22.3  22.2  22.4  22.5  22.2  22.1  22.6  22.5  22.4  22.2  22.9  22.7  22.9  22.7  23.3  23.5 
 24.9  24.8  26.7  27.4  30.5  33.7  53.3  62.5  78.4  79.1  36.7  25.7  22.4  22.4  22.3  22.3  22.2  22.2  22.4  22.5  22.2  22.2  22.5  22.6  22.4  22.3  23.0  22.7  22.8  22.5  23.3  23.3 
 24.9  25.0  26.3  26.9  29.0  31.4  44.0  53.2  72.7  69.5  29.8  24.3  22.5  22.3  22.4  22.3  22.4  22.1  22.3  22.4  22.3  22.2  22.3  22.5  22.3  22.5  22.8  23.0  22.7  22.6  23.4  23.3 
 24.9  25.0  26.2  26.7  28.3  29.3  36.8  41.7  53.6  49.2  25.7  23.4  22.4  22.3  22.4  22.6  22.3  22.1  22.6  22.6  22.3  22.1  22.4  22.7  22.4  22.2  22.9  23.0  22.8  22.5  23.6  23.5 
 24.9  24.9  26.2  26.2  26.6  26.8  28.4  29.2  29.3  27.7  23.7  23.0  22.5  22.4  22.7  22.7  22.3  22.1  22.5  22.6  22.4  22.2  22.6  22.9  22.4  22.7  22.9  22.6  23.0  22.4  23.2  23.8 
 24.9  24.9  25.9  26.1  26.1  26.0  27.0  27.2  26.5  25.8  23.4  23.2  22.5  22.4  22.7  22.5  22.4  22.2  22.6  22.5  22.3  22.3  22.6  22.7  22.5  22.4  22.9  22.9  22.6  22.7  23.5  23.7 
 25.1  24.6  25.6  25.7  25.1  25.0  25.3  25.5  24.8  24.1  23.3  23.4  22.6  22.5  22.6  22.6  22.2  22.3  22.8  22.7  22.4  22.2  23.0  22.8  22.8  22.3  23.0  23.2  23.0  22.6  23.9  24.4 
 24.8  24.7  25.4  25.5  25.0  24.7  25.1  25.2  24.3  23.9  23.2  23.1  22.5  22.5  22.7  22.8  22.2  22.4  22.7  22.7  22.5  22.4  22.6  22.8  22.6  22.5  23.0  23.2  22.8  23.0  24.1  24.8 
 26.2  25.1  25.0  25.3  24.4  24.4  24.6  24.2  24.0  23.7  23.3  23.4  22.9  22.5  22.7  22.8  22.5  22.2  23.0  22.7  22.4  22.2  22.7  23.3  22.6  22.3  23.2  23.7  23.4  23.3  25.3  26.4 
 25.7  25.5  25.1  25.2  24.5  24.0  24.2  24.6  23.6  23.5  23.4  23.5  22.8  22.7  22.9  22.8  22.5  22.5  22.9  22.8  22.5  22.4  22.9  23.0  22.5  22.4  23.3  23.6  23.5  23.5  25.9  26.8 
