 23.7  22.5  22.8  22.8  22.5  22.2  22.3  22.5  22.4  22.1  22.3  22.5  22.2  21.9  22.4  22.6  22.3  22.0  22.5  22.4  22.5  22.1  22.4  22.8  22.7  22.4  23.2  23.8  23.7  22.8  23.8  25.3 
 22.8  22.9  23.1  22.9  22.3  22.4  22.6  22.7  22.2  22.3  22.5  22.6  22.3  22.2  22.4  22.1  22.0  22.1  22.3  22.4  22.2  22.2  22.5  22.4  22.2  22.7  23.2  24.0  23.3  23.4  24.1  24.5 
 23.2  22.8  23.0  22.9  22.6  21.9  22.5  22.6  22.4  22.3  22.4  22.5  22.3  22.0  22.4  22.2  22.4  22.0  22.3  22.4  22.2  22.2  22.2  22.5  22.6  22.4  22.8  23.0  23.0  22.7  23.2  23.8 
 22.7  22.8  22.9  22.5  22.5  22.4  22.8  22.6  22.6  22.4  22.9  22.4  22.1  22.2  22.4  22.2  22.4  22.0  22.5  22.2  21.9  22.3  22.4  22.5  22.3  22.3  23.0  22.9  22.5  22.6  23.3  23.2 
 23.0  22.8  22.9  22.7  22.8  22.4  22.5  22.9  23.0  22.9  22.6  22.5  22.3  22.2  22.2  22.4  22.2  22.0  22.2  22.2  22.3  22.0  22.4  22.5  22.4  22.3  22.8  22.9  22.4  22.8  22.9  23.0 
 22.5  22.8  22.8  22.6  22.3  22.5  23.0  22.9  23.2  23.7  22.8  22.6  22.2  22.1  22.3  22.2  22.1  22.2  22.4  22.3  22.0  22.2  22.4  22.5  22.7  22.2  22.6  22.5  22.2  22.8  23.3  23.0 
 22.8  22.8  22.6  22.9  22.7  22.4  22.8  23.2  25.0  26.2  23.9  23.2  22.2  22.0  22.3  22.3  22.1  22.0  22.3  22.2  22.2  21.9  22.5  22.4  22.5  22.2  22.6  22.7  22.7  22.4  22.6  23.3 
 22.9  22.8  22.7  22.5  22.5  22.6  22.8  23.1  25.4  26.9  24.2  22.7  22.3  22.2  22.3  22.3  22.0  22.1  22.2  22.2  22.1  22.3  22.4  22.4  22.2  22.4  22.6  22.6  22.4  22.8  22.7  22.1 
 23.2  22.7  22.9  22.9  22.5  22.5  22.6  22.7  23.0  22.9  22.8  22.6  22.4  22.1  22.3  22.4  22.2  22.0  22.3  22.3  22.4  22.2  22.4  22.6  22.6  22.2  22.8  22.7  22.6  22.4  22.8  22.9 
 22.9  23.0  23.3  22.9  22.8  22.6  22.7  22.6  22.6  22.7  22.6  22.5  22.3  22.1  22.2  22.3  22.2  22.1  22.3  22.2  22.1  22.2  22.4  22.3  22.3  22.4  22.8  22.8  22.6  22.8  23.0  22.9 
 23.7  23.3  23.6  23.9  23.7  23.2  23.0  22.8  22.9  22.6  22.5  22.4  22.3  22.2  22.2  22.2  22.3  22.1  22.2  22.4  22.3  22.1  22.4  22.3  22.6  22.2  22.8  23.5  23.3  23.1  22.8  23.1 
 23.7  23.7  23.8  24.0  24.4  24.6  23.9  23.2  22.7  22.7  22.5  22.4  22.2  22.3  22.3  22.3  22.1  22.3  22.3  22.2  22.1  22.2  22.6 nan  22.2  22.4  24.1  24.5  23.4  23.0  23.1  23.1 
 24.6  23.8  24.8  25.6  26.7  27.3  32.6  34.8  33.1  29.1  23.1  22.8  22.4  22.2  22.4  22.4  22.1  21.9  22.4  22.2  22.3  22.0  22.3  22.5  22.6  22.2  23.6  24.2  23.5  22.6  23.0  23.2 
 24.5  24.6  25.5  26.0  28.1  29.9  41.5  48.7  53.3  47.2  24.3  22.9  22.4  22.3  22.5  22.4  22.0  22.3  22.4  22.3  22.1  22.2  22.6  22.6  22.3  22.3  23.0  23.1  23.1  23.0  23.2  22.9 
 24.9  25.0  26.5  27.1  30.3  33.6  54.5  62.9  74.4  71.1  34.3  25.3  22.5  22.2  22.4  22.3  22.4  22.1  22.3  22.5  22.4  22.2  22.4  22.5  22.5  22.2  22.5  22.7  22.9  22.6  23.0  23.3 
 25.0  25.2  26.7  27.3  30.5  33.9  53.2  62.3  78.2  79.2  36.7  25.6  22.6  22.7  22.5  22.3  22.3  22.3  22.4  22.3  22.4  22.3  22.8  22.4  22.2  22.4  23.0  22.8  22.5  22.9  23.1  23.0 
 25.1  25.0  26.3  26.8  29.3  31.1  43.8  52.9  72.8  69.5  29.5  24.2  22.4  22.3  22.3  22.5  22.3  22.2  22.4  22.4  22.4  22.2  22.3  22.6  22.6  22.3  22.7  23.0  22.7  22.7  23.0  23.6 
 24.9  25.3  26.1  26.6  28.2  29.5  36.6  41.7  53.5  49.2  25.6  23.3  22.6  22.5  22.5  22.4  22.3  22.4  22.4  22.3  22.4  22.4  22.4  22.5  22.5  22.4  22.9  22.6  22.7  22.6  23.1  23.7 
 25.4  25.0  25.9  26.2  26.5  26.7  28.4  29.3  29.6  27.7  23.4  23.2  22.5  22.2  22.4  22.6  22.5  22.3  22.3  22.5  22.5  22.1  22.5  22.7  22.5  22.3  22.9  23.0  22.9  22.5  23.1  23.5 
 24.9  25.5  25.7  25.8  25.8  25.8  27.0  27.1  26.6  25.8  23.4  22.9  22.6  22.7  22.6  22.5  22.4  22.4  22.5  22.5  22.3  22.5  22.7  22.5  22.3  22.5  23.0  22.8  22.7  22.9  23.7  23.2 
 25.1  24.7  25.3  25.5  25.2  25.2  25.2  25.6  25.0  24.4  23.3  23.2  22.8  22.4  22.6  22.8  22.4  22.4  22.4  22.6  22.5  22.2  22.7  22.8  23.0  22.5  23.0  23.1  23.0  22.7  23.4  23.9 
 24.8  25.0  25.4  25.4  24.8  24.9  25.1  24.9  24.4  24.3  23.4  23.2  22.6  22.8  22.7  22.8  22.3  22.5  22.8  22.6  22.3  22.7  22.9  22.9  22.6  22.6  23.2  23.1  22.8  23.0  24.3  24.7 
 26.4  25.1  24.8  25.3  24.7  24.2  24.6  24.4  24.2  23.3  23.3  23.4  23.1  22.5  22.7  22.9  22.7  22.4  22.7  22.9  22.8  22.5  22.9  23.1  22.9  22.3  23.0  23.3  23.5  23.3  24.9  25.9 
 26.3  26.0  25.2  25.0  24.3  24.5  24.5  24.2  23.6  23.6  23.4  23.2  22.8  22.8  22.6  22.7  22.5  22.5  22.9  22.6  22.4  22.5  22.9  22.9  22.5  22.8  23.3  23.4  23.3  24.0  25.9  25.8 
