 23.4  22.7  23.1  22.8  22.8  22.6  22.6  22.3  22.4  22.3  22.7  22.5  22.3  22.1  22.3  22.4  22.3  22.2  22.4  22.3  22.4  22.0  22.6  22.5  22.6  22.5  22.9  23.4  23.7  23.3  23.5  24.6 
 22.8  22.7  22.9  22.9  22.6  22.5  22.4  22.8  22.5  22.3  22.5  22.5  22.1  22.2  22.4  22.2  22.2  22.0  22.4  22.3  22.2  22.3  22.4  22.8  22.5  22.5  23.0  24.0  23.4  23.4  23.8  24.5 
 23.4  22.4  22.9  22.7  23.0  22.0  22.6  22.7  22.7  22.3  22.5  22.4  22.6  22.3  22.3  22.4  22.5  22.0  22.2  22.3  22.3  22.1  22.5  22.4  22.8  22.5  22.8  22.8  23.1  22.9  23.2  23.1 
 22.9  23.1  22.7  22.8  22.5  22.1  22.5  22.8  22.6  22.4  22.6  22.5  22.0  22.1  22.4  22.3  22.1  22.0  22.4  22.1  22.1  22.2  22.5  22.4  22.4  22.4  22.9  23.0  22.4  22.6  23.1  23.2 
 23.0  22.8  23.0  22.7  22.7  22.6  22.7  22.8  23.1  23.0  22.7  22.6  22.3  22.0  22.4  22.2  22.2  22.0  22.2  22.2  22.4  22.0  22.4  22.4  22.7  22.4  22.7  22.6  22.7  22.6  23.0  23.0 
 22.8  22.8  22.8  22.9  22.5  22.5  22.8  22.9  23.1  23.8  22.8  22.6  22.2  22.1  22.4  22.3  22.2  22.2  22.2  22.3  22.0  22.2  22.4  22.5  22.4  22.4  22.4  22.7  22.4  22.9  22.9  23.0 
 23.0  22.6  23.0  22.8  22.8  22.3  22.7  23.1  25.1  26.3  23.8  22.9  22.3  22.2  22.2  22.3  22.2  22.1  22.3  22.3  22.4  22.2  22.2  22.5  22.6  22.2  22.8  22.7  22.8  22.4  22.8  22.8 
 22.9  22.7  22.7  22.8  22.5  22.5  22.9  23.2  25.4  27.0  24.2  22.8  22.3  22.3  22.2  22.3  22.1  22.0  22.3  22.1  22.3  22.3  22.4  22.4  22.4  22.3  22.4  22.7  22.4  23.0  22.5  22.0 
 23.4  23.0  22.9  23.1  22.7  22.6  22.6  22.9  23.2  23.0  22.9  22.5  22.4  22.1  22.4  22.3  22.2  22.0  22.3  22.1  22.3  22.2  22.4  22.5  22.4  22.4  22.6  22.8  22.6  22.8  23.0  22.9 
 22.9  23.1  23.0  23.0  22.8  22.6  22.6  22.6  22.4  22.7  22.7  22.6  22.2  22.1  22.3  22.3  22.0  22.2  22.2  22.3  22.2  22.2  22.3  22.5  22.3  22.3  22.7  22.8  22.7  23.1  23.1  23.0 
 23.7  23.6  23.9  23.8  23.8  23.4  23.1  22.8  22.9  22.7  22.5  22.5  22.4  22.2  22.4  22.3  22.3  22.1  22.5  22.2  22.3  22.3  22.4  22.4  22.4  22.2  23.2  23.6  23.4  23.2  23.0  23.1 
 23.5  23.7  23.8  24.2  24.3  24.6  23.7  23.4  22.8  22.5  22.7  22.4  22.2  22.4  22.2  22.4  22.1  22.2  22.3  22.3  22.2  22.1  22.5 nan  22.4  22.3  24.0  24.7  23.6  22.8  22.8  22.9 
 24.6  24.1  25.2  25.5  27.0  27.4  32.5  34.8  33.0  29.2  23.0  22.6  22.5  22.3  22.3  22.3  22.2  22.1  22.4  22.3  22.3  22.0  22.4  22.4  22.7  22.3  23.6  24.2  23.3  23.1  23.3  23.1 
 24.5  24.7  25.5  26.4  28.2  30.1  41.4  48.6  53.3  47.4  24.3  23.0  22.5  22.4  22.5  22.3  22.2  22.2  22.3  22.4  22.2  22.1  22.4  22.3  22.4  22.4  22.9  23.3  23.0  23.0  22.9  23.2 
 25.1  25.0  26.4  27.0  30.6  33.7  54.4  62.8  74.2  71.0  34.4  25.3  22.7  22.4  22.4  22.4  22.6  22.3  22.3  22.5  22.3  22.2  22.6  22.4  22.5  22.4  22.8  22.7  23.0  22.5  23.1  23.0 
 24.8  25.2  26.6  27.3  30.5  34.0  53.2  62.1  78.2  79.1  36.6  25.7  22.4  22.5  22.4  22.3  22.4  22.1  22.5  22.4  22.2  22.2  22.3  22.5  22.4  22.4  22.6  22.5  22.6  22.9  22.9  23.3 
 25.1  25.3  26.4  26.8  29.3  31.3  44.0  52.9  72.8  69.7  29.7  24.2  22.8  22.2  22.4  22.3  22.3  22.2  22.4  22.5  22.6  22.3  22.4  22.5  22.8  22.4  22.6  23.0  22.8  23.0  23.2  23.4 
 24.9  25.3  26.1  26.4  28.2  29.6  36.5  41.7  53.5  49.2  25.5  23.6  22.6  22.4  22.4  22.4  22.3  22.3  22.4  22.5  22.1  22.4  22.4  22.7  22.6  22.6  22.9  22.9  22.7  22.6  23.4  23.7 
 25.4  25.2  26.0  26.2  26.7  26.7  28.5  29.2  29.6  27.6  23.8  22.9  22.7  22.6  22.5  22.6  22.5  22.4  22.6  22.5  22.5  22.3  22.5  22.5  22.6  22.5  22.9  22.9  23.1  23.0  23.0  23.5 
 25.1  25.3  25.7  25.8  25.8  26.1  27.0  27.1  26.8  26.1  23.3  22.9  22.6  22.5  22.6  22.4  22.3  22.2  22.5  22.5  22.3  22.4  22.6  22.7  22.3  22.8  22.8  23.0  22.7  23.0  23.5  23.8 
 25.3  24.9  25.5  25.2  25.5  25.1  25.4  25.6  25.0  24.2  23.2  23.1  23.0  22.7  22.7  22.8  22.4  22.1  22.6  22.5  22.5  22.3  22.9  22.9  22.9  22.5  22.8  23.1  23.0  22.9  23.6  24.2 
 25.0  25.4  25.3  25.5  24.9  24.9  25.0  24.9  24.3  24.1  23.2  23.1  22.5  22.7  22.6  22.7  22.3  22.6  22.7  22.6  22.4  22.6  22.7  22.6  22.6  22.8  23.0  23.1  23.0  23.1  24.3  24.4 
 26.1  25.1  25.1  25.1  24.9  24.5  24.5  24.2  24.2  23.9  23.4  23.0  23.1  22.7  22.8  22.7  22.8  22.4  22.7  22.5  22.8  22.5  22.9  23.0  23.0  22.7  23.2  23.1  23.5  23.0  25.6  25.9 
 26.9  25.5  25.0  25.1  24.4  24.3  24.3  24.5  23.6  23.5  23.3  23.3  22.9  22.8  22.7  22.7  22.4  22.6  22.6  22.9  22.5  22.7  23.2  22.9  22.8  22.8  23.3  23.8  23.5  24.0  25.0  26.7 
