 30.3  29.4  29.7  29.4  29.3  28.8  29.3  29.5  30.5  29.5  29.9  29.2  26.5  25.0  24.2  24.3  24.3  24.0  24.3  24.2  24.1  24.1  24.6  24.6  24.5  24.3  25.3  25.2  25.6  25.4  27.1  27.8 
 29.8  29.8  29.8  29.8  28.8  28.7  27.1  28.5  28.7  28.8  28.0  27.7  25.1  24.6  24.4  24.3  24.0  23.9  24.2  24.5  24.0  24.0  24.6  24.3  24.0  24.6  25.2  25.6  25.5  25.8  26.5  27.6 
 30.1  29.6  29.8  29.6  28.7  27.5  25.4  24.7  25.5  24.9  25.1  24.8  24.2  24.1  24.3  24.4  24.1  24.0  24.3  24.2  24.0  24.0  24.3  24.3  24.3  24.3  25.7  25.5  26.1  25.8  26.7  26.9 
 29.1  29.3  29.2  28.9  27.6  26.9  25.0  24.5  24.1  24.1  24.4  24.4  24.1  24.0  24.3  24.3  23.9  23.9  24.1  24.3  24.1  24.2  24.2  24.5  24.5  24.8  25.6  26.0  25.7  25.9  26.5  26.9 
 29.3  29.5  29.1  28.6  26.8  25.6  24.2  24.5  24.1  23.7  24.2  24.1  24.1  23.9  24.2  24.2  23.9  23.9  24.1  24.1  24.1  23.9  24.4  24.6  25.2  25.3  26.7  26.8  26.7  26.6  27.1  26.9 
 27.8  28.0  28.8  28.0  25.5  25.0  24.2  24.3  24.0  24.1  24.2  24.3  24.0  24.1  24.1  24.4  24.1  24.0  24.3  24.3  24.2  24.0  24.4  24.8  25.4  26.1  27.5  27.4  27.0  27.0  27.3  27.1 
 27.0  26.6  26.4  25.7  24.3  23.9  24.2  24.3  24.2  23.7  24.4  24.2  24.1  23.8  24.1  24.3  24.0  24.0  24.1  24.1  24.3  24.1  24.6  25.2  28.3  29.2  29.5  29.4  28.1  27.3  27.2  27.5 
 26.2  26.3  24.9  24.9  24.1  24.3  24.1  24.4  24.0  23.9  24.3  24.1  24.0  24.1  24.3  24.2  24.0  23.9  24.2  24.3  24.0  24.0  25.0  26.6  32.8  33.1  31.5  30.6  28.2  28.0  27.6  26.6 
 25.1  24.5  24.6  24.5  24.1  23.8  24.2  24.2  24.1  23.8  24.2  24.0  24.0  23.9  24.3  24.3  24.2  24.0  24.4  24.3  24.4  24.2  36.8  50.0  63.4  58.2  38.1  33.5  29.2  28.2  27.6  27.6 
 24.5  24.3  24.4  24.6  24.2  24.0  24.1  24.2  24.0  23.9  24.1  24.3  24.0  24.1  24.1  24.2  24.0  23.9  24.3  24.4  24.4  25.0  51.4  68.9  82.9  73.7  42.4  35.3  29.2  28.5  27.9  27.7 
 24.4  24.2  24.5  24.4  23.9  23.8  24.2  24.3  24.1  24.0  24.2  24.1  24.0  23.9  24.2  24.1  24.1  23.9  24.3  24.4  24.8  26.9  63.6  74.1  76.8  71.9  44.8  36.6  30.0  28.8  27.7  27.5 
 24.2  24.3  24.5  24.4  23.9  23.9  24.3  24.3  24.1  23.9  24.2  24.2  23.9  24.0  24.0  24.2  24.0  24.1  24.2  24.3  24.6  26.2  60.4 nan  66.4  59.7  41.3  36.1  29.9  28.7  27.8  27.4 
 24.3  24.1  24.3  24.3  24.1  23.9  24.5  24.3  24.1  23.8  24.0  24.2  24.2  23.8  24.1  24.0  24.0  23.9  24.3  24.2  24.2  24.2  34.0  43.2  47.2  43.4  33.5  31.8  29.6  28.4  27.6  27.5 
 24.4  24.3  24.5  24.3  24.2  24.1  24.4  24.2  23.8  23.8  24.0  24.2  23.9  24.0  23.9  24.2  23.8  24.0  24.3  24.4  24.1  24.1  27.4  31.3  36.4  34.9  30.7  29.7  28.5  28.0  27.3  27.2 
 24.2  23.9  24.6  24.2  24.3  23.7  24.2  24.2  24.2  23.8  24.0  24.2  24.0  23.6  24.0  24.2  24.0  23.9  24.1  24.4  24.0  23.9  24.4  24.7  26.2  26.5  27.3  27.2  26.8  26.4  26.7  26.6 
 24.4  24.1  24.4  24.5  24.1  24.0  24.2  24.0  23.9  23.9  24.1  24.1  23.9  23.9  24.1  24.1  24.0  23.9  24.3  24.2  24.0  24.1  24.2  24.4  24.9  25.3  26.7  26.5  26.4  26.3  26.4  26.0 
 24.4  24.0  24.5  24.4  24.2  23.8  24.1  24.2  24.2  23.9  24.0  24.1  23.9  23.7  24.1  24.2  24.0  23.8  24.3  24.2  24.2  23.9  24.3  24.4  24.5  24.4  25.6  25.6  25.3  25.3  25.8  25.9 
 24.4  24.1  24.5  24.4  23.9  23.7  24.3  24.1  24.0  24.0  24.2  23.9  23.9  23.8  24.2  24.1  24.0  24.1  24.3  24.3  23.9  24.1  24.5  24.6  24.2  24.2  25.0  25.4  25.1  24.9  25.9  25.9 
 24.7  24.4  24.8  24.6  24.2  24.0  24.2  24.2  24.1  23.8  24.3  24.3  24.0  23.8  24.1  24.1  24.2  23.9  24.3  24.4  24.1  23.9  24.3  24.5  24.5  24.5  24.6  24.9  24.9  24.9  25.5  25.9 
 24.0  24.7  24.6  24.7  24.3  23.8  24.1  24.2  23.8  24.0  23.9  24.3  24.1  24.0  24.2  24.0  24.0  23.9  24.4  24.2  24.1  24.1  24.5  24.4  24.4  24.4  24.8  24.9  25.0  24.6  25.4  25.7 
 24.7  24.3  24.7  24.8  24.3  24.0  24.3  24.1  24.2  23.7  24.2  24.4  24.2  23.9  24.3  24.4  24.1  24.1  24.3  24.4  24.3  24.1  24.6  24.7  24.5  24.4  25.0  25.2  24.7  24.7  25.6  26.4 
 24.9  24.6  24.8  24.7  24.2  24.1  24.3  24.5  24.0  24.0  24.3  24.3  23.8  24.0  24.5  24.4  24.1  24.3  24.5  24.6  24.2  24.3  24.6  24.6  24.3  24.5  25.0  25.0  24.9  24.8  26.5  27.3 
 26.0  24.9  25.2  24.7  24.3  24.2  24.6  24.3  24.2  24.0  24.6  24.5  24.5  24.0  24.5  24.5  24.3  24.1  24.6  24.7  24.6  24.3  24.7  24.7  24.4  24.4  25.3  25.3  25.1  25.4  28.1  28.4 
 25.1  25.4  25.1  25.3  24.6  24.8  24.7  24.5  24.0  24.4  24.4  24.5  24.2  24.1  24.6  24.4  24.1  24.1  24.4  24.4  24.3  24.5  24.6  24.8  24.4  24.5  25.4  25.6  25.2  25.6  27.4  29.3 
