 29.7  29.6  29.6  29.8  29.0  29.2  29.2  29.8  29.6  29.7  28.0  27.6  24.2  23.9  23.9  24.2  23.9  23.9  23.9  24.1  23.8  24.2  24.1  24.4  24.4  24.2  24.9  25.1  25.3  25.1  26.3  27.6 
 30.2  29.9  30.3  30.0  29.4  28.4  28.8  28.7  28.7  27.8  27.4  25.9  24.2  23.9  24.1  24.1  24.2  23.8  24.1  23.8  24.2  23.9  24.2  24.2  24.4  24.5  25.0  25.0  25.5  25.5  26.5  26.8 
 29.0  29.5  28.9  29.4  28.3  27.8  26.1  26.3  25.7  25.7  24.5  24.4  24.0  24.1  24.0  24.2  24.1  24.1  24.0  24.0  24.0  24.0  24.0  24.5  24.3  24.5  25.0  25.3  25.7  25.9  25.9  27.0 
 29.5  29.3  29.3  28.9  27.5  26.5  25.2  24.6  25.1  24.5  24.4  24.0  24.0  23.9  24.1  23.9  24.0  23.9  24.1  24.0  24.1  23.9  24.2  24.2  24.6  24.6  25.8  25.7  26.0  25.9  26.5  26.7 
 28.2  28.9  28.6  28.3  26.3  25.5  23.9  24.4  24.1  24.1  23.9  24.1  24.0  24.0  24.0  23.9  24.0  23.8  23.9  24.2  24.0  23.8  24.2  24.5  25.2  25.4  26.5  26.7  26.6  26.5  26.6  26.6 
 27.5  27.6  27.8  27.1  25.2  24.6  24.2  24.0  24.0  23.9  24.2  23.9  24.1  23.9  24.0  24.1  23.9  23.9  24.0  23.9  24.0  23.8  24.3  24.2  25.7  26.0  27.2  27.3  27.3  26.7  27.1  26.6 
 26.5  26.2  25.2  25.4  24.2  23.9  24.0  24.1  23.8  23.8  23.7  24.1  23.9  24.0  23.9  24.1  24.0  23.9  23.9  24.1  24.0  24.2  24.3  25.0  28.3  29.0  29.5  29.4  27.7  27.5  26.9  27.0 
 26.2  25.6  24.6  24.4  24.2  24.0  24.3  23.8  24.1  23.9  24.1  23.9  24.0  23.9  24.0  24.0  24.2  24.0  24.3  24.0  24.2  24.0  24.9  26.2  32.7  33.0  31.2  30.2  28.4  27.8  27.3  26.3 
 24.5  24.2  24.1  24.1  24.0  23.9  23.9  24.0  23.9  23.9  24.1  24.1  23.9  24.0  23.8  24.2  24.0  24.0  24.1  24.1  24.1  24.5  36.8  50.0  63.4  58.5  38.1  33.6  29.0  28.8  27.2  27.1 
 24.5  24.1  24.2  24.1  24.1  23.8  24.1  23.9  24.0  23.8  24.0  23.9  23.9  23.7  24.0  24.0  24.0  24.0  24.1  24.2  24.4  24.8  51.6  68.9  83.2  73.7  42.4  35.1  29.3  28.4  27.9  27.1 
 24.4  24.4  24.2  24.2  23.8  24.0  23.9  24.1  24.0  23.9  23.8  23.9  23.9  23.9  23.9  24.1  24.0  23.8  24.0  24.2  24.7  26.8  63.6  73.9  76.6  71.9  44.8  36.7  29.9  28.8  27.4  27.6 
 24.1  24.1  24.3  24.0  24.1  24.0  24.1  23.9  23.8  23.9  24.0  23.9  23.9  23.7  23.8  24.0  24.0  23.9  24.1  24.1  24.6  26.0  60.2 nan  66.5  59.5  41.2  35.9  30.0  28.7  27.7  27.2 
 24.1  24.3  24.0  24.4  23.9  24.0  24.1  24.2  23.9  23.9  23.8  24.0  23.8  23.8  23.8  24.1  23.8  23.9  24.0  24.0  24.1  24.3  33.9  43.1  47.3  43.5  33.3  31.8  29.1  28.6  27.3  27.4 
 24.4  24.1  24.4  23.9  24.0  23.8  24.0  23.9  24.0  23.8  23.8  23.9  24.0  23.7  24.1  23.8  23.9  23.6  24.1  24.2  24.1  24.1  27.3  31.0  36.4  34.8  30.4  29.8  28.6  27.8  27.1  26.9 
 23.8  24.1  24.1  24.5  24.1  24.0  24.0  24.1  23.9  23.9  23.9  24.2  23.8  23.8  23.9  24.2  23.9  23.8  24.0  24.1  23.8  24.0  24.3  24.5  26.1  26.8  27.3  27.3  26.7  26.6  26.1  26.5 
 24.5  24.0  24.2  24.1  23.9  23.7  24.2  24.1  24.1  23.8  24.1  24.0  23.9  23.7  23.9  24.0  23.9  23.8  24.1  23.9  24.0  24.0  24.2  24.3  25.1  25.0  26.3  26.3  26.2  25.9  26.1  26.0 
 24.1  24.3  23.8  24.3  24.0  24.0  23.9  24.0  23.9  23.8  23.9  24.0  23.9  23.6  23.7  24.0  24.0  24.0  23.9  24.2  24.0  24.0  23.9  24.5  24.4  24.6  25.2  25.4  25.3  25.1  25.5  25.8 
 24.6  24.1  24.2  24.0  24.1  23.8  24.1  23.9  24.0  23.7  23.8  23.7  23.9  23.8  23.9  23.9  24.1  23.9  24.1  24.2  24.0  24.0  24.1  24.1  24.6  24.3  24.9  24.9  25.2  24.8  25.4  25.4 
 24.4  24.4  24.4  24.3  24.2  23.8  23.9  24.1  23.8  23.7  23.8  24.0  23.8  23.9  23.8  24.2  24.0  24.0  23.8  24.5  23.9  24.0  24.0  24.5  24.3  24.5  24.4  24.8  24.8  25.2  25.0  25.5 
 24.4  24.7  24.5  24.2  24.1  23.7  24.2  24.0  24.0  23.8  24.1  23.8  24.0  23.8  24.0  23.6  24.2  24.0  24.3  24.0  24.1  23.9  24.3  24.2  24.4  24.4  24.7  24.6  24.6  24.8  25.4  25.7 
 24.7  24.3  24.2  24.5  23.9  24.2  24.0  24.1  24.1  23.9  24.0  24.1  24.2  23.8  24.0  24.2  23.8  24.1  23.9  24.2  24.3  24.0  24.4  24.4  24.4  24.5  24.4  24.9  24.5  24.6  25.2  25.9 
 24.7  24.4  24.5  24.1  24.2  24.0  24.4  23.9  24.2  24.0  24.1  23.9  24.0  24.0  24.1  24.2  24.3  24.1  24.5  24.1  24.2  24.2  24.3  24.1  24.6  24.1  24.8  24.7  24.8  24.7  26.2  26.7 
 25.3  25.6  24.4  24.9  24.3  24.1  24.2  24.3  24.2  24.1  24.0  24.3  24.2  24.2  24.1  24.3  24.2  24.2  24.2  24.3  24.5  24.3  24.2  24.7  24.4  24.4  25.0  25.3  25.3  25.0  26.7  28.4 
 26.1  25.1  25.0  24.8  24.3  24.2  24.6  24.3  24.0  24.1  24.4  24.2  24.3  23.8  24.2  24.2  24.2  24.0  24.5  24.1  24.3  24.4  24.7  24.5  24.5  24.4  25.3  25.3  25.7  25.4  27.9  27.5 
