 23.4  22.7  23.1  23.0  22.5  22.5  22.4  22.9  22.6  22.4  22.5  22.5  22.3  22.0  22.1  22.5  22.2  22.2  22.4  22.7  22.2  22.3  22.5  22.8  22.6  22.4  23.1  23.6  23.5  23.1  24.1  25.3 
 23.4  22.9  23.3  22.9  23.1  22.5  23.0  22.6  22.5  22.3  22.5  22.5  22.4  22.2  22.4  22.3  22.2  22.0  22.5  22.3  22.3  22.2  22.7  22.6  22.7  22.7  23.2  24.1  23.6  23.2  24.5  24.2 
 23.2  22.6  23.2  22.9  22.6  22.5  22.6  22.6  22.5  22.4  22.4  22.5  22.3  22.3  22.2  22.6  22.3  22.1  22.2  22.3  22.3  22.4  22.3  22.7  22.6  22.8  22.9  23.1  23.1  23.0  23.2  23.5 
 22.9  22.8  23.2  23.0  22.6  22.6  22.9  22.7  22.6  22.4  22.6  22.4  22.0  21.9  22.2  22.2  22.2  21.9  22.4  22.2  22.2  22.2  22.5  22.4  22.5  22.3  23.0  22.7  22.8  22.6  23.4  23.5 
 23.2  22.6  22.9  23.0  22.8  22.5  22.7  22.9  23.1  22.9  22.8  22.8  22.2  22.1  22.2  22.6  22.3  22.1  22.2  22.5  22.3  22.2  22.4  22.4  22.4  22.4  22.9  22.9  22.7  22.8  22.9  23.0 
 22.8  22.8  23.1  22.6  22.6  22.3  22.8  23.0  23.5  23.7  23.0  22.6  22.3  22.2  22.4  22.1  22.1  22.0  22.4  22.2  22.2  22.1  22.6  22.5  22.4  22.2  22.8  22.7  22.7  22.6  22.9  23.1 
 23.0  22.8  22.6  22.9  22.7  22.5  22.9  23.3  25.0  26.2  23.8  23.1  22.3  22.3  22.3  22.4  22.2  22.3  22.2  22.4  22.2  22.2  22.2  22.5  22.5  22.3  22.8  22.8  22.8  22.4  23.0  23.3 
 23.0  22.7  22.9  22.9  22.5  22.5  23.0  23.0  25.5  26.9  24.4  22.9  22.2  22.2  22.5  22.3  22.4  22.1  22.3  22.2  22.2  22.2  22.7  22.6  22.4  22.4  22.8  22.5  22.5  22.8  23.2  21.8 
 23.4  23.0  23.1  23.2  22.8  22.5  22.8  22.9  23.0  23.1  22.8  22.7  22.4  22.4  22.3  22.4  22.2  22.1  22.3  22.3  22.4  22.4  22.4  22.6  22.4  22.3  22.6  22.8  22.7  22.6  23.0  23.3 
 23.5  23.1  23.3  23.2  22.8  22.8  23.0  22.6  22.6  22.7  22.7  22.6  22.4  22.1  22.4  22.3  22.3  22.0  22.4  22.3  22.4  22.1  22.6  22.5  22.7  22.3  23.0  22.5  22.7  23.0  23.3  23.0 
 23.6  23.6  23.9  23.8  23.6  23.4  22.9  22.8  22.6  22.7  22.5  22.6  22.4  22.4  22.3  22.6  22.3  22.1  22.4  22.4  22.2  22.3  22.5  22.5  22.4  22.4  22.9  23.6  23.6  22.9  23.3  23.4 
 23.7  23.5  24.1  24.0  24.5  24.4  23.8  23.5  22.9  22.6  22.7  22.6  22.2  22.2  22.5  22.3  22.3  22.1  22.4  22.3  22.3  22.3  22.6 nan  22.4  22.3  24.1  24.7  23.5  22.5  23.1  23.2 
 24.4  24.2  25.2  25.7  26.8  27.5  32.6  35.0  33.1  29.2  23.0  22.7  22.4  22.4  22.5  22.5  22.3  22.3  22.4  22.2  22.1  22.1  22.4  22.6  22.3  22.5  23.6  24.5  23.3  22.8  23.2  23.4 
 24.4  24.6  25.8  26.1  28.3  30.0  41.7  48.8  53.7  47.3  24.5  22.9  22.4  22.3  22.4  22.4  22.3  22.2  22.3  22.3  22.3  22.1  22.4  22.4  22.7  22.3  23.2  23.3  22.9  22.9  23.2  22.9 
 24.8  25.3  26.4  27.3  30.6  33.7  54.7  63.0  74.4  71.2  34.4  25.4  22.7  22.4  22.4  22.5  22.3  22.2  22.5  22.5  22.2  22.2  22.2  22.6  22.4  22.4  22.4  22.8  22.9  22.9  22.9  23.2 
 25.0  25.2  26.7  27.4  30.5  34.1  53.3  62.4  78.2  79.2  36.9  25.7  22.5  22.5  22.6  22.3  22.3  22.3  22.5  22.4  22.3  22.3  22.8  22.5  22.4  22.4  22.8  23.0  23.0  22.9  23.4  23.1 
 25.1  25.3  26.4  26.8  29.3  31.5  43.9  53.2  72.8  69.7  29.5  24.3  22.6  22.3  22.4  22.4  22.4  22.3  22.5  22.6  22.2  22.3  22.3  22.7  22.6  22.5  22.7  23.0  22.8  22.9  23.2  23.4 
 25.2  25.0  26.2  26.5  28.3  29.4  36.7  41.6  53.7  49.2  25.6  23.4  22.6  22.3  22.5  22.4  22.5  22.3  22.5  22.3  22.4  22.2  22.5  22.7  22.6  22.4  22.9  22.7  23.1  22.8  23.2  23.3 
 25.4  25.2  26.0  26.5  26.6  26.7  28.3  29.3  29.4  27.8  23.8  23.0  22.6  22.6  22.6  22.7  22.4  22.5  22.5  22.8  22.5  22.2  22.6  22.9  22.6  22.7  22.8  23.2  23.2  22.8  23.2  23.7 
 25.1  25.3  26.0  25.9  26.1  26.1  27.4  27.2  26.7  25.9  23.4  22.9  22.8  22.6  22.8  22.6  22.3  22.2  22.6  22.2  22.5  22.3  22.8  22.6  22.7  22.5  23.2  23.1  23.0  23.0  23.5  23.8 
 25.3  25.1  25.3  25.8  25.4  25.4  25.4  25.6  24.9  24.5  23.2  23.3  22.7  22.6  22.7  22.7  22.4  22.2  22.6  22.6  22.5  22.5  22.7  22.9  22.7  22.8  23.0  23.2  23.0  23.0  23.8  24.1 
 25.2  25.0  25.6  25.2  25.2  25.1  25.4  25.0  24.4  23.9  23.6  23.2  22.9  22.5  22.6  22.7  22.5  22.3  22.8  22.7  22.7  22.5  22.8  22.6  22.7  22.5  23.0  23.2  23.3  22.9  24.3  24.7 
 26.1  25.3  24.9  25.1  24.4  24.6  24.6  24.6  24.2  23.6  23.4  23.5  22.9  22.8  22.6  22.8  22.5  22.4  22.7  22.9  22.7  22.6  22.7  23.2  22.7  22.9  23.3  23.8  23.5  23.5  24.9  26.4 
 26.8  25.2  25.0  25.1  24.4  24.3  24.5  24.2  23.9  23.7  23.4  23.3  22.9  22.7  23.0  22.8  22.6  22.4  22.8  22.8  22.6  22.8  22.9  23.0  22.8  22.9  23.4  23.8  23.7  23.4  26.3  26.2 
