 29.7  29.4  29.6  29.6  28.8  28.8  28.4  29.5  30.1  29.9  30.1  29.4  26.9  25.8  24.2  24.2  23.9  23.9  24.1  24.2  23.9  24.1  24.3  24.4  24.1  24.3  24.7  25.4  25.4  25.1  26.3  27.5 
 29.8  29.1  29.6  29.4  28.7  28.3  26.9  27.5  28.9  28.7  28.5  27.9  25.7  24.8  24.2  24.1  24.0  23.9  24.3  24.0  24.0  23.8  24.5  24.1  24.3  24.5  25.1  25.1  25.1  25.5  26.3  27.0 
 29.5  29.8  29.9  29.9  28.3  27.4  24.9  24.7  25.4  25.6  25.4  25.3  24.0  24.1  24.2  24.3  23.9  24.0  24.0  24.2  24.0  23.8  24.1  24.2  24.5  24.3  25.4  25.4  25.8  25.5  26.5  26.9 
 28.9  28.7  29.0  28.9  27.8  26.6  24.6  24.3  24.4  24.1  24.6  24.4  23.9  23.8  24.0  24.2  24.1  23.7  24.1  24.2  23.9  23.9  24.1  24.4  24.4  24.5  25.5  25.8  26.0  25.9  26.9  26.7 
 28.7  29.4  29.0  28.7  26.6  25.5  24.2  24.4  23.8  24.0  24.1  24.0  23.9  23.9  24.3  24.2  23.8  23.9  24.2  24.2  24.2  23.8  24.2  24.4  25.0  25.2  26.5  26.7  26.3  26.4  26.8  26.7 
 27.8  27.9  28.6  27.7  25.8  24.8  24.3  24.3  23.8  23.9  24.2  24.1  23.8  24.0  24.1  24.2  24.1  24.0  24.1  24.1  24.0  23.9  24.6  24.5  25.5  26.0  27.2  27.3  26.8  26.9  26.9  27.0 
 26.5  26.6  25.9  25.9  24.1  24.1  24.0  24.2  24.0  23.8  23.9  24.2  23.8  23.9  24.0  24.3  23.9  24.2  24.0  24.1  24.0  23.9  24.5  25.1  28.1  29.0  29.6  29.5  27.8  27.3  27.2  27.3 
 26.0  25.4  25.1  24.7  24.1  23.8  24.1  24.0  23.8  23.9  24.3  24.0  24.0  23.9  24.1  24.2  24.1  24.0  24.2  24.2  24.0  24.0  25.0  26.3  32.6  33.0  31.3  30.3  28.1  27.8  27.4  26.5 
 24.2  24.2  24.2  24.6  23.8  23.8  24.2  24.2  23.8  23.6  23.9  24.1  23.9  23.9  24.2  24.4  23.9  24.0  24.1  24.2  24.1  24.3  36.7  50.1  63.2  58.3  38.0  33.6  28.8  28.4  27.3  27.3 
 24.2  23.8  24.4  24.3  23.9  23.9  24.0  24.1  23.8  23.9  24.0  24.1  23.8  23.7  24.0  24.1  24.0  24.0  24.1  24.2  24.2  24.8  51.4  68.9  83.0  73.6  42.5  35.2  29.1  28.4  27.7  27.5 
 24.1  24.2  24.1  24.4  23.8  23.8  24.0  24.2  23.9  24.0  24.0  24.1  23.8  23.7  24.0  24.1  23.7  24.0  24.1  24.2  24.7  26.8  63.6  74.0  76.4  71.9  44.7  36.7  29.6  28.9  27.6  27.1 
 24.0  23.9  24.2  24.4  23.8  23.8  24.2  24.1  23.9  23.8  24.0  24.1  23.8  23.6  24.0  24.0  24.0  23.8  24.1  24.2  24.5  26.1  60.2 nan  66.5  59.4  40.9  36.0  30.0  28.7  27.6  27.5 
 24.2  24.0  24.2  24.3  24.0  23.8  24.1  24.3  23.6  23.7  24.1  24.2  23.8  23.8  24.1  24.1  23.9  23.8  24.1  24.1  24.1  24.2  34.1  43.0  47.1  43.3  33.3  31.8  29.2  28.4  27.5  27.2 
 24.2  24.1  24.5  24.2  24.1  24.0  24.3  24.2  24.0  23.7  24.0  24.0  23.8  23.8  24.0  24.0  23.8  23.8  23.9  24.2  24.1  24.0  27.3  31.2  36.4  34.8  30.4  29.7  28.5  27.8  27.3  27.2 
 24.1  24.0  24.2  24.4  23.7  23.9  24.2  24.0  24.0  23.9  24.0  24.1  23.7  23.7  23.9  24.0  23.8  23.8  24.1  24.3  23.9  24.0  24.4  24.5  26.1  26.6  27.4  27.2  26.4  26.4  26.3  26.7 
 24.3  23.7  24.4  24.4  24.1  23.8  24.2  24.0  23.7  23.7  24.1  24.0  24.0  23.8  24.1  24.0  23.7  23.8  24.1  24.1  24.0  23.9  24.3  24.4  25.0  25.1  26.3  26.4  26.0  25.6  26.0  26.0 
 24.3  24.1  24.2  24.3  23.7  23.9  24.0  24.2  23.7  23.7  23.9  23.9  23.8  23.7  24.0  23.9  23.8  23.9  24.1  24.2  24.1  24.0  24.1  24.2  24.3  24.4  25.2  25.4  25.2  25.1  25.5  25.9 
 24.4  23.9  24.5  24.3  23.9  23.7  24.0  23.9  23.8  23.6  24.1  24.0  23.9  23.7  24.1  24.1  23.9  23.8  24.2  24.3  24.1  24.0  24.2  24.3  24.3  24.3  25.2  25.2  24.9  24.9  25.4  25.7 
 24.4  24.4  24.7  24.6  23.9  24.1  24.1  24.3  23.8  23.8  23.9  24.0  23.9  23.8  23.9  24.2  23.9  23.9  24.1  24.3  24.1  23.9  24.2  24.6  24.1  24.2  24.7  24.9  24.8  24.6  25.5  25.7 
 24.2  24.0  24.4  24.4  23.9  23.7  24.4  24.0  23.9  23.6  23.9  24.1  23.8  23.8  24.1  24.0  23.8  24.0  24.2  24.0  24.0  23.9  24.5  24.4  24.3  24.4  24.7  24.8  24.3  24.8  25.6  25.7 
 24.1  24.3  24.4  24.8  24.1  24.0  24.1  24.1  23.8  23.6  24.2  24.0  23.8  24.0  24.0  24.1  23.9  23.9  24.1  24.4  23.9  24.0  24.6  24.5  24.3  24.4  24.8  24.8  24.3  24.4  25.4  26.1 
 24.7  24.2  24.6  24.4  24.2  23.9  24.2  24.3  23.7  23.9  24.1  23.9  24.0  23.9  24.1  24.3  23.9  24.0  24.3  24.3  24.0  24.2  24.5  24.6  24.3  24.2  24.7  24.8  24.8  24.5  26.2  27.0 
 25.0  25.1  24.7  25.2  24.3  24.2  24.6  24.4  24.2  24.0  24.2  24.3  24.1  24.0  24.3  24.5  24.3  24.1  24.5  24.6  24.2  24.1  24.6  24.7  24.4  24.4  25.0  25.4  24.8  25.2  27.0  28.0 
 25.7  25.1  25.0  24.9  24.6  24.4  24.8  24.7  24.0  24.0  24.2  24.5  24.3  24.1  24.3  24.5  24.3  24.1  24.5  24.2  24.2  24.0  24.6  24.8  24.3  24.2  25.1  25.4  24.8  25.1  28.7  27.5 
