 23.2  22.5  22.9  23.2  22.7  22.6  22.3  22.5  22.4  22.2  22.4  22.6  22.1  21.8  22.0  22.4  22.2  22.2  22.5  22.6  22.3  22.1  22.2  22.8  22.6  22.1  23.2  23.8  23.2  22.6  23.8  25.3 
 23.4  22.7  23.1  23.1  22.6  22.3  22.6  22.8  22.1  22.3  22.4  22.4  22.0  22.3  22.5  22.3  21.8  22.0  22.6  22.3  22.5  22.2  22.5  22.4  22.3  22.6  23.4  23.8  23.4  23.2  23.8  23.9 
 23.0  22.6  22.9  22.8  22.6  22.2  22.5  22.5  22.3  22.3  22.6  22.7  22.2  22.1  22.3  22.5  22.2  21.9  22.1  22.4  22.2  22.0  22.5  22.7  22.4  22.5  22.8  23.3  23.0  22.6  22.8  23.3 
 22.7  22.8  23.1  23.0  22.2  22.4  22.8  22.6  22.3  22.4  22.9  22.6  22.0  22.0  22.3  22.2  22.2  22.1  22.5  22.0  22.1  22.2  22.4  22.5  22.3  22.3  22.9  22.7  22.7  22.8  23.1  23.4 
 22.7  22.7  22.9  23.0  22.6  22.1  22.5  22.7  23.1  23.0  22.7  22.6  22.1  22.1  22.2  22.3  22.1  22.0  22.2  22.4  22.1  22.0  22.2  22.5  22.4  22.1  22.5  22.9  22.4  22.6  23.1  23.4 
 22.7  22.6  23.0  22.6  22.4  22.5  22.9  22.6  23.3  23.8  23.1  22.6  22.0  22.1  22.3  22.4  22.1  22.2  22.5  22.2  22.1  22.1  22.8  22.4  22.5  22.3  22.8  22.7  22.5  22.7  23.1  23.0 
 22.8  22.5  22.8  22.8  22.6  22.4  22.8  23.3  25.0  26.2  23.9  22.9  22.2  22.2  22.1  22.4  22.0  22.0  22.1  22.2  22.2  22.0  22.3  22.6  22.3  22.2  22.6  22.9  22.5  22.1  22.8  23.0 
 22.7  22.7  22.8  22.8  22.4  22.5  22.9  23.2  25.3  26.9  24.3  22.8  22.1  22.5  22.3  22.4  22.3  22.0  22.3  22.3  22.1  22.2  22.5  22.2  22.3  22.3  22.6  22.6  22.5  22.6  22.9  22.0 
 23.2  22.5  22.9  23.1  22.6  22.4  22.7  22.9  23.0  22.9  22.9  22.6  22.2  22.1  22.4  22.4  22.2  22.0  22.3  22.3  22.2  22.2  22.4  22.5  22.4  22.2  22.6  22.7  22.7  22.5  22.7  23.1 
 22.9  23.0  23.2  22.9  22.7  22.5  22.8  22.4  22.6  22.7  22.7  22.5  22.2  22.1  22.4  22.3  22.2  22.1  22.3  22.2  22.2  22.1  22.4  22.4  22.3  22.2  23.0  22.6  22.7  22.7  23.0  23.4 
 23.6  23.2  23.6  23.8  23.7  23.3  23.0  22.9  22.8  22.4  22.5  22.5  22.2  22.2  22.3  22.4  22.3  22.1  22.3  22.5  22.0  22.0  22.3  22.5  22.2  22.3  23.2  23.4  23.2  22.9  23.0  23.1 
 23.4  23.7  24.1  24.1  24.2  24.4  23.7  23.3  22.6  22.7  22.4  22.4  22.3  22.2  22.4  22.4  22.2  22.2  22.4  22.3  22.0  22.2  22.5 nan  22.1  22.5  24.0  24.6  23.4  23.0  23.1  22.9 
 24.3  24.1  25.2  25.6  26.8  27.3  32.5  35.0  32.9  29.1  23.1  22.8  22.3  22.2  22.3  22.3  22.3  22.1  22.4  22.3  22.1  22.0  22.3  22.5  22.4  22.3  23.6  24.4  23.1  22.9  23.3  23.1 
 24.3  24.6  25.7  26.0  28.3  29.9  41.6  48.9  53.3  47.4  24.4  23.0  22.3  22.4  22.5  22.2  22.0  22.1  22.3  22.2  22.1  22.2  22.3  22.4  22.4  22.5  23.1  23.0  22.9  22.6  23.1  22.9 
 24.6  25.0  26.5  27.2  30.5  33.5  54.6  63.1  74.6  71.1  34.3  25.2  22.5  22.3  22.4  22.2  22.3  22.1  22.2  22.5  22.2  22.0  22.3  22.5  22.6  22.1  22.5  22.7  22.7  22.6  23.1  23.3 
 24.7  25.4  26.7  27.2  30.5  34.0  53.3  62.6  78.6  79.2  36.9  25.8  22.4  22.3  22.4  22.5  22.2  22.2  22.3  22.4  22.2  22.3  22.4  22.6  22.2  22.3  22.8  22.8  22.5  22.6  23.3  23.2 
 25.1  25.0  26.5  26.5  29.2  31.3  44.0  53.2  72.8  69.7  29.7  24.2  22.6  22.2  22.4  22.5  22.3  22.3  22.4  22.5  22.4  22.2  22.5  22.6  22.5  22.3  22.6  22.7  22.7  22.7  23.2  23.4 
 25.1  24.8  26.2  26.4  28.2  29.4  36.8  41.8  53.6  49.3  25.5  23.4  22.3  22.4  22.6  22.4  22.2  22.2  22.5  22.2  22.3  22.3  22.4  22.6  22.2  22.3  23.0  23.0  22.7  22.8  23.1  23.3 
 25.2  24.8  25.8  26.4  26.6  26.6  28.3  29.4  29.5  27.7  23.5  23.1  22.5  22.5  22.5  22.7  22.3  22.3  22.5  22.7  22.4  22.1  22.5  22.7  22.5  22.4  22.6  23.0  22.8  22.7  23.2  23.4 
 25.1  25.2  25.6  26.1  25.9  26.0  27.1  27.1  26.7  25.9  23.6  22.8  22.5  22.6  22.6  22.5  22.1  22.4  22.5  22.6  22.3  22.3  22.6  22.7  22.5  22.5  22.8  23.0  22.7  22.7  23.5  23.2 
 25.1  24.9  25.3  25.7  25.2  25.2  25.5  25.7  24.8  24.1  23.2  23.1  22.6  22.3  22.5  22.6  22.4  22.4  22.5  22.8  22.3  22.2  22.8  22.8  22.8  22.5  22.8  23.2  22.9  22.9  23.2  24.7 
 24.8  25.0  25.1  25.1  24.8  24.9  25.3  25.0  24.3  24.0  23.3  22.9  22.5  22.5  22.8  22.8  22.3  22.2  22.5  22.7  22.4  22.5  22.9  22.7  22.6  22.5  23.0  23.1  22.8  23.0  24.6  24.7 
 25.9  25.1  25.1  25.1  24.7  24.5  24.6  24.5  24.1  23.4  23.1  23.7  23.0  22.5  22.6  23.0  22.6  22.4  22.7  22.5  22.7  22.4  22.6  23.1  22.9  22.4  23.0  23.1  23.4  23.3  25.3  26.4 
 26.0  25.5  25.0  25.0  24.5  24.5  24.6  24.0  23.6  23.6  23.3  23.2  22.7  22.8  22.9  22.7  22.6  22.4  22.7  22.6  22.4  22.6  23.0  22.6  22.6  22.8  23.3  23.4  23.1  24.0  25.4  25.8 
