 23.9  22.7  22.9  23.2  22.7  22.3  22.7  22.6  22.3  22.0  22.7  22.6  22.4  22.2  22.4  22.5  22.3  21.9  22.5  22.5  22.5  22.2  22.5  22.6  22.6  22.1  23.4  23.6  23.7  23.0  23.8  25.3 
 23.0  23.1  23.3  23.3  22.8  22.9  22.9  22.8  22.3  22.3  22.7  22.5  22.0  22.1  22.5  22.4  22.1  22.3  22.6  22.4  22.1  22.3  22.7  22.8  22.4  22.6  23.2  24.2  23.4  23.4  24.5  24.7 
 23.0  22.6  23.0  22.9  23.0  22.1  22.7  22.8  22.6  22.2  22.4  22.7  22.2  22.1  22.4  22.4  22.3  22.1  22.3  22.6  22.1  22.2  22.5  22.6  22.7  22.5  23.1  23.3  23.0  22.7  23.2  23.8 
 22.9  23.2  22.9  22.9  22.3  22.4  22.8  22.8  22.2  22.6  22.8  22.6  22.1  22.3  22.4  22.4  22.0  22.1  22.4  22.3  22.2  22.3  22.6  22.8  22.4  22.4  23.2  22.9  22.5  22.8  23.5  23.8 
 23.2  22.7  23.1  22.9  22.7  22.3  22.7  22.9  23.1  23.0  22.7  22.7  22.2  22.1  22.4  22.3  22.2  22.1  22.3  22.4  22.3  22.0  22.5  22.6  22.6  22.2  22.9  22.8  22.7  22.5  23.2  23.0 
 22.5  22.8  23.0  23.0  22.4  22.6  23.0  23.0  23.3  23.8  23.1  22.8  22.2  22.3  22.3  22.4  22.2  22.2  22.4  22.5  22.3  22.3  22.7  22.6  22.6  22.1  22.7  23.0  22.5  22.7  23.5  23.2 
 23.2  22.5  23.0  23.1  22.7  22.4  22.9  23.2  25.1  26.3  23.9  23.1  22.4  22.1  22.4  22.2  22.4  22.0  22.2  22.3  22.2  22.0  22.5  22.7  22.6  22.2  22.7  22.9  22.7  22.1  23.0  23.3 
 22.9  22.7  22.7  22.8  22.5  22.7  23.1  23.3  25.4  26.9  24.3  22.9  22.1  22.3  22.5  22.4  22.1  22.1  22.3  22.4  22.1  22.3  22.6  22.5  22.3  22.3  22.7  22.9  22.5  22.7  23.0  22.1 
 23.5  22.5  23.3  23.1  22.7  22.3  23.1  23.0  23.2  22.9  22.8  22.5  22.4  22.3  22.4  22.4  22.3  22.0  22.3  22.3  22.3  22.2  22.5  22.6  22.5  22.1  22.8  22.9  22.9  22.5  23.2  23.1 
 23.1  23.3  23.4  23.0  22.6  22.6  22.9  22.9  22.6  22.8  22.8  22.6  22.2  22.3  22.4  22.3  22.0  22.2  22.4  22.4  22.2  22.3  22.7  22.5  22.4  22.5  22.7  22.8  22.5  22.6  23.5  23.2 
 23.9  23.5  23.9  23.9  23.8  23.2  23.2  23.0  22.8  22.6  22.7  22.6  22.5  22.2  22.4  22.3  22.3  22.2  22.4  22.4  22.3  22.1  22.6  22.7  22.4  22.3  23.1  23.6  23.3  22.9  23.0  23.3 
 23.3  23.5  24.1  24.3  24.3  24.6  23.8  23.4  22.9  22.8  22.7  22.5  22.3  22.3  22.5  22.4  22.2  22.1  22.4  22.4  22.1  22.4  22.6 nan  22.2  22.5  24.0  24.8  23.5  23.0  23.3  23.1 
 24.4  24.2  25.1  25.6  27.1  27.4  32.7  35.1  33.1  29.2  23.0  22.9  22.6  22.2  22.3  22.4  22.3  22.0  22.4  22.4  22.4  22.0  22.4  22.6  22.6  22.5  23.9  24.3  23.4  22.9  23.5  23.2 
 24.3  24.6  25.8  26.4  28.3  30.0  41.5  48.9  53.3  47.4  24.5  23.1  22.3  22.4  22.5  22.5  22.0  22.2  22.4  22.3  22.1  22.2  22.7  22.6  22.4  22.4  23.0  23.2  22.8  22.9  23.5  23.1 
 25.1  24.7  26.4  27.2  30.7  33.6  54.8  63.1  74.6  71.0  34.4  25.3  22.5  22.3  22.5  22.4  22.4  22.2  22.4  22.5  22.3  22.0  22.5  22.6  22.5  22.2  22.7  22.8  22.8  22.8  23.4  23.3 
 25.0  25.1  27.0  27.6  30.3  33.9  53.4  62.6  78.4  79.3  37.0  25.8  22.5  22.6  22.5  22.4  22.1  22.3  22.6  22.5  22.3  22.3  22.6  22.6  22.5  22.6  22.8  22.8  22.9  22.8  23.4  23.5 
 25.4  25.3  26.6  26.9  29.5  31.5  44.1  53.2  72.8  69.6  29.7  24.2  22.7  22.3  22.5  22.5  22.4  22.2  22.3  22.6  22.5  22.1  22.6  22.6  22.8  22.2  23.1  23.0  23.0  22.6  23.4  23.4 
 25.1  25.1  26.2  26.7  28.2  29.5  36.7  41.9  53.7  49.3  25.6  23.7  22.6  22.5  22.5  22.4  22.3  22.4  22.7  22.6  22.2  22.4  22.6  22.6  22.4  22.3  23.0  22.9  22.8  22.8  23.6  23.7 
 25.6  24.9  26.0  26.5  26.8  26.9  28.4  29.4  29.4  27.7  23.7  23.2  22.7  22.2  22.7  22.6  22.5  22.2  22.5  22.6  22.6  22.1  22.6  22.8  22.7  22.6  22.9  22.8  23.1  22.7  23.4  23.7 
 24.9  25.5  25.9  26.0  25.9  26.0  27.3  27.2  26.7  26.0  23.4  23.3  22.7  22.6  22.8  22.7  22.2  22.4  22.7  22.7  22.2  22.4  22.7  22.8  22.3  22.4  23.1  23.1  22.9  23.0  23.9  23.7 
 25.1  24.7  25.6  25.8  25.7  25.3  25.5  25.6  25.1  24.2  23.6  23.3  23.0  22.4  22.5  22.8  22.6  22.3  22.8  22.7  22.4  22.3  22.7  22.9  22.9  22.3  23.0  23.4  23.0  22.9  23.9  24.2 
 24.8  25.4  25.3  25.1  24.9  25.1  25.1  25.3  24.3  24.0  23.4  23.4  22.4  22.7  22.8  22.8  22.4  22.4  22.7  22.8  22.4  22.5  22.7  22.8  22.6  22.7  23.2  23.2  23.1  23.0  24.6  24.7 
 26.4  24.9  25.1  25.5  25.2  24.4  24.5  24.6  24.2  23.4  23.5  23.3  23.1  22.5  22.8  23.0  23.0  22.4  22.7  22.7  22.8  22.2  23.0  23.1  22.9  22.7  23.4  23.5  23.6  23.0  25.3  26.8 
 26.3  25.2  25.0  25.5  24.5  24.5  24.3  24.5  23.7  23.5  23.5  23.6  22.7  22.8  22.9  23.0  22.6  22.7  23.1  22.7  22.5  22.8  23.0  23.0  22.8  22.8  23.5  23.6  23.1  24.0  26.3  27.7 
