 23.8  23.4  23.7  23.9  22.9  22.9  22.8  23.0  22.7  22.6  22.9  22.9  22.8  22.5  22.7  22.9  22.5  22.7  23.0  23.2  22.9  22.7  23.0  23.4  25.2  26.4  28.8  28.6  28.8  29.0  28.8  29.5 
 24.0  23.0  23.7  23.4  23.5  22.7  23.1  23.1  22.9  22.4  23.1  22.8  22.7  22.4  22.9  22.8  22.7  22.3  23.0  23.0  23.0  22.5  23.0  23.3  24.7  26.4  28.2  28.3  28.5  28.2  29.3  29.4 
 23.6  23.2  23.7  23.3  22.8  22.7  23.2  23.1  22.9  22.8  22.9  23.2  22.5  22.9  22.7  23.0  22.5  22.8  23.0  23.0  22.8  22.7  22.9  23.1  24.4  25.3  27.8  28.1  27.9  28.5  29.5  29.4 
 23.3  22.9  23.6  23.3  23.0  22.5  23.0  23.0  22.9  22.7  23.1  22.9  22.7  22.6  23.0  22.9  22.8  22.6  23.1  22.9  22.9  22.5  23.1  23.1  23.7  24.6  27.1  27.5  28.2  28.1  28.9  29.2 
 23.5  23.1  23.4  23.5  22.6  22.9  23.0  23.2  23.2  23.3  23.1  23.1  22.6  22.7  22.9  22.7  22.6  22.5  22.7  22.8  22.7  22.8  22.9  23.1  23.0  23.1  24.8  25.5  27.4  27.7  29.3  29.6 
 23.3  23.1  23.3  23.3  22.9  22.7  23.3  23.3  23.6  23.8  23.4  23.1  22.5  22.6  22.8  22.9  22.8  22.6  22.9  22.9  22.9  22.6  23.0  23.1  23.2  22.7  23.7  24.3  26.5  27.7  29.9  29.5 
 23.2  23.3  23.3  23.5  22.7  23.0  23.1  23.6  25.5  26.5  24.1  23.3  22.6  22.5  22.7  23.0  22.6  22.8  22.9  22.9  22.7  22.9  23.0  23.1  22.9  22.9  23.3  23.6  26.5  29.1  29.7  30.2 
 23.5  22.9  23.2  23.4  23.2  22.9  23.5  23.5  26.2  27.4  24.6  23.3  22.9  22.6  22.9  22.9  22.8  22.6  22.9  23.0  22.8  23.0  23.1  23.2  23.0  22.9  23.6  23.6  28.8  29.4  31.2  30.2 
 23.5  23.6  23.6  23.4  22.8  23.0  23.1  23.4  23.4  23.7  23.3  23.0  22.7  22.7  22.8  23.0  22.9  22.8  23.2  23.1  22.8  22.9  23.2  23.1  23.1  23.1  24.8  27.8  29.9  30.9  31.9  32.3 
 23.8  23.3  23.6  23.5  23.2  23.0  23.1  22.9  23.1  23.2  23.0  23.1  22.8  22.6  22.9  22.8  23.0  22.8  23.0  23.1  23.0  22.7  23.0  23.1  23.0  22.9  27.0  27.9  30.6  30.4  32.4  32.5 
 23.9  24.1  24.1  24.4  23.8  23.7  23.3  23.2  22.9  23.0  23.1  23.1  22.8  22.7  22.8  23.2  22.9  22.9  22.9  23.1  22.8  22.9  23.0  23.1  23.0  23.6  27.0  29.2  30.6  31.1  31.9  32.0 
 24.0  24.0  24.4  24.6  24.7  24.6  24.2  23.7  23.3  23.0  23.1  22.9  22.9  22.6  23.0  23.0  22.7  22.8  23.2  22.9  22.9  22.8  23.0 nan  23.2  23.4  28.1  29.3  31.0  30.6  31.7  31.6 
 24.6  24.4  25.3  25.8  27.1  27.9  32.6  34.7  32.4  28.9  23.3  23.3  22.9  22.9  23.0  23.0  22.8  22.9  23.0  22.9  22.8  22.8  23.0  23.1  23.1  23.7  27.4  29.9  30.9  31.1  32.2  31.7 
 25.1  24.6  26.0  26.8  28.7  29.9  41.5  48.7  52.8  46.5  24.6  23.5  23.0  22.8  23.0  23.0  22.8  22.6  22.9  23.0  22.8  22.6  23.1  22.9  23.1  23.0  27.3  29.1  31.1  31.2  32.1  31.1 
 25.4  25.8  27.0  27.8  30.6  34.0  55.1  63.5  74.5  71.0  34.5  25.7  23.0  22.7  22.9  23.0  22.6  22.7  22.8  23.0  22.8  23.0  23.1  23.0  23.0  22.8  25.3  27.6  30.8  31.2  31.9  31.8 
 25.6  25.4  27.3  27.8  31.0  34.4  53.8  63.1  78.7  78.9  37.0  26.2  23.1  22.9  22.9  22.8  22.9  22.6  23.0  23.1  22.9  22.7  23.2  23.3  23.2  22.9  24.1  25.8  29.1  30.3  31.1  32.2 
 25.6  25.6  26.8  27.2  29.8  32.0  44.9  54.2  73.9  70.8  30.3  24.6  22.9  22.9  22.9  22.9  22.6  22.8  22.8  23.1  22.9  22.8  22.8  23.1  23.0  22.9  23.6  23.7  25.6  27.3  31.0  29.4 
 25.8  25.4  26.5  27.3  29.1  30.0  37.5  42.9  55.0  50.4  26.1  23.8  23.1  22.8  23.0  23.1  22.9  22.7  23.0  23.1  23.0  22.8  23.1  23.4  23.1  22.8  23.4  23.2  24.0  25.2  27.0  27.7 
 25.6  25.8  26.5  27.0  27.0  27.4  28.9  30.0  29.9  28.4  24.1  23.5  22.8  23.0  23.1  23.3  23.0  22.9  23.1  23.1  23.0  22.8  23.3  23.3  22.9  22.9  23.3  23.7  23.6  23.7  25.1  25.4 
 25.7  25.7  26.6  26.7  26.4  26.3  27.8  27.8  27.5  26.2  24.0  23.5  23.1  22.8  23.4  23.1  22.9  22.6  23.1  23.1  23.0  22.9  23.0  23.2  23.0  22.9  23.4  23.4  23.3  23.4  24.8  25.5 
 25.7  25.7  26.2  26.2  25.8  25.8  26.1  26.1  25.5  24.8  23.9  23.8  23.2  23.1  23.2  23.3  22.8  23.0  23.1  23.3  23.0  22.9  23.2  23.3  23.1  23.3  23.6  23.8  24.0  24.4  25.5  26.1 
 25.9  25.2  26.1  25.9  25.9  25.6  25.6  25.6  25.0  24.3  23.7  23.6  23.1  22.8  23.4  23.4  23.1  23.0  23.4  23.4  23.1  23.1  23.3  23.6  23.3  23.1  23.6  24.1  25.0  25.1  26.0  27.1 
 26.5  26.1  25.6  25.9  25.3  25.1  25.1  25.1  24.5  24.1  24.0  24.0  23.3  23.3  23.3  23.6  23.3  23.4  23.5  23.5  23.2  23.4  23.3  23.5  23.5  23.9  25.6  26.3  26.3  26.2  27.0  28.1 
 27.4  25.9  25.8  25.8  25.2  24.9  25.0  25.0  24.2  23.8  24.2  23.9  23.5  23.3  23.3  23.5  23.6  23.1  23.4  23.6  23.7  23.2  23.9  24.3  24.6  24.6  26.7  26.9  26.5  25.9  27.7  28.5 
