 30.1  29.4  29.8  29.8  28.7  28.5  28.4  28.1  27.9  27.5  26.0  25.3  24.1  23.9  24.1  24.2  24.0  23.7  24.2  24.0  23.9  24.0  24.2  24.4  24.4  24.1  24.9  25.3  25.3  25.3  26.8  27.6 
 30.2  29.9  30.2  30.2  28.8  28.4  27.2  26.6  25.7  25.8  24.8  24.6  24.2  23.9  24.3  24.1  24.0  23.9  24.1  24.2  23.8  24.0  24.4  24.5  24.0  24.3  25.1  25.1  25.3  25.7  26.5  27.6 
 29.7  29.1  29.3  29.3  28.4  27.6  25.8  24.5  24.3  23.7  24.1  24.3  23.9  24.0  24.3  24.1  24.0  24.0  23.9  24.1  24.0  23.9  24.1  24.5  24.5  24.2  25.4  25.6  25.9  26.0  26.3  26.9 
 29.1  29.2  29.2  28.9  27.5  26.8  25.2  24.6  24.0  23.9  24.3  24.3  23.8  23.8  23.9  24.3  23.9  23.9  24.2  24.1  24.0  24.0  24.1  24.4  24.5  24.7  25.9  25.7  25.9  25.9  26.5  26.7 
 28.5  28.9  28.8  28.5  26.6  25.4  24.4  24.3  23.7  24.0  24.1  24.2  24.0  23.8  24.1  24.1  23.9  24.0  24.0  24.0  24.0  23.9  24.2  24.4  25.0  25.7  26.6  26.8  26.6  26.6  26.8  27.3 
 27.0  27.4  27.9  27.6  25.4  24.4  24.2  24.1  24.0  23.9  24.2  24.1  23.9  23.8  24.2  24.2  24.0  23.9  24.1  24.2  23.8  23.8  24.4  24.4  25.5  26.0  27.2  27.6  26.8  26.9  27.0  27.0 
 26.4  26.2  25.9  25.2  24.1  24.0  24.0  24.2  23.9  23.9  23.9  24.2  24.0  23.9  23.9  24.3  24.1  24.0  24.1  24.1  24.0  24.0  24.5  25.1  28.1  28.9  29.7  29.3  28.1  27.2  27.2  27.3 
 25.8  25.3  24.4  24.7  24.2  23.8  24.2  24.1  23.9  23.8  23.9  24.1  23.9  23.8  24.1  24.2  24.1  23.8  24.2  24.2  24.0  24.0  24.9  26.6  32.5  33.1  31.4  30.6  28.1  27.7  27.2  26.8 
 24.8  24.1  24.3  24.4  24.2  23.9  24.1  24.2  24.1  23.8  24.3  23.9  23.9  23.9  24.0  24.1  24.1  24.1  24.3  24.1  24.2  24.3  36.6  50.0  63.4  58.6  37.9  33.5  29.1  28.4  27.7  27.1 
 24.5  24.2  24.3  24.5  23.7  23.9  24.0  24.0  23.9  23.8  24.0  24.1  23.8  23.8  24.0  24.0  23.8  23.9  24.2  24.3  24.3  24.8  51.4  68.9  83.0  73.7  42.5  35.2  29.3  28.7  27.8  27.4 
 24.4  24.1  24.4  24.3  24.1  23.6  24.0  24.2  23.9  23.9  24.0  24.0  23.9  23.9  23.9  24.1  23.9  23.9  24.2  24.3  24.7  26.7  63.5  73.9  76.5  71.9  45.0  36.7  29.9  29.0  27.9  27.6 
 24.1  24.2  24.3  24.2  23.9  23.9  24.0  24.1  23.9  23.8  24.0  24.1  23.8  23.7  23.9  24.0  24.0  24.0  24.1  24.3  24.5  26.0  60.1 nan  66.4  59.5  41.2  36.1  29.9  28.6  27.7  27.0 
 24.4  24.2  24.1  24.2  24.2  23.8  24.1  24.1  23.9  23.8  24.0  24.1  23.9  23.9  24.1  24.1  23.9  23.8  24.0  24.1  24.2  24.3  34.1  43.1  47.4  43.6  33.6  31.7  29.3  28.3  27.3  27.2 
 24.2  24.1  24.3  24.4  24.0  23.8  24.1  24.2  23.9  23.9  24.0  24.2  23.9  23.9  24.0  24.0  23.9  23.8  24.1  24.3  24.1  24.0  27.4  31.1  36.5  34.8  30.7  29.8  28.6  27.8  27.4  27.2 
 24.2  24.2  24.2  24.3  24.1  23.9  24.2  24.1  24.1  23.8  24.1  24.0  23.9  23.8  24.0  23.9  24.0  23.8  24.1  24.1  24.1  23.9  24.4  24.7  26.2  26.6  27.0  27.4  26.8  26.5  26.4  26.6 
 24.0  24.0  24.3  24.4  23.9  23.8  24.0  24.2  23.8  23.8  24.0  24.1  23.8  23.8  24.0  23.9  23.8  23.9  24.0  24.3  24.0  24.0  24.3  24.5  24.9  25.3  26.3  26.5  26.2  25.7  26.1  26.1 
 24.3  24.1  24.5  24.3  24.1  23.8  23.9  24.1  24.1  24.0  24.2  24.1  23.8  23.8  24.0  24.0  23.9  23.9  24.1  24.1  24.1  23.7  24.1  24.2  24.5  24.5  25.2  25.5  25.3  25.1  25.9  25.6 
 24.4  24.1  24.4  24.3  23.8  23.8  24.1  24.3  23.9  23.7  24.0  24.1  23.8  23.8  24.0  24.1  23.8  23.9  24.2  24.2  23.9  23.9  24.2  24.2  24.2  24.3  25.1  25.1  24.9  24.9  25.9  25.5 
 24.6  24.4  24.5  24.6  24.2  23.8  24.0  24.4  24.1  23.9  24.2  24.0  23.9  23.8  24.2  24.1  23.9  24.1  24.0  24.2  24.0  23.9  24.3  24.5  24.3  24.4  24.6  25.0  24.8  25.1  25.3  25.9 
 24.2  24.2  24.5  24.6  24.1  23.7  24.3  24.0  23.8  23.9  24.2  24.2  23.7  24.0  24.1  24.0  24.1  23.9  24.3  24.1  24.1  23.8  24.5  24.5  24.3  24.2  24.8  24.8  24.5  24.8  25.4  26.0 
 24.7  24.5  24.5  24.6  24.1  23.9  24.3  24.0  24.2  23.9  24.1  24.2  24.2  24.0  24.0  24.3  23.9  24.1  24.4  24.2  24.2  24.2  24.4  24.6  24.6  24.4  24.6  24.9  24.9  24.6  25.8  26.7 
 24.3  24.1  24.8  24.8  24.2  24.2  24.4  24.4  23.8  24.0  24.2  24.4  23.9  23.9  24.3  24.4  24.0  23.9  24.4  24.3  24.2  24.1  24.4  24.5  24.1  24.3  25.0  25.0  24.8  24.9  26.2  27.3 
 25.5  24.9  24.7  24.7  24.8  24.3  24.2  24.5  24.3  23.9  24.4  24.4  24.2  24.1  24.3  24.5  24.2  24.2  24.2  24.5  24.2  24.0  24.5  24.7  24.4  24.1  25.1  25.6  25.0  25.0  27.0  28.4 
 25.2  25.4  25.0  24.9  24.5  24.4  24.4  24.4  24.1  23.9  24.2  24.6  24.0  24.0  24.5  24.2  24.1  24.0  24.3  24.6  24.2  24.1  24.7  24.8  24.6  24.5  25.1  25.3  25.2  25.4  27.9  28.9 
