 29.9  29.4  29.4  29.4  29.0  29.1  28.9  29.7  29.5  29.4  28.0  27.4  24.3  24.1  23.9  24.2  23.9  23.8  23.9  24.2  23.9  23.8  23.9  24.5  24.2  24.2  24.5  25.1  25.6  25.1  26.3  27.5 
 29.5  29.7  30.0  29.7  28.8  28.6  28.9  28.4  28.3  27.6  27.1  26.0  24.0  24.0  24.2  24.2  23.7  23.7  24.1  24.1  23.9  23.9  24.4  24.2  24.3  24.2  24.9  25.1  25.3  25.5  26.7  26.8 
 29.4  29.1  28.9  29.6  28.3  27.6  25.5  25.6  25.1  25.1  24.2  24.4  24.0  24.0  24.0  24.2  23.8  23.8  23.9  24.1  24.0  23.7  23.8  24.5  24.5  24.5  25.1  25.4  25.8  25.5  25.9  26.5 
 29.1  28.8  28.9  28.5  27.5  26.5  25.0  24.6  24.3  23.9  24.1  24.0  23.8  23.9  24.1  24.0  23.9  23.9  24.2  23.8  23.8  23.8  24.3  24.1  24.4  24.4  25.9  25.8  26.0  25.7  26.3  26.5 
 28.3  29.1  28.7  28.3  26.7  25.5  23.9  24.0  24.2  24.0  23.8  24.2  23.9  23.9  24.0  24.0  23.9  23.8  24.0  24.1  23.9  23.8  24.2  24.3  24.8  25.4  26.2  26.7  26.4  26.6  26.4  27.1 
 27.1  27.3  28.1  27.2  25.5  24.5  24.3  24.0  23.9  23.9  24.2  23.9  24.0  24.0  24.0  23.9  23.9  23.9  24.2  24.2  23.8  23.9  24.5  24.3  25.6  26.1  27.4  27.3  27.0  26.9  27.4  26.6 
 26.3  26.4  25.5  25.3  24.1  23.9  24.0  24.3  24.0  23.9  23.9  24.0  24.0  24.0  23.9  24.1  23.9  24.0  23.9  24.1  24.0  23.9  24.3  24.7  28.2  29.1  29.4  29.4  27.8  27.2  27.2  27.3 
 26.1  25.4  24.7  24.3  23.9  23.8  24.1  24.2  23.9  23.8  24.1  23.8  23.9  23.9  24.2  23.9  24.1  23.9  24.2  23.9  24.0  24.0  25.0  26.3  32.6  33.0  31.5  30.2  28.1  27.8  27.5  26.3 
 24.5  23.9  23.9  24.2  24.2  23.7  23.9  24.0  23.9  23.8  24.1  24.1  24.0  23.8  23.9  24.2  23.9  23.9  24.0  24.1  24.2  24.2  36.7  50.0  63.4  58.5  37.7  33.6  29.0  28.5  27.2  27.4 
 24.2  23.9  24.3  24.1  24.1  23.7  24.0  24.1  24.0  23.9  24.0  24.0  23.8  23.7  24.0  23.9  23.8  24.0  24.4  24.1  24.4  24.9  51.6  68.8  83.0  73.6  42.5  35.1  29.3  28.5  27.8  27.0 
 24.4  23.8  24.0  24.3  24.1  23.7  23.9  24.2  23.9  23.8  23.7  24.0  23.8  23.9  23.9  24.0  23.9  23.9  24.1  24.2  24.5  26.8  63.5  73.9  76.4  71.7  44.6  36.5  30.0  29.0  27.4  27.4 
 24.4  24.0  24.4  24.3  23.8  23.8  24.0  24.0  23.9  23.7  24.0  24.0  23.7  23.7  23.9  23.9  23.9  23.9  24.2  24.2  24.4  26.0  60.3 nan  66.3  59.4  41.1  35.9  30.0  28.6  27.7  27.0 
 24.2  23.9  24.2  24.4  23.9  23.7  24.0  24.3  23.9  23.8  23.7  24.0  24.0  23.7  24.0  24.1  23.9  23.8  23.9  24.3  24.1  24.2  33.7  43.1  47.3  43.5  33.3  31.7  29.2  28.4  27.2  27.2 
 24.2  24.1  24.4  24.2  24.1  23.9  24.3  24.0  23.8  23.7  24.0  23.9  23.8  23.8  24.1  23.9  23.8  23.8  24.1  24.0  24.0  23.9  27.4  31.0  36.4  34.9  30.5  29.7  28.3  28.1  27.5  26.9 
 24.2  24.2  24.0  24.1  24.1  23.9  23.9  24.0  23.9  23.8  23.9  24.0  23.9  23.7  23.9  24.0  23.9  23.8  23.9  24.2  23.9  23.9  24.2  24.7  26.1  26.6  27.0  27.2  26.9  26.3  26.3  26.6 
 24.3  24.0  24.5  24.2  23.6  23.7  23.9  23.9  23.7  23.7  24.0  24.0  23.7  24.0  24.0  23.9  23.8  23.8  24.1  24.1  23.8  23.9  24.4  24.3  24.9  25.2  26.3  26.3  25.9  26.1  26.1  25.8 
 24.3  24.0  24.2  24.0  23.8  23.7  23.7  24.2  24.1  23.6  23.8  24.1  23.9  23.8  23.8  24.0  24.0  23.9  24.1  24.3  24.0  23.9  24.2  24.2  24.5  24.5  25.2  25.4  25.2  25.1  25.5  25.8 
 24.1  23.9  24.2  24.1  23.8  23.7  24.5  24.0  23.9  23.9  23.9  23.9  23.8  23.8  24.1  24.0  24.0  23.8  24.2  24.1  23.9  23.8  24.2  24.0  24.2  24.2  25.1  25.1  25.2  24.9  25.2  25.7 
 24.2  24.4  24.5  24.6  23.9  23.8  24.0  24.2  23.8  23.6  23.7  24.0  23.9  23.9  23.9  24.0  24.0  23.8  23.9  24.2  24.0  23.8  24.1  24.5  24.5  24.1  24.5  24.9  24.8  24.9  25.0  25.5 
 24.4  24.5  24.6  24.1  24.1  23.7  24.1  24.0  23.7  23.6  24.0  24.1  23.8  23.7  24.1  23.9  23.9  24.0  24.4  24.2  24.1  23.9  24.4  24.3  24.2  24.2  24.7  24.6  24.4  24.8  25.2  25.7 
 24.7  24.2  24.2  24.8  24.1  23.9  23.8  24.4  23.9  23.7  23.9  24.1  24.0  23.7  23.9  24.0  24.0  23.9  23.9  24.4  24.2  24.2  24.5  24.5  24.4  24.2  24.5  25.1  24.7  24.5  25.2  26.4 
 24.3  24.4  24.6  24.4  24.0  23.7  24.2  24.3  23.8  23.7  24.1  24.1  23.9  23.7  24.2  24.1  23.9  24.0  24.2  24.1  24.0  24.2  24.6  24.5  24.3  24.4  24.7  24.7  24.6  24.7  26.5  26.6 
 25.5  24.7  24.7  24.9  24.6  24.1  24.3  24.2  24.2  24.1  24.2  24.3  24.2  24.0  24.0  24.6  24.3  24.0  24.2  24.4  24.2  24.3  24.4  24.6  24.5  24.6  25.1  25.4  25.1  25.0  26.3  28.0 
 25.4  25.4  25.0  24.7  24.3  24.3  24.7  24.4  23.9  24.2  24.4  24.4  24.1  24.0  24.6  24.1  24.2  24.1  24.6  24.2  24.2  24.3  24.6  24.4  24.3  24.2  25.1  25.3  25.2  25.4  28.3  28.4 
