 23.4  22.5  23.1  23.0  22.5  22.1  22.6  22.3  22.2  22.0  22.4  22.4  22.1  21.8  22.3  22.0  22.0  21.9  22.3  22.3  22.0  22.1  22.6  22.6  22.4  22.1  23.2  23.4  23.0  23.0  23.5  24.9 
 23.0  22.5  22.9  23.1  22.5  22.4  22.4  22.5  22.2  21.9  22.6  22.4  22.0  22.1  22.3  22.3  22.0  21.8  22.2  22.3  22.2  22.0  22.3  22.5  22.1  22.4  23.0  24.0  23.4  23.0  23.8  23.9 
 23.2  22.4  23.0  22.7  22.3  22.2  22.6  22.4  22.3  22.3  22.4  22.3  21.9  21.8  22.2  22.4  22.0  22.0  22.2  22.1  22.2  22.2  22.2  22.4  22.4  22.6  22.9  23.0  22.6  22.7  22.8  23.1 
 22.9  22.4  22.9  23.0  22.2  22.1  22.5  22.8  22.3  22.3  22.5  22.5  22.1  22.2  22.1  22.1  21.9  21.9  22.0  22.2  22.0  22.1  22.4  22.4  22.3  22.2  22.9  22.7  22.5  22.3  23.3  23.3 
 22.5  22.6  22.9  22.8  22.5  22.1  22.7  22.7  22.9  23.1  22.6  22.6  22.0  22.0  22.3  22.1  22.0  21.9  22.2  22.2  22.1  22.0  22.3  22.4  22.3  22.2  22.7  22.6  22.3  22.6  23.0  23.0 
 22.5  22.4  22.8  22.6  22.2  22.3  22.9  22.8  23.2  23.5  22.8  22.6  22.2  22.0  22.1  22.3  22.1  22.0  22.4  22.2  22.0  22.0  22.3  22.2  22.3  22.2  22.6  22.9  22.6  22.8  23.1  23.1 
 22.6  22.5  22.7  22.6  22.4  22.5  22.8  23.0  24.8  26.1  23.9  22.9  22.1  22.0  22.1  22.0  21.9  22.0  22.4  22.2  22.1  22.0  22.3  22.4  22.2  22.2  22.5  22.3  22.4  22.4  22.6  23.0 
 22.4  22.5  22.7  22.8  22.4  22.4  22.8  23.3  25.3  26.8  24.2  22.9  22.3  22.2  22.2  22.2  22.1  22.0  22.0  22.3  22.2  22.2  22.6  22.5  22.2  22.3  22.7  22.6  22.5  22.5  22.7  22.3 
 22.9  22.8  23.0  22.8  22.4  22.2  22.6  22.6  22.9  22.9  22.9  22.5  22.3  22.1  22.3  22.3  22.0  22.0  22.2  22.0  22.2  22.1  22.3  22.3  22.3  22.3  22.6  22.7  22.5  22.5  22.7  22.9 
 22.9  22.7  23.3  23.2  22.8  22.5  22.6  22.6  22.6  22.6  22.6  22.6  22.1  22.0  22.2  22.3  22.1  21.9  22.1  22.3  22.1  22.1  22.4  22.5  22.4  22.1  22.7  22.8  22.7  22.7  22.8  23.0 
 23.3  23.4  23.7  23.6  23.4  23.3  22.9  22.8  22.7  22.7  22.6  22.4  22.2  22.1  22.3  22.2  22.1  22.1  22.4  22.3  22.2  22.2  22.6  22.2  22.1  22.2  23.1  23.3  23.0  22.9  22.8  22.9 
 23.2  23.4  24.0  24.1  24.2  24.3  23.6  23.2  22.7  22.5  22.6  22.5  22.1  22.1  22.3  22.4  22.2  22.1  22.2  22.2  22.3  22.1  22.5 nan  22.1  22.1  23.8  24.8  23.3  22.7  22.8  22.9 
 24.0  24.1  25.1  25.3  26.7  27.4  32.6  34.8  32.7  29.0  22.9  22.7  22.4  22.2  22.2  22.2  22.3  22.1  22.4  22.1  22.0  22.0  22.4  22.5  22.3  22.3  23.6  24.2  23.0  22.7  23.5  23.4 
 24.1  24.4  25.5  26.0  28.2  29.7  41.5  48.6  53.2  47.0  24.3  23.0  22.3  22.3  22.3  22.3  22.3  22.1  22.2  22.2  22.1  22.0  22.5  22.3  22.5  22.2  22.8  23.1  23.0  22.9  22.9  23.0 
 24.8  25.1  26.4  26.9  30.5  33.4  54.3  62.5  74.0  70.8  34.2  25.1  22.5  22.2  22.4  22.3  22.2  22.1  22.4  22.3  22.1  22.1  22.5  22.5  22.3  22.2  22.6  22.7  22.5  22.8  23.3  22.8 
 24.8  24.8  26.3  27.2  30.3  33.6  52.9  61.9  77.9  78.8  36.7  25.7  22.5  22.1  22.3  22.4  22.3  22.2  22.4  22.4  22.1  22.0  22.4  22.3  22.2  22.2  22.6  22.8  22.6  22.8  23.3  23.0 
 25.1  25.1  26.3  26.5  29.2  31.1  43.7  52.6  72.5  69.4  29.5  23.9  22.4  22.1  22.6  22.5  22.1  22.1  22.5  22.3  22.3  22.2  22.5  22.5  22.4  22.7  22.8  23.0  22.4  22.6  23.2  23.2 
 24.9  25.0  26.1  26.3  28.2  29.2  36.6  41.6  53.5  49.0  25.3  23.3  22.5  22.3  22.3  22.4  22.2  22.1  22.5  22.6  22.2  22.3  22.5  22.6  22.6  22.2  23.0  22.7  22.8  22.6  23.0  23.3 
 25.2  25.0  26.2  26.2  26.5  26.6  28.4  29.3  29.3  27.5  23.5  23.0  22.5  22.4  22.4  22.4  22.4  22.1  22.5  22.4  22.3  22.1  22.5  22.6  22.5  22.5  22.7  22.9  23.1  22.5  23.2  23.7 
 24.7  25.3  25.7  25.8  25.7  25.7  27.0  27.2  26.6  25.9  23.4  23.1  22.4  22.5  22.5  22.6  22.3  22.1  22.6  22.4  22.2  22.2  22.6  22.5  22.4  22.4  22.8  22.8  22.6  23.0  23.1  23.6 
 24.9  24.9  25.4  25.2  25.4  25.0  25.3  25.3  24.9  24.2  23.4  23.0  22.6  22.4  22.7  22.5  22.4  22.2  22.5  22.6  22.3  22.4  22.8  22.6  22.6  22.4  23.0  22.8  22.7  22.7  23.6  24.4 
 24.8  24.6  25.3  25.2  25.1  24.8  25.0  25.0  24.4  23.9  23.3  23.0  22.5  22.4  22.6  22.7  22.3  22.1  22.6  22.5  22.3  22.3  22.7  22.7  22.3  22.4  22.8  23.2  22.8  22.9  23.8  24.7 
 25.9  24.6  25.1  25.1  24.6  24.3  24.5  24.3  23.8  23.4  23.3  23.3  22.9  22.5  22.4  22.8  22.6  22.3  22.8  22.6  22.5  22.2  23.0  22.9  22.6  22.6  23.3  23.1  23.0  22.8  24.5  25.9 
 25.3  25.5  24.7  25.1  24.3  24.1  24.5  24.3  23.4  23.2  23.4  23.3  22.7  22.6  22.8  22.8  22.5  22.3  22.7  22.7  22.6  22.4  22.9  23.0  22.6  22.5  23.1  23.6  23.5  23.4  24.6  26.2 
