 23.4  22.8  22.9  23.1  22.8  22.4  22.5  22.6  22.4  22.2  22.4  22.4  22.2  22.2  22.1  22.5  22.2  22.2  22.2  22.3  22.3  22.1  22.3  22.6  22.5  22.6  23.0  23.5  23.5  23.1  24.3  24.6 
 23.3  22.8  22.9  23.1  22.7  22.5  22.8  22.7  22.4  22.3  22.6  22.6  22.3  22.1  22.3  22.4  22.2  22.2  22.6  22.4  22.6  22.2  22.7  22.6  22.5  22.8  23.2  23.9  23.4  23.4  24.0  24.1 
 23.1  22.5  23.0  22.9  22.5  22.3  22.7  22.6  22.7  22.4  22.5  22.3  22.2  22.2  22.1  22.4  22.1  22.2  22.1  22.4  22.4  22.1  22.3  22.4  22.6  22.6  22.9  22.9  22.9  22.7  22.9  23.5 
 22.8  22.9  22.9  22.8  22.5  22.2  22.8  22.9  22.6  22.5  22.7  22.4  22.2  22.1  22.2  22.5  22.2  22.0  22.4  22.3  22.1  22.1  22.5  22.3  22.6  22.5  23.0  23.0  22.8  22.9  23.2  23.3 
 22.8  22.8  22.9  22.9  22.5  22.4  22.8  23.0  23.0  22.8  22.7  22.7  22.4  22.3  22.3  22.2  22.1  22.0  22.2  22.3  22.1  22.2  22.4  22.6  22.3  22.4  22.7  22.6  22.7  23.0  23.0  23.3 
 22.8  22.7  22.7  22.7  22.5  22.2  22.9  22.9  23.3  23.5  22.9  22.5  22.2  22.3  22.3  22.4  22.3  22.2  22.3  22.2  22.2  22.2  22.5  22.4  22.5  22.3  22.8  22.9  22.7  22.7  23.1  22.9 
 22.6  22.9  22.7  23.0  22.5  22.5  22.9  23.1  25.1  26.4  23.9  22.9  22.3  22.2  22.2  22.3  22.1  22.1  22.1  22.2  22.4  22.3  22.4  22.5  22.5  22.1  22.7  22.8  22.5  22.5  23.1  23.1 
 23.0  22.8  22.7  22.8  22.7  22.5  23.1  23.3  25.4  26.9  24.3  23.0  22.2  22.3  22.4  22.1  22.3  22.2  22.2  22.3  22.1  22.1  22.5  22.4  22.4  22.3  22.7  22.4  22.4  22.8  23.0  22.4 
 23.2  22.8  23.1  22.9  22.5  22.5  22.7  22.9  23.0  23.0  22.7  22.5  22.3  22.2  22.3  22.5  22.4  22.1  22.3  22.3  22.2  22.2  22.3  22.4  22.4  22.3  22.8  22.9  22.7  22.7  22.9  22.7 
 23.3  23.1  23.1  23.1  23.2  22.8  22.9  22.9  22.6  22.9  22.6  22.5  22.2  22.2  22.3  22.2  22.3  22.2  22.4  22.4  22.3  22.3  22.4  22.5  22.4  22.4  22.9  23.0  22.5  22.6  23.4  23.1 
 23.5  23.4  23.8  23.9  23.7  23.4  23.0  22.9  22.6  22.7  22.5  22.5  22.3  22.2  22.4  22.3  22.4  22.1  22.4  22.2  22.1  22.1  22.4  22.5  22.3  22.4  23.0  23.5  23.4  23.0  23.1  23.2 
 23.8  23.8  23.8  24.3  24.4  24.5  23.9  23.5  22.9  22.8  22.5  22.6  22.4  22.2  22.2  22.3  22.2  22.2  22.3  22.2  22.3  22.3  22.3 nan  22.3  22.2  24.2  24.6  23.7  22.8  23.0  23.5 
 24.5  24.2  25.0  25.4  26.9  27.4  32.6  35.0  33.0  29.1  22.9  22.9  22.4  22.4  22.5  22.4  22.2  22.1  22.4  22.4  22.2  22.2  22.4  22.5  22.4  22.4  23.7  24.3  23.3  22.8  23.1  23.3 
 24.4  24.4  25.5  26.3  28.3  29.8  41.5  48.6  53.3  47.3  24.4  23.1  22.5  22.5  22.4  22.6  22.2  22.1  22.3  22.4  22.3  22.1  22.6  22.5  22.4  22.4  23.0  23.4  23.1  22.9  23.0  23.2 
 24.9  25.1  26.5  27.0  30.5  33.4  54.4  62.6  74.1  70.9  34.3  25.4  22.6  22.3  22.4  22.4  22.4  22.2  22.5  22.3  22.1  22.3  22.4  22.5  22.4  22.5  22.8  22.9  22.7  22.7  23.1  23.3 
 25.1  25.2  26.6  27.2  30.5  33.9  53.1  62.2  78.1  79.0  36.8  25.6  22.6  22.4  22.4  22.4  22.2  22.3  22.3  22.5  22.3  22.2  22.5  22.6  22.2  22.3  22.8  22.7  22.7  22.7  23.4  23.1 
 25.3  25.2  26.4  26.6  29.3  31.3  43.9  52.8  72.6  69.4  29.7  24.1  22.7  22.5  22.4  22.4  22.1  22.3  22.4  22.6  22.3  22.3  22.4  22.3  22.5  22.5  22.8  22.8  22.8  22.7  22.8  23.5 
 25.0  25.1  26.0  26.4  28.3  29.2  36.6  41.6  53.6  49.0  25.3  23.6  22.7  22.4  22.4  22.5  22.3  22.2  22.4  22.6  22.3  22.3  22.5  22.5  22.7  22.3  22.8  22.9  23.0  22.7  23.2  23.4 
 25.3  24.9  26.0  26.2  26.6  26.7  28.2  29.0  29.2  27.9  23.6  23.2  22.6  22.4  22.6  22.6  22.5  22.4  22.3  22.5  22.3  22.2  22.5  22.6  22.8  22.5  22.8  23.0  22.9  22.9  23.4  23.7 
 24.9  25.1  25.8  26.0  26.0  26.0  27.1  27.0  26.8  25.7  23.4  23.1  22.6  22.5  22.5  22.4  22.6  22.2  22.9  22.3  22.4  22.3  22.7  22.9  22.6  22.6  23.1  22.8  23.0  23.0  23.4  24.0 
 25.3  25.2  25.6  25.5  25.5  25.1  25.4  25.5  25.1  24.3  23.5  23.2  22.5  22.7  22.4  22.7  22.5  22.5  22.6  22.5  22.4  22.5  22.7  22.8  22.6  22.7  22.9  23.3  23.0  22.8  23.6  24.6 
 25.2  24.8  25.5  25.3  24.9  24.9  25.1  25.2  24.4  24.1  23.7  23.2  22.7  22.7  22.6  22.7  22.5  22.4  22.8  22.7  22.6  22.4  22.8  22.9  22.8  22.6  23.2  22.9  23.1  23.1  24.5  24.4 
 25.8  25.3  24.9  25.1  25.0  24.6  24.6  24.3  24.0  23.6  23.4  23.4  23.1  22.8  22.9  22.8  22.7  22.6  22.5  22.7  22.8  22.6  22.8  22.9  22.8  22.5  23.3  23.2  23.3  23.6  25.2  26.3 
 26.2  25.7  25.0  24.9  24.7  24.3  24.6  24.4  23.7  23.5  23.3  23.4  22.7  22.7  22.9  22.8  22.8  22.5  22.9  22.9  22.7  22.7  23.0  23.1  22.9  22.9  23.2  23.5  23.7  23.9  25.4  26.7 
