 23.6  22.9  22.7  23.3  22.6  22.4  22.7  22.6  22.4  22.2  22.4  22.5  22.2  22.0  22.2  22.5  22.1  21.8  22.4  22.7  22.3  22.2  22.3  22.7  22.5  22.5  22.9  23.7  23.7  22.9  24.0  25.2 
 23.1  23.2  23.1  22.7  22.4  22.4  22.5  22.6  22.4  22.2  22.6  22.5  22.1  22.3  22.5  22.3  22.3  22.1  22.4  22.4  22.2  22.0  22.6  22.6  22.5  22.8  23.5  24.1  23.4  23.4  24.0  24.7 
 23.3  22.6  23.2  22.9  22.8  22.2  22.6  22.7  22.4  22.2  22.6  22.6  22.2  22.2  22.3  22.4  22.3  22.0  22.3  22.4  22.4  22.2  22.2  22.5  22.7  22.3  22.9  23.2  23.1  22.7  22.9  23.5 
 22.8  22.9  22.7  23.0  22.3  22.4  22.8  22.7  22.4  22.6  22.7  22.5  22.0  22.1  22.5  22.1  22.3  21.9  22.5  22.2  22.2  22.2  22.7  22.5  22.1  22.4  23.0  22.8  23.0  22.9  23.4  23.7 
 23.0  22.4  22.7  23.0  22.5  22.6  22.6  22.8  23.1  22.8  22.7  22.7  22.2  22.1  22.3  22.3  22.1  22.1  22.1  22.4  22.4  22.2  22.3  22.6  22.4  22.3  22.7  22.8  22.5  22.7  23.0  23.4 
 22.6  22.6  23.1  22.9  22.4  22.4  22.9  22.9  23.1  23.5  23.1  22.6  22.2  22.2  22.4  22.2  22.2  22.0  22.5  22.3  22.0  22.2  22.5  22.6  22.5  22.3  22.7  22.8  22.6  22.8  23.3  22.9 
 23.0  22.4  22.7  22.9  22.7  22.5  23.1  23.2  25.1  26.2  24.0  23.0  22.4  22.0  22.1  22.3  22.1  22.1  22.2  22.3  22.3  22.2  22.4  22.6  22.4  22.3  22.6  22.8  22.8  22.2  22.9  22.9 
 22.5  22.8  23.2  22.6  22.5  22.6  23.1  23.2  25.2  26.9  24.3  22.9  22.5  22.3  22.4  22.2  22.2  22.2  22.2  22.3  22.1  22.4  22.7  22.4  22.4  22.4  22.6  22.7  22.6  22.7  22.8  22.3 
 23.2  22.8  23.1  23.0  22.6  22.3  22.6  22.9  23.0  23.0  22.9  22.5  22.4  22.1  22.2  22.5  22.3  22.1  22.2  22.3  22.3  22.0  22.4  22.4  22.6  22.3  22.6  22.8  22.6  22.7  23.0  23.1 
 23.2  22.9  23.1  23.0  22.8  22.7  22.8  22.8  22.7  22.7  22.8  22.6  22.1  22.2  22.4  22.2  21.9  22.1  22.3  22.4  22.2  22.2  22.4  22.1  22.3  22.4  23.2  22.8  22.7  22.7  23.1  23.5 
 23.5  23.6  24.0  23.9  23.6  23.3  22.9  23.0  22.7  22.6  22.5  22.7  22.2  22.2  22.4  22.3  22.3  22.0  22.3  22.3  22.3  22.2  22.4  22.5  22.3  22.1  23.0  23.6  23.3  23.0  23.1  23.2 
 23.5  23.8  24.2  24.1  24.2  24.3  23.8  23.4  22.7  22.6  22.5  22.5  22.2  22.2  22.4  22.3  22.3  22.3  22.2  22.4  22.1  22.2  22.4 nan  22.4  22.3  24.3  24.9  23.6  23.1  23.2  22.9 
 24.3  24.0  24.9  25.7  26.8  27.3  32.6  35.0  33.0  28.9  22.8  22.7  22.5  22.2  22.2  22.6  22.3  22.1  22.4  22.3  22.5  22.0  22.6  22.6  22.5  22.4  23.7  24.4  23.5  22.7  23.1  23.2 
 24.3  24.7  25.8  26.2  28.1  29.9  41.4  48.7  53.3  47.3  24.5  23.1  22.5  22.5  22.5  22.3  22.3  22.2  22.4  22.5  22.2  22.1  22.5  22.4  22.6  22.3  23.0  23.3  22.9  22.8  23.0  23.2 
 25.2  25.0  26.5  27.0  30.3  33.5  54.3  62.9  74.2  70.9  34.3  25.3  22.6  22.4  22.4  22.5  22.3  22.1  22.6  22.4  22.3  22.2  22.4  22.6  22.4  22.3  22.5  22.7  22.8  22.6  23.1  23.3 
 24.8  25.2  26.8  27.4  30.3  33.8  53.1  62.2  78.1  79.0  36.7  25.7  22.6  22.5  22.5  22.5  22.2  22.4  22.5  22.4  22.2  22.4  22.6  22.5  22.5  22.3  22.9  22.5  22.7  22.9  23.4  23.1 
 25.4  25.3  26.2  26.9  29.2  31.1  43.8  52.8  72.7  69.5  29.6  24.1  22.7  22.2  22.5  22.4  22.3  22.2  22.4  22.6  22.6  22.2  22.4  22.7  22.5  22.4  22.8  23.1  22.8  22.7  23.0  23.4 
 25.0  25.1  26.5  26.3  28.3  29.4  36.6  41.6  53.5  49.0  25.5  23.4  22.5  22.5  22.6  22.4  22.1  22.2  22.4  22.7  22.2  22.3  22.7  22.7  22.5  22.6  23.0  23.0  22.9  22.9  23.4  23.5 
 25.4  24.8  26.0  26.2  26.7  26.7  28.3  29.4  29.6  27.5  23.8  23.1  22.5  22.4  22.5  22.5  22.4  22.4  22.3  22.9  22.4  22.2  22.5  22.8  22.5  22.4  22.9  23.1  23.1  22.5  23.0  23.5 
 24.9  25.3  26.0  26.1  25.7  26.1  27.2  27.2  26.8  25.9  23.6  22.9  22.7  22.5  22.9  22.5  22.4  22.3  22.7  22.4  22.2  22.4  22.8  22.6  22.5  22.5  22.9  23.0  22.7  23.0  23.4  23.8 
 25.3  24.9  25.4  25.8  25.3  25.0  25.4  25.4  25.2  24.3  23.4  23.3  22.7  22.4  22.6  22.9  22.4  22.1  22.5  22.6  22.5  22.4  22.8  22.7  22.7  22.5  22.9  23.0  23.0  23.0  23.4  24.4 
 24.6  24.8  25.6  25.2  24.9  25.0  25.1  25.0  24.3  24.1  23.3  23.2  22.7  22.6  22.6  22.7  22.3  22.5  22.9  22.7  22.4  22.3  22.8  22.8  22.6  22.3  23.4  23.2  22.8  23.3  24.8  24.7 
 26.4  25.1  25.1  25.1  24.8  24.5  24.6  24.5  24.2  23.5  23.4  23.4  22.8  22.6  22.7  22.8  22.7  22.4  22.8  22.8  22.9  22.2  22.7  23.1  22.8  22.8  23.3  23.4  23.3  23.0  25.6  26.4 
 25.9  26.0  25.2  25.3  24.6  24.6  24.6  24.6  23.6  23.7  23.4  23.4  22.9  22.7  23.1  22.8  22.6  22.7  22.8  22.8  22.6  22.6  23.1  23.1  22.7  22.8  23.4  23.7  23.3  23.9  25.8  26.7 
