 24.3  23.5  24.0  23.3  23.5  22.9  22.9  23.2  22.7  22.8  23.1  22.8  22.9  22.6  22.7  22.8  22.8  22.6  22.9  23.0  22.9  22.9  24.3  26.2  28.4  27.9  27.5  27.7  28.3  28.0  28.9  29.6 
 24.1  23.6  23.8  23.8  23.3  23.2  23.2  23.1  22.8  22.7  23.0  23.3  22.7  22.7  22.9  22.7  22.7  22.7  23.0  23.1  23.0  22.8  23.9  25.4  28.1  28.0  27.5  27.6  27.7  28.3  28.7  29.2 
 23.7  23.5  23.7  23.6  23.5  22.8  22.9  23.1  23.0  22.7  22.9  23.0  22.8  22.5  23.0  22.9  22.7  22.5  22.8  22.8  22.7  22.9  23.4  24.3  27.5  27.4  27.9  28.2  28.9  28.8  28.1  29.1 
 23.2  23.3  23.2  23.6  22.9  22.7  23.1  23.1  22.9  22.8  23.1  22.7  22.7  22.7  22.9  23.0  22.7  22.6  22.7  23.0  22.8  22.7  23.2  23.9  26.8  27.0  28.0  28.5  28.3  28.4  28.4  28.3 
 23.7  23.3  23.4  23.3  23.1  22.8  23.0  23.2  23.4  23.4  23.0  22.8  22.8  22.5  22.9  22.6  22.7  22.5  22.8  23.0  22.8  22.7  23.0  23.1  25.1  25.9  27.9  28.2  28.0  28.0  29.0  29.4 
 23.5  23.1  23.3  23.4  23.0  22.8  23.3  23.3  23.6  23.9  23.1  23.0  22.7  22.8  22.8  22.8  22.7  22.7  22.8  22.7  22.9  22.7  23.1  23.1  24.7  25.4  27.6  27.9  28.3  28.7  29.1  29.2 
 23.5  23.4  23.5  23.0  23.0  22.8  23.4  23.4  25.6  26.8  24.2  23.4  22.9  22.5  22.9  22.9  22.7  22.6  22.9  22.7  22.9  22.9  23.0  23.2  23.2  23.3  24.5  25.7  28.3  28.3  29.2  29.3 
 23.5  23.5  23.3  23.3  23.1  22.9  23.4  23.8  26.1  27.8  24.8  23.3  22.7  22.6  22.8  22.8  22.8  22.6  22.7  22.8  22.9  22.8  23.1  23.1  23.0  22.9  23.9  25.3  28.1  28.4  29.0  28.6 
 23.5  23.1  23.5  23.2  23.0  22.9  23.5  23.2  23.6  23.6  23.1  22.9  22.9  22.7  22.9  23.0  22.8  22.6  23.1  22.8  22.7  22.8  23.1  23.1  23.1  23.4  26.1  27.1  29.6  30.4  31.1  30.7 
 23.6  23.3  23.3  23.3  23.1  23.0  23.0  23.1  23.1  23.1  22.9  22.9  22.7  22.5  22.8  22.7  22.8  22.8  22.9  23.0  22.9  22.8  23.0  23.1  23.3  23.9  26.8  28.1  29.7  30.0  31.2  31.3 
 24.1  24.2  23.9  23.7  23.6  23.4  23.1  23.1  23.1  22.9  22.9  22.9  22.9  22.8  22.7  23.0  22.8  22.7  23.0  22.9  22.8  22.8  23.0  23.0  23.4  24.3  27.5  29.1  30.5  30.5  31.9  31.4 
 24.0  23.9  23.9  24.2  24.0  24.0  23.6  23.6  22.9  22.7  22.9  22.8  22.8  22.7  22.8  22.7  22.7  22.9  22.9  22.8  22.8  22.8  22.9 nan  23.4  24.2  27.5  28.7  30.9  31.0  32.2  31.8 
 24.6  24.2  25.4  25.5  26.4  26.6  29.2  29.2  27.4  25.9  23.1  22.9  22.8  22.6  22.8  22.8  22.9  22.7  23.0  22.8  22.7  22.8  22.9  23.1  23.5  23.9  28.7  29.9  31.0  31.2  32.3  32.3 
 24.5  24.7  25.8  25.9  27.6  28.8  36.5  42.0  44.2  38.7  23.9  23.4  23.0  22.9  22.9  22.7  22.7  22.7  22.9  22.9  22.7  22.8  23.0  22.9  23.2  23.6  28.3  29.6  30.9  31.3  32.0  32.1 
 25.2  25.3  26.5  27.2  30.1  32.6  51.4  59.9  70.4  67.0  33.4  25.5  22.9  22.8  23.0  22.8  22.9  22.6  22.9  22.8  22.7  22.8  22.9  23.0  23.2  23.1  25.8  27.7  29.4  29.2  29.7  30.9 
 25.3  25.4  26.9  27.6  30.4  33.3  52.0  60.8  75.7  75.3  37.9  26.3  23.0  22.9  22.8  22.7  22.7  22.8  22.9  23.0  22.8  22.9  23.0  23.2  23.1  22.9  24.2  25.1  26.7  27.1  28.0  28.5 
 25.6  25.6  26.9  27.2  29.7  31.9  45.9  55.3  78.4  78.0  33.6  25.4  23.2  22.8  23.0  22.9  22.9  22.8  23.1  23.1  23.0  22.9  23.0  23.1  23.0  23.1  23.6  23.8  24.0  24.4  24.9  25.0 
 25.6  25.5  26.5  26.9  28.7  30.1  38.9  45.0  61.0  58.2  27.7  24.4  23.0  22.9  23.0  23.2  22.9  22.7  23.1  23.0  22.9  23.0  23.0  23.2  23.2  23.2  23.6  23.6  23.8  23.9  24.9  24.7 
 25.7  25.7  26.6  26.7  27.3  27.5  29.8  30.8  32.2  30.3  24.3  23.5  23.1  23.0  23.3  23.2  23.1  23.0  23.2  23.0  23.3  23.0  23.1  23.2  23.2  23.1  23.6  23.5  23.7  23.6  24.3  24.7 
 25.4  26.0  26.6  26.7  26.5  26.6  28.1  28.3  28.1  27.3  24.1  23.5  23.0  23.0  23.3  23.1  23.0  22.9  23.1  22.9  23.0  22.9  23.4  23.2  23.1  23.1  23.6  23.3  23.5  23.7  24.4  24.9 
 25.9  25.8  26.1  25.9  26.0  25.6  26.1  26.2  25.8  25.1  24.1  23.5  23.3  23.1  23.2  23.4  22.9  23.0  23.0  23.3  23.1  23.0  23.4  23.5  23.4  23.1  23.7  23.9  23.7  23.9  24.7  25.1 
 25.8  25.7  26.2  25.7  25.8  25.7  25.8  25.8  25.2  24.7  23.9  23.6  23.2  23.2  23.3  23.2  23.1  23.1  23.3  23.3  23.1  23.1  23.6  23.4  23.2  23.2  23.6  24.0  24.1  24.2  25.3  25.9 
 27.1  26.2  25.8  25.6  25.5  25.0  25.5  25.2  24.8  24.3  23.9  23.6  23.5  23.3  23.5  23.5  23.3  23.1  23.5  23.4  23.2  23.3  23.6  23.5  23.6  23.5  24.3  24.6  24.9  24.7  26.2  27.0 
 27.0  26.2  25.6  25.7  25.1  25.1  25.1  24.8  24.4  24.2  23.9  23.9  23.2  23.5  23.5  23.4  23.2  23.2  23.3  23.4  23.6  23.5  23.6  23.9  23.7  24.0  24.5  25.0  24.9  25.4  26.5  27.9 
