 29.8  29.4  30.6  30.1  30.2  31.3  33.2  32.8  32.2  31.8  30.6  28.5  25.1  24.1  24.1  24.3  24.0  23.8  24.3  24.3  24.2  23.8  24.4  24.5  24.4  24.4  25.0  25.4  25.2  25.6  27.2  27.7 
 29.6  29.1  29.5  30.0  29.5  30.5  33.0  32.9  32.1  31.6  30.1  28.4  24.3  24.1  24.3  24.2  24.0  23.9  24.4  24.2  24.1  23.9  24.4  24.5  24.3  24.3  25.2  25.4  25.1  25.6  27.1  27.5 
 29.3  29.1  29.2  29.3  29.6  30.3  31.9  31.7  30.9  30.4  28.1  26.0  24.0  24.0  24.4  24.1  24.1  23.9  24.3  24.1  23.9  23.9  24.5  24.2  24.2  24.5  25.7  25.7  25.7  26.0  26.6  26.9 
 29.1  28.8  29.2  29.1  28.8  29.5  31.1  31.1  30.0  29.0  26.6  25.3  24.0  23.9  24.1  24.2  24.0  23.9  24.1  24.2  24.2  24.0  24.2  24.3  24.5  24.7  25.8  26.0  25.8  26.0  26.6  27.1 
 29.1  28.8  28.3  27.5  25.3  26.0  27.9  28.1  27.0  26.0  24.7  24.3  23.9  23.9  24.2  24.1  23.9  23.8  24.1  24.0  24.0  23.9  24.4  24.2  25.2  25.5  26.9  26.8  26.7  26.4  26.9  26.9 
 29.4  29.0  28.1  27.3  24.7  24.7  25.8  25.9  25.3  24.8  24.2  24.3  24.0  24.1  24.2  24.3  24.0  23.9  24.3  24.3  23.9  23.9  24.3  24.6  25.7  26.3  27.2  27.8  27.1  26.9  27.1  26.9 
 28.4  28.3  27.7  26.8  24.3  24.2  24.1  24.2  24.1  24.0  24.4  24.3  24.1  23.8  24.0  24.2  23.9  24.0  24.1  24.3  24.1  24.0  24.9  25.0  28.5  29.2  29.8  29.5  27.8  27.4  27.8  27.3 
 28.3  28.0  26.8  26.2  24.3  24.0  24.2  24.3  24.1  23.9  24.0  24.1  23.8  24.1  24.1  24.2  24.2  24.0  24.1  24.3  24.2  24.0  25.2  26.7  33.0  33.6  31.6  30.7  28.1  27.9  27.8  26.8 
 27.3  27.4  26.0  24.9  24.0  24.1  24.2  24.4  24.0  23.9  24.2  24.1  24.0  24.1  24.3  24.2  24.1  24.0  24.3  24.2  24.3  24.5  37.8  51.5  64.1  58.9  38.1  33.5  29.1  28.3  27.7  27.3 
 26.3  25.9  24.9  24.6  24.3  24.0  24.4  24.3  24.0  23.8  24.1  24.1  23.9  23.8  24.2  24.1  24.0  23.9  24.2  24.3  24.4  25.0  53.0  70.1  83.4  73.9  42.2  35.3  29.3  28.6  27.7  27.7 
 24.5  24.3  24.4  24.5  24.1  23.9  24.3  24.1  24.0  24.0  24.3  24.1  23.9  23.8  24.3  24.2  23.9  24.0  24.3  24.4  24.7  27.3  64.3  74.5  76.3  71.5  44.8  36.6  29.9  29.0  27.9  27.4 
 24.4  24.2  24.4  24.2  23.8  23.9  24.3  24.4  24.1  23.8  24.2  24.0  24.0  24.0  23.9  24.2  24.1  23.9  24.1  24.3  24.7  26.3  60.7 nan  66.3  59.2  40.9  35.9  30.0  28.9  27.6  27.6 
 24.5  24.2  24.4  24.4  24.1  24.0  24.1  24.2  24.0  23.8  24.1  24.1  23.9  23.9  24.1  24.2  24.1  24.0  24.4  24.2  24.3  24.3  34.1  43.2  47.1  43.2  33.7  31.8  29.4  28.4  27.9  27.2 
 24.2  24.4  24.3  24.7  24.0  24.0  24.2  24.4  23.8  23.8  24.0  24.3  23.9  23.9  24.1  24.1  24.0  24.0  24.2  24.3  24.2  24.0  27.3  31.4  36.3  34.6  30.3  29.9  28.7  28.1  27.3  27.2 
 24.2  24.0  24.2  24.1  24.2  24.1  24.4  24.2  24.0  23.8  24.1  24.1  24.0  23.8  24.2  24.2  24.0  24.0  24.3  24.2  24.0  24.0  24.6  24.6  26.1  26.6  27.4  27.4  26.6  26.5  26.9  26.4 
 24.4  24.1  24.3  24.5  24.0  23.9  24.2  24.3  24.0  23.8  24.1  24.1  24.0  23.9  24.0  24.3  24.0  23.9  24.2  24.2  24.0  24.0  24.3  24.5  25.1  25.5  26.2  26.4  26.2  26.1  26.1  26.3 
 24.6  24.1  24.6  24.2  24.0  24.0  24.3  24.1  23.8  24.0  24.0  24.0  23.8  23.9  24.1  24.1  24.1  23.9  24.3  24.2  23.9  24.1  24.4  24.3  24.3  24.5  25.5  25.5  25.5  25.4  25.8  25.9 
 24.4  24.4  24.5  24.6  24.1  23.9  24.4  24.2  23.8  23.7  24.0  24.1  23.8  23.9  24.1  24.2  24.0  23.7  24.2  24.4  24.1  24.1  24.2  24.5  24.5  24.4  25.1  25.3  25.2  24.9  25.4  25.9 
 24.5  24.2  24.8  24.5  23.9  24.1  24.4  24.1  24.2  24.1  24.1  24.2  23.7  23.9  24.3  24.3  24.2  24.2  24.3  24.3  24.3  24.0  24.4  24.6  24.4  24.3  24.9  24.9  25.0  24.7  25.3  25.7 
 24.4  24.5  24.6  24.7  24.0  23.9  24.2  24.3  24.0  23.8  24.0  24.0  24.0  24.0  24.1  24.3  24.2  23.8  24.3  24.5  24.0  23.9  24.3  24.5  24.3  24.2  24.6  24.9  24.9  24.8  25.4  25.7 
 24.8  24.6  25.2  24.8  24.2  24.0  24.2  24.5  24.2  23.9  24.2  24.0  24.0  24.2  24.2  24.1  24.2  24.1  24.3  24.4  24.2  24.1  24.7  24.5  24.7  24.3  25.1  25.2  24.8  25.0  25.8  26.3 
 24.6  24.6  24.8  24.7  24.6  24.3  24.2  24.6  23.8  23.9  24.1  24.4  24.0  24.1  24.3  24.3  24.2  24.0  24.2  24.5  24.3  24.3  24.5  24.7  24.5  24.5  24.8  25.3  24.8  24.8  26.6  27.4 
 25.4  24.8  24.9  24.9  24.6  24.4  24.7  24.6  24.2  24.2  24.5  24.5  24.3  24.1  24.4  24.5  24.2  24.1  24.5  24.5  24.2  24.3  24.7  24.9  24.4  24.4  25.0  25.4  24.9  25.6  27.9  28.5 
 25.5  25.3  24.9  25.3  24.6  24.3  24.7  24.7  24.3  24.3  24.4  24.6  24.2  24.2  24.4  24.4  24.1  24.3  24.3  24.6  24.1  24.4  24.8  24.9  24.6  24.4  25.2  25.4  25.4  25.0  28.0  29.0 
