 30.0  29.6  29.7  29.7  29.9  31.6  32.9  32.5  31.7  31.5  30.2  27.7  24.5  24.3  24.1  24.3  24.2  24.0  24.3  24.3  23.9  24.2  24.3  24.4  24.2  24.5  25.2  25.4  25.3  25.3  27.2  28.0 
 29.4  29.1  29.7  29.4  29.6  30.4  32.5  32.4  31.5  31.2  28.8  27.0  24.2  24.0  24.4  24.3  24.0  24.1  24.2  24.3  24.0  24.1  24.5  24.4  24.3  24.5  25.3  25.3  25.3  25.8  26.7  27.2 
 29.0  29.3  29.4  29.0  29.0  29.8  31.2  31.2  29.9  29.1  26.3  24.8  24.0  24.0  24.1  24.4  24.1  23.9  24.2  24.2  24.0  24.0  24.5  24.6  24.6  24.5  25.6  25.7  26.0  25.9  26.5  26.9 
 28.8  28.7  28.9  28.4  27.9  28.1  30.0  29.9  28.4  27.5  25.0  24.6  24.0  23.9  24.3  24.2  24.0  23.8  24.1  23.9  24.2  24.0  24.4  24.4  24.5  24.7  25.8  26.0  25.8  26.2  26.9  26.9 
 29.2  28.8  28.1  27.2  24.9  24.7  25.2  25.9  25.0  24.5  24.1  24.3  24.1  23.9  24.4  24.2  24.0  23.9  24.3  24.2  24.0  23.8  24.3  24.5  25.0  25.6  26.6  27.1  26.6  26.8  26.6  27.0 
 29.1  28.5  28.1  27.5  24.4  24.4  24.5  24.4  24.0  24.2  24.3  24.3  23.9  24.1  24.2  24.3  24.1  23.8  24.2  24.2  23.9  24.1  24.4  24.5  25.8  26.2  27.1  27.6  27.3  27.0  27.1  27.3 
 27.4  28.0  27.4  26.8  24.4  23.8  24.1  24.4  23.9  23.8  24.2  24.1  24.0  24.0  24.1  24.3  24.1  24.1  24.3  24.2  24.2  24.0  24.6  25.1  28.7  29.4  29.8  29.7  27.6  27.5  27.5  27.5 
 28.3  27.2  26.9  26.3  24.2  24.0  24.3  24.1  23.8  24.0  24.3  24.1  24.0  24.0  24.2  24.3  24.1  24.1  24.3  24.3  23.9  24.1  25.0  26.7  33.0  33.5  31.4  30.2  28.2  27.8  27.3  26.8 
 26.6  26.7  25.0  24.6  23.9  24.0  24.0  24.4  24.0  23.9  24.1  24.0  24.0  23.9  24.1  24.0  23.9  24.0  24.2  24.3  24.3  24.5  37.9  51.5  64.1  58.9  38.0  33.5  29.0  28.4  27.7  27.3 
 25.8  24.9  24.7  24.5  24.2  24.0  24.1  24.2  23.9  23.8  24.0  24.3  23.7  23.9  24.1  24.3  23.9  24.0  24.2  24.4  24.4  24.9  52.9  70.0  83.4  73.8  42.3  35.1  29.3  28.7  27.8  27.2 
 24.3  24.1  24.5  24.3  24.0  23.8  24.3  24.2  24.1  24.1  24.1  24.1  23.9  23.9  24.1  24.2  23.9  23.9  24.2  24.4  24.7  27.1  64.4  74.4  76.2  71.4  44.6  36.6  29.9  28.9  27.7  27.5 
 24.4  24.1  24.5  24.3  24.1  23.9  24.1  24.3  24.0  23.9  24.1  24.2  23.9  23.8  24.0  24.3  23.9  23.8  24.2  24.3  24.5  26.4  60.7 nan  66.2  59.2  40.9  36.2  30.1  28.9  27.7  27.6 
 24.5  23.9  24.2  24.4  24.0  23.8  24.2  24.3  23.9  23.9  24.1  24.0  24.0  23.9  24.2  24.2  23.9  23.8  24.3  24.2  24.2  24.2  34.0  43.2  47.1  43.2  33.5  31.7  29.3  28.3  27.8  27.2 
 24.1  24.1  24.4  24.5  23.9  23.9  24.1  24.2  23.8  23.8  24.1  24.2  23.9  23.9  24.0  24.2  23.8  23.9  24.2  24.4  24.3  24.1  27.4  31.3  36.2  34.7  30.5  30.0  28.5  28.0  27.7  27.2 
 24.1  24.1  24.3  24.3  24.0  24.0  24.2  24.0  24.0  23.7  24.1  24.2  24.0  23.8  24.1  24.1  24.0  23.9  24.3  24.3  24.0  23.9  24.5  24.5  26.1  26.6  27.4  27.3  26.8  26.3  26.4  26.4 
 24.3  24.2  24.3  24.5  23.9  23.6  23.9  24.1  23.9  24.0  24.0  24.1  24.0  23.8  24.1  24.1  23.8  24.0  24.2  24.2  24.0  24.1  24.4  24.5  25.0  25.4  26.5  26.6  26.1  26.0  26.1  26.1 
 24.3  24.4  24.4  24.3  23.9  23.9  24.1  24.1  24.0  23.9  24.2  24.1  23.9  24.0  24.1  24.1  24.0  24.0  24.2  24.3  24.0  23.8  24.3  24.2  24.4  24.6  25.3  25.6  25.3  25.3  25.7  26.1 
 24.4  24.1  24.5  24.3  24.0  23.9  24.3  24.2  23.7  23.9  24.1  24.1  24.0  23.8  24.2  24.2  24.0  24.0  24.3  24.4  24.0  23.8  24.3  24.4  24.5  24.3  24.8  25.0  24.9  24.9  25.4  25.9 
 24.7  24.2  24.7  24.6  24.0  24.1  24.3  24.3  23.9  24.0  24.1  24.0  24.0  23.9  24.2  24.2  24.1  23.9  24.2  24.4  24.2  23.8  24.4  24.4  24.4  24.3  24.8  24.8  25.0  24.4  25.1  25.7 
 24.4  24.4  24.3  24.5  24.3  23.9  24.2  24.3  24.0  23.9  24.0  24.1  24.0  23.9  24.3  24.2  24.0  23.9  24.2  24.3  24.0  24.0  24.5  24.6  24.4  24.5  24.9  24.7  24.8  25.0  25.4  25.7 
 24.3  24.3  24.9  24.3  24.1  24.0  24.2  24.2  24.0  23.9  24.2  24.4  23.9  24.1  24.1  24.3  23.8  24.0  24.3  24.3  24.1  24.0  24.6  24.7  24.6  24.5  24.8  25.1  24.8  24.7  25.6  26.6 
 24.7  24.6  24.3  24.6  24.3  24.2  24.3  24.6  23.6  24.0  24.1  24.3  24.1  23.9  24.2  24.4  23.9  23.8  24.5  24.5  24.2  24.0  24.5  24.5  24.5  24.4  24.8  25.0  24.8  24.8  26.1  26.8 
 25.4  24.6  25.3  24.9  24.3  24.3  24.5  24.3  24.1  24.1  24.4  24.3  24.3  24.0  24.3  24.4  24.4  24.0  24.6  24.4  24.4  24.2  24.6  24.7  24.5  24.1  25.5  25.4  25.0  24.9  27.2  28.6 
 25.3  25.0  24.8  24.9  24.3  24.5  24.4  24.6  24.0  24.2  24.2  24.4  24.1  24.1  24.6  24.4  24.2  24.2  24.4  24.4  24.4  24.3  24.7  24.7  24.3  24.5  25.3  25.4  25.2  26.0  28.0  28.6 
