 30.3  29.0  29.6  29.6  29.0  28.8  28.7  29.5  30.5  29.8  29.7  29.2  26.7  25.3  23.9  24.3  23.9  23.8  24.1  24.1  23.9  23.9  24.2  24.4  24.2  24.4  24.7  24.9  25.6  25.3  26.1  27.9 
 29.7  29.7  29.7  29.4  29.0  28.6  27.3  27.9  28.9  28.8  28.2  28.0  25.3  24.6  24.4  24.1  23.9  23.9  23.9  24.0  24.1  24.1  24.1  24.1  24.4  24.4  25.0  25.0  25.3  25.7  26.8  27.3 
 29.7  29.0  29.4  29.4  28.3  27.5  25.3  24.8  25.5  25.4  25.2  25.0  24.1  24.0  24.2  24.0  24.1  24.0  23.9  24.1  24.0  24.1  24.1  24.4  24.5  24.4  25.3  25.6  25.9  25.4  26.3  27.0 
 29.2  28.7  28.4  28.4  27.1  26.8  24.7  24.5  24.5  24.4  24.6  24.5  24.0  23.8  24.0  24.3  24.1  24.0  24.2  24.1  23.9  23.9  24.3  24.2  24.5  24.5  25.6  26.0  25.9  25.9  26.7  26.6 
 29.7  29.4  28.7  28.2  26.6  25.5  24.2  24.3  24.0  23.9  24.1  24.1  24.2  23.9  24.1  24.2  24.0  23.8  24.0  24.1  24.1  23.8  24.0  24.2  25.0  25.5  26.6  26.6  26.7  26.5  26.8  26.9 
 28.5  28.8  28.1  27.6  25.5  24.7  24.1  24.2  24.0  23.9  24.0  24.2  24.1  24.0  24.0  24.1  23.9  24.0  24.3  24.0  24.0  24.0  24.3  24.5  25.6  26.3  27.1  27.4  27.0  27.0  27.1  26.8 
 26.8  26.7  26.3  25.8  24.3  24.0  24.2  24.2  24.1  23.8  24.0  24.1  23.9  24.0  24.1  24.2  24.2  23.9  24.2  24.1  24.0  23.8  24.5  24.9  28.1  29.0  29.6  29.3  28.0  27.6  27.2  27.3 
 26.1  25.9  25.0  25.0  24.2  24.1  24.2  24.0  24.0  23.8  23.9  24.0  24.1  23.9  24.1  24.2  24.2  24.0  24.1  24.2  24.1  24.1  24.9  26.4  32.5  33.3  31.3  30.3  28.3  28.1  27.5  26.4 
 24.5  24.2  24.4  24.1  24.1  23.8  24.2  24.1  24.1  23.8  24.1  24.0  24.1  23.9  24.0  24.1  24.0  24.1  24.2  24.2  24.2  24.3  36.8  50.1  63.4  58.6  37.9  33.5  29.0  28.4  27.5  27.6 
 24.4  24.1  24.3  24.4  24.0  23.9  24.1  24.1  23.8  23.9  24.1  24.0  24.0  23.8  23.9  24.0  24.0  24.1  24.0  24.3  24.2  24.8  51.5  69.1  83.0  73.9  42.4  35.1  29.4  28.7  27.8  27.4 
 24.3  24.1  24.3  24.2  24.1  23.9  23.8  24.1  24.0  23.9  24.0  24.0  24.0  23.7  23.9  24.2  24.0  23.9  24.1  24.2  24.7  26.7  63.6  74.0  76.5  71.8  44.8  36.6  29.9  29.1  27.6  27.4 
 24.2  24.4  24.3  24.4  24.0  23.8  24.0  24.3  23.8  23.8  24.0  24.0  24.0  23.8  24.1  24.1  23.8  23.9  24.1  24.1  24.5  26.1  60.2 nan  66.4  59.6  41.1  36.1  29.9  29.0  27.5  27.5 
 24.5  24.0  24.2  24.3  23.9  23.8  24.1  24.1  24.0  24.0  23.9  23.9  23.9  23.9  23.9  24.0  24.0  23.9  24.1  24.1  24.0  24.2  34.0  43.2  47.4  43.6  33.6  31.7  29.4  28.6  27.3  27.5 
 24.1  24.4  24.4  24.4  24.1  23.8  24.1  24.0  24.0  23.9  24.0  24.1  23.8  23.7  24.0  24.0  23.9  23.8  24.0  24.1  24.1  24.2  27.2  31.0  36.6  35.0  30.6  29.8  28.4  27.9  27.1  27.1 
 24.2  24.2  24.3  24.3  24.1  23.8  24.1  24.0  24.1  24.1  23.9  24.0  23.9  23.8  24.0  23.8  24.0  24.0  24.2  24.1  24.1  24.0  24.4  24.6  26.3  26.6  27.2  27.4  26.8  26.5  26.5  26.6 
 24.3  24.3  24.1  24.1  24.1  23.8  24.1  24.2  23.9  24.0  24.2  24.0  23.8  23.8  23.8  24.1  23.9  24.0  24.0  24.1  23.9  24.0  24.4  24.3  25.0  25.3  26.2  26.4  26.2  26.2  26.2  25.8 
 24.3  24.3  24.2  24.3  24.0  23.7  23.9  24.1  24.0  23.8  24.0  24.1  23.8  23.6  23.9  24.1  24.0  23.9  24.0  24.1  24.2  23.9  24.0  24.1  24.3  24.2  25.2  25.6  25.2  25.4  25.5  25.6 
 24.1  24.3  24.2  24.3  24.0  23.9  24.1  24.1  23.7  23.8  23.9  24.1  23.9  23.9  24.0  24.0  23.9  24.0  24.0  24.1  23.9  24.1  24.2  24.3  24.1  24.4  24.8  25.1  24.9  25.2  25.4  25.6 
 24.6  24.2  24.7  24.2  24.2  24.2  24.1  24.1  24.3  23.7  24.2  24.0  23.9  23.9  24.0  24.0  24.1  23.9  24.0  24.2  24.1  23.8  24.4  24.2  24.6  24.3  24.6  24.8  25.0  24.6  25.2  25.7 
 24.4  24.5  24.3  24.3  24.0  23.9  24.4  24.0  23.6  24.0  24.1  24.0  24.0  24.1  24.0  24.0  23.8  24.0  24.3  24.1  24.1  24.0  24.4  24.4  24.3  24.4  24.7  24.8  24.6  24.7  25.4  25.6 
 24.7  24.2  24.6  24.3  24.2  24.2  24.0  24.2  24.1  24.0  24.0  24.0  24.0  23.8  24.1  24.3  24.1  24.0  24.2  24.5  24.2  24.2  24.5  24.6  24.7  24.4  24.8  25.0  24.9  24.6  25.4  26.2 
 24.1  24.8  24.7  24.6  24.1  24.0  24.2  24.2  24.1  24.1  24.0  24.1  24.1  24.0  24.1  24.1  24.1  24.2  24.3  24.3  24.1  24.2  24.5  24.5  24.2  24.5  24.9  25.0  24.6  24.9  25.8  27.0 
 25.5  25.1  24.6  24.6  24.3  24.3  24.3  24.2  24.2  24.0  24.0  24.3  24.0  24.0  24.2  24.2  24.3  24.1  24.4  24.4  24.6  24.0  24.6  24.7  24.4  24.4  24.8  25.1  25.0  25.2  27.1  28.4 
 25.5  25.4  24.8  25.0  24.5  24.5  24.4  24.9  24.1  24.3  24.3  24.3  24.2  24.2  24.2  24.2  24.1  24.2  24.4  24.5  24.3  24.2  24.7  24.5  24.6  24.2  25.1  25.1  25.0  25.9  28.3  29.4 
