 23.4  22.6  22.9  22.8  22.6  22.1  22.7  22.3  22.1  22.2  22.4  22.5  22.3  22.1  22.5  22.4  22.2  22.1  22.3  22.3  22.1  22.2  22.7  22.6  22.5  22.6  23.0  23.7  23.1  23.3  24.0  24.6 
 22.9  23.0  23.1  22.9  22.6  22.4  22.4  22.7  22.4  22.2  22.4  22.6  22.2  22.1  22.2  22.3  22.1  21.9  22.6  22.5  22.2  22.2  22.5  22.7  22.3  22.5  23.0  24.1  23.4  23.2  23.8  24.4 
 23.0  22.5  23.1  22.5  22.5  22.3  22.7  22.7  22.4  22.2  22.7  22.6  22.1  21.9  22.4  22.3  22.1  22.1  22.1  22.2  22.3  22.0  22.4  22.5  22.3  22.4  22.9  23.1  22.8  23.0  23.3  23.7 
 23.0  22.8  22.9  23.0  22.6  22.1  22.5  22.9  22.4  22.3  22.7  22.4  22.2  22.0  22.3  22.4  22.2  22.0  22.3  22.2  22.2  22.2  22.3  22.4  22.5  22.4  23.1  23.0  22.8  22.6  23.4  23.5 
 22.8  22.6  23.0  23.0  22.4  22.4  22.6  22.6  22.7  22.9  22.8  22.5  22.3  22.0  22.4  22.2  22.0  21.9  22.3  22.1  22.2  22.2  22.5  22.5  22.1  22.4  22.7  22.6  22.5  22.9  23.0  23.2 
 22.6  22.7  22.8  23.1  22.3  22.2  22.8  22.9  23.3  23.4  23.1  22.6  22.1  22.1  22.2  22.5  22.2  21.9  22.3  22.4  22.2  22.0  22.5  22.5  22.5  22.3  22.6  22.6  22.5  22.5  23.2  23.1 
 22.8  22.7  23.0  22.7  22.4  22.4  22.9  23.2  24.9  26.0  24.0  22.9  22.4  22.1  22.4  22.2  22.2  22.0  22.2  22.2  22.2  22.2  22.5  22.4  22.5  22.3  22.6  22.7  22.5  22.4  23.2  22.9 
 22.7  22.8  22.8  22.8  22.6  22.4  22.9  23.1  25.5  26.7  24.4  22.8  22.4  22.2  22.3  22.3  22.2  22.0  22.2  22.3  22.2  22.1  22.6  22.4  22.3  22.3  22.6  22.8  22.5  22.5  22.6  22.4 
 23.2  22.9  23.0  22.9  22.6  22.7  22.7  22.8  23.0  23.2  22.8  22.5  22.1  22.2  22.2  22.4  22.1  22.1  22.4  22.3  22.1  22.3  22.5  22.5  22.4  22.4  22.5  22.6  22.6  22.7  22.9  22.7 
 23.0  22.9  23.4  23.2  22.7  22.5  22.7  22.7  22.6  22.6  22.7  22.6  22.2  22.0  22.3  22.6  22.0  22.2  22.4  22.4  22.2  22.2  22.3  22.4  22.3  22.3  22.4  22.9  22.4  22.6  22.9  23.0 
 23.5  23.5  23.8  23.7  23.4  23.5  23.1  22.7  22.4  22.5  22.6  22.4  22.1  22.1  22.4  22.3  22.2  22.0  22.5  22.2  22.2  22.1  22.5  22.4  22.3  22.2  23.1  23.3  23.1  23.1  23.1  22.7 
 23.5  23.3  24.1  24.2  24.5  24.2  23.9  23.5  22.7  22.7  22.7  22.7  22.2  22.1  22.3  22.5  22.1  22.3  22.4  22.4  22.1  22.1  22.3 nan  22.4  22.2  24.0  24.8  23.6  22.8  23.0  23.3 
 24.2  23.9  25.2  25.5  26.7  27.4  32.7  34.8  32.9  29.2  23.0  22.6  22.3  22.4  22.4  22.4  22.3  22.1  22.3  22.4  22.3  21.9  22.3  22.4  22.4  22.4  23.6  24.1  23.0  22.5  23.4  23.2 
 24.4  24.4  25.7  26.1  28.3  29.9  41.6  48.8  53.3  47.2  24.5  23.2  22.4  22.5  22.3  22.4  22.2  22.0  22.4  22.4  22.2  22.1  22.3  22.5  22.3  22.3  22.8  23.1  23.1  22.7  23.0  23.2 
 24.7  24.9  26.4  27.1  30.2  33.5  54.5  62.7  74.0  71.0  34.3  25.4  22.5  22.4  22.3  22.3  22.3  22.3  22.5  22.4  22.4  22.1  22.5  22.5  22.5  22.4  22.8  22.8  22.7  22.9  23.2  23.1 
 25.1  24.9  26.8  27.2  30.5  33.8  52.9  62.3  78.1  79.0  36.8  25.7  22.5  22.5  22.3  22.4  22.2  22.1  22.4  22.5  22.2  22.1  22.4  22.7  22.5  22.2  22.7  22.9  22.7  22.6  23.2  23.6 
 25.0  25.2  26.7  26.7  29.0  31.3  44.0  52.7  72.5  69.5  29.7  24.1  22.6  22.3  22.5  22.2  22.2  22.2  22.5  22.6  22.3  22.2  22.5  22.4  22.5  22.4  22.8  22.7  22.7  22.8  23.3  23.2 
 25.0  24.9  26.3  26.6  28.0  29.2  36.4  41.6  53.5  48.8  25.5  23.7  22.4  22.5  22.6  22.5  22.2  22.1  22.5  22.6  22.3  22.2  22.5  22.5  22.5  22.4  23.1  22.9  22.8  22.3  23.5  23.4 
 25.2  25.1  26.1  26.2  26.4  26.7  28.4  29.1  29.1  27.7  23.6  23.1  22.6  22.6  22.6  22.6  22.4  22.4  22.4  22.4  22.3  22.3  22.6  22.7  22.4  22.7  23.0  23.0  22.9  22.6  23.4  23.5 
 25.0  25.1  26.0  26.0  26.1  26.1  27.0  27.2  26.7  25.6  23.3  23.2  22.6  22.5  22.5  22.6  22.4  22.2  22.7  22.5  22.3  22.2  22.8  22.7  22.6  22.3  23.1  23.1  22.8  22.8  23.6  23.8 
 25.1  24.8  25.7  25.2  25.2  25.2  25.5  25.4  24.7  24.3  23.7  23.2  22.6  22.5  22.9  22.7  22.3  22.3  22.6  22.7  22.5  22.2  23.0  22.8  22.7  22.6  23.1  23.0  22.6  23.2  23.8  24.1 
 24.8  24.6  25.4  25.5  25.2  24.7  25.2  25.1  24.3  23.9  23.3  23.2  22.7  22.4  22.6  22.8  22.4  22.4  22.5  22.7  22.3  22.3  22.7  22.8  22.4  22.5  23.0  23.3  23.1  23.1  24.0  25.0 
 25.8  25.1  25.2  25.2  24.5  24.4  24.7  24.4  23.9  23.6  23.5  23.2  22.9  22.4  22.8  22.8  22.4  22.5  23.0  22.7  22.5  22.6  22.8  22.9  22.5  22.5  23.5  23.3  23.3  23.2  24.8  26.3 
 26.2  25.2  25.3  24.7  24.9  24.4  24.4  24.6  23.7  23.4  23.5  23.3  22.8  22.3  22.7  22.9  22.6  22.5  22.8  22.9  22.6  22.6  23.0  23.0  22.7  22.4  23.1  23.9  23.0  23.2  26.2  27.2 
