 23.6  22.3  23.6  23.0  22.8  22.4  22.4  22.7  22.3  21.9  22.8  22.5  22.4  21.9  22.5  22.4  22.3  22.0  22.2  22.2  22.3  22.1  22.6  22.5  22.8  22.2  23.0  23.4  23.5  23.1  24.0  24.3 
 23.3  22.6  23.1  23.2  22.4  22.7  22.4  22.6  22.3  22.5  22.3  22.5  22.2  22.4  22.4  22.3  22.1  22.0  22.3  22.4  22.3  22.3  22.5  22.6  22.3  22.8  23.2  24.1  23.4  23.6  23.6  24.4 
 23.1  22.4  22.8  23.0  22.8  22.2  22.8  22.5  22.5  22.1  22.4  22.5  22.3  22.1  22.4  22.2  22.3  22.1  22.1  22.2  22.2  22.2  22.3  22.4  22.5  22.3  22.7  22.8  23.1  22.3  23.3  23.3 
 22.7  22.8  22.7  23.0  22.2  22.3  22.6  22.8  22.8  22.5  22.6  22.5  22.1  22.1  22.2  22.3  22.0  22.1  22.5  22.3  22.1  22.2  22.5  22.7  22.2  22.4  22.9  22.7  22.5  22.8  23.2  23.5 
 23.0  22.8  22.9  22.8  22.6  22.5  22.4  22.6  22.9  22.8  22.6  22.5  22.2  22.0  22.2  22.2  22.3  22.1  22.3  22.3  22.4  22.0  22.4  22.5  22.5  22.2  22.9  22.5  22.8  22.7  23.4  23.0 
 22.5  22.7  22.8  22.9  22.4  22.6  22.7  22.8  23.4  23.6  22.8  22.8  22.1  22.2  22.2  22.4  22.0  22.1  22.1  22.3  22.2  22.2  22.4  22.4  22.5  22.3  22.5  22.8  22.4  22.9  22.9  23.3 
 22.8  22.4  23.1  22.8  22.7  22.4  23.1  23.1  25.0  26.1  24.1  23.0  22.5  22.2  22.4  22.1  22.1  22.1  22.2  22.0  22.3  22.2  22.5  22.5  22.5  22.1  22.5  22.8  22.6  22.7  22.9  22.8 
 22.9  22.8  22.8  23.2  22.5  22.7  22.9  23.3  25.3  27.0  24.2  23.0  22.4  22.1  22.3  22.3  22.1  22.1  22.1  22.4  22.1  22.0  22.5  22.5  22.3  22.3  22.5  22.7  22.5  22.7  22.7  22.4 
 23.3  22.6  23.1  22.8  22.6  22.4  22.9  22.7  23.1  23.0  22.8  22.4  22.3  22.2  22.3  22.1  22.2  22.0  22.4  22.3  22.3  22.3  22.3  22.3  22.4  22.2  22.8  22.6  22.7  22.5  22.9  22.7 
 23.0  23.1  23.0  23.3  22.6  22.5  22.7  22.7  22.7  22.7  22.5  22.6  22.1  22.1  22.2  22.3  22.1  22.3  22.2  22.4  22.1  22.2  22.3  22.4  22.3  22.5  22.5  23.1  22.6  22.7  23.0  23.3 
 23.5  23.3  23.7  23.9  23.6  23.4  23.0  22.8  22.6  22.5  22.6  22.5  22.4  22.1  22.3  22.3  22.3  22.1  22.3  22.2  22.4  22.2  22.2  22.4  22.5  22.1  23.2  23.3  23.4  23.2  23.1  23.1 
 23.4  23.5  23.9  24.3  24.4  24.4  23.8  23.3  22.6  22.7  22.4  22.6  22.4  22.2  22.3  22.3  22.0  22.2  22.1  22.6  22.1  22.2  22.3 nan  22.1  22.4  24.0  24.7  23.4  23.1  23.2  23.2 
 24.4  24.2  25.2  25.4  26.8  27.5  32.6  34.8  33.1  29.1  23.0  22.5  22.4  22.2  22.4  22.4  22.3  22.0  22.4  22.1  22.3  22.0  22.3  22.4  22.3  22.2  23.7  24.3  23.1  22.7  23.4  23.0 
 24.3  24.7  25.6  26.4  28.2  29.9  41.4  48.7  53.3  47.3  24.2  23.1  22.3  22.5  22.4  22.3  22.1  22.1  22.4  22.3  22.2  22.3  22.4  22.5  22.4  22.5  22.8  23.2  23.1  22.8  23.2  23.0 
 24.7  25.2  26.5  27.1  30.4  33.3  54.5  62.7  74.4  71.0  34.3  25.2  22.6  22.4  22.4  22.4  22.4  22.1  22.5  22.4  22.4  22.1  22.5  22.5  22.4  22.4  22.7  22.4  23.0  22.6  23.2  23.0 
 25.0  25.4  26.4  27.5  30.4  33.9  53.0  62.3  78.1  79.1  36.6  25.8  22.4  22.6  22.3  22.5  22.2  22.2  22.4  22.3  22.1  22.4  22.5  22.6  22.3  22.2  22.6  22.8  22.8  22.7  23.1  23.5 
 25.0  25.1  26.3  26.8  29.3  31.2  43.7  52.7  72.6  69.5  29.6  23.9  22.8  22.4  22.4  22.4  22.4  22.0  22.5  22.3  22.4  22.2  22.7  22.5  22.7  22.1  22.9  22.8  23.0  22.5  23.7  23.4 
 25.0  25.1  25.9  26.6  28.2  29.6  36.5  41.7  53.5  49.0  25.5  23.6  22.5  22.4  22.3  22.4  22.1  22.2  22.4  22.6  22.1  22.2  22.6  22.7  22.4  22.4  22.8  22.8  22.6  22.9  23.2  23.3 
 25.4  25.1  26.0  26.3  26.5  26.6  28.3  29.1  29.5  27.7  23.6  23.0  22.7  22.5  22.5  22.6  22.4  22.3  22.5  22.6  22.3  22.1  22.5  22.6  22.6  22.3  22.9  23.0  23.2  22.5  23.4  23.1 
 24.9  25.5  25.7  26.0  25.9  26.1  27.0  27.1  26.6  25.9  23.4  23.1  22.4  22.6  22.6  22.7  22.2  22.4  22.4  22.6  22.4  22.3  22.5  22.7  22.4  22.6  22.7  23.1  22.5  23.0  23.4  23.6 
 25.5  24.7  25.9  25.2  25.2  25.1  25.5  25.4  25.1  24.2  23.4  23.1  22.8  22.5  22.7  22.7  22.5  22.3  22.6  22.6  22.4  22.4  22.9  22.7  22.8  22.4  22.9  23.0  23.0  22.5  23.6  24.1 
 24.8  25.0  25.1  25.2  25.0  24.9  24.8  25.0  24.3  24.1  23.2  23.2  22.7  22.7  22.5  22.8  22.4  22.4  22.6  22.6  22.4  22.5  22.6  22.8  22.6  22.6  22.8  22.9  22.9  23.1  24.1  25.0 
 26.4  25.3  25.3  24.9  24.8  24.2  24.6  24.3  24.2  23.5  23.4  23.0  23.0  22.5  22.7  22.7  22.8  22.3  22.9  22.6  22.6  22.4  22.8  23.1  22.8  22.4  23.3  23.4  23.3  23.2  25.2  26.4 
 26.2  25.2  24.6  25.1  24.4  24.4  24.4  24.3  23.7  23.8  23.2  23.2  22.8  22.8  22.8  22.8  22.7  22.4  22.8  22.7  22.6  22.5  22.7  22.8  22.6  22.9  23.1  23.4  23.3  23.7  25.4  27.2 
