 23.8  23.7  23.7  23.6  23.0  22.7  23.1  23.4  22.5  22.6  22.8  22.9  22.7  22.7  22.6  22.8  22.8  22.7  22.9  22.8  22.9  23.0  22.9  23.3  23.5  25.0  27.7  28.5  28.8  29.3  29.6  29.5 
 24.0  23.2  23.9  23.8  23.7  22.9  23.1  23.1  23.1  22.5  23.2  22.9  22.6  22.8  23.0  22.8  22.8  22.5  23.1  22.9  23.0  22.6  23.1  23.3  23.3  24.3  27.7  28.8  28.6  28.7  29.2  29.1 
 23.4  23.5  23.5  23.4  22.7  22.6  23.1  23.1  22.8  22.9  23.0  23.0  22.6  22.7  23.0  22.8  22.8  22.8  22.9  22.9  22.6  22.7  22.8  23.1  23.3  24.1  27.3  27.7  27.8  28.0  28.8  28.7 
 24.0  23.1  23.1  23.3  22.9  22.6  23.1  23.1  23.2  22.8  23.2  22.9  22.6  22.4  22.9  23.0  22.7  22.6  23.0  22.9  22.7  22.6  23.1  23.1  23.1  23.4  26.9  27.4  28.0  27.8  28.7  29.2 
 23.3  23.5  23.4  23.2  22.9  22.7  23.2  23.3  23.1  23.4  23.0  22.9  22.6  22.7  22.9  22.7  22.8  22.7  22.9  22.8  22.6  22.7  23.1  23.0  23.0  23.3  24.4  25.1  26.8  27.4  28.6  29.1 
 23.3  23.1  23.6  23.5  22.9  22.8  23.4  23.1  23.7  24.0  23.1  22.8  22.7  22.8  22.8  22.8  22.8  22.6  22.8  23.0  22.8  22.6  23.2  23.1  23.2  22.7  23.7  23.9  26.1  26.8  28.9  29.0 
 23.0  23.3  23.3  23.3  23.0  23.1  23.2  23.6  25.6  26.6  24.1  23.3  22.8  22.8  22.7  22.8  22.6  22.9  23.1  22.9  23.0  23.0  23.2  23.2  23.0  23.0  23.4  23.2  24.2  25.9  29.1  29.4 
 23.6  23.1  23.5  23.1  23.1  22.8  23.6  23.8  26.1  27.3  24.6  23.4  22.9  22.7  22.8  22.8  22.9  22.7  23.0  23.0  23.0  22.8  23.2  23.2  23.1  22.7  23.3  23.2  24.4  26.7  30.4  29.9 
 23.6  23.4  23.7  23.4  23.0  23.0  23.1  23.3  23.5  23.7  23.3  23.0  22.8  22.8  23.0  22.9  22.8  22.9  23.0  23.0  22.8  22.9  23.1  22.9  23.0  23.0  23.4  23.7  27.4  28.8  31.2  31.5 
 23.8  23.5  23.6  23.4  23.5  22.9  23.2  23.1  23.1  23.0  23.0  23.1  22.7  22.6  22.9  23.0  22.8  22.8  23.2  23.1  23.0  23.0  23.0  23.0  23.0  23.0  23.8  24.7  28.6  29.6  31.4  31.7 
 24.0  24.1  24.4  24.0  23.7  23.9  23.4  23.2  23.0  23.1  23.0  22.9  22.6  22.8  22.9  22.9  23.0  23.0  23.1  23.0  22.8  23.0  23.2  23.0  22.8  22.9  24.2  25.7  29.2  30.0  31.3  31.7 
 24.3  24.0  24.6  24.5  24.9  24.6  24.1  23.9  23.1  22.9  23.0  23.0  22.9  22.8  22.9  23.1  23.0  22.7  23.1  23.0  22.9  22.9  23.0 nan  23.0  22.7  24.8  26.6  29.6  30.0  31.5  31.6 
 24.7  24.7  25.3  26.2  27.1  28.0  32.6  34.6  32.4  29.2  23.3  23.2  23.0  22.8  22.9  23.0  22.8  22.8  22.9  23.0  22.7  23.0  23.0  22.9  23.1  23.1  24.9  26.5  30.5  30.5  31.8  32.1 
 24.9  24.5  26.1  26.5  28.7  30.3  41.5  48.8  52.8  46.6  24.9  23.6  22.9  23.0  22.9  23.0  23.0  22.8  22.9  23.0  23.0  22.7  23.1  23.1  23.2  22.9  24.6  26.0  30.1  30.7  31.8  32.0 
 25.2  25.6  27.0  27.7  30.8  34.1  55.1  63.4  74.3  71.1  34.4  25.8  22.9  22.8  22.9  23.1  22.7  22.8  23.1  22.9  22.8  22.8  23.1  22.8  23.0  22.9  23.7  24.9  29.6  30.8  32.1  32.4 
 25.6  25.6  27.1  27.8  31.2  34.3  53.8  63.0  78.6  79.0  36.9  26.2  23.1  22.9  23.0  22.9  22.9  22.8  22.9  22.9  22.9  22.7  23.1  23.1  22.9  22.9  23.5  24.0  28.7  29.9  32.1  32.7 
 25.4  25.9  26.7  27.4  29.8  32.1  45.0  54.0  73.9  70.8  30.3  24.5  23.1  22.9  23.0  22.9  22.7  22.8  22.9  23.0  23.0  22.7  23.0  23.3  22.8  22.9  23.3  23.3  24.5  26.2  30.5  30.7 
 25.6  25.6  26.6  27.0  29.0  29.8  37.4  42.8  55.0  50.2  26.0  23.9  23.2  23.0  23.0  23.1  22.9  22.7  23.1  22.9  22.9  22.9  23.1  23.3  23.1  23.1  23.5  23.7  24.0  24.2  27.0  27.7 
 25.7  25.7  26.7  27.0  27.1  27.5  29.0  29.9  30.1  28.3  24.2  23.5  23.0  22.8  23.1  23.2  23.0  23.0  23.1  23.1  23.0  22.8  23.1  23.4  23.1  23.1  23.1  23.5  23.4  23.6  24.4  25.2 
 25.6  25.7  26.3  26.6  26.7  26.4  27.8  27.9  27.5  26.3  23.9  23.4  23.2  23.0  23.2  23.1  23.0  22.8  23.2  23.1  23.1  22.8  23.2  23.1  23.1  22.9  23.4  23.4  23.3  23.4  24.8  25.3 
 25.5  25.5  26.0  26.1  25.8  26.0  26.1  25.8  25.5  24.8  23.9  23.7  23.2  23.2  23.1  23.1  23.0  23.0  23.3  23.4  23.0  22.9  23.3  23.4  23.2  23.1  23.2  23.7  24.0  24.5  25.5  26.4 
 26.1  25.6  25.8  26.1  25.7  25.3  25.5  25.8  25.0  24.5  24.0  23.8  23.4  23.1  23.2  23.1  23.2  23.0  23.2  23.4  23.0  23.2  23.2  23.5  23.3  23.1  23.6  24.1  24.8  25.3  26.0  26.5 
 26.3  26.3  25.7  25.9  25.3  25.4  25.4  25.0  24.4  24.0  24.0  23.9  23.6  23.4  23.5  23.4  23.2  23.3  23.4  23.3  23.2  23.2  23.7  23.9  23.5  23.8  25.6  25.9  26.0  26.0  27.0  28.1 
 27.7  26.2  25.6  25.6  25.2  24.9  25.2  25.0  24.4  23.9  24.1  23.9  23.5  23.2  23.4  23.4  23.2  23.2  23.5  23.4  23.7  23.4  23.9  24.1  24.6  24.9  26.6  27.3  26.6  26.2  27.6  27.6 
