 30.0  29.6  29.7  29.4  29.1  29.1  28.9  29.6  30.6  30.1  30.1  29.6  27.1  25.5  24.3  24.1  24.1  24.1  24.2  24.1  24.2  24.0  24.5  24.5  24.3  24.4  25.0  25.3  25.4  25.7  26.7  27.6 
 29.9  30.0  29.7  29.3  29.0  29.0  28.0  28.5  29.4  29.0  28.7  28.1  25.8  24.7  24.2  24.2  24.1  23.8  24.3  24.2  24.2  24.0  24.2  24.5  24.3  24.6  25.1  25.1  25.5  25.8  26.8  26.6 
 30.4  29.5  29.8  29.6  28.8  27.8  25.6  25.0  25.9  25.9  25.4  25.1  24.1  24.1  24.3  24.2  24.1  23.9  24.0  24.1  24.1  23.9  24.3  24.2  24.7  24.8  25.3  25.6  26.0  26.0  26.4  27.0 
 29.1  29.3  28.6  28.8  27.7  27.0  25.0  24.5  24.6  24.3  24.6  24.4  24.1  24.1  23.9  24.3  24.0  24.1  24.3  24.1  24.1  24.2  24.2  24.6  24.5  24.8  25.8  25.8  26.0  25.8  26.7  26.9 
 29.9  29.7  29.4  28.6  26.8  25.8  24.5  24.2  24.1  24.0  24.0  24.0  24.1  24.0  24.2  24.1  24.3  23.8  24.1  24.0  24.1  23.9  24.2  24.3  25.0  25.6  26.7  26.7  26.7  26.6  26.7  26.7 
 29.6  29.4  28.8  28.4  25.9  25.1  24.2  24.3  24.0  23.9  24.1  24.2  24.0  24.1  24.1  24.2  24.0  24.0  24.1  23.9  23.9  23.9  24.3  24.5  25.7  26.3  27.2  27.4  27.1  27.1  27.0  26.9 
 27.4  27.1  27.4  26.3  24.4  24.2  24.1  24.1  24.1  24.0  24.3  24.4  24.0  24.0  24.2  24.0  24.0  24.0  24.2  24.2  24.1  24.0  24.5  25.0  28.3  29.3  29.7  29.5  27.9  27.6  27.5  27.2 
 26.7  26.5  25.8  25.2  24.0  24.2  24.0  24.1  24.0  24.0  24.1  24.1  24.1  24.0  24.1  24.3  24.0  23.9  24.1  24.2  24.1  24.1  24.9  26.6  32.6  33.2  31.3  30.4  28.3  27.8  27.5  26.6 
 25.1  24.5  24.5  24.4  24.2  24.1  24.3  24.1  24.1  23.9  24.2  24.0  24.1  23.9  24.1  24.2  24.1  24.0  24.4  24.0  24.2  24.3  37.0  50.1  63.5  58.7  38.2  33.5  29.3  28.4  27.6  27.3 
 24.4  24.2  24.5  24.3  23.9  23.8  24.1  24.2  24.0  23.9  24.1  24.2  23.8  24.0  24.1  24.1  24.0  24.0  24.2  24.2  24.3  24.9  51.6  69.1  83.1  73.8  42.7  35.2  29.2  28.5  27.8  27.6 
 24.4  24.4  24.5  24.3  24.1  24.1  24.2  24.0  24.0  23.9  24.1  24.0  24.1  24.0  24.0  24.1  24.1  23.9  24.2  24.2  24.9  26.8  63.8  74.1  76.6  72.0  44.9  36.6  30.0  29.0  27.9  27.4 
 24.4  24.2  24.1  24.5  24.1  24.0  24.1  24.3  23.8  24.0  24.0  24.1  23.9  23.9  23.9  24.0  24.0  24.0  24.1  24.2  24.6  26.1  60.4 nan  66.6  59.7  41.2  36.2  30.0  29.0  27.8  27.3 
 24.5  24.2  24.5  24.2  24.2  24.0  24.2  24.3  23.9  23.9  23.9  23.9  24.1  23.8  24.1  24.2  24.0  23.9  24.2  24.0  24.2  24.2  34.1  43.2  47.4  43.5  33.8  31.7  29.5  28.6  27.6  27.2 
 24.5  24.2  24.4  24.2  23.9  24.1  24.2  24.1  24.0  23.9  23.9  24.2  24.0  23.9  23.9  24.0  23.9  24.0  24.1  24.2  24.2  24.2  27.2  31.3  36.6  35.0  30.6  29.9  28.4  27.9  27.5  27.0 
 24.5  24.4  24.2  24.3  24.3  24.0  24.3  23.9  24.1  23.9  24.1  24.0  24.0  23.9  24.1  23.8  24.1  23.8  24.3  24.2  24.3  23.9  24.4  24.6  26.3  26.8  27.5  27.1  26.8  26.5  26.6  26.3 
 24.2  24.3  24.3  24.1  23.9  24.0  24.0  24.1  24.0  23.9  23.9  24.1  23.9  24.1  23.8  24.1  23.9  23.9  24.1  24.2  24.0  24.2  24.4  24.4  25.2  25.3  26.6  26.5  25.9  26.2  26.2  26.1 
 24.6  24.3  24.5  24.3  24.1  23.9  24.1  24.1  24.1  23.9  24.0  24.0  24.0  23.9  24.3  24.0  24.2  23.8  24.3  24.2  24.2  23.8  24.2  24.2  24.4  24.5  25.4  25.5  25.4  25.4  25.5  25.8 
 24.4  24.2  24.2  24.3  24.0  23.9  24.0  24.2  23.9  23.7  23.8  24.0  24.1  24.0  24.0  24.0  23.9  24.1  24.2  24.1  24.1  24.0  24.2  24.2  24.6  24.4  25.1  25.1  25.3  25.1  25.6  25.8 
 24.7  24.2  24.5  24.5  23.9  23.9  24.1  24.0  24.1  23.9  24.2  23.9  24.1  23.9  24.1  24.2  24.1  24.0  24.1  24.3  24.2  24.3  24.3  24.2  24.5  24.3  24.9  25.0  25.1  24.9  25.1  25.7 
 24.2  24.6  24.6  24.6  24.0  23.8  24.3  23.9  23.8  23.9  24.1  24.1  24.1  23.9  24.0  24.2  24.1  24.0  24.1  24.3  23.9  24.0  24.3  24.6  24.4  24.4  24.7  24.8  24.8  25.2  25.4  25.5 
 24.6  24.2  24.5  24.7  24.3  23.9  24.1  24.2  24.2  23.8  24.0  24.2  24.3  23.8  24.2  24.3  24.1  24.0  24.3  24.4  24.3  24.1  24.5  24.4  24.6  24.5  24.9  24.8  25.0  24.9  25.5  25.9 
 24.5  24.5  24.6  24.6  24.2  24.1  24.4  24.4  23.8  24.0  24.2  24.3  24.1  24.1  24.2  24.4  24.1  24.1  24.3  24.4  24.2  24.4  24.5  24.6  24.3  24.5  24.9  24.9  25.1  24.8  26.2  26.5 
 25.6  25.1  24.9  24.7  24.3  24.1  24.4  24.3  24.2  24.1  24.4  24.3  24.4  24.0  24.4  24.5  24.4  24.1  24.3  24.4  24.5  24.2  24.6  24.7  24.4  24.3  24.9  25.0  24.9  25.2  26.8  28.4 
 25.8  24.7  25.0  25.1  24.7  24.3  24.4  24.5  24.1  24.0  24.2  24.2  24.2  24.4  24.1  24.3  24.2  24.3  24.3  24.5  24.3  24.2  24.7  24.6  24.5  24.5  25.0  25.4  25.2  25.5  27.0  28.5 
