 24.1  22.8  22.9  22.9  22.9  22.4  22.5  22.3  22.3  22.2  22.2  22.4  22.4  22.1  22.0  22.3  22.2  22.2  22.3  22.3  22.4  22.3  22.6  22.6  22.9  22.5  23.2  23.4  23.8  23.3  24.3  24.9 
 22.9  23.2  23.1  22.9  22.7  22.8  22.4  22.3  22.5  22.5  22.4  22.4  22.2  22.4  22.3  22.1  22.1  22.2  22.3  22.4  22.3  22.5  22.6  22.4  22.6  22.9  23.1  23.9  23.4  23.5  23.8  24.4 
 23.5  22.7  22.8  22.7  22.7  22.4  22.5  22.5  22.7  22.2  22.4  22.4  22.4  22.2  22.3  22.2  22.3  22.0  22.1  22.2  22.2  22.1  22.3  22.4  22.8  22.4  22.7  22.8  23.2  22.8  23.3  23.5 
 22.8  23.1  23.0  22.8  22.4  22.5  22.7  22.5  22.4  22.5  22.6  22.3  22.1  22.3  22.2  22.2  22.3  22.2  22.3  22.1  22.3  22.3  22.3  22.5  22.5  22.5  22.7  22.7  22.5  22.9  23.2  23.3 
 23.3  22.6  22.7  22.7  22.8  22.3  22.5  22.7  23.2  22.9  22.8  22.7  22.5  22.0  22.5  22.2  22.3  22.0  22.0  22.2  22.6  22.1  22.0  22.5  22.7  22.3  22.8  22.5  22.8  22.9  23.0  23.0 
 22.6  22.9  22.7  22.5  22.2  22.6  22.8  22.8  23.4  23.8  23.0  22.6  22.1  22.3  22.3  22.1  22.0  22.2  22.4  22.1  22.2  22.2  22.4  22.3  22.5  22.4  22.6  22.7  22.7  22.9  23.1  22.7 
 23.1  22.7  22.4  22.7  22.6  22.5  22.9  23.1  25.3  26.2  23.9  23.1  22.5  22.0  22.1  22.3  22.3  22.0  22.3  22.3  22.4  22.3  22.3  22.5  22.6  22.3  22.7  22.7  22.7  22.5  22.7  23.1 
 23.0  22.8  22.5  22.6  22.6  22.8  22.9  23.0  25.5  26.9  24.3  22.7  22.3  22.4  22.4  22.1  22.2  22.3  22.2  22.1  22.2  22.2  22.5  22.3  22.3  22.5  22.6  22.7  22.9  22.8  22.6  22.2 
 23.3  22.9  23.0  22.9  22.8  22.6  22.7  22.8  23.2  23.0  22.8  22.4  22.5  22.2  22.3  22.4  22.3  22.2  22.3  22.3  22.3  22.2  22.3  22.2  22.6  22.4  22.7  22.6  22.9  22.7  22.8  22.9 
 23.2  23.2  23.1  23.0  22.8  22.8  22.6  22.6  22.7  23.0  22.5  22.3  22.2  22.2  22.3  22.1  22.2  22.1  22.4  22.2  22.3  22.4  22.3  22.5  22.3  22.5  22.9  22.7  22.5  22.8  23.4  22.6 
 23.7  23.5  23.4  23.6  23.7  23.1  23.0  22.8  22.9  22.5  22.4  22.3  22.5  22.3  22.3  22.4  22.4  22.2  22.3  22.2  22.6  22.1  22.3  22.3  22.5  22.2  23.0  23.3  23.6  22.9  22.9  22.9 
 23.3  23.9  24.3  23.8  24.5  24.5  23.8  23.2  22.8  22.7  22.5  22.4  22.2  22.4  22.3  22.1  22.2  22.3  22.2  22.2  22.1  22.4  22.4 nan  22.3  22.4  24.0  24.8  23.7  23.0  23.2  22.8 
 24.4  24.0  24.9  25.7  27.0  27.3  32.5  35.0  33.0  29.2  22.8  22.7  22.5  22.4  22.3  22.4  22.3  22.0  22.3  22.2  22.3  22.1  22.3  22.4  22.5  22.4  23.6  24.3  23.5  22.8  23.0  23.2 
 24.4  24.5  25.7  26.3  28.1  29.9  41.5  48.6  53.3  47.3  24.2  23.1  22.6  22.5  22.3  22.3  22.2  22.3  22.3  22.4  22.1  22.2  22.3  22.4  22.4  22.5  22.9  23.0  23.3  22.9  22.8  22.8 
 25.2  25.1  26.4  27.1  30.5  33.5  54.3  62.7  74.5  71.1  34.1  25.2  22.6  22.4  22.3  22.2  22.4  22.1  22.4  22.3  22.3  22.1  22.3  22.4  22.7  22.2  22.5  22.5  22.8  22.6  23.1  23.3 
 24.9  25.5  26.6  27.1  30.4  33.8  53.1  62.2  78.4  79.1  36.8  25.6  22.6  22.6  22.4  22.4  22.3  22.3  22.3  22.3  22.2  22.4  22.4  22.4  22.3  22.5  22.8  22.4  23.0  23.0  23.2  23.3 
 25.5  25.1  26.3  26.5  29.5  31.3  43.8  52.8  72.8  69.6  29.7  24.1  22.7  22.4  22.4  22.2  22.4  22.1  22.4  22.5  22.4  22.2  22.4  22.4  22.7  22.5  22.6  22.8  22.9  22.8  23.2  23.4 
 25.0  25.4  26.2  26.4  28.4  29.5  36.5  41.6  53.6  49.2  25.5  23.4  22.6  22.6  22.4  22.4  22.2  22.3  22.4  22.5  22.5  22.3  22.4  22.5  22.6  22.5  22.6  22.8  22.9  22.9  23.3  23.3 
 25.3  25.1  25.8  26.3  26.8  26.8  28.3  29.1  29.6  27.6  23.5  23.1  22.7  22.4  22.6  22.4  22.6  22.4  22.3  22.6  22.5  22.4  22.7  22.6  22.7  22.6  22.7  22.8  23.3  22.8  22.8  23.3 
 25.0  25.6  25.7  26.0  26.0  26.2  26.8  27.2  26.6  26.0  23.3  22.9  22.5  22.6  22.6  22.4  22.5  22.5  22.6  22.3  22.4  22.5  22.5  22.3  22.5  22.6  22.8  22.8  22.5  23.3  23.6  23.6 
 25.4  25.0  25.2  25.2  25.5  25.2  25.5  25.4  25.1  24.2  23.4  23.3  23.0  22.6  22.5  22.4  22.6  22.4  22.4  22.5  22.7  22.4  22.6  22.7  22.9  22.5  23.1  23.3  23.1  22.8  23.6  24.1 
 25.0  25.1  25.4  25.1  24.9  25.1  25.1  25.0  24.5  24.2  23.4  23.2  22.7  22.8  22.4  22.6  22.4  22.5  22.6  22.6  22.6  22.5  22.8  22.6  22.5  23.0  22.9  22.9  23.1  23.2  24.0  24.7 
 26.6  25.3  24.9  25.1  25.1  24.4  24.4  24.2  24.0  23.7  23.3  23.2  23.2  22.7  22.6  22.7  22.9  22.5  22.6  22.7  22.7  22.3  22.7  23.0  23.2  22.8  23.0  23.4  23.9  23.4  25.2  25.9 
 26.2  26.2  24.8  25.3  24.5  24.7  24.4  24.3  23.7  23.7  23.3  23.1  23.0  22.9  22.7  22.6  22.7  22.9  22.7  22.6  22.6  22.7  23.0  23.0  22.4  22.7  23.1  23.2  23.2  23.9  25.4  26.7 
