 23.4  22.4  23.2  22.7  22.8  22.1  22.5  22.1  22.1  22.0  22.4  22.2  22.4  21.7  22.1  22.2  22.0  22.0  22.4  22.1  22.3  22.2  22.3  22.4  22.5  22.3  23.2  23.5  23.3  22.7  23.7  24.6 
 22.7  22.6  22.9  22.7  22.4  22.5  22.4  22.7  22.3  22.2  22.3  22.2  22.1  22.1  22.2  22.4  21.8  22.0  22.5  22.3  22.0  22.1  22.5  22.6  22.2  22.5  23.0  24.1  23.0  23.2  23.5  23.8 
 22.8  22.5  23.0  22.7  22.8  22.0  22.7  22.4  22.6  22.2  22.4  22.3  22.2  22.0  22.3  22.2  22.1  21.6  22.1  22.3  22.3  21.9  22.2  22.0  22.6  22.3  22.7  22.8  22.9  22.5  23.1  23.3 
 22.5  22.7  22.7  22.9  22.3  22.1  22.3  22.8  22.4  22.4  22.5  22.4  22.0  22.1  22.2  22.3  22.0  22.0  22.4  22.2  21.9  22.0  22.3  22.4  22.2  22.4  22.7  22.7  22.5  22.8  23.0  23.3 
 22.8  22.6  22.7  22.5  22.4  22.2  22.4  22.8  22.8  22.9  22.7  22.7  22.3  21.9  22.4  22.2  22.1  21.9  22.1  22.2  22.0  21.8  22.2  22.5  22.5  22.0  22.6  22.5  22.5  22.4  22.5  23.0 
 22.4  22.6  22.6  22.8  22.2  22.2  22.4  22.8  23.2  23.6  22.9  22.6  21.9  22.2  22.1  22.3  21.8  21.9  22.1  22.2  22.1  22.2  22.5  22.4  22.3  22.3  22.6  22.6  22.5  22.6  23.1  23.1 
 22.9  22.4  23.0  22.7  22.8  22.2  22.8  23.1  25.0  26.1  23.9  22.9  22.5  22.1  22.1  22.4  22.2  22.0  22.3  22.1  22.4  22.2  22.3  22.4  22.3  22.1  22.5  22.5  22.7  22.4  22.7  22.8 
 22.5  22.8  22.6  22.6  22.3  22.5  22.8  23.1  25.3  26.9  24.2  23.0  22.3  22.2  22.3  22.2  22.0  21.9  22.2  22.1  22.1  22.0  22.3  22.5  22.2  22.1  22.6  22.5  22.2  22.6  22.8  22.2 
 23.3  22.6  22.7  22.7  22.7  22.3  22.8  22.7  23.0  22.9  22.8  22.3  22.2  22.1  22.3  22.3  22.0  22.0  22.1  22.1  22.1  22.1  22.3  22.4  22.3  22.0  22.4  22.4  22.8  22.6  22.8  22.7 
 23.0  22.9  23.2  23.0  22.5  22.6  22.6  22.8  22.5  22.6  22.5  22.4  22.1  22.0  22.1  22.2  21.9  22.1  22.3  22.3  22.2  22.3  22.3  22.4  22.1  22.3  22.7  22.6  22.5  22.6  23.1  23.0 
 23.5  23.1  23.6  23.6  23.5  23.1  23.0  22.7  22.7  22.3  22.5  22.3  22.2  22.0  22.1  22.3  22.1  22.0  22.3  22.2  22.2  22.0  22.3  22.2  22.3  22.1  23.1  23.4  23.2  23.0  22.8  22.9 
 23.5  23.5  23.8  24.1  24.2  24.2  23.6  23.2  22.7  22.6  22.3  22.4  22.2  22.1  22.2  22.4  21.9  22.1  22.0  22.3  22.0  22.2  22.1 nan  22.1  22.3  24.0  24.8  23.4  22.9  22.7  23.2 
 24.1  23.9  25.2  25.5  26.8  27.1  32.5  34.7  33.0  29.0  23.1  22.7  22.4  22.2  22.3  22.2  22.1  21.9  22.5  22.1  22.3  22.1  22.3  22.3  22.3  22.2  23.7  24.3  23.2  22.4  23.3  23.3 
 24.4  24.5  25.6  26.1  27.9  29.8  41.3  48.6  53.3  47.2  24.3  23.1  22.4  22.4  22.2  22.4  22.0  22.2  22.2  22.4  22.1  22.1  22.2  22.5  22.2  22.2  22.8  23.0  22.9  22.8  22.7  23.1 
 24.6  24.9  26.4  27.0  30.2  33.4  54.4  62.7  74.3  70.9  34.1  25.3  22.4  22.1  22.3  22.3  22.4  22.0  22.4  22.2  22.3  22.0  22.4  22.3  22.3  22.1  22.7  22.6  22.7  22.6  23.1  22.9 
 24.8  25.0  26.5  27.1  30.1  33.9  53.1  62.2  78.1  79.0  36.6  25.6  22.3  22.4  22.3  22.4  22.1  22.2  22.2  22.3  22.0  22.2  22.4  22.4  22.0  22.1  22.7  22.7  22.4  22.7  23.2  23.3 
 25.2  25.1  26.3  26.5  29.2  31.1  43.7  52.7  72.6  69.3  29.5  24.0  22.7  22.1  22.4  22.2  22.3  21.9  22.4  22.2  22.3  22.1  22.4  22.4  22.5  22.4  22.5  22.7  22.6  22.5  23.1  23.2 
 24.7  25.2  25.9  26.4  27.9  29.1  36.5  41.5  53.4  49.0  25.3  23.3  22.5  22.5  22.3  22.5  22.1  22.2  22.4  22.5  22.1  22.2  22.5  22.6  22.4  22.3  22.7  22.8  22.7  22.7  23.2  23.1 
 24.8  24.8  26.1  25.9  26.6  26.6  28.3  29.1  29.4  27.4  23.4  23.0  22.5  22.4  22.5  22.4  22.6  22.1  22.4  22.5  22.4  22.1  22.3  22.7  22.6  22.2  22.8  22.8  22.9  22.6  23.2  23.3 
 24.7  25.3  25.5  25.7  25.8  25.9  26.8  27.0  26.5  25.8  23.3  23.0  22.5  22.5  22.5  22.5  22.2  22.3  22.2  22.4  22.1  22.1  22.5  22.5  22.3  22.5  22.8  22.8  22.7  22.8  23.4  23.6 
 25.4  24.8  25.4  25.3  25.2  24.7  25.4  25.3  25.0  24.1  23.3  22.9  22.7  22.3  22.5  22.4  22.4  22.2  22.6  22.4  22.3  22.1  22.8  22.6  22.7  22.2  22.9  23.2  22.8  22.8  23.3  23.8 
 24.6  24.8  25.0  24.8  24.9  24.9  24.8  25.0  24.0  23.9  23.5  23.2  22.7  22.8  22.5  22.6  22.2  22.2  22.5  22.5  22.2  22.4  22.7  22.8  22.3  22.5  22.5  23.2  22.6  22.9  23.8  24.4 
 26.3  24.8  24.9  25.0  24.4  23.8  24.6  24.6  23.9  23.3  23.3  23.4  22.7  22.4  22.6  22.7  22.5  22.5  22.8  22.6  22.6  22.3  22.8  22.9  22.7  22.5  23.1  23.2  23.3  23.2  24.5  25.4 
 25.6  25.2  24.8  24.9  24.1  24.2  24.3  24.4  23.3  23.5  23.2  23.0  22.5  22.7  22.7  22.6  22.4  22.5  22.5  22.8  22.3  22.7  22.7  23.1  22.6  22.7  23.1  23.4  23.2  23.4  25.4  26.2 
