 23.5  22.7  22.8  23.0  22.5  22.3  22.4  22.6  22.1  21.9  22.5  22.3  22.3  21.9  22.2  22.4  22.2  21.9  22.3  22.2  22.0  21.9  22.3  22.5  22.5  22.1  23.1  23.4  23.4  23.0  24.2  24.5 
 23.2  22.5  22.9  23.1  22.5  22.2  22.6  22.6  22.3  22.1  22.3  22.3  22.2  21.9  22.5  22.2  22.1  21.8  22.4  22.5  22.3  22.0  22.5  22.3  22.4  22.4  23.4  24.0  23.4  22.7  23.9  24.0 
 22.8  22.3  23.0  22.9  22.4  22.2  22.3  22.5  22.3  22.4  22.4  22.4  22.2  22.1  22.2  22.2  22.0  22.1  22.4  22.4  22.2  21.9  22.2  22.4  22.4  22.3  22.7  23.0  22.6  22.5  23.0  23.4 
 22.9  22.5  22.9  22.7  22.2  22.3  22.8  22.8  22.5  22.2  22.7  22.4  22.0  21.8  22.2  22.2  22.1  21.9  22.4  22.2  22.2  22.2  22.6  22.4  22.2  22.1  22.7  22.9  22.4  22.5  23.1  23.8 
 22.8  22.6  22.7  22.5  22.3  22.1  22.6  22.6  22.6  22.7  22.5  22.6  22.1  22.1  22.2  22.1  21.9  21.9  22.1  22.1  22.0  22.1  22.1  22.2  22.5  22.2  22.5  22.8  22.4  22.8  23.1  23.2 
 22.7  22.5  22.8  22.9  22.5  22.4  22.8  22.7  23.3  23.3  22.7  22.4  22.1  21.9  22.3  22.1  22.1  22.1  22.2  22.0  22.2  21.9  22.5  22.3  22.4  22.2  22.5  22.6  22.6  22.5  23.5  22.8 
 22.5  22.6  22.7  22.6  22.4  22.3  22.8  23.0  24.7  25.9  23.9  22.9  22.1  22.0  22.3  22.3  22.0  22.0  22.2  22.1  22.2  22.1  22.2  22.4  22.2  22.1  22.5  22.8  22.6  22.4  22.6  23.2 
 22.9  22.5  22.8  22.9  22.5  22.3  23.0  23.0  25.3  26.4  24.1  22.9  22.2  22.0  22.2  22.1  22.1  21.8  22.1  22.1  22.0  22.0  22.5  22.3  22.3  22.1  22.5  22.4  22.5  22.4  22.7  22.3 
 22.9  22.4  23.0  22.9  22.4  22.3  22.8  22.8  22.8  22.9  22.8  22.4  22.1  22.1  22.2  22.4  22.0  22.0  22.3  22.2  21.9  22.1  22.2  22.4  22.1  22.2  22.4  22.4  22.4  22.8  22.8  22.9 
 23.2  22.7  23.2  23.0  22.6  22.5  22.7  22.6  22.7  22.7  22.4  22.5  22.2  22.1  22.2  22.3  22.0  22.0  22.3  22.2  22.3  22.0  22.2  22.2  22.3  22.2  22.6  22.8  22.4  22.4  23.3  22.9 
 23.3  23.4  23.5  23.8  23.4  23.2  23.0  22.9  22.4  22.6  22.4  22.5  22.2  22.1  22.3  22.2  21.8  22.0  22.3  22.4  22.2  22.2  22.4  22.4  22.1  22.1  23.1  23.5  23.0  23.0  22.8  23.1 
 23.1  23.5  23.9  24.0  24.3  24.1  23.7  23.3  22.8  22.4  22.4  22.5  22.3  21.8  22.4  22.3  22.2  22.0  22.3  22.2  22.2  22.1  22.3 nan  22.3  22.3  24.0  24.5  23.4  22.8  23.1  23.1 
 24.1  24.1  24.9  25.4  26.7  27.3  32.5  34.7  32.7  29.0  22.9  22.7  22.3  22.2  22.3  22.5  22.1  21.9  22.3  22.2  22.1  22.1  22.2  22.6  22.3  22.3  23.5  24.1  23.1  22.7  23.0  23.2 
 24.1  24.4  25.6  26.1  28.2  29.6  41.4  48.6  53.2  47.1  24.3  23.0  22.3  22.3  22.4  22.3  22.2  21.8  22.3  22.3  22.2  21.9  22.4  22.4  22.2  22.1  22.9  22.9  22.8  22.4  22.9  22.9 
 24.8  24.8  26.3  27.0  30.2  33.3  54.4  62.7  74.1  70.8  34.1  25.2  22.3  22.3  22.3  22.4  22.3  22.1  22.4  22.3  22.1  21.8  22.4  22.4  22.2  22.3  22.3  22.8  22.6  22.6  22.9  23.2 
 24.8  24.9  26.5  27.1  30.4  33.8  53.0  62.2  78.0  78.9  36.6  25.5  22.5  22.3  22.5  22.3  22.2  22.0  22.5  22.4  22.3  22.1  22.3  22.6  22.2  22.1  22.5  22.6  22.7  22.5  23.4  23.2 
 24.9  25.1  26.0  26.6  29.1  31.3  43.8  52.8  72.6  69.5  29.7  24.0  22.4  22.2  22.2  22.2  22.2  21.9  22.4  22.5  22.2  22.1  22.5  22.4  22.5  22.2  22.7  22.9  22.4  22.6  23.4  23.3 
 25.2  24.8  25.9  26.4  28.2  29.2  36.2  41.7  53.5  49.0  25.5  23.2  22.4  22.4  22.6  22.4  22.3  22.0  22.3  22.4  22.2  22.3  22.5  22.5  22.4  22.4  22.6  22.8  22.8  22.5  23.2  23.5 
 25.1  24.8  25.9  26.3  26.3  26.6  28.2  29.1  29.2  27.4  23.5  22.9  22.4  22.3  22.5  22.6  22.5  22.2  22.3  22.5  22.3  22.2  22.6  22.7  22.4  22.4  22.9  22.6  22.9  22.5  23.1  23.6 
 24.7  25.0  25.7  25.9  26.1  25.7  27.2  27.1  26.6  25.5  23.2  23.1  22.5  22.4  22.5  22.5  22.3  22.2  22.7  22.4  22.4  22.3  22.4  22.7  22.5  22.6  22.7  23.0  22.6  22.7  23.3  23.7 
 25.0  24.7  25.1  25.2  25.4  25.0  25.4  25.3  24.7  24.2  23.3  23.1  22.5  22.5  22.5  22.5  22.3  22.3  22.3  22.4  22.5  22.2  22.7  22.7  22.7  22.4  22.8  23.2  22.5  22.5  23.7  24.3 
 24.8  25.0  25.1  25.2  24.9  24.6  25.1  25.0  24.3  23.9  23.1  23.4  22.7  22.3  22.6  22.5  22.2  22.2  22.4  22.5  22.3  22.4  22.7  22.5  22.4  22.3  22.7  22.8  23.0  22.8  23.7  24.6 
 25.7  25.2  25.1  24.9  24.7  24.2  24.5  24.3  23.8  23.4  23.3  23.1  22.7  22.6  22.5  22.7  22.6  22.5  22.7  22.6  22.5  22.3  23.0  23.1  22.6  22.4  23.0  23.3  22.8  23.3  25.1  25.8 
 26.4  25.3  24.7  24.8  24.3  24.1  24.3  24.3  23.4  23.3  23.4  23.2  22.6  22.5  22.7  22.8  22.6  22.2  22.7  22.5  22.7  22.4  23.0  22.9  22.7  22.5  23.3  23.4  23.5  23.3  25.7  26.1 
