 30.1  29.4  29.8  29.6  28.9  28.7  29.6  30.2  30.6  30.2  30.5  29.6  27.0  24.6  24.4  24.2  24.1  23.7  24.2  24.0  23.9  23.8  24.4  24.4  24.4  24.1  25.2  25.1  25.3  25.1  26.3  27.6 
 29.7  29.7  29.7  29.4  28.6  28.5  28.4  29.1  29.4  29.4  28.7  28.3  25.1  24.4  24.2  24.1  23.8  23.7  24.1  24.4  23.9  23.8  24.1  24.2  23.9  24.2  24.8  25.3  25.2  25.7  26.1  27.1 
 30.3  29.6  30.1  29.8  28.3  27.2  25.2  25.5  26.3  26.0  25.5  25.1  24.0  23.9  24.3  24.1  24.0  23.9  23.9  24.0  24.0  23.9  24.3  24.4  24.4  24.3  25.5  25.4  25.6  25.6  26.5  26.6 
 29.3  29.2  28.9  29.1  27.6  26.7  24.7  24.5  24.6  24.6  24.5  24.4  23.8  23.9  24.2  24.2  23.8  24.0  24.2  24.0  24.0  24.0  24.1  24.3  24.4  24.7  25.7  25.9  25.7  26.1  26.7  26.8 
 29.8  29.6  28.6  28.2  26.5  25.2  24.4  24.2  24.1  23.9  24.0  24.1  24.1  23.9  24.3  24.0  24.1  23.7  24.1  24.1  23.8  23.9  24.3  24.2  25.1  25.4  26.6  26.7  26.8  26.5  26.8  27.1 
 29.1  29.5  28.4  27.9  25.5  24.8  24.2  24.2  23.8  23.9  24.0  24.1  23.8  23.8  24.1  24.0  23.8  23.9  24.1  24.0  23.6  24.0  24.3  24.3  25.4  26.3  27.3  27.3  26.9  27.2  27.5  26.8 
 27.5  27.4  27.2  25.9  24.3  23.8  24.1  24.1  24.0  23.8  24.1  24.2  23.9  23.9  24.1  24.1  23.9  23.9  24.2  24.2  24.1  23.9  24.5  25.0  28.1  28.9  29.6  29.4  27.7  27.6  27.5  27.2 
 26.7  26.4  25.5  25.4  23.9  24.0  24.2  24.1  23.7  23.8  23.9  24.0  23.7  24.1  24.2  24.3  23.9  24.0  24.0  24.0  24.0  24.1  24.9  26.3  32.6  33.2  31.4  30.3  28.0  27.8  27.3  26.5 
 25.6  24.5  24.4  24.4  24.1  23.7  24.2  24.2  24.1  23.7  24.1  24.1  23.9  23.9  24.2  24.2  24.1  23.8  24.2  24.2  24.2  24.3  36.8  50.2  63.5  58.3  38.1  33.4  29.0  28.2  27.5  27.3 
 24.1  24.1  24.4  24.2  24.1  24.1  24.2  24.1  23.8  23.9  24.3  24.0  23.7  23.8  24.0  24.1  23.9  24.0  24.1  24.1  24.1  24.9  51.6  69.2  82.9  73.9  42.3  35.1  29.0  28.7  27.8  27.6 
 24.4  24.0  24.3  24.3  24.1  23.8  24.0  24.1  23.8  23.7  24.1  23.9  24.0  23.6  24.1  24.1  23.9  23.8  24.2  24.2  24.8  26.7  63.7  74.0  76.6  72.0  44.8  36.6  29.8  28.7  27.8  27.3 
 24.2  24.2  24.3  24.2  23.7  23.8  23.9  24.2  23.7  23.7  24.0  24.1  23.9  23.8  23.8  23.9  23.8  23.9  24.2  24.1  24.5  26.2  60.4 nan  66.4  59.6  41.2  36.0  29.9  28.9  27.7  27.5 
 24.4  24.1  24.1  24.3  24.1  23.8  24.2  24.3  23.9  23.6  24.1  24.1  23.9  23.7  24.0  23.9  24.1  23.6  24.2  24.1  24.2  24.0  34.1  43.1  47.4  43.4  33.7  31.9  29.3  28.3  27.6  27.2 
 24.0  24.3  24.4  24.2  24.0  24.1  24.3  24.0  23.6  23.8  23.9  24.2  23.7  24.0  24.1  24.1  23.6  23.9  24.1  24.2  23.9  24.3  27.4  31.1  36.2  34.9  30.4  29.9  28.5  28.0  27.4  27.1 
 24.2  23.9  24.2  24.3  24.2  23.6  24.0  24.0  24.0  23.6  24.2  24.1  23.9  23.8  24.0  24.0  24.0  23.7  24.2  24.2  24.1  23.9  24.4  24.4  26.3  26.6  27.1  27.0  26.7  26.2  26.3  26.5 
 23.9  24.0  24.2  24.4  23.8  23.9  24.0  24.1  23.8  23.9  23.9  24.0  23.6  24.0  23.9  24.0  23.8  23.8  24.0  24.2  23.8  24.0  24.3  24.5  24.8  25.4  26.4  26.3  25.8  26.0  26.2  26.0 
 24.2  24.0  24.4  24.2  24.0  23.8  24.2  24.0  23.9  23.6  24.1  24.0  24.0  23.8  23.8  23.9  24.1  23.7  24.0  24.0  24.2  23.7  24.1  24.1  24.3  24.4  25.1  25.4  25.2  24.9  25.7  25.6 
 24.1  24.0  24.4  24.2  23.6  23.9  24.1  24.2  23.9  23.9  23.9  23.9  23.6  23.9  24.0  24.1  23.8  24.0  24.3  24.0  23.7  23.9  24.1  24.4  24.3  24.4  25.0  25.1  25.1  25.0  25.4  25.7 
 24.6  24.1  24.3  24.4  24.0  23.8  24.0  24.0  23.8  23.6  24.1  24.0  23.7  23.9  24.2  23.9  24.1  23.9  24.2  24.4  24.1  23.8  24.3  24.3  24.3  24.2  24.8  24.7  24.8  24.6  25.4  25.6 
 24.3  24.4  24.3  24.5  23.6  23.7  24.1  24.2  23.8  23.8  24.0  24.0  23.8  23.9  24.2  24.1  23.8  23.9  24.3  24.1  24.1  24.0  24.4  24.4  24.2  24.2  24.7  24.8  24.3  24.8  25.6  26.0 
 24.7  24.0  24.6  24.4  24.3  23.9  24.1  24.3  23.9  23.8  24.0  24.1  24.0  23.7  24.2  24.2  23.9  24.0  24.3  24.3  24.2  24.0  24.4  24.4  24.6  24.3  24.8  25.0  24.7  24.6  25.2  25.9 
 24.3  24.8  24.8  24.5  24.1  24.2  24.1  24.3  23.8  23.9  24.1  24.3  24.0  24.0  24.1  24.3  24.1  24.1  24.5  24.1  24.0  24.1  24.4  24.5  24.1  24.4  24.9  25.2  24.3  24.7  26.0  27.0 
 25.3  25.1  24.8  24.8  24.2  24.0  24.8  24.2  24.2  24.0  24.1  24.3  24.3  24.0  24.3  24.5  24.2  23.9  24.4  24.4  24.2  24.2  24.6  24.7  24.6  24.2  25.2  25.5  24.8  24.6  28.1  28.0 
 25.8  25.2  24.8  25.1  24.1  24.4  24.4  24.6  24.0  24.2  24.2  24.4  23.9  24.3  24.4  24.3  24.1  24.3  24.5  24.3  24.1  24.3  24.6  24.7  23.9  24.4  25.1  25.5  25.1  25.7  27.0  28.4 
