 29.5  29.2  29.3  29.3  28.9  28.8  28.8  29.9  30.3  30.0  30.2  29.6  27.2  25.5  24.1  24.2  23.9  23.7  24.2  24.2  23.7  23.8  24.2  24.4  24.1  24.1  24.9  25.3  25.1  25.3  26.8  27.9 
 29.5  29.2  29.4  29.2  28.8  28.2  27.3  28.0  29.1  28.8  28.7  28.2  25.7  24.6  24.2  24.1  24.0  23.6  24.2  24.1  24.1  23.8  24.3  24.2  24.2  24.1  25.0  25.0  25.3  25.5  26.5  26.8 
 29.6  29.8  29.7  29.6  28.1  27.7  25.1  25.0  25.2  25.7  25.5  25.3  24.0  24.0  24.3  24.1  23.8  24.0  24.0  24.1  23.8  23.9  24.1  24.5  24.2  24.4  25.3  25.7  25.6  25.9  26.3  26.6 
 29.2  28.5  28.9  28.5  27.5  26.7  24.9  24.3  24.4  24.0  24.6  24.1  23.9  23.9  24.3  24.1  24.0  23.9  24.2  24.1  23.9  23.8  24.2  24.1  24.5  24.4  25.7  25.9  25.9  25.7  26.7  26.6 
 29.5  29.7  28.7  28.2  26.2  25.9  24.2  24.3  23.9  24.0  24.1  24.2  23.8  23.9  24.1  24.1  23.8  23.9  24.0  24.0  23.9  23.9  24.2  24.4  24.8  25.5  26.6  26.7  26.3  26.5  26.8  26.7 
 29.3  29.0  28.5  27.6  25.8  24.5  24.3  24.1  23.9  23.7  23.9  24.1  24.0  23.7  24.1  24.2  23.9  23.8  24.2  23.9  23.9  23.6  24.2  24.4  25.6  26.1  27.4  27.5  27.0  26.9  27.1  27.0 
 27.0  27.3  26.9  26.3  24.2  24.1  24.2  24.2  23.9  23.8  24.1  24.2  23.8  24.1  24.1  24.2  23.8  23.9  24.2  24.1  24.0  24.2  24.4  25.0  28.0  29.0  29.6  29.3  27.4  27.5  27.1  27.2 
 26.8  25.9  25.7  25.0  24.3  24.0  24.3  24.1  23.9  23.6  24.2  23.9  23.9  23.7  24.2  24.1  24.2  23.7  24.0  24.1  23.9  23.8  24.8  26.4  32.7  33.0  31.3  30.5  28.2  27.5  27.3  26.5 
 25.0  24.4  24.4  24.4  23.5  23.7  24.0  24.1  23.9  24.0  24.0  24.1  23.8  23.9  24.0  24.0  23.9  24.1  24.3  24.1  24.0  24.4  36.7  50.1  63.4  58.6  38.0  33.6  28.9  28.4  27.5  27.5 
 24.4  24.1  24.4  24.2  24.2  23.7  24.1  24.1  23.9  23.7  24.1  24.1  23.8  23.8  24.0  24.2  24.0  23.8  24.1  24.3  24.2  24.7  51.6  69.1  83.0  73.8  42.5  35.1  29.3  28.4  28.1  27.7 
 24.3  24.1  24.2  24.5  23.8  24.0  24.0  23.9  23.9  23.8  24.1  24.0  23.8  23.8  23.9  24.2  23.8  23.9  24.1  24.2  24.6  26.7  63.7  74.0  76.4  72.1  44.8  36.7  29.6  29.1  27.6  27.4 
 24.2  24.1  24.4  24.2  23.8  23.8  24.1  24.0  24.0  23.9  24.0  23.9  23.8  23.7  24.0  23.9  23.8  23.9  24.1  24.0  24.5  26.0  60.4 nan  66.6  59.6  41.2  36.0  30.2  28.8  27.5  27.2 
 24.2  23.9  24.0  24.3  24.0  23.9  24.1  24.1  23.8  23.7  23.8  24.1  23.9  23.6  23.9  24.1  23.8  23.8  24.2  24.1  24.1  24.3  33.7  43.0  47.2  43.6  33.6  31.7  29.1  28.6  27.3  27.4 
 24.6  24.0  24.3  24.6  23.9  23.9  24.1  23.9  24.0  23.6  24.1  24.0  23.9  23.7  24.0  24.0  23.9  23.7  24.1  24.1  24.1  23.8  27.3  30.9  36.5  34.8  30.6  29.7  28.6  27.7  27.2  27.1 
 23.9  24.4  24.2  24.0  23.9  23.7  24.1  24.1  23.7  23.8  23.8  24.0  23.7  23.8  24.0  24.1  23.8  23.8  24.2  24.2  23.9  24.1  24.4  24.6  26.0  26.4  27.0  27.5  26.6  26.5  26.3  26.3 
 24.2  24.0  24.5  24.0  24.0  23.7  24.1  24.0  23.9  23.8  24.1  23.9  23.9  23.7  23.9  23.8  23.9  23.6  24.1  24.1  24.0  23.8  24.2  24.2  24.9  25.0  26.6  26.3  26.3  25.7  26.3  25.7 
 24.0  24.0  24.4  24.3  23.9  23.6  23.9  24.1  23.8  23.6  23.8  24.0  23.7  23.7  23.9  23.9  23.6  23.8  24.0  24.2  23.8  23.8  24.2  24.4  24.4  24.6  25.0  25.6  24.8  25.3  25.7  26.0 
 24.3  23.8  24.4  24.2  23.8  23.7  24.0  24.0  23.8  23.5  23.9  23.8  23.9  23.6  24.0  23.9  23.7  23.8  24.1  24.0  23.9  24.0  24.2  24.0  24.5  24.3  25.0  24.8  25.1  25.0  25.7  25.6 
 24.4  24.2  24.3  24.4  23.8  23.9  24.0  24.1  23.6  23.5  24.0  24.0  23.8  23.9  24.0  24.1  23.9  24.1  24.1  24.2  24.0  24.0  24.2  24.4  24.3  24.3  24.8  25.0  24.5  24.8  25.2  25.6 
 24.3  24.2  24.5  24.5  24.2  23.9  24.1  24.2  23.9  23.6  24.1  24.0  23.8  23.8  24.0  24.1  23.8  23.9  24.1  24.1  24.1  23.9  24.3  24.4  24.3  24.3  24.7  24.7  24.8  24.5  25.4  25.6 
 24.3  24.5  24.6  24.5  24.2  23.9  24.1  24.2  24.0  23.9  24.0  24.3  23.9  23.9  24.1  24.1  23.9  24.0  24.2  24.3  24.0  24.1  24.3  24.4  24.3  24.3  24.7  24.8  24.4  24.9  25.2  26.7 
 24.3  24.3  24.7  24.3  24.1  23.9  24.3  24.3  23.8  23.8  24.0  24.2  24.2  23.7  24.2  24.1  24.2  23.9  24.4  24.1  24.2  24.1  24.5  24.5  24.3  24.4  24.9  24.8  24.8  24.5  26.3  26.7 
 25.0  24.9  24.6  25.1  24.2  24.3  24.3  24.6  24.0  24.1  24.3  24.3  23.9  24.0  24.3  24.5  24.1  24.3  24.4  24.4  24.1  24.3  24.5  25.0  24.0  24.3  24.8  25.1  24.8  25.2  27.4  28.0 
 25.8  24.6  25.0  25.0  24.7  24.2  24.4  24.3  23.9  23.9  24.2  24.4  24.1  23.8  24.3  24.2  24.0  23.9  24.5  24.4  24.3  24.3  24.5  24.5  24.3  24.1  25.3  25.5  25.5  24.9  27.9  28.0 
