 23.5  22.8  22.9  22.9  22.8  22.4  22.5  22.6  22.4  22.2  22.5  22.6  22.2  22.3  22.2  22.4  22.0  22.2  22.4  22.5  22.3  22.2  22.4  22.6  22.5  22.3  23.2  23.5  23.4  23.5  24.2  25.2 
 23.5  22.7  23.2  22.9  22.7  22.4  22.5  22.8  22.4  22.1  22.4  22.7  22.5  22.0  22.3  22.1  22.2  21.9  22.6  22.3  22.3  22.2  22.6  22.3  22.5  22.7  23.2  24.0  23.7  23.1  24.0  24.3 
 22.8  22.7  23.2  22.9  22.4  22.1  22.6  22.6  22.4  22.2  22.4  22.4  22.1  22.2  22.3  22.3  22.2  22.1  22.2  22.3  22.2  22.0  22.3  22.4  22.6  22.2  22.7  22.9  22.8  22.8  23.4  23.5 
 22.8  22.6  22.7  22.8  22.5  22.3  22.7  22.5  22.6  22.3  22.6  22.3  22.0  21.9  22.4  22.2  22.3  22.0  22.5  22.2  22.1  22.0  22.6  22.4  22.5  22.3  22.8  22.7  22.6  23.0  23.2  23.6 
 23.0  22.6  22.9  23.1  22.5  22.3  22.6  22.8  22.8  23.0  22.6  22.6  22.2  22.3  22.2  22.1  22.0  22.0  22.1  22.3  22.2  22.0  22.1  22.6  22.4  22.4  22.6  22.9  22.4  22.7  22.9  23.3 
 22.8  22.6  22.9  22.7  22.3  22.1  22.9  22.7  23.5  23.5  22.9  22.7  22.2  22.0  22.2  22.3  22.2  22.0  22.4  22.2  22.4  22.0  22.4  22.4  22.7  22.2  22.8  22.5  22.7  22.6  23.1  23.0 
 22.8  22.6  22.6  22.6  22.5  22.5  22.8  22.8  24.8  26.1  23.9  23.1  22.2  22.1  22.3  22.4  22.1  22.1  22.1  22.3  22.1  22.2  22.4  22.6  22.6  22.2  22.6  22.9  22.5  22.5  23.3  22.9 
 23.2  22.8  22.6  22.9  22.6  22.4  23.0  23.1  25.2  26.6  24.2  22.6  22.4  22.1  22.3  22.3  22.3  21.9  22.3  22.2  22.2  22.1  22.5  22.3  22.5  22.2  22.6  22.6  23.0  22.2  23.0  22.3 
 23.0  23.1  22.8  22.9  22.5  22.5  22.8  23.0  22.9  23.1  22.7  22.5  22.3  22.2  22.2  22.4  22.2  22.2  22.4  22.4  22.1  22.4  22.4  22.5  22.4  22.4  22.7  22.8  22.6  22.3  22.8  23.0 
 23.0  22.9  23.1  23.1  23.0  22.4  22.5  22.7  22.7  22.7  22.8  22.5  22.3  22.0  22.3  22.1  22.3  22.1  22.2  22.1  22.3  22.1  22.5  22.3  22.3  22.3  22.8  22.9  22.8  22.7  23.2  23.2 
 23.6  23.7  23.6  23.7  23.6  23.3  23.1  23.2  22.3  22.5  22.4  22.4  22.1  22.2  22.3  22.3  22.2  22.1  22.3  22.2  22.1  22.3  22.3  22.3  22.3  22.1  23.1  23.6  23.4  23.1  23.1  22.9 
 23.5  23.7  23.9  24.2  24.4  24.3  23.8  23.3  22.8  22.5  22.6  22.6  22.4  22.1  22.3  22.4  22.2  22.0  22.3  22.2  22.2  22.1  22.4 nan  22.5  22.2  24.0  24.8  23.4  22.8  22.6  23.4 
 24.0  24.2  25.2  25.5  26.8  27.3  32.6  34.8  32.9  29.1  22.9  22.8  22.3  22.3  22.2  22.5  22.1  22.2  22.3  22.1  22.2  22.2  22.3  22.7  22.4  22.4  23.8  24.5  23.1  22.9  23.1  23.2 
 24.6  24.5  25.6  26.2  28.3  29.8  41.4  48.6  53.4  47.1  24.4  22.8  22.4  22.3  22.3  22.4  22.3  22.1  22.3  22.2  22.3  22.1  22.5  22.5  22.3  22.3  22.9  22.9  23.0  22.8  23.2  23.0 
 24.7  25.1  26.5  27.3  30.4  33.5  54.5  62.8  74.3  71.0  34.1  25.3  22.5  22.5  22.4  22.3  22.2  22.2  22.4  22.5  22.2  22.2  22.5  22.5  22.4  22.4  22.5  22.6  22.8  22.7  23.1  23.3 
 25.1  24.9  26.6  27.2  30.7  33.9  53.1  62.2  78.1  79.0  36.7  25.6  22.5  22.5  22.4  22.2  22.3  22.1  22.4  22.4  22.1  22.2  22.4  22.3  22.4  22.1  22.9  22.5  22.8  22.9  23.2  23.1 
 25.1  25.4  26.1  26.7  29.3  31.3  43.8  52.7  72.6  69.5  29.6  24.2  22.4  22.4  22.2  22.3  22.2  22.2  22.3  22.5  22.3  22.3  22.4  22.4  22.6  22.5  22.8  22.8  22.7  22.8  23.0  23.2 
 25.0  25.0  26.0  26.2  28.3  29.2  36.5  41.5  53.5  48.9  25.5  23.4  22.7  22.3  22.6  22.3  22.3  22.0  22.4  22.4  22.3  22.2  22.4  22.5  22.5  22.5  22.7  22.8  22.7  22.6  23.2  23.3 
 24.9  25.1  25.9  26.6  26.6  27.0  28.4  29.1  29.3  27.8  23.6  23.1  22.5  22.5  22.4  22.7  22.3  22.2  22.4  22.7  22.4  22.3  22.6  22.8  22.6  22.6  22.7  23.0  22.8  22.8  23.2  23.7 
 24.9  25.0  25.9  26.1  26.0  25.7  27.2  27.0  26.8  25.7  23.3  23.0  22.7  22.3  22.6  22.5  22.4  22.2  22.8  22.4  22.3  22.2  22.7  22.5  22.6  22.6  22.9  22.8  22.8  22.9  23.6  23.7 
 25.1  25.0  25.3  25.3  25.2  25.2  25.4  25.4  25.0  24.3  23.2  23.2  22.5  22.6  22.6  22.6  22.5  22.6  22.4  22.6  22.3  22.5  22.6  22.6  22.7  22.5  22.9  23.2  22.9  22.8  23.5  24.1 
 24.8  25.2  25.4  25.0  25.2  24.9  24.9  25.2  24.4  24.1  23.5  23.2  22.8  22.3  22.6  22.6  22.5  22.5  22.5  22.6  22.3  22.4  22.7  22.5  22.5  22.3  23.0  23.1  23.1  23.0  24.0  24.9 
 26.2  25.5  24.9  25.1  24.7  24.4  24.4  24.4  24.0  23.7  23.4  23.4  22.9  22.6  22.8  22.7  22.7  22.5  22.8  22.8  22.6  22.3  22.8  22.9  22.7  22.5  23.0  23.4  23.4  23.6  25.4  25.9 
 26.8  25.8  25.0  25.0  24.5  24.1  24.6  24.3  23.8  23.3  23.5  23.3  22.7  22.7  22.9  22.7  22.4  22.5  22.8  22.5  22.8  22.5  23.1  22.8  23.0  22.8  22.9  23.4  23.2  23.5  25.8  26.5 
