 23.7  23.4  23.6  23.5  22.9  22.8  23.0  22.9  22.5  22.5  22.8  22.9  22.6  22.7  22.9  22.9  22.7  22.6  22.9  22.9  22.6  22.5  23.6  25.1  27.3  27.8  29.2  29.1  29.1  28.8  30.2  30.6 
 23.7  23.3  23.6  23.6  23.1  22.9  22.8  22.9  22.6  22.5  22.7  23.3  22.5  22.6  22.8  22.8  22.6  22.5  22.8  22.9  22.8  22.5  23.5  24.7  27.6  28.0  28.8  29.4  29.0  29.5  30.0  30.3 
 23.3  22.9  23.4  23.3  22.7  22.6  23.0  22.7  22.6  22.6  23.0  22.9  22.5  22.5  22.9  22.8  22.5  22.5  22.9  22.8  22.6  22.6  22.9  24.1  27.0  27.8  28.8  29.1  29.2  29.0  30.5  31.3 
 23.3  23.3  23.5  23.3  22.9  22.5  23.0  23.1  22.7  22.8  22.8  22.7  22.7  22.5  22.7  22.8  22.7  22.4  22.9  23.0  22.6  22.6  23.1  23.7  26.7  27.4  28.9  29.2  28.5  29.1  30.9  30.6 
 23.3  23.2  23.4  23.2  22.9  22.7  23.2  23.2  23.1  23.2  23.0  22.7  22.7  22.5  22.8  22.7  22.4  22.4  23.1  22.7  22.7  22.5  23.0  23.2  25.1  26.7  28.6  28.9  29.0  29.1  29.6  29.3 
 23.2  23.2  23.4  23.3  22.8  22.8  23.2  23.2  23.7  23.7  23.0  23.0  22.7  22.6  22.7  22.8  22.7  22.6  23.0  23.0  22.7  22.7  23.0  23.1  25.1  25.7  28.5  28.9  28.8  28.6  29.6  30.0 
 23.2  22.9  23.4  23.1  22.6  22.6  23.3  23.3  25.4  26.5  23.9  23.2  22.7  22.7  22.8  22.7  22.6  22.6  22.8  22.8  22.8  22.8  23.2  23.0  23.0  23.7  25.9  27.3  28.7  28.8  29.6  29.5 
 23.0  23.3  23.4  23.3  22.6  22.8  23.4  23.6  26.0  27.3  24.4  23.2  22.6  22.5  22.7  22.8  22.8  22.5  22.8  23.0  22.6  22.9  23.1  23.1  22.9  22.7  24.6  26.0  28.7  29.1  29.7  29.5 
 23.5  23.2  23.3  23.0  22.8  23.0  23.2  23.2  23.6  23.6  23.2  23.0  22.7  22.6  22.8  22.9  22.8  22.8  23.1  22.8  22.8  22.8  23.2  23.0  23.0  23.9  27.7  29.4  30.7  30.3  30.5  30.0 
 23.7  23.2  23.7  23.5  23.0  23.0  23.1  23.1  23.0  22.9  23.0  23.0  22.5  22.6  22.7  22.9  22.8  22.8  22.9  23.0  22.8  22.7  23.1  23.0  23.9  25.0  29.4  30.3  31.1  31.3  31.7  31.7 
 23.9  24.0  24.1  24.3  23.8  23.7  23.3  23.2  22.9  22.7  22.9  22.8  22.8  22.5  22.8  22.9  22.8  22.7  23.1  22.8  22.9  23.0  23.1  23.1  25.5  27.6  30.3  31.2  31.6  31.9  32.8  32.9 
 24.0  24.1  24.2  24.5  24.3  24.4  24.0  23.9  23.1  22.8  22.8  23.1  22.7  22.6  22.8  22.9  22.8  22.9  22.9  22.9  23.0  22.8  22.9 nan  26.3  27.5  30.3  31.1  31.7  31.5  32.7  32.8 
 24.3  24.2  25.5  25.8  26.9  27.7  32.4  34.5  32.4  28.9  23.4  23.1  22.7  22.5  22.9  22.9  22.7  22.7  23.1  22.9  22.6  22.7  23.1  23.2  26.3  28.4  31.5  31.4  31.4  31.8  33.1  33.1 
 24.8  24.7  26.1  26.4  28.3  30.1  41.4  48.9  52.7  46.5  24.6  23.4  22.7  22.7  22.9  23.0  22.7  22.7  22.9  23.0  22.7  22.7  23.1  23.2  26.5  28.1  31.3  31.6  31.7  31.9  33.1  33.3 
 25.1  25.3  26.9  27.6  30.6  34.0  55.1  63.3  74.4  70.9  34.1  25.5  22.9  22.8  22.9  22.8  22.7  22.7  23.0  22.8  22.7  22.7  23.2  23.0  25.0  27.7  31.3  31.4  31.8  31.3  30.8  31.2 
 25.5  25.4  26.9  27.9  30.8  34.3  53.9  63.1  78.6  78.8  36.7  26.0  22.8  22.8  22.8  22.8  22.7  22.7  22.8  22.8  22.7  22.7  23.0  23.1  24.4  26.2  30.6  31.3  31.1  31.1  28.8  28.3 
 25.5  25.5  27.1  27.3  29.7  32.0  44.9  54.2  73.9  70.6  30.1  24.5  22.7  22.7  22.7  22.7  22.8  22.6  22.9  22.9  22.9  22.8  23.1  23.2  22.9  23.2  25.6  25.9  26.6  26.7  26.2  25.8 
 25.5  25.3  26.6  26.9  28.8  29.9  37.2  42.8  54.8  50.3  25.9  24.0  23.2  22.8  22.9  23.1  22.7  22.6  22.9  22.9  22.8  22.8  23.1  23.2  23.0  22.9  24.1  24.7  25.0  24.9  25.3  25.6 
 25.4  25.6  26.7  26.8  27.0  27.1  29.1  29.8  29.8  28.1  23.9  23.3  22.9  22.8  23.0  23.1  22.8  22.8  23.0  23.0  22.8  22.8  23.2  23.1  23.0  22.9  23.5  23.7  23.9  24.2  25.0  25.3 
 25.4  25.9  26.5  26.5  26.5  26.4  27.7  27.7  27.2  26.2  23.8  23.5  22.9  22.8  23.0  23.0  22.8  22.7  23.0  23.0  22.7  22.8  23.1  23.1  23.1  22.8  23.4  23.8  23.8  23.9  25.0  25.4 
 25.4  25.4  26.0  26.1  25.6  25.7  26.0  26.0  25.3  24.7  23.6  23.5  23.0  23.0  23.3  23.2  22.7  22.7  23.0  22.9  22.8  22.6  23.3  23.2  23.1  22.9  23.6  23.5  24.1  24.6  26.1  26.3 
 25.6  25.3  25.8  25.8  25.5  25.2  25.6  25.7  24.8  24.5  23.7  23.8  23.0  23.2  23.1  23.3  22.8  22.8  23.4  23.3  22.9  23.1  23.1  23.3  23.1  23.0  23.4  24.0  24.8  25.2  26.4  26.7 
 26.4  25.8  25.8  25.6  25.2  24.8  25.4  24.7  24.3  24.0  24.0  23.7  23.2  23.1  23.3  23.5  23.2  22.9  23.5  23.2  23.0  23.0  23.6  23.5  23.7  23.7  25.5  26.1  26.0  26.1  27.2  27.1 
 27.3  26.3  25.5  25.8  25.1  24.9  25.0  25.1  23.8  24.1  23.7  23.7  23.1  23.2  23.3  23.4  23.2  23.0  23.4  23.6  23.3  23.1  23.6  24.1  24.5  24.8  26.6  27.0  26.1  26.3  27.5  28.9 
