 23.8  22.8  23.1  23.1  22.6  22.3  22.5  22.6  22.4  22.0  22.6  22.5  22.4  21.7  22.5  22.3  22.1  21.8  22.3  22.6  22.2  22.1  22.7  22.6  22.5  22.2  23.4  23.4  23.3  22.7  24.3  24.9 
 23.1  23.0  23.1  23.1  22.6  22.4  22.4  22.6  22.3  22.1  22.5  22.4  22.1  22.0  22.5  22.3  21.9  22.0  22.4  22.4  22.2  22.1  22.6  22.6  22.3  22.5  23.2  24.3  23.2  23.4  23.8  24.1 
 23.0  22.7  23.1  22.9  22.4  22.3  22.9  22.7  22.5  22.3  22.3  22.6  22.1  22.0  22.5  22.1  22.1  22.0  22.4  22.2  22.2  21.8  22.4  22.5  22.3  22.4  23.0  23.1  22.9  22.7  23.1  23.5 
 22.7  22.8  22.9  23.3  22.0  22.1  22.7  22.8  22.2  22.4  22.6  22.4  22.2  22.0  22.3  22.3  22.0  21.8  22.2  22.2  22.3  22.2  22.5  22.4  22.2  22.4  23.0  23.0  22.5  22.4  23.0  23.3 
 22.8  22.6  22.7  22.8  22.4  22.4  22.6  22.9  22.9  22.7  22.6  22.5  22.2  22.0  22.3  22.4  22.2  21.8  22.3  22.2  22.1  22.0  22.5  22.4  22.4  22.4  22.8  22.5  22.4  22.7  23.0  23.0 
 22.5  22.6  22.8  22.8  22.3  22.4  22.7  22.9  23.2  23.5  23.1  22.7  22.0  22.1  22.2  22.4  22.1  21.9  22.2  22.3  22.2  22.2  22.5  22.4  22.3  22.2  22.7  22.8  22.4  22.8  22.7  23.1 
 22.8  22.6  22.8  22.7  22.6  22.4  22.9  23.1  25.0  26.0  23.9  23.0  22.2  22.1  22.3  22.2  22.2  21.9  22.2  22.2  22.2  22.2  22.5  22.6  22.2  22.2  22.6  22.8  22.8  22.4  23.1  22.9 
 22.9  22.5  22.6  22.8  22.5  22.3  22.9  23.1  25.3  26.6  24.3  23.0  22.3  22.1  22.3  22.3  22.1  22.1  22.1  22.3  22.1  22.2  22.5  22.4  22.2  22.4  22.5  22.6  22.5  22.6  22.8  22.4 
 23.2  22.8  23.2  22.8  22.6  22.5  22.9  22.7  23.0  22.9  22.9  22.6  22.2  22.1  22.2  22.3  22.1  22.0  22.4  22.3  22.2  22.2  22.5  22.4  22.5  22.3  22.8  22.8  22.6  22.6  23.1  23.1 
 23.2  23.1  23.1  23.0  22.6  22.6  22.8  22.8  22.6  22.8  22.5  22.6  22.2  22.1  22.3  22.3  22.1  22.2  22.4  22.3  22.2  22.1  22.5  22.4  22.3  22.4  22.8  23.0  22.4  22.5  23.2  23.0 
 23.7  23.3  23.7  23.7  23.6  23.2  23.0  22.9  22.6  22.6  22.6  22.4  22.2  22.1  22.4  22.3  22.3  22.0  22.4  22.2  22.2  21.9  22.4  22.5  22.4  22.2  23.1  23.5  23.3  22.9  22.9  22.9 
 23.3  23.5  24.1  24.2  24.1  24.5  23.7  23.4  22.6  22.5  22.6  22.7  22.2  22.3  22.3  22.2  22.1  22.0  22.3  22.5  22.1  22.2  22.5 nan  22.1  22.2  23.9  24.7  23.4  22.8  23.1  23.3 
 24.4  24.0  25.1  25.7  26.9  27.2  32.7  34.7  32.8  29.1  23.0  22.8  22.3  22.2  22.5  22.3  22.2  22.0  22.4  22.3  22.2  22.0  22.4  22.4  22.5  22.3  23.6  24.4  23.1  22.7  23.0  23.2 
 24.4  24.4  25.6  26.3  28.0  29.7  41.5  48.7  53.2  47.2  24.4  23.1  22.4  22.3  22.4  22.3  22.1  22.0  22.5  22.5  22.2  22.0  22.5  22.5  22.4  22.3  22.9  23.3  22.9  22.8  23.0  23.3 
 24.9  24.9  26.6  27.3  30.3  33.5  54.4  62.6  74.1  70.9  34.2  25.2  22.6  22.4  22.6  22.4  22.3  22.2  22.4  22.4  22.4  22.0  22.7  22.6  22.4  22.3  22.7  22.5  22.7  22.9  23.1  23.1 
 25.0  25.2  26.5  27.4  30.5  33.8  53.0  62.3  78.0  79.0  36.8  25.8  22.4  22.4  22.4  22.5  22.2  22.1  22.4  22.5  22.2  22.2  22.4  22.5  22.2  22.2  22.7  22.8  22.4  22.7  23.2  23.6 
 25.0  25.1  26.4  26.7  29.3  31.1  43.8  52.8  72.6  69.4  29.6  24.3  22.6  22.4  22.5  22.3  22.3  22.2  22.4  22.6  22.5  22.1  22.5  22.6  22.4  22.3  22.8  22.9  22.9  22.7  23.3  23.2 
 24.9  24.8  26.0  26.5  28.3  29.3  36.5  41.7  53.3  49.0  25.5  23.4  22.6  22.4  22.5  22.5  22.2  22.2  22.5  22.6  22.2  22.3  22.5  22.6  22.3  22.4  23.0  22.9  22.6  22.6  23.3  23.4 
 25.2  25.0  26.3  26.5  26.4  26.7  28.4  29.1  29.2  27.6  23.7  23.2  22.5  22.4  22.7  22.5  22.4  22.1  22.2  22.4  22.4  22.1  22.7  22.6  22.6  22.4  23.0  23.0  22.9  22.6  23.2  23.5 
 25.0  25.3  25.7  25.9  25.9  25.9  27.1  27.1  26.7  25.7  23.6  23.1  22.6  22.4  22.7  22.5  22.3  22.2  22.5  22.6  22.3  22.2  22.6  22.9  22.5  22.6  22.7  22.8  23.0  22.8  23.6  23.6 
 25.1  24.8  25.7  25.6  25.2  25.2  25.3  25.5  24.7  24.2  23.5  23.4  22.8  22.5  22.6  22.8  22.3  22.4  22.6  22.5  22.5  22.3  22.7  22.6  22.7  22.6  23.1  23.2  22.7  23.0  23.8  24.4 
 24.8  25.0  25.4  25.3  25.0  24.7  25.0  25.2  24.4  24.1  23.3  23.2  22.5  22.7  22.5  22.8  22.4  22.4  22.7  22.6  22.3  22.3  22.8  22.9  22.4  22.6  22.8  23.0  23.1  22.9  24.3  24.7 
 26.1  24.8  25.4  24.9  24.7  24.1  24.7  24.3  23.6  23.5  23.5  23.5  22.8  22.6  23.0  22.8  22.6  22.3  22.9  22.7  22.5  22.3  23.1  23.1  22.7  22.4  23.3  23.4  23.1  22.8  25.6  26.3 
 25.6  25.2  24.8  24.9  24.4  24.4  24.6  24.4  23.7  23.5  23.2  23.4  22.5  22.6  22.8  22.7  22.6  22.5  22.8  22.6  22.7  22.5  22.9  23.1  22.6  22.6  23.3  23.6  23.2  23.7  25.4  27.2 
