 29.9  29.0  29.6  30.3  29.6  30.0  33.0  32.6  32.5  32.1  32.2  31.5  27.4  26.2  24.2  24.3  24.0  23.8  24.0  24.2  24.0  23.8  24.2  24.4  24.1  24.0  24.9  25.4  25.3  25.1  26.8  28.4 
 29.1  29.3  29.4  29.7  29.0  29.2  32.8  33.0  32.4  32.1  32.2  31.4  27.2  25.3  24.4  24.2  23.9  23.8  24.1  24.2  23.9  23.8  24.3  24.4  24.1  24.3  25.0  25.0  25.2  25.5  26.7  26.7 
 29.6  28.8  29.6  29.2  28.9  29.2  31.7  32.1  31.8  31.6  30.5  29.5  25.0  24.3  24.2  24.4  24.0  23.7  23.9  24.2  24.1  23.8  24.0  24.4  24.4  24.4  25.3  25.7  25.7  25.7  26.7  26.9 
 28.8  28.9  29.2  29.0  28.1  28.4  31.6  31.2  31.2  30.5  29.9  27.7  24.6  23.9  24.0  24.3  23.8  23.9  24.2  24.0  24.1  23.9  24.4  24.4  24.4  24.7  25.8  25.8  25.7  25.9  26.9  26.7 
 29.2  28.8  28.3  28.4  25.2  25.2  27.0  28.8  28.1  28.2  26.2  25.7  24.0  23.9  24.3  24.1  24.0  23.8  24.0  24.3  24.0  23.7  24.2  24.4  25.1  25.3  26.5  26.8  26.4  26.5  27.0  27.1 
 29.0  29.2  28.8  27.8  24.9  24.5  25.7  25.8  26.8  25.9  25.3  24.5  23.9  23.8  24.3  24.0  23.9  23.9  24.2  24.2  23.9  23.8  24.4  24.4  25.5  26.1  27.3  27.5  27.0  26.8  27.0  27.0 
 27.9  27.9  28.1  27.8  24.9  24.0  24.3  24.1  23.9  24.0  24.1  24.3  24.0  23.8  24.2  24.3  23.9  23.8  24.2  24.3  23.9  23.9  24.5  25.2  28.3  29.4  29.6  29.6  27.7  27.4  27.1  27.2 
 27.5  27.9  27.3  26.9  24.5  24.1  24.2  24.1  24.0  23.9  24.2  24.2  23.9  24.0  24.1  24.1  23.9  24.0  24.2  24.2  23.9  24.0  25.1  26.8  32.9  33.2  31.3  30.6  28.2  27.9  27.7  26.7 
 26.8  26.7  26.9  26.1  24.2  23.7  24.1  24.2  23.9  23.8  24.2  24.0  24.0  23.8  24.2  24.3  24.0  23.8  24.3  24.1  24.2  24.2  37.6  51.5  64.1  58.9  38.0  33.6  29.2  28.5  27.6  27.5 
 26.8  26.2  25.6  24.8  23.9  23.9  24.0  24.2  23.9  23.9  24.1  24.2  23.9  23.9  24.2  24.1  24.0  23.9  24.3  24.4  24.3  24.8  53.0  70.1  83.4  74.0  42.4  35.0  29.2  28.5  27.8  27.4 
 24.6  24.3  24.5  24.6  23.9  23.6  24.0  24.3  24.0  23.9  24.1  24.0  24.0  23.8  24.1  24.2  24.0  23.8  24.1  24.3  24.8  27.0  64.3  74.5  76.5  71.7  44.6  36.6  29.8  28.8  27.6  27.7 
 24.0  24.0  24.3  24.1  23.8  23.8  24.2  24.0  23.8  23.9  24.1  24.3  23.8  23.8  24.0  24.0  23.8  23.8  24.2  24.3  24.4  26.3  60.7 nan  66.3  59.4  41.2  36.0  30.0  28.8  27.7  27.2 
 24.4  23.8  24.3  24.3  24.1  23.8  23.9  24.2  24.0  23.9  24.0  24.1  23.8  23.9  23.9  24.1  24.0  23.8  24.3  24.2  24.1  24.2  34.2  43.1  47.1  43.1  33.5  31.8  29.3  28.5  27.8  27.4 
 24.1  23.8  24.5  24.5  24.1  23.8  24.2  24.2  23.9  23.7  24.2  24.1  23.8  23.7  24.1  24.0  23.9  23.9  24.1  24.1  24.0  24.0  27.6  31.1  36.2  34.9  30.5  29.8  28.2  27.9  27.5  27.1 
 24.1  24.1  24.2  24.4  24.0  23.8  24.2  24.2  23.9  23.8  23.8  24.2  23.9  23.9  24.0  24.2  24.0  23.8  24.3  24.3  24.0  23.9  24.4  24.6  26.0  26.4  27.2  27.4  26.6  26.1  26.6  26.6 
 23.9  24.0  24.4  24.2  23.8  23.8  24.2  23.9  23.9  23.7  24.2  24.0  23.9  23.8  24.0  24.1  23.7  23.8  24.1  24.0  23.9  24.0  24.3  24.3  24.8  25.2  26.4  26.5  25.9  25.9  26.2  26.2 
 24.2  23.9  24.4  24.4  24.0  23.7  24.0  24.2  23.9  23.8  24.0  24.1  23.8  23.6  23.9  24.1  24.0  23.9  24.0  24.4  24.2  23.9  24.0  24.3  24.4  24.4  25.2  25.5  25.1  25.2  25.6  26.0 
 24.1  24.0  24.3  24.0  23.8  23.7  24.2  24.0  23.7  23.8  24.1  24.2  23.6  23.8  24.2  24.1  23.8  23.9  24.3  24.1  24.0  24.0  24.3  24.4  24.2  24.2  25.3  25.1  24.8  24.8  25.4  25.9 
 24.4  24.1  24.4  24.4  24.0  23.6  24.1  24.2  23.9  23.8  24.0  24.2  23.8  23.9  24.0  24.2  24.0  23.8  23.9  24.4  24.1  23.7  24.3  24.4  24.2  24.3  24.7  24.9  24.9  24.5  25.3  25.7 
 24.1  24.2  24.5  24.5  23.8  23.8  24.2  24.2  23.7  23.8  24.1  24.2  24.0  23.8  24.3  24.1  23.8  23.8  24.4  24.4  24.0  23.8  24.3  24.3  24.2  24.4  24.6  24.8  24.3  24.7  25.6  25.5 
 24.7  24.0  24.6  24.5  24.0  23.9  24.3  24.3  24.0  23.7  24.2  24.3  23.9  23.8  24.2  24.2  23.9  23.9  24.1  24.4  24.3  24.2  24.5  24.7  24.5  24.2  24.7  25.0  24.7  24.4  25.8  26.4 
 24.7  24.2  24.7  24.5  24.0  23.9  24.3  24.2  23.9  23.9  24.0  24.1  23.9  23.9  24.3  24.3  24.0  24.0  24.3  24.3  24.2  24.1  24.3  24.7  24.0  24.3  24.7  25.0  24.5  24.7  26.7  26.6 
 25.7  24.9  24.8  24.9  24.4  23.8  24.5  24.4  24.3  23.9  24.2  24.5  24.3  24.1  24.1  24.5  24.3  24.0  24.4  24.5  24.2  24.1  24.4  24.9  24.4  24.0  25.0  25.2  25.2  25.0  26.9  28.6 
 25.7  25.1  24.8  24.8  24.4  24.4  24.9  24.6  24.1  24.1  24.5  24.3  24.0  24.0  24.4  24.3  23.8  24.0  24.3  24.5  24.0  24.1  24.9  24.7  24.1  24.4  25.3  25.3  24.6  25.6  28.1  28.2 
