 24.0  23.7  23.5  23.9  23.2  23.0  23.1  23.1  22.6  22.6  22.9  23.0  22.8  22.7  22.7  23.0  22.8  22.9  22.9  22.9  22.6  23.0  22.9  23.1  22.8  23.0  23.4  24.1  23.6  23.9  24.2  25.4 
 24.0  23.0  23.9  23.7  23.5  22.8  23.2  23.1  23.0  22.6  23.0  23.0  22.8  22.4  23.0  22.7  22.8  22.4  23.1  22.9  22.9  22.6  23.0  22.7  22.9  23.0  23.7  24.8  24.0  23.6  24.3  24.8 
 23.2  23.5  23.5  23.4  23.1  23.0  22.9  23.2  22.6  22.8  22.9  23.1  22.4  22.4  22.9  23.0  22.5  22.6  22.8  23.0  22.6  22.8  22.8  23.2  23.0  23.2  23.1  23.3  23.3  23.3  23.7  23.9 
 23.6  23.4  23.7  23.4  22.9  22.6  23.1  23.2  23.0  22.6  23.3  23.1  22.8  22.5  22.9  22.8  22.8  22.4  23.2  23.0  22.7  22.5  23.0  22.9  22.9  22.8  23.1  23.2  23.2  23.2  23.8  23.8 
 23.3  23.6  23.3  23.5  22.9  23.0  23.1  23.3  23.3  23.4  23.1  23.2  22.7  22.9  22.9  22.8  22.4  22.6  22.8  22.9  22.7  22.8  22.7  23.1  22.8  23.0  23.2  23.3  23.0  23.3  23.5  23.4 
 23.3  23.0  23.4  23.1  22.9  22.7  23.3  23.2  23.9  23.9  23.1  23.0  22.7  22.6  22.8  22.8  22.8  22.6  22.8  22.8  22.8  22.6  23.1  23.0  23.0  22.8  23.1  23.1  23.1  22.8  23.9  23.4 
 23.2  23.3  23.1  23.5  22.8  23.2  23.1  23.5  25.3  26.8  24.1  23.4  22.8  22.9  22.7  23.0  22.7  22.8  22.9  22.9  22.8  22.9  23.0  23.1  22.8  22.8  23.0  23.3  22.9  22.9  23.5  23.3 
 23.6  23.1  23.3  23.2  23.3  22.7  23.5  23.6  25.9  27.2  24.6  23.2  22.8  22.6  22.9  22.6  22.7  22.7  22.9  22.9  23.0  22.8  23.2  23.1  23.1  22.7  23.1  23.2  23.2  22.9  23.2  22.6 
 23.5  23.6  23.4  23.4  22.9  22.9  23.2  23.3  23.4  23.5  23.0  23.1  22.8  22.9  22.9  22.8  22.7  22.9  22.9  22.9  22.8  22.7  22.9  23.0  22.9  22.9  22.9  23.2  23.0  22.9  23.0  23.6 
 23.8  23.6  23.7  23.5  23.2  22.7  23.2  23.0  23.1  23.0  23.1  23.0  22.7  22.6  22.8  22.7  22.7  22.8  23.0  23.1  22.9  22.6  23.1  22.9  23.1  22.7  23.3  23.2  23.3  23.0  23.7  23.6 
 24.0  24.2  24.3  24.5  23.8  24.0  23.3  23.5  23.1  23.2  22.9  23.0  22.6  22.8  23.0  23.0  22.8  22.8  23.0  22.9  22.8  22.8  23.1  22.9  22.8  22.8  23.5  23.9  23.6  23.6  23.4  23.5 
 24.3  23.9  24.4  24.2  24.8  24.6  24.3  23.8  23.3  22.9  23.0  22.9  22.9  22.6  22.9  23.0  22.8  22.5  23.0  22.9  22.9  22.8  23.1 nan  22.9  22.9  24.4  25.1  24.3  23.1  23.5  23.6 
 24.7  24.6  25.4  26.1  27.1  27.8  32.8  35.1  33.0  29.5  23.4  23.0  22.8  22.8  22.9  23.0  22.7  22.8  22.9  22.9  22.8  22.7  22.8  23.0  22.7  23.0  24.2  25.0  23.6  23.5  23.7  23.6 
 25.0  24.8  26.1  26.6  28.7  30.2  41.6  48.7  53.5  47.5  25.0  23.4  23.1  22.8  23.1  23.0  22.8  22.4  22.9  23.0  22.9  22.6  23.0  22.9  23.0  22.8  23.5  23.7  23.6  23.1  23.5  23.6 
 25.0  25.7  26.9  27.6  30.6  34.0  54.7  63.2  74.8  71.5  35.1  26.0  22.9  23.0  22.8  22.9  22.8  22.8  23.0  23.0  22.7  22.9  23.1  23.0  23.0  22.9  23.0  23.2  23.3  23.4  23.6  23.6 
 25.6  25.3  27.3  27.6  31.0  34.0  53.7  62.7  78.7  79.5  37.8  26.3  23.1  22.9  23.1  23.0  22.7  22.8  23.0  22.9  22.8  22.7  23.0  23.1  23.0  22.7  23.2  23.1  23.3  23.1  23.8  23.6 
 25.4  25.9  26.7  27.4  29.5  31.9  44.5  53.6  73.5  70.9  30.7  24.8  22.9  22.8  22.9  23.0  22.8  22.8  22.9  23.0  22.8  22.8  23.0  23.0  22.9  22.9  23.1  23.3  23.1  23.3  23.8  23.9 
 25.6  25.2  26.7  27.0  29.1  29.7  37.2  42.5  54.7  50.4  26.2  24.0  23.3  22.9  23.1  22.8  22.9  22.7  23.1  23.0  23.0  22.7  22.9  23.0  23.1  22.7  23.6  23.2  23.4  23.1  24.0  23.9 
 25.5  25.8  26.7  27.0  27.1  27.5  28.6  29.9  30.1  28.4  24.2  23.5  22.8  22.9  23.3  23.2  22.9  23.1  22.8  23.2  22.9  22.7  23.2  23.2  23.0  23.1  23.3  23.4  23.2  23.6  24.0  24.2 
 25.7  25.8  26.6  26.4  26.6  26.3  27.8  27.8  27.5  26.3  24.0  23.5  23.1  22.9  23.2  22.9  23.0  22.7  23.3  22.9  22.9  22.9  23.1  23.2  23.2  23.0  23.4  23.6  23.6  23.3  24.6  24.1 
 25.3  25.7  25.8  26.1  25.8  26.1  26.1  26.0  25.4  24.9  23.7  23.6  23.3  23.4  23.1  23.3  22.9  23.1  23.2  23.2  22.8  23.0  23.3  23.5  23.3  23.3  23.5  23.8  24.0  24.5  25.3  25.8 
 25.7  25.2  26.3  25.9  25.9  25.6  25.7  25.6  25.1  24.5  24.0  23.7  23.3  23.0  23.4  23.3  23.3  22.8  23.3  23.0  23.1  22.9  23.5  23.4  23.2  22.9  23.8  23.6  25.1  24.8  26.5  26.2 
 26.3  26.3  25.5  25.7  25.1  25.1  25.1  25.0  24.4  24.3  24.0  23.9  23.6  23.3  23.5  23.5  23.2  23.2  23.5  23.6  23.3  23.5  23.4  23.9  23.5  23.9  25.3  26.2  25.9  26.6  26.2  28.1 
 26.8  26.2  25.6  25.4  25.3  24.7  24.8  24.8  24.4  23.9  24.0  24.0  23.6  23.2  23.7  23.4  23.4  23.1  23.5  23.5  23.7  23.4  23.7  24.1  24.6  24.9  26.7  26.9  26.4  26.4  27.2  27.6 
