 23.3  22.9  22.8  23.1  22.8  22.3  22.5  22.4  22.1  21.8  22.6  22.4  22.3  21.7  22.3  22.3  22.2  22.0  22.4  22.2  22.2  22.0  22.6  22.6  22.2  22.3  23.1  23.9  23.5  23.0  24.1  25.1 
 23.0  22.7  23.1  22.9  22.4  22.2  22.4  22.6  22.4  22.5  22.6  22.4  22.3  22.0  22.3  22.4  22.0  22.0  22.4  22.2  22.3  22.0  22.3  22.4  22.3  22.5  23.3  24.3  23.4  23.1  23.9  24.3 
 23.0  22.4  23.0  23.0  22.3  22.0  22.4  22.5  22.4  22.4  22.4  22.5  22.2  22.0  22.3  22.1  22.2  22.0  22.2  22.4  22.3  22.2  22.3  22.5  22.6  22.3  23.0  22.9  22.9  22.5  23.4  23.6 
 22.9  22.3  23.0  23.1  22.4  22.1  22.4  22.8  22.4  22.3  22.7  22.5  22.0  22.0  22.1  22.2  22.1  22.0  22.2  22.2  22.1  22.1  22.4  22.3  22.2  22.5  23.0  22.7  22.5  22.6  23.3  23.4 
 22.8  22.6  22.6  22.8  22.5  22.3  22.8  22.8  22.8  22.8  22.6  22.4  22.1  22.0  22.1  22.1  21.9  21.9  22.2  22.2  22.0  22.1  22.3  22.3  22.4  22.1  22.8  22.7  22.5  22.6  22.9  23.2 
 22.3  22.8  22.9  22.7  22.2  22.4  22.8  22.7  23.3  23.6  23.0  22.5  22.1  22.0  22.0  22.2  22.0  22.2  22.3  22.2  22.0  22.0  22.2  22.4  22.3  22.3  22.5  22.6  22.6  22.6  22.8  23.0 
 22.6  22.8  22.8  22.7  22.3  22.2  22.9  23.0  24.7  26.0  23.8  23.0  22.3  22.1  22.2  22.1  21.9  22.0  22.3  22.2  22.2  22.0  22.4  22.4  22.4  22.1  22.8  22.8  22.6  22.5  22.8  23.0 
 22.7  22.5  22.6  22.6  22.5  22.4  22.9  23.1  25.3  26.6  24.3  22.7  22.2  22.1  22.2  22.2  22.1  21.9  22.3  22.0  22.0  22.0  22.4  22.4  22.1  22.5  22.6  22.7  22.3  22.4  23.0  22.3 
 23.2  22.6  23.1  22.7  22.4  22.2  22.7  22.8  22.8  23.0  22.9  22.4  22.2  22.0  22.2  22.3  22.0  22.1  22.1  22.1  22.2  22.0  22.4  22.4  22.3  22.4  22.8  22.9  22.4  22.5  22.8  22.9 
 23.0  22.9  23.0  23.0  22.7  22.5  22.6  22.7  22.5  22.7  22.7  22.6  22.1  22.0  22.3  22.1  22.0  22.0  22.2  22.2  22.1  22.1  22.3  22.3  22.4  22.0  22.5  22.9  22.4  22.6  23.3  23.0 
 23.7  23.3  23.6  23.7  23.5  23.3  23.0  22.9  22.7  22.4  22.3  22.5  22.3  22.0  22.1  22.3  22.1  22.0  22.3  22.2  22.1  22.0  22.3  22.3  22.4  22.2  23.1  23.3  23.1  22.6  23.3  23.1 
 23.5  23.4  23.9  23.9  24.3  24.3  23.8  23.3  22.7  22.7  22.5  22.5  22.2  22.1  22.3  22.3  22.1  22.0  22.2  22.2  22.1  22.1  22.2 nan  22.0  22.2  23.8  24.8  23.4  22.8  22.9  23.0 
 24.1  24.0  25.0  25.4  26.8  27.3  32.5  34.8  32.9  28.9  22.8  22.7  22.2  22.1  22.3  22.3  22.2  22.1  22.4  22.1  22.0  22.1  22.3  22.5  22.3  22.1  23.7  24.1  23.1  22.5  23.3  23.0 
 24.4  24.4  25.7  26.2  28.1  29.9  41.4  48.7  53.2  47.1  24.2  23.1  22.3  22.2  22.4  22.3  22.1  22.0  22.3  22.3  22.0  22.0  22.4  22.4  22.3  22.3  22.9  22.9  23.1  22.8  22.9  23.2 
 24.6  24.8  26.6  27.0  30.2  33.4  54.6  62.9  74.3  71.1  34.3  25.3  22.5  22.3  22.3  22.3  22.2  22.0  22.5  22.3  22.2  22.0  22.4  22.4  22.3  22.2  22.8  22.6  22.7  22.7  23.2  23.1 
 25.1  25.2  26.6  27.2  30.6  33.8  53.2  62.4  78.3  79.2  36.7  25.7  22.5  22.2  22.4  22.4  22.2  22.0  22.3  22.4  22.2  22.2  22.4  22.4  22.3  22.3  22.8  22.6  22.7  22.7  23.2  23.1 
 25.0  25.0  26.3  26.5  28.9  31.3  43.7  52.9  72.7  69.5  29.5  24.1  22.5  22.1  22.2  22.3  22.2  22.1  22.3  22.5  22.2  22.1  22.6  22.4  22.6  22.1  22.6  22.8  22.7  22.7  23.2  23.2 
 24.9  25.1  26.3  26.8  28.1  29.3  36.6  41.6  53.6  49.1  25.4  23.4  22.4  22.3  22.3  22.5  22.1  22.1  22.4  22.3  22.2  22.3  22.5  22.5  22.4  22.5  22.8  22.7  22.6  22.6  23.4  23.5 
 25.2  25.0  26.0  26.2  26.4  26.6  28.5  29.3  29.2  27.6  23.5  23.1  22.6  22.3  22.5  22.4  22.3  22.3  22.3  22.5  22.3  22.3  22.5  22.7  22.6  22.4  22.8  22.8  22.8  22.8  23.2  23.3 
 24.9  25.1  25.7  26.0  25.9  25.9  27.1  27.1  26.6  25.7  23.2  22.9  22.7  22.4  22.5  22.4  22.3  22.1  22.5  22.4  22.2  22.1  22.5  22.4  22.4  22.3  22.8  22.9  22.8  22.8  23.5  23.7 
 25.1  24.7  25.6  25.3  25.1  25.0  25.4  25.5  25.0  23.9  23.4  23.3  22.6  22.4  22.5  22.6  22.4  22.3  22.6  22.6  22.3  22.1  22.7  22.7  22.7  22.5  22.9  23.2  22.7  22.7  23.7  24.2 
 25.0  24.8  25.2  25.3  25.0  24.7  25.1  25.1  24.5  24.0  23.3  23.1  22.4  22.5  22.6  22.5  22.2  22.3  22.5  22.6  22.3  22.4  22.8  22.8  22.7  22.7  23.1  23.0  22.8  22.8  23.9  24.5 
 25.9  25.1  25.1  25.1  24.7  24.2  24.7  24.4  24.0  23.5  23.1  23.2  22.8  22.8  22.6  22.7  22.3  22.2  22.9  22.5  22.5  22.3  22.9  23.0  22.7  22.5  23.3  23.4  23.2  23.1  25.1  25.7 
 26.0  25.8  24.8  25.1  24.6  24.6  24.4  24.1  23.7  23.5  23.3  23.3  22.7  22.6  22.7  22.5  22.3  22.5  22.7  22.5  22.6  22.4  22.8  23.0  22.7  22.5  23.4  23.4  23.1  23.5  25.7  27.0 
