 29.8  29.5  30.2  30.2  30.7  32.5  33.1  32.7  32.2  32.1  30.8  28.9  25.3  24.7  24.3  24.2  24.0  24.0  24.4  24.3  24.0  24.1  24.6  24.4  24.4  24.5  25.0  25.2  25.4  25.8  26.9  27.8 
 29.8  29.1  30.0  30.2  30.1  31.1  33.0  33.1  32.1  31.6  31.0  29.3  24.9  24.1  24.4  24.2  24.0  23.9  24.4  24.5  24.3  24.0  24.3  24.5  24.5  24.4  25.1  25.5  25.3  25.7  27.0  27.4 
 29.5  29.4  29.4  29.4  29.7  30.6  32.2  31.9  31.6  31.1  28.9  27.0  24.0  24.1  24.3  24.3  24.1  24.0  24.2  24.3  24.2  23.9  24.3  24.5  24.4  24.7  25.5  25.7  25.7  26.0  26.5  27.0 
 29.1  28.8  29.2  29.1  29.5  30.2  31.5  31.8  31.0  30.1  27.7  26.3  24.1  23.8  24.4  24.4  24.0  24.0  24.3  24.3  24.2  24.2  24.3  24.5  24.5  24.5  25.9  26.0  25.8  26.2  26.6  27.1 
 28.7  28.6  28.2  27.4  26.1  26.8  29.1  29.0  28.1  27.3  25.2  24.6  24.1  24.1  24.1  24.3  24.0  24.1  24.2  24.1  23.9  24.0  24.5  24.5  25.2  25.7  26.9  27.0  26.5  26.8  26.9  27.0 
 29.2  28.8  28.1  27.1  25.0  25.0  26.8  27.3  26.4  25.7  24.4  24.6  24.1  24.1  24.3  24.5  24.1  24.0  24.2  24.3  24.1  23.8  24.6  24.6  25.8  26.1  27.5  27.8  27.3  27.0  27.2  27.5 
 28.1  28.2  27.9  26.8  24.3  24.2  24.3  24.3  24.0  24.1  24.3  24.2  24.0  24.1  24.1  24.5  24.0  24.3  24.4  24.2  24.1  24.1  24.9  25.1  28.2  29.3  29.9  29.6  27.9  27.9  27.4  27.4 
 28.2  27.6  27.0  26.2  24.6  24.2  24.4  24.4  24.3  23.9  24.3  24.2  24.2  23.9  24.3  24.3  24.2  23.9  24.2  24.3  24.2  24.1  25.2  26.8  33.2  33.3  31.6  30.6  28.2  28.0  27.5  26.8 
 27.1  27.4  26.2  25.1  24.2  24.0  24.4  24.4  24.2  24.1  24.2  24.2  24.0  24.0  24.1  24.3  24.1  23.9  24.3  24.3  24.4  24.4  37.8  51.4  64.1  59.0  38.2  33.7  29.2  28.6  27.7  27.6 
 27.0  26.4  25.3  24.8  24.6  23.9  24.3  24.4  24.1  23.9  24.2  24.4  24.0  23.9  24.2  24.4  24.2  24.0  24.3  24.5  24.4  25.0  53.0  70.1  83.5  74.0  42.3  35.2  29.6  28.5  28.1  27.7 
 24.6  24.6  24.5  24.5  24.1  24.1  24.1  24.2  23.9  24.0  24.1  24.2  24.0  23.9  24.2  24.3  24.2  24.0  24.3  24.5  24.9  27.3  64.4  74.5  76.5  71.9  44.9  36.8  30.1  29.1  28.1  27.5 
 24.2  24.1  24.4  24.5  23.9  23.9  24.3  24.5  24.2  23.8  24.2  24.3  24.1  24.0  24.2  24.3  24.1  23.9  24.1  24.3  24.8  26.3  60.9 nan  66.4  59.4  41.0  36.1  30.0  28.7  27.8  27.6 
 24.5  24.3  24.3  24.5  24.1  24.0  24.3  24.4  24.0  24.1  24.2  24.1  23.9  24.1  24.3  24.1  24.0  23.9  24.4  24.3  24.2  24.5  34.1  43.3  47.1  43.4  33.7  32.0  29.3  28.5  27.6  27.2 
 24.4  24.3  24.6  24.4  24.3  23.8  24.2  24.3  24.1  23.8  24.1  24.1  24.2  24.1  24.2  24.2  24.0  23.8  24.2  24.3  24.3  24.1  27.6  31.3  36.5  34.9  30.6  30.2  28.5  27.9  27.5  27.2 
 24.2  24.4  24.5  24.4  24.2  24.1  24.2  24.1  24.0  24.0  24.1  24.1  24.0  24.1  24.2  24.3  24.0  24.0  24.2  24.3  24.0  24.1  24.6  24.7  26.1  26.6  27.1  27.4  26.7  26.5  26.6  26.6 
 24.5  24.2  24.5  24.4  24.2  23.8  24.2  24.3  24.0  23.8  24.2  24.2  24.0  23.9  24.1  24.2  24.1  24.0  24.3  24.3  24.1  24.0  24.4  24.6  25.3  25.3  26.6  26.4  26.2  26.0  26.1  26.3 
 24.3  24.3  24.4  24.3  24.0  24.0  24.1  24.3  23.8  24.0  24.2  24.2  23.9  23.8  24.0  24.0  24.0  24.0  24.1  24.2  24.0  24.1  24.4  24.5  24.5  24.8  25.3  25.6  25.5  25.3  26.0  25.9 
 24.6  24.1  24.8  24.5  24.3  24.0  24.3  24.5  24.0  23.9  24.2  24.2  24.0  23.8  24.2  24.3  23.9  23.9  24.2  24.4  24.1  24.0  24.3  24.5  24.5  24.5  25.2  25.3  25.1  25.1  25.9  25.7 
 24.6  24.4  24.6  24.5  24.0  24.0  24.2  24.4  24.2  23.9  24.2  24.0  23.8  23.9  24.3  24.1  24.1  24.1  24.4  24.3  24.1  24.1  24.5  24.5  24.6  24.4  24.9  25.1  24.7  25.1  25.7  25.8 
 24.5  24.4  24.6  24.8  24.3  23.8  24.5  24.4  23.9  23.9  24.2  24.3  24.0  23.9  24.2  24.1  24.2  23.9  24.3  24.3  24.2  24.0  24.4  24.7  24.6  24.4  24.9  25.1  24.8  24.8  25.9  25.9 
 24.4  24.5  24.7  24.5  24.3  24.1  24.3  24.3  24.2  23.9  24.1  24.1  24.0  24.0  24.2  24.4  24.2  24.1  24.4  24.3  24.3  24.3  24.6  24.5  24.6  24.7  24.8  25.2  24.7  25.0  25.9  26.2 
 24.4  24.2  24.9  24.5  24.3  24.1  24.4  24.5  24.1  24.0  24.0  24.2  24.2  23.9  24.3  24.3  24.2  24.1  24.4  24.5  24.2  24.0  24.6  24.7  24.5  24.6  25.0  25.2  24.9  24.8  26.5  27.0 
 25.1  25.0  24.9  25.0  24.3  24.4  24.6  24.6  24.2  24.1  24.6  24.4  24.3  24.1  24.4  24.4  24.3  24.2  24.4  24.7  24.2  24.5  24.9  24.6  24.6  24.6  25.5  25.4  25.3  25.1  27.4  28.3 
 26.0  25.2  25.1  25.3  24.6  24.4  24.7  24.6  24.4  24.2  24.2  24.8  24.3  24.2  24.4  24.7  24.4  24.2  24.6  24.7  24.5  24.3  24.7  24.7  24.8  24.6  25.4  25.6  25.5  25.2  28.2  29.2 
