 22.9  23.0  22.9  23.1  22.4  22.4  22.7  22.7  22.2  22.1  22.5  22.5  22.3  22.2  22.2  22.3  22.1  22.3  22.3  22.4  22.2  22.2  22.4  22.6  22.4  22.5  23.2  23.5  22.9  23.1  24.0  25.2 
 23.3  22.6  23.0  23.0  22.5  22.2  22.8  22.6  22.4  22.2  22.8  22.5  22.4  22.0  22.3  22.3  22.3  22.0  22.7  22.5  22.4  22.0  22.6  22.6  22.4  22.5  23.4  23.9  23.4  23.0  24.4  24.4 
 22.6  22.9  23.0  22.8  22.5  22.1  22.5  22.6  22.2  22.4  22.3  22.5  22.1  22.2  22.2  22.2  22.1  21.9  22.2  22.5  22.0  22.1  22.4  22.4  22.3  22.4  22.8  22.9  22.9  22.8  23.3  23.7 
 23.0  22.4  22.8  22.9  22.4  22.2  22.8  22.6  22.5  22.1  22.7  22.4  22.1  21.8  22.3  22.3  22.2  21.8  22.4  22.2  22.1  21.9  22.4  22.5  22.3  22.1  23.0  23.0  22.5  22.7  23.6  23.5 
 22.6  22.7  23.0  22.9  22.2  22.3  22.8  22.8  22.6  23.0  22.6  22.5  22.2  22.1  22.3  22.3  22.0  21.9  22.2  22.3  22.0  22.1  22.4  22.7  22.2  22.2  22.7  22.7  22.5  22.5  23.2  23.3 
 22.9  22.2  23.0  22.8  22.4  22.2  23.0  22.8  23.4  23.5  23.1  22.6  22.4  22.1  22.3  22.3  22.1  21.8  22.2  22.4  22.1  22.0  22.5  22.3  22.6  22.2  22.8  22.6  22.7  22.4  23.2  22.9 
 22.8  22.7  22.7  22.7  22.4  22.5  22.7  23.2  24.7  26.0  24.0  22.9  22.1  22.1  22.3  22.3  22.1  22.1  22.0  22.4  22.2  22.1  22.3  22.5  22.3  22.2  22.4  22.9  22.5  22.3  22.9  23.2 
 23.0  22.5  22.9  22.9  22.7  22.4  23.0  23.1  25.3  26.5  24.3  22.9  22.2  22.0  22.4  22.1  22.2  21.7  22.2  22.1  22.1  21.9  22.6  22.4  22.4  22.2  22.6  22.7  22.6  22.5  22.8  22.1 
 23.0  22.9  22.9  23.0  22.4  22.5  22.8  23.0  22.9  23.1  22.7  22.7  22.2  22.1  22.3  22.4  21.9  22.1  22.3  22.2  22.1  22.3  22.4  22.3  22.2  22.3  22.5  22.7  22.4  22.6  23.1  23.0 
 23.2  22.8  23.1  23.1  22.8  22.5  22.8  22.6  22.7  22.6  22.6  22.5  22.3  21.9  22.4  22.3  22.3  22.0  22.3  22.3  22.3  22.0  22.5  22.3  22.4  22.2  22.8  22.9  22.6  22.4  23.4  22.8 
 23.4  23.5  23.7  23.8  23.4  23.5  22.9  23.0  22.5  22.5  22.4  22.4  22.1  22.2  22.3  22.2  22.1  22.1  22.3  22.3  22.1  22.1  22.2  22.3  22.2  22.3  22.9  23.4  23.1  22.9  22.8  23.0 
 23.6  23.3  24.0  24.1  24.3  24.3  23.9  23.4  22.8  22.4  22.6  22.5  22.3  22.0  22.4  22.3  22.2  22.0  22.4  22.4  22.2  22.1  22.4 nan  22.2  22.1  24.0  24.9  23.5  22.5  23.0  22.8 
 24.1  24.1  25.0  25.5  26.7  27.4  32.6  34.9  32.9  29.2  23.2  22.8  22.3  22.3  22.4  22.5  22.1  22.0  22.4  22.3  22.1  22.1  22.4  22.4  22.2  22.4  23.8  24.2  23.1  22.8  23.3  23.3 
 24.4  24.5  25.8  26.2  28.4  29.8  41.6  48.8  53.3  47.1  24.5  23.1  22.5  22.2  22.5  22.3  22.3  22.0  22.4  22.4  22.2  22.0  22.4  22.4  22.4  22.2  23.0  23.2  23.1  22.5  23.3  23.1 
 24.7  25.1  26.3  27.1  30.3  33.4  54.4  62.8  74.3  71.1  34.2  25.3  22.4  22.3  22.3  22.4  22.2  22.1  22.3  22.4  22.1  22.1  22.5  22.5  22.2  22.2  22.5  22.7  22.7  22.7  23.0  23.4 
 25.1  24.7  26.9  27.2  30.7  33.8  53.3  62.3  78.4  79.0  36.7  25.8  22.6  22.4  22.2  22.4  22.1  22.0  22.3  22.4  22.0  22.1  22.6  22.5  22.4  22.1  22.9  22.9  22.7  22.6  23.4  23.3 
 24.8  25.2  26.1  26.6  29.1  31.5  43.8  52.9  72.7  69.6  29.7  24.4  22.5  22.3  22.3  22.4  22.3  22.3  22.4  22.4  22.2  22.1  22.4  22.5  22.5  22.4  22.8  23.0  22.5  22.7  23.1  23.5 
 25.2  24.6  26.3  26.4  28.1  29.2  36.6  41.8  53.5  48.9  25.5  23.4  22.7  22.2  22.6  22.4  22.3  22.1  22.5  22.4  22.5  22.3  22.3  22.5  22.4  22.3  22.7  22.7  22.7  22.4  23.5  23.2 
 25.0  25.1  26.0  26.3  26.4  26.8  28.1  29.2  29.1  27.8  23.5  23.1  22.4  22.4  22.6  22.5  22.5  22.4  22.4  22.5  22.5  22.2  22.6  22.8  22.6  22.4  23.0  22.8  22.7  22.8  23.3  23.5 
 25.0  24.9  25.9  26.2  25.8  25.7  26.9  27.1  26.6  25.5  23.4  23.1  22.6  22.3  22.6  22.5  22.3  22.2  22.5  22.3  22.3  22.1  22.8  22.5  22.4  22.3  23.0  22.8  22.5  23.0  23.8  23.8 
 25.1  24.8  25.4  25.5  24.9  25.2  25.3  25.4  24.6  24.2  23.4  23.2  22.6  22.5  22.6  22.7  22.2  22.2  22.4  22.6  22.2  22.3  22.7  23.0  22.5  22.6  23.0  23.0  22.5  23.0  23.8  24.1 
 24.9  24.8  25.4  25.1  25.1  24.9  25.2  25.2  24.4  23.8  23.6  23.1  22.8  22.4  22.5  22.6  22.4  22.2  22.6  22.6  22.4  22.3  22.9  22.7  22.5  22.4  23.1  23.0  22.7  22.7  24.3  24.7 
 25.6  25.0  25.1  25.2  24.7  24.3  24.4  24.4  23.9  23.5  23.4  23.2  22.9  22.5  22.7  22.9  22.4  22.5  22.6  22.6  22.4  22.4  22.8  22.9  22.7  22.5  23.3  23.2  23.3  23.4  24.8  26.3 
 26.8  25.4  25.1  25.1  24.5  24.4  24.5  24.4  23.8  23.4  23.4  23.4  22.7  22.6  22.9  22.8  22.4  22.2  22.8  22.8  22.7  22.5  23.0  23.1  22.7  22.4  23.2  23.7  23.2  23.1  25.8  26.7 
