 29.6  29.0  29.8  30.1  30.5  31.5  33.2  32.6  32.3  32.0  30.8  29.2  25.9  24.8  24.2  24.1  23.9  24.0  24.1  24.2  24.1  24.0  24.4  24.6  24.3  24.3  24.9  25.1  25.3  25.5  26.5  27.4 
 29.3  29.3  29.5  30.0  29.6  31.0  33.1  32.9  32.1  32.1  31.0  30.1  25.2  24.8  24.4  24.1  23.7  23.9  24.3  24.0  24.0  23.9  24.3  24.4  24.3  24.4  25.0  25.1  25.5  25.5  26.7  26.4 
 29.6  29.3  29.1  29.3  29.7  30.2  32.0  32.2  31.9  31.4  29.8  27.7  24.2  24.0  24.2  24.1  23.9  24.0  24.0  24.2  24.2  23.8  24.1  24.4  24.4  24.4  25.3  25.6  25.6  25.6  26.5  26.7 
 28.8  29.0  29.1  29.1  29.4  30.3  31.8  31.9  31.2  30.7  28.5  26.8  23.9  23.9  24.2  24.3  24.0  23.8  24.1  24.1  24.1  24.0  24.3  24.4  24.5  24.7  25.8  25.8  25.7  25.9  26.7  26.9 
 29.2  28.6  28.3  27.7  26.4  27.0  29.5  29.6  28.8  27.9  26.0  24.9  24.1  23.9  24.2  24.2  23.9  23.9  24.1  24.0  23.9  23.9  24.3  24.4  25.0  25.6  26.5  26.9  26.5  26.5  27.0  26.7 
 28.8  29.2  27.8  27.4  25.2  25.2  27.6  27.9  27.0  26.6  24.8  24.5  23.9  23.9  24.2  24.1  23.9  24.0  24.1  24.2  23.9  24.0  24.5  24.3  25.8  26.0  27.5  27.5  27.2  27.2  27.0  27.0 
 28.1  27.9  27.8  26.9  24.5  24.3  24.3  24.4  24.2  24.0  24.2  24.2  23.9  23.9  23.9  24.2  23.9  24.0  24.1  24.0  24.1  24.1  24.6  25.1  28.3  29.3  29.6  29.6  28.0  27.6  27.5  27.2 
 27.9  28.1  26.9  26.6  24.3  24.1  24.2  24.2  24.0  23.9  24.1  24.1  23.9  23.9  24.2  24.3  24.1  24.0  24.3  24.2  24.1  23.9  24.9  26.5  33.0  33.4  31.3  30.4  28.2  28.0  27.5  26.5 
 27.2  27.0  26.4  25.5  24.0  23.9  24.1  24.1  24.0  23.8  24.2  24.0  23.9  23.8  24.1  24.1  24.0  23.9  24.0  24.1  24.2  24.5  37.7  51.4  64.0  58.9  37.8  33.5  29.0  28.5  27.4  27.3 
 26.9  26.2  25.4  24.7  24.1  24.1  24.0  24.0  23.9  23.8  24.1  24.1  24.0  23.9  24.0  24.0  24.0  24.0  24.1  24.5  24.2  24.9  52.9  70.1  83.5  73.9  42.3  34.9  29.2  28.6  28.1  27.4 
 24.4  24.2  24.2  24.3  23.8  23.8  24.1  24.1  23.8  23.8  24.1  23.9  23.9  23.9  24.3  24.1  24.1  24.1  24.2  24.1  24.7  27.2  64.2  74.5  76.5  71.7  44.6  36.5  29.8  29.0  27.6  27.6 
 24.4  24.5  24.3  24.2  24.0  24.1  24.0  24.2  23.8  23.9  24.0  24.1  23.9  23.8  24.0  24.1  23.9  23.9  24.2  24.3  24.5  26.3  60.8 nan  66.4  59.5  40.9  36.0  30.1  28.8  27.6  27.2 
 24.2  24.1  24.1  24.4  24.1  24.0  24.2  24.4  23.9  23.8  24.0  24.0  23.9  23.9  24.0  24.1  23.9  23.9  24.1  24.1  24.0  24.3  34.1  43.2  47.1  43.1  33.6  31.6  29.2  28.4  27.6  27.2 
 24.4  24.3  24.4  24.4  24.1  24.0  24.3  24.1  23.9  23.8  24.1  24.0  23.8  24.0  24.0  24.1  24.0  23.8  24.1  24.1  24.2  24.1  27.5  31.2  36.4  34.8  30.6  29.8  28.6  27.9  27.4  27.1 
 24.1  24.2  24.2  24.2  24.1  23.9  24.2  24.1  24.0  23.8  24.1  24.2  23.9  23.7  24.1  24.1  24.0  23.9  24.1  24.1  24.0  24.1  24.4  24.6  26.1  26.4  27.3  27.2  26.7  26.7  26.3  26.3 
 24.3  24.2  24.4  24.0  23.9  23.8  24.0  24.0  23.9  24.0  24.1  24.1  23.9  23.8  24.0  24.1  23.9  23.8  24.1  24.2  24.0  23.9  24.3  24.4  25.0  25.3  26.5  26.4  26.0  25.8  26.3  26.2 
 24.3  24.0  24.2  24.2  24.1  23.7  24.0  23.9  23.9  23.7  23.9  23.9  23.9  23.7  24.1  24.0  24.0  23.9  24.2  24.1  24.1  24.0  24.1  24.3  24.4  24.4  25.0  25.5  25.1  25.3  25.5  25.6 
 24.5  24.3  24.5  24.3  23.8  23.8  24.2  24.1  23.8  23.7  23.9  24.1  23.8  23.8  24.1  24.0  23.8  23.8  24.2  24.1  24.0  24.0  24.4  24.4  24.3  24.2  25.0  25.0  25.1  25.0  25.7  25.7 
 24.6  24.4  24.7  24.5  23.8  23.9  24.0  24.0  23.9  23.7  24.1  24.0  24.0  23.8  24.0  24.1  24.1  24.0  24.2  24.2  23.9  23.8  24.2  24.5  24.3  24.2  24.8  24.9  24.7  24.8  25.2  25.3 
 24.6  24.4  24.3  24.6  24.2  23.9  24.2  24.1  24.1  23.9  24.0  24.1  23.9  23.8  24.1  24.0  24.0  23.9  24.4  24.0  24.1  23.8  24.4  24.4  24.4  24.4  24.8  24.8  24.6  24.7  25.2  25.5 
 24.5  24.2  24.7  24.4  24.1  24.1  24.1  24.2  23.8  23.8  24.1  24.1  24.0  24.0  24.1  24.2  23.9  23.9  24.1  24.4  24.1  24.1  24.4  24.6  24.5  24.3  24.7  25.0  24.5  24.9  25.6  26.1 
 24.5  24.6  24.5  24.5  24.2  24.2  24.2  24.3  23.9  23.9  24.2  24.1  23.9  24.0  24.1  24.2  24.0  24.1  24.4  24.3  24.2  24.2  24.4  24.7  24.4  24.6  24.9  25.0  24.7  25.0  26.2  27.1 
 25.2  24.9  24.7  24.9  24.3  24.1  24.2  24.2  24.1  24.1  24.0  24.5  24.1  24.2  24.1  24.3  24.5  24.0  24.3  24.4  24.3  24.2  24.5  24.6  24.4  24.3  25.2  25.1  25.0  25.0  26.8  28.1 
 25.3  25.6  25.0  25.1  24.5  24.1  24.7  24.6  24.3  24.2  24.1  24.6  24.0  24.1  24.5  24.2  24.4  24.2  24.5  24.3  24.0  24.3  24.8  24.6  24.4  24.4  25.1  25.3  25.2  25.6  28.0  29.1 
