 29.7  29.2  29.6  30.3  30.1  31.5  33.0  32.7  32.0  32.1  31.3  29.7  25.8  24.8  24.1  24.1  24.0  23.8  24.2  24.2  24.0  24.0  24.0  24.6  24.3  24.3  24.7  25.1  25.1  25.5  26.3  27.4 
 29.7  29.0  29.4  29.9  29.6  30.0  33.1  32.6  32.2  31.7  31.1  30.0  25.2  24.2  24.3  23.9  24.0  23.7  24.1  24.0  24.0  23.8  24.2  24.3  24.4  24.4  24.8  24.9  25.5  25.5  26.5  26.7 
 28.9  29.3  29.0  29.5  29.0  30.2  31.6  31.6  31.2  31.3  29.3  27.7  24.0  24.0  24.1  24.3  23.9  23.8  24.0  24.1  23.9  23.9  24.3  24.3  24.3  24.8  25.2  25.6  25.6  26.1  25.9  26.5 
 29.2  28.4  29.1  28.8  29.1  29.4  31.6  31.2  30.9  29.7  28.1  26.2  24.2  23.9  24.2  24.2  24.2  23.8  24.0  24.1  24.0  23.7  24.1  24.2  24.5  24.5  25.7  25.6  25.9  26.1  26.5  26.6 
 29.0  28.8  28.0  27.6  25.4  26.2  27.8  28.9  27.7  27.5  25.1  24.8  24.0  24.0  24.0  24.0  23.8  23.8  24.1  24.1  24.0  23.9  24.3  24.4  24.9  25.6  26.7  26.9  26.4  26.3  26.8  27.1 
 29.0  29.0  28.0  27.0  24.9  24.6  26.4  25.9  26.6  25.2  24.5  24.2  24.0  23.9  24.1  24.3  24.1  24.0  24.0  23.9  24.1  23.8  24.2  24.3  25.7  26.2  27.4  27.4  27.2  26.9  27.1  26.8 
 28.0  28.2  27.7  26.9  24.4  24.3  24.2  24.3  24.0  23.8  24.0  24.2  24.0  24.0  24.1  24.2  23.9  24.1  24.2  24.2  23.9  24.1  24.5  25.0  28.3  29.4  29.7  29.5  27.6  27.4  27.1  27.3 
 27.9  27.7  27.0  26.2  24.2  23.8  24.1  23.9  24.0  23.7  24.2  24.0  24.0  23.8  24.2  24.2  24.2  23.8  24.2  24.1  24.1  24.0  25.1  26.7  33.1  33.3  31.5  30.5  28.2  27.6  27.7  26.5 
 27.1  27.0  26.4  25.3  23.9  24.1  24.1  24.2  24.0  23.8  24.0  24.0  23.9  23.9  24.0  24.4  24.0  24.1  24.3  24.2  24.0  24.4  37.7  51.4  64.0  58.9  37.9  33.5  29.0  28.3  27.6  27.3 
 26.9  26.1  24.8  24.4  24.4  23.8  24.0  24.1  24.0  23.8  24.1  24.1  24.0  23.8  24.2  24.0  23.9  23.9  24.1  24.2  24.3  25.0  52.8  70.0  83.5  73.8  42.3  35.0  29.3  28.2  28.0  27.3 
 24.3  24.3  24.4  24.3  23.9  23.9  24.0  23.9  23.8  23.9  24.1  24.0  23.7  23.9  23.9  24.1  23.9  23.8  24.1  24.2  24.6  27.2  64.3  74.5  76.4  71.7  44.7  36.6  29.9  28.9  27.6  27.6 
 24.1  24.1  24.2  24.2  24.0  23.9  24.1  24.1  24.1  23.9  24.1  24.0  23.9  23.9  23.9  24.1  24.0  23.8  24.1  24.2  24.7  26.2  60.7 nan  66.4  59.4  40.9  36.0  30.1  28.9  27.3  27.2 
 24.1  24.1  24.2  24.3  24.1  23.9  24.1  24.1  23.9  23.9  24.0  24.0  23.6  24.0  24.0  24.1  24.0  23.8  24.2  24.0  24.2  24.2  34.1  43.2  47.2  43.4  33.5  31.9  29.2  28.4  27.4  27.2 
 24.4  24.1  24.3  24.3  24.0  23.8  24.1  24.0  24.0  23.8  23.9  24.1  24.0  23.8  24.0  24.0  24.1  23.7  24.1  24.2  24.1  23.9  27.5  31.1  36.5  34.8  30.5  29.7  28.5  27.7  27.2  27.1 
 24.1  24.2  24.3  24.3  24.0  23.8  24.1  24.0  24.0  23.9  24.0  24.0  23.8  23.8  23.9  24.0  23.7  23.8  24.2  24.1  24.1  24.0  24.4  24.5  26.0  26.7  27.3  27.3  26.5  26.4  26.3  26.6 
 24.5  23.9  24.3  24.3  24.1  23.5  23.9  24.0  23.9  23.7  24.1  24.1  23.9  23.8  24.0  23.9  24.0  23.7  24.1  24.1  24.0  23.8  24.4  24.4  25.0  25.2  26.3  26.3  26.2  25.7  26.0  25.9 
 24.0  24.2  24.0  24.2  23.9  23.7  24.0  24.0  24.0  23.7  23.8  24.0  23.9  23.7  24.0  24.0  23.9  23.9  24.2  24.1  24.1  24.0  24.1  24.2  24.4  24.5  25.1  25.5  25.0  25.3  25.7  25.5 
 24.5  24.0  24.4  24.2  23.9  23.8  24.2  23.9  23.9  23.7  23.9  23.9  24.0  23.7  24.1  24.0  23.8  23.8  24.2  24.1  24.2  23.9  24.2  24.2  24.3  24.4  25.0  25.0  24.9  24.7  25.4  25.7 
 24.3  24.4  24.6  24.4  23.7  23.9  23.9  24.3  24.0  23.8  24.0  24.0  23.8  24.0  24.1  24.1  24.0  24.0  23.9  24.3  24.0  23.9  24.1  24.4  24.2  24.4  24.8  24.9  24.7  24.8  25.2  25.5 
 24.3  24.2  24.6  24.4  24.1  23.5  24.2  24.0  23.9  23.6  23.9  24.0  23.9  23.8  24.0  23.9  24.0  23.7  24.3  24.1  24.3  23.9  24.3  24.4  24.5  24.3  24.8  24.6  24.5  24.4  25.6  25.6 
 24.3  24.4  24.6  24.7  24.3  24.1  24.3  24.2  23.9  23.6  24.0  24.3  23.9  23.9  24.0  24.4  23.8  23.9  23.9  24.2  24.0  24.1  24.4  24.7  24.4  24.3  24.6  24.8  24.4  24.7  25.4  26.4 
 24.7  24.3  24.5  24.5  24.5  23.8  24.2  24.0  24.0  24.0  24.2  24.1  24.0  23.8  24.1  24.4  24.0  23.7  24.4  24.3  24.2  24.0  24.6  24.3  24.4  24.3  24.7  24.7  24.8  24.7  26.2  26.9 
 25.2  25.3  24.6  24.8  24.5  24.0  24.4  24.4  24.0  24.0  24.2  24.3  24.1  24.2  24.3  24.5  24.2  24.2  24.4  24.5  24.2  24.3  24.3  24.6  24.4  24.3  25.0  25.3  24.8  25.2  27.6  28.2 
 26.0  24.6  24.8  25.0  24.8  24.4  24.5  24.5  24.2  23.9  24.3  24.2  24.1  24.0  24.2  24.3  24.2  23.9  24.5  24.3  24.4  24.2  24.7  24.7  24.1  24.4  25.0  25.2  25.0  25.4  28.1  28.6 
