 23.5  22.9  22.7  22.8  22.3  22.3  22.4  22.4  22.4  22.0  22.2  22.4  21.9  22.2  22.2  22.0  22.0  22.2  22.1  22.2  22.2  22.0  22.2  22.6  22.2  22.2  22.9  23.4  23.0  23.1  23.9  24.4 
 23.4  22.7  22.7  22.9  22.7  22.2  22.5  22.3  22.4  22.2  22.3  22.4  22.2  21.9  22.1  22.2  22.0  21.9  22.3  22.1  22.4  22.0  22.4  22.6  22.3  22.2  22.9  23.9  23.6  22.9  24.1  24.3 
 22.8  22.8  22.8  22.9  22.3  22.3  22.4  22.5  22.4  22.5  22.3  22.3  22.0  22.2  22.2  22.1  22.1  22.2  22.1  22.3  22.1  22.0  22.3  22.3  22.3  22.3  22.7  22.8  22.8  22.9  23.2  23.3 
 23.1  22.4  22.7  23.0  22.3  22.1  22.6  22.5  22.5  22.2  22.5  22.5  22.0  21.9  22.2  22.2  22.1  21.9  22.3  22.1  22.1  22.0  22.3  22.3  22.5  22.1  22.7  22.7  22.3  22.4  23.3  23.3 
 22.6  22.6  22.4  22.8  22.3  22.6  22.5  22.7  22.8  22.8  22.6  22.6  22.1  22.0  22.0  22.1  22.1  22.0  22.0  22.2  22.2  22.2  22.3  22.3  22.1  22.4  22.3  22.7  22.4  22.7  23.0  22.8 
 23.0  22.3  23.1  22.8  22.5  22.2  22.8  22.8  23.4  23.3  22.7  22.5  22.1  22.0  22.1  22.2  22.1  21.9  22.1  22.1  22.0  22.0  22.4  22.2  22.4  22.1  22.4  22.7  22.9  22.8  22.9  22.9 
 22.6  22.8  22.7  22.7  22.4  22.5  22.6  22.9  24.7  26.3  23.7  22.8  22.1  22.1  22.1  22.1  22.1  22.0  22.0  22.2  22.1  22.1  22.3  22.3  22.3  22.4  22.4  22.5  22.5  22.7  22.6  22.6 
 22.9  22.6  22.8  22.6  22.6  22.1  22.8  23.0  25.3  26.5  24.1  22.5  22.3  21.9  22.2  22.0  22.0  21.9  22.1  22.2  22.2  21.9  22.2  22.4  22.5  22.0  22.2  22.4  22.3  22.4  22.8  22.1 
 22.9  22.9  22.8  22.7  22.3  22.4  22.8  22.6  22.8  23.0  22.8  22.4  22.1  22.2  22.2  22.3  22.1  22.1  22.2  22.1  22.1  22.2  22.3  22.3  22.1  22.4  22.3  22.4  22.5  22.7  22.8  22.8 
 23.3  22.5  22.8  23.0  22.7  22.5  22.5  22.6  22.6  22.6  22.5  22.4  22.3  21.9  22.2  22.1  22.1  22.1  22.2  22.2  22.1  22.1  22.3  22.3  22.5  22.1  22.4  22.7  22.5  22.4  23.0  22.8 
 23.2  23.4  23.7  23.7  23.3  23.4  22.7  22.8  22.5  22.5  22.3  22.4  22.1  22.3  22.2  22.1  22.1  22.1  22.2  22.1  22.1  22.1  22.1  22.2  22.1  22.2  23.1  23.3  23.1  23.0  22.8  23.1 
 23.5  23.2  23.9  23.9  24.2  24.1  23.7  23.3  22.8  22.6  22.5  22.4  22.2  22.0  22.2  22.2  22.0  22.0  22.2  22.2  22.1  21.9  22.3 nan  22.2  22.1  23.8  24.5  23.7  22.8  22.9  22.7 
 23.9  24.2  24.9  25.7  26.8  27.3  32.4  34.8  33.0  29.0  22.8  22.5  22.1  22.2  22.2  22.1  22.1  22.2  22.3  22.2  22.2  22.0  22.2  22.4  22.4  22.3  23.4  24.1  22.9  22.8  23.0  22.9 
 24.7  24.4  25.5  26.1  28.5  29.8  41.5  48.7  53.4  47.1  24.4  22.8  22.3  22.2  22.2  22.3  22.3  22.1  22.2  22.1  22.1  22.0  22.3  22.3  22.4  22.2  22.8  23.0  23.0  22.7  22.9  23.0 
 24.9  25.2  26.1  27.1  30.3  33.6  54.5  62.8  74.3  71.1  34.3  25.2  22.4  22.3  22.2  22.3  22.1  22.0  22.3  22.4  22.0  22.1  22.3  22.3  22.3  22.2  22.5  22.4  22.7  22.9  22.6  23.0 
 25.3  25.0  26.4  27.2  30.6  33.9  53.1  62.4  78.4  79.1  36.6  25.7  22.6  22.2  22.2  22.1  22.2  22.1  22.3  22.3  22.3  22.0  22.4  22.5  22.2  21.9  22.4  22.7  22.8  22.6  22.9  23.1 
 25.0  25.0  26.1  26.4  29.3  31.5  43.8  52.8  72.7  69.5  29.5  24.1  22.3  22.2  22.2  22.2  22.1  22.2  22.2  22.2  22.4  22.2  22.2  22.4  22.2  22.5  22.6  22.9  22.5  22.8  23.0  23.1 
 25.2  24.6  25.9  26.2  28.4  29.2  36.5  41.6  53.6  49.0  25.4  23.4  22.4  22.2  22.4  22.3  22.2  22.0  22.3  22.5  22.3  21.9  22.6  22.3  22.5  22.4  22.9  22.7  22.6  22.6  23.2  23.1 
 25.0  25.1  26.0  26.0  26.7  26.8  28.2  29.1  29.2  27.6  23.4  22.9  22.3  22.4  22.6  22.4  22.1  22.3  22.3  22.4  22.2  22.2  22.4  22.5  22.5  22.5  22.7  22.8  22.6  22.7  22.8  23.4 
 25.1  25.0  25.7  25.7  26.0  25.9  26.9  27.0  26.8  25.8  23.2  22.8  22.6  22.4  22.5  22.4  22.2  22.1  22.5  22.2  22.3  22.3  22.4  22.5  22.5  22.3  22.8  22.6  22.8  23.0  23.5  23.2 
 24.9  25.1  25.4  25.5  24.9  25.1  25.1  25.3  24.8  24.3  23.0  22.9  22.5  22.6  22.3  22.5  22.2  22.5  22.3  22.4  22.2  22.2  22.5  22.3  22.7  22.5  22.8  23.0  22.8  22.7  23.6  23.7 
 25.2  24.6  25.2  25.0  24.8  24.7  24.8  24.8  24.4  24.0  23.3  23.0  22.6  22.4  22.5  22.6  22.5  22.4  22.4  22.6  22.4  22.1  22.5  22.6  22.5  22.3  22.7  23.2  22.9  22.9  23.6  24.8 
 25.7  25.4  24.7  25.1  24.7  24.5  24.6  24.3  23.9  23.3  22.9  23.2  22.9  22.7  22.6  22.4  22.5  22.3  22.6  22.5  22.6  22.4  22.9  22.6  22.5  22.5  22.8  23.3  23.0  22.8  25.0  25.3 
 26.6  25.0  24.7  25.1  24.6  24.4  24.4  24.3  23.5  23.5  23.3  23.1  22.7  22.4  22.7  22.5  22.5  22.3  22.7  22.5  22.3  22.3  22.7  22.8  22.7  22.4  23.1  23.6  23.5  23.2  25.7  26.0 
