 23.9  23.6  23.2  23.6  23.1  22.8  22.9  22.9  22.5  22.5  22.9  23.2  22.6  22.6  23.0  22.9  25.4  26.3  31.9  32.0  32.8  32.3  32.2  31.4  31.0  30.3  29.6  28.0  29.2  28.8  29.0  29.1 
 23.7  23.4  23.8  23.6  23.2  22.6  22.8  22.9  22.7  22.7  23.1  23.0  22.6  22.5  23.0  22.8  23.8  28.0  31.2  32.0  32.3  32.3  31.7  31.2  29.4  30.4  26.3  27.4  27.8  28.3  29.4  29.0 
 23.8  23.4  23.4  23.3  22.8  22.9  22.7  23.1  23.0  22.9  22.9  23.1  22.6  22.5  22.7  22.9  24.0  24.3  30.4  30.2  31.3  30.7  29.0  26.8  25.8  23.6  24.3  23.6  24.2  24.4  26.6  27.0 
 23.9  22.9  23.5  23.3  22.9  22.5  23.1  23.1  22.8  22.7  23.2  23.0  22.7  22.4  22.9  22.9  23.0  24.5  27.6  29.6  29.1  29.5  25.7  24.8  23.3  23.3  23.7  23.5  23.6  23.5  24.8  25.5 
 23.3  23.3  23.2  23.2  22.7  23.0  22.9  23.2  23.2  23.4  23.3  22.9  22.7  22.6  22.8  22.9  22.9  22.7  24.4  24.0  24.1  23.0  22.9  23.2  22.8  22.9  23.2  23.4  23.2  23.2  23.4  23.8 
 23.4  23.3  23.3  23.0  22.9  22.9  23.2  23.2  23.8  23.8  23.3  22.9  22.7  22.6  23.0  22.9  22.8  22.7  23.1  23.3  23.0  22.7  23.2  23.1  23.0  22.7  23.3  23.2  23.2  23.1  23.8  23.8 
 23.1  23.1  23.2  23.3  22.9  23.0  23.1  23.5  25.4  26.7  24.1  23.4  22.7  22.8  22.7  22.9  22.7  22.6  22.8  22.9  22.7  22.8  23.0  23.2  22.8  22.8  23.2  23.3  23.2  22.9  23.3  23.5 
 23.5  22.7  23.2  23.4  23.0  22.7  23.1  23.4  25.9  27.2  24.6  23.2  22.8  22.5  22.9  22.9  22.7  22.8  22.9  22.8  22.8  22.8  23.1  23.2  23.0  22.9  23.2  23.1  23.1  23.2  23.6  22.5 
 23.5  23.3  23.2  23.1  22.7  22.9  23.1  23.3  23.3  23.4  23.2  23.0  22.7  22.8  22.7  23.1  22.7  23.0  23.1  23.0  23.1  22.8  22.9  23.1  22.7  22.8  23.1  23.2  22.9  22.9  23.1  23.6 
 23.7  23.3  23.5  23.4  23.1  22.8  23.0  23.0  23.0  23.0  23.1  23.0  22.6  22.6  22.9  22.7  22.8  22.8  23.0  23.0  22.9  22.8  23.0  22.9  22.9  22.8  23.2  23.3  23.2  23.0  23.6  23.3 
 23.7  23.8  24.0  24.0  23.7  23.7  23.3  23.2  23.0  23.0  22.9  22.8  22.7  22.7  22.8  23.1  22.8  22.7  22.8  23.0  22.9  22.8  23.0  23.1  22.7  22.9  23.3  23.9  23.8  23.6  23.4  23.4 
 23.9  23.8  24.4  24.2  24.7  24.5  24.0  23.8  23.2  22.9  23.0  22.8  22.8  22.6  22.9  22.9  22.8  22.9  22.9  23.0  22.8  22.8  23.1 nan  22.7  22.7  24.5  25.4  24.2  23.3  23.7  23.5 
 24.6  24.6  25.3  26.1  27.1  27.6  32.6  34.8  32.9  29.4  23.3  23.2  22.9  22.8  22.8  22.9  22.8  22.9  22.9  22.9  22.7  22.7  22.9  23.1  22.8  22.9  23.9  24.9  23.7  23.3  23.6  23.6 
 24.9  24.6  26.0  26.5  28.5  30.2  41.5  48.7  53.4  47.4  24.9  23.4  23.0  22.8  22.9  22.8  22.8  22.7  23.0  23.0  22.8  22.6  23.0  23.0  23.0  22.9  23.4  23.5  23.4  23.2  23.8  23.8 
 25.1  25.5  26.6  27.6  30.7  33.9  54.7  63.1  74.7  71.5  35.1  25.8  23.0  22.8  22.8  23.0  22.6  22.6  23.0  23.1  22.7  22.6  23.0  22.9  23.0  22.9  22.9  23.1  23.1  23.2  23.4  24.0 
 25.5  25.3  27.0  27.7  30.9  34.1  53.6  62.7  78.6  79.4  37.7  26.3  22.9  22.7  22.9  22.7  22.7  22.7  22.9  22.9  22.8  22.6  23.0  22.9  23.0  22.9  23.3  23.0  23.3  23.0  23.8  23.5 
 25.3  25.7  26.7  27.4  29.8  31.8  44.3  53.5  73.4  70.7  30.6  24.7  22.8  22.7  22.7  22.7  22.7  22.7  22.9  23.0  22.7  22.9  22.9  23.1  22.9  22.8  23.2  23.3  23.0  23.1  23.7  23.8 
 25.6  25.3  26.9  27.0  28.9  29.9  37.1  42.3  54.6  50.3  26.3  23.7  23.1  22.9  23.0  22.9  22.8  22.7  23.0  23.1  22.7  22.6  23.0  23.0  22.8  22.8  23.2  23.3  23.3  23.0  23.7  23.8 
 25.6  25.7  26.4  27.0  27.1  27.2  29.0  29.9  30.0  28.4  24.1  23.5  22.9  22.9  23.0  23.0  22.9  22.8  22.8  23.1  22.8  22.7  23.2  23.2  23.0  23.0  23.2  23.4  23.4  23.3  23.5  23.9 
 25.6  25.9  26.6  26.5  26.4  26.5  27.7  27.8  27.4  26.4  23.9  23.5  23.0  23.0  23.0  23.0  22.9  22.8  23.2  23.0  22.9  22.6  23.2  23.0  22.9  22.8  23.3  23.4  23.2  23.3  24.5  24.0 
 25.6  25.4  26.0  26.1  25.9  25.8  25.8  26.1  25.4  24.9  23.6  23.9  23.3  23.3  23.1  23.2  22.9  22.8  23.1  23.2  22.8  22.7  23.3  23.2  23.2  23.0  23.5  23.5  23.7  24.4  25.2  25.7 
 26.0  25.5  25.8  25.6  25.8  25.3  25.9  25.8  25.0  24.5  24.0  23.6  23.3  23.1  23.2  23.2  23.2  22.9  23.3  23.3  23.1  22.9  23.5  23.1  23.2  23.1  23.9  23.8  24.8  25.0  25.9  26.6 
 26.7  25.8  25.4  25.9  25.3  25.0  25.2  25.2  24.5  24.1  24.0  24.1  23.4  23.4  23.4  23.5  23.2  23.2  23.2  23.3  23.2  23.1  23.5  23.7  23.4  23.9  25.4  26.0  26.2  25.9  27.2  27.6 
 27.0  26.0  25.8  25.6  25.1  25.1  25.1  24.9  24.2  24.1  23.8  24.0  23.6  23.3  23.5  23.3  23.2  23.2  23.4  23.4  23.6  23.2  23.9  23.9  24.4  24.6  26.8  26.8  26.7  26.3  27.5  27.9 
