 23.1  22.5  22.8  23.0  22.6  22.3  22.1  22.5  22.1  22.2  22.1  22.4  21.9  21.9  21.9  22.3  21.8  21.7  22.2  22.6  22.1  21.9  22.3  22.5  22.1  22.2  22.7  23.4  23.4  22.8  23.6  25.1 
 23.2  22.7  23.3  22.4  22.6  22.4  22.7  22.3  22.2  21.7  22.5  22.2  22.1  21.9  22.2  22.0  22.0  21.9  22.4  22.3  22.2  21.9  22.6  22.3  22.2  22.1  23.0  23.7  23.1  22.9  24.1  23.7 
 22.6  22.4  22.7  22.9  22.1  22.2  22.2  22.7  22.1  21.9  22.1  22.4  22.0  21.8  22.0  22.3  22.0  21.9  21.9  22.3  22.0  21.8  22.2  22.5  22.1  22.3  22.6  23.1  22.6  22.5  22.8  23.2 
 22.7  22.5  23.1  22.5  22.2  22.0  22.7  22.4  22.4  22.2  22.5  22.1  22.0  21.8  22.2  21.9  22.1  21.8  22.2  21.9  21.9  21.8  22.5  22.2  22.4  22.1  22.7  22.4  22.7  22.5  23.5  22.8 
 22.5  22.5  22.4  23.0  22.1  22.1  22.2  22.7  22.7  22.8  22.4  22.4  22.0  21.9  22.2  22.2  21.9  21.9  21.9  22.2  21.9  21.9  22.1  22.5  21.9  22.3  22.5  22.9  22.4  22.3  22.5  23.0 
 22.5  22.3  22.9  22.4  22.4  22.2  22.8  22.6  23.1  23.3  22.9  22.3  21.9  21.8  22.3  21.9  22.1  21.9  22.2  22.0  22.1  21.8  22.6  22.0  22.3  22.0  22.5  22.1  22.3  22.3  23.1  22.6 
 22.5  22.5  22.3  22.9  22.4  22.3  22.4  23.1  24.7  25.8  23.7  23.1  22.0  21.8  21.9  22.2  21.8  21.9  21.9  22.2  22.0  22.1  22.2  22.5  22.0  22.1  22.3  22.7  22.4  22.1  22.8  23.0 
 22.7  22.4  22.6  22.5  22.5  22.1  23.0  22.7  24.9  26.4  24.2  22.5  22.1  21.9  22.2  21.9  22.0  21.9  22.2  21.9  21.9  21.9  22.6  22.2  22.1  21.9  22.6  22.3  22.5  22.7  23.0  22.0 
 22.9  22.4  22.3  22.8  22.4  22.3  22.4  22.8  22.7  22.9  22.5  22.7  22.1  21.9  22.0  22.3  21.8  22.0  22.1  22.2  22.3  21.9  22.1  22.3  22.2  22.1  22.4  22.8  22.3  22.3  22.7  22.9 
 22.9  22.6  23.1  22.6  22.6  22.2  22.8  22.4  22.6  22.5  22.6  22.2  22.0  21.9  22.2  22.1  21.9  21.9  22.3  22.2  22.1  21.9  22.3  22.1  22.2  22.2  22.8  22.8  22.3  22.3  23.4  22.7 
 23.3  23.3  23.2  23.9  23.4  23.3  22.8  23.0  22.4  22.3  22.2  22.5  22.1  22.1  22.1  22.2  21.9  21.9  22.0  22.5  22.0  21.9  22.0  22.4  22.2  21.9  22.9  23.3  23.0  22.6  23.0  23.1 
 23.4  23.2  23.9  24.0  24.3  24.2  23.9  23.0  22.6  22.5  22.4  22.3  22.2  22.1  22.3  22.1  22.1  22.0  22.2  22.2  22.0  22.2  22.4 nan  22.2  22.0  24.0  24.2  23.3  22.5  23.1  22.7 
 24.1  23.9  24.9  25.7  26.7  27.2  32.1  34.9  32.8  28.9  22.6  22.7  22.3  22.0  22.3  22.3  22.2  22.0  22.2  22.2  21.9  21.8  22.0  22.4  22.4  22.4  23.1  24.0  23.0  22.6  22.8  23.1 
 24.1  24.3  25.6  26.0  28.0  29.7  41.6  48.4  53.4  47.0  24.2  22.9  22.3  22.2  22.3  22.1  22.0  21.8  22.3  22.0  22.1  21.9  22.3  22.3  22.3  22.1  22.9  22.7  23.0  22.8  22.9  22.9 
 24.6  25.0  26.1  27.2  30.2  33.4  54.4  62.9  74.2  70.9  34.0  25.2  22.2  22.2  22.2  22.4  22.1  21.9  22.2  22.2  22.0  21.9  22.3  22.4  22.3  22.0  22.4  22.8  22.4  22.5  22.8  23.3 
 24.8  24.8  26.4  27.0  30.4  33.7  53.3  62.1  78.2  79.0  36.8  25.5  22.3  22.1  22.3  22.2  22.1  21.9  22.3  22.0  22.0  22.0  22.4  22.4  22.0  22.1  22.7  22.4  22.7  22.3  23.4  23.0 
 25.1  25.0  26.0  26.5  28.9  31.1  43.6  53.0  72.6  69.4  29.4  24.1  22.3  22.3  22.1  22.4  22.1  22.0  22.2  22.5  22.1  21.9  22.2  22.5  22.4  22.3  22.4  23.1  22.3  22.6  22.5  23.4 
 24.7  24.7  26.2  26.1  28.0  29.2  36.5  41.5  53.3  48.9  25.5  23.2  22.6  22.3  22.5  22.2  22.1  21.9  22.4  22.2  22.1  22.0  22.5  22.3  22.2  22.0  22.8  22.6  22.6  22.5  23.4  22.8 
 24.7  24.8  26.0  26.3  26.3  26.5  28.1  29.2  29.2  27.6  23.2  23.0  22.4  22.1  22.3  22.6  22.3  22.3  22.0  22.5  22.2  22.1  22.3  22.7  22.5  22.3  22.7  22.9  22.8  22.7  22.9  23.6 
 24.7  24.7  25.7  25.6  25.9  25.8  27.0  26.8  26.5  25.5  23.3  22.8  22.4  22.2  22.6  22.2  22.2  22.1  22.5  22.2  22.2  21.9  22.7  22.3  22.4  22.4  23.1  22.7  22.7  22.5  23.5  23.1 
 24.8  24.7  25.1  25.4  25.1  25.1  24.9  25.7  24.7  24.1  22.9  23.3  22.6  22.3  22.4  22.6  22.1  22.2  22.2  22.5  22.1  22.1  22.4  22.8  22.4  22.4  22.7  23.4  22.5  22.5  23.0  24.5 
 24.6  24.5  25.4  24.9  24.9  24.6  25.2  25.0  24.3  23.9  23.4  23.0  22.6  22.1  22.8  22.4  22.1  22.0  22.8  22.3  22.3  22.2  22.7  22.4  22.4  22.3  22.8  22.7  23.1  22.8  24.4  24.6 
 25.7  25.2  24.6  25.3  24.4  24.0  24.3  24.3  23.8  23.2  22.9  23.5  22.7  22.4  22.4  23.0  22.6  22.3  22.3  22.7  22.3  22.2  22.6  22.8  22.7  22.4  22.9  23.3  23.0  22.9  24.3  27.1 
 26.4  25.3  25.2  24.3  24.3  24.1  24.4  24.0  23.6  23.3  23.5  22.9  22.8  22.6  22.9  22.4  22.4  22.2  22.8  22.4  22.6  22.2  23.1  22.4  22.3  22.3  23.1  22.9  23.3  23.3  26.1  25.1 
