 23.3  22.7  22.9  22.8  22.6  22.4  22.4  22.6  22.4  22.1  22.1  22.4  22.2  22.0  22.2  22.2  22.1  21.9  22.3  22.5  22.2  22.1  22.3  22.6  22.5  22.4  22.7  23.4  23.4  23.0  23.9  24.8 
 23.2  22.7  23.1  22.9  22.8  22.4  22.5  22.5  22.3  22.2  22.4  22.3  22.2  22.0  22.4  22.0  21.9  21.7  22.3  22.1  22.4  22.2  22.4  22.3  22.5  22.4  23.2  23.8  23.1  23.1  23.4  23.7 
 22.6  23.0  23.2  23.1  22.6  22.3  22.4  22.5  22.4  22.3  22.2  22.4  22.2  21.9  22.0  22.3  22.0  21.8  21.9  22.3  22.3  22.0  22.4  22.4  22.3  22.5  22.6  22.8  22.9  22.5  23.0  23.6 
 23.1  22.4  23.1  22.5  22.4  22.1  22.5  22.4  22.4  22.4  22.6  22.4  22.0  22.0  22.3  22.1  22.2  21.8  22.3  22.1  22.1  22.0  22.3  22.2  22.2  22.2  22.9  22.7  22.4  22.6  23.3  23.0 
 22.8  23.0  22.6  22.7  22.5  22.3  22.4  22.6  22.8  22.8  22.5  22.5  22.3  21.8  22.1  22.2  22.0  22.0  22.1  22.1  22.1  21.9  22.2  22.3  22.4  22.3  22.4  22.8  22.5  22.4  22.9  23.0 
 22.7  22.8  22.9  22.4  22.2  22.4  22.7  22.7  23.2  23.5  22.8  22.6  22.1  22.1  22.3  22.1  22.1  21.9  22.2  21.9  22.0  21.9  22.3  22.2  22.6  22.3  22.5  22.5  22.6  22.3  23.1  22.8 
 22.6  22.8  22.6  22.6  22.4  22.2  22.7  23.2  24.9  25.9  23.7  22.7  22.3  22.0  22.1  22.1  22.0  21.8  22.0  22.1  22.1  22.0  22.3  22.4  22.4  22.2  22.5  22.7  22.8  22.4  22.6  23.0 
 22.9  22.8  22.6  22.5  22.6  22.3  23.0  22.9  25.4  26.5  24.1  22.8  22.1  22.1  22.3  22.1  21.9  22.0  22.1  22.0  22.1  22.0  22.4  22.2  22.2  22.2  22.5  22.5  22.5  22.4  22.7  22.1 
 23.0  22.9  22.8  22.8  22.7  22.5  22.7  22.9  23.0  23.0  22.6  22.5  22.2  22.0  22.0  22.2  22.1  21.9  22.0  22.1  22.2  22.1  22.2  22.2  22.1  22.2  22.5  22.4  22.7  22.6  22.6  22.9 
 22.9  22.9  23.0  22.7  22.8  22.5  22.7  22.5  22.7  22.7  22.5  22.4  22.2  22.2  22.1  22.2  22.1  22.1  22.3  22.2  22.2  22.0  22.4  22.2  22.3  22.2  22.4  22.7  22.5  22.5  23.0  22.9 
 23.6  23.3  23.5  23.6  23.4  23.3  22.9  22.9  22.7  22.4  22.3  22.4  22.2  22.1  22.2  22.1  22.2  22.0  22.2  22.2  22.0  22.0  22.2  22.3  22.3  22.1  22.9  23.4  23.4  22.9  22.7  22.9 
 23.4  23.5  23.9  23.8  24.2  24.4  23.7  23.3  22.6  22.5  22.6  22.4  22.2  22.1  22.1  22.0  22.1  22.1  22.3  22.1  22.1  22.1  22.3 nan  22.1  22.2  24.0  24.3  23.4  22.8  23.1  22.7 
 24.3  24.0  24.9  25.5  26.8  27.3  32.4  34.8  33.0  29.0  23.0  22.7  22.4  22.1  22.3  22.4  22.3  21.9  22.2  22.1  22.2  22.1  22.1  22.3  22.5  22.3  23.5  24.0  23.2  22.5  22.8  23.0 
 24.3  24.4  25.6  26.0  28.3  29.9  41.5  48.6  53.2  47.2  24.4  22.8  22.4  22.2  22.3  22.3  22.0  22.1  22.3  22.2  21.9  22.1  22.4  22.3  22.2  22.3  22.9  22.9  23.3  22.7  23.0  22.7 
 24.7  25.0  26.2  27.1  30.3  33.6  54.4  62.7  74.4  71.0  34.0  25.3  22.4  22.2  22.2  22.2  22.3  22.1  22.2  22.2  22.2  22.2  22.4  22.5  22.5  22.0  22.7  22.6  22.7  22.6  22.8  23.3 
 25.1  24.9  26.5  27.1  30.5  33.8  53.2  62.2  78.3  79.1  36.6  25.5  22.6  22.4  22.3  22.2  22.1  22.0  22.2  22.4  22.0  22.1  22.5  22.3  22.3  22.2  22.7  22.8  22.6  22.7  23.1  23.0 
 25.1  25.1  26.0  26.7  29.3  31.2  43.7  52.8  72.6  69.6  29.6  24.0  22.4  22.2  22.2  22.1  22.3  22.2  22.1  22.3  22.5  22.0  22.3  22.4  22.6  22.3  22.4  22.7  22.7  22.7  23.2  23.1 
 25.1  25.1  25.9  26.4  28.2  29.3  36.6  41.5  53.6  49.0  25.4  23.3  22.6  22.4  22.4  22.2  22.3  22.1  22.4  22.4  22.3  22.2  22.3  22.3  22.4  22.3  23.0  22.6  22.8  22.6  23.4  23.1 
 24.9  24.8  25.9  26.2  26.4  26.8  28.2  29.0  29.4  27.6  23.2  23.1  22.5  22.3  22.4  22.4  22.4  22.2  22.1  22.4  22.3  22.2  22.6  22.7  22.6  22.4  22.6  22.9  22.9  22.7  23.0  23.4 
 25.1  25.5  25.8  25.8  25.9  25.9  27.1  26.9  26.5  25.8  23.3  22.9  22.5  22.4  22.5  22.4  22.3  22.3  22.3  22.3  22.2  22.2  22.5  22.5  22.4  22.6  22.7  22.5  22.5  23.0  23.3  23.3 
 24.9  24.5  25.1  25.4  25.3  25.1  25.3  25.3  25.0  24.2  23.0  23.1  22.5  22.5  22.5  22.5  22.4  22.1  22.4  22.5  22.6  22.1  22.5  22.7  22.6  22.4  22.6  23.2  22.8  22.7  23.0  24.0 
 25.0  24.8  25.3  24.9  24.9  24.6  25.0  25.1  24.5  24.0  23.4  23.0  22.6  22.4  22.7  22.4  22.3  22.1  22.5  22.2  22.3  22.4  22.4  22.6  22.5  22.5  22.7  23.0  23.0  23.1  24.2  23.9 
 25.9  25.4  24.8  24.9  25.0  24.3  24.4  24.5  23.9  23.2  23.4  23.4  22.8  22.6  22.5  22.6  22.5  22.1  22.7  22.7  22.5  22.4  22.8  22.8  22.7  22.7  23.0  23.3  23.4  23.1  24.7  25.8 
 25.8  25.8  25.0  24.6  24.6  24.3  24.4  24.0  23.6  23.5  23.2  23.2  22.6  22.7  22.7  22.5  22.6  22.7  22.6  22.4  22.5  22.6  22.7  22.7  22.6  22.8  23.3  23.1  23.1  23.8  25.7  25.1 
