 23.2  22.8  22.9  22.9  22.6  22.7  22.7  22.6  22.1  22.1  22.6  22.5  22.2  22.0  22.3  22.6  21.9  22.0  22.4  22.3  22.1  22.3  22.7  22.7  22.4  22.2  23.3  23.5  23.1  22.9  24.3  25.2 
 23.1  22.6  23.2  23.2  22.6  22.2  22.6  22.6  22.3  22.2  22.7  22.7  22.2  21.8  22.4  22.4  22.0  21.9  22.4  22.5  22.3  22.0  22.6  22.7  22.3  22.5  23.3  24.4  23.4  22.8  24.0  24.4 
 22.8  22.5  23.1  22.8  22.5  22.5  22.7  22.5  22.3  22.3  22.5  22.4  22.1  22.1  22.4  22.3  22.0  22.1  22.2  22.4  22.0  22.0  22.5  22.4  22.6  22.6  23.1  23.1  23.1  22.6  23.3  23.5 
 23.0  22.6  23.0  22.9  22.5  22.2  22.8  22.8  22.6  22.1  22.7  22.8  22.1  21.7  22.2  22.4  22.1  21.9  22.4  22.4  22.2  21.9  22.7  22.5  22.5  22.1  22.8  23.2  22.6  22.4  23.4  23.7 
 22.6  22.7  22.8  23.1  22.3  22.3  22.5  22.7  22.9  22.7  22.7  22.5  22.1  22.1  22.3  22.3  22.0  22.1  22.4  22.4  22.1  22.1  22.5  22.6  22.1  22.2  22.8  22.9  22.6  22.5  23.2  23.3 
 22.6  22.2  22.9  22.7  22.5  22.2  22.8  22.9  23.3  23.6  23.0  22.6  22.1  22.1  22.3  22.3  22.1  21.8  22.2  22.5  22.2  21.8  22.5  22.5  22.5  22.2  22.6  22.7  22.5  22.6  23.4  23.4 
 22.4  22.6  22.8  23.0  22.6  22.5  22.9  23.2  24.8  25.9  23.9  23.1  22.1  22.2  22.3  22.4  22.0  21.9  22.2  22.3  22.1  22.3  22.4  22.6  22.3  22.1  22.7  22.9  22.6  22.6  22.7  23.2 
 22.7  22.5  23.0  22.9  22.6  22.2  23.0  23.2  25.3  26.7  24.2  22.7  22.2  22.2  22.4  22.4  22.3  22.0  22.2  22.3  22.2  22.0  22.5  22.6  22.3  22.1  22.5  22.7  22.7  22.5  22.9  22.2 
 23.2  22.8  23.2  22.9  22.5  22.5  22.8  22.8  22.8  23.0  23.0  22.5  22.2  22.1  22.4  22.5  22.1  22.0  22.4  22.4  22.2  22.1  22.3  22.3  22.3  22.3  22.6  22.7  22.5  22.6  22.9  23.2 
 23.3  22.8  23.2  23.2  22.8  22.5  22.9  22.7  22.7  22.6  22.6  22.8  22.3  21.9  22.2  22.4  22.2  22.0  22.3  22.3  22.2  22.0  22.5  22.5  22.4  22.2  22.7  23.1  22.5  22.4  23.2  23.3 
 23.5  23.8  23.7  23.8  23.4  23.4  23.1  23.1  22.4  22.6  22.5  22.4  22.1  22.2  22.4  22.5  22.0  22.2  22.4  22.4  22.1  22.0  22.2  22.5  22.3  22.3  23.3  23.4  23.1  22.9  23.1  23.0 
 23.5  23.2  24.0  24.2  24.3  24.4  23.9  23.4  22.9  22.4  22.6  22.5  22.3  22.1  22.3  22.3  22.2  21.9  22.3  22.4  22.1  22.2  22.5 nan  22.3  22.3  24.0  24.9  23.4  22.9  23.2  23.3 
 24.1  24.0  25.0  25.8  26.7  27.3  32.7  34.8  32.9  29.1  23.1  22.8  22.2  22.2  22.3  22.5  22.1  22.1  22.4  22.3  22.2  22.1  22.5  22.4  22.2  22.3  23.9  24.4  23.1  22.8  23.3  23.5 
 24.5  24.4  25.7  26.3  28.1  29.9  41.6  48.8  53.3  47.1  24.3  23.0  22.5  22.1  22.3  22.6  22.0  22.1  22.4  22.4  22.2  22.1  22.5  22.4  22.4  22.3  22.9  23.2  22.8  22.8  23.1  23.5 
 24.5  25.1  26.3  27.3  30.3  33.5  54.6  62.9  74.3  71.1  34.4  25.4  22.4  22.3  22.4  22.4  22.3  22.2  22.4  22.4  22.0  22.2  22.5  22.6  22.3  22.3  22.8  22.9  22.7  22.7  23.2  23.4 
 25.1  25.0  26.8  27.5  30.5  33.7  53.1  62.3  78.2  79.0  36.8  25.8  22.5  22.2  22.5  22.4  22.2  22.0  22.5  22.4  22.1  22.1  22.5  22.5  22.3  22.1  22.8  22.5  22.8  22.6  23.2  23.6 
 24.8  25.1  26.5  26.7  29.3  31.4  43.9  52.9  72.6  69.6  29.7  24.1  22.6  22.4  22.4  22.4  22.1  22.1  22.5  22.5  22.4  22.1  22.5  22.6  22.3  22.4  22.9  23.0  22.5  22.4  23.3  23.0 
 25.0  24.9  26.1  26.5  28.4  29.2  36.6  41.9  53.5  49.0  25.4  23.6  22.6  22.4  22.5  22.6  22.1  22.0  22.5  22.5  22.3  22.1  22.5  22.6  22.4  22.1  22.8  23.1  22.9  22.4  23.5  23.2 
 25.2  25.1  26.1  26.3  26.6  26.7  28.3  29.3  29.2  27.7  23.5  23.2  22.5  22.4  22.6  22.6  22.4  22.3  22.5  22.5  22.3  22.2  22.8  22.8  22.2  22.4  23.0  22.8  22.9  22.6  23.3  24.0 
 24.8  24.8  25.8  26.0  26.0  25.8  27.2  27.3  26.6  25.7  23.4  23.1  22.5  22.3  22.5  22.5  22.4  22.1  22.5  22.5  22.2  22.2  22.9  22.8  22.5  22.5  22.9  22.9  22.6  22.6  23.8  24.0 
 24.9  25.0  25.6  25.6  25.0  25.2  25.5  25.4  24.8  24.2  23.5  23.3  22.7  22.5  22.5  22.7  22.2  22.4  22.5  22.5  22.3  22.3  23.0  22.9  22.7  22.5  22.9  23.3  22.6  23.0  23.6  24.4 
 24.7  24.8  25.4  25.5  24.7  24.9  25.3  24.9  24.4  23.8  23.5  23.2  22.8  22.3  22.6  22.8  22.3  22.3  22.6  22.7  22.4  22.3  22.8  22.7  22.7  22.4  22.9  23.0  22.7  22.7  24.0  25.3 
 25.8  25.3  25.2  25.4  24.4  24.6  24.8  24.7  24.0  23.5  23.6  23.3  22.7  22.8  22.9  22.9  22.5  22.3  22.9  22.8  22.5  22.4  22.8  23.2  22.7  22.5  23.1  23.6  23.1  23.2  25.9  27.2 
 26.5  25.4  25.0  25.3  24.7  24.4  24.5  24.4  23.5  23.4  23.2  23.5  22.6  22.6  23.0  22.6  22.4  22.3  22.7  22.8  22.7  22.4  23.1  23.1  22.7  22.6  23.2  23.5  23.2  23.4  25.8  27.2 
