 23.6  22.9  22.9  22.9  22.6  22.4  22.4  22.4  22.3  22.1  22.3  22.6  22.3  22.1  22.2  22.3  22.1  22.1  22.3  22.5  22.2  22.1  22.3  22.6  22.5  22.5  23.0  23.4  23.3  23.1  24.0  25.2 
 23.3  22.8  23.2  22.9  22.7  22.5  22.8  22.8  22.4  22.2  22.6  22.3  22.3  22.2  22.7  22.4  22.2  21.9  22.4  22.4  22.3  22.0  22.6  22.5  22.5  22.5  23.5  24.1  23.4  23.6  24.0  23.9 
 22.8  22.7  22.8  23.0  22.4  22.4  22.7  22.7  22.4  22.2  22.3  22.6  22.3  22.2  22.4  22.4  22.1  22.0  22.1  22.4  22.1  22.0  22.3  22.5  22.4  22.5  22.9  23.1  23.3  22.8  23.1  23.5 
 22.8  22.6  23.0  22.7  22.6  22.0  22.7  22.4  22.4  22.3  22.8  22.5  22.1  22.2  22.3  22.2  22.2  22.0  22.4  22.2  22.2  22.3  22.5  22.3  22.5  22.4  23.1  22.7  22.6  22.6  23.2  23.1 
 22.8  22.6  22.6  23.1  22.5  22.3  22.7  22.7  22.8  22.9  22.5  22.7  22.1  22.0  22.3  22.2  22.1  21.9  22.2  22.1  22.2  22.1  22.1  22.6  22.4  22.2  22.6  22.8  22.8  22.9  23.0  23.3 
 22.6  22.6  23.1  22.4  22.3  22.3  22.9  22.8  23.3  23.4  23.1  22.6  22.3  22.2  22.2  22.3  22.3  22.0  22.4  22.2  22.2  22.2  22.6  22.2  22.4  22.2  22.8  22.6  22.7  22.6  23.1  22.8 
 22.6  22.9  22.6  22.8  22.4  22.6  22.7  23.1  24.7  26.1  23.7  23.2  22.3  22.2  22.3  22.3  22.2  22.1  22.2  22.2  22.3  22.2  22.3  22.6  22.4  22.2  22.5  22.8  22.4  22.5  22.9  22.9 
 22.9  22.3  22.8  22.6  22.6  22.4  23.0  23.2  25.3  26.5  24.2  22.9  22.2  22.2  22.4  22.3  22.1  22.0  22.2  22.2  22.3  22.3  22.6  22.2  22.2  22.3  22.8  22.7  22.5  22.7  22.8  22.1 
 23.0  22.8  22.7  22.6  22.5  22.5  22.8  22.9  23.0  23.2  22.7  22.4  22.1  22.1  22.2  22.3  22.1  22.2  22.1  22.2  22.2  22.3  22.3  22.2  22.4  22.2  22.4  22.8  23.0  22.6  22.8  23.1 
 23.2  22.9  23.4  23.0  22.7  22.6  22.8  22.6  22.7  22.6  22.6  22.3  22.3  22.3  22.3  22.2  22.2  22.2  22.3  22.5  22.2  22.1  22.5  22.3  22.5  22.3  22.9  22.9  22.7  22.5  23.4  23.0 
 23.5  23.4  23.5  23.9  23.6  23.4  22.9  22.9  22.7  22.6  22.5  22.4  22.3  22.2  22.4  22.4  22.0  22.2  22.3  22.3  22.2  22.1  22.4  22.4  22.2  22.2  23.0  23.4  23.3  23.2  23.0  23.1 
 23.5  23.5  24.1  24.1  24.4  24.3  23.9  23.3  22.7  22.7  22.5  22.5  22.3  22.2  22.4  22.2  22.3  22.1  22.3  22.2  22.1  22.1  22.4 nan  22.3  22.1  24.1  24.6  23.6  22.8  23.2  23.3 
 24.1  24.2  25.1  25.7  26.8  27.2  32.6  35.0  32.9  29.1  22.8  22.8  22.4  22.3  22.2  22.4  22.2  22.1  22.3  22.3  22.1  22.0  22.3  22.5  22.2  22.2  23.7  24.4  23.2  22.7  22.8  23.2 
 24.4  24.2  25.6  26.1  28.2  29.8  41.5  48.6  53.4  47.1  24.5  23.1  22.4  22.3  22.5  22.2  22.2  22.1  22.5  22.3  22.3  22.0  22.5  22.4  22.5  22.3  22.9  23.3  23.1  22.8  23.3  23.0 
 24.7  25.2  26.3  27.1  30.2  33.6  54.2  62.8  74.0  70.9  34.2  25.5  22.5  22.4  22.3  22.4  22.3  22.1  22.4  22.5  22.3  22.2  22.5  22.5  22.3  22.5  22.6  22.8  22.8  22.7  22.9  23.3 
 25.1  25.2  26.7  27.1  30.5  33.8  53.0  62.2  78.1  79.0  36.8  25.7  22.6  22.4  22.6  22.4  22.3  22.2  22.5  22.5  22.2  22.2  22.4  22.5  22.5  22.3  22.9  22.8  22.7  22.5  23.1  23.3 
 25.0  25.1  26.3  26.7  29.2  31.3  43.7  52.8  72.6  69.5  29.6  24.2  22.6  22.4  22.4  22.4  22.3  22.1  22.4  22.4  22.3  22.2  22.3  22.6  22.4  22.4  22.7  22.9  22.7  22.5  23.2  23.6 
 24.9  25.0  26.2  26.7  28.4  29.2  36.6  41.6  53.6  49.2  25.6  23.4  22.6  22.4  22.7  22.5  22.2  22.2  22.6  22.4  22.2  22.3  22.7  22.7  22.5  22.4  23.1  22.8  22.8  22.6  23.7  23.1 
 25.4  25.0  25.9  26.3  26.6  26.7  28.1  29.4  29.3  27.7  23.5  23.2  22.6  22.4  22.6  22.6  22.5  22.5  22.3  22.6  22.4  22.2  22.6  22.8  22.5  22.6  22.7  23.1  22.9  22.8  23.2  23.5 
 24.9  25.1  25.8  25.9  25.9  25.9  27.0  27.3  26.5  25.9  23.5  23.0  22.6  22.4  22.8  22.5  22.4  22.3  22.7  22.3  22.5  22.4  22.9  22.5  22.4  22.6  23.1  22.8  22.7  23.0  23.6  23.4 
 25.3  24.9  25.4  25.6  24.9  25.0  25.3  25.5  25.1  24.2  23.5  23.3  22.7  22.4  22.6  22.8  22.3  22.4  22.5  22.6  22.4  22.4  22.6  22.8  22.5  22.4  22.8  23.0  23.2  22.7  23.8  24.6 
 25.0  24.8  25.5  25.3  25.0  24.6  25.3  25.0  24.0  24.0  23.5  23.2  22.7  22.4  22.7  22.9  22.5  22.3  22.7  22.4  22.5  22.4  22.8  22.8  22.5  22.5  23.1  23.0  23.3  23.1  24.5  24.7 
 26.4  25.3  25.1  25.1  24.8  24.5  24.5  24.6  23.9  23.6  23.3  23.4  23.1  22.6  22.8  22.8  22.7  22.5  22.6  22.6  22.7  22.4  22.8  23.2  22.7  22.7  23.2  23.6  23.3  23.4  24.9  26.3 
 26.8  25.5  25.0  24.9  24.6  24.6  24.7  24.4  23.7  23.6  23.3  23.0  22.9  22.8  22.9  22.8  22.6  22.6  22.8  22.8  22.9  22.5  23.0  22.9  22.7  22.6  23.6  23.4  23.5  23.7  26.3  26.2 
