 29.5  29.2  29.8  30.1  30.1  30.8  33.1  32.6  32.1  31.6  30.7  28.8  24.5  24.2  24.2  24.4  23.9  23.8  24.0  24.1  24.0  24.0  24.4  24.4  24.1  24.1  24.9  25.1  25.5  25.3  26.8  27.8 
 29.3  29.0  29.4  29.9  29.3  30.5  32.6  32.6  31.8  31.6  30.3  28.5  24.1  24.0  24.3  24.2  23.8  23.7  24.1  24.1  24.0  24.1  24.3  24.7  24.2  24.4  25.1  25.2  25.3  25.7  26.7  27.3 
 29.2  29.0  29.1  29.2  29.6  30.0  32.0  31.4  30.9  30.4  28.1  26.3  24.0  23.9  24.4  24.1  24.3  23.9  24.2  24.1  24.0  23.8  24.3  24.5  24.5  24.6  25.5  25.7  25.9  25.7  26.3  26.7 
 29.0  28.7  29.4  29.0  28.9  29.4  31.4  30.8  29.8  29.0  26.8  25.3  24.1  23.8  24.2  24.1  23.9  23.8  24.3  24.3  23.9  24.1  24.4  24.4  24.4  24.9  25.8  26.1  25.7  25.9  26.7  26.9 
 29.0  28.5  28.2  27.6  25.5  25.7  27.8  28.1  27.0  26.0  24.7  24.4  24.0  23.9  24.1  24.2  24.0  23.9  24.1  24.2  24.0  23.8  24.3  24.5  25.3  25.4  26.8  26.9  26.5  26.8  27.0  26.9 
 29.0  29.2  28.3  27.1  24.7  24.6  25.6  25.8  25.1  24.8  24.2  24.1  23.9  23.8  24.3  24.2  24.0  23.8  24.1  24.1  24.0  23.9  24.2  24.7  25.6  26.1  27.2  27.5  26.9  26.9  27.1  27.3 
 28.0  28.1  27.9  27.0  24.3  24.0  24.2  24.1  24.1  23.8  23.9  24.3  24.0  23.9  24.0  24.1  23.9  23.9  24.2  24.3  24.2  23.9  24.6  25.1  28.3  29.3  29.7  29.7  28.0  27.4  27.4  27.3 
 27.8  28.0  27.3  26.3  24.1  24.0  24.4  24.1  23.9  23.8  24.1  24.1  23.9  23.9  24.1  24.2  23.9  24.0  24.1  24.2  23.9  24.1  25.2  26.9  32.9  33.4  31.4  30.4  28.3  27.7  27.7  26.7 
 26.9  27.1  26.5  25.3  23.7  23.9  24.1  24.1  24.1  23.8  24.2  24.1  24.1  23.8  24.1  24.2  23.9  23.7  24.4  24.3  24.3  24.1  37.8  51.5  64.1  58.9  38.0  33.5  28.9  28.2  27.6  27.5 
 26.6  26.4  25.0  24.7  24.1  24.0  24.1  24.3  23.9  23.9  24.1  24.1  23.8  23.9  24.2  24.2  23.7  24.0  24.2  24.3  24.3  24.9  52.9  70.0  83.4  73.8  42.4  35.1  29.3  28.6  28.0  27.6 
 24.6  24.3  24.2  24.5  23.9  23.7  24.1  24.2  24.0  24.0  24.1  23.9  24.1  23.7  24.1  24.0  24.0  23.8  24.3  24.3  24.9  27.0  64.3  74.4  76.4  71.7  44.7  36.6  30.1  29.0  27.8  27.4 
 24.3  24.1  24.4  24.2  23.8  24.1  24.1  24.0  23.8  24.0  24.1  24.0  23.9  23.8  23.9  24.1  23.8  24.0  24.2  24.2  24.5  26.3  60.7 nan  66.3  59.5  41.0  35.9  30.0  28.9  27.9  27.5 
 24.6  24.2  24.3  24.3  24.1  23.8  24.1  24.2  23.8  23.9  23.9  24.1  24.0  23.9  24.0  24.1  24.1  23.9  24.2  24.2  24.2  24.3  33.9  43.2  47.2  43.1  33.5  31.8  29.4  28.4  27.5  27.4 
 24.0  24.1  24.5  24.3  23.9  23.9  24.3  24.0  24.0  23.8  24.0  24.2  23.8  24.0  24.0  24.1  23.9  24.0  24.1  24.2  24.2  24.1  27.2  31.2  36.3  34.9  30.7  30.0  28.4  28.0  27.4  27.4 
 24.3  24.1  24.1  24.3  24.1  23.8  24.1  24.2  24.0  23.7  24.1  24.2  23.8  23.7  24.1  24.2  24.1  23.9  24.3  24.2  24.0  23.9  24.5  24.6  26.1  26.5  27.3  27.4  26.8  26.1  26.8  26.6 
 24.0  24.1  24.3  24.2  23.8  23.8  24.2  24.2  23.9  23.7  24.2  24.0  23.7  24.0  24.0  23.8  23.9  23.8  24.2  24.1  23.9  23.8  24.1  24.5  24.8  25.4  26.8  26.4  26.4  26.0  26.2  26.0 
 24.2  24.2  24.4  24.2  23.9  23.9  24.0  24.3  23.9  23.9  24.0  24.0  23.9  23.6  24.0  24.0  24.0  23.8  24.2  24.1  24.1  23.7  24.2  24.3  24.3  24.3  25.4  25.2  25.1  24.9  26.1  25.6 
 24.3  24.0  24.4  24.4  23.9  23.8  24.2  24.2  24.0  23.8  24.1  24.0  23.9  23.8  24.0  24.1  23.8  24.0  24.3  24.2  24.0  24.0  24.2  24.3  24.2  24.5  25.1  25.3  24.9  24.8  25.7  25.8 
 24.4  24.1  24.4  24.4  24.1  23.9  24.2  24.2  24.2  23.8  24.3  24.1  24.1  23.8  24.2  24.3  24.1  23.9  24.1  24.2  24.0  23.9  24.2  24.5  24.3  24.3  25.0  25.0  25.0  24.6  25.4  25.7 
 24.3  24.4  24.5  24.5  23.8  24.0  24.2  23.9  23.7  23.9  23.9  24.1  23.9  23.8  24.1  24.2  24.0  24.0  24.2  24.0  24.1  24.0  24.3  24.5  24.3  24.3  25.0  24.4  24.5  24.9  26.0  26.2 
 24.7  24.0  24.6  24.7  24.2  24.1  24.0  24.2  24.2  23.6  24.2  24.3  24.0  23.9  24.3  24.2  24.0  24.0  24.4  24.3  24.2  23.9  24.6  24.6  24.5  24.3  24.8  24.8  25.1  24.6  25.8  26.1 
 24.5  24.6  24.8  24.5  24.2  24.2  24.4  24.4  23.8  24.0  24.2  24.1  23.9  24.0  24.2  24.4  23.8  24.1  24.3  24.2  24.1  24.1  24.2  24.6  24.1  24.5  24.9  25.0  24.7  25.1  26.4  27.2 
 25.7  25.1  24.8  24.8  24.4  23.8  24.5  24.2  24.2  23.7  24.1  24.5  24.1  24.1  24.3  24.5  24.3  24.0  24.3  24.4  24.4  24.2  24.4  24.6  24.4  24.3  25.0  25.3  25.2  25.0  27.3  28.2 
 25.7  25.4  25.0  25.1  24.4  24.4  24.8  24.5  24.1  24.3  24.3  24.6  23.9  24.1  24.4  24.3  24.2  24.0  24.5  24.3  24.3  24.2  24.7  24.9  24.2  24.4  25.1  25.5  25.0  25.8  28.1  28.6 
