 23.5  22.5  22.4  23.0  22.6  22.0  22.2  22.4  22.1  22.1  22.1  22.3  22.1  21.7  22.1  22.2  22.0  21.8  21.9  22.4  22.0  21.9  22.1  22.4  22.2  22.0  22.9  23.6  23.1  22.8  23.3  24.7 
 22.8  22.7  23.1  22.7  22.4  22.2  22.7  22.2  22.0  22.1  22.4  22.4  22.0  22.0  22.2  22.2  21.7  22.1  22.5  22.2  22.1  22.1  22.5  22.1  22.3  22.3  23.3  23.8  23.2  23.2  23.6  23.7 
 22.8  22.6  22.8  22.7  22.7  22.1  22.0  22.4  22.1  22.0  22.3  22.2  22.1  21.8  22.2  22.2  22.2  21.7  21.9  22.2  22.1  21.9  22.0  22.5  22.3  22.2  22.6  23.1  22.6  22.3  22.9  23.1 
 22.7  22.6  22.9  22.5  22.1  22.1  22.7  22.4  22.3  22.1  22.5  22.3  21.9  21.6  22.1  22.0  22.0  22.0  22.1  22.0  22.1  22.0  22.4  22.4  22.1  22.2  22.7  22.4  22.3  22.4  23.3  23.3 
 22.6  22.4  22.4  22.8  22.5  22.0  22.3  22.7  22.8  22.8  22.5  22.3  22.0  21.9  22.0  22.1  21.9  21.9  22.1  22.2  21.9  21.7  22.1  22.4  22.2  22.0  22.3  22.6  22.7  22.1  22.5  23.2 
 22.5  22.4  22.6  22.1  22.2  22.5  22.8  22.7  23.1  23.5  22.8  22.4  22.1  21.9  22.1  22.0  21.9  21.9  22.0  22.0  21.9  22.0  22.3  22.2  22.0  22.2  22.6  22.5  22.3  22.7  22.9  22.8 
 22.6  22.3  22.7  22.5  22.2  22.2  22.7  23.0  24.9  25.9  23.6  22.8  22.0  21.9  22.0  22.2  21.9  21.9  21.9  22.2  22.0  21.9  22.0  22.5  22.3  22.0  22.4  22.6  22.2  22.2  22.4  22.8 
 22.5  22.3  22.7  22.5  22.1  22.1  22.8  22.8  25.0  26.4  24.2  22.7  22.0  22.1  22.2  21.9  21.9  21.9  22.2  21.9  21.9  21.8  22.5  22.0  22.0  22.1  22.5  22.4  22.0  22.3  22.6  21.9 
 22.7  22.3  22.8  22.9  22.4  22.3  22.4  22.9  23.0  22.8  22.5  22.4  22.0  21.9  22.0  22.3  21.9  21.9  22.1  22.2  22.0  22.0  21.9  22.4  22.3  22.1  22.5  22.6  22.4  22.3  22.5  22.9 
 23.0  22.8  23.1  22.8  22.5  22.3  22.7  22.5  22.4  22.4  22.6  22.3  22.0  22.0  22.1  22.1  21.8  22.0  22.1  22.0  21.9  22.0  22.1  22.2  22.2  22.2  22.5  22.8  22.3  22.5  23.1  22.5 
 23.2  23.0  23.4  23.7  23.4  23.1  22.8  22.7  22.5  22.4  22.4  22.4  22.2  21.9  22.1  22.1  22.0  21.9  22.1  22.3  22.0  21.9  22.0  22.4  22.2  22.1  23.0  23.3  23.1  22.7  22.9  22.8 
 23.2  23.3  23.6  23.8  24.1  24.1  23.7  23.0  22.6  22.4  22.5  22.3  22.1  22.0  22.1  22.1  21.9  22.1  22.2  22.0  22.0  22.0  22.3 nan  22.1  22.3  23.7  24.5  23.3  22.6  23.0  22.8 
 23.9  24.2  24.8  25.4  26.7  27.3  32.4  34.8  32.8  28.9  22.8  22.6  22.2  22.1  22.3  22.3  22.1  21.9  22.1  22.2  22.0  21.8  22.1  22.4  22.2  22.0  23.4  24.2  23.2  22.6  23.0  23.0 
 24.0  24.2  25.3  25.9  28.0  29.7  41.4  48.5  53.1  47.0  24.4  22.8  22.2  22.1  22.2  22.2  21.9  22.1  22.2  22.0  21.9  21.9  22.4  22.2  22.0  22.1  22.9  22.9  22.7  22.7  23.2  22.7 
 24.7  24.8  25.9  26.9  30.2  33.3  54.3  62.8  74.3  71.0  34.1  25.1  22.3  22.1  22.1  22.3  22.1  21.8  22.1  22.4  22.1  21.8  22.3  22.4  22.1  22.2  22.4  22.6  22.8  22.4  22.6  23.1 
 24.8  24.9  26.6  27.0  30.2  33.6  53.0  62.2  78.2  79.1  36.6  25.4  22.3  22.3  22.4  21.9  21.8  22.0  22.1  22.2  22.0  22.1  22.5  22.2  22.0  22.2  22.6  22.5  22.5  22.6  23.4  22.9 
 24.9  24.8  26.1  26.6  29.1  31.0  43.6  52.8  72.7  69.5  29.4  24.1  22.3  22.0  22.2  22.4  22.0  22.0  22.1  22.2  22.2  22.0  22.2  22.5  22.3  22.1  22.5  22.8  22.6  22.7  23.3  23.4 
 24.7  24.8  26.3  26.2  28.1  29.3  36.6  41.6  53.6  49.1  25.4  23.1  22.2  22.2  22.4  22.2  21.9  22.1  22.4  22.2  22.1  22.1  22.5  22.4  22.3  22.0  22.7  22.7  22.5  22.4  23.0  23.1 
 24.9  24.6  25.8  26.0  26.5  26.4  28.1  29.2  29.2  27.4  23.5  23.0  22.1  22.2  22.2  22.4  22.1  22.0  22.2  22.3  22.4  22.1  22.3  22.5  22.6  22.2  22.4  22.7  22.7  22.5  22.8  23.5 
 24.4  25.1  25.7  25.7  25.5  25.9  27.0  27.0  26.4  25.6  23.3  22.6  22.3  22.5  22.4  22.3  22.1  22.0  22.5  22.3  22.0  22.1  22.4  22.3  22.1  22.3  22.6  22.6  22.4  22.7  23.3  23.2 
 24.9  24.9  25.1  25.3  25.2  25.0  25.1  25.5  24.7  24.1  23.0  23.1  22.5  22.3  22.3  22.3  22.2  22.0  22.3  22.6  22.3  22.1  22.5  22.7  22.5  22.2  22.6  22.7  22.7  22.7  23.4  24.2 
 25.0  24.4  25.4  24.7  24.9  24.7  24.9  24.8  24.1  23.8  23.3  23.0  22.3  22.4  22.6  22.3  22.0  22.1  22.5  22.3  22.2  22.1  22.8  22.6  22.4  22.4  22.9  22.5  22.6  22.7  23.9  24.5 
 25.4  24.9  24.7  25.1  24.5  24.0  24.3  24.4  23.7  23.3  23.0  23.1  22.7  22.4  22.4  22.6  22.5  22.2  22.4  22.6  22.3  22.2  22.5  22.9  22.7  22.2  22.7  23.3  22.8  22.6  24.7  25.7 
 25.7  25.3  25.0  24.8  24.2  23.9  24.3  24.1  23.4  23.1  23.3  22.9  22.4  22.4  22.7  22.5  22.3  22.3  22.4  22.4  22.4  22.5  22.7  22.7  22.6  22.6  23.1  23.0  23.1  23.5  26.1  26.0 
