 24.1  22.9  23.8  23.5  23.5  22.8  22.9  23.0  22.8  22.3  23.1  22.8  22.6  22.6  22.8  22.8  22.6  22.5  23.1  22.7  22.7  22.7  24.4  25.9  28.5  28.0  27.4  27.4  28.3  28.0  28.9  29.0 
 23.8  23.4  23.8  24.0  23.0  22.6  22.8  23.3  22.5  22.7  22.9  22.9  22.5  22.5  22.7  22.8  22.6  22.3  22.7  23.0  22.7  22.6  23.6  26.0  28.3  27.9  27.4  28.1  27.9  28.0  28.7  29.5 
 23.6  23.0  23.5  23.4  23.1  22.5  23.2  22.8  22.9  22.6  22.9  22.8  22.6  22.4  22.9  22.8  22.6  22.6  22.7  22.9  22.7  22.5  23.5  24.5  27.5  27.5  28.0  28.0  28.9  28.6  29.0  28.5 
 23.2  23.7  23.4  23.7  22.9  22.6  22.9  23.4  22.8  22.6  22.8  23.0  22.5  22.3  22.6  23.0  22.5  22.4  22.9  23.0  22.5  22.6  23.2  24.3  26.8  27.0  27.9  28.6  28.6  28.4  28.2  28.7 
 23.5  22.8  23.4  23.0  22.7  22.8  23.1  23.1  23.1  23.3  23.2  22.9  22.7  22.4  22.7  22.6  22.6  22.4  22.7  22.8  22.8  22.6  23.2  23.3  25.2  26.1  28.6  28.5  28.4  28.3  29.3  29.2 
 23.2  23.1  23.3  23.4  22.8  22.9  23.1  23.4  23.5  23.9  23.0  22.9  22.6  22.6  22.5  22.9  22.8  22.5  22.8  23.0  22.7  22.7  23.0  23.2  24.9  26.0  28.2  28.8  28.5  29.1  29.4  29.5 
 23.0  22.8  23.2  23.1  22.9  22.7  23.4  23.4  25.5  26.6  24.0  23.1  22.7  22.6  22.7  22.5  22.6  22.6  22.9  22.7  22.7  22.6  23.1  22.9  23.7  23.9  27.4  28.0  28.9  28.8  29.5  29.6 
 23.2  23.3  23.0  23.4  23.0  22.6  23.2  23.6  26.0  27.8  24.6  23.3  22.8  22.5  22.8  22.9  22.6  22.7  22.8  23.0  22.6  22.7  23.0  23.3  24.1  25.1  27.3  28.3  28.8  28.8  29.0  29.1 
 23.4  23.2  23.5  23.1  22.8  22.8  23.3  23.1  23.5  23.6  23.2  22.8  22.6  22.7  22.8  22.7  22.6  22.6  23.0  22.8  22.7  22.8  23.4  23.7  26.3  26.9  28.5  28.9  30.4  30.8  30.5  29.9 
 23.6  23.1  23.5  23.5  23.1  22.9  22.9  23.0  23.1  22.9  22.8  23.0  22.5  22.6  22.7  22.9  22.7  22.7  22.8  23.0  22.7  22.6  23.2  24.2  26.8  27.2  29.0  30.5  30.6  30.9  31.5  31.8 
 23.9  23.6  23.8  23.7  23.5  23.0  23.2  23.0  22.8  22.8  23.0  22.7  22.7  22.6  22.9  22.7  22.8  22.7  23.1  22.8  22.8  22.7  23.8  24.3  26.9  27.1  29.9  30.5  31.5  31.3  32.0  30.9 
 23.6  23.9  23.9  24.3  24.0  24.1  23.4  23.5  23.1  22.8  22.8  23.0  22.7  22.6  22.7  22.9  22.7  22.6  22.8  23.0  22.7  22.6  23.3 nan  26.8  28.6  29.8  30.8  31.4  31.7  31.1  29.7 
 24.3  24.3  25.3  25.3  26.2  26.5  29.0  29.3  27.4  25.8  23.2  22.8  22.8  22.5  22.9  22.8  22.6  22.6  23.0  22.8  22.7  22.6  23.2  23.2  27.3  28.6  31.5  31.2  31.6  31.4  30.4  28.6 
 24.6  24.5  25.7  26.2  27.6  28.6  36.3  42.1  44.2  38.5  23.9  23.4  22.8  22.7  22.7  22.8  22.7  22.5  22.8  22.9  22.7  22.6  23.1  23.3  26.4  28.8  31.0  31.3  31.4  30.7  29.7  29.5 
 25.1  25.0  26.3  26.8  30.1  32.5  51.6  59.7  70.5  66.8  33.5  25.4  22.9  22.8  23.0  22.8  22.8  22.7  23.0  22.9  22.8  22.7  23.2  23.0  23.8  24.9  27.1  27.3  29.5  30.4  31.7  31.8 
 25.0  25.3  26.8  27.6  30.2  33.3  51.9  60.7  75.7  75.2  37.8  26.3  22.9  22.8  22.9  22.9  22.7  22.5  22.8  23.1  22.8  22.8  23.2  23.0  23.1  23.4  25.0  25.2  27.6  29.4  31.9  32.1 
 25.3  25.5  26.9  27.0  29.6  31.9  45.8  55.1  78.4  78.0  33.5  25.4  22.9  22.8  23.1  22.8  22.9  22.6  23.0  22.9  22.9  22.7  23.2  22.9  23.0  23.0  23.9  23.7  24.7  26.5  30.0  28.8 
 25.3  25.3  26.1  27.1  28.5  30.0  38.6  45.1  61.0  57.9  27.4  24.5  22.9  23.0  22.8  23.2  22.6  22.8  23.0  23.1  22.6  22.9  23.0  23.3  23.1  23.0  23.4  24.0  24.1  24.6  26.9  27.3 
 25.4  25.5  26.5  26.5  27.1  27.5  29.6  30.7  32.2  30.2  24.5  23.4  23.0  23.0  23.3  23.1  23.1  22.8  23.2  23.2  22.9  22.9  23.5  23.1  23.2  23.1  23.5  23.4  23.7  23.5  24.8  25.1 
 25.6  25.7  26.0  26.3  26.4  26.7  28.0  28.3  28.1  27.1  23.8  23.5  22.9  22.9  23.3  23.3  22.7  22.9  23.0  22.9  22.8  22.9  23.1  23.6  23.0  23.1  23.6  23.7  23.4  23.4  24.4  25.3 
 25.7  25.3  26.0  25.7  25.8  25.6  26.1  26.1  25.5  24.9  23.8  23.4  23.1  22.8  23.2  23.2  23.0  22.8  23.3  22.9  22.8  22.8  23.5  23.2  23.4  23.0  23.7  23.4  23.7  23.7  24.7  24.9 
 25.6  25.4  25.9  26.0  25.7  25.2  25.7  25.8  25.0  24.8  23.7  23.9  23.0  23.0  22.9  23.5  23.0  22.8  23.1  23.4  23.0  23.0  23.3  23.6  23.0  23.1  23.2  24.0  23.8  24.0  25.5  26.5 
 26.3  25.7  25.5  25.5  25.4  24.8  25.4  25.0  24.6  24.4  23.9  23.6  23.6  23.3  23.5  23.4  23.4  22.9  23.6  23.2  23.2  23.3  23.6  23.3  23.5  23.2  24.7  24.3  24.7  24.3  26.2  27.0 
 27.1  26.5  25.4  25.7  24.9  25.1  24.8  25.2  24.2  23.9  23.7  24.0  23.2  23.1  23.3  23.5  23.3  23.1  23.2  23.4  23.3  23.2  23.6  23.9  23.5  23.7  24.8  25.3  24.5  25.1  26.5  27.4 
