 23.0  22.8  22.7  22.9  22.4  22.3  22.4  22.7  22.2  21.8  22.4  22.4  22.3  22.1  22.3  22.4  22.0  21.9  22.3  22.2  22.3  22.2  22.4  22.4  22.4  22.5  23.0  23.7  23.5  23.1  24.0  24.9 
 23.1  23.0  23.1  22.9  22.4  22.2  22.5  22.6  22.2  22.3  22.6  22.6  22.1  22.1  22.3  22.3  22.0  22.0  22.4  22.5  22.2  22.1  22.5  22.4  22.2  22.3  23.2  23.9  23.2  23.0  24.2  24.1 
 22.9  22.9  22.8  23.0  22.3  22.0  22.4  22.5  22.5  22.2  22.4  22.4  22.0  22.1  22.2  22.1  22.2  22.0  22.1  22.3  22.2  21.9  22.3  22.4  22.6  22.2  22.7  22.9  22.9  22.3  22.9  23.5 
 22.8  22.4  22.9  22.9  22.1  22.1  22.6  22.8  22.3  22.1  22.7  22.5  22.0  22.1  22.3  22.3  22.0  21.8  22.2  22.2  22.2  22.1  22.5  22.4  22.2  22.0  22.9  22.8  22.5  22.6  23.2  23.3 
 22.9  22.8  22.5  22.7  22.5  22.4  22.5  23.0  23.0  22.7  22.6  22.6  22.1  22.0  22.3  22.3  22.0  22.0  22.2  22.3  22.0  22.0  22.2  22.4  22.1  22.1  22.6  22.6  22.5  22.4  23.2  23.2 
 22.5  22.7  22.6  22.7  22.3  22.5  22.8  22.7  23.4  23.6  22.9  22.5  22.0  22.1  22.4  22.3  22.1  21.8  22.1  22.2  22.1  22.1  22.4  22.2  22.3  22.0  22.7  22.6  22.6  22.3  22.9  22.9 
 22.3  22.6  22.6  22.7  22.4  22.4  22.7  23.1  25.0  25.9  23.8  23.1  22.2  22.1  22.1  22.4  22.0  21.9  22.1  22.1  22.1  22.2  22.3  22.4  22.2  22.1  22.6  22.7  22.7  22.4  22.7  23.1 
 22.8  22.5  22.8  22.9  22.5  22.3  22.8  23.0  25.0  26.4  24.0  22.8  22.1  22.2  22.3  22.3  22.1  21.9  22.1  22.2  22.2  22.1  22.5  22.4  22.1  22.1  22.7  22.5  22.5  22.8  22.8  22.1 
 23.2  22.6  23.0  22.9  22.5  22.4  22.7  22.9  22.9  23.0  22.9  22.5  22.3  22.3  22.1  22.3  22.0  22.0  22.2  22.3  22.1  22.2  22.3  22.3  22.3  22.3  22.5  22.5  22.7  22.6  22.6  22.9 
 23.0  23.0  23.2  23.1  22.6  22.4  22.6  22.6  22.6  22.6  22.5  22.5  22.2  22.1  22.3  22.2  22.0  22.0  22.3  22.3  22.2  22.0  22.4  22.3  22.3  22.3  22.8  23.0  22.5  22.8  22.9  23.0 
 23.4  23.3  23.7  23.7  23.2  23.3  22.9  23.0  22.6  22.6  22.4  22.4  22.1  22.1  22.3  22.3  22.1  21.9  22.1  22.3  22.3  22.0  22.3  22.4  22.3  22.5  23.0  23.4  23.1  22.7  23.1  22.7 
 23.3  23.3  23.9  24.2  24.3  24.4  23.9  23.2  22.7  22.6  22.6  22.5  22.2  22.3  22.3  22.3  22.1  22.0  22.4  22.3  22.1  22.1  22.3 nan  22.2  22.2  23.9  24.5  23.6  22.9  22.9  23.0 
 24.2  24.2  24.9  25.4  26.8  27.4  32.5  34.8  32.9  28.9  23.0  22.7  22.3  22.2  22.4  22.3  22.1  22.0  22.4  22.1  22.3  21.9  22.2  22.4  22.2  22.3  23.7  24.1  23.1  22.7  23.1  23.2 
 24.3  24.4  25.6  25.8  28.0  29.8  41.6  48.5  53.3  47.2  24.4  23.0  22.4  22.3  22.5  22.3  22.1  21.9  22.3  22.4  22.1  22.1  22.4  22.4  22.2  22.2  22.8  23.1  22.7  22.8  23.2  23.0 
 24.9  25.1  26.4  27.1  30.3  33.5  54.4  62.8  74.4  71.0  34.2  25.2  22.4  22.3  22.3  22.4  22.1  22.0  22.3  22.5  22.3  22.0  22.4  22.3  22.2  22.5  22.4  22.8  22.5  22.4  22.9  23.1 
 25.1  24.9  26.7  27.0  30.5  33.7  53.0  62.2  78.4  79.1  36.8  25.7  22.4  22.3  22.4  22.4  22.2  22.1  22.4  22.4  22.0  22.3  22.4  22.4  22.2  22.1  22.7  22.4  22.7  22.7  23.4  23.1 
 24.5  24.8  26.1  26.7  29.2  31.3  43.9  52.9  72.6  69.6  29.7  24.1  22.6  22.4  22.3  22.3  22.2  22.2  22.4  22.5  22.3  22.0  22.5  22.4  22.6  22.3  22.6  22.8  22.6  22.5  23.1  23.4 
 24.9  24.8  26.0  26.4  28.2  29.3  36.7  41.6  53.5  49.0  25.5  23.4  22.5  22.4  22.5  22.5  22.1  22.1  22.4  22.5  22.3  22.3  22.5  22.7  22.3  22.4  22.8  22.5  22.5  22.6  23.3  23.4 
 25.0  25.0  26.0  26.5  26.3  26.4  28.3  29.2  29.2  27.6  23.5  23.1  22.6  22.3  22.5  22.5  22.3  22.2  22.4  22.4  22.3  22.1  22.6  22.6  22.4  22.4  22.8  22.7  22.9  22.5  23.3  23.7 
 24.7  25.4  26.0  25.9  25.8  26.0  27.1  27.0  26.5  25.7  23.3  23.1  22.4  22.4  22.5  22.5  22.2  22.1  22.7  22.3  22.1  22.3  22.6  22.5  22.3  22.6  22.7  22.6  22.7  22.8  23.4  23.4 
 25.1  24.7  25.4  25.3  25.0  25.1  25.1  25.5  24.8  24.2  23.3  23.2  22.5  22.5  22.5  22.7  22.3  22.3  22.5  22.3  22.4  22.2  22.7  22.7  22.6  22.4  22.9  23.0  22.6  23.0  23.6  24.1 
 24.8  24.8  25.4  25.1  25.0  24.9  25.0  25.0  24.4  23.9  23.1  23.4  22.6  22.4  22.6  22.5  22.3  22.4  22.8  22.6  22.3  22.3  22.6  22.6  22.4  22.3  23.1  22.9  22.9  22.9  24.5  24.4 
 25.6  25.5  24.7  25.1  24.5  24.0  24.6  24.4  23.9  23.5  23.4  23.2  22.7  22.6  22.6  22.8  22.3  22.2  22.5  22.7  22.7  22.3  22.7  22.9  22.7  22.7  23.1  23.3  23.3  23.2  25.2  25.9 
 25.6  25.4  25.0  24.9  24.1  24.2  24.3  24.3  23.5  23.5  23.3  23.3  22.8  22.7  22.8  22.6  22.2  22.3  22.8  22.8  22.5  22.4  22.8  22.8  22.6  22.6  23.4  23.5  22.8  23.4  25.8  25.7 
