 23.0  22.8  22.9  23.1  22.6  22.4  22.7  22.6  22.4  22.1  22.5  22.5  22.4  22.0  22.2  22.4  22.1  22.4  22.4  22.6  22.3  22.3  22.6  22.6  22.5  22.3  23.3  23.7  23.3  23.1  24.3  25.5 
 23.1  22.8  23.0  23.2  22.9  22.3  22.8  22.9  22.4  22.3  22.6  22.6  22.1  22.1  22.4  22.3  22.1  21.9  22.6  22.4  22.4  22.2  22.6  22.7  22.3  22.3  23.5  24.1  23.4  22.8  24.2  24.1 
 22.9  22.9  23.3  23.2  22.5  22.1  22.5  22.6  22.4  22.4  22.6  22.8  22.1  22.2  22.3  22.5  22.2  22.2  22.2  22.3  22.0  22.2  22.4  22.5  22.3  22.4  22.9  23.1  23.1  22.8  23.3  23.5 
 23.0  22.7  23.0  23.1  22.5  22.2  22.7  22.8  22.6  22.3  22.8  22.7  22.0  22.1  22.2  22.3  22.1  21.9  22.4  22.3  22.2  22.1  22.4  22.5  22.3  22.4  23.0  22.8  22.6  22.8  23.6  23.7 
 23.0  22.9  22.8  23.1  22.5  22.4  22.7  22.8  22.8  22.8  22.9  22.6  22.3  22.1  22.2  22.3  22.1  22.0  22.2  22.2  22.1  22.1  22.4  22.7  22.5  22.4  23.0  22.9  22.8  22.9  23.2  23.5 
 22.9  22.6  22.7  22.8  22.5  22.4  22.9  22.9  23.3  23.6  23.1  22.7  22.2  22.0  22.4  22.3  22.1  22.1  22.3  22.3  22.3  22.2  22.5  22.4  22.7  22.4  22.6  22.6  22.5  22.7  23.4  23.1 
 22.8  22.9  23.0  23.0  22.5  22.5  22.8  23.3  24.8  26.0  24.0  23.1  22.2  22.0  22.2  22.3  22.1  22.2  22.2  22.2  22.5  22.2  22.5  22.6  22.5  22.3  22.7  22.9  22.6  22.6  22.9  23.4 
 23.1  22.6  23.0  22.9  22.6  22.5  23.0  23.2  25.3  26.6  24.2  23.0  22.3  22.1  22.3  22.4  22.1  22.1  22.2  22.2  22.2  22.0  22.6  22.4  22.3  22.1  22.9  22.9  22.6  22.5  23.1  22.6 
 23.2  22.9  23.0  23.0  22.5  22.5  22.8  22.9  23.0  23.1  22.9  22.5  22.2  22.2  22.5  22.4  22.0  22.1  22.4  22.3  22.1  22.3  22.3  22.3  22.5  22.3  22.5  22.9  22.7  22.7  22.9  23.2 
 23.3  22.9  23.2  23.1  23.0  22.8  22.8  22.8  22.6  22.5  22.7  22.6  22.3  22.2  22.3  22.3  22.1  22.1  22.4  22.3  22.3  22.1  22.4  22.4  22.4  22.3  22.8  22.9  22.7  22.5  23.2  23.1 
 23.5  23.4  23.8  24.1  23.6  23.4  22.9  23.0  22.5  22.7  22.6  22.5  22.3  22.0  22.4  22.4  22.1  22.1  22.4  22.2  22.1  22.1  22.3  22.4  22.3  22.3  23.1  23.6  23.4  23.0  22.8  23.2 
 23.8  23.3  24.0  24.3  24.1  24.3  23.8  23.4  22.7  22.5  22.7  22.7  22.4  22.0  22.3  22.3  22.2  22.0  22.5  22.4  22.1  22.2  22.5 nan  22.4  22.2  24.1  24.6  23.5  22.8  23.0  23.5 
 24.1  24.0  25.2  25.8  26.8  27.4  32.6  35.0  32.9  29.2  23.0  23.0  22.5  22.3  22.3  22.3  22.2  22.1  22.4  22.3  22.2  22.2  22.3  22.4  22.5  22.4  23.6  24.2  23.2  22.6  23.1  23.3 
 24.5  24.4  25.8  26.3  28.2  29.7  41.5  48.8  53.3  47.2  24.3  23.1  22.5  22.4  22.3  22.6  22.2  22.1  22.4  22.4  22.2  22.0  22.5  22.6  22.3  22.2  23.1  23.4  23.2  22.8  23.1  23.5 
 24.6  25.1  26.5  27.2  30.3  33.6  54.4  63.0  74.4  71.1  34.2  25.3  22.5  22.3  22.4  22.5  22.3  22.1  22.4  22.5  22.2  22.2  22.6  22.5  22.4  22.2  22.8  22.9  22.8  22.7  23.2  23.4 
 25.2  25.2  26.9  27.4  30.6  33.8  53.2  62.4  78.4  79.1  36.8  25.7  22.6  22.4  22.4  22.4  22.3  22.0  22.4  22.4  22.3  22.1  22.4  22.6  22.3  22.4  22.8  22.9  22.8  22.4  23.2  23.3 
 25.2  25.2  26.5  26.9  29.3  31.5  43.9  53.0  72.7  69.5  29.8  24.2  22.6  22.5  22.4  22.4  22.4  22.2  22.4  22.6  22.3  22.2  22.6  22.6  22.6  22.5  22.9  23.0  22.9  22.8  23.3  23.4 
 25.2  24.9  26.3  26.8  28.4  29.3  36.6  41.8  53.7  49.1  25.7  23.5  22.6  22.4  22.7  22.6  22.2  22.3  22.3  22.6  22.2  22.3  22.5  22.6  22.6  22.4  22.9  23.1  22.7  22.6  23.5  23.4 
 25.2  25.3  26.1  26.3  26.7  26.8  28.4  29.3  29.4  27.8  23.6  23.2  22.6  22.3  22.7  22.7  22.4  22.3  22.4  22.8  22.3  22.2  22.5  22.9  22.6  22.5  22.8  23.1  23.0  22.6  23.3  23.7 
 25.0  25.1  25.9  25.9  25.9  25.9  27.2  27.1  26.6  25.8  23.4  23.1  22.7  22.5  22.5  22.4  22.4  22.4  22.5  22.6  22.2  22.2  22.5  22.7  22.6  22.5  22.6  23.2  22.8  23.0  23.6  23.8 
 25.3  25.4  25.6  25.6  25.5  25.2  25.5  25.6  24.8  24.3  23.5  23.3  22.7  22.4  22.5  22.5  22.4  22.5  22.3  22.7  22.4  22.5  22.8  22.8  22.7  22.5  22.9  23.2  22.8  22.8  23.6  24.6 
 25.3  24.8  25.4  25.3  25.3  24.9  24.9  25.2  24.5  23.9  23.3  23.0  22.8  22.4  22.6  22.8  22.3  22.4  22.8  22.7  22.4  22.3  23.0  22.8  22.7  22.5  23.1  23.3  23.1  22.7  24.5  24.7 
 25.8  25.3  25.1  25.2  24.7  24.7  24.7  24.6  23.9  23.6  23.3  23.3  22.7  22.7  22.6  22.9  22.6  22.5  22.8  22.8  22.6  22.5  22.9  23.0  22.5  22.9  23.3  23.6  23.3  23.2  25.2  25.9 
 26.2  25.7  25.1  25.3  24.7  24.2  24.4  24.6  23.7  23.4  23.4  23.4  22.9  22.7  23.1  22.8  22.5  22.3  22.7  22.8  22.7  22.6  23.1  23.1  22.7  22.7  23.2  23.7  23.4  23.6  25.8  26.7 
