 23.0  22.7  22.6  22.8  22.1  22.3  22.5  22.3  22.2  21.9  22.4  22.2  21.9  21.7  22.2  22.2  22.1  22.0  22.1  22.3  22.2  21.9  22.6  22.4  22.4  22.0  23.0  23.2  23.2  22.8  23.6  24.4 
 23.0  22.5  22.9  23.1  22.6  22.1  22.4  22.3  22.3  22.1  22.4  22.4  22.0  21.9  22.2  22.2  22.1  21.9  21.9  22.2  22.4  22.0  22.3  22.2  22.5  22.3  22.7  23.9  23.2  22.9  23.6  24.3 
 22.2  22.7  22.8  22.7  22.4  22.1  22.5  22.5  22.2  22.1  22.4  22.3  22.0  22.1  22.2  22.2  22.1  21.9  22.1  22.1  22.0  22.0  22.3  22.1  22.2  22.3  22.7  22.8  22.9  22.7  23.2  23.5 
 22.5  22.6  22.7  23.0  22.1  22.0  22.4  22.4  22.5  22.2  22.4  22.5  21.9  21.7  22.2  22.2  21.9  21.9  22.3  22.2  22.0  22.2  22.4  22.0  22.2  22.0  22.6  22.5  22.5  22.9  23.1  23.2 
 22.3  22.6  22.9  22.5  22.4  22.2  22.7  22.5  22.8  22.8  22.4  22.3  22.0  22.0  22.3  22.0  22.0  21.9  22.0  22.1  21.9  21.9  22.3  22.2  22.2  22.1  22.4  22.4  22.4  22.4  23.0  23.2 
 22.8  22.4  22.6  22.7  22.4  22.5  22.5  22.7  23.3  23.4  22.8  22.4  21.9  22.1  21.9  22.2  21.9  21.9  22.1  22.0  21.9  22.1  22.3  22.3  22.2  22.1  22.5  22.5  22.7  22.3  23.2  22.9 
 22.5  22.7  22.7  22.4  22.5  22.3  22.7  22.9  24.8  26.2  23.7  22.8  22.2  22.0  22.1  22.0  21.9  22.0  22.1  22.0  22.1  22.1  22.2  22.3  22.2  22.1  22.4  22.6  22.5  22.5  22.8  22.4 
 22.7  22.6  22.5  22.8  22.3  22.3  22.6  22.9  25.3  26.7  23.9  22.7  22.3  22.0  22.0  22.2  22.0  21.8  22.1  22.1  22.2  22.0  22.3  22.2  22.0  22.2  22.2  22.3  22.4  22.4  22.5  22.1 
 22.9  22.6  22.9  22.7  22.5  22.4  22.7  22.5  22.7  22.9  22.7  22.3  22.0  22.2  22.2  22.1  21.9  21.8  22.1  22.0  22.1  22.1  22.4  22.3  22.1  22.4  22.5  22.5  22.4  22.2  22.6  22.6 
 23.3  22.8  22.9  22.8  22.7  22.4  22.5  22.6  22.7  22.5  22.5  22.5  22.2  21.9  22.1  22.2  21.9  22.1  22.0  22.1  22.1  22.0  22.1  22.3  22.2  22.3  22.5  22.6  22.5  22.5  22.9  22.8 
 23.4  23.4  23.7  23.7  23.5  23.3  22.7  22.6  22.5  22.6  22.3  22.2  22.2  22.0  22.4  22.1  22.0  22.0  22.2  22.2  22.0  22.1  22.0  22.2  22.1  22.2  22.8  23.0  23.2  22.7  22.8  22.9 
 23.3  23.2  23.8  23.8  24.1  24.0  23.6  23.2  22.6  22.5  22.5  22.4  22.0  22.0  22.1  22.0  22.0  21.9  22.1  22.2  22.1  21.9  22.1 nan  22.3  22.1  23.7  24.4  23.4  22.6  22.9  23.0 
 23.9  23.9  25.0  25.3  26.8  27.3  32.4  34.8  32.9  29.0  22.9  22.5  22.1  22.1  22.1  22.1  22.1  22.1  22.4  22.0  21.9  21.9  22.3  22.2  22.1  22.2  23.6  24.2  23.1  22.5  23.1  22.9 
 24.1  24.4  25.5  26.2  28.1  29.8  41.4  48.7  53.3  47.1  24.3  22.7  22.2  22.1  22.2  22.3  22.1  22.1  22.2  22.3  22.2  21.9  22.1  22.3  22.4  22.2  22.5  23.0  23.0  22.5  22.8  23.0 
 24.6  24.9  26.3  26.8  30.1  33.4  54.4  62.7  74.3  71.1  34.2  25.2  22.4  22.2  22.2  22.2  22.1  21.9  22.3  22.3  22.1  22.0  22.4  22.3  22.2  22.3  22.5  22.2  22.7  22.6  22.9  22.8 
 24.8  24.9  26.6  27.0  30.4  33.8  53.0  62.3  78.3  79.1  36.6  25.5  22.4  22.4  22.1  22.2  22.0  22.1  22.3  22.2  22.1  22.1  22.4  22.4  22.3  22.2  22.5  22.5  22.4  22.6  23.1  23.0 
 25.0  25.1  25.9  26.6  29.3  31.2  43.7  52.8  72.7  69.5  29.6  24.0  22.4  22.3  22.3  22.2  22.3  22.1  22.3  22.0  22.2  22.1  22.6  22.4  22.5  22.1  22.6  22.6  22.4  22.8  23.0  23.0 
 25.0  24.9  25.7  26.2  28.2  29.4  36.3  41.7  53.5  49.0  25.3  23.3  22.5  22.3  22.2  22.3  22.2  22.1  22.4  22.4  22.2  22.0  22.3  22.4  22.2  22.2  22.9  22.8  22.7  22.6  23.0  22.9 
 24.9  24.5  26.0  26.0  26.4  26.8  28.3  29.1  29.1  27.8  23.5  22.8  22.3  22.4  22.5  22.3  22.2  22.2  22.4  22.4  22.3  22.2  22.3  22.5  22.5  22.3  22.6  22.5  22.7  22.5  23.2  23.3 
 24.7  25.0  25.4  25.7  25.8  25.8  26.8  27.0  26.7  25.7  23.1  22.8  22.5  22.4  22.4  22.3  22.1  22.2  22.3  22.3  22.2  22.1  22.5  22.4  22.5  22.3  22.6  22.8  22.7  22.7  23.3  23.7 
 24.9  24.9  25.3  25.3  24.9  25.1  25.1  25.3  24.8  24.1  23.1  22.9  22.5  22.4  22.6  22.3  22.2  22.4  22.4  22.3  22.2  22.1  22.6  22.5  22.5  22.3  22.6  22.7  22.7  22.7  23.4  24.2 
 25.0  25.0  25.1  25.2  24.9  24.6  24.7  24.9  24.5  23.7  23.2  23.0  22.5  22.5  22.3  22.5  22.3  22.3  22.3  22.3  22.3  22.4  22.4  22.7  22.4  22.6  22.6  22.7  22.6  22.6  23.9  24.5 
 25.4  24.9  24.7  24.9  24.4  24.1  24.4  24.0  23.7  23.5  23.1  22.8  22.6  22.5  22.6  22.4  22.4  22.1  22.8  22.6  22.6  22.3  22.7  22.6  22.5  22.4  23.0  23.3  23.3  23.0  25.0  25.3 
 26.0  25.5  25.0  25.1  24.5  24.3  24.3  24.3  23.5  23.4  23.2  23.3  22.5  22.4  22.5  22.5  22.4  22.4  22.5  22.7  22.4  22.3  22.5  22.8  22.5  22.3  22.9  23.4  23.3  23.5  25.6  26.5 
