 29.4  29.6  29.9  29.9  30.2  31.5  32.8  32.5  31.8  31.5  30.3  28.2  24.3  23.9  24.3  24.1  23.8  24.0  24.2  24.0  23.8  23.8  24.2  24.5  24.4  24.4  24.5  24.9  25.2  25.6  26.5  27.7 
 29.4  28.9  29.5  29.9  29.5  30.8  32.4  32.3  31.7  31.2  29.5  27.8  24.1  23.8  24.0  24.0  23.9  23.6  24.1  24.1  24.0  23.8  24.3  24.1  24.3  24.4  24.6  25.3  25.5  25.5  26.7  26.9 
 29.0  29.3  28.9  29.0  29.1  30.1  31.5  31.0  30.5  29.6  27.0  25.3  23.8  23.9  24.1  24.1  24.0  24.0  24.0  23.8  23.8  23.9  24.1  24.1  24.4  24.5  25.2  25.6  25.7  26.0  26.3  26.7 
 29.1  28.8  28.7  28.5  28.4  29.0  30.6  30.3  29.2  28.1  25.6  24.6  24.0  23.6  24.1  24.0  24.0  23.8  24.0  24.0  24.1  23.9  24.1  24.2  24.5  24.5  25.5  25.6  25.7  25.9  26.5  26.5 
 28.7  28.6  27.7  26.8  24.8  25.2  26.4  26.5  25.8  25.1  24.2  24.0  23.9  23.9  24.1  24.1  23.8  24.0  24.0  24.1  23.8  24.0  24.2  24.5  24.9  25.4  26.6  26.7  26.3  26.6  27.1  26.9 
 29.2  28.5  27.5  26.7  24.5  24.2  24.6  24.7  24.4  24.2  24.2  24.0  24.0  23.7  23.9  24.1  24.0  23.8  24.0  24.1  23.8  23.8  24.1  24.5  25.7  26.1  27.1  27.3  27.1  26.9  26.9  26.8 
 27.7  28.2  27.5  26.6  24.0  24.2  24.0  24.1  23.7  23.8  24.0  24.2  23.8  23.8  24.1  24.0  24.0  24.0  24.1  24.0  24.1  23.9  24.6  25.0  28.4  29.1  29.6  29.4  27.8  27.5  27.3  27.1 
 28.2  27.8  26.7  25.9  24.3  23.8  24.2  24.1  23.9  23.7  24.1  24.0  23.9  23.8  23.9  24.1  24.1  23.9  24.1  24.1  24.1  24.1  24.8  26.6  33.0  33.1  31.5  30.5  28.4  27.7  27.0  26.5 
 27.2  27.4  25.8  24.8  23.9  24.0  24.1  24.0  23.9  23.9  24.0  23.9  23.7  23.9  24.0  24.1  23.8  24.0  24.1  24.2  24.3  24.4  37.8  51.5  64.0  58.9  37.8  33.4  28.9  28.4  27.4  27.4 
 26.9  25.9  24.7  24.5  24.2  23.9  23.9  24.1  24.1  23.7  23.9  24.1  24.1  23.7  24.1  24.1  24.0  23.9  24.2  24.2  24.5  25.0  52.9  70.0  83.5  73.8  42.2  35.1  29.4  28.3  27.8  27.4 
 24.2  24.4  24.3  24.2  23.9  24.0  24.1  23.9  24.1  23.9  24.1  24.1  23.9  23.8  24.1  24.0  23.7  23.9  24.1  24.2  24.5  27.1  64.3  74.4  76.3  71.5  44.5  36.5  29.8  29.0  27.7  27.2 
 24.2  24.1  24.4  24.2  23.9  23.9  24.0  23.9  24.1  23.7  23.9  24.0  23.8  23.8  24.0  24.0  23.8  23.8  24.1  24.2  24.7  26.3  60.5 nan  66.2  59.4  40.8  35.8  30.2  28.8  27.4  27.2 
 24.2  24.0  24.2  24.1  23.7  23.8  24.0  24.2  23.8  23.8  24.0  24.1  23.7  24.0  24.0  23.9  23.9  23.9  24.1  24.0  24.0  24.3  34.1  43.1  46.9  43.4  33.4  31.7  29.3  28.5  27.6  27.0 
 24.4  23.9  24.4  24.1  24.1  23.9  24.1  24.2  24.1  23.7  23.9  24.0  23.9  23.8  23.9  23.9  23.9  23.8  24.0  24.0  24.2  24.0  27.3  31.2  36.4  34.5  30.3  29.7  28.4  27.8  27.3  26.9 
 23.9  24.2  24.1  24.4  24.0  24.0  24.1  24.0  23.8  23.9  23.8  24.0  23.7  23.8  23.9  24.0  23.8  23.8  24.2  24.3  24.0  24.0  24.3  24.6  25.7  26.6  27.3  27.0  26.8  26.3  26.1  26.4 
 24.5  23.8  24.3  24.1  23.9  23.7  23.9  24.0  23.9  23.8  23.9  24.0  23.9  23.6  24.0  23.9  23.9  23.9  24.2  24.1  23.9  23.9  24.3  24.3  25.0  25.1  26.2  26.3  26.2  25.9  25.8  25.6 
 24.0  24.4  24.2  24.2  23.9  23.8  24.0  24.1  23.9  23.8  24.0  23.8  24.0  23.9  24.0  24.0  23.9  24.0  24.2  24.1  24.0  24.0  24.3  24.2  24.3  24.5  25.4  25.4  25.1  25.1  25.5  25.6 
 24.4  23.9  24.1  24.3  24.1  23.8  24.2  24.0  23.8  23.7  23.9  23.9  24.0  23.6  24.1  24.1  24.1  23.9  24.1  24.2  23.9  23.8  24.0  24.3  24.3  24.1  25.0  25.1  25.0  24.6  25.4  25.5 
 24.2  24.4  24.5  24.8  23.9  23.9  23.9  24.3  23.8  23.9  24.0  24.0  23.8  24.0  24.1  24.1  24.1  23.9  24.1  24.2  23.9  23.9  24.2  24.4  24.2  24.2  24.6  24.8  24.7  24.7  25.3  25.7 
 24.4  24.2  24.3  24.4  24.2  23.7  24.1  24.0  24.0  23.8  23.8  23.9  23.9  23.9  23.9  24.0  24.0  23.8  24.1  24.1  24.0  23.7  24.4  24.2  24.3  24.3  24.6  24.7  24.7  24.6  25.2  25.5 
 24.3  24.7  24.5  24.6  24.1  24.0  24.0  24.3  23.8  23.9  23.9  24.1  23.9  23.9  23.9  24.1  23.9  24.0  24.0  24.3  23.9  24.0  24.4  24.3  24.3  24.3  24.8  24.8  24.5  24.7  25.3  26.0 
 24.6  24.4  24.6  24.3  24.0  23.9  24.1  24.1  23.9  23.8  24.1  24.1  24.1  23.7  24.0  24.0  24.1  23.8  24.3  24.0  24.2  24.2  24.3  24.4  24.2  24.4  24.8  24.8  24.9  24.5  26.1  26.2 
 25.4  24.8  24.7  24.9  24.3  24.2  24.3  24.3  24.0  24.1  24.1  24.3  24.2  24.1  24.2  24.4  24.0  24.0  24.3  24.4  24.0  24.2  24.4  24.7  24.5  24.3  25.0  25.3  24.7  25.1  26.4  28.1 
 25.3  24.7  24.7  24.7  24.5  24.0  24.4  24.6  24.0  23.7  24.2  24.3  24.1  23.9  24.3  24.1  24.1  23.9  24.3  24.1  24.3  24.1  24.4  24.4  24.3  24.1  25.1  25.3  25.0  25.0  28.0  28.5 
