 23.6  22.6  22.5  22.8  22.9  22.4  22.4  22.3  22.5  22.4  22.4  22.5  22.2  22.2  22.2  22.2  22.2  22.2  22.3  22.2  22.3  21.9  22.3  22.6  22.7  22.3  23.0  23.6  23.5  23.1  24.0  24.9 
 22.9  23.0  22.7  22.9  22.4  22.5  22.3  22.6  22.4  22.3  22.3  22.4  22.2  22.1  22.2  22.2  21.9  22.2  22.2  22.3  22.5  22.2  22.1  22.4  22.3  22.6  23.2  23.9  23.4  23.2  23.8  23.6 
 23.5  22.7  22.8  22.7  22.7  22.1  22.3  22.7  22.5  22.3  22.3  22.7  22.3  22.2  22.2  22.2  22.1  22.2  22.1  22.2  22.4  22.0  22.4  22.4  22.6  22.3  22.9  22.9  23.2  22.8  22.9  23.3 
 22.5  23.1  22.5  22.8  22.1  22.4  22.6  22.8  22.3  22.3  22.6  22.4  21.9  22.2  22.1  22.2  22.1  22.0  22.1  22.0  22.0  22.2  22.4  22.4  22.2  22.5  22.6  22.5  22.5  22.9  23.0  23.1 
 23.1  22.8  22.7  22.8  22.6  22.2  22.7  22.6  23.0  22.9  22.6  22.4  22.2  22.1  22.1  22.2  22.2  21.9  22.0  22.1  22.2  22.1  22.5  22.2  22.5  22.4  22.7  22.7  22.8  22.7  23.3  23.0 
 22.3  22.9  22.8  22.8  22.5  22.6  22.7  22.7  23.3  23.5  22.9  22.4  22.1  22.1  22.2  22.3  22.0  22.1  22.1  22.0  22.2  22.3  22.2  22.4  22.5  22.5  22.7  22.5  22.4  22.8  22.9  22.9 
 22.8  22.7  22.7  22.6  22.6  22.5  22.6  23.0  24.8  26.2  23.8  22.9  22.4  22.2  22.2  22.2  22.2  22.1  22.0  22.1  22.3  22.2  22.3  22.3  22.6  22.1  22.6  22.5  22.8  22.4  22.8  22.8 
 23.0  22.9  22.6  22.6  22.5  22.4  22.8  22.9  25.2  26.9  24.0  22.8  22.3  22.2  22.2  22.1  22.1  21.9  22.0  22.2  22.0  22.1  22.2  22.4  22.3  22.3  22.4  22.5  22.5  22.8  22.6  22.1 
 23.2  22.6  23.0  22.6  22.6  22.5  22.7  22.8  23.0  22.9  22.8  22.5  22.4  22.1  22.1  22.1  22.3  22.2  22.2  22.3  22.3  22.2  22.1  22.2  22.6  22.3  22.7  22.5  22.7  22.6  22.9  22.9 
 22.9  23.1  23.1  23.1  22.7  22.5  22.6  22.5  22.5  22.8  22.5  22.4  22.1  22.1  22.2  22.2  22.0  22.2  22.0  22.2  22.2  22.3  22.2  22.3  22.3  22.3  22.7  22.7  22.7  22.6  23.1  23.0 
 23.5  23.4  23.7  23.7  23.7  23.3  22.9  22.9  22.8  22.5  22.4  22.4  22.4  22.0  22.3  22.2  22.3  22.0  22.3  22.1  22.2  22.1  22.4  22.2  22.4  22.2  23.0  23.3  23.3  22.7  22.8  23.1 
 23.3  23.6  23.8  24.1  24.3  24.3  23.6  23.2  22.8  22.6  22.3  22.6  22.3  22.2  22.2  22.2  22.0  22.2  22.2  22.3  22.0  22.3  22.1 nan  22.3  22.4  23.7  24.9  23.6  23.0  22.9  22.8 
 24.5  23.9  25.2  25.4  27.0  27.2  32.6  34.8  33.1  29.0  22.8  22.5  22.5  22.1  22.4  22.2  22.2  22.0  22.2  22.1  22.3  22.1  22.3  22.3  22.4  22.3  23.5  24.3  23.2  22.7  23.1  22.9 
 24.4  24.8  25.7  26.3  28.3  29.9  41.5  48.6  53.3  47.2  24.3  22.9  22.2  22.4  22.2  22.5  22.1  22.0  22.2  22.3  22.0  22.1  22.4  22.3  22.3  22.3  22.7  23.0  23.1  23.0  23.0  23.2 
 24.9  24.9  26.2  27.0  30.3  33.4  54.3  62.6  74.2  70.9  34.2  25.1  22.6  22.4  22.4  22.3  22.4  22.1  22.3  22.4  22.3  22.1  22.4  22.3  22.6  22.3  22.7  22.5  22.7  22.6  23.1  23.0 
 25.0  24.9  26.5  27.1  30.4  34.0  53.0  62.1  78.1  79.1  36.5  25.6  22.4  22.4  22.3  22.3  22.2  22.1  22.2  22.3  22.1  22.3  22.3  22.3  22.3  22.2  22.4  22.5  22.8  23.0  23.2  23.1 
 25.2  25.1  26.0  26.6  29.3  31.3  43.6  52.9  72.8  69.7  29.6  23.9  22.7  22.4  22.3  22.3  22.2  22.1  22.3  22.2  22.3  22.1  22.5  22.4  22.7  22.4  22.7  22.7  22.7  22.7  23.5  23.2 
 25.0  24.9  26.0  26.4  28.2  29.2  36.5  41.6  53.5  49.0  25.3  23.4  22.5  22.4  22.3  22.5  22.1  22.1  22.1  22.5  22.3  22.3  22.4  22.6  22.4  22.5  22.7  22.7  22.9  22.7  23.3  23.4 
 25.2  25.0  25.8  26.2  26.8  26.7  28.1  29.0  29.5  27.6  23.5  22.9  22.6  22.4  22.5  22.5  22.5  22.2  22.2  22.3  22.3  22.3  22.5  22.3  22.6  22.5  22.7  22.8  23.0  22.5  23.0  23.5 
 24.9  25.3  25.7  25.6  25.9  25.9  26.9  27.0  26.7  25.8  23.3  22.8  22.6  22.5  22.5  22.5  22.5  22.4  22.6  22.4  22.2  22.2  22.3  22.8  22.5  22.5  22.7  22.8  23.0  23.0  23.6  23.8 
 25.4  24.7  25.2  25.5  25.5  25.1  25.3  25.3  25.0  24.2  23.5  23.0  22.8  22.5  22.4  22.6  22.5  22.0  22.5  22.3  22.6  22.4  22.6  22.6  22.7  22.5  22.9  23.0  23.1  22.8  23.1  23.6 
 24.6  24.9  25.1  25.0  25.0  25.0  25.0  25.0  24.3  23.9  23.3  23.1  22.6  22.6  22.5  22.5  22.5  22.3  22.4  22.5  22.3  22.5  22.7  22.5  22.5  22.6  23.0  23.2  22.7  23.1  24.0  24.4 
 26.1  24.8  24.9  25.1  25.0  24.3  24.4  24.3  24.0  23.5  23.0  23.1  23.1  22.4  22.5  22.6  22.6  22.4  22.7  22.5  22.5  22.3  22.9  22.9  22.7  22.7  23.0  23.3  23.3  23.2  24.8  25.9 
 25.9  25.9  24.4  25.1  24.4  24.4  24.1  24.1  23.4  23.7  23.2  23.2  22.8  22.8  22.7  22.8  22.6  22.7  22.6  22.5  22.5  22.6  22.7  23.0  22.6  22.7  23.1  23.2  23.2  23.9  26.3  26.2 
