 30.3  29.4  29.8  29.7  28.8  28.3  30.1  30.7  30.8  30.2  30.8  29.4  26.9  24.4  24.3  24.2  24.2  23.9  24.1  24.3  24.0  24.2  24.4  24.4  24.4  24.5  25.0  25.2  25.5  25.3  27.0  28.0 
 29.5  29.5  29.4  29.8  28.7  28.0  28.2  30.1  29.2  29.9  28.1  28.5  24.7  24.2  24.1  24.4  23.9  24.0  24.2  24.2  24.2  24.0  24.7  24.4  24.4  24.6  25.1  25.2  25.4  25.8  26.3  27.2 
 30.5  30.0  29.7  29.2  27.9  27.1  25.5  25.2  26.7  25.4  25.6  24.8  24.2  24.1  24.2  24.3  24.1  24.0  24.2  24.2  24.0  24.1  24.5  24.4  24.8  24.6  25.6  25.8  25.8  26.0  26.7  26.7 
 29.9  29.7  30.0  29.6  27.8  26.5  24.5  24.8  24.6  24.6  24.5  24.3  24.1  23.9  24.1  24.3  24.2  23.9  24.3  24.1  24.1  24.3  24.2  24.5  24.5  24.7  25.8  26.1  25.8  26.0  26.8  26.8 
 29.3  28.7  28.1  28.1  26.1  25.4  24.2  24.2  24.1  24.1  24.3  24.1  24.2  24.0  24.2  24.2  23.9  24.0  24.2  24.3  24.1  24.0  24.3  24.5  25.0  25.5  26.6  27.0  26.6  26.6  27.0  27.0 
 29.7  29.2  28.2  27.9  25.8  24.6  24.3  24.3  24.0  24.1  24.1  24.2  24.1  24.0  24.3  24.4  24.1  23.9  24.2  24.1  24.2  24.0  24.5  24.3  25.7  26.2  27.3  27.5  27.1  27.0  27.2  27.2 
 28.3  28.4  27.4  26.8  24.6  24.1  24.2  24.2  24.2  24.0  24.2  24.2  24.0  23.9  24.2  24.3  24.0  24.1  24.2  24.3  24.3  24.2  24.6  25.0  28.2  29.2  29.9  29.4  28.2  27.6  27.3  27.2 
 27.4  27.2  26.3  25.6  24.3  24.1  24.3  24.4  24.1  24.0  24.0  24.2  24.1  24.0  24.2  24.3  24.1  24.2  24.1  24.1  24.1  24.1  25.0  26.6  32.9  33.4  31.5  30.5  28.3  27.9  27.4  26.6 
 26.3  25.6  24.6  24.4  24.3  24.1  24.3  24.2  24.0  23.9  24.1  24.1  24.2  23.9  24.3  24.2  24.2  24.0  24.2  24.3  24.4  24.4  37.2  50.2  63.8  58.8  38.1  33.8  29.1  28.5  27.8  27.4 
 25.5  24.6  24.5  24.5  24.4  24.2  24.1  24.2  24.1  23.8  24.1  24.2  24.2  24.0  24.1  24.4  24.0  24.0  24.2  24.4  24.4  25.0  51.7  69.3  83.4  74.1  42.6  35.5  29.3  28.7  27.7  27.5 
 24.7  24.2  24.3  24.4  24.0  24.1  24.3  24.1  24.1  24.1  24.0  24.2  23.9  23.9  24.2  24.1  24.1  24.1  24.2  24.2  24.8  26.9  64.0  74.3  76.9  72.3  45.2  37.1  30.0  29.0  28.0  27.5 
 24.3  24.1  24.1  24.5  24.1  23.9  24.3  24.2  24.0  23.9  24.0  24.0  23.9  24.0  24.1  24.1  24.0  23.9  24.2  24.4  24.5  26.2  60.4 nan  67.0  60.1  41.4  36.3  30.3  28.9  27.6  27.6 
 24.6  24.3  24.6  24.5  24.2  24.1  24.3  24.2  24.0  24.1  24.1  24.1  24.0  23.8  24.1  24.3  24.0  23.9  24.2  24.3  24.3  24.4  34.2  43.4  47.9  44.0  33.9  32.0  29.4  28.6  27.7  27.3 
 24.2  24.1  24.4  24.3  24.3  24.2  24.2  24.3  24.0  23.7  24.1  24.3  23.9  23.9  24.1  24.1  24.0  24.0  24.3  24.3  24.3  24.1  27.4  31.4  36.8  35.3  30.7  30.1  28.7  28.1  27.3  27.2 
 24.5  24.3  24.3  24.4  24.4  24.0  24.3  24.2  24.0  24.0  24.2  24.2  24.0  23.8  24.2  24.1  24.1  24.1  24.2  24.3  24.1  24.1  24.4  24.6  26.2  26.7  27.6  27.5  27.0  26.5  26.5  26.7 
 24.7  24.1  24.3  24.7  24.1  23.9  24.1  24.3  24.0  23.9  24.1  24.0  24.0  23.9  24.0  23.9  24.1  24.0  24.1  24.2  23.9  24.1  24.4  24.5  24.8  25.5  26.5  26.6  26.6  26.1  25.9  26.4 
 24.4  24.2  24.3  24.5  24.1  23.8  24.3  24.2  24.0  24.0  24.1  24.0  24.1  23.9  24.0  24.1  24.0  24.0  24.2  24.2  24.1  23.9  24.2  24.3  24.6  24.7  25.4  25.7  25.5  25.7  25.8  26.0 
 24.7  24.2  24.4  24.3  24.0  23.9  24.1  24.1  24.0  23.9  24.1  24.0  24.0  23.9  24.2  24.2  24.1  24.1  24.3  24.3  24.2  24.0  24.3  24.4  24.3  24.2  25.1  25.1  25.3  25.4  25.6  25.8 
 24.7  24.6  24.7  24.6  24.2  24.3  24.2  24.3  24.0  23.9  24.3  24.2  23.9  23.9  24.2  24.2  24.2  24.0  24.2  24.4  24.2  24.1  24.4  24.7  24.4  24.4  24.9  25.2  25.1  24.7  25.4  26.0 
 24.8  24.5  24.4  24.7  24.2  23.7  24.1  24.3  24.0  23.9  24.1  24.1  24.0  24.0  24.2  24.2  24.0  24.0  24.2  24.2  24.2  24.0  24.3  24.6  24.5  24.5  24.7  25.1  24.9  24.8  25.8  25.8 
 24.9  24.2  24.8  24.7  24.5  24.3  24.2  24.2  24.3  23.9  24.2  24.4  24.0  24.0  24.2  24.4  24.2  24.1  24.2  24.4  24.3  24.2  24.5  24.4  24.5  24.7  24.9  25.2  24.8  24.8  25.8  26.6 
 25.1  24.7  24.9  24.4  24.3  24.0  24.1  24.6  24.0  24.1  24.3  24.2  24.0  24.0  24.3  24.4  24.2  24.1  24.5  24.4  24.1  24.5  24.6  24.8  24.6  24.7  25.0  25.1  24.7  25.1  26.4  27.4 
 26.0  25.1  24.8  25.1  24.9  24.4  24.6  24.2  24.2  24.1  24.3  24.4  24.4  24.2  24.5  24.5  24.3  24.1  24.5  24.5  24.5  24.4  24.6  24.6  24.4  24.5  25.1  25.4  25.4  25.4  27.8  28.4 
 26.2  25.6  24.9  25.0  24.6  24.3  24.5  24.7  24.3  24.2  24.5  24.3  24.3  24.3  24.3  24.4  24.4  24.3  24.6  24.6  24.4  24.4  24.8  24.8  24.6  24.5  25.4  25.2  25.7  25.8  27.9  28.9 
