 23.2  22.8  22.9  23.1  22.4  22.1  22.8  22.7  22.1  22.1  22.4  22.6  22.0  21.7  22.2  22.7  22.2  21.9  22.3  22.4  22.3  22.2  22.3  22.7  22.4  22.3  23.2  23.9  23.1  22.7  24.0  25.2 
 22.9  22.6  23.2  23.0  22.6  22.2  22.5  22.7  22.3  22.2  22.6  22.4  22.1  22.1  22.2  22.1  22.0  22.0  22.6  22.5  22.1  22.0  22.6  22.4  22.3  22.3  23.1  24.1  23.4  23.2  24.0  24.4 
 22.8  22.5  23.1  23.0  22.5  22.1  22.4  22.8  22.4  22.1  22.3  22.7  22.0  22.1  22.4  22.4  22.2  22.0  22.0  22.3  22.0  22.1  22.4  22.8  22.3  22.3  22.8  23.2  22.7  22.7  23.1  23.5 
 22.6  22.9  23.3  22.9  22.5  22.0  22.8  22.6  22.4  22.3  22.8  22.5  21.9  21.9  22.2  22.2  22.0  22.0  22.3  22.3  22.0  22.0  22.6  22.4  22.1  22.4  23.0  22.7  22.6  22.6  23.0  23.1 
 22.6  22.6  22.7  22.6  22.3  22.3  22.5  23.0  22.7  22.9  22.6  22.5  22.2  22.0  22.2  22.3  21.9  21.9  22.2  22.3  22.1  22.1  22.4  22.5  22.2  22.5  22.6  22.9  22.3  22.7  23.2  23.1 
 22.6  22.6  23.0  22.8  22.5  22.4  22.9  22.8  23.1  23.5  23.0  22.4  22.0  22.1  22.3  22.2  22.0  21.8  22.2  22.1  22.2  21.9  22.6  22.3  22.4  22.2  22.6  22.6  22.4  22.6  23.2  22.9 
 22.8  22.6  22.7  22.7  22.3  22.4  22.8  23.3  24.9  26.2  23.9  22.9  22.1  22.1  22.0  22.3  21.9  22.1  22.2  22.2  22.1  22.1  22.4  22.6  22.2  22.1  22.6  22.8  22.5  22.2  22.9  23.3 
 22.7  22.6  22.9  22.5  22.3  22.2  23.0  23.0  25.3  26.8  24.4  22.8  22.2  22.1  22.4  22.3  22.0  22.0  22.3  22.2  22.0  21.8  22.6  22.4  22.2  22.2  22.9  22.5  22.4  22.3  22.8  22.2 
 23.2  22.6  22.9  23.0  22.4  22.5  22.8  22.8  22.8  22.8  23.0  22.6  22.3  22.0  22.1  22.4  21.9  22.0  22.3  22.4  22.1  22.1  22.2  22.5  22.4  22.3  22.5  22.9  22.4  22.6  22.9  22.9 
 23.0  22.9  23.2  22.8  22.6  22.5  22.9  22.5  22.5  22.6  22.6  22.4  22.2  21.9  22.3  22.2  21.9  22.1  22.4  22.3  22.0  22.1  22.4  22.4  22.4  22.3  22.9  22.7  22.8  22.5  23.1  22.8 
 23.5  23.2  23.7  23.9  23.5  23.4  23.0  23.0  22.6  22.5  22.4  22.5  22.0  22.1  22.3  22.3  22.2  22.1  22.2  22.3  22.1  22.1  22.2  22.4  22.3  22.2  22.9  23.2  23.1  22.7  22.9  23.4 
 23.5  23.5  24.2  24.2  24.1  24.3  24.0  23.3  22.6  22.5  22.6  22.5  22.3  22.1  22.3  22.2  22.1  22.0  22.5  22.3  22.2  22.0  22.4 nan  22.0  22.1  24.1  24.8  23.5  22.9  23.2  23.0 
 24.1  24.0  25.2  25.9  26.7  27.2  32.7  35.0  32.9  29.1  22.9  22.8  22.3  22.2  22.2  22.6  22.2  21.9  22.3  22.3  22.1  22.1  22.2  22.5  22.3  22.4  23.7  24.6  23.1  22.7  22.8  23.3 
 24.4  24.4  25.9  26.2  28.1  29.8  41.6  48.8  53.3  47.1  24.6  22.9  22.3  22.3  22.6  22.2  22.0  22.0  22.5  22.3  22.3  21.9  22.5  22.3  22.2  22.1  23.0  23.0  22.9  22.5  23.1  23.0 
 24.4  24.9  26.3  27.1  30.3  33.4  54.7  62.9  74.3  71.0  34.3  25.3  22.4  22.3  22.3  22.3  22.2  22.1  22.3  22.4  22.0  22.1  22.5  22.4  22.2  22.1  22.7  22.9  22.4  22.7  23.2  23.3 
 25.1  25.2  26.6  27.2  30.5  33.8  53.3  62.3  78.2  79.1  36.9  25.6  22.5  22.1  22.3  22.2  22.1  22.0  22.3  22.4  22.1  22.1  22.5  22.4  22.2  22.3  22.8  22.6  22.5  22.6  23.4  22.8 
 24.8  24.9  26.3  26.9  29.1  31.2  43.8  52.9  72.6  69.6  29.7  24.2  22.5  22.3  22.3  22.5  22.2  22.1  22.3  22.6  22.3  22.1  22.6  22.5  22.2  22.3  22.8  23.2  22.8  22.4  23.5  23.7 
 25.0  24.9  26.4  26.6  28.0  29.1  36.8  41.7  53.7  49.0  25.6  23.4  22.5  22.5  22.6  22.4  22.2  22.1  22.6  22.3  22.1  22.1  22.5  22.5  22.4  22.3  22.8  22.9  22.6  22.4  23.2  23.2 
 25.0  24.8  25.8  26.3  26.3  26.7  28.3  29.3  29.2  27.5  23.5  23.2  22.4  22.3  22.5  22.7  22.3  22.2  22.3  22.5  22.3  22.1  22.6  22.8  22.2  22.4  22.8  23.3  22.9  22.6  23.2  23.7 
 24.7  24.8  25.8  25.7  25.9  25.8  27.3  27.1  26.5  25.6  23.4  22.9  22.4  22.4  22.6  22.3  22.4  22.2  22.6  22.3  22.2  22.2  22.5  22.8  22.5  22.5  22.9  22.9  22.7  23.0  23.6  23.2 
 24.9  24.7  25.4  25.6  25.2  25.1  25.3  25.6  24.8  24.2  23.3  23.3  22.6  22.5  22.5  22.5  22.4  22.3  22.5  22.9  22.3  22.2  22.6  22.9  22.5  22.3  22.9  23.2  22.8  22.8  23.6  24.4 
 24.6  24.6  25.5  25.0  24.9  24.9  25.2  24.9  24.4  23.8  23.2  23.1  22.5  22.4  22.6  22.7  22.1  22.2  22.6  22.4  22.2  22.3  22.7  22.7  22.5  22.3  22.8  23.0  22.7  22.7  24.5  24.4 
 25.6  24.8  25.2  25.0  24.5  24.3  24.6  24.6  23.7  23.6  23.0  23.2  22.7  22.4  22.6  22.9  22.4  22.4  22.6  22.6  22.5  22.3  22.5  23.0  22.5  22.4  23.0  23.2  23.3  22.8  25.2  27.2 
 26.2  24.9  25.0  25.1  24.2  24.4  24.6  24.4  23.4  23.4  23.3  23.3  22.6  22.4  22.7  22.6  22.3  22.2  22.8  22.8  22.3  22.2  22.8  23.0  22.7  22.6  23.1  23.5  23.0  23.1  26.2  26.2 
