 29.7  29.4  29.6  29.3  28.8  28.0  28.4  28.7  29.4  28.5  28.3  26.8  24.8  23.9  24.2  24.4  23.8  24.0  24.1  24.4  24.2  23.9  24.4  24.5  24.5  24.5  25.1  25.3  25.5  25.3  27.0  28.0 
 29.9  29.5  29.4  29.5  28.1  27.4  25.7  27.2  27.0  27.4  25.9  25.7  24.1  24.2  24.4  24.2  24.0  23.9  24.2  24.0  24.0  23.8  24.3  24.2  24.3  24.3  25.2  25.4  25.2  25.4  26.9  27.2 
 30.1  30.0  30.0  29.7  28.0  26.9  24.6  24.4  24.6  24.1  24.2  24.3  24.0  23.8  24.0  24.3  23.9  24.0  24.0  24.3  24.1  24.1  24.3  24.6  24.6  24.5  25.4  25.7  25.8  26.0  26.5  26.9 
 29.9  29.9  29.9  29.5  27.8  26.7  24.3  24.4  24.0  24.1  24.5  24.1  24.0  24.0  24.2  24.1  24.0  24.0  24.4  24.1  23.9  24.2  24.4  24.2  24.5  24.7  25.8  25.8  26.0  26.1  26.4  27.2 
 29.2  28.6  28.1  28.2  26.3  25.2  24.2  24.3  24.2  23.9  24.1  24.3  24.1  24.0  24.2  24.2  24.1  24.1  24.0  24.3  23.9  24.0  24.1  24.4  25.1  25.5  26.6  26.6  26.6  26.4  26.7  27.1 
 29.8  29.2  28.5  27.9  25.8  25.0  24.3  24.2  24.1  24.0  24.1  24.1  23.9  24.0  24.1  24.2  24.1  23.9  24.0  24.0  23.9  24.0  24.4  24.5  25.7  26.1  27.3  27.3  26.8  27.1  27.4  26.9 
 27.8  28.0  27.4  26.6  24.5  24.1  24.0  24.3  24.1  24.0  24.1  24.3  24.0  23.9  24.1  24.2  24.0  23.9  24.3  24.2  24.1  24.1  24.5  25.2  28.3  29.2  29.6  29.6  28.1  27.4  27.3  27.6 
 27.2  26.9  26.0  25.8  24.1  23.9  24.2  24.0  24.0  23.9  24.1  24.1  23.9  23.9  24.2  24.1  24.1  24.2  24.2  24.3  24.3  23.9  25.1  26.6  32.9  33.3  31.6  30.3  28.4  28.1  27.3  26.7 
 26.3  25.2  24.5  24.7  24.0  24.0  24.1  24.4  24.0  23.8  24.2  24.2  23.9  24.0  24.0  24.4  24.0  24.0  24.3  24.2  24.3  24.3  37.0  50.3  63.8  58.8  38.3  33.7  29.1  28.5  27.6  27.2 
 25.1  24.5  24.6  24.4  24.3  23.8  24.2  24.0  23.9  24.0  24.0  24.2  24.0  23.9  24.1  24.0  24.2  24.0  24.3  24.3  24.6  25.0  51.7  69.2  83.3  74.1  42.5  35.1  29.4  28.7  27.7  27.5 
 24.4  24.4  24.4  24.5  24.1  23.8  24.0  24.1  24.0  24.0  24.0  24.1  23.9  23.9  24.1  24.2  24.1  23.9  24.1  24.4  24.8  26.9  63.9  74.3  76.9  72.3  45.2  37.0  30.0  29.0  27.7  27.7 
 24.2  24.2  24.1  24.3  23.9  24.0  24.1  24.1  24.0  24.0  24.1  23.9  23.8  23.9  24.0  24.0  23.9  24.0  24.1  24.4  24.6  26.1  60.6 nan  67.0  60.1  41.3  36.1  30.2  28.9  27.9  27.3 
 24.5  24.2  24.2  24.4  24.0  23.9  24.1  24.2  23.9  23.9  23.9  24.1  23.9  23.8  24.1  24.1  24.1  23.8  24.2  24.2  24.2  24.2  34.1  43.5  47.8  43.9  33.8  32.1  29.5  28.7  27.7  27.3 
 24.2  24.3  24.7  24.2  24.0  24.0  24.2  24.1  23.9  23.8  24.0  24.2  23.9  23.8  24.2  24.1  23.9  23.9  24.1  24.2  24.1  24.2  27.4  31.3  36.8  35.2  30.8  29.8  28.7  28.2  27.6  27.2 
 24.3  24.3  24.2  24.5  24.1  23.9  24.1  24.1  23.9  23.9  24.2  24.2  23.9  23.8  24.0  24.2  23.9  23.9  24.2  24.2  24.1  24.0  24.5  24.6  26.1  26.7  27.2  27.5  27.0  26.5  26.7  26.5 
 24.3  24.1  24.5  24.1  23.9  23.9  24.1  24.0  24.0  23.9  24.1  24.0  23.9  23.8  24.1  24.1  23.8  23.8  24.3  24.2  24.2  24.0  24.4  24.4  24.9  25.3  26.6  26.3  26.3  26.1  26.2  25.9 
 24.4  24.4  24.5  24.2  24.2  23.8  24.0  24.2  24.1  23.8  24.1  24.1  23.9  23.6  24.0  23.9  23.9  23.9  24.1  24.1  24.1  23.8  24.3  24.3  24.4  24.5  25.1  25.7  25.3  25.4  25.8  25.7 
 24.4  24.0  24.4  24.2  23.9  23.9  24.1  24.1  23.9  23.9  24.0  24.1  23.9  23.9  24.2  24.2  24.0  24.0  24.2  24.2  24.0  24.2  24.2  24.4  24.3  24.3  25.3  25.1  25.3  25.0  25.8  25.8 
 24.5  24.3  24.5  24.6  24.1  23.9  24.0  24.4  24.0  23.7  24.0  24.1  24.0  23.9  23.8  24.3  24.1  24.0  24.0  24.4  24.1  24.2  24.3  24.7  24.3  24.4  24.8  25.0  25.1  24.7  25.2  26.0 
 24.2  24.3  24.6  24.6  24.2  23.9  24.1  24.2  24.0  24.0  23.9  24.0  24.0  23.9  24.3  24.1  24.0  24.0  24.4  24.0  24.1  24.0  24.3  24.5  24.3  24.3  24.7  24.8  24.9  24.9  25.7  25.4 
 24.7  24.2  24.8  24.6  24.5  24.0  24.2  24.2  24.2  23.9  24.1  24.4  24.1  23.9  24.1  24.4  24.0  24.1  24.1  24.3  24.4  24.3  24.5  24.7  24.7  24.4  24.8  25.1  24.9  25.0  25.2  26.3 
 24.3  24.6  24.7  24.9  24.0  24.0  24.4  24.2  24.1  24.0  24.2  24.2  24.0  23.9  24.3  24.3  24.1  24.0  24.4  24.2  24.3  24.1  24.4  24.5  24.3  24.4  24.8  24.8  24.9  24.9  26.2  27.1 
 25.9  25.1  24.6  24.6  24.6  24.2  24.6  24.6  24.2  24.2  24.2  24.5  24.2  24.0  24.2  24.6  24.4  24.2  24.4  24.5  24.5  24.3  24.6  24.5  24.7  24.5  25.1  25.2  25.2  25.2  27.1  28.0 
 26.2  25.3  24.9  25.0  24.8  24.3  24.5  24.5  24.3  24.1  24.5  24.4  24.4  24.1  24.5  24.3  24.3  24.2  24.6  24.5  24.2  24.3  24.5  24.8  24.4  24.2  25.4  25.4  25.3  25.6  28.7  28.9 
