 30.5  30.2  30.1  30.0  29.7  28.8  30.1  30.6  30.5  30.4  28.0  26.7  24.1  24.0  24.1  24.4  24.2  23.8  24.1  24.4  24.1  24.0  24.3  24.6  24.4  24.3  24.8  25.3  25.5  25.7  26.7  27.9 
 30.2  29.9  30.2  29.9  29.2  29.1  29.6  29.8  29.4  29.2  27.2  25.6  24.2  24.0  24.2  24.1  24.0  24.0  24.3  24.0  24.2  24.0  24.6  24.3  24.3  24.6  25.0  24.9  25.5  25.9  26.7  26.9 
 30.6  30.3  30.4  30.1  28.8  28.1  27.3  27.6  26.7  26.1  24.7  24.6  24.1  24.0  24.1  24.4  24.1  24.0  24.0  24.4  24.1  24.0  24.2  24.6  24.6  24.6  25.1  25.6  26.1  26.1  26.3  26.9 
 30.0  29.7  30.1  29.9  28.7  27.5  26.4  26.1  25.4  24.9  24.6  24.3  24.2  24.0  24.3  24.2  24.2  24.0  24.2  24.2  24.0  23.8  24.5  24.4  24.6  24.9  25.7  25.8  25.9  26.3  26.9  26.7 
 29.5  29.4  28.6  28.6  27.3  26.3  24.4  24.5  24.3  24.1  24.0  24.4  24.1  24.1  24.3  24.3  24.1  23.9  24.0  24.1  24.1  23.9  24.2  24.4  25.2  25.5  26.6  27.1  26.5  26.4  27.0  26.9 
 29.0  29.5  29.3  28.6  27.0  25.9  24.6  24.2  24.2  24.2  24.4  24.2  24.0  24.1  24.2  24.1  24.1  24.0  24.4  24.0  24.1  24.0  24.4  24.5  25.5  26.2  27.5  27.4  26.9  27.1  27.2  27.2 
 27.5  27.8  28.2  27.8  25.0  24.4  24.2  24.4  24.0  23.9  24.0  24.3  24.2  23.9  23.9  24.3  24.1  24.2  24.0  24.2  24.3  24.0  24.6  25.1  28.4  29.2  29.8  29.5  28.0  27.4  27.2  27.4 
 27.2  26.7  26.8  26.1  24.5  24.1  24.3  24.0  23.9  24.1  24.3  24.0  24.1  24.0  24.4  24.2  24.1  24.2  24.3  24.3  24.1  24.3  25.0  26.5  33.0  33.3  31.5  30.4  28.5  28.0  27.4  26.7 
 26.4  25.9  24.7  24.6  24.1  24.1  24.1  24.5  24.1  23.8  24.1  24.2  24.1  23.9  24.0  24.3  24.1  24.0  24.3  24.2  24.3  24.4  36.9  50.5  63.9  58.8  38.1  33.6  29.2  28.5  27.7  27.3 
 25.6  24.9  24.6  24.2  24.2  24.1  24.2  24.1  24.0  24.0  24.4  24.1  23.9  24.0  24.1  24.0  24.1  24.2  24.3  24.3  24.3  24.9  52.0  69.4  83.2  74.0  42.8  35.3  29.4  28.9  28.0  27.4 
 24.6  24.3  24.4  24.4  24.1  24.1  24.0  24.2  24.0  23.9  24.0  24.0  24.0  23.9  24.2  24.3  24.0  24.0  24.2  24.3  24.7  26.9  63.9  74.3  76.8  72.3  45.2  37.0  30.2  29.1  27.6  27.9 
 24.1  24.1  24.6  24.1  24.1  24.0  24.3  24.2  24.0  24.1  24.2  24.1  23.9  24.0  24.1  24.0  24.1  24.0  24.3  24.2  24.7  26.0  60.5 nan  66.8  60.1  41.5  36.0  30.3  29.0  27.7  27.4 
 24.6  24.1  24.3  24.4  24.1  24.0  24.1  24.3  24.0  23.9  24.0  24.1  24.0  23.8  24.0  24.1  24.1  24.0  24.1  24.2  24.2  24.2  34.0  43.4  47.8  43.8  33.8  32.0  29.6  28.9  27.7  27.9 
 24.3  24.4  24.6  24.5  24.2  24.0  24.3  24.4  23.9  23.9  24.1  24.1  24.0  24.0  24.2  24.0  24.0  24.0  24.2  24.1  24.1  24.3  27.6  31.3  36.8  35.1  30.8  30.1  28.5  27.9  27.6  27.3 
 24.3  24.1  24.3  24.6  24.1  23.9  24.2  24.3  24.0  23.7  24.0  24.2  24.0  24.0  24.1  24.1  24.1  23.9  24.1  24.3  24.1  24.1  24.5  24.6  26.2  26.7  27.3  27.6  26.9  26.6  26.3  26.7 
 24.2  24.2  24.6  24.1  24.0  23.8  24.0  24.1  24.0  23.9  24.3  24.1  24.0  24.1  24.1  24.1  23.9  24.0  24.4  24.2  24.0  24.2  24.4  24.4  25.0  25.3  26.7  26.5  26.0  26.2  26.4  26.2 
 24.3  24.2  24.3  24.4  24.1  23.9  24.1  24.1  24.1  23.8  24.1  24.2  24.0  23.8  23.9  24.0  24.0  23.9  24.2  24.1  24.3  24.0  24.1  24.3  24.7  24.6  25.2  25.5  25.4  25.5  25.7  26.0 
 24.3  24.3  24.6  24.3  24.0  23.9  24.2  24.2  23.8  23.9  24.2  24.1  24.0  23.9  24.2  24.0  23.9  23.8  24.3  24.3  24.2  24.0  24.3  24.4  24.4  24.4  25.2  25.1  25.0  24.9  25.8  25.9 
 24.8  24.4  24.8  24.4  24.2  24.2  24.1  24.3  24.4  24.0  24.1  24.3  24.1  23.9  24.3  24.1  24.1  23.9  24.1  24.4  24.2  24.0  24.2  24.5  24.4  24.3  24.9  25.0  25.0  24.5  25.0  25.9 
 24.6  24.4  24.7  24.7  24.0  24.0  24.5  24.3  23.9  23.9  24.0  24.1  23.9  24.0  24.2  24.0  24.0  24.0  24.4  24.0  24.2  24.1  24.4  24.4  24.3  24.2  24.8  24.9  24.7  25.2  25.8  25.3 
 24.9  24.4  24.6  24.9  24.3  24.1  24.3  24.4  24.3  24.0  24.0  24.4  24.0  24.0  24.0  24.5  24.1  24.0  24.2  24.5  24.3  24.2  24.4  24.6  24.7  24.4  24.4  25.2  24.9  24.9  26.0  26.5 
 24.5  24.6  25.0  24.3  24.3  24.4  24.3  24.5  23.9  24.0  24.3  24.2  24.1  24.2  24.2  24.5  24.3  24.1  24.6  24.1  24.3  24.3  24.6  24.5  24.4  24.6  25.4  24.9  24.8  24.9  26.4  26.4 
 25.6  25.0  24.6  25.3  24.7  24.3  24.7  24.4  24.3  24.2  24.1  24.6  24.5  24.4  24.2  24.5  24.5  24.3  24.2  24.5  24.6  24.1  24.6  24.8  24.6  24.4  25.0  25.2  25.2  25.4  27.1  28.4 
 25.8  25.5  25.4  25.1  24.6  24.6  24.6  24.8  24.1  24.2  24.6  24.4  24.3  24.3  24.6  24.4  24.3  24.3  24.6  24.6  24.4  24.2  24.6  24.8  24.5  24.8  25.3  25.3  25.2  25.5  29.1  28.8 
