 23.4  22.6  22.9  23.1  22.6  22.1  22.7  22.6  22.3  22.2  22.5  22.6  22.1  22.0  22.2  22.3  22.1  21.9  22.4  22.5  22.2  22.1  22.6  22.6  22.5  22.1  23.0  23.6  23.5  22.7  23.8  24.9 
 22.9  22.6  22.9  23.4  22.7  22.4  22.9  22.7  22.3  22.2  22.5  22.4  22.0  22.1  22.5  22.3  22.1  22.1  22.5  22.4  22.2  22.2  22.5  22.3  22.3  22.5  23.3  24.4  23.2  23.0  23.8  23.9 
 23.0  22.9  23.0  23.0  22.7  22.3  22.7  22.4  22.4  22.2  22.4  22.4  22.1  22.0  22.3  22.4  22.1  22.0  22.3  22.2  22.2  22.1  22.3  22.3  22.5  22.5  22.9  23.1  23.1  22.7  23.1  23.5 
 22.8  22.8  22.9  22.7  22.3  22.4  22.7  22.5  22.3  22.5  22.7  22.6  22.1  22.0  22.3  22.2  22.0  21.9  22.3  22.3  22.1  22.3  22.6  22.4  22.4  22.5  22.9  22.8  22.6  22.9  23.4  23.5 
 23.0  22.9  22.7  23.1  22.4  22.3  22.6  22.9  23.0  23.0  22.7  22.6  22.2  22.1  22.3  22.2  22.1  21.9  22.2  22.1  22.3  22.0  22.4  22.4  22.4  22.2  22.7  22.6  22.2  22.4  23.2  23.2 
 22.5  22.6  22.8  22.7  22.5  22.2  22.8  22.8  23.2  23.6  23.1  22.7  22.2  22.2  22.2  22.2  22.1  21.9  22.2  22.3  22.1  22.1  22.5  22.4  22.2  22.2  22.8  22.8  22.4  22.6  22.9  23.3 
 22.8  22.7  22.7  22.6  22.4  22.5  22.8  23.1  25.0  26.1  23.9  22.9  22.2  22.1  22.1  22.4  21.9  22.0  22.3  22.2  22.3  22.1  22.4  22.5  22.2  22.2  22.6  22.7  22.6  22.4  22.8  22.9 
 23.0  22.9  23.0  22.9  22.5  22.4  23.1  23.2  25.4  26.7  24.3  22.9  22.1  22.2  22.3  22.3  22.1  21.9  22.1  22.2  22.1  22.1  22.5  22.3  22.2  22.3  22.6  22.9  22.6  22.4  23.0  22.1 
 23.0  22.6  23.0  23.0  22.6  22.4  22.9  22.8  22.9  23.0  22.8  22.4  22.3  22.0  22.2  22.2  21.9  22.0  22.2  22.3  22.2  22.2  22.2  22.3  22.3  22.1  22.7  22.8  22.6  22.5  23.1  22.9 
 23.2  23.1  23.1  23.1  22.6  22.4  22.7  22.7  22.6  22.8  22.5  22.5  22.3  22.0  22.3  22.1  22.0  22.2  22.4  22.4  22.1  22.0  22.3  22.6  22.3  22.3  22.8  22.9  22.7  22.5  23.3  23.3 
 23.4  23.3  23.6  23.7  23.5  23.4  23.1  22.9  22.6  22.4  22.6  22.4  22.2  22.1  22.4  22.2  22.2  22.1  22.2  22.2  22.2  22.1  22.4  22.3  22.2  22.4  23.1  23.5  23.1  22.7  23.2  23.2 
 23.3  23.2  23.9  24.2  24.1  24.3  23.8  23.4  22.6  22.6  22.5  22.6  22.2  22.3  22.2  22.3  22.0  22.1  22.1  22.3  22.1  21.9  22.4 nan  22.3  22.2  23.9  24.8  23.6  22.8  23.1  23.0 
 24.4  23.7  25.2  25.8  26.9  27.5  32.7  34.8  32.9  29.2  22.9  22.5  22.4  22.0  22.3  22.2  22.2  22.0  22.3  22.2  22.2  22.0  22.4  22.3  22.4  22.4  23.6  24.1  23.0  22.8  23.3  23.2 
 24.4  24.4  25.7  26.3  28.2  29.8  41.5  48.8  53.3  47.2  24.4  23.0  22.2  22.3  22.5  22.2  22.0  22.2  22.3  22.4  22.2  22.0  22.4  22.5  22.3  22.3  22.9  23.1  22.9  23.0  23.0  23.0 
 24.9  25.1  26.5  27.1  30.3  33.4  54.6  62.9  74.3  71.0  34.3  25.2  22.5  22.4  22.4  22.4  22.3  22.1  22.3  22.4  22.2  22.1  22.3  22.6  22.2  22.3  22.9  22.6  22.8  22.4  22.9  23.1 
 25.0  25.0  26.5  27.1  30.5  33.9  53.1  62.5  78.2  79.1  36.8  25.7  22.5  22.3  22.4  22.2  22.3  22.2  22.3  22.3  22.1  22.3  22.3  22.6  22.1  22.3  22.7  22.6  22.7  22.9  23.4  23.3 
 25.2  25.1  26.3  26.6  29.3  31.2  44.0  52.8  72.6  69.4  29.8  24.0  22.6  22.3  22.3  22.3  22.4  22.2  22.5  22.2  22.3  22.1  22.5  22.4  22.7  22.3  22.9  22.9  22.5  22.7  23.3  23.4 
 24.9  24.8  26.3  26.6  28.2  29.3  36.6  41.7  53.5  49.1  25.3  23.5  22.4  22.4  22.4  22.5  22.1  22.2  22.4  22.5  22.1  22.2  22.5  22.8  22.3  22.4  22.8  22.8  22.9  22.7  23.7  23.6 
 25.2  24.8  26.0  26.2  26.3  26.4  28.3  29.1  29.4  27.6  23.6  23.0  22.6  22.3  22.7  22.6  22.4  22.1  22.3  22.3  22.4  22.0  22.5  22.8  22.5  22.3  22.6  22.8  22.8  22.6  23.4  23.5 
 24.9  25.1  25.8  26.0  25.8  25.9  27.1  27.0  26.7  25.8  23.5  22.9  22.6  22.5  22.7  22.3  22.3  22.2  22.5  22.4  22.2  22.4  22.6  22.6  22.5  22.5  22.9  22.9  22.5  23.0  23.4  23.8 
 25.3  24.8  25.4  25.3  25.1  25.0  25.2  25.3  24.9  24.2  23.5  23.4  22.7  22.5  22.6  22.6  22.3  22.3  22.4  22.7  22.5  22.4  22.7  22.8  22.8  22.5  23.1  22.9  23.0  22.7  23.6  24.4 
 25.0  24.6  25.5  25.3  24.9  24.9  25.2  25.2  24.4  24.0  23.3  23.1  22.6  22.6  22.5  22.5  22.5  22.4  22.7  22.6  22.3  22.4  22.6  22.9  22.3  22.6  23.1  23.0  22.7  23.1  24.3  25.3 
 26.1  24.8  24.9  25.2  24.5  24.0  24.6  24.4  23.8  23.5  23.0  23.2  22.8  22.7  22.6  22.7  22.6  22.3  22.8  22.6  22.6  22.4  23.0  23.3  22.7  22.4  23.3  23.1  23.3  23.2  25.6  25.5 
 26.2  26.0  24.6  25.1  24.2  24.4  24.6  24.6  23.4  23.4  23.3  23.4  22.8  22.8  22.7  22.7  22.6  22.2  22.7  22.9  22.4  22.4  22.7  23.0  22.6  22.4  23.3  23.2  23.0  23.4  26.3  26.7 
