 23.2  22.9  22.9  23.0  22.6  22.4  22.5  22.7  22.0  22.0  22.4  22.4  22.1  22.0  22.4  22.3  22.0  22.0  22.5  22.4  22.1  22.1  22.4  22.6  22.5  22.5  22.9  23.4  23.5  23.1  23.5  24.3 
 22.9  22.8  22.9  22.9  22.6  22.4  22.5  22.6  22.4  22.5  22.3  22.3  22.0  22.0  22.4  21.9  22.1  22.0  22.3  22.2  22.3  22.0  22.2  22.2  22.4  22.6  22.9  23.8  23.4  23.2  23.6  24.1 
 23.1  22.7  23.0  23.0  22.7  22.4  22.6  22.4  22.4  22.3  22.2  22.5  22.1  21.9  22.1  22.1  22.0  22.1  22.0  22.1  22.1  22.0  22.3  22.3  22.6  22.2  22.7  22.8  22.8  22.7  23.1  23.5 
 22.7  22.6  22.9  23.0  22.2  22.3  22.7  22.4  22.5  22.3  22.6  22.3  22.1  22.0  22.1  22.3  22.1  21.9  22.2  22.1  22.1  22.1  22.4  22.5  22.2  22.4  22.7  22.7  22.7  22.4  23.2  23.1 
 23.1  22.8  22.6  22.8  22.5  22.3  22.7  22.8  22.9  22.7  22.6  22.6  22.0  22.0  22.3  22.1  22.0  22.0  22.0  22.1  22.1  22.1  22.4  22.3  22.3  22.4  22.3  22.6  22.5  22.6  23.0  23.2 
 22.6  22.4  22.8  22.6  22.2  22.3  22.6  22.6  23.1  23.5  22.8  22.5  22.2  22.1  22.3  22.0  22.0  21.8  22.2  22.2  22.1  22.0  22.2  22.3  22.3  22.4  22.1  22.5  22.6  22.6  23.3  22.9 
 22.6  22.8  22.7  22.6  22.5  22.6  22.6  23.0  24.9  26.2  23.8  22.8  22.1  22.1  22.1  22.3  22.0  22.0  22.1  21.9  22.3  22.0  22.4  22.4  22.5  22.1  22.5  22.6  22.5  22.5  22.8  22.9 
 23.0  22.5  22.8  22.6  22.3  22.3  23.0  22.8  25.3  26.8  24.2  22.7  22.1  22.2  22.2  22.1  22.1  21.8  22.1  22.1  22.1  22.1  22.3  22.1  22.2  22.2  22.5  22.6  22.6  22.5  22.5  22.1 
 22.9  22.6  23.0  22.8  22.2  22.3  22.7  22.6  22.9  23.1  22.7  22.4  22.2  22.1  22.1  22.1  22.0  22.0  22.3  22.2  22.1  22.1  22.2  22.4  22.3  22.4  22.4  22.5  22.6  22.7  22.6  23.1 
 23.0  22.9  23.1  23.0  22.8  22.3  22.6  22.5  22.7  22.6  22.5  22.4  22.1  22.1  22.3  22.1  22.1  22.2  22.2  22.2  22.0  22.0  22.1  22.3  22.2  22.2  22.7  22.8  22.6  22.7  23.3  22.8 
 23.2  23.6  23.6  23.8  23.6  23.4  22.9  22.9  22.6  22.6  22.2  22.3  22.2  22.2  22.3  22.2  22.1  22.0  22.3  22.2  22.2  22.2  22.2  22.2  22.2  22.3  22.9  23.4  23.3  22.8  22.9  23.1 
 23.4  23.4  23.9  24.1  24.2  24.1  23.7  23.2  22.7  22.5  22.5  22.4  22.3  22.1  22.1  22.2  22.0  22.1  22.3  22.1  22.1  22.0  22.2 nan  22.3  22.1  24.1  24.7  23.4  22.6  22.6  22.9 
 24.1  24.0  25.1  25.4  26.8  27.6  32.4  34.8  32.9  29.1  22.8  22.6  22.2  22.3  22.3  22.3  22.1  22.1  22.3  22.0  22.0  22.0  22.2  22.2  22.1  22.2  23.5  24.3  23.0  22.8  22.8  23.0 
 24.3  24.4  25.5  26.1  28.3  29.9  41.4  48.8  53.3  47.1  24.2  22.8  22.2  22.3  22.3  22.2  22.0  22.0  22.2  22.3  22.0  21.9  22.4  22.3  22.4  22.3  22.6  22.9  23.0  22.7  23.0  22.8 
 24.7  25.0  26.5  27.1  30.2  33.4  54.5  62.9  74.4  71.1  34.2  25.3  22.5  22.3  22.2  22.4  22.1  22.1  22.3  22.3  22.3  22.2  22.3  22.3  22.3  22.4  22.4  22.7  22.7  22.6  22.9  23.0 
 25.0  25.1  26.5  27.3  30.4  33.7  53.1  62.3  78.3  79.1  36.7  25.7  22.4  22.4  22.3  22.4  22.1  22.1  22.3  22.2  22.0  22.2  22.3  22.4  22.4  22.2  22.7  22.5  22.6  22.7  23.1  23.1 
 24.9  25.1  26.0  26.6  29.1  31.3  43.8  52.8  72.7  69.6  29.5  24.0  22.5  22.2  22.4  22.4  22.2  22.1  22.4  22.5  22.3  22.2  22.4  22.3  22.4  22.3  22.5  22.8  22.4  22.7  23.2  23.2 
 24.9  25.1  26.2  26.5  28.3  29.2  36.6  41.7  53.5  49.1  25.3  23.3  22.4  22.2  22.5  22.1  22.1  22.1  22.4  22.3  22.2  22.1  22.6  22.4  22.4  22.2  22.7  22.6  22.9  22.8  23.0  23.1 
 24.7  25.0  26.0  26.3  26.6  26.8  28.0  29.1  29.2  27.7  23.4  22.9  22.5  22.6  22.5  22.6  22.4  22.3  22.6  22.6  22.2  22.1  22.6  22.6  22.5  22.5  22.7  22.9  22.9  22.7  23.0  23.5 
 24.9  25.0  25.7  25.8  25.9  25.9  27.0  26.8  26.8  25.6  23.3  23.0  22.4  22.4  22.6  22.4  22.3  22.3  22.6  22.2  22.2  22.3  22.6  22.4  22.5  22.5  22.8  22.8  22.8  22.8  23.4  23.6 
 24.7  25.0  25.4  25.3  25.3  25.4  25.4  25.3  24.9  24.2  23.3  23.2  22.6  22.5  22.5  22.6  22.3  22.3  22.3  22.6  22.2  22.3  22.6  22.6  22.6  22.5  23.1  23.2  22.7  22.8  23.1  23.9 
 24.8  24.8  25.4  25.0  24.9  24.6  24.8  24.7  24.1  24.0  23.2  23.0  22.7  22.3  22.6  22.6  22.2  22.2  22.6  22.4  22.5  22.3  22.7  22.9  22.6  22.6  22.8  23.0  23.3  22.7  24.1  23.8 
 25.8  25.3  24.7  24.7  24.5  24.5  24.3  24.3  23.9  23.6  23.2  23.1  22.8  22.6  22.7  22.5  22.5  22.4  22.5  22.6  22.4  22.5  22.7  23.1  22.4  22.5  23.3  23.1  23.1  23.2  25.2  25.9 
 25.9  25.4  24.6  24.9  24.4  24.3  24.4  24.3  23.7  23.4  23.2  23.0  22.8  22.7  22.7  22.4  22.5  22.4  22.6  22.7  22.5  22.5  22.9  23.0  22.7  22.6  23.4  23.4  23.3  23.7  25.8  25.7 
