 30.5  30.0  29.9  30.1  29.4  29.0  29.8  30.8  30.6  30.1  27.9  26.7  24.3  23.9  24.2  24.4  23.9  24.0  24.1  24.5  24.0  24.3  24.3  24.8  24.2  24.6  24.9  25.1  25.1  25.7  26.7  27.9 
 30.4  29.5  30.0  29.8  29.2  28.9  29.6  30.3  29.2  29.0  27.2  25.8  24.3  24.0  24.4  24.2  24.0  24.0  24.4  24.1  24.2  23.9  24.5  24.5  24.4  24.7  25.2  25.2  25.9  25.5  26.7  26.9 
 30.6  30.3  30.2  30.1  28.5  28.2  27.3  27.2  26.6  26.2  24.6  24.6  24.0  24.0  24.0  24.2  24.0  24.0  24.1  24.2  24.0  24.0  24.3  24.6  24.6  24.7  25.2  25.8  25.9  25.9  26.3  26.9 
 30.2  30.0  30.4  30.0  28.3  27.7  26.0  25.8  25.4  24.8  24.5  24.2  24.0  24.1  24.4  24.2  24.2  23.9  24.2  23.9  24.2  24.0  24.4  24.3  24.6  24.8  26.1  25.9  26.1  26.3  26.9  26.5 
 29.5  29.6  28.3  28.7  27.1  26.2  24.0  24.5  24.1  24.0  24.0  24.2  24.1  24.0  24.1  24.5  24.0  24.1  24.1  24.2  24.0  24.1  24.2  24.8  25.0  25.6  26.8  26.9  26.5  26.7  26.7  27.3 
 28.8  29.3  29.4  28.5  26.5  25.7  24.6  24.2  24.3  24.0  24.3  24.0  24.1  24.2  24.3  24.1  24.1  24.2  24.3  24.0  24.1  24.0  24.4  24.3  25.7  26.1  27.5  27.4  27.1  26.7  27.3  27.0 
 27.0  27.3  27.9  27.6  25.0  24.5  24.1  24.4  24.0  24.0  24.2  24.3  24.1  24.0  24.0  24.3  24.1  24.0  24.1  24.2  24.3  24.1  24.5  25.2  28.3  29.4  29.7  29.5  28.2  27.4  27.2  27.7 
 27.2  26.7  26.7  26.0  24.4  24.1  24.5  24.2  23.9  23.8  24.4  24.0  24.2  24.0  24.2  24.1  24.2  24.1  24.4  24.2  24.1  24.1  25.2  26.7  32.8  33.3  31.7  30.4  28.4  28.0  27.7  26.5 
 26.2  25.7  24.6  24.6  24.1  24.1  24.3  24.4  23.9  24.0  24.1  24.1  24.1  24.1  24.1  24.2  23.9  24.0  24.3  24.3  24.2  24.6  37.0  50.6  63.8  58.8  37.9  33.9  29.2  28.5  27.7  27.5 
 25.6  24.6  24.3  24.1  24.1  24.1  24.3  24.1  24.0  24.0  24.3  24.0  24.2  23.9  24.3  24.2  24.0  23.8  24.2  24.2  24.3  24.8  51.9  69.3  83.4  74.0  42.8  35.1  29.4  28.5  28.1  27.4 
 24.3  24.6  24.1  24.6  24.0  24.1  24.1  24.3  24.1  23.9  24.0  24.2  23.9  23.9  24.2  24.2  24.0  24.0  24.1  24.4  24.9  27.1  63.8  74.3  76.9  72.2  45.2  37.1  30.0  29.2  27.8  27.6 
 24.4  24.3  24.6  24.3  24.0  23.9  24.3  24.1  24.0  23.9  24.2  24.0  24.0  23.8  24.2  23.9  24.0  23.9  24.4  24.1  24.7  26.1  60.5 nan  66.8  60.0  41.6  36.1  30.0  29.0  27.7  27.4 
 24.4  24.4  24.2  24.5  24.1  23.9  24.1  24.4  24.0  23.9  24.0  24.2  24.0  24.0  24.0  24.2  24.0  24.0  24.1  24.3  24.2  24.3  34.2  43.4  47.8  43.8  33.7  32.2  29.5  28.8  27.4  27.6 
 24.5  24.2  24.5  24.4  24.2  24.1  24.3  24.0  24.1  23.7  24.3  24.0  23.9  23.8  24.2  24.0  24.0  23.9  24.4  24.1  24.1  24.2  27.6  31.1  36.7  35.1  30.9  29.9  28.5  28.2  27.4  27.1 
 24.3  24.3  24.0  24.5  24.2  24.1  24.0  24.2  23.9  23.9  24.1  24.2  24.0  24.0  24.0  24.3  24.1  24.0  24.2  24.3  24.2  24.2  24.6  24.5  26.1  26.8  27.2  27.6  26.8  26.6  26.3  26.3 
 24.5  23.9  24.6  24.2  24.1  23.9  24.2  24.0  23.9  23.9  24.2  24.1  23.9  23.9  24.0  23.9  24.0  23.9  24.3  24.2  24.1  24.0  24.5  24.3  25.2  25.5  26.6  26.5  26.3  26.2  26.5  26.2 
 24.2  24.2  24.3  24.4  24.1  23.9  24.1  24.4  24.1  24.0  23.9  24.2  24.0  23.9  24.1  24.1  24.0  24.0  24.2  24.4  24.1  23.9  24.1  24.7  24.4  24.5  25.1  25.7  25.4  25.4  25.7  25.8 
 24.5  24.2  24.6  24.3  24.0  24.0  24.3  24.0  24.0  24.0  24.1  24.0  24.1  23.9  24.0  24.0  24.0  23.9  24.4  24.1  24.1  24.0  24.5  24.3  24.2  24.4  25.3  25.1  25.3  25.0  25.8  25.6 
 24.6  24.4  24.6  24.7  24.2  24.0  24.1  24.4  24.1  24.0  24.1  24.4  23.9  24.0  24.1  24.2  24.1  24.1  24.0  24.3  24.3  24.1  24.3  24.7  24.6  24.4  24.5  25.3  25.0  24.8  25.2  25.9 
 24.5  24.4  24.7  24.2  24.0  24.0  24.5  23.9  23.9  23.9  24.3  23.9  24.0  24.0  24.3  24.1  24.1  24.1  24.5  24.2  24.2  24.1  24.4  24.3  24.5  24.5  25.1  25.0  24.7  24.5  25.6  25.5 
 24.7  24.5  24.4  24.9  24.2  24.3  24.1  24.5  24.2  23.9  23.9  24.3  24.1  23.9  24.0  24.1  24.0  24.1  24.2  24.4  24.1  24.2  24.4  24.6  24.6  24.5  24.9  25.3  24.9  24.9  25.6  26.3 
 24.7  24.6  25.0  24.3  24.6  24.1  24.5  24.4  24.1  24.0  24.2  24.1  24.1  24.1  24.4  24.1  24.0  24.1  24.6  24.2  24.2  24.1  24.8  24.6  24.4  24.4  25.2  25.0  25.0  24.9  26.6  26.4 
 25.9  25.1  24.6  25.1  24.4  24.3  24.2  24.5  24.2  24.1  24.2  24.7  24.3  24.4  24.3  24.5  24.5  24.1  24.5  24.7  24.5  24.4  24.3  25.0  24.3  24.5  25.0  25.2  25.2  25.2  27.1  28.8 
 26.2  25.0  25.0  25.0  24.7  24.4  24.8  24.4  24.4  24.1  24.4  24.5  24.3  24.0  24.5  24.4  24.3  24.0  24.5  24.5  24.5  24.1  24.9  24.6  24.7  24.5  25.2  25.2  25.4  25.5  28.3  28.3 
