 23.0  22.3  22.7  22.6  22.3  22.0  22.4  22.4  22.2  22.1  22.4  22.4  22.0  21.8  22.2  22.2  22.1  21.7  22.3  22.2  22.1  21.9  22.3  22.6  22.2  22.2  23.0  23.2  23.5  23.3  23.9  25.1 
 22.6  22.5  22.7  23.1  22.1  22.1  22.5  22.6  21.9  21.8  22.2  22.4  21.9  22.0  22.2  22.2  22.0  21.8  22.0  22.5  22.1  22.0  22.3  22.4  22.2  22.4  23.0  24.1  23.2  23.0  23.6  24.3 
 23.0  22.4  23.0  22.6  22.3  21.9  22.4  22.4  22.2  22.0  22.4  22.2  21.9  22.1  22.2  22.0  22.0  21.9  22.0  22.1  22.1  21.9  22.3  22.3  22.2  22.4  22.7  22.8  22.9  22.4  23.0  23.1 
 22.7  22.4  22.6  23.0  22.1  22.1  22.4  22.5  22.1  22.1  22.4  22.5  21.9  21.7  22.0  22.3  22.0  21.7  22.2  22.2  22.0  22.0  22.1  22.4  22.3  22.2  22.6  22.7  22.2  22.5  23.1  23.4 
 22.8  22.5  22.9  22.7  22.4  22.6  22.5  22.6  22.8  23.0  22.5  22.3  21.8  21.9  22.1  22.0  21.9  21.8  22.1  22.0  22.1  22.1  22.3  22.1  22.2  22.1  22.8  22.5  22.4  22.4  23.0  22.7 
 22.5  22.4  22.6  22.7  22.2  22.4  22.5  22.8  23.3  23.3  22.8  22.6  21.9  21.9  22.0  22.2  21.9  22.0  22.0  22.0  22.0  21.8  22.2  22.3  22.1  22.0  22.4  22.5  22.4  22.5  22.9  23.1 
 22.3  22.4  22.8  22.5  22.4  22.2  22.7  22.7  24.7  26.0  23.8  22.7  22.1  22.0  22.1  22.0  21.9  21.8  22.1  21.8  21.9  21.9  22.4  22.4  22.1  22.0  22.5  22.5  22.5  22.4  22.9  23.0 
 22.7  22.2  22.5  22.8  22.3  22.3  22.7  23.0  25.3  26.6  24.0  22.7  22.0  21.9  22.0  22.1  21.9  21.9  22.0  22.1  21.9  22.0  22.2  22.5  22.0  22.1  22.6  22.7  22.3  22.4  22.7  21.9 
 22.9  22.3  23.0  22.6  22.5  22.1  22.7  22.8  22.7  22.9  22.7  22.2  22.1  22.0  22.0  22.3  22.0  21.9  22.2  22.0  22.0  22.1  22.4  22.3  22.1  22.0  22.4  22.5  22.4  22.2  22.8  22.6 
 22.9  22.8  22.8  23.0  22.5  22.3  22.2  22.7  22.4  22.3  22.3  22.4  22.0  21.9  22.0  22.1  21.8  21.9  22.0  22.2  22.0  22.1  22.1  22.3  22.2  21.9  22.8  23.0  22.4  22.4  23.0  22.7 
 23.4  23.3  23.6  23.6  23.3  23.2  22.9  22.8  22.5  22.4  22.4  22.2  22.1  22.0  22.1  22.1  22.0  21.8  22.2  22.1  22.1  22.0  22.4  22.1  22.1  22.0  23.0  23.3  23.0  22.9  22.8  22.8 
 23.5  23.3  23.7  24.1  24.2  24.2  23.5  23.1  22.7  22.5  22.2  22.5  22.0  21.9  22.0  22.0  22.0  21.9  22.1  22.1  22.0  21.9  22.3 nan  21.9  22.0  23.7  24.9  23.5  22.5  22.6  22.9 
 24.1  23.7  24.9  25.3  26.3  27.3  32.4  34.4  32.8  28.9  22.9  22.3  22.2  21.9  22.2  22.2  22.0  21.9  22.2  22.1  22.0  21.9  22.3  22.2  22.2  22.1  23.6  24.1  22.9  22.7  23.0  23.0 
 24.3  24.4  25.6  26.1  28.0  29.8  41.2  48.6  53.1  47.0  24.1  22.9  22.2  22.2  22.1  22.2  21.9  21.9  22.2  22.1  22.0  22.0  22.2  22.4  22.2  22.0  22.8  22.9  22.7  22.7  22.7  23.3 
 24.6  24.8  26.4  26.8  30.1  33.4  54.3  62.4  74.0  70.8  34.2  25.1  22.3  22.2  22.3  22.2  22.1  21.9  22.3  22.3  22.1  22.0  22.3  22.3  22.1  22.1  22.7  22.5  22.6  22.6  22.8  23.0 
 24.7  24.8  26.5  27.2  30.1  33.8  52.9  62.1  78.1  78.9  36.5  25.5  22.2  22.3  22.2  22.1  21.9  21.9  22.1  22.3  22.0  22.0  22.3  22.3  22.2  22.0  22.6  22.4  22.4  22.7  23.1  23.1 
 24.9  24.8  26.4  26.6  28.9  31.1  43.7  52.7  72.4  69.5  29.6  24.0  22.3  22.2  22.1  22.2  22.1  22.0  22.2  22.2  22.4  21.9  22.4  22.3  22.6  22.1  22.4  22.9  22.2  22.7  23.2  23.4 
 24.7  24.8  25.7  26.5  28.0  29.2  36.3  41.6  53.4  48.8  25.2  23.4  22.5  22.2  22.2  22.5  22.1  22.1  22.2  22.4  22.1  22.0  22.1  22.4  22.4  22.1  22.6  22.7  22.6  22.3  23.0  23.3 
 25.0  24.8  25.8  25.9  26.3  26.4  28.3  29.0  29.2  27.4  23.5  22.8  22.4  22.3  22.4  22.3  22.3  22.0  22.3  22.3  22.2  22.0  22.4  22.3  22.5  22.0  22.7  22.7  22.5  22.8  23.0  23.5 
 24.9  25.0  25.4  25.8  25.7  25.7  26.6  26.9  26.3  25.6  23.2  22.9  22.5  22.3  22.3  22.4  22.1  22.1  22.4  22.5  22.2  21.9  22.4  22.4  22.1  22.3  22.5  22.9  22.8  22.8  23.1  23.3 
 24.7  24.5  25.6  25.3  25.2  24.8  25.3  25.1  24.7  24.0  23.1  22.9  22.5  22.2  22.4  22.5  22.0  22.2  22.3  22.3  22.2  22.1  22.5  22.4  22.4  22.3  22.9  22.9  22.7  22.7  23.7  24.0 
 24.4  24.4  24.9  25.0  24.6  24.6  24.7  24.8  24.1  23.7  23.1  23.1  22.4  22.2  22.2  22.5  22.1  22.2  22.6  22.5  22.2  22.2  22.4  22.7  22.4  22.3  22.4  22.9  22.6  22.9  23.9  24.5 
 25.9  24.7  24.8  24.9  24.5  24.1  24.4  24.3  23.7  23.3  23.1  22.9  22.8  22.3  22.5  22.5  22.4  22.1  22.6  22.5  22.4  22.0  22.9  22.8  22.7  22.1  23.0  22.9  22.8  22.6  25.4  25.3 
 25.7  25.3  24.7  24.6  24.2  24.1  24.3  24.4  23.5  23.0  22.9  23.3  22.5  22.3  22.5  22.5  22.4  22.3  22.5  22.8  22.5  22.2  22.7  22.8  22.4  22.5  22.9  23.4  22.9  23.5  25.2  26.0 
