 30.7  30.8  26.2  25.4  24.2  24.0  24.6  24.5  24.0  23.9  24.4  24.3  23.9  24.1  24.1  24.1  23.8  23.9  24.2  24.2  23.8  23.9  24.6  24.5  24.2  24.2  25.1  25.3  25.5  25.5  27.0  27.7 
 31.4  30.1  27.6  25.5  24.5  24.2  24.3  24.6  24.2  24.0  24.2  24.4  24.0  23.8  24.4  24.1  23.9  23.7  24.3  24.2  24.1  23.6  24.4  24.5  24.4  24.3  25.1  25.4  25.2  25.2  26.9  26.9 
 30.8  30.2  26.7  25.7  24.2  24.1  24.5  24.4  23.7  24.0  24.0  24.2  23.9  24.0  24.3  24.3  23.8  23.9  24.1  24.2  24.0  23.9  24.3  24.4  24.5  24.5  25.4  25.7  25.5  25.6  26.2  26.7 
 30.9  29.4  27.0  25.9  24.5  23.9  24.4  24.5  23.9  23.7  24.3  24.2  23.9  23.8  24.2  24.3  23.9  23.7  24.2  24.3  23.8  23.7  24.3  24.4  24.4  24.5  25.8  26.0  25.6  26.0  27.1  27.2 
 30.9  30.9  29.4  29.2  24.9  24.3  24.5  24.2  23.8  23.9  24.2  24.3  23.9  23.8  24.3  24.2  23.9  23.9  24.0  24.2  23.9  23.9  24.3  24.3  25.0  25.5  26.8  26.8  26.6  26.4  27.0  27.0 
 31.5  30.9  30.6  28.7  24.9  24.1  24.4  24.3  23.9  23.8  24.2  24.0  23.9  23.9  24.2  24.3  24.1  24.0  24.1  24.2  24.0  23.8  24.5  24.6  25.6  26.0  27.5  27.7  27.1  26.8  27.4  27.4 
 31.2  31.1  29.0  27.7  24.1  24.2  24.3  24.2  23.9  23.9  24.1  24.2  23.8  24.0  24.0  24.2  23.9  24.1  24.2  24.2  24.0  24.2  24.7  25.1  28.4  29.4  29.9  29.6  27.7  27.6  27.8  27.4 
 31.0  30.1  28.4  26.7  24.4  23.9  24.1  24.2  23.9  23.8  24.1  24.0  23.9  23.8  24.3  24.2  24.1  23.9  24.2  24.1  24.2  23.8  25.1  26.7  32.9  33.4  31.5  30.5  28.4  27.5  27.6  26.8 
 28.5  28.3  26.1  25.4  23.8  23.8  24.3  24.2  23.8  23.8  24.0  24.1  23.9  24.0  24.2  24.2  23.8  24.0  24.2  24.4  24.2  24.3  38.1  51.8  64.2  59.0  38.0  33.7  29.0  28.4  27.8  27.4 
 26.0  25.5  24.9  24.6  24.2  23.8  24.0  24.2  23.9  23.5  24.1  24.0  23.9  23.6  24.1  24.1  24.0  23.9  24.4  24.3  24.3  24.8  53.1  70.4  83.6  73.8  42.4  35.5  29.4  28.4  27.9  27.8 
 24.5  24.2  24.4  24.3  23.9  24.2  24.2  24.2  23.8  24.1  24.0  24.1  23.8  23.9  24.0  24.2  23.9  24.1  24.2  24.2  24.6  27.2  64.4  74.5  76.3  71.6  44.9  36.7  30.0  29.0  27.8  27.5 
 24.5  24.2  24.4  24.4  24.0  23.7  24.2  24.1  24.0  23.8  24.1  24.1  23.8  23.7  24.0  24.2  24.0  23.8  24.2  24.2  24.7  26.3  60.8 nan  66.3  59.4  41.0  36.1  30.1  28.9  27.6  27.4 
 24.3  24.0  24.5  24.5  23.8  23.9  24.3  24.2  23.7  24.0  24.0  24.1  23.8  23.9  24.1  24.0  23.9  23.8  24.3  24.3  24.0  24.2  34.3  43.4  47.2  43.3  33.7  31.7  29.3  28.5  27.7  27.3 
 24.3  24.1  24.4  24.5  24.2  23.8  24.3  24.0  23.9  23.7  24.2  24.1  23.9  23.8  24.0  24.0  23.9  23.6  24.2  24.3  24.1  23.9  27.6  31.2  36.2  34.9  30.4  29.8  28.6  27.7  27.5  27.3 
 24.0  24.2  24.2  24.4  24.0  24.1  24.1  24.0  23.7  23.8  23.9  24.1  23.8  23.7  24.1  24.0  23.8  23.9  24.1  24.3  23.9  24.2  24.4  24.6  26.0  26.6  27.3  27.4  26.7  26.5  26.5  26.9 
 24.4  24.1  24.5  24.4  23.9  23.9  24.1  24.2  23.9  23.7  24.1  23.9  23.7  23.7  23.9  24.1  23.9  23.8  24.0  24.2  24.1  24.0  24.4  24.5  25.0  25.2  26.6  26.5  26.1  25.9  26.4  26.1 
 24.2  24.4  24.5  24.3  23.9  23.8  24.2  24.1  23.8  23.8  24.1  24.1  23.8  23.8  24.1  24.2  23.9  24.0  24.2  24.2  23.9  23.8  24.3  24.3  24.5  24.4  25.4  25.7  25.2  25.1  25.8  25.9 
 24.2  24.2  24.3  24.2  23.9  23.8  24.2  24.1  23.8  23.6  24.1  24.1  23.8  23.8  24.2  24.0  23.9  23.5  24.2  24.3  24.0  23.9  24.3  24.3  24.4  24.3  25.2  25.1  25.3  24.9  25.8  26.0 
 24.5  24.3  24.8  24.6  23.8  24.1  24.2  24.3  23.8  23.8  24.2  24.1  23.8  23.8  24.3  24.3  23.9  23.9  24.2  24.4  24.0  23.8  24.3  24.5  24.2  24.3  24.8  24.9  24.8  24.7  25.9  25.8 
 24.3  24.1  24.6  24.7  24.2  23.7  24.2  24.1  23.8  23.8  24.3  24.1  23.9  23.7  24.2  24.2  24.0  23.7  24.4  24.1  24.2  24.0  24.3  24.6  24.5  24.3  24.8  25.1  24.7  24.6  25.8  26.0 
 24.2  24.2  24.8  24.7  23.8  24.0  24.5  24.5  24.0  23.9  24.2  24.3  23.9  23.8  24.2  24.1  24.0  23.9  24.1  24.4  24.0  24.2  24.3  24.6  24.3  24.5  24.9  25.2  24.5  24.8  25.8  26.6 
 24.5  24.5  24.7  24.7  24.5  24.0  24.2  24.3  24.1  23.7  24.0  24.3  24.0  23.7  24.3  24.3  23.9  24.0  24.4  24.4  24.2  24.0  24.5  24.6  24.2  24.4  25.0  24.9  25.0  24.6  26.4  27.1 
 25.2  24.9  25.2  25.3  24.3  24.2  24.4  24.3  24.0  24.0  24.4  24.4  24.3  24.0  24.6  24.4  24.3  24.2  24.5  24.5  24.3  23.9  24.7  24.6  24.4  24.1  25.2  25.2  25.0  24.8  27.1  27.5 
 25.9  25.3  25.0  25.0  24.8  24.5  24.7  24.4  24.1  24.0  24.5  24.5  24.1  24.1  24.5  24.5  24.2  24.1  24.6  24.6  24.5  24.3  24.5  24.9  24.6  24.3  25.0  25.2  25.2  25.3  27.9  28.4 
