 29.8  29.4  29.6  29.3  28.3  27.9  26.3  26.5  27.5  27.5  27.1  26.8  24.9  24.3  24.3  24.2  23.9  24.1  24.2  24.3  24.0  23.8  24.2  24.5  24.3  24.5  25.1  25.1  25.3  25.5  26.4  27.6 
 29.7  29.3  29.7  29.4  28.5  27.5  25.1  25.1  25.4  25.8  25.8  25.3  24.2  24.0  24.5  24.2  24.2  23.9  24.4  24.3  24.1  23.8  24.4  24.5  24.1  24.6  25.0  25.2  25.5  25.7  26.7  27.4 
 30.3  30.0  30.1  29.5  28.3  27.4  24.8  24.3  24.2  24.0  24.3  24.4  24.1  23.9  24.1  24.3  23.9  23.9  24.1  24.3  24.0  23.9  24.2  24.5  24.6  24.7  25.5  25.8  25.8  25.8  26.3  27.1 
 29.7  29.2  29.7  29.7  27.5  26.8  24.7  24.5  24.0  24.2  24.4  24.4  24.0  24.0  24.2  24.1  24.0  23.9  24.3  24.3  24.0  24.0  24.5  24.3  24.5  24.6  26.0  26.0  25.8  26.1  26.9  26.9 
 29.7  29.0  28.4  28.2  26.6  25.4  24.4  24.4  24.1  23.9  24.1  24.1  24.0  24.0  24.3  24.2  24.0  24.0  24.2  24.2  24.0  23.9  24.3  24.4  25.1  25.4  26.6  27.0  26.7  26.7  26.7  27.3 
 29.5  29.2  28.7  28.3  25.9  25.1  24.2  24.4  24.0  24.1  24.3  24.1  23.9  24.0  24.1  24.2  24.0  23.9  24.3  24.1  24.1  24.0  24.4  24.4  25.6  26.2  27.5  27.7  27.1  27.1  27.3  27.2 
 27.4  28.0  27.4  26.7  24.6  24.1  24.4  24.4  24.0  23.9  24.2  24.3  24.1  24.0  24.0  24.2  24.1  24.1  24.2  24.2  24.3  24.0  24.7  25.1  28.2  29.2  29.8  29.5  27.9  27.4  27.4  27.4 
 26.9  26.6  26.2  25.7  24.2  24.1  24.3  24.2  24.0  23.9  24.2  24.2  24.1  24.0  24.4  24.2  24.1  24.1  24.2  24.3  24.1  24.2  25.1  26.4  32.6  33.2  31.7  30.7  28.5  28.0  27.4  26.7 
 25.6  24.8  24.3  24.4  24.0  24.0  24.1  24.3  24.0  23.9  24.3  24.2  23.8  24.0  24.2  24.4  24.2  24.0  24.2  24.3  24.2  24.2  37.0  50.3  63.7  58.7  38.1  33.8  29.2  28.7  27.7  27.4 
 24.9  24.2  24.6  24.5  24.2  24.0  24.1  24.3  23.8  24.0  24.2  24.2  24.1  23.8  24.3  24.2  24.0  24.0  24.2  24.4  24.2  24.9  51.7  69.2  83.2  74.0  42.7  35.2  29.4  28.5  28.3  27.4 
 24.5  24.4  24.4  24.5  23.9  24.0  24.1  24.1  24.0  23.9  24.1  24.2  24.0  23.7  24.2  24.1  24.0  24.0  24.4  24.3  24.6  26.7  63.6  74.1  76.7  72.4  45.1  36.9  29.9  29.1  27.7  27.6 
 24.5  24.2  24.5  24.4  24.0  24.1  24.3  24.2  23.9  23.7  24.1  24.2  23.9  23.9  24.0  24.3  24.0  23.9  24.2  24.4  24.6  25.9  60.4 nan  66.8  59.9  41.6  36.4  30.2  29.0  27.9  27.7 
 24.6  24.1  24.3  24.5  24.1  24.0  24.4  24.3  24.0  24.0  24.0  24.2  24.1  23.7  24.1  24.1  24.1  23.9  24.3  24.3  24.3  24.3  34.2  43.4  47.9  43.9  33.9  32.1  29.5  28.7  27.8  27.3 
 24.0  24.3  24.4  24.6  23.9  24.0  24.3  24.2  24.0  23.9  24.3  24.2  23.9  23.9  24.1  24.2  23.9  23.9  24.3  24.3  24.1  24.2  27.5  31.3  36.6  35.1  30.7  30.0  28.6  27.9  27.7  27.3 
 24.3  24.0  24.2  24.4  24.1  24.0  24.1  24.2  24.2  23.8  24.0  24.2  23.9  23.6  24.1  24.1  24.1  23.9  24.1  24.3  24.2  24.1  24.5  24.7  26.1  26.7  27.5  27.4  26.7  26.7  26.5  26.4 
 24.1  23.9  24.5  24.4  23.9  24.0  24.2  24.1  24.0  23.9  24.2  24.1  24.0  23.8  24.1  24.2  23.8  23.9  24.3  24.2  24.0  23.9  24.4  24.4  24.9  25.5  26.7  26.7  26.0  26.2  26.4  26.4 
 24.4  24.2  24.3  24.3  24.0  23.9  24.1  24.3  24.0  23.9  24.1  24.2  24.0  23.7  24.0  24.1  23.9  24.0  24.3  24.2  24.1  24.1  24.2  24.5  24.5  24.6  25.4  25.7  25.4  25.5  25.7  25.8 
 24.3  24.2  24.8  24.4  23.8  23.9  24.2  24.2  23.9  24.1  24.3  24.1  23.8  23.8  24.1  24.3  23.9  24.0  24.4  24.3  24.1  24.0  24.2  24.5  24.2  24.2  25.2  25.2  25.1  24.9  25.9  25.8 
 24.5  24.3  24.8  24.7  24.0  23.8  24.2  24.3  24.0  23.9  24.1  24.3  24.0  23.8  24.0  24.2  24.1  24.0  24.1  24.4  24.3  23.9  24.2  24.7  24.5  24.5  25.1  24.9  24.7  24.7  25.4  26.1 
 24.5  24.4  24.7  24.7  24.0  23.8  24.3  24.2  23.8  23.8  24.1  24.1  23.9  23.9  24.3  24.1  24.0  23.8  24.5  24.1  24.1  24.0  24.5  24.6  24.6  24.4  24.8  25.0  24.7  24.9  25.6  26.1 
 24.7  24.0  24.6  24.9  24.0  24.0  24.2  24.4  24.1  23.9  24.2  24.3  24.1  24.0  24.3  24.5  24.2  23.9  24.3  24.3  24.1  24.0  24.4  24.7  24.4  24.5  24.9  25.2  24.9  24.8  25.6  26.3 
 24.7  24.6  25.0  25.0  24.3  23.8  24.9  24.5  24.0  23.9  24.4  24.2  24.0  24.0  24.1  24.4  24.0  23.9  24.4  24.4  24.3  24.4  24.9  24.6  24.4  24.4  25.2  24.9  24.7  24.5  26.1  27.1 
 25.7  24.8  24.8  25.1  24.7  24.3  24.4  24.6  24.2  24.1  24.5  24.5  24.3  24.0  24.3  24.6  24.4  24.0  24.5  24.3  24.3  24.2  24.6  24.8  24.3  24.4  25.2  25.7  25.0  25.0  27.1  28.8 
 25.9  25.0  25.4  25.3  24.9  24.6  24.7  24.7  24.1  24.1  24.6  24.5  24.2  24.2  24.4  24.5  24.2  24.3  24.4  24.6  24.3  24.2  24.9  24.8  24.4  24.5  25.3  25.5  25.2  25.5  28.3  28.8 
