 23.7  23.4  23.6  23.8  23.1  22.6  22.9  23.0  22.5  22.4  22.9  22.9  22.8  22.6  22.7  22.8  22.5  22.4  23.0  22.8  22.8  22.6  22.9  23.2  23.1  22.6  23.6  24.3  23.6  23.2  24.6  25.2 
 23.5  23.6  23.8  23.6  23.1  23.0  23.1  23.2  22.6  22.5  23.0  23.0  22.6  22.5  23.0  22.7  22.5  22.5  23.0  23.0  22.6  22.7  22.7  23.1  22.8  22.8  23.5  24.9  23.7  23.7  24.0  24.7 
 23.2  23.1  23.9  23.6  23.1  22.7  23.1  23.1  22.8  22.7  22.9  23.0  22.5  22.5  22.8  22.9  22.7  22.3  22.8  22.8  22.7  22.6  23.0  22.8  23.1  22.9  23.1  23.1  23.4  23.1  23.7  24.0 
 23.3  23.3  23.8  23.4  22.6  22.6  22.9  23.1  22.9  22.9  23.0  22.9  22.6  22.5  22.8  22.9  22.5  22.6  22.9  22.9  22.4  22.7  23.0  23.0  22.8  22.6  23.6  23.1  22.9  23.4  23.9  24.3 
 23.3  23.2  23.5  23.5  23.0  22.6  23.3  23.3  23.1  23.2  23.2  23.0  22.8  22.6  22.7  22.8  22.4  22.6  22.8  22.8  22.7  22.4  22.9  23.1  22.9  22.7  23.2  23.2  23.0  22.9  23.5  23.8 
 23.4  23.2  23.4  23.1  23.0  22.8  23.3  23.3  23.8  23.9  23.3  22.9  22.5  22.8  22.6  23.0  22.6  22.7  22.7  22.9  22.5  22.6  23.1  22.9  22.9  22.8  23.3  23.1  22.9  23.3  23.6  23.4 
 23.2  23.2  23.4  23.2  22.9  22.8  23.5  23.4  25.3  26.7  24.3  23.4  22.7  22.6  22.9  22.6  22.6  22.5  22.8  22.8  22.7  22.7  22.8  23.0  23.0  22.4  23.3  23.4  23.1  22.8  23.3  23.5 
 23.5  23.1  23.3  23.4  22.8  22.9  23.2  23.5  25.8  27.3  24.6  23.3  22.6  22.6  22.9  22.8  22.7  22.6  22.7  22.8  22.6  22.7  22.9  22.8  22.7  22.9  23.0  23.2  22.9  23.2  23.2  22.8 
 23.7  23.3  23.7  23.4  22.9  22.7  23.2  23.3  23.4  23.3  23.4  23.1  22.8  22.6  22.8  23.0  22.8  22.7  23.0  22.9  22.8  22.6  22.9  23.0  22.7  22.6  23.0  23.1  22.8  22.9  23.4  23.3 
 23.7  23.5  24.0  23.5  23.0  23.1  23.1  23.1  22.8  23.0  23.1  22.9  22.6  22.6  22.9  22.9  22.8  22.7  22.9  22.9  22.7  22.6  23.0  22.9  22.6  22.9  23.4  23.2  22.8  23.1  23.7  23.4 
 23.9  23.8  24.2  24.1  23.9  23.9  23.4  23.3  23.0  22.9  22.9  22.9  22.8  22.7  23.0  22.8  22.8  22.6  22.9  23.0  22.8  22.6  22.9  23.0  22.8  22.6  23.5  23.9  23.6  23.2  23.4  23.5 
 23.9  23.9  24.4  24.6  24.6  24.6  24.2  23.8  23.0  23.0  22.9  23.1  22.6  22.7  22.8  22.9  22.7  22.8  22.9  22.9  22.7  22.7  22.8 nan  22.5  22.8  24.4  25.4  23.7  23.4  23.5  23.6 
 24.6  24.6  25.6  26.0  27.2  27.7  32.7  35.0  32.9  29.3  23.5  23.3  22.8  22.7  23.0  22.9  22.7  22.7  22.8  22.9  22.8  22.6  22.8  23.1  22.7  22.8  24.0  24.6  23.7  23.1  23.8  23.8 
 24.8  24.9  26.1  26.7  28.2  30.3  41.6  48.8  53.4  47.4  24.7  23.5  22.8  22.8  22.9  22.8  22.7  22.7  22.9  23.0  22.7  22.6  23.0  22.7  22.9  22.9  23.3  23.4  23.5  23.6  23.5  23.8 
 25.1  25.5  27.0  27.7  30.8  33.8  54.7  63.1  74.6  71.3  35.0  25.8  23.0  22.8  22.9  22.9  22.8  22.5  23.0  22.9  22.7  22.7  23.1  22.9  22.8  22.7  23.3  23.2  23.5  23.2  23.5  24.0 
 25.3  25.6  27.3  27.9  30.8  34.2  53.5  62.6  78.2  79.3  37.7  26.4  23.0  22.9  22.9  22.8  22.6  22.8  23.0  23.0  22.8  22.7  23.1  23.1  22.8  22.8  23.4  23.1  22.9  23.4  23.5  24.0 
 25.6  25.4  26.9  27.2  29.8  31.7  44.4  53.4  73.5  70.7  30.5  24.5  22.9  22.7  23.0  22.9  22.9  22.6  23.0  23.0  22.7  22.6  22.9  22.9  22.9  22.7  23.3  23.3  23.0  23.1  23.7  24.1 
 25.5  25.4  26.9  27.0  28.6  30.0  37.2  42.3  54.5  50.4  26.3  23.9  22.9  22.7  23.0  23.0  22.7  22.8  23.0  23.0  22.7  22.7  22.9  23.1  23.0  22.7  23.4  23.3  23.3  23.3  23.7  24.2 
 25.8  25.5  26.7  26.9  27.0  27.2  28.8  29.9  29.8  28.2  24.3  23.5  23.0  22.8  23.2  23.2  22.9  22.8  23.1  23.1  22.9  22.6  23.0  23.2  23.0  23.0  23.3  23.4  23.3  23.1  23.7  24.1 
 25.1  25.9  26.3  26.5  26.4  26.6  27.6  27.8  27.0  26.5  24.0  23.6  23.0  23.1  23.2  23.0  22.9  22.8  23.2  23.2  22.8  22.8  23.1  23.2  22.7  23.0  23.5  23.5  23.2  23.3  24.6  24.6 
 25.5  25.4  25.9  25.8  25.8  25.8  26.1  26.1  25.4  24.7  23.8  23.5  23.3  23.1  23.2  23.2  22.9  23.0  23.2  23.1  23.0  22.8  23.3  23.4  23.2  23.0  23.6  23.5  23.7  24.4  25.4  25.4 
 25.4  25.5  25.8  25.8  25.6  25.6  25.7  25.6  24.9  24.7  23.9  23.7  23.1  23.1  23.3  23.4  22.9  23.1  23.3  23.2  23.0  23.1  23.4  23.6  23.0  23.2  23.6  24.0  24.5  25.0  26.4  26.3 
 26.7  25.8  26.1  25.8  25.3  24.8  25.0  25.0  24.5  24.0  24.0  23.8  23.7  23.4  23.5  23.4  23.3  22.9  23.5  23.4  23.3  23.1  23.6  23.8  23.5  23.6  25.7  26.3  26.2  25.6  27.6  27.5 
 26.4  26.0  25.7  26.0  24.7  25.1  25.0  24.7  24.0  24.1  24.0  23.7  23.5  23.3  23.4  23.4  23.1  23.2  23.6  23.5  23.3  23.3  23.9  24.0  24.4  24.8  26.6  26.8  26.1  26.3  27.1  27.9 
