 23.5  22.7  22.9  22.5  22.6  22.3  22.7  22.2  22.1  21.7  22.2  22.1  22.2  21.8  22.2  22.3  22.1  21.9  22.3  22.2  22.1  22.2  22.3  22.3  22.4  21.9  22.9  23.4  23.2  23.0  24.1  24.4 
 22.8  22.9  22.8  22.9  22.4  22.2  22.4  22.6  22.2  22.1  22.3  22.5  22.1  21.9  22.1  22.2  21.9  22.0  22.3  22.4  22.0  22.0  22.4  22.3  22.3  22.4  23.0  24.0  23.3  23.4  23.4  24.3 
 22.8  22.4  23.0  22.6  22.4  22.1  22.7  22.3  22.4  22.0  22.4  22.4  22.1  21.9  22.2  22.1  21.9  21.8  22.1  22.2  22.1  21.9  22.3  22.3  22.5  22.2  22.7  22.6  22.9  22.7  23.4  23.4 
 22.5  22.6  22.6  22.7  22.1  22.0  22.4  22.6  22.5  22.3  22.6  22.4  21.9  22.0  22.1  22.1  21.9  21.9  22.1  22.2  22.0  22.0  22.3  22.6  22.1  22.2  22.6  22.8  22.5  22.5  23.3  23.6 
 22.8  22.6  22.7  22.5  22.4  22.3  22.5  22.6  22.8  22.8  22.5  22.4  22.0  22.0  22.0  22.1  21.9  22.0  22.2  22.1  22.0  21.9  22.2  22.1  22.4  22.3  22.6  22.3  22.4  22.4  23.0  23.0 
 22.3  22.3  22.5  22.9  22.1  22.2  22.5  22.8  23.1  23.6  22.7  22.6  22.0  21.9  22.1  22.3  22.0  21.8  22.1  22.2  21.7  21.8  22.1  22.4  22.2  22.0  22.3  22.5  22.3  22.5  22.9  23.0 
 22.8  22.4  22.7  22.5  22.4  22.2  22.8  22.9  24.8  26.1  23.9  22.8  22.1  21.9  22.2  22.0  22.0  21.8  22.2  22.0  22.1  22.0  22.3  22.5  22.2  22.1  22.5  22.5  22.6  22.2  22.6  22.8 
 22.6  22.6  22.6  22.6  22.2  22.2  22.6  23.1  25.3  26.6  24.1  22.8  22.0  22.0  21.9  22.1  21.9  21.9  21.9  22.2  22.0  22.0  22.3  22.6  22.2  22.0  22.4  22.7  22.5  22.5  22.8  22.3 
 22.9  22.6  22.8  22.5  22.4  22.3  22.6  22.8  22.9  23.1  22.5  22.3  22.2  22.0  22.1  22.1  22.1  21.9  22.3  22.1  22.1  22.0  22.4  22.2  22.4  22.1  22.5  22.5  22.4  22.5  22.8  22.6 
 23.0  22.8  23.0  23.0  22.5  22.2  22.6  22.6  22.6  22.5  22.4  22.5  22.1  21.9  22.1  22.1  21.8  21.9  22.1  22.4  21.9  22.2  22.3  22.3  22.3  22.3  22.8  22.7  22.5  22.4  23.1  23.0 
 23.2  23.3  23.8  23.5  23.7  23.1  22.9  22.7  22.5  22.4  22.2  22.1  22.1  22.1  22.1  22.0  22.1  22.0  22.1  22.2  21.9  21.8  22.2  22.1  22.2  22.1  22.9  23.2  23.0  22.6  22.6  22.9 
 23.4  23.4  23.9  24.1  24.0  24.4  23.7  23.4  22.6  22.5  22.3  22.4  22.1  22.0  22.1  22.2  22.0  22.0  22.2  22.2  22.1  22.1  22.2 nan  22.1  22.1  23.6  24.6  23.4  22.5  22.8  22.9 
 23.9  23.9  25.0  25.3  26.7  27.1  32.4  34.6  33.0  29.0  22.8  22.6  22.2  22.2  22.2  22.1  22.2  22.1  22.3  22.1  22.0  22.0  22.1  22.2  22.2  22.3  23.6  24.0  22.8  22.7  23.1  23.0 
 24.3  24.4  25.5  26.1  27.9  29.7  41.4  48.6  53.1  47.1  24.2  22.8  22.2  22.2  22.2  22.3  21.9  22.0  22.2  22.2  22.0  21.9  22.3  22.4  22.2  22.4  22.7  22.9  22.9  22.7  22.7  22.9 
 24.9  24.8  26.4  26.8  30.1  33.2  54.3  62.6  74.2  70.9  34.2  25.0  22.4  22.1  22.3  22.3  22.1  22.0  22.1  22.3  21.9  22.1  22.2  22.2  22.3  22.2  22.5  22.5  22.6  22.6  23.1  22.8 
 24.5  25.1  26.4  27.2  30.3  33.7  52.9  62.0  78.0  78.9  36.6  25.5  22.4  22.3  22.3  22.3  22.0  22.1  22.1  22.2  21.9  22.1  22.3  22.5  22.0  22.3  22.5  22.6  22.6  22.7  22.8  23.0 
 25.2  25.1  26.0  26.5  28.9  31.1  43.7  52.7  72.5  69.4  29.6  24.0  22.5  22.2  22.1  22.1  22.1  22.1  22.2  22.3  22.3  22.0  22.5  22.4  22.7  22.1  22.6  22.7  22.5  22.5  23.2  23.4 
 24.9  25.1  25.8  26.4  28.3  29.2  36.3  41.6  53.4  49.2  25.4  23.3  22.3  22.2  22.4  22.4  22.0  22.0  22.5  22.4  22.2  22.1  22.3  22.5  22.3  22.3  22.7  22.9  22.5  22.6  23.2  23.1 
 25.0  25.0  25.8  26.0  26.4  26.7  28.2  28.9  29.2  27.5  23.5  22.8  22.5  22.3  22.6  22.4  22.2  22.0  22.4  22.2  22.1  22.1  22.3  22.7  22.5  22.5  22.7  22.7  22.8  22.8  23.2  23.4 
 24.7  25.1  25.2  25.9  25.7  25.8  26.8  27.0  26.5  25.6  23.2  22.7  22.4  22.4  22.2  22.3  22.1  22.0  22.3  22.3  22.0  22.1  22.4  22.6  22.5  22.2  22.9  22.8  22.5  22.5  23.1  23.7 
 24.9  24.7  25.7  25.5  25.1  25.1  25.3  25.3  24.7  24.1  23.0  23.0  22.6  22.2  22.4  22.3  22.1  22.2  22.4  22.3  22.2  22.1  22.5  22.8  22.4  22.4  22.8  22.7  22.7  22.7  24.1  24.2 
 24.4  24.8  24.9  25.3  24.8  24.6  24.9  25.1  24.1  24.0  23.0  23.2  22.3  22.4  22.5  22.6  22.1  22.1  22.4  22.5  22.1  22.3  22.7  22.6  22.4  22.5  22.7  23.0  22.4  23.1  23.4  24.2 
 25.7  24.9  24.9  24.8  24.7  24.3  24.6  24.3  23.9  23.5  23.1  23.2  22.7  22.3  22.6  22.6  22.3  22.2  22.5  22.5  22.4  22.3  22.8  22.9  22.7  22.5  23.0  23.0  23.2  23.1  25.8  25.7 
 26.1  25.5  24.8  25.1  23.9  24.3  24.1  24.4  23.4  23.4  23.1  23.3  22.4  22.7  22.7  22.5  22.4  22.3  22.4  22.8  22.5  22.4  22.7  22.7  22.3  22.6  22.9  23.4  22.9  23.8  25.7  27.0 
