 23.3  22.7  22.8  22.1  22.6  22.3  22.4  22.5  22.3  22.0  22.5  22.2  22.2  21.7  22.1  22.1  22.2  21.7  22.2  22.1  22.1  22.2  22.4  22.3  22.4  22.4  22.7  22.9  23.2  22.6  23.4  24.1 
 22.8  22.7  22.6  22.8  22.3  22.2  22.1  22.3  21.9  22.1  22.2  22.2  21.8  21.9  22.1  22.0  21.8  21.9  22.3  22.1  21.8  22.1  22.0  22.3  22.1  22.4  22.9  23.8  23.3  23.2  23.6  24.3 
 23.0  22.2  23.0  22.3  22.4  21.9  22.3  22.3  22.1  21.9  22.3  22.1  22.1  21.9  22.0  22.1  21.7  21.7  22.1  22.0  22.3  21.9  22.2  22.3  22.2  22.2  22.4  22.5  22.6  22.5  23.0  22.7 
 22.5  22.6  22.3  22.7  22.2  22.1  22.2  22.4  22.3  22.1  22.2  22.3  21.9  21.7  22.0  22.2  21.9  21.9  22.0  21.9  22.1  21.9  22.0  22.2  22.1  22.3  22.4  22.6  22.5  22.5  22.7  23.0 
 22.5  22.3  22.7  22.5  22.4  22.3  22.4  22.5  22.6  22.7  22.4  22.3  22.2  22.0  22.1  21.8  21.9  21.8  22.0  21.8  22.0  22.0  21.9  22.0  22.4  22.1  22.3  22.3  22.2  22.4  22.7  22.8 
 22.2  22.4  22.3  22.7  22.3  22.1  22.6  22.8  23.1  23.4  22.5  22.4  21.9  22.0  22.1  22.1  21.9  21.8  22.0  22.1  21.9  21.9  21.9  22.3  22.2  22.2  22.3  22.5  22.4  22.5  22.9  23.1 
 22.6  22.8  22.6  22.2  22.4  22.4  22.5  22.7  24.9  26.3  23.7  22.7  22.1  21.9  22.2  21.9  22.0  22.0  22.1  21.9  22.0  22.0  22.2  22.2  22.2  22.1  22.3  22.4  22.3  22.2  22.8  22.8 
 22.4  22.7  22.4  22.6  22.2  22.2  22.5  23.0  25.4  26.7  23.9  22.8  22.1  22.0  22.1  22.0  21.7  21.9  21.9  22.0  22.1  21.9  22.3  22.2  22.2  22.2  22.3  22.6  22.2  22.4  22.5  22.0 
 23.0  22.6  22.7  22.4  22.3  22.4  22.7  22.7  22.7  22.7  22.5  22.2  22.2  22.0  22.0  21.9  22.0  21.9  22.0  22.1  22.0  21.9  22.2  22.0  22.3  22.1  22.4  22.3  22.4  22.3  22.5  22.6 
 23.1  22.6  22.8  23.0  22.5  22.4  22.4  22.6  22.5  22.6  22.2  22.5  22.0  22.0  22.0  22.2  21.8  21.9  22.0  22.1  22.1  22.1  22.3  22.2  22.1  22.2  22.3  22.6  22.3  22.5  22.7  22.9 
 23.6  23.1  23.5  23.4  23.5  23.3  22.9  22.5  22.3  22.3  22.3  22.2  22.0  21.8  22.2  21.9  21.9  22.0  22.1  21.9  21.9  22.0  22.2  22.0  22.1  21.9  22.9  23.0  23.0  22.8  23.0  22.6 
 23.4  23.1  23.7  24.0  24.1  23.8  23.6  23.3  22.5  22.5  22.3  22.4  22.2  21.8  22.0  22.1  21.8  21.9  22.0  22.0  21.9  22.1  22.1 nan  22.1  22.1  23.7  24.5  23.4  22.8  22.5  22.9 
 24.3  23.8  24.8  25.3  26.6  27.1  32.5  34.6  32.7  29.0  22.8  22.4  22.3  22.0  22.1  22.2  22.1  21.9  22.2  22.0  22.1  22.1  22.1  22.3  22.2  22.1  23.6  23.8  23.1  22.4  23.0  22.9 
 24.1  24.4  25.5  26.0  27.8  29.9  41.1  48.5  53.0  47.1  24.2  22.8  22.2  22.2  22.0  22.1  21.9  21.9  22.1  22.2  22.1  21.9  22.1  22.4  22.1  22.3  22.6  23.0  22.9  22.7  22.6  22.9 
 24.7  24.8  26.1  26.7  30.1  33.4  54.4  62.5  73.9  70.8  34.0  24.9  22.3  22.2  22.2  22.2  22.2  21.9  22.0  22.1  21.9  21.7  22.3  22.3  22.0  21.9  22.4  22.4  22.8  22.3  22.9  23.0 
 24.7  24.8  26.1  27.0  30.4  33.5  52.8  62.0  77.9  78.9  36.3  25.4  22.4  22.1  22.2  22.2  22.0  22.0  21.9  22.2  22.0  22.1  22.1  22.3  22.1  21.9  22.4  22.5  22.3  22.4  22.9  22.8 
 24.9  25.0  26.0  26.4  29.0  31.0  43.5  52.5  72.5  69.4  29.4  23.7  22.4  22.1  22.1  22.1  22.2  21.9  22.1  22.1  22.1  21.9  22.4  22.2  22.6  22.1  22.8  22.7  22.4  22.6  22.9  23.1 
 24.7  25.0  25.8  26.2  27.9  29.2  36.3  41.7  53.3  49.0  25.2  23.3  22.5  22.3  22.2  22.2  22.2  22.1  22.2  22.2  22.1  22.0  22.0  22.5  22.3  22.4  22.6  22.4  22.5  22.6  23.0  23.3 
 24.9  24.7  25.7  26.1  26.3  26.4  28.2  28.8  29.2  27.4  23.5  22.6  22.4  22.3  22.3  22.2  22.2  22.1  22.2  22.2  22.2  21.9  22.4  22.3  22.4  22.4  22.7  22.4  22.8  22.4  22.9  23.2 
 24.6  25.0  25.5  25.9  25.9  25.7  26.7  26.8  26.4  25.6  23.2  22.9  22.5  22.1  22.2  22.3  22.2  22.0  22.3  22.3  22.1  22.1  22.4  22.4  22.2  22.3  22.4  22.7  22.5  22.7  23.1  23.5 
 24.8  24.7  25.1  25.0  25.1  25.0  25.0  24.9  24.5  24.1  23.2  22.8  22.6  22.2  22.4  22.3  22.4  22.3  22.3  22.1  22.2  22.1  22.5  22.2  22.6  22.2  22.6  22.7  22.7  22.7  23.5  23.2 
 24.8  24.6  24.8  25.0  24.6  24.6  24.6  24.8  24.3  23.9  23.0  23.0  22.2  22.4  22.4  22.6  22.1  22.2  22.3  22.5  22.1  22.3  22.6  22.6  22.4  22.3  22.4  22.9  22.6  23.0  23.2  24.2 
 25.7  24.7  24.8  24.2  24.4  24.3  24.3  23.8  23.8  23.4  23.2  23.0  22.6  22.4  22.4  22.7  22.4  22.0  22.4  22.2  22.6  22.2  22.7  22.8  22.5  22.2  22.7  23.0  22.8  22.6  25.1  24.4 
 25.8  25.6  24.5  24.8  24.4  24.0  24.0  24.2  23.3  23.4  22.8  23.0  22.5  22.5  22.2  22.4  22.3  22.5  22.3  22.4  22.3  22.4  22.6  22.6  22.3  22.6  22.8  23.2  22.9  23.3  25.3  26.5 
