 29.6  29.1  29.4  29.4  28.8  28.2  30.4  30.9  30.5  30.4  29.8  29.0  25.9  24.3  24.2  24.2  24.1  24.0  24.1  24.3  23.9  24.2  24.2  24.4  24.6  24.2  24.9  25.2  25.6  25.4  26.7  27.5 
 29.7  29.3  29.3  29.3  28.1  27.1  28.4  30.0  29.4  29.5  28.2  27.6  24.8  24.3  24.2  24.3  23.9  24.0  24.1  23.9  24.1  23.8  24.2  24.5  24.4  24.4  24.9  25.2  25.2  25.9  26.6  26.9 
 29.9  29.5  29.3  28.8  27.3  25.4  24.9  25.5  26.3  26.0  25.3  24.9  24.2  23.9  24.2  24.1  24.0  23.9  24.1  24.1  24.0  23.9  24.2  24.2  24.5  24.4  25.5  25.4  25.6  25.5  26.3  26.8 
 29.6  29.7  29.6  29.5  26.6  25.5  24.3  24.5  24.6  24.5  24.6  24.2  24.0  24.2  24.2  24.2  23.9  24.0  24.2  24.2  23.9  24.0  24.4  24.3  24.3  24.6  25.6  26.1  26.0  26.1  26.6  26.6 
 28.6  28.4  27.9  27.8  25.3  24.6  24.2  24.3  24.2  24.0  24.0  23.9  24.0  23.9  24.1  24.2  24.1  23.8  24.2  24.0  24.1  23.8  24.2  24.2  25.2  25.5  26.6  26.7  26.8  26.4  26.5  26.6 
 29.2  28.7  28.1  27.4  24.9  24.3  24.2  24.2  23.8  24.0  24.0  24.2  23.8  24.0  24.1  24.2  23.9  23.9  24.2  24.2  23.9  23.8  24.3  24.4  25.6  26.2  27.2  27.5  27.0  26.8  26.9  26.8 
 27.4  27.8  26.8  26.0  24.2  24.1  24.0  24.0  24.1  23.7  24.1  24.2  24.0  23.8  24.0  24.1  24.1  24.0  24.1  24.0  24.2  23.8  24.4  24.9  28.3  29.0  29.5  29.3  27.8  27.4  27.6  27.3 
 26.5  26.6  25.5  25.2  24.1  24.0  24.1  24.1  23.8  23.8  24.2  24.2  24.0  23.9  24.1  24.1  24.1  24.0  24.0  24.2  24.1  24.1  24.7  26.4  32.8  33.2  31.2  30.6  27.9  27.9  27.6  26.6 
 24.7  24.2  24.3  24.2  24.0  23.7  24.1  23.9  23.9  23.8  24.2  23.9  24.0  23.8  24.1  24.1  24.2  23.9  24.4  24.0  24.1  24.4  37.2  50.3  63.7  58.6  38.0  33.4  29.1  28.4  27.9  27.6 
 24.2  24.2  24.3  24.3  24.1  24.0  24.2  24.2  23.9  23.8  23.9  24.1  23.8  23.8  24.0  24.1  23.8  24.0  24.2  24.2  24.2  24.9  51.9  69.3  83.2  74.0  42.5  35.2  29.3  28.5  27.7  27.4 
 24.2  24.1  24.1  24.2  24.1  23.9  24.2  24.1  23.9  23.7  24.1  24.0  23.9  23.8  24.2  24.0  24.0  23.7  24.0  24.1  24.8  26.7  63.8  74.2  76.7  72.1  45.2  36.9  30.1  29.0  27.7  27.3 
 24.0  24.2  24.1  24.2  23.9  24.0  24.0  24.2  23.9  23.8  24.1  24.1  23.8  23.8  23.9  24.1  24.0  24.1  24.0  24.3  24.4  26.3  60.5 nan  66.8  59.9  41.5  36.2  30.1  29.0  27.6  27.5 
 24.1  24.1  24.3  24.1  24.1  24.1  24.0  24.0  24.1  23.7  24.1  23.9  23.9  23.6  24.1  24.0  24.0  23.8  24.1  24.1  24.1  24.3  34.1  43.2  47.8  43.6  33.8  32.1  29.4  28.6  27.5  27.2 
 24.5  24.0  24.1  24.3  24.2  24.0  24.1  24.1  23.8  23.7  24.0  24.1  23.8  23.8  23.9  24.0  23.9  24.0  24.0  24.2  24.0  24.0  27.2  31.3  36.5  35.1  30.4  30.0  28.6  28.1  27.2  27.3 
 24.0  24.2  24.3  24.1  24.1  23.8  24.1  24.0  24.0  23.9  24.1  24.2  24.0  23.8  24.1  23.9  23.9  23.8  24.3  24.2  24.0  23.9  24.5  24.5  26.2  26.6  27.3  27.3  26.9  26.5  26.5  26.6 
 24.3  24.2  24.2  24.1  23.9  23.7  24.0  24.1  23.9  24.0  23.9  24.0  23.8  24.0  23.9  24.0  23.8  24.0  23.9  24.1  23.8  24.0  24.3  24.4  25.0  25.4  26.5  26.6  26.2  26.2  26.1  26.2 
 24.2  24.1  24.4  24.0  23.9  23.6  24.1  24.2  24.0  23.7  24.0  24.0  23.9  23.5  24.0  23.9  24.1  23.9  24.1  24.0  24.1  23.9  24.3  24.2  24.4  24.5  25.6  25.6  25.4  25.4  25.4  25.7 
 24.4  24.0  24.3  24.3  23.8  23.9  24.2  24.0  23.8  24.0  24.1  24.0  24.0  23.9  24.0  23.9  23.8  23.9  24.2  24.3  23.8  23.9  23.9  24.4  24.4  24.3  25.2  24.9  25.0  25.0  25.7  26.1 
 24.6  24.0  24.3  24.3  24.0  23.9  24.4  24.0  24.0  23.7  24.0  23.9  23.9  23.7  24.0  24.1  24.1  24.1  24.0  24.2  24.1  23.9  24.4  24.4  24.4  24.3  24.6  24.7  25.0  24.9  25.2  25.4 
 24.3  24.4  24.4  24.7  23.9  23.7  24.3  24.1  23.9  23.9  24.2  24.1  23.8  23.9  24.1  24.1  23.9  24.0  24.4  24.2  23.9  24.2  24.3  24.5  24.1  24.4  24.7  24.9  24.6  24.6  25.3  25.3 
 24.5  24.3  24.8  24.4  24.5  24.2  24.1  24.2  24.1  23.9  24.0  23.9  24.2  24.0  24.2  24.2  24.1  24.0  24.4  24.1  24.2  24.0  24.4  24.4  24.6  24.4  24.9  25.2  24.7  24.7  25.6  26.4 
 24.6  24.6  24.6  24.5  24.2  24.1  24.0  24.3  23.8  23.9  24.0  24.4  23.9  24.0  24.1  24.0  24.0  24.0  24.3  24.5  24.1  24.2  24.5  24.5  24.2  24.8  25.0  24.9  24.4  24.7  26.3  27.1 
 25.4  24.9  24.8  24.8  24.5  24.1  24.4  24.3  24.3  23.9  24.1  24.3  24.4  24.1  24.1  24.4  24.1  24.0  24.6  24.3  24.5  24.0  24.6  24.6  24.6  24.1  25.4  25.1  25.2  24.8  27.4  27.8 
 26.0  25.3  24.7  24.8  24.8  24.6  24.5  24.7  24.0  24.3  24.5  24.4  24.0  24.2  24.3  24.4  24.3  24.1  24.4  24.5  24.2  24.1  24.7  24.6  24.7  24.5  25.1  25.5  25.3  25.8  27.7  28.4 
