 22.8  22.3  23.1  22.8  22.6  22.1  22.7  22.3  22.0  21.8  22.5  22.4  22.3  21.8  22.2  22.2  22.0  22.0  22.4  22.3  22.3  21.8  22.7  22.3  22.4  22.4  23.2  23.4  23.4  22.8  24.1  24.8 
 22.8  22.7  23.1  23.1  22.1  22.4  22.5  22.7  21.9  21.8  22.3  22.6  22.0  21.9  22.3  22.3  21.9  21.9  22.3  22.4  22.1  21.9  22.6  22.6  22.2  22.2  23.0  24.3  23.1  22.9  23.4  24.8 
 22.8  22.4  23.3  22.9  22.4  21.9  22.6  22.5  22.4  22.2  22.6  22.4  22.0  22.0  22.2  22.2  21.9  21.6  22.2  22.2  22.1  21.8  22.2  22.3  22.2  22.3  22.7  22.9  22.8  22.5  23.4  23.4 
 22.5  22.6  22.7  23.0  22.3  21.8  22.6  22.9  22.3  22.1  22.5  22.5  21.8  21.8  22.3  22.4  22.0  21.9  22.0  22.1  22.0  21.9  22.6  22.6  22.0  22.2  22.9  22.7  22.5  22.5  23.3  23.6 
 22.8  22.6  23.0  22.7  22.4  22.2  22.7  22.8  22.8  22.6  22.8  22.3  22.1  21.9  22.2  22.0  21.8  21.8  22.1  22.0  22.0  21.9  22.5  22.5  22.3  22.3  22.7  22.8  22.4  22.6  23.0  22.8 
 22.3  22.4  22.9  22.6  22.2  22.0  22.5  23.0  23.3  23.4  22.9  22.5  22.0  22.1  22.1  22.2  21.9  21.9  22.2  22.2  22.0  21.9  22.4  22.5  22.2  22.0  22.7  22.9  22.4  22.6  23.3  23.3 
 22.6  22.3  22.9  22.9  22.4  22.4  22.8  22.8  24.9  26.2  23.9  22.8  22.2  21.9  22.3  22.1  21.8  21.8  22.1  22.1  22.1  21.8  22.6  22.5  22.3  22.3  22.6  22.7  22.5  22.2  23.1  22.8 
 22.6  22.6  22.6  23.0  22.3  22.3  23.0  23.2  25.3  26.7  24.1  22.8  22.1  22.0  22.2  22.3  21.9  21.9  22.1  22.2  21.9  21.9  22.6  22.4  22.2  22.0  22.5  22.7  22.5  22.5  22.8  22.3 
 23.0  22.6  23.0  22.9  22.4  22.3  22.8  22.6  22.8  22.8  22.8  22.5  22.2  22.1  22.3  22.2  22.0  21.9  22.3  22.2  22.1  22.0  22.3  22.4  22.1  22.2  22.8  22.6  22.6  22.2  23.0  22.8 
 22.7  22.8  23.2  23.1  22.8  22.4  22.6  22.9  22.5  22.6  22.7  22.4  22.1  21.9  22.1  22.3  21.8  21.9  22.2  22.3  22.0  22.0  22.3  22.4  22.2  22.1  22.7  23.0  22.4  22.4  23.1  23.0 
 23.5  23.1  23.8  23.4  23.6  23.2  22.9  22.8  22.4  22.4  22.6  22.3  22.2  21.9  22.4  22.1  22.1  21.9  22.1  22.2  22.0  21.9  22.2  22.3  22.2  22.1  23.2  23.3  23.0  22.6  23.0  22.9 
 23.5  23.2  23.8  24.3  24.1  24.1  23.7  23.5  22.5  22.5  22.5  22.6  22.1  22.1  22.1  22.3  22.0  21.9  22.1  22.3  21.9  22.0  22.3 nan  22.0  22.1  23.8  24.8  23.3  22.6  23.1  23.0 
 24.1  23.8  25.3  25.3  26.7  27.2  32.5  34.8  32.7  29.0  22.9  22.6  22.2  22.1  22.2  22.3  22.1  21.8  22.3  22.1  22.0  21.9  22.3  22.4  22.2  22.2  23.8  24.3  22.8  22.7  23.3  23.2 
 24.3  24.1  25.5  26.2  28.0  29.8  41.3  48.7  53.3  47.0  24.2  23.1  22.3  22.2  22.3  22.3  22.0  22.0  22.2  22.2  22.0  21.9  22.4  22.3  22.0  22.1  22.7  23.1  22.7  22.6  22.9  23.5 
 24.6  24.8  26.2  27.0  30.1  33.2  54.3  62.7  74.1  70.9  34.3  25.2  22.4  22.1  22.3  22.2  22.2  22.0  22.4  22.2  22.0  22.1  22.3  22.3  22.2  22.1  22.7  22.5  22.6  22.5  23.3  23.3 
 25.0  25.1  26.5  27.5  30.2  33.7  52.9  62.1  78.0  79.0  36.6  25.7  22.3  22.1  22.3  22.4  22.0  22.0  22.3  22.4  22.0  22.1  22.3  22.5  22.2  22.0  22.7  22.7  22.3  22.4  23.1  23.0 
 24.9  25.0  26.4  26.6  29.2  31.1  43.7  52.7  72.5  69.2  29.7  24.0  22.4  22.2  22.3  22.2  22.3  22.0  22.5  22.4  22.2  22.1  22.6  22.4  22.6  22.3  22.9  22.9  22.5  22.5  23.4  23.4 
 24.7  25.0  25.9  26.6  28.0  29.1  36.5  41.7  53.3  48.8  25.3  23.4  22.5  22.4  22.4  22.6  22.0  22.1  22.4  22.6  22.3  22.1  22.3  22.7  22.4  22.1  22.7  23.1  22.6  22.6  23.2  23.3 
 25.0  24.8  26.0  26.3  26.3  26.4  28.3  29.0  29.2  27.4  23.6  22.9  22.6  22.2  22.4  22.3  22.2  22.1  22.4  22.4  22.3  22.1  22.7  22.5  22.5  22.2  22.7  22.9  22.9  22.7  23.2  23.4 
 25.1  24.8  25.7  25.9  25.8  25.9  27.1  27.0  26.5  25.6  23.0  23.1  22.5  22.3  22.5  22.4  22.1  22.2  22.5  22.4  22.1  22.2  22.3  22.8  22.3  22.3  22.8  22.9  22.5  22.8  23.7  23.5 
 25.1  24.7  25.6  25.3  25.1  25.0  25.4  25.4  25.0  23.9  23.3  23.0  22.6  22.2  22.6  22.6  22.1  22.3  22.5  22.4  22.3  22.1  22.7  22.6  22.6  22.4  22.8  22.7  22.5  22.7  23.7  24.2 
 24.4  24.8  25.2  25.2  24.8  24.6  25.0  25.1  24.1  24.1  23.2  23.3  22.4  22.2  22.6  22.4  22.2  22.1  22.5  22.6  22.2  22.1  22.8  22.9  22.5  22.2  22.8  23.2  22.6  22.6  24.4  25.2 
 25.4  24.7  25.1  24.9  24.2  24.0  24.6  24.3  23.5  23.4  23.3  23.2  22.8  22.4  22.7  22.7  22.3  22.2  22.8  22.5  22.5  22.3  23.0  22.8  22.4  22.2  23.2  23.0  23.2  23.1  25.4  25.7 
 25.8  25.3  24.9  25.5  24.4  24.1  24.3  24.3  23.4  23.4  23.3  23.4  22.6  22.6  22.6  22.9  22.4  22.3  22.5  22.8  22.5  22.4  22.9  22.8  22.6  22.3  22.8  23.4  22.7  23.3  26.1  27.0 
