 30.1  29.3  30.5  30.2  31.5  32.2  32.9  32.4  31.7  31.6  29.6  27.3  24.3  23.9  24.2  24.2  24.0  24.1  24.4  24.1  24.0  24.1  24.5  24.5  24.2  24.2  25.1  24.8  25.3  25.4  27.3  28.1 
 29.5  29.4  29.9  30.3  30.1  31.7  32.5  32.5  31.6  31.2  28.9  26.8  24.2  24.0  24.0  24.2  23.9  23.8  24.0  24.3  24.2  23.8  24.4  24.6  24.4  24.6  24.9  25.4  25.2  25.4  26.8  27.6 
 29.5  29.4  29.5  29.2  29.7  30.7  31.9  31.2  30.8  29.6  26.8  25.1  24.0  24.0  24.3  24.1  24.0  23.8  24.3  24.2  24.0  24.0  24.4  24.5  24.3  24.7  25.7  25.4  25.8  25.9  26.6  26.4 
 29.0  28.9  28.7  29.2  29.1  30.1  31.0  30.9  29.4  28.3  25.5  24.9  24.0  24.0  24.2  24.3  24.1  24.0  24.1  24.2  24.1  23.9  24.2  24.3  24.4  24.6  25.7  26.1  26.1  26.0  26.8  27.0 
 28.8  28.4  27.8  26.9  25.7  26.0  28.1  27.6  26.5  25.6  24.4  24.1  24.1  23.9  24.4  24.1  24.0  23.9  24.1  24.0  24.0  23.9  24.4  24.3  25.0  25.6  26.8  26.8  26.7  26.8  27.0  26.8 
 28.9  28.6  27.5  26.6  24.8  24.8  25.3  25.6  24.8  24.5  24.2  24.4  23.8  24.1  23.9  24.2  24.1  23.9  24.0  24.0  23.8  23.9  24.3  24.6  25.8  26.2  27.4  27.8  27.1  27.0  27.2  27.0 
 28.1  28.3  27.5  26.3  24.2  24.0  24.4  24.1  23.9  24.0  24.3  24.1  24.1  23.9  24.2  24.1  24.1  24.1  24.2  24.1  24.1  24.0  24.8  25.1  28.4  29.2  29.8  29.3  28.1  27.6  27.8  27.1 
 28.1  27.6  26.7  26.3  24.3  24.0  24.3  24.3  24.0  23.8  24.1  24.2  24.0  23.8  24.1  24.2  24.0  23.9  24.2  24.4  24.1  24.1  24.8  26.8  33.1  33.5  31.4  30.8  28.1  27.9  27.4  26.9 
 27.1  27.5  26.2  24.9  24.1  23.8  24.4  24.2  23.9  24.0  24.2  24.0  24.1  23.8  24.3  24.2  23.9  24.0  24.4  24.3  24.2  24.3  37.9  51.4  64.1  59.0  38.2  33.4  29.1  28.5  27.6  27.2 
 26.7  26.4  25.0  24.8  24.0  24.1  24.3  24.3  23.8  23.7  24.1  24.2  24.1  23.8  24.1  24.2  24.0  23.9  24.2  24.4  24.5  24.9  52.8  70.3  83.4  73.9  42.3  35.3  29.1  28.7  27.9  27.8 
 24.6  24.4  24.8  24.4  23.9  23.9  24.3  24.1  23.9  23.8  24.2  24.0  23.8  23.8  24.2  24.1  24.1  24.0  24.2  24.2  24.8  27.1  64.4  74.4  76.4  71.8  44.9  36.7  30.0  28.9  28.3  27.3 
 24.0  24.2  24.2  24.7  24.0  23.8  24.1  24.3  24.1  23.9  24.0  24.1  23.9  23.8  24.1  24.1  23.9  24.0  24.2  24.4  24.6  26.1  60.7 nan  66.4  59.6  41.0  36.2  30.0  28.9  27.5  27.9 
 24.4  24.1  24.3  24.2  23.9  23.9  24.4  24.2  23.9  24.0  24.0  24.0  23.8  24.0  24.2  24.0  23.9  23.8  24.2  24.1  24.2  24.3  34.4  43.1  47.2  43.3  33.8  31.7  29.4  28.4  27.9  27.5 
 24.5  24.5  24.3  24.4  24.0  23.9  24.2  24.3  23.9  23.8  23.9  24.3  24.0  23.9  24.1  24.2  23.9  23.9  24.1  24.2  24.3  24.2  27.4  31.4  36.4  35.0  30.5  30.0  28.5  27.8  27.5  27.3 
 24.2  24.3  24.4  24.2  23.9  24.0  24.3  24.1  24.0  23.8  24.2  24.0  23.9  23.8  23.9  24.0  23.8  24.0  24.4  24.1  24.1  24.0  24.5  24.5  26.1  26.7  27.4  27.1  26.4  26.4  26.7  26.7 
 24.4  24.1  24.4  24.6  24.0  23.7  24.0  24.3  23.9  23.8  24.1  24.2  23.7  23.9  24.0  24.0  23.9  23.8  24.2  24.2  24.0  24.0  24.2  24.6  25.0  25.4  26.3  26.7  26.0  26.0  26.2  26.5 
 24.2  24.1  24.6  24.2  24.1  23.9  24.3  24.0  24.0  23.9  24.1  24.0  23.7  23.9  24.0  23.8  24.0  23.9  24.2  24.2  24.0  23.8  24.4  24.2  24.5  24.5  25.5  25.4  25.3  25.2  26.1  25.5 
 24.5  24.4  24.6  24.5  23.8  23.8  24.0  24.3  23.8  24.0  24.1  24.3  23.9  23.7  24.0  24.2  24.0  23.8  24.1  24.3  23.9  23.9  24.1  24.6  24.4  24.4  24.9  25.3  25.1  24.9  25.5  26.0 
 24.5  24.5  24.8  24.4  24.0  23.9  24.2  24.0  23.9  23.8  24.3  24.0  23.8  23.9  24.3  24.1  24.1  23.8  24.1  24.2  24.2  23.7  24.5  24.3  24.4  24.3  24.7  24.9  24.6  24.7  25.6  25.8 
 24.3  24.3  24.4  25.0  24.3  23.6  24.2  24.3  23.9  23.7  23.9  24.1  23.9  23.8  24.0  24.2  24.0  23.9  24.2  24.3  24.0  23.9  24.3  24.5  24.3  24.3  24.6  24.9  24.7  24.7  25.5  26.2 
 24.4  24.8  25.0  24.6  24.1  24.0  24.3  24.1  24.0  23.8  24.3  24.0  24.1  24.0  24.2  24.2  24.0  24.0  24.2  24.3  24.2  24.1  24.7  24.5  24.4  24.4  24.9  24.9  24.8  25.0  25.9  25.9 
 25.0  24.7  24.7  24.7  24.3  24.0  24.3  24.5  23.9  23.9  24.1  24.4  24.0  24.1  24.2  24.4  24.2  24.2  24.3  24.4  24.1  24.2  24.5  24.6  24.4  24.6  24.9  25.2  24.6  24.8  26.2  26.9 
 25.8  24.9  25.0  24.8  24.6  24.2  24.5  24.1  24.1  24.1  24.2  24.2  24.3  24.1  24.3  24.4  24.1  24.1  24.7  24.4  24.2  24.3  25.0  24.8  24.5  24.2  25.5  25.4  25.0  25.3  27.7  27.8 
 25.4  25.7  24.7  25.4  24.4  24.3  24.5  24.7  24.3  24.0  24.3  24.6  24.2  24.2  24.5  24.6  24.1  24.3  24.4  24.7  24.6  24.2  24.6  25.1  24.6  24.6  25.0  25.5  25.5  25.9  27.7  29.2 
