 23.0  22.5  22.7  22.6  22.4  21.8  22.4  22.3  22.2  21.9  22.2  22.0  22.3  21.8  22.1  22.3  22.0  21.7  22.1  21.9  22.0  21.9  22.3  22.4  22.4  22.2  22.9  23.4  23.0  23.1  23.9  24.4 
 22.8  22.7  22.6  22.9  22.4  22.2  22.1  22.4  22.1  22.1  22.1  22.2  21.9  21.9  22.0  22.0  21.9  21.8  22.1  22.2  22.2  22.0  22.1  22.4  22.2  22.3  23.0  23.8  23.4  23.2  23.8  23.7 
 22.6  22.6  22.8  22.5  22.1  22.0  22.3  22.4  22.5  22.0  22.3  22.0  22.1  21.8  22.0  22.2  21.8  21.8  21.9  22.0  22.0  21.9  22.1  22.4  22.3  22.3  22.8  22.6  22.8  22.8  23.0  23.3 
 22.7  22.8  22.7  23.0  22.3  22.1  22.3  22.4  22.1  22.2  22.5  22.4  22.1  22.0  22.1  22.3  21.9  21.8  22.2  22.1  22.0  22.0  22.2  22.2  22.2  22.2  22.7  22.5  22.5  22.4  23.1  23.3 
 22.3  22.4  22.5  22.5  22.3  22.0  22.4  22.5  22.7  22.8  22.4  22.5  22.0  21.9  22.0  22.0  21.9  21.8  22.0  21.9  22.0  21.9  22.2  22.3  22.3  22.4  22.7  22.4  22.5  22.7  22.8  22.8 
 22.3  22.7  22.4  22.5  22.1  22.5  22.5  22.5  23.1  23.4  22.6  22.5  22.0  21.8  21.9  22.1  21.9  21.8  22.0  22.1  22.2  21.9  22.1  22.2  22.4  22.1  22.2  22.5  22.5  22.6  22.6  22.9 
 22.5  22.4  22.3  22.4  22.2  22.2  22.5  22.9  24.8  26.1  23.6  22.7  22.0  21.8  22.1  22.0  21.8  22.0  22.0  22.0  22.1  21.9  22.2  22.1  22.2  22.0  22.6  22.3  22.3  22.3  22.6  22.9 
 22.8  22.6  22.5  22.6  22.2  22.1  22.7  23.1  25.2  26.5  24.0  22.5  22.0  22.0  22.0  22.1  21.9  21.9  21.9  22.1  21.9  22.0  22.2  22.3  22.1  22.1  22.3  22.4  22.3  22.3  22.3  22.1 
 23.3  22.8  22.7  22.5  22.4  22.4  22.5  22.6  22.8  22.8  22.5  22.3  22.1  21.9  22.1  22.0  21.9  21.8  22.0  21.9  22.2  21.9  22.2  22.1  22.1  22.0  22.4  22.5  22.7  22.3  22.6  22.6 
 22.7  22.9  22.9  22.7  22.7  22.5  22.5  22.5  22.4  22.5  22.4  22.1  21.9  21.9  22.0  22.1  21.9  21.9  21.9  22.2  22.2  22.0  22.1  22.2  22.3  22.1  22.5  22.6  22.5  22.5  22.8  22.8 
 23.2  23.2  23.7  23.5  23.3  23.1  22.9  22.5  22.5  22.3  22.4  22.3  22.1  22.0  22.2  21.9  22.0  22.0  22.0  22.1  22.0  22.0  22.3  22.1  22.1  22.1  22.6  23.0  23.1  22.6  22.8  22.9 
 23.3  23.3  23.5  23.9  24.1  24.0  23.6  23.2  22.5  22.4  22.4  22.1  22.0  22.2  22.1  22.0  21.8  22.1  22.0  22.1  21.9  21.9  22.2 nan  22.0  22.1  23.5  24.6  23.3  22.5  22.7  22.8 
 24.1  23.9  24.9  25.4  26.7  27.2  32.2  34.6  32.9  28.7  22.7  22.5  22.2  22.1  22.1  22.0  22.0  21.7  22.2  22.0  21.9  21.8  22.2  22.1  22.2  22.2  23.5  24.1  23.2  22.5  23.1  22.7 
 24.1  24.4  25.1  26.2  27.9  29.8  41.3  48.7  53.3  47.0  24.2  22.9  22.3  22.1  22.2  22.2  22.1  22.0  22.1  22.1  22.0  21.8  22.2  22.1  22.1  22.1  22.4  22.9  23.0  22.8  22.5  22.7 
 24.7  24.8  26.3  26.7  30.3  33.2  54.2  62.6  74.2  70.9  34.2  25.1  22.4  22.1  22.1  22.0  22.1  22.0  22.1  22.2  22.1  21.9  22.3  22.2  22.2  22.1  22.5  22.5  22.7  22.4  22.9  23.0 
 24.6  25.0  26.4  27.0  30.3  33.6  52.8  62.0  78.2  79.1  36.5  25.5  22.4  22.3  22.1  22.2  22.0  22.0  22.3  22.1  21.9  21.9  22.3  22.3  22.4  22.2  22.5  22.5  22.7  22.7  22.9  22.9 
 24.9  24.9  26.0  26.6  29.1  31.0  43.8  52.6  72.6  69.5  29.5  23.9  22.4  22.1  22.2  22.2  22.0  22.0  22.1  22.2  22.2  22.0  22.2  22.2  22.5  22.2  22.6  22.8  22.5  22.5  23.0  23.0 
 24.9  24.9  25.7  26.3  28.0  29.2  36.4  41.5  53.5  48.9  25.1  23.3  22.4  22.3  22.1  22.2  22.1  22.0  22.3  22.2  22.0  22.2  22.3  22.5  22.4  22.4  22.5  22.7  22.7  22.6  22.8  23.3 
 25.2  24.8  25.8  26.0  26.5  26.4  27.9  28.9  29.3  27.3  23.4  22.8  22.3  22.3  22.4  22.3  22.2  22.1  22.4  22.1  22.3  22.1  22.3  22.4  22.3  22.3  22.6  22.7  22.6  22.5  22.7  23.1 
 24.7  25.0  25.5  25.7  25.6  25.9  26.7  27.0  26.4  25.7  23.1  22.9  22.4  22.3  22.3  22.2  22.1  22.0  22.3  22.1  22.2  22.3  22.4  22.5  22.2  22.4  22.5  22.6  22.5  22.7  22.9  23.6 
 25.1  24.7  25.1  25.2  25.3  24.8  25.1  25.1  24.8  24.0  23.1  22.9  22.5  22.4  22.3  22.4  22.2  22.1  22.1  22.1  22.2  22.1  22.5  22.4  22.4  22.2  22.8  22.7  22.8  22.5  23.4  23.7 
 25.0  24.8  24.9  25.2  24.7  24.7  24.7  24.9  24.1  23.8  22.9  23.0  22.4  22.4  22.4  22.5  22.2  22.1  22.3  22.4  22.2  22.1  22.4  22.7  22.4  22.3  22.6  23.0  22.7  22.9  23.9  24.5 
 25.1  24.7  24.7  24.7  24.4  24.3  24.4  24.3  23.7  23.5  23.1  23.0  22.8  22.6  22.5  22.5  22.5  22.1  22.5  22.3  22.3  22.1  22.7  22.8  22.5  22.5  23.0  22.8  23.1  22.8  24.7  25.7 
 26.3  25.3  24.6  24.9  24.5  24.3  24.3  24.3  23.5  23.2  23.2  23.0  22.6  22.4  22.6  22.6  22.4  22.3  22.5  22.4  22.6  22.2  22.6  22.7  22.7  22.4  22.9  23.2  23.3  23.5  25.7  26.5 
