 30.7  30.8  31.7  31.5  29.9  30.1  30.6  30.9  28.2  27.3  25.4  24.9  24.4  24.1  24.2  24.4  24.1  24.1  24.1  24.2  24.1  24.1  24.4  24.7  24.4  24.5  25.0  25.5  25.3  25.5  26.4  27.9 
 31.0  30.6  32.2  32.8  32.6  31.8  32.4  32.5  30.8  29.6  25.8  25.5  24.5  24.2  24.2  24.1  24.0  24.0  24.3  24.3  24.2  24.0  24.4  24.4  24.5  24.4  25.2  25.2  25.6  25.7  26.9  27.1 
 30.1  30.7  31.4  32.2  33.6  33.3  33.3  33.0  32.7  31.7  28.8  26.9  25.3  24.5  24.2  24.4  24.0  24.0  24.3  24.0  24.1  24.1  24.4  24.4  24.4  24.7  25.7  26.0  25.8  26.0  26.3  26.9 
 30.1  29.8  30.5  31.1  33.1  33.4  33.3  33.5  32.3  32.1  28.9  27.9  24.7  24.6  24.1  24.2  24.2  24.0  24.1  24.3  24.1  24.0  24.3  24.5  24.5  25.0  25.8  26.2  26.0  26.2  26.9  27.0 
 29.7  29.8  30.3  30.8  32.5  32.6  32.9  32.7  32.3  31.3  29.2  25.8  24.5  24.1  24.2  24.2  24.1  24.0  24.1  24.3  24.1  24.0  24.4  24.6  25.0  25.6  26.7  27.0  27.0  26.7  26.9  27.1 
 29.8  29.4  30.2  30.6  32.4  32.1  32.1  32.5  31.2  31.2  26.6  25.7  24.2  24.1  24.2  24.2  24.0  24.1  24.2  24.2  24.1  24.1  24.4  24.6  25.9  26.3  27.6  27.8  27.3  27.3  27.4  27.0 
 29.9  29.3  28.6  29.0  30.8  31.0  31.1  30.5  29.2  27.8  25.5  24.6  24.1  24.0  24.2  24.4  24.1  24.1  24.3  24.3  24.2  24.1  24.7  25.0  28.4  29.6  29.8  29.4  28.0  27.5  27.5  27.4 
 29.5  29.0  27.2  26.9  29.2  29.7  29.8  29.6  27.5  26.8  24.6  24.3  24.1  24.2  24.4  24.2  24.3  24.1  24.2  24.2  24.2  24.1  25.1  26.7  33.3  33.4  31.8  30.6  28.7  28.1  27.4  26.9 
 29.4  28.9  26.6  25.7  25.4  26.1  26.3  26.7  25.0  24.4  24.2  24.2  24.1  23.9  24.3  24.3  24.2  24.1  24.1  24.3  24.3  24.5  38.1  51.9  64.4  59.2  38.2  33.5  29.3  28.6  27.6  27.6 
 29.3  28.9  26.2  25.6  25.0  24.5  25.2  24.7  24.3  24.1  24.1  24.3  24.2  24.0  24.1  24.2  24.2  24.1  24.3  24.4  24.4  25.2  53.2  70.3  83.7  74.1  42.4  35.2  29.5  28.9  27.8  27.6 
 29.1  28.4  25.7  24.8  24.3  24.0  24.2  24.3  23.9  24.1  24.1  24.0  23.9  24.0  24.0  24.3  24.1  24.0  24.3  24.3  24.8  27.3  64.6  74.5  76.5  71.8  44.7  36.6  30.0  28.9  27.6  27.5 
 28.3  27.9  24.8  24.7  24.1  23.9  24.2  24.2  24.0  24.0  24.2  24.2  24.1  24.0  24.0  24.2  24.1  23.9  24.1  24.2  24.8  26.3  60.9 nan  66.5  59.7  41.2  36.0  30.1  29.1  27.8  27.3 
 26.0  25.0  24.4  24.6  24.1  24.2  24.0  24.6  23.9  24.1  24.3  24.3  24.0  24.1  24.0  24.1  24.0  24.1  24.3  24.3  24.4  24.3  34.3  43.2  47.4  43.5  33.9  32.0  29.5  28.8  27.8  27.5 
 24.5  24.4  24.5  24.6  24.3  24.0  24.3  24.2  24.1  23.8  24.2  24.2  24.1  24.0  24.2  24.2  24.0  23.9  24.3  24.3  24.2  24.3  27.4  31.2  36.5  35.0  30.8  30.0  28.6  28.1  27.5  27.3 
 24.4  24.4  24.1  24.6  24.4  24.3  24.1  24.3  24.1  24.0  24.2  24.2  24.0  23.8  24.2  24.1  24.1  24.0  24.4  24.2  24.2  24.1  24.6  24.7  26.2  26.7  27.5  27.5  26.9  26.9  26.4  26.7 
 24.5  24.1  24.5  24.3  24.2  24.0  24.2  24.2  24.2  24.0  24.2  24.3  24.2  24.0  24.1  24.2  24.1  24.1  24.2  24.2  24.1  24.1  24.4  24.5  25.2  25.6  26.5  26.8  26.4  26.0  26.4  26.4 
 24.7  24.4  24.4  24.4  24.2  23.9  24.1  24.4  24.2  23.8  24.1  24.1  24.0  23.9  24.0  24.2  24.2  24.1  24.2  24.2  24.2  24.2  24.5  24.5  24.8  24.5  25.3  25.6  25.6  25.4  26.0  25.7 
 24.7  24.4  24.4  24.4  24.3  24.0  24.4  24.3  24.2  23.9  24.2  24.1  24.1  24.0  24.2  24.3  24.0  24.0  24.3  24.2  24.2  24.2  24.3  24.5  24.6  24.4  25.2  25.2  25.2  25.2  25.7  25.6 
 24.7  24.3  24.5  24.8  24.3  24.3  24.2  24.4  24.1  24.0  24.1  24.3  23.9  24.0  24.2  24.2  24.2  24.1  24.3  24.5  24.4  24.0  24.5  24.7  24.4  24.5  24.9  24.9  25.1  24.9  25.6  26.0 
 24.7  24.5  24.8  24.9  24.2  24.2  24.4  24.2  24.0  23.9  24.2  24.1  24.1  23.9  24.1  24.0  24.1  23.9  24.4  24.4  24.2  24.1  24.5  24.7  24.6  24.6  24.8  25.1  24.9  25.1  25.5  25.5 
 25.3  24.8  24.5  24.6  24.4  24.3  24.4  24.6  24.3  24.0  24.2  24.1  24.1  24.2  24.3  24.3  24.0  24.0  24.4  24.4  24.1  24.2  24.8  24.6  24.4  24.6  24.9  24.8  25.0  24.8  25.8  26.3 
 24.7  24.7  24.8  24.6  24.4  24.2  24.3  24.5  24.2  24.1  24.3  24.3  24.1  23.9  24.3  24.5  24.1  24.3  24.5  24.3  24.2  24.4  24.6  24.4  24.7  24.4  25.0  25.1  24.9  24.6  26.6  27.3 
 25.6  25.1  24.8  25.2  24.9  24.4  24.8  24.5  24.3  24.1  24.3  24.5  24.5  24.1  24.3  24.5  24.3  24.4  24.4  24.6  24.4  24.4  24.8  24.6  24.6  24.4  25.1  25.1  25.6  25.2  27.3  29.5 
 26.1  25.5  25.0  25.2  24.8  24.8  24.9  24.7  24.5  24.3  24.4  24.6  24.3  24.1  24.4  24.6  24.4  24.3  24.5  24.7  24.6  24.2  24.7  25.0  24.5  24.8  25.2  25.5  25.6  25.5  28.1  29.1 
