 23.5  22.3  22.7  23.0  22.6  22.3  22.4  22.6  22.2  21.7  22.5  22.5  22.0  21.8  22.1  22.3  22.1  22.0  22.3  22.4  22.2  21.9  22.4  22.7  22.4  22.0  22.9  23.4  23.2  22.8  23.9  25.1 
 22.8  22.7  22.9  22.7  22.1  22.4  22.7  22.6  22.1  21.8  22.3  22.3  21.9  22.0  22.3  22.0  21.8  21.9  22.2  22.2  22.0  22.0  22.5  22.4  22.3  22.5  23.0  23.9  23.2  23.0  23.9  23.7 
 23.0  22.6  23.0  22.9  22.5  22.0  22.4  22.5  22.4  21.9  22.3  22.4  22.0  21.9  22.1  22.3  22.0  21.8  21.9  22.2  22.1  21.9  22.1  22.5  22.3  22.3  22.9  22.8  22.8  22.2  23.0  23.5 
 22.3  22.6  22.7  22.8  22.0  22.0  22.6  22.6  22.1  22.1  22.4  22.3  21.8  21.8  22.1  22.1  22.0  22.0  22.1  21.9  21.9  22.0  22.2  22.4  22.2  22.2  22.7  22.8  22.3  22.4  23.3  23.5 
 22.6  22.4  22.7  22.7  22.2  21.9  22.5  22.6  22.8  22.7  22.6  22.4  22.1  21.9  21.9  22.0  22.0  21.8  21.9  22.2  22.0  21.8  22.1  22.4  22.4  22.0  22.4  22.7  22.4  22.4  23.4  23.4 
 22.5  22.6  22.8  22.6  22.2  22.2  22.6  22.8  23.0  23.4  22.9  22.6  22.0  22.0  22.2  22.1  21.8  21.9  22.1  22.1  21.9  22.0  22.2  22.2  22.1  22.0  22.4  22.5  22.7  22.6  23.1  22.9 
 22.6  22.3  22.6  22.7  22.4  22.2  22.6  23.0  24.7  26.0  23.7  22.8  21.9  21.9  21.9  22.0  21.9  21.8  22.0  22.1  21.9  21.9  22.3  22.5  22.3  22.0  22.4  22.7  22.3  22.2  22.8  22.9 
 22.5  22.3  22.6  22.7  22.3  22.1  22.7  22.9  25.1  26.5  24.1  22.7  21.9  22.1  22.0  22.1  21.8  21.9  22.2  22.1  22.0  22.0  22.1  22.4  21.9  22.1  22.6  22.4  22.3  22.5  22.8  22.3 
 22.9  22.5  22.9  22.7  22.4  22.2  22.6  22.7  22.9  22.7  22.6  22.3  22.1  21.8  22.2  22.2  21.9  21.8  22.2  22.0  22.1  21.9  22.3  22.2  22.2  22.3  22.4  22.7  22.5  22.2  22.6  22.9 
 22.6  22.9  23.2  23.0  22.4  22.3  22.7  22.5  22.2  22.5  22.5  22.2  21.9  22.0  22.2  22.2  21.7  21.9  22.0  22.3  21.9  22.0  22.2  22.3  22.2  22.1  22.6  22.7  22.4  22.5  23.3  22.8 
 23.2  23.1  23.4  23.8  23.5  23.0  22.8  22.6  22.4  22.4  22.3  22.4  22.1  21.8  22.1  22.1  22.0  21.9  22.1  22.0  22.0  21.9  22.1  22.1  22.2  22.1  23.1  23.1  23.2  22.7  22.8  23.2 
 23.2  23.3  23.6  24.2  24.0  24.1  23.6  23.3  22.4  22.5  22.3  22.2  22.0  22.0  22.1  22.3  22.0  22.0  22.2  22.2  21.9  22.0  22.3 nan  22.0  22.3  23.9  24.4  23.3  22.5  22.9  22.7 
 24.1  23.7  25.0  25.4  26.6  27.1  32.3  34.7  32.8  29.0  22.7  22.6  22.2  22.0  22.2  22.3  22.1  21.9  22.1  22.0  22.0  21.9  22.2  22.3  22.3  22.1  23.4  24.1  23.1  22.5  22.8  22.7 
 24.0  24.4  25.6  26.2  27.9  29.8  41.3  48.6  53.1  47.1  24.3  22.9  22.2  22.3  22.4  22.2  21.9  22.1  22.1  22.2  22.0  21.9  22.3  22.2  22.2  22.0  22.6  23.0  22.9  22.7  23.0  22.7 
 24.7  24.8  26.3  26.9  30.1  33.4  54.2  62.6  74.2  70.8  34.1  25.2  22.3  22.2  22.3  22.2  22.2  21.9  22.2  22.4  22.0  22.0  22.3  22.4  22.2  22.0  22.4  22.5  22.4  22.4  23.1  23.3 
 24.8  25.2  26.6  27.1  30.3  33.5  52.9  62.1  78.1  79.0  36.6  25.5  22.2  22.4  22.4  22.3  21.9  22.2  22.3  22.3  22.0  22.1  22.3  22.3  22.1  21.9  22.6  22.7  22.4  22.6  23.1  22.8 
 24.9  24.8  26.3  26.6  29.0  31.1  43.7  52.6  72.6  69.4  29.5  24.1  22.4  22.1  22.3  22.3  22.1  22.0  22.2  22.2  22.2  21.9  22.2  22.5  22.4  22.0  22.6  22.7  22.4  22.5  23.2  23.2 
 24.7  24.8  26.0  26.4  28.0  29.3  36.3  41.5  53.5  49.0  25.4  23.4  22.1  22.1  22.4  22.4  22.1  22.1  22.4  22.3  22.1  22.3  22.4  22.3  22.1  22.0  22.8  22.7  22.6  22.4  23.5  23.5 
 25.0  24.6  25.8  26.2  26.4  26.4  28.2  29.2  29.1  27.4  23.4  22.9  22.3  22.2  22.3  22.4  22.1  22.0  22.3  22.4  22.3  22.0  22.2  22.6  22.6  22.1  22.4  22.7  22.7  22.3  23.0  23.3 
 24.4  25.3  25.8  25.6  25.5  25.7  26.9  27.0  26.4  25.7  23.2  22.7  22.4  22.3  22.5  22.4  22.1  22.1  22.4  22.3  21.9  22.1  22.5  22.6  22.1  22.3  22.8  22.6  22.5  23.0  23.6  23.4 
 25.3  24.7  25.3  25.0  25.2  25.0  25.3  25.3  24.6  24.0  23.0  23.0  22.7  22.3  22.5  22.6  22.2  22.2  22.4  22.4  22.2  22.0  22.7  22.7  22.5  22.2  22.8  23.0  22.5  22.5  23.4  24.0 
 24.8  25.2  25.1  25.3  24.7  24.6  24.8  24.9  24.0  24.1  23.1  23.2  22.3  22.3  22.3  22.5  22.1  22.3  22.6  22.3  22.1  22.1  22.8  22.6  22.1  22.4  23.0  23.0  22.8  22.8  23.6  24.5 
 25.9  24.9  24.9  25.3  24.5  24.0  24.3  24.3  23.9  23.2  23.3  23.2  22.6  22.2  22.5  22.7  22.5  22.1  22.4  22.6  22.5  22.0  22.8  22.9  22.8  22.1  23.0  22.9  23.2  22.8  25.0  26.2 
 25.7  25.5  25.0  25.1  24.1  24.4  24.4  24.3  23.4  23.5  23.2  23.1  22.6  22.4  22.7  22.6  22.4  22.3  22.5  22.6  22.2  22.2  22.8  22.8  22.4  22.4  23.1  23.1  22.9  23.8  26.1  26.0 
