 24.3  23.6  23.7  23.6  23.2  22.9  22.9  22.8  22.6  22.5  23.0  22.8  22.9  22.7  22.8  22.8  22.6  22.5  22.8  22.8  22.6  22.7  22.9  23.1  22.8  22.7  23.4  24.3  23.8  23.7  24.5  25.5 
 24.1  23.6  23.6  23.6  23.0  22.7  23.2  23.2  22.7  22.7  22.9  23.0  22.5  22.6  22.7  22.9  22.4  22.5  22.9  22.9  22.7  22.6  23.0  23.2  22.9  22.9  23.6  24.7  23.9  23.8  24.2  24.9 
 23.6  23.4  23.7  23.4  22.9  22.6  23.2  22.9  22.7  22.6  22.8  23.2  22.6  22.5  22.9  22.8  22.5  22.4  22.9  22.9  22.7  22.7  22.9  23.1  22.8  23.1  23.1  23.4  23.3  23.2  23.5  24.0 
 23.3  23.3  23.6  23.3  22.9  22.7  23.1  23.1  22.9  22.7  23.2  23.0  22.6  22.5  22.6  22.7  22.8  22.5  22.8  22.8  22.8  22.8  22.9  23.1  22.9  22.6  23.3  23.2  23.4  23.3  23.5  24.1 
 23.5  23.1  23.2  23.3  22.7  22.8  23.0  23.2  23.3  23.3  23.1  23.0  22.6  22.5  22.8  22.8  22.6  22.5  22.6  22.8  22.6  22.6  22.9  23.0  22.8  22.6  23.0  23.0  22.9  22.7  23.5  23.4 
 23.3  23.3  23.4  23.2  22.8  22.9  23.0  23.4  23.7  24.1  23.2  23.1  22.7  22.7  22.7  22.8  22.6  22.7  22.8  22.7  22.5  22.6  23.0  22.9  22.9  22.7  23.0  23.1  23.2  22.9  23.6  23.4 
 23.2  23.2  23.5  23.3  22.9  22.9  23.4  23.5  25.6  26.6  24.3  23.3  22.8  22.5  22.7  22.8  22.5  22.7  22.8  22.9  22.7  22.6  23.0  22.9  22.7  22.7  23.1  23.3  23.0  22.9  23.5  23.5 
 23.1  23.1  23.2  23.4  22.9  22.9  23.4  23.7  25.7  27.3  24.6  23.4  22.8  22.7  22.8  22.9  22.7  22.7  22.7  22.8  22.6  22.7  22.9  22.9  22.8  22.7  23.1  23.1  23.0  22.8  23.2  22.6 
 23.8  23.3  23.6  23.0  22.8  22.9  23.1  23.3  23.5  23.4  23.3  23.1  22.9  22.6  22.9  22.9  22.8  22.6  22.8  22.9  22.8  22.7  22.9  22.9  22.9  22.8  22.9  23.0  23.0  23.2  23.4  23.5 
 23.7  23.6  23.6  23.5  23.1  22.9  23.0  23.2  23.0  23.1  22.9  23.1  22.6  22.7  22.7  22.9  22.7  22.7  22.7  22.9  22.8  22.6  22.8  23.1  22.9  22.8  23.4  23.3  23.3  22.9  23.7  23.2 
 24.0  23.9  24.1  24.2  23.9  23.7  23.4  23.2  23.0  22.9  23.0  22.9  22.8  22.5  22.8  22.9  22.9  22.6  22.9  22.9  22.9  22.6  22.8  23.0  22.9  22.7  23.5  23.7  23.5  23.6  23.5  23.7 
 23.7  24.0  24.4  24.2  24.8  24.6  24.1  23.7  23.1  23.0  23.1  22.9  22.7  22.8  22.8  22.9  22.7  22.8  22.9  22.9  22.8  22.5  22.9 nan  22.7  22.7  24.3  25.1  24.2  23.2  23.4  23.6 
 24.6  24.3  25.4  25.8  27.1  27.7  32.7  34.8  33.0  29.4  23.4  23.1  22.8  22.6  22.9  22.9  22.8  22.6  23.0  22.8  22.6  22.6  23.0  22.9  22.8  22.8  24.2  24.8  23.6  23.4  23.7  23.6 
 24.8  24.9  26.0  26.5  28.7  30.2  41.4  48.9  53.4  47.3  25.0  23.6  22.9  22.9  23.0  22.9  22.7  22.6  22.9  22.8  22.8  22.6  23.0  22.9  22.9  22.9  23.3  23.6  23.5  23.4  23.5  23.6 
 25.2  25.3  26.7  27.5  30.6  33.8  54.5  62.9  74.3  71.2  35.2  25.8  22.9  22.7  22.8  22.9  22.7  22.7  22.9  22.8  22.8  22.7  23.0  23.0  22.9  23.0  23.1  23.3  23.2  23.1  23.7  23.8 
 25.3  25.6  27.0  27.7  30.9  34.0  53.3  62.1  78.1  79.3  37.8  26.3  23.1  23.0  22.8  22.8  22.6  22.6  23.0  22.7  22.8  22.8  23.0  22.9  23.0  22.6  23.2  23.3  23.2  23.1  23.6  23.7 
 25.3  25.6  27.0  27.0  29.7  31.8  44.2  53.3  73.5  70.7  30.5  24.7  23.0  22.7  22.9  22.9  22.8  22.6  22.8  23.0  22.9  22.7  22.8  22.9  22.9  22.9  23.2  23.3  23.3  22.9  23.9  23.9 
 25.6  25.5  26.6  27.0  28.7  29.9  37.1  42.2  54.5  50.2  26.2  23.9  23.0  22.9  23.1  23.0  22.6  22.7  23.1  23.0  22.7  22.7  22.9  23.0  22.8  22.8  23.2  23.3  23.2  23.2  23.9  23.9 
 25.6  25.8  26.5  26.7  26.9  27.2  28.9  29.9  29.9  28.4  23.9  23.4  23.1  23.0  23.1  23.0  23.0  22.7  23.1  23.2  22.8  22.8  23.1  23.2  22.8  22.9  23.3  23.5  23.4  23.1  23.7  24.3 
 25.4  25.7  26.5  26.4  26.5  26.6  27.6  27.7  27.2  26.3  23.7  23.6  23.1  23.0  23.0  23.1  22.8  22.8  23.4  22.8  23.0  23.0  23.2  23.2  23.0  23.0  23.2  23.5  23.0  23.6  24.3  24.3 
 25.7  25.5  26.2  26.1  25.6  25.5  26.0  25.9  25.5  24.6  23.7  23.7  23.2  23.2  23.1  23.2  22.9  22.9  23.3  23.2  22.9  22.9  23.3  23.3  23.2  23.1  23.3  23.7  24.0  24.2  25.6  25.7 
 25.3  25.4  25.8  25.8  25.6  25.4  25.8  25.5  24.7  24.6  23.8  23.6  23.1  23.1  23.2  23.4  23.3  22.9  23.2  23.3  23.2  23.0  23.3  23.6  23.0  23.1  23.8  24.1  24.8  25.3  26.1  26.0 
 26.4  26.0  25.6  25.6  25.4  24.9  25.3  25.1  24.5  24.1  23.8  23.9  23.5  23.1  23.4  23.5  23.3  22.9  23.5  23.3  23.3  23.1  23.4  23.8  23.8  23.6  25.5  26.1  26.4  26.1  27.2  27.5 
 27.2  26.5  25.6  25.6  25.0  24.7  25.0  24.8  23.9  24.2  23.7  23.7  23.5  23.3  23.6  23.2  23.3  23.3  23.3  23.4  23.4  23.3  23.7  24.1  24.6  25.1  26.4  26.8  26.3  26.7  27.5  27.9 
