 23.2  22.7  22.7  22.9  22.4  22.3  22.4  22.6  22.1  21.8  22.2  22.1  22.0  21.7  22.1  22.3  22.0  21.9  22.1  22.2  22.2  21.9  22.0  22.6  22.3  22.2  23.2  23.4  23.3  23.1  23.6  25.1 
 22.7  22.7  23.1  22.7  22.6  22.0  22.2  22.4  22.2  22.2  22.3  22.4  22.0  21.9  22.1  22.1  21.7  21.9  22.3  22.2  22.0  22.2  22.5  22.4  22.2  22.3  23.2  23.9  23.1  23.0  23.4  23.4 
 22.8  22.4  22.7  23.0  22.5  22.0  22.3  22.5  22.3  22.0  22.0  22.4  22.0  21.6  22.0  22.1  22.1  21.8  22.1  22.2  22.0  22.0  22.1  22.5  22.3  22.0  22.7  23.1  22.7  22.7  23.1  22.9 
 22.5  22.4  22.9  22.8  22.1  21.9  22.7  22.4  22.4  22.2  22.5  22.3  22.1  22.0  22.0  22.1  21.8  21.9  22.2  22.1  22.0  22.0  22.3  22.2  22.1  22.2  22.5  22.4  22.5  22.6  23.2  23.1 
 22.8  22.4  22.4  22.8  22.5  22.2  22.4  22.7  22.8  22.8  22.4  22.4  21.9  21.6  21.9  22.1  21.9  21.8  21.9  22.0  22.1  21.8  22.1  22.4  22.2  22.1  22.5  22.7  22.6  22.5  22.8  23.2 
 22.5  22.4  22.9  22.7  22.3  22.3  22.6  22.5  22.9  23.5  22.7  22.5  21.9  21.9  22.0  22.0  21.8  21.9  22.2  22.1  21.8  21.8  22.2  22.0  22.2  22.0  22.6  22.5  22.2  22.6  23.1  22.9 
 22.9  22.6  22.7  22.7  22.4  22.2  22.8  23.0  24.6  26.0  23.7  22.9  22.0  21.9  22.0  22.0  21.8  21.7  21.9  22.2  21.9  21.9  22.0  22.4  22.2  22.2  22.4  22.5  22.6  22.3  22.6  22.9 
 23.0  22.8  22.6  22.6  22.3  22.3  22.8  22.9  25.1  26.5  24.2  22.7  22.1  21.9  22.0  22.0  21.8  21.9  22.1  22.0  21.9  22.1  22.4  22.3  22.0  22.1  22.6  22.4  22.3  22.3  22.6  21.9 
 23.2  22.3  22.8  22.7  22.6  22.3  22.6  22.5  22.9  22.8  22.5  22.4  22.1  22.0  22.1  22.1  21.9  21.9  22.0  22.0  22.3  21.9  22.1  22.3  22.3  22.1  22.4  22.8  22.5  22.3  22.9  22.9 
 22.7  22.6  22.9  22.8  22.7  22.5  22.9  22.5  22.5  22.7  22.5  22.3  22.0  21.9  22.1  22.1  21.9  21.9  22.2  22.1  22.1  22.0  22.3  22.2  22.2  22.1  22.5  22.6  22.4  22.6  22.9  22.7 
 23.4  23.2  23.5  23.8  23.6  23.2  22.7  22.6  22.5  22.4  22.2  22.4  22.1  22.0  22.2  22.1  22.0  21.9  22.1  22.2  22.0  21.9  22.2  22.4  21.9  22.0  22.8  23.4  23.1  22.7  22.6  23.1 
 23.2  23.2  23.9  23.9  24.0  24.1  23.6  23.1  22.5  22.3  22.5  22.2  22.1  21.9  22.0  22.1  21.9  22.0  22.2  22.0  21.9  22.1  22.3 nan  22.1  22.0  23.9  24.5  23.4  22.7  22.9  22.8 
 24.2  23.7  24.8  25.5  26.6  27.1  32.3  34.7  32.8  28.9  22.8  22.5  22.3  22.0  22.1  22.2  22.0  21.9  22.1  22.1  22.1  21.8  22.1  22.3  22.2  22.1  23.4  24.1  23.1  22.5  23.1  23.2 
 24.2  24.3  25.5  26.1  28.0  29.7  41.3  48.6  53.2  47.1  24.3  22.7  22.1  22.1  22.3  22.1  22.1  21.9  22.3  22.2  21.9  22.0  22.4  22.3  22.2  22.2  22.9  22.7  23.0  22.5  22.7  22.7 
 24.6  24.8  25.9  27.1  30.0  33.4  54.2  62.7  74.2  70.9  34.0  25.0  22.3  22.2  22.1  22.3  22.1  21.9  22.1  22.3  22.1  21.9  22.2  22.4  22.3  22.2  22.3  22.7  22.7  22.3  22.9  23.1 
 24.8  24.9  26.4  27.0  30.3  33.6  53.0  62.1  78.3  78.9  36.7  25.4  22.3  22.1  22.3  22.2  22.1  22.0  22.2  22.2  22.1  22.0  22.2  22.3  22.2  22.3  22.5  22.3  22.5  22.6  23.2  22.9 
 24.9  24.8  26.1  26.6  29.1  30.9  43.6  52.7  72.5  69.5  29.4  24.1  22.4  22.0  22.3  22.3  22.0  22.0  22.1  22.3  22.2  21.9  22.2  22.4  22.4  22.2  22.6  22.9  22.5  22.4  23.0  23.2 
 24.9  25.1  25.9  26.2  28.1  29.2  36.5  41.5  53.5  49.1  25.4  23.1  22.4  22.2  22.3  22.3  22.0  22.1  22.2  22.1  22.1  22.1  22.3  22.5  22.4  22.3  22.7  22.5  22.6  22.4  22.8  23.4 
 24.8  24.8  25.8  26.0  26.3  26.4  27.9  29.0  29.2  27.3  23.3  22.9  22.4  22.2  22.3  22.4  22.1  22.2  22.3  22.3  22.2  22.0  22.4  22.5  22.4  22.2  22.5  22.7  22.9  22.6  23.0  23.7 
 24.7  25.4  25.8  25.7  25.9  25.9  27.0  26.9  26.4  25.7  23.2  22.8  22.3  22.3  22.5  22.2  22.1  22.1  22.5  22.2  22.0  22.2  22.5  22.4  22.4  22.3  22.8  22.6  22.7  22.8  23.3  23.4 
 24.9  24.7  25.1  25.5  25.2  24.8  25.4  25.4  24.7  24.0  23.0  23.1  22.6  22.4  22.4  22.4  22.3  21.9  22.3  22.4  22.2  22.1  22.6  22.7  22.7  22.5  22.8  22.9  22.8  22.5  23.2  23.9 
 24.8  24.6  25.1  24.8  24.6  24.8  25.0  24.9  24.1  24.1  23.2  22.8  22.5  22.4  22.5  22.5  22.2  22.1  22.5  22.3  22.1  22.4  22.6  22.3  22.4  22.4  22.6  22.7  22.4  22.6  24.1  25.1 
 25.9  24.9  24.9  25.2  24.5  24.1  24.4  24.3  23.9  23.3  23.0  23.2  22.8  22.3  22.6  22.6  22.3  22.3  22.5  22.6  22.3  22.4  22.5  22.7  22.5  22.2  23.0  23.3  23.0  23.0  25.0  25.7 
 25.7  25.3  25.0  24.8  24.4  24.2  24.3  24.1  23.4  23.4  23.2  23.2  22.6  22.4  22.5  22.5  22.4  22.3  22.6  22.5  22.6  22.5  22.7  22.9  22.5  22.7  23.1  23.2  22.9  23.5  25.6  25.5 
