 29.9  28.7  29.2  29.6  29.6  30.3  31.9  31.9  31.4  30.8  29.4  28.1  24.6  23.9  24.1  24.1  24.1  23.9  23.8  23.9  24.0  23.9  24.0  24.3  24.1  24.0  24.5  25.2  25.4  25.0  26.3  27.7 
 29.6  28.7  29.2  29.2  29.4  29.7  31.2  31.2  30.6  30.3  28.2  26.5  24.0  23.8  24.2  23.8  23.9  23.6  24.2  23.8  23.9  24.0  24.1  23.9  24.2  24.7  24.8  25.0  25.4  25.3  26.5  25.9 
 29.5  28.9  28.5  27.9  26.6  27.2  28.8  28.9  27.7  27.0  24.7  24.4  24.0  23.9  23.9  24.3  23.9  23.7  23.7  23.9  24.1  23.9  23.8  24.2  24.3  24.6  25.2  25.4  25.5  26.0  26.2  26.8 
 29.1  28.7  28.6  27.5  25.0  25.0  27.0  27.1  25.9  25.4  24.4  24.1  23.9  23.9  24.1  23.9  23.9  23.8  24.2  23.7  23.8  23.7  24.2  23.9  24.5  24.6  25.7  25.6  25.9  25.6  26.8  26.3 
 29.6  29.4  27.9  27.6  24.6  24.1  24.0  24.3  23.9  23.8  23.9  24.1  23.9  23.7  23.8  24.0  23.9  23.9  23.9  23.9  23.9  23.9  24.1  24.3  25.1  25.2  26.3  26.8  26.5  26.8  26.4  26.7 
 28.4  28.7  28.0  27.0  24.4  24.2  24.2  24.0  23.9  23.9  24.0  23.9  23.8  23.8  23.9  23.9  23.9  23.8  23.9  23.8  23.9  23.9  24.3  24.2  25.5  26.2  27.2  27.1  27.0  27.2  26.9  26.4 
 29.3  28.3  27.1  26.3  24.1  24.0  23.8  24.1  24.0  23.8  23.7  24.0  23.8  23.9  23.9  24.1  23.9  23.9  24.0  24.0  24.1  23.8  24.2  24.9  28.1  29.0  29.3  29.3  27.8  27.2  27.0  27.3 
 29.1  28.1  26.4  25.4  24.0  24.0  24.1  23.9  23.8  23.8  24.0  23.7  23.8  23.8  23.9  23.9  23.9  24.0  24.2  24.0  24.1  23.8  24.9  26.4  33.1  33.4  31.2  30.2  28.3  27.6  27.5  26.3 
 27.1  26.6  25.1  24.6  23.9  24.0  23.7  24.0  23.8  23.7  23.7  24.0  23.8  23.8  23.9  24.2  23.9  23.8  24.0  24.2  24.1  24.2  37.7  51.6  64.3  58.9  37.8  33.5  28.8  28.3  27.5  27.1 
 26.0  25.1  24.5  24.3  23.9  23.8  24.2  24.1  23.9  23.8  24.0  24.0  23.8  24.0  24.0  23.9  23.8  23.8  24.2  24.1  24.2  24.7  52.9  69.9  83.5  74.0  42.3  34.7  29.4  28.5  27.8  27.1 
 24.4  24.2  24.0  24.4  23.9  23.8  24.0  24.1  23.9  23.7  23.8  24.0  23.8  23.8  23.9  24.0  23.8  24.0  23.9  24.2  24.7  27.1  64.3  74.3  76.3  71.6  44.6  36.6  29.8  28.8  27.3  27.4 
 24.2  24.0  24.3  24.1  23.8  23.7  24.0  23.9  23.7  23.7  23.9  23.7  23.8  23.7  23.9  23.8  23.8  23.8  24.1  24.2  24.5  26.2  60.6 nan  66.3  59.6  40.9  35.7  30.0  28.8  27.4  26.9 
 24.2  23.9  24.2  24.3  24.0  23.7  23.9  24.4  23.7  23.8  23.7  24.1  23.9  23.6  23.9  23.9  24.0  23.7  24.0  24.0  24.1  24.2  33.8  43.1  47.1  43.3  33.4  31.8  29.3  28.5  27.3  27.2 
 24.1  24.0  24.2  24.3  24.1  24.0  24.2  24.0  23.9  23.6  24.0  23.8  23.9  23.6  24.0  23.7  23.7  23.7  24.0  24.0  24.1  23.9  27.4  31.0  36.3  34.7  30.4  29.6  28.4  27.7  27.4  26.9 
 24.1  24.1  24.1  24.3  24.1  23.8  23.9  24.0  24.0  23.8  23.9  23.9  23.8  23.6  23.7  23.9  23.7  23.8  23.9  24.2  23.9  23.9  24.1  24.4  26.0  26.5  27.0  27.4  26.8  26.3  26.1  26.4 
 24.2  23.9  24.4  23.9  23.8  23.7  23.9  23.7  23.7  23.8  23.9  23.7  23.6  23.8  24.0  23.8  23.9  23.7  24.0  23.9  23.9  23.9  24.2  24.2  24.8  25.1  26.3  26.2  26.1  26.0  26.1  25.6 
 24.1  24.0  24.0  24.1  24.1  23.7  23.7  24.0  23.9  23.8  23.7  23.9  23.7  23.7  23.8  23.8  23.9  23.9  23.9  24.0  24.0  23.6  24.0  24.2  24.3  24.4  25.0  25.5  25.1  24.9  25.3  25.9 
 24.3  24.0  24.4  23.8  23.9  23.9  24.1  23.9  23.6  23.9  24.0  23.7  23.7  23.7  24.0  23.9  23.8  23.7  24.1  24.0  23.9  23.8  24.0  23.9  24.2  24.2  24.9  24.8  24.8  24.8  25.7  25.5 
 24.4  24.2  24.3  24.2  23.9  24.0  23.7  24.1  23.9  23.6  23.8  24.0  23.9  23.8  23.8  23.9  23.9  23.9  23.8  24.2  24.1  23.9  24.0  24.4  24.4  24.2  24.4  24.7  24.8  24.3  24.9  25.5 
 24.4  24.2  24.2  24.5  24.0  23.9  24.3  23.9  23.6  23.8  24.0  24.0  23.9  23.7  24.0  23.8  23.9  23.9  24.2  24.0  23.9  24.0  24.2  24.1  24.1  24.2  24.5  24.6  24.5  24.8  25.4  25.2 
 24.6  24.3  24.2  24.5  24.3  23.9  23.9  24.1  23.8  24.0  23.7  24.1  24.0  23.9  23.9  24.1  24.0  23.9  23.8  24.3  24.1  23.9  24.2  24.4  24.3  24.2  24.4  24.8  24.5  24.7  25.0  26.1 
 24.2  24.3  24.8  24.4  24.2  23.9  24.0  24.1  23.8  23.9  24.0  24.0  23.9  24.0  24.1  24.1  24.0  23.9  24.3  24.1  24.0  23.8  24.5  24.3  24.3  24.2  24.7  24.7  24.8  25.0  26.0  26.2 
 25.5  24.7  24.3  24.7  24.3  24.1  24.2  24.5  24.2  24.0  24.0  24.3  24.4  24.0  23.8  24.5  24.3  24.0  24.2  24.4  24.3  24.0  24.1  24.4  24.3  24.2  24.8  25.3  24.7  25.1  26.8  28.5 
 25.3  24.8  24.7  24.3  24.5  24.5  24.5  24.2  23.9  24.1  24.4  24.2  24.0  24.0  24.2  24.1  24.1  24.0  24.5  24.1  24.2  24.1  24.5  24.2  24.4  24.2  25.4  25.1  25.1  25.4  27.1  27.5 
