 23.5  22.5  22.7  22.6  22.6  22.3  22.4  22.4  22.1  21.8  22.2  22.4  22.3  22.0  22.2  22.2  22.1  21.8  22.1  22.2  22.2  21.9  22.4  22.6  22.4  22.1  23.0  23.4  23.3  23.3  24.1  24.4 
 22.8  22.7  22.7  22.8  22.6  22.2  22.5  22.6  22.0  22.1  22.4  22.4  21.8  22.1  22.2  22.0  21.9  21.8  22.5  22.4  22.1  22.1  22.3  22.6  22.3  22.6  23.0  24.0  23.2  22.9  23.4  24.0 
 23.2  22.2  23.2  22.6  22.3  21.9  22.4  22.4  22.2  21.9  22.3  22.3  22.1  21.8  22.2  22.3  22.2  21.8  22.2  21.9  22.0  22.1  22.3  22.4  22.5  22.3  22.7  23.1  22.6  22.5  23.2  23.3 
 22.7  22.6  22.4  22.8  22.3  22.2  22.4  22.8  22.5  22.1  22.6  22.5  22.0  22.0  22.0  22.2  22.1  21.9  22.1  22.2  22.1  22.0  22.3  22.1  22.3  22.2  22.9  22.8  22.5  22.6  23.3  23.6 
 22.5  22.6  22.7  22.5  22.5  22.2  22.7  22.6  22.8  22.8  22.6  22.4  21.9  21.7  22.1  22.1  21.9  21.9  22.2  22.0  22.0  22.0  22.4  22.3  22.4  22.1  22.6  22.5  22.4  22.4  22.9  22.5 
 22.7  22.4  22.9  22.8  22.2  22.5  22.5  22.7  23.1  23.3  22.6  22.6  22.0  22.0  22.0  22.2  22.0  22.0  22.2  22.0  21.9  22.1  22.2  22.5  22.3  22.1  22.4  22.5  22.6  22.6  22.8  22.8 
 22.8  22.4  22.7  22.5  22.4  22.3  22.9  23.0  24.8  25.9  23.9  22.8  22.0  21.9  22.2  22.0  22.2  21.7  22.2  22.2  22.0  21.9  22.4  22.3  22.4  22.1  22.4  22.5  22.6  22.4  22.8  22.6 
 22.5  22.6  22.5  22.8  22.3  22.2  22.9  23.0  25.0  26.3  24.1  22.8  22.0  22.2  22.1  22.2  22.1  21.9  22.0  22.1  21.9  22.0  22.4  22.5  22.1  22.1  22.2  22.7  22.3  22.4  22.7  22.1 
 23.0  22.8  23.1  22.6  22.5  22.5  22.7  22.7  23.0  23.0  22.7  22.2  22.1  22.0  22.2  22.3  22.0  22.0  22.2  22.0  22.0  22.1  22.4  22.2  22.2  22.0  22.4  22.6  22.5  22.3  22.8  22.9 
 23.2  22.9  22.8  23.1  22.6  22.4  22.4  22.6  22.4  22.6  22.4  22.3  22.1  22.0  22.1  22.2  22.0  21.9  22.1  22.2  22.0  22.1  22.1  22.4  22.2  22.3  22.7  22.7  22.5  22.4  22.8  23.2 
 23.7  23.3  23.4  23.6  23.3  23.1  23.0  22.9  22.6  22.5  22.5  22.3  22.2  22.1  22.3  22.0  22.1  22.0  22.2  22.2  22.1  22.1  22.2  22.1  22.2  22.0  23.0  23.3  23.1  22.7  23.1  23.2 
 23.4  23.3  23.7  23.8  24.1  24.3  23.4  23.4  22.6  22.4  22.4  22.3  22.1  22.0  22.0  22.2  22.0  22.0  22.2  22.2  22.0  21.9  22.2 nan  22.1  22.2  23.8  24.5  23.2  22.5  22.8  23.2 
 23.9  23.9  25.2  25.3  26.6  27.3  32.5  34.6  32.8  29.0  22.8  22.6  22.1  22.1  22.3  22.2  22.1  21.9  22.3  22.1  21.9  21.9  22.4  22.4  22.2  22.4  23.7  24.1  23.2  22.5  22.8  23.0 
 24.1  24.5  25.6  26.3  27.9  29.8  41.3  48.7  53.1  46.9  24.2  22.9  22.2  22.2  22.3  22.3  21.9  22.0  22.1  22.3  22.2  22.0  22.2  22.4  22.3  22.5  22.5  22.9  23.1  22.8  22.9  23.0 
 24.7  25.1  26.5  27.1  30.1  33.2  54.3  62.5  74.1  70.7  34.1  25.2  22.4  22.1  22.3  22.2  22.2  22.0  22.4  22.2  22.3  21.9  22.4  22.3  22.3  22.3  22.4  22.6  22.8  22.6  23.1  23.0 
 25.0  24.9  26.4  27.2  30.2  33.5  52.9  61.9  78.0  79.0  36.6  25.5  22.4  22.3  22.3  22.4  22.1  21.9  22.1  22.3  22.0  22.0  22.4  22.5  22.3  22.4  22.5  22.6  22.5  22.7  22.9  23.1 
 25.0  25.0  26.1  26.6  29.1  31.2  43.7  52.6  72.4  69.3  29.6  23.9  22.3  22.2  22.4  22.3  22.0  22.1  22.4  22.3  22.1  22.1  22.4  22.4  22.4  22.1  22.6  22.8  22.7  22.5  23.2  23.2 
 24.9  24.9  25.9  26.2  27.9  29.3  36.4  41.6  53.3  48.9  25.2  23.4  22.5  22.4  22.3  22.3  22.1  22.0  22.3  22.2  22.2  22.0  22.3  22.5  22.5  22.3  22.6  22.8  22.6  22.5  23.2  23.3 
 25.0  24.7  26.1  26.2  26.6  26.4  28.2  29.2  29.2  27.7  23.4  22.9  22.4  22.2  22.5  22.3  22.4  22.2  22.2  22.4  22.3  22.0  22.5  22.5  22.5  22.4  22.6  22.8  22.9  22.3  23.0  23.3 
 24.7  25.3  25.5  25.9  25.8  25.8  26.7  27.2  26.4  25.8  23.1  22.9  22.5  22.3  22.4  22.3  22.1  22.2  22.3  22.5  22.1  22.4  22.6  22.8  22.4  22.3  22.9  22.8  22.4  22.8  23.1  23.5 
 24.9  24.5  25.4  25.2  25.2  25.0  25.1  25.1  24.7  24.2  23.2  23.1  22.7  22.2  22.5  22.4  22.4  22.1  22.6  22.4  22.3  22.1  22.8  22.6  22.6  22.2  22.9  23.2  22.5  22.8  23.4  24.0 
 24.8  24.8  24.9  25.0  24.7  24.9  24.8  24.9  24.1  24.0  23.3  23.2  22.7  22.4  22.5  22.5  22.2  22.3  22.3  22.6  22.1  22.4  22.4  22.7  22.4  22.5  23.0  23.0  22.6  22.9  23.9  24.8 
 25.9  24.9  24.9  25.1  24.4  24.1  24.6  24.3  24.0  23.3  23.1  23.1  22.9  22.5  22.7  22.5  22.2  22.3  22.8  22.2  22.5  22.3  22.7  22.6  22.7  22.4  23.0  22.9  23.2  23.1  25.4  26.2 
 25.7  25.8  25.0  25.1  24.4  24.4  24.4  24.4  23.5  23.5  23.2  23.0  22.5  22.6  22.5  22.8  22.4  22.7  22.8  22.6  22.2  22.4  22.8  23.0  22.4  22.6  23.3  23.2  23.3  23.3  25.2  26.5 
