 30.9  30.2  29.8  30.2  29.3  28.9  28.3  28.2  29.2  29.7  29.5  29.2  27.4  26.2  24.3  24.6  24.0  24.0  24.1  24.6  24.3  24.0  24.4  24.5  24.5  24.4  25.0  25.5  25.7  25.5  27.0  28.3 
 30.9  30.5  30.3  29.8  29.0  29.0  27.9  26.7  27.5  27.8  28.0  27.3  25.7  25.1  24.6  24.2  23.9  24.0  24.3  24.2  24.0  24.4  24.4  24.4  24.3  24.8  25.2  25.1  25.6  25.9  26.7  27.5 
 31.4  30.7  30.9  30.6  29.3  28.5  27.5  26.1  24.5  24.2  24.8  24.8  24.2  23.9  24.4  24.3  24.1  24.0  24.0  24.1  24.2  24.1  24.2  24.4  24.7  24.7  25.3  25.8  26.0  25.8  26.4  27.2 
 31.1  31.1  31.2  30.8  29.6  29.0  27.5  25.9  24.2  24.0  24.5  24.1  23.9  24.1  24.4  24.3  24.0  24.1  24.2  24.0  24.0  24.1  24.5  24.4  24.5  25.0  25.8  26.2  26.0  26.3  26.8  26.4 
 29.6  29.4  29.1  29.0  28.5  27.9  26.4  25.3  24.2  24.0  24.1  24.2  24.0  23.9  24.3  24.2  24.1  23.9  24.1  24.2  24.0  23.9  24.2  24.4  25.2  25.7  26.5  27.0  26.9  26.7  26.7  27.2 
 29.7  29.7  28.9  28.6  28.0  28.0  25.9  24.8  24.0  24.3  24.2  24.4  23.9  24.0  24.3  24.1  24.1  24.1  24.2  24.0  23.8  23.9  24.5  24.5  25.5  26.4  27.4  27.7  26.9  27.2  27.4  26.9 
 30.0  29.8  29.3  29.3  27.5  26.2  24.3  24.2  24.2  23.9  24.0  24.3  24.0  23.9  24.0  24.4  24.2  24.0  24.1  24.3  24.3  23.9  24.5  24.8  28.3  29.2  29.5  29.6  28.0  27.5  27.2  27.4 
 28.9  29.4  29.1  28.6  26.1  25.2  24.4  24.2  24.1  24.1  24.2  24.1  24.0  24.0  24.1  24.1  24.2  24.1  24.4  24.2  23.9  24.1  25.0  26.3  32.8  33.4  31.5  30.3  28.2  28.1  27.4  26.6 
 27.5  26.9  26.9  26.6  24.8  24.0  24.1  24.5  24.1  23.9  24.1  24.3  24.1  23.9  24.0  24.3  24.2  24.2  24.3  24.3  24.4  24.3  36.7  50.2  63.7  58.6  38.2  33.8  29.4  28.7  27.6  27.3 
 26.9  26.8  26.2  25.4  24.3  24.2  24.2  24.3  23.8  23.8  24.2  24.1  24.0  23.9  24.3  24.1  24.0  24.2  24.5  24.2  24.3  25.0  51.6  69.1  83.1  74.0  42.8  35.4  29.4  28.8  28.2  27.5 
 26.3  25.6  24.6  24.6  24.4  24.1  24.1  24.3  24.1  23.9  24.1  24.2  24.0  23.9  24.0  24.2  24.1  23.9  24.2  24.2  24.9  26.9  63.6  73.8  76.6  72.1  45.3  37.1  30.2  29.1  27.7  27.8 
 25.3  24.8  24.5  24.2  24.0  24.2  24.2  24.2  24.0  23.9  24.2  24.1  23.9  23.9  24.1  24.0  24.0  24.0  24.3  24.2  24.6  26.2  60.4 nan  66.6  60.0  41.7  36.2  30.3  29.3  27.8  27.6 
 24.9  24.3  24.4  24.7  24.3  24.0  24.1  24.5  24.1  23.9  24.1  24.2  23.9  23.9  24.1  24.2  24.1  23.9  24.2  24.2  24.2  24.2  34.0  43.4  47.9  44.0  33.8  32.2  29.6  28.7  27.6  27.6 
 24.1  24.5  24.4  24.5  24.0  24.2  24.4  24.3  24.0  24.0  24.2  24.0  23.9  23.9  24.1  24.0  24.0  23.9  24.3  24.1  24.2  24.3  27.4  31.2  36.6  35.2  30.7  30.1  28.6  28.2  27.5  27.2 
 24.5  24.5  24.5  24.7  24.3  24.1  24.3  24.2  24.2  23.8  23.8  24.3  24.0  23.9  24.0  24.2  24.1  23.9  24.1  24.4  24.2  24.0  24.4  24.6  26.2  26.7  27.5  27.4  26.9  26.6  26.4  26.7 
 24.4  24.3  24.8  24.3  24.1  24.0  24.5  24.0  23.9  24.0  24.3  24.2  23.7  23.9  24.3  24.0  23.9  24.0  24.2  24.1  23.9  24.0  24.4  24.3  25.1  25.4  26.5  26.4  26.2  26.1  26.6  26.3 
 24.6  24.3  24.5  24.5  24.2  24.0  24.1  24.3  24.2  23.9  24.1  24.2  23.8  23.8  24.0  24.0  24.1  23.9  24.1  24.4  24.0  24.1  24.2  24.4  24.6  24.4  25.3  25.7  25.5  25.3  25.5  26.0 
 24.1  24.2  24.6  24.6  24.0  24.1  24.3  24.3  23.9  23.9  24.0  24.0  23.8  24.0  24.0  24.0  23.9  24.0  24.3  24.2  24.0  24.1  24.3  24.2  24.5  24.4  25.4  25.1  25.2  25.4  26.2  25.6 
 24.8  24.3  24.5  24.9  24.2  24.0  24.2  24.6  24.5  23.9  24.1  24.3  24.0  24.0  24.0  24.3  24.1  24.0  24.2  24.5  24.2  23.9  24.4  24.6  24.6  24.4  24.8  25.2  25.2  24.9  25.2  26.0 
 24.5  24.8  24.9  24.6  24.2  24.0  24.6  24.1  23.9  23.9  24.3  24.2  24.0  24.1  24.4  24.0  24.0  24.2  24.3  24.1  24.1  23.9  24.5  24.5  24.2  24.6  24.7  24.9  24.4  25.2  26.0  25.8 
 24.7  24.2  24.7  24.9  24.5  24.3  24.4  24.6  24.3  23.9  24.1  24.3  24.1  23.9  24.2  24.3  24.3  24.0  24.3  24.5  24.4  24.2  24.5  24.6  24.5  24.4  24.8  25.4  25.0  24.8  25.6  26.9 
 24.5  24.7  25.1  24.9  24.3  24.5  24.5  24.5  24.1  24.3  24.4  24.3  24.1  24.0  24.4  24.3  24.0  24.2  24.5  24.2  24.2  24.4  24.6  24.5  24.5  24.4  25.3  24.8  25.1  25.3  26.7  27.4 
 26.2  25.3  24.8  25.2  24.8  24.2  24.6  24.7  24.5  24.2  24.3  24.6  24.4  24.2  24.3  24.4  24.4  24.1  24.5  24.7  24.2  24.2  24.5  25.0  24.5  24.4  25.1  25.7  25.2  24.8  27.5  28.8 
 25.9  25.8  25.2  25.4  24.6  24.6  24.6  24.4  24.3  24.3  24.4  24.4  24.1  24.2  24.5  24.5  24.2  24.3  24.8  24.4  24.1  24.4  24.8  24.7  24.5  24.5  25.5  25.2  25.5  26.3  28.7  28.9 
