 23.5  22.5  22.7  22.6  22.6  22.1  22.2  22.3  22.1  21.9  22.1  22.2  22.0  21.9  22.1  22.3  22.1  21.9  22.2  22.1  22.3  22.2  22.4  22.7  22.2  21.9  23.0  23.4  23.3  22.9  23.9  24.4 
 22.8  22.9  22.7  22.9  22.6  22.2  22.5  22.4  22.3  21.9  22.3  22.2  21.8  21.9  22.2  22.0  21.7  21.7  22.1  22.0  22.1  22.0  22.1  22.2  22.2  22.3  23.0  23.6  23.1  23.0  23.6  24.0 
 23.2  22.6  22.7  22.6  22.2  21.8  22.3  22.1  22.3  22.1  22.3  22.2  22.0  22.0  22.2  22.3  22.0  21.8  22.1  22.1  22.2  21.9  21.8  22.2  22.3  22.2  22.4  22.9  23.1  22.5  22.8  22.9 
 22.5  22.8  22.5  22.5  22.1  22.1  22.3  22.5  22.1  22.1  22.3  22.4  21.9  21.7  22.1  22.0  22.0  22.0  22.2  22.1  22.0  22.0  22.3  22.0  22.1  22.4  22.8  22.5  22.3  22.6  22.9  22.9 
 22.6  22.3  22.4  22.5  22.3  22.2  22.4  22.6  22.8  22.8  22.5  22.3  22.0  21.8  22.1  22.1  22.0  21.8  21.9  22.0  21.9  22.0  22.1  22.4  22.2  22.1  22.6  22.6  22.4  22.4  22.7  22.8 
 22.6  22.6  22.6  22.4  22.2  22.6  22.5  22.4  23.0  23.5  22.5  22.4  21.9  21.9  22.1  22.1  21.8  21.8  22.1  22.0  21.8  21.9  22.2  22.0  22.2  22.0  22.5  22.5  22.2  22.4  22.7  22.9 
 22.5  22.6  22.5  22.7  22.2  22.1  22.5  22.8  24.9  25.8  23.7  22.8  22.0  22.0  22.0  22.0  21.9  21.7  22.1  21.9  22.0  21.9  22.2  22.5  22.2  22.1  22.3  22.4  22.5  22.4  22.6  22.8 
 22.7  22.5  22.6  22.5  22.2  22.3  22.8  22.9  25.1  26.4  24.0  22.7  21.9  21.9  22.0  22.0  21.8  22.0  22.1  21.9  22.0  22.0  22.3  22.1  21.9  22.1  22.5  22.3  22.3  22.2  22.6  21.9 
 22.7  22.6  22.7  22.9  22.3  22.3  22.5  22.5  22.8  22.9  22.6  22.4  22.1  21.8  22.0  22.2  22.0  21.8  22.1  21.9  22.0  21.9  22.1  22.2  22.3  21.9  22.5  22.5  22.7  22.3  22.6  22.9 
 22.9  22.6  23.1  23.0  22.7  22.5  22.6  22.4  22.4  22.4  22.4  22.3  21.9  22.1  22.1  22.1  22.0  22.0  22.0  22.2  21.8  21.9  22.1  22.1  22.1  22.4  22.5  22.6  22.4  22.6  23.1  22.7 
 23.4  23.0  23.6  23.7  23.6  23.0  22.7  22.6  22.4  22.3  22.3  22.2  22.0  22.1  22.1  22.2  22.0  21.8  22.0  22.1  22.0  21.9  22.1  22.2  22.0  22.1  22.8  23.4  23.0  22.6  22.6  22.8 
 23.0  23.3  23.8  23.9  24.2  23.8  23.6  23.2  22.7  22.5  22.4  22.2  22.0  22.1  22.1  22.0  21.9  22.0  22.1  22.0  21.9  21.9  22.3 nan  22.1  22.0  23.6  24.4  23.4  22.5  22.9  22.7 
 23.9  23.7  24.9  25.5  26.6  27.3  32.2  34.7  32.9  28.9  22.8  22.5  22.2  22.1  22.1  22.1  21.9  22.0  22.0  22.0  22.0  21.8  22.3  22.3  22.1  22.3  23.5  24.1  23.3  22.4  22.8  22.9 
 24.3  24.6  25.7  26.1  28.0  29.7  41.3  48.6  53.2  47.0  24.2  22.8  22.2  22.1  22.2  22.0  22.0  22.1  22.1  22.0  21.9  21.9  22.2  22.2  22.3  22.1  22.6  22.7  22.7  22.5  22.9  23.0 
 24.7  24.6  26.1  26.8  30.1  33.4  54.3  62.6  74.1  70.8  34.1  25.2  22.4  22.1  22.1  22.1  22.1  21.8  22.2  22.0  21.9  21.9  22.2  22.3  22.2  22.0  22.4  22.6  22.7  22.4  23.1  23.1 
 24.8  25.0  26.4  26.8  30.3  33.6  52.9  61.9  78.0  79.0  36.5  25.4  22.3  22.1  22.2  22.0  21.9  22.0  22.3  22.2  22.0  22.0  22.2  22.2  22.0  22.2  22.5  22.5  22.5  22.6  22.9  22.9 
 24.9  24.8  25.8  26.5  29.1  31.0  43.5  52.7  72.5  69.3  29.5  24.0  22.5  22.2  22.0  22.2  22.1  21.9  22.2  22.0  22.3  22.0  22.2  22.3  22.4  22.2  22.2  22.6  22.4  22.7  23.0  23.4 
 24.9  24.9  25.9  26.5  28.1  29.2  36.4  41.5  53.3  48.9  25.3  23.2  22.4  22.3  22.2  22.2  22.0  22.1  22.1  22.3  22.0  22.0  22.2  22.4  22.0  22.1  22.7  22.4  22.5  22.6  23.2  23.1 
 24.9  24.8  25.8  26.2  26.2  26.7  28.2  29.1  29.2  27.6  23.2  22.8  22.3  22.1  22.4  22.4  22.3  22.1  22.2  22.3  22.3  22.1  22.2  22.4  22.3  22.2  22.6  22.5  22.7  22.5  22.7  23.5 
 24.5  25.3  25.7  25.6  25.8  25.8  26.9  26.6  26.5  25.7  23.3  22.8  22.2  22.4  22.3  22.1  22.1  22.0  22.3  22.3  22.2  22.1  22.4  22.4  22.2  22.3  22.9  23.1  22.5  22.8  23.3  23.2 
 25.1  24.5  24.9  25.3  24.9  25.2  25.3  25.3  24.6  24.1  23.1  22.9  22.5  22.3  22.3  22.5  22.1  22.1  22.2  22.4  22.2  22.1  22.5  22.4  22.7  22.3  22.8  23.0  22.7  22.5  23.2  23.9 
 24.8  24.8  25.2  24.8  24.6  24.4  24.9  24.8  24.1  23.9  23.0  22.8  22.6  22.4  22.3  22.5  22.1  22.2  22.4  22.4  22.1  22.3  22.5  22.4  22.3  22.3  22.8  22.7  22.6  22.7  23.9  24.2 
 25.7  24.7  24.6  24.9  24.5  23.8  24.4  24.1  23.7  23.2  23.1  23.0  22.7  22.5  22.5  22.5  22.4  22.2  22.5  22.5  22.4  22.2  22.5  22.8  22.4  22.2  22.8  22.9  23.0  22.8  25.0  25.3 
 26.3  25.5  24.8  24.8  24.2  24.3  24.1  24.0  23.3  23.3  23.1  23.0  22.6  22.4  22.5  22.4  22.3  22.1  22.5  22.6  22.3  22.5  22.8  22.7  22.6  22.4  22.8  23.2  22.9  23.5  25.2  25.5 
