 23.3  22.7  22.6  22.8  22.3  22.3  22.4  22.6  22.4  22.2  22.4  22.4  22.0  21.8  22.2  22.4  22.1  22.0  22.1  22.3  22.2  21.9  22.3  22.3  22.2  22.2  22.9  23.2  23.3  23.5  23.6  24.8 
 23.2  22.7  22.7  22.7  22.6  22.2  22.2  22.5  22.3  22.2  22.4  22.2  22.3  22.0  22.2  22.0  22.1  22.0  22.4  22.1  22.4  22.1  22.1  22.3  22.3  22.2  22.9  23.8  23.4  23.0  23.6  23.7 
 22.6  22.9  22.7  22.9  22.4  22.0  22.4  22.4  22.4  22.3  22.2  22.3  22.0  21.9  22.0  22.2  22.1  21.9  21.9  22.2  21.9  22.1  21.9  22.5  22.6  22.6  22.6  22.8  22.8  22.7  22.8  23.3 
 22.5  22.4  22.7  22.7  22.3  22.2  22.6  22.4  22.4  22.2  22.4  22.4  21.9  21.9  22.1  22.0  22.0  21.9  22.2  22.1  22.0  22.0  22.3  22.4  22.2  22.2  22.7  22.5  22.8  22.6  22.9  23.2 
 22.8  22.5  22.7  22.8  22.4  22.2  22.3  22.6  22.9  23.0  22.6  22.5  22.0  21.9  21.8  22.0  21.8  21.9  21.9  22.4  22.0  21.8  22.1  22.2  22.1  22.2  22.6  22.7  22.4  22.4  22.7  23.0 
 22.7  22.6  22.6  22.4  22.2  22.5  22.8  22.4  23.0  23.6  22.8  22.4  22.1  22.0  22.1  22.2  22.0  21.8  22.0  22.0  22.2  21.9  22.0  22.3  22.4  22.3  22.5  22.6  22.7  22.5  22.8  22.6 
 22.8  22.4  22.4  22.5  22.4  22.3  22.4  22.8  24.7  25.9  23.7  22.7  22.1  22.1  21.9  21.9  22.0  22.0  22.1  22.2  22.0  22.1  22.1  22.4  22.2  22.1  22.2  22.5  22.5  22.4  22.6  22.6 
 22.7  22.5  22.6  22.5  22.2  22.2  22.7  22.8  25.2  26.4  24.0  22.5  22.1  22.1  22.1  22.0  22.1  21.8  22.1  21.9  22.1  21.9  22.3  22.2  22.3  22.2  22.6  22.5  22.5  22.6  22.5  21.9 
 22.9  22.8  22.7  22.7  22.5  22.4  22.6  22.6  22.9  23.0  22.6  22.3  22.1  22.1  21.9  22.2  22.0  21.9  22.0  22.0  21.9  22.1  22.1  22.2  22.2  22.3  22.4  22.6  22.5  22.7  22.6  23.1 
 23.0  22.6  23.0  22.8  22.9  22.3  22.6  22.5  22.4  22.6  22.5  22.2  22.0  21.9  22.1  22.0  22.0  21.8  22.0  21.9  22.0  22.0  22.1  22.2  22.4  22.3  22.5  22.5  22.7  22.6  22.8  22.3 
 23.7  23.3  23.3  23.6  23.5  23.2  22.8  22.6  22.5  22.5  22.2  22.2  22.2  22.1  22.1  22.0  22.1  22.0  22.1  22.1  22.0  22.1  22.0  22.1  22.1  22.1  23.1  23.3  23.0  23.0  22.9  22.9 
 23.4  23.5  23.7  23.9  24.2  24.2  23.8  23.1  22.6  22.5  22.5  22.2  22.1  22.0  22.1  22.0  22.1  22.1  22.1  22.0  22.0  22.0  22.2 nan  22.1  22.1  23.7  24.4  23.4  22.5  22.8  23.2 
 24.1  24.2  25.0  25.4  26.6  27.4  32.4  34.8  32.7  29.0  22.7  22.6  22.1  22.2  22.2  22.1  22.1  21.9  22.1  22.1  21.9  21.9  22.3  22.2  22.2  22.1  23.4  23.9  23.2  22.8  23.0  23.4 
 24.4  24.4  25.5  26.0  28.1  29.7  41.3  48.5  53.2  47.0  24.3  22.8  22.3  22.3  22.1  22.1  21.9  22.1  22.1  22.0  22.0  22.0  22.3  22.4  22.2  22.4  22.8  22.8  22.9  22.8  22.9  22.8 
 24.6  25.2  26.2  27.1  30.3  33.3  54.2  62.5  74.2  71.0  34.2  25.2  22.4  22.2  22.0  22.2  22.1  22.1  22.1  22.2  22.1  22.1  22.1  22.3  22.4  22.3  22.4  22.5  22.8  22.7  22.8  23.0 
 25.1  24.9  26.4  27.1  30.3  33.5  52.9  62.1  78.2  79.1  36.6  25.4  22.5  22.4  22.0  22.2  22.2  22.2  22.2  22.2  22.1  22.1  22.3  22.3  22.3  22.2  22.5  22.5  22.5  22.6  22.9  23.1 
 25.0  25.0  26.0  26.5  29.0  31.1  43.5  52.7  72.5  69.5  29.4  24.0  22.4  22.1  22.2  22.4  22.1  22.1  22.1  22.1  22.3  22.1  22.1  22.5  22.4  22.1  22.4  22.9  22.4  22.5  23.0  23.4 
 24.7  24.9  25.9  26.4  28.1  29.2  36.4  41.5  53.5  49.0  25.1  23.2  22.4  22.2  22.3  22.1  22.2  22.1  22.3  22.3  22.2  21.9  22.3  22.3  22.5  22.3  22.6  22.7  22.9  22.6  23.2  23.1 
 24.9  25.0  25.7  26.2  26.6  26.6  28.2  29.2  29.2  27.7  23.3  22.8  22.4  22.2  22.2  22.5  22.1  22.1  22.2  22.3  22.2  22.0  22.4  22.6  22.6  22.4  22.6  22.8  22.9  22.8  22.9  23.3 
 24.9  25.1  25.5  25.6  25.9  25.7  26.8  26.9  26.6  25.7  23.2  22.7  22.4  22.3  22.4  22.3  22.3  22.1  22.5  22.1  22.3  22.1  22.4  22.5  22.4  22.2  22.6  22.8  22.5  22.7  23.1  23.2 
 25.1  24.7  25.1  25.3  25.0  25.2  25.3  25.3  24.7  24.2  23.0  23.0  22.6  22.5  22.5  22.3  22.1  22.3  22.2  22.5  22.3  22.2  22.5  22.7  22.7  22.3  22.5  23.0  22.8  22.7  22.8  24.0 
 25.0  25.2  25.2  24.9  24.7  24.7  24.9  24.8  24.4  23.8  23.2  22.8  22.5  22.3  22.5  22.5  22.2  22.1  22.5  22.3  22.2  22.3  22.5  22.5  22.5  22.5  22.8  22.7  23.1  22.9  23.6  24.8 
 25.7  25.4  24.8  24.9  24.2  24.3  24.3  24.2  23.9  23.5  23.1  23.2  22.7  22.5  22.4  22.5  22.5  22.5  22.3  22.7  22.6  22.3  22.5  22.8  22.8  22.4  22.8  23.3  23.0  23.3  25.4  25.7 
 26.4  24.8  24.7  24.9  24.4  24.3  24.4  24.3  23.5  23.4  23.3  23.0  22.6  22.4  22.9  22.4  22.7  22.5  22.5  22.5  22.6  22.3  22.7  22.7  22.7  22.9  23.3  23.2  23.3  23.5  25.2  25.1 
