 30.0  29.4  31.7  30.5  32.2  32.2  32.2  32.2  29.8  30.1  25.7  25.1  24.2  24.0  24.2  24.3  24.0  23.8  24.1  24.1  24.0  23.9  24.5  24.6  24.2  24.4  25.1  25.2  25.8  25.5  26.6  27.9 
 29.3  29.5  29.8  31.2  31.6  32.2  31.9  32.1  30.5  28.3  25.3  24.9  24.0  24.1  24.3  24.2  24.1  23.7  24.3  24.3  24.2  23.8  24.4  24.5  24.3  24.5  25.1  25.4  25.4  25.7  26.9  27.7 
 29.3  28.9  30.0  29.1  31.5  30.4  31.5  30.2  28.3  26.2  24.4  24.3  24.1  24.0  24.3  24.2  24.0  23.8  24.1  24.2  24.1  24.0  24.4  24.4  24.5  24.6  25.4  25.7  26.0  26.1  26.3  26.7 
 29.2  28.8  28.7  29.8  29.1  30.5  29.1  29.9  25.9  24.8  24.4  24.2  23.9  23.9  24.0  24.2  24.0  23.8  24.3  24.1  24.1  24.0  24.5  24.5  24.7  24.6  25.9  26.2  26.0  26.0  27.1  27.3 
 29.1  28.6  26.8  25.4  27.7  25.4  26.8  25.0  24.5  24.1  24.1  24.3  24.1  24.0  24.1  24.2  23.9  24.0  24.1  24.0  24.0  23.9  24.4  24.6  25.0  25.5  26.8  27.0  26.6  26.7  26.9  27.0 
 28.9  28.2  26.4  25.4  24.4  25.3  24.4  24.7  24.1  24.0  24.0  24.2  24.1  24.0  24.0  24.3  24.1  24.0  24.3  24.0  24.1  23.9  24.4  24.5  25.8  26.1  27.4  27.6  27.0  27.0  27.2  27.4 
 28.5  28.6  25.7  25.1  24.3  24.0  24.3  24.4  24.2  23.8  24.1  24.3  23.9  23.9  24.1  24.3  23.9  24.0  24.3  24.3  24.1  23.9  24.7  25.1  28.4  29.4  29.9  29.6  28.0  27.3  27.5  27.6 
 28.8  27.8  25.8  24.9  24.3  23.9  24.3  24.4  24.0  23.9  24.2  24.2  24.1  24.0  24.4  24.2  24.1  23.9  24.1  24.2  24.2  24.0  25.1  26.8  33.2  33.4  31.7  30.6  28.2  28.0  27.4  26.8 
 28.2  27.4  25.1  24.4  24.0  24.0  24.2  24.3  23.9  24.0  24.3  24.3  24.0  23.9  24.0  24.2  24.0  24.1  24.3  24.4  24.2  24.4  38.0  51.7  64.3  59.1  38.2  33.5  29.2  28.5  27.8  27.3 
 27.5  26.5  24.8  24.7  24.0  23.9  24.2  24.3  24.1  24.0  24.3  24.2  23.7  23.8  24.1  24.2  24.0  24.0  24.4  24.3  24.3  24.9  53.2  70.3  83.6  74.0  42.6  35.1  29.3  28.7  28.2  27.5 
 25.9  24.6  24.5  24.5  24.0  24.0  24.2  24.4  23.9  23.9  24.0  24.1  23.9  23.9  24.2  24.1  24.0  23.9  24.2  24.3  24.8  27.1  64.5  74.5  76.4  71.8  44.8  36.7  30.1  28.9  27.9  27.7 
 24.5  24.1  24.6  24.6  24.1  23.9  24.3  24.3  24.0  23.8  24.2  24.2  23.9  23.8  24.1  24.2  23.8  23.8  24.3  24.4  24.6  26.3  60.7 nan  66.5  59.6  41.1  36.2  30.1  28.9  27.7  27.7 
 24.6  24.5  24.5  24.4  24.0  23.9  24.2  24.2  23.8  24.1  24.0  24.2  24.0  23.8  24.1  24.2  23.9  23.9  24.3  24.3  24.3  24.2  34.2  43.2  47.4  43.6  33.8  32.0  29.3  28.8  27.7  27.2 
 24.2  24.1  24.6  24.4  24.0  24.0  24.4  24.3  24.0  24.0  24.1  24.0  24.0  23.8  24.2  24.2  24.0  23.8  24.2  24.4  24.2  24.1  27.4  31.3  36.5  34.9  30.7  29.9  28.8  28.1  27.5  27.3 
 24.5  24.3  24.4  24.4  24.2  24.0  24.2  24.2  24.1  24.0  24.2  24.2  24.0  23.9  23.9  24.1  24.1  24.0  24.3  24.1  24.0  24.1  24.5  24.8  26.1  26.7  27.4  27.4  26.6  26.5  26.6  26.4 
 24.5  24.0  24.3  24.4  24.0  23.9  24.2  24.2  24.1  23.8  24.2  24.2  24.1  24.0  24.0  24.1  24.0  23.9  24.1  24.4  24.2  24.0  24.3  24.5  24.9  25.1  26.4  26.6  26.1  26.1  26.4  26.1 
 24.1  24.1  24.5  24.1  24.2  23.9  24.2  24.3  23.9  23.9  24.2  24.1  24.0  23.8  24.0  24.2  23.9  24.0  24.3  24.2  24.0  23.9  24.2  24.2  24.5  24.7  25.4  25.5  25.4  25.6  25.9  26.0 
 24.2  24.2  24.4  24.5  23.9  24.0  24.3  24.2  23.9  23.9  24.2  24.0  23.8  23.9  24.1  24.2  24.0  23.9  24.2  24.3  24.0  24.0  24.3  24.4  24.4  24.3  25.3  25.3  25.6  25.1  25.8  25.8 
 24.5  24.3  24.7  24.8  24.4  24.0  24.3  24.2  23.9  23.9  24.3  24.3  23.9  23.9  24.1  24.2  24.0  24.1  24.1  24.3  24.3  24.0  24.4  24.6  24.4  24.4  24.8  25.1  25.1  25.2  25.6  25.9 
 24.5  24.6  24.8  24.6  24.2  23.9  24.4  24.4  23.9  23.8  24.1  24.1  24.0  23.8  24.3  24.2  24.0  24.1  24.5  24.2  24.2  24.1  24.4  24.4  24.5  24.4  24.9  25.1  24.6  24.8  25.7  25.9 
 24.7  24.2  24.8  24.8  24.4  24.3  24.3  24.5  24.0  23.9  24.2  24.3  24.1  24.1  24.1  24.3  23.9  24.1  24.3  24.4  24.1  24.1  24.5  24.6  24.8  24.4  25.1  25.1  24.6  25.0  25.8  26.8 
 24.7  24.3  25.2  24.9  24.5  23.9  24.4  24.5  23.9  24.0  24.2  24.4  24.0  23.9  24.4  24.3  24.1  24.0  24.5  24.3  24.3  24.2  24.7  24.4  24.5  24.3  24.9  25.0  24.9  24.7  26.4  27.0 
 25.6  24.8  25.0  25.0  24.6  24.4  24.6  24.5  24.3  24.3  24.3  24.5  24.2  24.2  24.4  24.5  24.0  24.2  24.4  24.6  24.3  24.2  24.7  24.9  24.3  24.4  25.2  25.4  25.2  25.4  27.3  28.2 
 25.5  25.0  25.4  25.2  24.5  24.5  24.9  24.7  24.3  24.1  24.5  24.5  24.2  24.1  24.4  24.4  24.4  24.1  24.6  24.4  24.4  24.3  24.8  25.0  24.6  24.5  25.2  25.5  25.8  25.7  28.1  29.5 
