 23.7  22.3  22.9  22.6  22.3  22.1  22.5  22.6  22.4  21.9  22.6  22.2  22.0  21.8  22.2  22.2  22.1  21.9  22.1  22.3  22.3  22.0  22.3  22.4  22.4  22.0  22.9  23.2  22.8  22.9  23.6  24.1 
 22.8  23.0  22.7  22.9  22.4  22.2  22.2  22.4  22.1  22.3  22.2  22.3  22.0  22.1  22.1  22.2  22.0  21.9  22.1  22.1  22.1  22.0  22.2  22.1  22.3  22.5  23.0  23.8  23.4  23.2  23.6  23.7 
 23.0  22.6  22.8  22.7  22.4  22.0  22.4  22.2  22.2  22.1  22.4  22.2  22.1  22.0  22.2  22.1  22.0  21.9  22.1  22.3  22.1  22.0  22.1  22.4  22.4  22.2  22.3  22.8  22.9  22.5  23.3  23.1 
 22.5  22.4  22.5  22.6  22.1  22.2  22.5  22.9  22.4  22.2  22.3  22.3  22.1  21.8  21.7  22.2  22.0  22.0  22.1  22.1  21.9  22.1  22.2  22.2  22.3  22.4  22.4  22.7  22.5  22.4  23.1  23.3 
 22.6  22.6  22.7  22.6  22.5  22.2  22.4  22.3  22.8  22.8  22.8  22.4  22.0  21.9  22.1  22.1  22.0  21.8  22.0  22.0  21.9  21.7  22.2  22.3  22.3  22.0  22.4  22.4  22.4  22.4  23.0  22.8 
 22.5  22.6  22.6  22.5  22.3  22.5  22.5  22.7  23.0  23.4  22.8  22.4  21.9  21.8  21.9  22.0  21.9  21.9  22.1  22.1  22.1  21.9  22.2  22.2  22.4  22.1  22.2  22.5  22.5  22.3  22.7  22.9 
 22.5  22.3  22.7  22.6  22.5  22.1  22.8  22.8  24.7  25.8  23.8  22.9  22.1  22.0  22.1  22.1  21.9  21.7  22.1  22.0  22.1  22.0  22.4  22.2  22.2  22.1  22.3  22.5  22.5  22.2  22.8  22.8 
 22.5  22.5  22.3  22.9  22.4  22.4  22.7  23.0  24.9  26.4  24.1  22.7  22.1  22.2  22.0  22.1  22.0  21.9  21.8  22.0  21.9  22.1  22.2  22.2  21.9  22.1  22.3  22.5  22.6  22.3  22.6  22.1 
 23.0  22.6  22.9  22.5  22.4  22.3  22.5  22.6  22.9  22.7  22.8  22.3  22.0  22.0  22.2  22.2  22.0  21.9  22.1  21.9  22.1  22.0  22.3  22.2  22.2  22.1  22.4  22.4  22.4  22.4  22.8  22.7 
 23.0  22.9  22.8  23.1  22.5  22.4  22.5  22.6  22.5  22.6  22.4  22.5  22.0  21.9  22.0  22.0  21.9  22.0  22.1  22.2  22.0  22.0  22.2  22.2  22.2  22.1  22.6  22.8  22.2  22.6  23.1  22.7 
 23.4  23.2  23.7  23.7  23.4  23.1  22.7  22.6  22.5  22.3  22.4  22.2  22.2  22.0  22.2  22.0  22.0  21.8  22.2  22.1  22.2  22.0  22.3  22.3  22.2  22.2  23.0  23.3  23.4  22.6  23.2  22.9 
 23.2  23.3  23.6  24.0  23.9  24.2  23.3  23.5  22.6  22.4  22.5  22.4  22.0  22.0  22.0  22.2  21.9  21.9  22.0  22.1  22.0  22.1  22.1 nan  21.9  22.0  23.8  24.6  23.1  22.8  22.9  23.2 
 24.1  23.7  25.0  25.3  26.7  27.2  32.4  34.6  32.9  29.0  22.8  22.5  22.3  22.1  22.1  22.2  22.1  21.9  22.2  21.9  22.0  21.9  22.2  22.2  22.1  22.1  23.4  24.1  23.2  22.6  23.0  22.9 
 24.0  24.6  25.5  26.1  27.9  29.7  41.3  48.6  53.1  47.0  24.1  22.9  22.2  22.3  22.1  22.2  22.0  22.0  22.1  22.2  22.1  22.0  22.1  22.1  22.1  22.1  22.8  23.0  23.1  22.7  22.8  23.2 
 24.7  24.9  26.3  26.8  30.2  33.3  54.3  62.3  73.9  70.6  34.0  25.0  22.4  22.2  22.2  22.2  21.9  21.8  22.3  22.1  22.0  22.1  22.4  22.4  22.3  22.2  22.3  22.5  22.7  22.6  22.9  22.8 
 24.8  25.0  26.4  27.0  30.2  33.5  52.6  61.8  77.8  78.9  36.5  25.5  22.3  22.3  22.2  22.1  21.9  22.1  22.1  22.2  22.1  22.1  22.3  22.3  22.0  22.2  22.5  22.5  22.5  22.4  23.1  23.1 
 25.0  24.9  26.1  26.6  29.1  31.2  43.5  52.6  72.4  69.3  29.4  23.9  22.5  22.1  22.3  22.1  22.2  21.9  22.3  22.2  22.2  22.0  22.2  22.4  22.5  22.3  22.6  22.8  22.6  22.4  23.0  23.2 
 24.5  24.8  25.9  26.2  27.9  29.3  36.4  41.5  53.2  49.0  25.3  23.4  22.3  22.2  22.2  22.3  22.0  22.1  22.4  22.4  21.9  22.1  22.3  22.5  22.2  22.1  22.7  22.8  22.6  22.6  23.3  23.1 
 25.0  24.8  26.0  25.9  26.4  26.5  28.1  28.9  29.1  27.3  23.6  22.8  22.4  22.2  22.5  22.3  22.4  22.1  22.3  22.2  22.5  22.1  22.3  22.6  22.8  22.3  22.7  22.7  22.9  22.3  23.0  23.3 
 24.5  25.0  25.5  25.9  25.8  25.8  26.7  27.0  26.5  25.8  23.2  22.8  22.3  22.5  22.5  22.3  22.0  22.1  22.4  22.2  22.2  22.2  22.3  22.5  22.4  22.3  22.5  22.8  22.4  22.7  23.1  23.6 
 24.9  24.5  25.4  25.2  25.2  24.9  25.4  25.1  24.7  23.9  23.1  22.9  22.6  22.4  22.5  22.4  22.2  22.0  22.4  22.6  22.2  22.1  22.8  22.6  22.8  22.1  22.8  22.9  22.7  22.7  23.6  23.7 
 24.8  24.8  24.9  25.2  24.7  25.0  24.8  25.2  24.1  23.9  23.1  23.0  22.4  22.4  22.2  22.6  22.2  22.4  22.3  22.4  22.1  22.1  22.5  22.6  22.4  22.6  22.8  22.9  22.8  22.9  23.4  24.5 
 25.9  25.1  25.1  25.1  24.7  24.1  24.4  24.0  23.9  23.3  23.2  23.1  22.8  22.3  22.7  22.4  22.5  22.1  22.6  22.5  22.2  22.3  22.9  22.6  22.7  22.5  23.1  22.9  22.8  23.0  24.7  25.3 
 26.3  25.3  24.5  24.8  24.4  23.9  24.3  24.3  23.4  23.4  23.1  23.0  22.5  22.7  22.5  22.6  22.4  22.6  22.6  22.6  22.6  22.5  22.7  22.8  22.3  22.6  23.1  23.2  22.9  23.7  25.7  26.0 
