 30.8  29.8  29.8  29.5  29.2  28.7  28.9  28.0  29.1  29.6  30.1  29.4  27.9  26.9  25.0  24.4  24.2  24.1  24.4  24.1  24.1  24.2  24.5  24.5  24.5  24.6  25.2  25.0  25.6  25.7  27.1  27.2 
 30.4  30.0  29.2  29.6  28.8  28.7  28.0  27.2  27.3  27.6  28.2  28.0  26.4  25.5  24.3  24.6  24.1  24.0  24.1  24.6  24.3  23.9  24.3  24.5  24.7  24.3  25.0  25.7  25.5  25.5  26.6  27.9 
 30.9  30.7  30.6  30.0  29.1  28.2  28.1  26.4  24.5  24.4  25.1  24.7  24.3  24.2  24.5  24.2  24.2  24.1  24.2  24.2  24.1  24.3  24.4  24.5  24.5  24.5  25.5  25.5  26.1  25.9  26.7  26.9 
 30.5  30.4  30.3  30.6  29.4  28.9  27.5  26.8  24.3  24.1  24.5  24.6  24.1  24.1  24.2  24.4  24.3  24.0  24.2  24.4  24.2  24.1  24.3  24.6  24.6  24.7  25.9  26.3  25.9  26.3  26.7  26.9 
 29.0  29.0  28.5  28.2  27.9  27.7  26.7  25.4  24.2  24.2  24.3  24.2  24.1  24.0  24.5  24.3  24.0  24.0  24.2  24.2  24.1  24.0  24.7  24.5  25.2  25.6  27.1  26.9  26.7  26.7  27.3  26.8 
 29.6  29.5  28.5  28.5  28.1  27.8  26.0  25.0  24.2  24.1  24.2  24.4  24.1  24.0  24.2  24.5  24.3  24.0  24.3  24.4  24.1  24.0  24.3  24.7  25.8  26.2  27.4  27.6  27.1  27.3  27.2  27.3 
 30.0  29.7  29.5  28.8  27.3  26.5  24.7  24.3  24.0  24.0  24.4  24.2  24.2  24.0  24.4  24.2  24.1  24.1  24.6  24.3  24.2  24.0  24.9  25.0  28.3  29.3  29.9  29.3  28.1  27.6  27.6  27.1 
 28.7  29.4  29.0  29.0  26.6  25.2  24.4  24.6  24.1  23.9  24.3  24.4  24.2  24.0  24.1  24.4  24.4  24.1  24.3  24.3  24.1  24.4  25.1  26.5  32.9  33.3  31.5  30.7  28.4  28.1  27.6  27.0 
 27.1  26.8  26.8  26.2  24.9  24.4  24.4  24.2  24.1  23.8  24.3  24.1  24.1  24.0  24.3  24.2  24.1  24.3  24.4  24.1  24.3  24.4  36.8  50.1  63.6  58.8  38.4  33.7  29.1  28.8  27.6  27.2 
 26.8  26.3  26.0  25.6  24.4  24.1  24.2  24.6  24.0  24.0  24.2  24.4  24.1  24.1  24.1  24.3  24.2  24.2  24.2  24.6  24.3  24.9  51.5  69.5  83.2  74.1  42.7  35.4  29.6  28.7  27.7  27.9 
 26.6  25.8  24.8  24.4  23.9  24.1  24.4  24.2  24.1  24.1  24.3  24.1  23.9  24.0  24.3  24.0  24.1  23.9  24.4  24.4  24.7  26.8  63.8  74.0  76.7  72.4  45.3  37.0  30.0  29.1  28.1  27.3 
 25.5  24.6  24.4  24.7  24.0  24.1  24.3  24.5  24.2  24.0  24.1  24.3  24.2  23.9  24.0  24.3  24.1  24.1  24.2  24.6  24.8  26.1  60.3 nan  66.9  60.1  41.5  36.4  30.3  28.9  27.8  27.9 
 24.6  24.3  24.8  24.4  24.2  23.9  24.5  24.4  24.1  24.1  24.2  24.0  24.1  24.1  24.4  24.1  24.2  24.1  24.4  24.2  24.2  24.4  34.3  43.3  47.9  44.3  34.2  32.0  29.4  28.7  28.0  27.5 
 24.3  24.5  24.6  24.7  24.3  24.2  24.1  24.3  24.1  23.9  24.1  24.4  24.1  24.0  24.1  24.2  24.0  24.0  24.1  24.4  24.3  24.2  27.5  31.6  37.0  35.3  30.6  30.2  28.6  28.2  27.5  27.8 
 24.6  24.0  24.7  24.3  24.0  23.9  24.4  24.1  24.0  23.8  24.3  24.2  24.0  24.1  24.3  24.0  24.1  23.9  24.2  24.3  24.1  24.2  24.7  24.5  26.2  26.9  27.6  27.3  26.7  26.6  26.7  26.5 
 24.4  24.2  24.4  24.5  24.3  23.9  24.2  24.3  24.1  24.0  24.1  24.3  24.0  23.9  24.0  24.3  24.0  24.0  24.2  24.4  24.2  24.2  24.3  24.7  25.1  25.4  26.4  26.7  26.3  26.3  26.2  26.5 
 24.5  24.4  24.6  24.3  24.3  24.0  24.2  24.1  24.0  24.0  24.2  24.0  23.9  23.9  24.3  24.1  24.1  24.1  24.5  24.2  24.2  23.9  24.5  24.3  24.7  24.8  25.5  25.3  25.3  25.6  26.2  25.7 
 24.4  24.2  24.2  24.6  24.1  24.2  24.1  24.5  23.9  23.9  24.0  24.2  24.1  23.8  24.2  24.3  24.2  24.1  24.1  24.5  24.2  24.1  24.2  24.5  24.7  24.5  25.2  25.4  25.4  25.0  25.6  25.7 
 24.6  24.5  24.8  24.5  24.2  24.3  24.4  24.2  24.2  24.0  24.3  24.1  24.0  24.0  24.3  24.3  24.2  24.2  24.4  24.3  24.2  24.2  24.6  24.4  24.5  24.5  24.9  25.0  25.2  25.0  25.9  25.7 
 24.6  24.7  24.4  24.6  24.3  24.0  24.4  24.2  24.1  24.0  24.0  24.3  24.0  23.9  24.0  24.3  24.2  24.1  24.3  24.4  24.1  24.1  24.4  24.6  24.6  24.5  24.7  25.2  24.9  24.7  25.8  26.1 
 24.9  24.6  24.9  24.4  24.6  24.4  24.6  24.2  24.4  24.1  24.4  24.1  24.2  24.2  24.4  24.2  24.1  24.2  24.6  24.5  24.3  24.2  24.7  24.6  24.7  24.7  25.2  24.9  24.7  24.6  25.9  26.0 
 24.9  24.6  24.6  24.8  24.3  24.1  24.1  24.6  24.1  24.3  24.1  24.7  24.0  23.9  24.2  24.6  24.2  24.0  24.4  24.9  24.4  24.3  24.6  25.1  24.7  24.7  24.8  25.4  25.0  25.2  26.1  27.5 
 25.8  25.2  25.1  24.8  24.6  24.2  24.7  24.4  24.1  24.2  24.5  24.3  24.2  24.3  24.7  24.7  24.5  24.2  24.9  24.2  24.3  24.5  24.9  24.6  24.4  24.2  25.4  25.2  25.1  25.4  27.6  28.1 
 26.1  25.7  25.0  25.3  24.8  24.4  24.7  25.0  24.4  24.1  24.4  24.7  24.3  24.3  24.3  24.6  24.3  24.2  24.5  24.5  24.6  24.3  24.7  24.9  24.6  24.6  25.0  25.5  25.6  25.7  28.1  29.9 
