 23.2  22.8  22.9  22.9  22.4  22.4  22.3  22.7  22.2  22.3  22.2  22.3  22.0  21.9  22.0  22.5  22.1  22.0  22.2  22.5  22.3  22.1  22.3  22.4  22.3  22.1  22.7  23.7  23.1  23.1  24.1  25.7 
 23.1  22.1  23.2  23.0  22.8  22.5  22.5  22.7  22.2  22.2  22.6  22.4  22.2  22.0  22.3  22.1  22.0  21.9  22.3  22.2  22.2  22.1  22.4  22.4  22.6  22.2  23.1  23.9  23.4  23.2  24.0  23.9 
 22.8  22.9  23.1  22.8  22.2  22.2  22.5  22.6  22.4  22.3  22.4  22.5  22.0  21.9  22.1  22.4  22.0  21.8  22.2  22.3  22.3  22.1  22.1  22.5  22.3  22.2  22.7  22.9  22.7  22.8  22.9  23.5 
 22.6  22.6  23.0  22.8  22.6  21.9  22.8  22.6  22.7  22.3  22.6  22.4  22.2  21.9  22.2  22.1  22.1  21.8  22.4  22.1  22.0  22.1  22.4  22.5  22.3  22.2  22.8  22.6  22.8  22.6  23.6  23.5 
 22.8  22.6  22.5  22.9  22.4  22.2  22.4  22.9  22.8  23.0  22.6  22.6  22.0  21.8  22.2  22.2  21.7  21.9  22.0  22.2  22.1  22.0  22.3  22.6  22.3  22.3  22.4  22.7  22.6  22.5  23.0  23.5 
 22.8  22.5  22.7  22.7  22.4  22.2  22.8  22.5  23.2  23.3  23.0  22.4  22.0  21.9  22.3  22.0  21.9  21.8  22.3  22.0  22.1  22.0  22.4  22.1  22.4  22.2  22.7  22.7  22.4  22.4  23.5  22.9 
 22.6  22.5  22.5  22.7  22.3  22.4  22.7  23.1  24.6  25.9  23.7  22.9  22.0  21.9  21.9  22.2  21.9  21.9  22.0  22.2  22.1  22.2  22.3  22.4  22.2  22.2  22.7  22.7  22.4  22.5  22.6  23.1 
 22.5  22.6  22.7  22.8  22.4  22.5  23.0  23.0  25.1  26.5  24.1  22.6  22.2  22.0  22.2  22.1  22.0  21.8  22.1  22.2  22.1  22.0  22.5  22.5  22.2  22.1  22.6  22.5  22.7  22.3  22.9  22.1 
 23.1  22.9  22.8  22.9  22.5  22.3  22.4  22.8  22.7  22.8  22.5  22.4  22.0  22.1  22.1  22.4  21.8  22.0  21.8  22.2  22.1  22.1  22.3  22.3  22.2  22.2  22.7  22.7  22.4  22.5  22.7  23.0 
 23.1  22.7  23.3  22.8  22.9  22.3  22.9  22.5  22.6  22.5  22.6  22.3  22.2  22.0  22.2  22.1  21.9  21.8  22.2  22.2  22.1  21.8  22.3  22.1  22.3  22.2  22.7  22.8  22.6  22.3  23.4  22.8 
 23.2  23.4  23.4  23.8  23.3  23.3  22.8  23.0  22.5  22.6  22.3  22.4  22.0  21.9  22.2  22.2  22.1  22.0  22.2  22.3  22.1  22.2  22.3  22.3  22.1  22.1  23.0  23.5  23.2  23.0  23.1  23.2 
 23.6  23.4  24.1  23.9  24.3  24.1  23.9  23.2  22.6  22.5  22.4  22.5  22.1  22.0  22.2  22.2  22.1  21.9  22.3  22.2  22.0  21.9  22.4 nan  22.2  22.2  23.8  24.6  23.5  22.6  23.0  23.3 
 23.9  24.1  24.9  25.5  26.7  27.4  32.5  35.0  32.8  29.1  22.6  22.8  22.1  22.1  22.0  22.3  22.0  21.8  22.1  22.3  22.1  22.0  22.2  22.4  22.3  22.2  23.6  24.3  23.0  22.6  22.9  23.3 
 24.2  24.6  25.5  26.0  28.2  29.5  41.5  48.7  53.4  47.2  24.3  22.9  22.5  22.3  22.3  22.2  22.1  22.0  22.2  22.3  22.2  21.8  22.4  22.3  22.2  22.3  22.9  23.1  23.1  22.8  23.1  22.8 
 24.7  25.0  26.3  27.3  30.2  33.4  54.4  62.8  74.3  71.0  34.1  25.2  22.4  22.3  22.2  22.2  22.2  22.1  22.3  22.3  22.1  22.1  22.4  22.6  22.3  22.3  22.5  22.7  22.6  22.7  23.0  23.2 
 24.9  24.9  26.8  27.3  30.5  33.7  53.1  62.1  78.3  79.3  36.7  25.7  22.7  22.2  22.3  22.2  22.0  22.1  22.4  22.1  22.0  22.0  22.4  22.4  22.1  22.0  22.8  22.6  22.6  22.4  23.2  23.1 
 24.7  25.2  26.4  26.9  29.0  31.3  43.7  52.8  72.8  69.8  29.7  24.2  22.3  22.2  22.3  22.3  22.2  22.0  22.3  22.4  22.0  22.0  22.4  22.4  22.3  22.2  22.7  22.9  22.5  22.6  23.3  23.5 
 25.0  24.7  26.0  26.5  28.1  29.2  36.6  41.6  53.6  49.0  25.5  23.4  22.6  22.2  22.4  22.3  22.0  21.9  22.4  22.3  22.3  22.0  22.6  22.4  22.4  22.4  22.8  22.8  22.7  22.4  23.5  23.2 
 25.0  25.1  25.9  26.3  26.4  26.6  28.0  29.3  29.3  27.5  23.4  22.9  22.5  22.3  22.5  22.5  22.2  22.2  22.3  22.3  22.2  22.1  22.5  22.7  22.5  22.4  22.7  23.1  22.9  22.6  23.0  23.7 
 25.0  24.9  26.0  25.7  25.9  25.6  27.0  27.2  26.7  25.6  23.2  22.9  22.5  22.4  22.7  22.4  22.4  22.1  22.6  22.4  22.1  22.2  22.6  22.5  22.6  22.2  22.9  22.9  22.6  23.0  23.8  23.6 
 24.9  24.8  25.4  25.6  25.1  24.8  25.3  25.7  24.9  24.2  23.0  23.1  22.6  22.5  22.4  22.7  22.1  22.3  22.3  22.6  22.3  22.3  22.4  22.8  22.6  22.3  22.6  23.1  22.6  23.0  23.4  24.4 
 24.8  24.9  25.3  25.1  25.0  24.7  25.1  25.0  24.3  23.9  23.3  22.9  22.6  22.5  22.7  22.4  22.2  22.1  22.6  22.5  22.1  22.2  22.7  22.6  22.3  22.4  22.9  23.0  22.9  22.7  24.1  24.5 
 25.4  25.5  25.1  25.0  24.3  24.4  24.2  24.4  23.7  23.5  23.2  23.3  22.6  22.6  22.6  22.7  22.4  22.2  22.6  22.7  22.4  22.4  22.9  23.1  22.6  22.5  23.0  23.4  23.1  23.2  24.6  26.1 
 26.3  25.5  25.2  24.9  24.3  24.2  24.4  24.1  23.6  23.4  23.3  23.0  22.8  22.4  22.7  22.5  22.4  22.5  22.7  22.5  22.4  22.4  22.8  22.8  22.8  22.6  23.2  23.4  23.0  23.2  26.0  26.5 
