 23.0  22.3  23.3  22.6  22.4  22.5  22.5  22.4  22.2  21.8  22.3  22.3  22.1  21.7  22.2  22.3  22.1  22.1  22.5  22.3  22.0  22.3  22.5  22.4  22.5  22.3  23.0  23.4  23.1  22.7  23.8  24.4 
 22.7  22.6  22.9  23.1  22.4  22.0  22.5  22.4  22.4  22.2  22.3  22.4  22.1  21.8  22.2  22.2  21.8  21.8  21.9  22.3  22.2  21.9  22.0  22.5  22.4  22.5  23.0  24.1  23.2  22.8  23.8  24.2 
 23.0  22.4  22.8  22.8  22.2  22.0  22.4  22.5  22.3  22.2  22.4  22.4  22.0  21.9  22.1  22.3  22.1  21.9  22.2  22.2  22.0  22.0  22.5  22.5  22.3  22.3  22.8  22.7  22.7  22.5  23.1  23.5 
 22.8  22.2  23.0  22.9  22.5  21.9  22.4  22.6  22.5  22.2  22.4  22.4  22.1  22.0  22.0  22.4  22.0  21.8  21.9  22.4  22.1  22.0  22.2  22.3  22.2  22.3  22.7  22.8  22.1  22.6  23.0  23.5 
 22.6  22.4  22.8  22.8  22.3  22.3  22.4  22.7  22.9  22.6  22.6  22.6  21.9  21.8  22.2  22.1  21.8  21.8  22.2  22.2  22.1  22.0  22.2  22.3  22.2  22.0  22.5  22.4  22.5  22.4  22.8  23.2 
 22.6  22.6  22.6  22.8  22.3  22.2  22.7  22.9  23.3  23.4  22.8  22.6  21.9  22.0  22.0  22.2  22.1  21.8  21.9  22.1  22.0  22.0  22.3  22.4  22.5  22.1  22.2  22.8  22.7  22.4  23.1  23.1 
 22.8  22.4  22.5  22.8  22.5  22.3  22.9  23.1  24.9  25.8  23.7  22.7  22.2  21.9  22.1  22.1  21.8  21.9  22.1  22.1  22.1  22.2  22.2  22.4  22.1  22.1  22.5  22.5  22.4  22.0  22.7  22.7 
 22.8  22.3  22.4  22.6  22.4  22.2  22.6  23.1  25.2  26.5  24.0  22.8  22.1  21.9  22.1  22.2  22.0  22.0  21.9  22.2  22.2  22.0  22.3  22.6  22.2  22.2  22.3  22.8  22.4  22.6  22.6  22.2 
 22.8  22.4  22.9  22.6  22.5  22.4  22.6  22.6  22.8  22.8  22.7  22.4  22.0  22.0  22.2  22.2  21.9  21.9  22.2  22.1  22.1  21.9  22.1  22.3  22.1  22.1  22.5  22.6  22.4  22.5  22.8  22.7 
 23.0  22.7  23.0  23.3  22.7  22.6  22.5  22.7  22.4  22.3  22.3  22.4  22.1  22.0  22.1  22.0  21.9  22.0  22.2  22.3  22.2  22.0  22.2  22.2  22.1  22.3  22.4  22.8  22.6  22.5  22.9  23.1 
 23.3  23.4  23.8  23.6  23.3  23.0  22.9  22.7  22.5  22.4  22.4  22.3  22.0  21.9  22.2  22.2  22.0  21.9  22.2  22.0  22.2  22.1  22.3  22.3  22.2  22.3  23.0  23.1  23.1  22.7  23.1  23.0 
 23.3  23.5  23.9  24.0  24.2  24.1  23.6  23.5  22.6  22.5  22.3  22.6  22.2  22.1  22.2  22.2  22.0  22.0  22.0  22.2  22.1  21.9  22.2 nan  22.2  22.1  23.7  24.8  23.4  22.7  22.7  23.0 
 24.2  24.1  25.3  25.5  26.6  27.2  32.5  34.7  32.8  29.1  22.9  22.6  22.2  22.2  22.2  22.1  22.0  21.9  22.3  22.0  22.1  21.9  22.4  22.4  22.4  22.1  23.7  24.2  23.0  22.6  23.1  22.8 
 24.1  24.3  25.6  26.3  28.1  29.8  41.3  48.8  53.3  47.2  24.3  23.0  22.3  22.1  22.1  22.1  22.0  21.9  22.1  22.5  22.0  22.1  22.1  22.3  22.3  22.0  22.7  23.1  23.1  22.8  22.8  23.3 
 24.5  24.9  26.3  26.9  30.0  33.4  54.4  62.7  74.4  71.1  34.1  25.1  22.4  22.1  22.2  22.3  22.1  22.1  22.3  22.3  22.1  21.9  22.3  22.2  22.2  22.1  22.5  22.5  22.6  22.7  23.2  23.1 
 25.1  25.0  26.5  27.2  30.5  33.6  52.9  62.2  78.4  79.3  36.7  25.7  22.5  22.4  22.3  22.5  22.1  22.0  22.2  22.2  22.1  22.0  22.4  22.3  22.4  21.9  22.6  22.7  22.4  22.7  22.7  23.3 
 25.0  24.9  26.2  26.6  29.2  31.2  43.8  53.0  72.6  69.6  29.7  24.1  22.5  22.2  22.4  22.2  22.1  22.1  22.4  22.3  22.2  22.2  22.5  22.5  22.3  22.2  22.6  22.7  22.5  22.8  23.1  23.2 
 25.0  25.1  25.8  26.5  28.3  29.4  36.4  41.8  53.5  49.1  25.3  23.3  22.4  22.3  22.3  22.5  22.0  22.0  22.2  22.5  22.1  22.1  22.3  22.7  22.3  22.3  22.8  22.8  22.7  22.4  23.0  23.3 
 25.2  24.8  25.9  26.1  26.3  26.5  28.4  29.4  29.2  27.5  23.6  22.9  22.5  22.4  22.5  22.4  22.2  22.3  22.2  22.2  22.3  21.9  22.6  22.6  22.4  22.3  22.8  22.8  22.7  22.5  23.5  23.3 
 24.8  25.1  25.8  26.0  25.9  25.9  26.9  27.1  26.6  25.6  23.2  23.1  22.4  22.3  22.5  22.6  22.3  22.1  22.4  22.3  22.1  22.1  22.5  22.6  22.5  22.3  22.9  22.9  22.5  22.6  23.2  23.8 
 24.7  24.5  25.5  25.1  25.0  24.9  25.3  25.4  24.8  24.1  23.2  23.2  22.7  22.5  22.5  22.6  22.1  21.9  22.4  22.5  22.3  22.1  22.6  22.6  22.6  22.2  22.9  23.0  22.8  22.8  23.8  23.7 
 25.0  24.8  25.2  25.0  25.0  24.5  24.9  25.2  24.2  23.9  23.0  23.4  22.6  22.5  22.4  22.8  22.4  22.3  22.4  22.6  22.4  22.2  22.6  22.7  22.2  22.3  22.6  23.2  22.9  22.5  23.9  24.8 
 25.6  25.1  24.9  24.9  24.3  24.3  24.5  24.4  23.8  23.2  23.2  23.1  22.6  22.5  22.7  22.6  22.5  22.2  22.5  22.6  22.5  22.0  22.6  22.9  22.5  22.2  23.1  23.2  23.1  22.8  25.0  26.1 
 25.7  25.0  24.8  25.3  24.1  24.1  24.1  24.4  23.4  23.4  23.3  23.5  22.6  22.5  22.6  22.7  22.6  22.3  22.4  22.7  22.7  22.4  22.8  22.8  22.7  22.7  22.9  23.4  23.1  23.5  24.8  26.5 
