 29.4  29.2  29.8  29.7  29.7  30.5  31.8  31.8  31.2  30.8  29.1  27.7  24.3  24.0  23.9  24.2  23.9  23.9  24.1  24.5  24.0  24.2  24.2  24.4  24.2  24.5  24.8  25.5  25.7  25.5  26.9  27.9 
 29.7  29.2  29.4  29.3  29.6  30.1  31.4  31.2  30.6  29.8  27.7  26.0  24.4  24.0  24.3  24.1  24.1  23.9  24.4  24.2  24.3  23.8  24.4  24.4  24.3  24.4  25.2  25.2  25.4  25.4  26.7  27.1 
 29.3  29.5  28.9  28.7  26.3  27.5  28.9  28.7  27.4  26.8  24.8  24.4  24.0  24.0  24.0  24.4  24.0  24.2  24.1  24.2  24.1  24.2  24.1  24.3  24.3  24.7  25.2  25.7  25.8  26.0  26.2  26.9 
 29.6  28.8  28.5  28.0  25.2  25.0  26.8  27.0  25.9  25.2  24.5  24.3  24.1  23.9  24.2  24.1  24.1  24.0  24.1  24.1  24.1  23.9  24.3  24.4  24.8  24.7  25.8  25.7  26.0  26.0  26.7  26.8 
 29.4  29.5  28.3  27.8  24.5  24.4  24.2  24.4  24.1  24.2  24.0  24.2  23.9  24.1  24.2  24.2  23.8  24.0  24.0  24.2  24.0  24.1  24.2  24.4  25.0  25.6  26.7  26.9  26.8  26.7  26.7  27.0 
 28.7  28.3  28.0  27.1  24.4  24.2  24.3  24.3  24.1  24.0  24.1  24.2  24.1  23.8  24.1  24.1  24.0  23.8  24.2  24.1  24.2  23.9  24.4  24.4  25.8  25.9  27.4  27.4  27.1  27.3  27.0  26.9 
 29.0  28.6  27.3  26.3  23.9  24.1  24.1  24.3  23.9  24.0  24.0  24.2  24.0  24.1  24.0  24.2  24.0  24.1  24.1  24.3  24.0  24.0  24.5  25.1  28.4  29.3  29.6  29.4  27.7  27.6  27.5  27.2 
 28.8  28.3  26.5  25.7  24.3  24.0  24.2  24.1  23.9  23.8  24.2  24.1  24.1  23.9  24.2  24.1  24.2  23.9  24.2  24.1  24.1  24.0  25.2  26.9  33.2  33.4  31.6  30.4  28.6  27.7  27.4  26.4 
 26.7  26.4  24.9  24.7  24.0  24.1  24.0  24.2  23.9  24.0  24.1  24.3  23.9  24.0  24.0  24.3  24.1  24.1  24.2  24.2  24.2  24.6  37.9  51.7  64.3  59.1  38.0  33.5  29.2  28.5  27.6  27.4 
 26.1  24.9  24.5  24.4  24.2  23.8  24.2  24.1  24.0  23.8  24.3  24.1  24.0  23.8  24.2  24.2  24.2  24.1  24.2  24.3  24.5  24.9  53.2  70.1  83.6  74.0  42.6  35.1  29.6  28.6  28.0  27.3 
 24.4  24.4  24.4  24.3  23.9  24.0  23.9  24.4  23.9  23.9  24.1  24.0  24.0  23.9  24.2  24.1  23.9  23.9  24.1  24.3  24.8  27.3  64.3  74.5  76.5  71.8  44.6  36.8  30.0  29.0  27.9  27.4 
 24.4  24.2  24.4  24.4  24.3  23.9  24.3  24.1  24.0  23.7  24.1  24.0  24.1  23.9  24.0  24.1  24.1  24.0  24.0  24.2  24.8  26.3  60.8 nan  66.5  59.7  41.2  36.0  30.4  29.1  28.0  27.5 
 24.2  24.3  24.3  24.3  24.1  23.9  24.0  24.3  24.0  23.9  24.0  24.1  23.9  24.2  23.9  24.1  23.9  24.0  24.2  24.1  24.2  24.4  34.0  43.3  47.4  43.7  33.6  32.0  29.5  28.5  27.5  27.5 
 24.4  24.1  24.5  24.4  24.3  23.9  24.4  24.1  24.0  23.8  24.0  24.1  23.9  23.9  24.0  24.2  23.9  23.8  24.0  24.2  24.5  24.0  27.5  31.1  36.6  34.9  30.6  29.9  28.5  28.0  27.5  27.0 
 24.2  24.5  24.1  24.3  23.9  24.1  24.1  24.4  24.0  23.9  23.9  24.1  23.9  23.9  23.9  24.1  23.9  23.9  24.1  24.3  24.1  24.2  24.5  24.6  25.8  26.6  27.3  27.5  26.9  26.5  26.4  26.7 
 24.5  23.9  24.4  24.2  24.0  23.9  24.2  24.0  24.1  23.7  24.2  24.0  24.0  23.9  24.2  24.0  24.1  23.9  24.2  24.1  24.1  24.1  24.4  24.5  25.2  25.3  26.3  26.7  26.4  26.0  26.3  26.1 
 24.3  24.4  24.2  24.2  24.1  23.9  24.0  24.3  24.0  24.0  24.0  24.1  23.8  24.0  24.0  24.0  24.0  24.1  24.0  24.2  24.1  24.0  24.1  24.5  24.6  24.7  25.2  25.8  25.4  25.6  25.6  25.9 
 24.6  24.1  24.4  24.4  23.9  23.9  24.3  24.1  24.0  23.8  24.1  24.0  24.0  23.8  24.2  24.0  24.2  24.0  24.3  24.2  24.1  24.0  24.4  24.5  24.5  24.2  25.1  25.2  25.2  24.9  25.5  25.8 
 24.3  24.3  24.3  24.6  24.3  24.1  23.9  24.1  24.1  24.0  24.0  24.0  23.7  24.1  24.1  24.3  24.2  24.0  23.9  24.3  23.9  23.9  24.2  24.4  24.4  24.5  24.6  25.1  24.8  24.9  25.0  25.8 
 24.7  24.3  24.5  24.2  24.1  23.8  24.1  24.2  24.1  23.7  24.3  24.0  24.0  23.8  24.2  24.0  24.1  24.0  24.3  24.0  24.0  24.0  24.4  24.4  24.7  24.4  24.8  24.8  24.6  24.9  25.5  25.8 
 24.5  24.6  24.3  24.8  24.1  24.1  24.2  24.6  23.8  24.1  24.0  24.3  24.2  24.3  24.2  24.3  24.0  24.1  24.1  24.4  24.0  24.5  24.4  24.6  24.4  24.5  24.5  25.2  24.8  25.1  25.8  26.0 
 25.1  24.5  24.9  24.6  24.5  24.1  24.4  24.5  24.2  24.0  24.1  24.2  24.2  24.0  24.3  24.4  24.1  24.2  24.4  24.4  24.1  24.1  24.5  24.7  24.6  24.3  25.0  24.8  25.2  24.9  26.4  27.3 
 25.4  25.3  24.8  25.2  24.5  24.4  24.3  24.5  24.2  24.1  24.2  24.7  24.3  24.2  24.3  24.7  24.1  24.1  24.5  24.6  24.3  24.6  24.5  24.9  24.3  24.3  25.1  25.4  25.0  25.2  26.6  28.6 
 26.1  25.8  24.9  24.8  24.8  24.4  24.4  24.5  24.5  24.2  24.5  24.4  24.3  24.2  24.5  24.3  24.4  24.3  24.4  24.5  24.4  24.1  24.7  24.7  24.6  24.2  25.4  25.2  25.4  25.3  28.5  28.1 
