 23.4  22.6  22.9  22.9  22.6  22.7  22.6  22.5  22.2  22.1  22.4  22.3  22.3  22.0  22.1  22.3  22.0  22.3  22.4  22.5  22.4  22.2  22.5  22.5  22.3  22.1  22.8  23.3  23.3  22.7  23.8  25.3 
 23.1  22.4  23.0  23.0  22.4  22.5  22.7  22.4  22.2  22.3  22.5  22.5  22.0  22.1  22.1  22.0  22.0  21.9  22.3  22.3  22.3  22.2  22.4  22.5  22.1  22.4  23.1  24.2  23.2  23.2  23.8  23.9 
 22.9  22.7  22.9  23.0  22.3  21.9  22.5  22.7  22.4  22.1  22.1  22.5  22.0  21.9  22.1  22.3  22.3  22.1  22.1  22.2  22.0  22.0  22.2  22.7  22.3  22.2  22.7  22.9  22.9  22.6  23.1  23.3 
 22.8  22.5  23.1  22.8  22.2  22.0  22.6  22.6  22.5  22.3  22.7  22.4  21.9  21.8  22.2  22.2  22.0  21.8  22.2  22.2  21.9  22.0  22.1  22.3  22.3  22.4  22.8  22.6  22.4  22.7  23.4  23.3 
 22.9  22.6  22.5  22.9  22.4  22.2  22.5  22.7  22.9  22.8  22.5  22.7  22.2  21.9  22.1  22.1  21.9  21.9  22.1  22.3  22.1  22.0  22.3  22.5  22.4  22.2  22.6  22.8  22.5  22.4  22.8  23.5 
 22.8  22.5  23.0  22.8  22.3  22.3  22.7  22.7  23.2  23.5  22.8  22.5  22.1  22.1  22.2  22.1  22.2  21.8  22.2  22.3  22.1  22.2  22.3  22.4  22.3  22.3  22.6  22.6  22.6  22.6  22.9  23.1 
 22.6  22.5  22.6  22.8  22.3  22.3  22.8  23.1  24.8  26.0  23.7  23.0  22.1  21.9  22.1  22.3  21.9  21.8  21.9  22.2  22.2  22.2  22.2  22.6  22.3  22.0  22.5  22.6  22.5  22.4  23.0  22.9 
 22.6  22.7  22.7  22.7  22.4  22.3  23.0  23.0  25.1  26.7  24.2  22.8  22.2  22.0  22.3  22.1  21.9  22.0  22.1  22.1  22.0  22.0  22.5  22.2  22.0  22.1  22.7  22.6  22.4  22.4  22.8  21.9 
 23.1  22.7  22.8  22.8  22.6  22.3  22.6  22.8  22.7  22.9  22.8  22.4  22.1  22.2  22.2  22.4  21.9  21.9  22.1  22.2  21.9  22.0  22.3  22.4  22.3  22.1  22.6  22.9  22.6  22.4  22.9  23.0 
 23.0  23.0  22.9  22.9  22.8  22.4  22.8  22.7  22.6  22.6  22.6  22.4  22.1  22.1  22.2  22.2  22.1  21.9  22.2  22.2  22.1  22.0  22.4  22.2  22.2  22.3  22.8  22.7  22.5  22.6  23.2  22.9 
 23.5  23.3  23.5  23.8  23.4  23.1  23.0  22.9  22.6  22.4  22.4  22.4  22.1  22.1  22.2  22.2  22.0  21.8  22.2  22.1  22.0  21.9  22.2  22.3  22.2  22.4  22.9  23.5  23.2  22.9  23.2  23.0 
 23.1  23.4  24.0  24.1  24.4  24.2  23.6  23.2  22.6  22.4  22.5  22.4  22.1  22.0  22.2  22.2  21.9  21.9  22.2  22.1  22.1  22.0  22.2 nan  22.2  22.3  24.0  24.6  23.6  22.7  23.1  22.8 
 24.2  24.0  25.0  25.6  26.7  27.2  32.6  35.0  33.0  29.1  22.9  22.6  22.2  22.0  22.3  22.2  22.1  21.9  22.2  22.3  22.2  21.9  22.2  22.5  22.3  22.2  23.5  24.3  23.3  22.5  22.9  23.3 
 24.3  24.3  25.7  26.0  28.1  29.6  41.5  48.8  53.4  47.3  24.4  22.9  22.3  22.2  22.2  22.4  21.9  22.0  22.3  22.3  22.1  21.9  22.4  22.3  22.2  22.3  22.7  23.1  22.8  22.6  23.0  23.3 
 25.0  24.9  26.3  27.0  30.0  33.4  54.1  62.5  74.3  71.1  34.2  25.2  22.3  22.2  22.3  22.3  22.1  22.1  22.3  22.2  22.0  22.0  22.5  22.3  22.3  22.0  22.7  22.7  22.9  22.5  22.9  23.4 
 24.9  25.1  26.7  27.3  30.5  33.7  53.0  62.0  78.4  79.3  36.8  25.7  22.5  22.3  22.4  22.3  22.1  22.0  22.1  22.3  22.1  22.0  22.3  22.5  22.1  22.2  22.7  22.7  22.3  22.5  23.2  23.2 
 24.8  24.9  26.2  26.4  29.1  31.2  43.7  52.9  72.9  69.7  29.6  24.0  22.3  22.3  22.2  22.3  22.3  22.1  22.4  22.3  22.3  22.1  22.3  22.4  22.5  22.3  22.7  22.9  22.5  22.6  23.1  23.5 
 25.0  24.7  26.1  26.3  28.1  29.2  36.5  41.7  53.6  49.1  25.5  23.3  22.5  22.4  22.5  22.3  22.2  22.0  22.3  22.3  22.2  22.2  22.5  22.4  22.3  22.3  22.7  22.9  22.7  22.8  23.3  23.4 
 25.0  24.7  26.1  26.3  26.2  26.4  28.2  29.3  29.3  27.7  23.5  23.1  22.4  22.3  22.4  22.5  22.2  22.1  22.3  22.5  22.2  22.2  22.6  22.8  22.4  22.3  22.6  23.1  22.7  22.6  23.3  23.7 
 24.8  25.2  25.6  26.0  25.7  25.9  27.1  26.9  26.6  25.7  23.2  23.0  22.4  22.3  22.3  22.3  22.3  22.2  22.5  22.4  22.2  22.3  22.7  22.8  22.3  22.6  22.7  22.9  22.6  22.8  23.6  23.4 
 25.1  24.5  25.2  25.4  25.0  25.0  25.2  25.5  24.8  24.1  23.4  23.2  22.8  22.4  22.5  22.5  22.4  22.1  22.4  22.8  22.3  22.2  22.8  22.7  22.6  22.4  23.0  23.3  22.8  22.6  23.4  24.4 
 25.2  24.6  25.2  25.1  24.8  24.8  25.0  25.1  24.2  23.8  23.3  23.1  22.6  22.5  22.6  22.6  22.3  22.3  22.6  22.5  22.0  22.2  22.8  22.8  22.3  22.4  23.0  23.0  22.9  22.9  24.3  25.1 
 25.6  25.1  24.9  25.0  24.6  24.2  24.5  24.2  23.9  23.4  23.3  23.2  22.7  22.5  22.7  22.8  22.4  22.3  22.7  22.5  22.4  22.2  22.9  22.8  22.6  22.5  22.9  23.5  23.3  23.4  24.6  26.1 
 26.3  25.7  25.1  25.1  24.3  24.2  24.5  24.4  23.6  23.5  23.4  23.5  22.5  22.5  22.7  22.7  22.5  22.5  22.5  22.7  22.3  22.4  22.9  22.9  22.4  22.5  23.2  23.3  23.2  23.7  26.5  27.0 
