 25.4  24.2  25.1  24.6  24.4  24.2  24.6  24.3  24.2  23.9  24.6  24.3  24.1  23.9  24.1  24.1  23.9  23.9  24.2  24.0  23.9  23.9  24.3  24.6  24.4  24.1  24.7  24.9  25.2  25.0  26.9  26.9 
 24.5  24.9  24.9  24.9  24.4  24.1  24.1  24.5  24.1  24.2  24.3  24.2  24.0  24.0  24.2  24.0  23.9  23.8  24.1  24.2  24.1  24.2  24.2  24.7  24.2  24.5  24.8  25.1  25.1  25.4  26.0  26.9 
 24.8  24.4  24.8  24.4  24.4  24.0  24.5  24.1  24.1  23.8  24.3  24.2  24.0  24.0  24.1  24.2  24.0  23.8  24.0  24.1  24.0  24.1  24.2  24.3  24.3  24.3  25.0  25.0  25.4  25.5  26.2  26.3 
 24.5  24.3  24.7  24.4  24.2  23.8  24.2  24.4  24.0  23.8  24.1  24.1  24.0  23.9  24.0  24.1  24.0  23.8  24.2  24.3  23.8  24.1  24.1  24.2  24.2  24.4  24.9  25.5  25.5  25.9  26.0  26.8 
 24.6  24.3  24.6  24.3  24.2  24.3  24.2  24.2  24.1  23.7  24.2  24.0  24.1  23.8  24.2  24.0  23.9  23.9  24.1  24.0  24.0  23.8  24.4  24.4  24.3  24.6  25.8  26.1  26.2  26.2  27.1  26.5 
 24.1  24.4  24.2  24.5  24.1  24.3  24.1  24.1  23.8  23.9  23.9  24.1  23.8  23.9  24.0  24.2  24.1  24.0  24.0  24.0  24.2  24.1  24.1  24.2  24.4  24.9  26.2  26.6  26.9  26.7  26.7  26.7 
 24.1  24.1  24.5  24.5  24.2  23.9  24.0  24.1  24.2  23.8  24.2  24.1  24.0  23.8  24.1  24.0  24.0  23.9  24.0  24.1  24.0  23.9  24.3  24.2  25.7  26.6  28.3  28.3  27.8  27.2  27.3  26.9 
 24.2  24.4  24.2  24.5  24.2  24.0  24.0  24.1  23.9  23.8  24.0  24.1  23.9  24.0  24.0  24.2  24.1  24.0  24.2  24.1  23.9  24.0  24.2  24.6  27.0  28.6  29.8  29.5  28.1  27.7  27.0  26.8 
 24.5  24.0  24.6  24.1  24.1  23.8  24.2  24.1  24.1  23.8  24.1  23.9  23.8  23.9  24.2  24.1  24.1  23.9  24.3  24.3  24.2  24.2  26.9  30.9  46.1  45.7  35.8  33.0  29.1  28.3  27.7  27.3 
 24.2  24.2  24.2  24.4  24.2  23.7  24.0  24.2  23.8  23.9  23.8  24.1  23.8  24.0  24.1  24.2  24.0  24.1  24.2  24.2  24.1  24.2  33.4  48.6  67.5  62.6  41.5  35.3  29.4  28.6  27.9  28.0 
 24.4  24.2  24.4  24.3  24.0  23.9  24.1  24.1  24.0  24.0  24.1  24.1  23.9  23.7  24.1  24.0  24.0  23.8  24.2  24.2  24.5  24.9  56.6  71.0  87.4  83.4  49.2  38.6  30.2  29.3  28.0  27.5 
 24.2  24.2  24.2  24.3  23.9  23.9  23.9  24.2  23.8  23.8  23.9  24.2  23.9  23.8  23.9  24.1  23.9  24.0  24.1  24.3  24.3  25.3  58.9 nan  76.2  73.2  48.3  39.0  30.3  29.2  27.8  27.5 
 24.5  23.9  24.4  24.1  23.9  23.9  24.3  24.1  23.9  23.9  24.1  23.9  23.9  23.9  24.1  24.0  23.9  23.8  24.2  23.9  24.3  24.4  40.8  51.7  57.8  53.1  38.6  34.5  30.3  29.2  28.2  27.7 
 24.1  24.3  24.4  24.4  24.2  24.0  24.1  24.1  23.9  23.9  24.0  24.1  23.9  23.8  24.0  24.1  24.0  23.9  24.1  24.1  24.0  24.1  31.2  39.0  45.9  43.3  34.1  32.7  29.8  28.9  27.7  27.5 
 24.1  24.2  24.7  24.2  24.0  24.0  24.2  24.2  23.8  23.7  24.1  24.1  23.8  23.9  24.1  24.1  23.9  23.8  24.1  24.1  24.0  24.0  24.7  25.3  29.2  29.4  28.9  28.6  28.1  27.6  27.5  27.2 
 24.3  24.5  24.4  24.5  23.7  24.0  24.0  24.1  23.8  23.9  24.0  23.9  23.7  23.9  24.1  24.0  23.9  23.9  24.0  24.2  24.0  24.2  24.4  24.8  26.2  26.7  27.5  27.6  27.1  27.0  26.8  26.9 
 24.6  24.1  24.5  24.3  24.1  23.9  24.1  24.0  23.9  23.9  24.2  23.9  23.8  23.7  24.1  23.9  24.1  24.1  24.1  24.1  24.0  24.0  24.1  24.1  24.8  24.7  25.8  26.0  25.9  26.0  26.5  25.7 
 24.1  24.4  24.4  24.5  24.0  23.9  24.0  24.1  23.9  23.9  23.9  24.1  23.8  23.9  24.1  24.1  23.8  23.9  24.2  24.3  23.9  23.9  24.3  24.4  24.5  24.8  25.2  25.7  25.6  25.5  25.7  26.3 
 24.7  24.3  24.7  24.5  24.1  23.8  24.4  24.2  23.8  23.8  24.3  23.9  23.8  23.9  24.1  24.1  24.0  23.9  24.2  24.4  24.2  24.1  24.3  24.2  24.4  24.3  25.1  25.0  25.0  24.8  25.4  26.0 
 24.2  24.7  24.6  24.6  24.0  24.1  24.3  24.4  23.8  23.8  24.0  24.3  23.9  23.9  24.2  24.2  23.9  24.0  24.3  24.2  24.1  24.0  24.3  24.5  24.3  24.5  24.7  25.1  24.9  25.0  25.7  25.8 
 24.6  24.4  24.8  24.6  24.3  24.1  24.3  24.1  24.1  23.8  24.3  24.2  24.1  23.9  24.2  24.1  24.1  24.0  24.3  24.3  24.2  24.0  24.7  24.5  24.7  24.3  25.0  24.7  25.0  24.8  25.8  26.0 
 24.5  24.5  24.8  24.8  24.1  24.2  24.2  24.1  23.9  24.0  24.1  24.4  24.0  24.0  24.1  24.4  23.9  24.1  24.3  24.5  24.1  24.1  24.4  24.8  24.3  24.5  24.6  25.1  24.6  25.1  26.1  27.3 
 25.6  25.1  24.8  24.7  24.8  24.3  24.8  24.6  24.4  24.2  24.5  24.1  24.4  24.1  24.3  24.3  24.2  24.2  24.6  24.3  24.5  24.1  24.7  24.5  24.4  24.6  25.3  24.9  25.0  25.0  27.7  27.8 
 25.5  25.8  24.9  25.6  24.8  24.4  24.3  24.5  24.2  24.4  24.3  24.6  24.1  24.2  24.4  24.4  23.9  24.2  24.3  24.6  24.3  24.2  24.6  24.6  24.4  24.5  24.9  25.2  25.0  25.5  27.7  29.6 
