 23.2  23.0  22.7  22.9  22.4  22.7  22.3  22.5  22.3  22.4  22.4  22.4  22.1  22.0  22.0  22.3  22.0  22.0  22.2  22.3  22.2  22.1  22.2  22.5  22.2  22.4  22.7  23.7  23.5  23.3  23.8  24.7 
 23.5  22.6  23.0  22.9  22.7  22.5  22.6  22.4  22.5  22.0  22.5  22.1  22.2  22.1  22.5  22.1  22.4  21.9  22.3  22.1  22.6  22.2  22.2  22.2  22.7  22.6  23.0  24.0  23.7  23.2  23.8  24.2 
 22.9  22.9  23.1  22.7  22.3  22.6  22.2  22.5  22.2  22.2  22.3  22.4  21.9  22.1  22.2  22.1  22.0  22.1  21.8  22.3  22.0  22.2  22.1  22.2  22.4  22.5  22.7  23.2  22.7  22.8  22.9  23.5 
 23.0  22.5  22.8  22.6  22.5  22.2  22.4  22.7  22.5  22.2  22.5  22.5  22.2  21.8  22.1  22.1  22.1  21.9  22.1  22.0  22.2  22.1  22.5  22.3  22.4  22.3  22.6  22.6  22.9  22.9  23.2  22.9 
 22.6  22.9  22.7  22.7  22.4  22.5  22.5  22.7  22.9  23.1  22.4  22.6  22.1  22.0  22.0  22.1  21.9  22.0  21.8  21.9  22.1  22.3  22.2  22.1  22.3  22.4  22.4  22.4  22.5  22.5  22.8  23.0 
 23.1  22.5  22.7  22.6  22.7  22.3  22.7  22.8  23.3  23.5  22.9  22.5  22.2  22.0  22.2  22.1  22.1  21.8  22.1  22.0  22.0  22.0  22.3  22.2  22.4  22.1  22.6  22.4  22.6  22.6  22.7  22.7 
 22.9  23.0  22.6  22.7  22.4  22.5  22.8  23.0  24.7  26.1  23.7  22.7  22.1  22.1  22.0  22.1  22.0  22.1  21.9  22.0  22.1  22.1  22.2  22.3  22.3  22.1  22.4  22.6  22.4  22.6  22.7  22.9 
 23.0  22.6  22.5  22.6  22.8  22.3  22.9  22.9  25.5  26.8  24.1  22.8  22.3  22.2  22.3  22.0  22.2  21.9  22.1  22.0  22.2  21.9  22.4  22.2  22.3  22.2  22.5  22.3  22.4  22.6  22.9  22.1 
 23.1  23.0  22.6  22.5  22.4  22.4  22.6  22.7  23.0  23.0  22.7  22.4  22.1  22.1  22.0  22.2  21.9  22.1  22.3  22.2  22.3  22.2  22.2  22.2  22.3  22.3  22.5  22.6  22.6  22.5  22.9  22.8 
 23.3  22.9  23.2  22.9  22.9  22.3  22.7  22.6  22.8  22.6  22.5  22.2  22.1  22.0  22.1  22.0  22.0  22.0  22.0  22.1  22.2  21.9  22.3  22.1  22.3  22.2  22.6  22.5  22.7  22.6  23.0  22.6 
 23.3  23.6  23.4  23.7  23.4  23.3  23.0  22.8  22.5  22.5  22.4  22.3  22.3  22.2  22.2  22.1  22.0  22.1  22.2  22.0  22.0  22.0  22.2  22.3  22.1  22.4  22.9  23.2  23.2  23.1  22.9  23.0 
 23.6  23.3  23.7  23.7  24.3  24.2  23.7  23.0  22.8  22.5  22.5  22.3  22.1  22.2  22.2  22.0  22.3  22.2  22.2  22.3  22.2  22.2  22.1 nan  22.3  22.2  23.9  24.5  23.5  22.7  23.0  22.8 
 24.0  24.1  24.7  25.3  26.7  27.5  32.5  34.6  32.9  29.1  22.8  22.6  22.3  22.3  22.3  22.2  22.0  22.1  22.2  22.2  21.9  22.1  22.1  22.3  22.2  22.5  23.5  24.2  23.0  22.7  23.2  23.0 
 24.5  24.3  25.7  26.1  28.3  29.6  41.4  48.7  53.5  47.3  24.3  23.0  22.3  22.3  22.1  22.2  22.2  21.9  22.2  22.1  22.2  21.9  22.4  22.4  22.4  22.2  22.7  22.9  22.9  22.6  22.8  23.0 
 24.8  25.2  26.2  26.9  30.3  33.5  54.0  62.5  74.2  71.2  34.1  25.1  22.4  22.3  22.3  22.2  22.2  22.1  22.3  22.2  22.0  22.2  22.2  22.3  22.1  22.4  22.5  22.6  22.4  22.9  22.9  22.9 
 25.5  25.0  26.3  26.9  30.4  33.7  53.0  61.8  78.6  79.3  36.7  25.6  22.6  22.3  22.3  22.2  22.2  22.0  22.3  22.1  22.2  22.1  22.4  22.2  22.4  22.1  22.6  22.4  22.8  22.8  23.2  22.9 
 24.8  25.5  26.2  26.5  29.0  31.3  43.8  52.8  72.8  69.8  29.5  24.0  22.4  22.4  22.3  22.1  22.3  22.3  22.3  22.3  22.2  22.2  22.2  22.4  22.4  22.2  22.6  22.7  22.7  22.6  23.0  23.2 
 25.1  24.9  26.1  26.3  28.3  29.1  36.5  41.6  53.8  49.3  25.4  23.2  22.6  22.3  22.3  22.3  22.2  22.2  22.4  22.4  22.3  22.1  22.5  22.4  22.7  22.2  22.7  22.6  22.8  22.7  23.0  23.1 
 25.0  25.2  25.8  26.1  26.2  26.9  28.2  29.0  29.3  27.6  23.6  23.0  22.4  22.4  22.3  22.4  22.2  22.2  22.3  22.4  22.2  22.1  22.6  22.5  22.4  22.7  22.5  22.8  23.0  22.9  23.0  23.5 
 25.0  25.1  25.6  25.5  25.9  25.8  27.1  27.0  26.6  25.6  23.2  23.0  22.6  22.4  22.4  22.2  22.2  22.3  22.3  22.2  22.2  22.0  22.5  22.5  22.7  22.4  22.9  22.6  23.1  22.9  23.2  23.6 
 25.2  24.8  25.1  25.3  25.3  25.2  25.2  25.2  24.8  24.2  23.2  23.0  22.4  22.6  22.5  22.4  22.1  22.2  22.3  22.3  22.3  22.3  22.7  22.7  22.5  22.4  23.0  23.0  22.9  22.8  23.4  23.9 
 25.0  24.6  25.0  25.0  25.0  25.0  25.0  24.9  24.3  23.8  23.2  23.0  22.6  22.3  22.4  22.4  22.5  22.4  22.6  22.3  22.5  22.3  22.6  22.4  22.6  22.5  23.0  23.0  23.0  23.2  24.1  24.2 
 25.6  25.5  24.7  25.0  24.6  24.7  24.2  24.2  23.8  23.8  23.1  23.0  22.7  22.6  22.4  22.6  22.6  22.3  22.6  22.5  22.7  22.4  22.7  22.7  22.5  22.8  22.9  23.2  22.9  23.6  25.0  26.1 
 26.6  25.7  24.4  25.1  24.3  24.2  24.4  24.1  23.6  23.3  23.1  23.2  22.9  22.6  22.7  22.5  22.6  22.3  22.6  22.6  22.6  22.3  22.6  22.6  22.8  22.7  23.0  23.3  23.5  23.5  25.2  26.0 
