 29.7  29.4  29.8  30.2  30.1  31.0  32.2  32.3  31.6  31.3  30.2  28.9  24.8  24.3  24.1  24.3  23.9  24.0  23.7  24.4  24.1  24.4  24.2  24.7  24.5  24.4  25.0  25.4  25.5  25.9  26.2  28.5 
 30.1  29.4  29.9  29.5  30.0  30.6  31.5  31.5  31.0  30.5  29.0  27.2  24.3  24.0  24.4  24.3  24.0  23.9  24.4  24.1  24.2  23.9  24.5  24.4  24.5  24.5  25.3  25.4  25.4  25.2  26.9  27.1 
 29.8  29.4  28.9  28.8  27.0  27.5  29.4  29.3  28.4  27.6  25.6  24.9  23.9  24.1  24.1  24.5  23.9  24.0  24.1  24.2  23.9  24.1  24.0  24.6  24.6  24.7  25.3  25.9  25.7  25.8  26.4  26.7 
 29.6  29.1  28.9  27.8  25.2  25.2  27.2  27.5  26.5  25.9  24.6  24.4  24.1  23.9  24.3  24.3  24.2  23.8  24.4  24.2  24.1  24.2  24.4  24.4  24.6  24.6  26.0  25.9  26.5  26.0  26.9  26.8 
 29.4  29.2  28.0  27.8  24.7  24.5  24.4  24.6  24.3  24.1  24.1  24.3  24.0  24.1  24.1  24.3  23.9  24.1  24.1  24.3  24.1  24.0  24.2  24.5  24.9  25.5  26.7  27.0  26.6  26.8  26.7  27.3 
 28.9  28.3  28.1  27.1  24.6  24.2  24.5  24.4  24.1  23.8  24.3  23.9  24.1  24.0  24.3  24.2  24.2  24.1  24.2  24.0  24.2  23.9  24.4  24.5  26.0  26.3  27.6  27.6  27.2  26.9  27.2  27.2 
 28.8  28.5  27.1  26.7  24.1  24.3  24.1  24.4  24.0  24.0  24.0  24.2  24.0  24.0  24.1  24.4  24.0  24.1  24.1  24.4  24.2  24.1  24.6  25.3  28.4  29.4  29.6  29.6  27.9  27.6  27.5  27.4 
 29.4  28.6  27.0  25.8  24.3  24.0  24.4  24.2  24.2  23.9  24.3  24.2  24.1  24.2  24.2  24.2  24.2  24.0  24.4  24.0  24.2  23.9  25.0  26.7  33.3  33.6  31.7  30.5  28.6  28.0  27.6  26.5 
 27.8  27.3  25.5  24.7  24.0  24.1  24.1  24.4  24.1  23.9  24.0  24.3  24.1  24.0  24.0  24.4  23.9  24.2  24.1  24.2  24.2  24.5  38.0  52.0  64.5  59.3  37.9  33.8  29.2  28.5  27.7  27.6 
 26.6  26.1  25.1  24.4  24.2  23.9  24.2  24.1  24.1  24.0  24.3  24.1  24.2  23.9  24.2  24.2  24.1  24.0  24.3  24.3  24.6  24.8  53.2  70.3  83.8  74.2  42.5  35.2  29.5  28.6  28.1  27.5 
 24.4  24.6  24.4  24.5  24.1  24.2  24.0  24.2  24.0  23.9  24.1  24.2  23.9  24.0  24.1  24.2  23.9  24.0  24.1  24.2  24.7  27.3  64.5  74.7  76.6  71.9  44.8  36.9  29.9  29.2  27.4  27.7 
 24.5  24.2  24.5  24.1  24.2  23.9  24.2  24.2  24.1  23.8  24.1  24.0  24.0  23.8  24.2  24.2  24.0  23.9  24.2  24.1  24.7  26.4  60.9 nan  66.7  59.6  41.3  36.2  30.4  29.1  27.7  27.3 
 24.5  24.2  24.4  24.5  24.1  23.8  24.3  24.4  23.9  24.1  24.1  24.2  23.9  24.0  23.9  24.3  24.1  23.9  24.1  24.2  24.3  24.3  34.1  43.5  47.4  43.6  33.8  31.8  29.4  28.6  27.5  27.7 
 24.5  24.1  24.5  24.4  24.3  23.9  24.6  24.2  23.9  23.8  24.1  24.1  24.0  23.9  24.1  24.1  23.8  23.9  24.3  24.3  24.4  24.0  27.4  31.3  36.6  35.0  30.7  29.9  28.7  27.9  27.7  27.2 
 24.2  24.5  24.4  24.6  24.1  24.2  24.0  24.3  23.9  24.1  24.1  24.3  24.0  24.0  24.0  24.1  24.0  24.0  24.1  24.4  24.0  24.3  24.4  24.8  26.2  26.8  27.3  27.4  26.6  26.8  26.3  26.6 
 24.5  24.0  24.5  24.3  24.1  24.0  24.1  24.1  24.2  23.9  24.1  23.9  24.0  23.8  24.1  24.2  24.1  23.9  24.2  24.2  24.3  24.1  24.4  24.3  25.1  25.4  26.6  26.7  26.5  26.0  26.4  26.3 
 24.3  24.4  24.1  24.5  24.1  23.9  24.0  24.2  24.1  24.0  24.0  24.2  24.0  23.9  24.0  24.1  24.1  24.1  24.1  24.2  24.0  23.9  24.1  24.5  24.7  24.7  25.1  25.5  25.4  25.6  25.7  26.1 
 24.7  24.1  24.4  24.2  24.2  23.9  24.3  24.1  24.2  23.8  24.2  24.0  24.0  23.8  24.1  24.1  24.0  24.1  24.4  24.2  24.0  24.0  24.3  24.2  24.6  24.4  25.2  25.2  25.1  25.0  25.7  26.0 
 24.9  24.3  24.7  24.7  24.1  24.1  24.2  24.4  24.1  24.0  24.3  24.1  23.8  24.0  24.1  24.2  24.1  24.1  24.1  24.4  24.2  23.9  24.2  24.6  24.3  24.4  24.8  25.0  25.0  25.1  25.4  26.0 
 24.5  24.5  24.6  24.5  24.2  23.9  24.3  24.2  24.0  23.7  24.0  24.0  24.0  24.1  24.2  24.1  24.1  23.7  24.4  24.1  24.4  23.9  24.5  24.6  24.4  24.3  25.0  25.0  25.2  24.8  25.7  25.8 
 24.6  24.8  24.5  24.8  24.3  24.1  24.2  24.3  24.0  24.1  23.9  24.4  24.1  24.2  24.1  24.4  24.0  24.2  24.2  24.2  24.3  24.2  24.5  24.6  24.5  24.5  24.5  25.3  24.8  25.2  25.4  26.8 
 24.9  24.3  25.1  24.6  24.4  24.4  24.4  24.3  24.2  24.0  24.3  24.3  24.2  24.0  24.4  24.3  24.1  24.2  24.5  24.6  24.2  24.1  24.7  24.5  24.5  24.2  25.2  25.0  25.1  25.0  26.4  27.0 
 25.6  25.1  24.8  25.2  24.5  24.6  24.6  24.6  24.2  24.2  24.1  24.7  24.2  24.2  24.3  24.6  24.4  24.4  24.4  24.4  24.5  24.4  24.5  25.1  24.6  24.6  25.3  25.4  25.0  25.2  27.7  29.5 
 26.4  25.3  25.2  24.9  24.6  24.5  24.7  24.8  24.2  24.2  24.5  24.5  24.3  24.2  24.6  24.2  24.6  24.2  24.6  24.4  24.7  24.3  24.9  25.0  24.6  24.4  25.6  25.7  25.7  25.5  28.5  29.1 
