 23.4  22.6  23.0  22.9  22.9  22.4  22.6  22.8  22.2  22.0  22.2  22.5  22.2  21.9  22.2  22.3  22.0  22.0  22.2  22.5  22.1  22.2  22.4  22.5  22.3  22.4  23.0  23.5  23.6  23.1  23.8  25.0 
 23.3  22.6  23.0  23.0  22.5  22.1  22.7  22.7  22.3  22.1  22.6  22.6  22.2  21.9  22.3  21.9  22.1  21.9  22.5  22.3  22.3  22.0  22.5  22.6  22.3  22.4  22.9  23.9  23.5  23.2  24.2  24.2 
 22.6  22.7  22.8  23.0  22.5  22.2  22.3  22.7  22.4  22.2  22.4  22.4  22.1  21.9  22.1  22.2  21.9  21.9  22.1  22.2  22.2  22.0  22.2  22.4  22.5  22.2  22.6  22.7  22.7  22.8  23.1  23.9 
 22.8  22.4  23.0  22.9  22.3  22.0  22.5  22.4  22.5  22.3  22.6  22.4  22.2  21.8  22.2  22.1  22.1  21.7  22.2  22.0  21.9  22.2  22.5  22.3  22.3  22.4  22.9  22.9  22.6  22.5  23.2  23.1 
 22.7  22.5  22.6  22.9  22.4  22.4  22.5  22.8  22.9  22.8  22.6  22.5  22.2  22.1  22.2  22.2  21.9  21.9  22.1  22.1  21.9  22.0  22.2  22.5  22.3  22.2  22.6  22.5  22.4  22.8  22.8  23.5 
 22.7  22.4  22.8  22.5  22.6  22.4  22.9  22.8  23.3  23.5  23.0  22.6  22.2  21.9  22.3  22.2  22.1  21.8  22.2  22.1  22.1  21.8  22.3  22.4  22.5  22.2  22.6  22.8  22.5  22.7  23.4  23.1 
 22.7  22.8  22.5  22.8  22.4  22.3  22.7  23.1  25.0  26.1  23.7  23.0  22.1  21.9  22.1  22.1  21.8  22.0  22.1  22.2  22.2  22.0  22.4  22.3  22.4  22.0  22.6  22.7  22.4  22.4  22.7  23.0 
 22.8  22.4  22.8  22.7  22.4  22.3  22.7  23.1  25.5  26.7  24.2  22.7  22.1  21.9  22.1  22.2  22.1  21.9  22.1  22.1  22.1  21.9  22.4  22.4  22.2  22.3  22.8  22.5  22.4  22.3  22.7  22.2 
 23.0  22.6  22.9  22.8  22.5  22.4  22.6  22.9  22.7  22.9  22.5  22.5  22.1  21.9  22.2  22.3  21.9  22.0  22.1  22.2  22.0  22.0  22.2  22.1  22.3  22.3  22.6  22.5  22.6  22.4  22.7  22.8 
 23.1  22.8  23.1  23.0  22.9  22.4  22.7  22.7  22.6  22.5  22.6  22.4  22.0  22.0  22.1  22.2  22.1  21.9  22.1  22.2  22.1  21.9  22.4  22.4  22.3  22.2  22.7  22.7  22.7  22.4  23.3  22.9 
 23.5  23.6  23.6  23.8  23.4  23.4  22.9  22.9  22.5  22.5  22.3  22.5  22.2  22.1  22.1  22.1  22.1  22.1  22.1  22.4  22.0  21.9  22.2  22.3  22.3  22.3  22.9  23.4  23.0  22.7  22.9  23.0 
 23.7  23.3  24.1  24.1  24.3  24.0  23.9  23.1  22.8  22.4  22.6  22.6  22.2  22.0  22.3  22.3  22.1  21.9  22.2  22.2  22.2  22.0  22.3 nan  22.0  22.2  24.0  24.7  23.3  22.7  23.1  22.9 
 24.0  24.2  24.8  25.6  26.7  27.3  32.5  34.9  32.9  29.0  22.8  22.6  22.2  22.2  22.3  22.2  22.1  22.0  22.1  22.2  22.1  22.0  22.2  22.5  22.3  22.3  23.5  24.3  23.3  22.6  23.1  23.4 
 24.8  24.4  25.6  26.0  28.3  29.8  41.5  48.7  53.3  47.2  24.3  22.9  22.4  22.3  22.4  22.2  22.1  22.1  22.3  22.2  22.2  21.9  22.3  22.4  22.4  22.1  22.8  23.0  23.0  22.7  23.1  23.3 
 25.0  25.0  26.4  27.1  30.2  33.4  54.3  62.4  74.3  71.2  34.3  25.3  22.3  22.1  22.1  22.4  22.2  22.0  22.2  22.4  22.1  22.1  22.3  22.4  22.1  22.3  22.6  22.7  22.9  22.4  23.3  23.4 
 25.0  25.0  26.7  27.2  30.5  33.8  53.0  61.8  78.5  79.3  36.8  25.5  22.6  22.3  22.4  22.2  22.1  22.1  22.4  22.3  22.3  22.1  22.4  22.3  22.3  22.1  22.6  22.7  22.9  22.4  23.2  23.1 
 24.8  25.5  26.2  26.7  29.2  31.2  43.6  52.8  72.7  69.7  29.7  24.3  22.5  22.2  22.3  22.1  22.1  22.1  22.4  22.4  22.4  22.1  22.4  22.5  22.6  22.3  22.6  22.8  22.6  22.7  23.1  23.5 
 25.3  24.7  26.1  26.4  28.3  29.2  36.6  41.7  53.6  49.0  25.6  23.3  22.4  22.3  22.4  22.3  22.3  21.9  22.3  22.4  22.2  22.1  22.4  22.3  22.5  22.2  23.0  22.7  22.8  22.7  23.6  23.0 
 25.1  25.1  26.1  26.2  26.2  26.7  28.2  29.3  29.3  27.6  23.5  23.2  22.5  22.3  22.4  22.5  22.3  22.1  22.2  22.5  22.4  22.2  22.5  22.7  22.3  22.3  22.9  23.0  22.8  22.9  22.6  23.5 
 24.8  25.2  25.9  26.0  26.0  25.8  27.1  27.0  26.8  25.7  23.3  23.1  22.7  22.2  22.6  22.3  22.3  22.0  22.4  22.3  22.3  22.1  22.4  22.6  22.5  22.5  22.8  22.9  22.8  22.8  23.4  23.4 
 24.9  24.8  25.4  25.3  25.2  25.0  25.2  25.3  24.9  24.2  23.0  23.1  22.4  22.5  22.3  22.6  22.2  22.3  22.3  22.5  22.4  22.1  22.6  22.6  22.9  22.5  22.7  23.0  22.8  23.1  23.4  24.4 
 24.9  25.1  25.0  24.9  24.8  24.7  25.3  25.0  24.5  24.0  23.1  23.1  22.5  22.3  22.7  22.4  22.6  22.2  22.7  22.5  22.3  22.2  22.7  22.7  22.6  22.4  22.7  23.1  23.0  22.7  24.1  25.1 
 25.9  25.3  24.9  25.2  24.8  24.2  24.4  24.5  23.7  23.4  23.2  23.4  22.7  22.7  22.7  22.7  22.5  22.3  22.4  22.6  22.4  22.5  22.9  23.0  22.5  22.4  23.2  23.4  23.3  23.4  24.6  26.1 
 26.0  25.5  24.9  25.1  24.3  24.2  24.6  24.2  23.7  23.3  23.2  23.2  22.9  22.5  22.8  22.6  22.5  22.3  22.8  22.7  22.6  22.4  23.0  22.6  22.8  22.5  23.4  23.3  23.2  23.4  25.6  26.9 
