 23.5  22.8  22.9  22.9  22.4  22.2  22.5  22.4  22.3  22.0  22.3  22.5  22.2  22.0  22.0  22.5  22.2  22.1  22.2  22.4  22.3  22.2  22.1  22.5  22.6  22.3  22.9  23.5  23.5  22.9  23.9  25.0 
 23.3  22.9  23.0  22.9  22.5  22.5  22.4  22.6  22.2  22.3  22.6  22.5  22.0  22.0  22.2  22.1  21.9  22.0  22.4  22.1  22.2  22.4  22.4  22.5  22.1  22.5  23.1  23.9  23.5  23.2  23.8  24.1 
 23.2  22.7  23.0  22.8  22.5  22.3  22.5  22.6  22.5  22.1  22.2  22.6  22.1  21.9  22.1  22.2  22.0  22.2  22.1  22.1  22.3  22.2  22.1  22.4  22.4  22.4  22.8  22.9  22.9  22.4  23.2  23.0 
 22.6  22.8  23.1  22.8  22.3  22.3  22.6  22.6  22.4  22.4  22.5  22.2  22.0  22.0  22.2  21.9  22.0  21.9  22.3  22.0  22.2  22.2  22.5  22.2  22.4  22.6  22.9  22.5  22.6  22.4  23.4  23.4 
 23.0  22.9  22.8  22.9  22.4  22.4  22.6  22.8  22.9  23.0  22.5  22.7  22.2  22.0  22.0  22.0  22.0  21.7  22.1  22.1  22.0  22.1  22.2  22.4  22.3  22.3  22.7  22.8  22.5  22.5  23.0  23.1 
 22.7  22.6  22.8  22.7  22.4  22.4  22.7  22.5  23.2  23.4  22.9  22.3  22.2  22.1  22.2  22.3  22.0  21.8  22.4  22.2  22.1  21.9  22.5  22.2  22.3  22.2  22.4  22.6  22.5  22.7  23.4  22.9 
 22.9  22.5  22.5  22.9  22.4  22.3  22.6  23.1  25.0  26.2  23.7  22.9  22.1  22.0  22.2  22.1  22.0  21.8  22.0  22.1  22.1  22.2  22.3  22.4  22.5  22.1  22.6  22.8  22.4  22.3  22.8  23.0 
 22.8  22.4  22.5  22.6  22.5  22.3  22.8  22.9  25.3  26.7  24.3  22.6  22.2  22.0  22.2  22.1  22.1  22.0  22.0  22.0  22.0  22.0  22.4  22.2  22.1  22.3  22.7  22.3  22.5  22.5  22.9  22.1 
 22.8  22.8  22.8  22.7  22.6  22.4  22.6  22.7  22.9  23.0  22.5  22.4  22.2  22.0  22.2  22.2  22.0  22.0  22.2  22.2  22.1  22.0  22.2  22.3  22.4  22.2  22.6  22.5  22.6  22.4  22.9  23.0 
 23.3  23.0  23.1  22.8  22.8  22.5  22.8  22.5  22.5  22.8  22.7  22.4  22.0  22.0  22.3  22.1  22.0  21.9  22.2  22.0  22.0  22.1  22.4  22.2  22.4  22.3  22.7  22.5  22.5  22.7  23.0  22.7 
 23.7  23.5  23.4  23.9  23.7  23.4  22.7  22.8  22.6  22.5  22.4  22.3  22.2  22.0  22.0  22.2  22.0  22.1  22.0  22.2  22.1  22.0  22.2  22.4  22.4  22.2  23.0  23.6  23.2  23.1  22.6  23.0 
 23.4  23.3  24.0  23.9  24.2  24.4  23.8  23.3  22.6  22.5  22.6  22.3  22.3  22.2  22.1  22.0  22.0  22.0  22.3  22.1  21.9  22.0  22.6 nan  22.3  22.3  23.9  24.6  23.3  23.0  23.0  22.8 
 24.2  23.8  24.9  25.3  26.9  27.3  32.5  34.9  33.0  29.1  22.8  22.7  22.2  22.4  22.1  22.2  22.0  21.9  22.1  22.2  22.0  22.0  22.2  22.3  22.3  22.4  23.5  24.3  23.7  22.7  23.3  23.1 
 24.3  24.3  25.7  26.0  28.2  29.8  41.5  48.6  53.3  47.2  24.3  22.8  22.2  22.1  22.3  22.2  22.0  22.0  22.2  22.2  22.1  21.9  22.5  22.3  22.2  22.2  22.8  23.1  22.9  22.8  22.9  23.0 
 24.8  24.9  26.2  27.0  30.1  33.4  54.2  62.4  74.3  71.2  34.3  25.3  22.5  22.2  22.1  22.2  22.2  22.0  22.1  22.3  22.0  22.2  22.4  22.4  22.2  22.2  22.3  22.8  22.6  22.8  23.1  23.2 
 24.9  25.2  26.6  27.0  30.4  34.0  52.9  62.0  78.4  79.3  36.9  25.4  22.5  22.4  22.3  22.2  22.1  22.2  22.3  22.2  22.1  22.1  22.5  22.2  22.2  22.4  22.7  22.6  22.5  22.7  23.2  22.9 
 25.2  25.2  26.1  26.7  29.0  31.3  43.8  52.9  72.8  69.7  29.6  24.1  22.4  22.2  22.2  22.4  22.2  22.2  22.3  22.4  22.4  22.0  22.5  22.4  22.5  22.4  22.5  22.7  22.8  22.5  23.2  23.5 
 25.1  24.9  26.1  26.6  28.3  29.2  36.7  41.6  53.6  49.1  25.5  23.1  22.4  22.3  22.4  22.4  22.2  22.0  22.4  22.2  22.3  22.2  22.3  22.4  22.3  22.4  23.0  22.5  22.7  22.7  23.5  23.1 
 25.0  24.7  25.8  26.2  26.5  26.6  28.3  29.1  29.3  27.5  23.4  22.9  22.5  22.2  22.3  22.6  22.2  22.4  22.1  22.3  22.4  22.0  22.4  22.6  22.6  22.5  22.7  23.0  23.0  22.7  22.8  23.6 
 24.8  25.4  25.7  25.9  26.0  25.9  27.1  26.7  26.7  25.9  23.4  22.9  22.5  22.4  22.3  22.2  22.2  22.2  22.6  22.3  22.3  22.3  22.6  22.5  22.3  22.3  22.8  22.6  22.8  23.1  23.6  23.5 
 25.1  25.0  25.2  25.4  25.3  25.2  25.1  25.6  24.8  24.1  23.2  23.1  22.4  22.5  22.4  22.5  22.3  22.3  22.3  22.5  22.2  22.1  22.7  22.7  22.8  22.4  22.9  23.1  22.6  22.8  23.2  24.1 
 24.9  24.8  25.3  25.0  24.8  24.5  25.3  24.8  24.2  24.0  23.3  23.1  22.6  22.7  22.4  22.5  22.4  22.0  22.6  22.3  22.4  22.2  22.6  22.6  22.3  22.8  23.0  23.0  23.0  22.6  24.1  24.7 
 26.5  25.3  24.7  25.0  24.5  24.2  24.4  24.5  24.0  23.3  23.2  23.3  22.9  22.7  22.6  22.7  22.7  22.5  22.5  22.6  22.4  22.3  22.6  22.7  22.6  22.4  23.1  23.4  23.2  23.0  24.5  25.2 
 26.0  25.9  24.9  24.8  24.5  24.2  24.3  24.2  23.5  23.3  23.4  23.0  22.7  22.6  22.8  22.3  22.5  22.6  22.8  22.7  22.4  22.6  22.6  22.8  22.3  22.6  23.5  23.4  23.4  24.1  26.0  26.3 
