 24.2  23.5  23.8  23.9  23.4  22.8  23.1  22.9  22.7  22.5  23.0  23.2  22.8  22.6  22.9  23.0  22.7  22.7  23.0  22.9  22.9  22.6  23.0  22.9  22.8  22.9  23.2  24.0  23.7  23.8  24.5  25.5 
 24.0  23.5  23.7  23.9  23.3  23.1  23.0  23.1  23.1  22.7  22.8  23.1  22.7  22.9  22.8  22.7  22.6  22.5  22.9  22.8  22.9  22.6  23.0  23.1  22.8  22.7  23.7  24.6  23.8  23.4  24.1  25.1 
 23.7  23.1  23.8  23.4  22.7  22.8  23.1  23.0  23.0  22.8  23.1  23.0  22.6  22.8  22.8  22.8  22.6  22.7  22.8  22.8  22.7  22.8  22.9  23.0  23.0  23.0  23.3  23.3  23.4  23.5  23.4  23.7 
 23.2  23.2  23.4  23.5  22.8  22.6  22.9  23.1  23.1  22.8  23.1  22.9  22.8  22.7  22.6  22.8  22.8  22.6  23.0  22.9  22.9  22.8  23.1  22.9  22.8  22.8  23.5  23.1  23.3  23.1  23.8  24.2 
 23.6  23.4  23.3  23.5  22.9  22.9  23.3  23.2  23.4  23.3  23.2  23.0  22.7  22.7  22.8  22.8  22.6  22.5  22.8  22.9  22.7  22.7  22.8  22.9  22.8  23.0  23.2  23.3  23.1  23.3  23.3  23.7 
 23.3  23.2  23.3  23.3  22.9  22.8  23.1  23.2  23.8  23.9  23.2  23.1  22.7  22.7  22.9  22.7  22.7  22.6  22.8  22.9  22.8  22.6  22.9  23.0  23.1  22.7  23.1  23.3  23.3  23.3  23.7  23.5 
 23.3  23.4  23.2  23.2  22.9  22.9  23.3  23.5  25.5  26.8  24.3  23.4  22.6  22.8  22.7  22.8  22.7  22.9  22.8  22.8  22.9  22.8  22.9  23.2  22.8  22.9  23.3  23.4  22.8  22.8  23.4  23.4 
 23.7  23.3  23.1  23.2  23.1  22.8  23.4  23.6  25.9  27.3  24.7  23.3  22.8  22.7  22.7  22.9  22.8  22.7  22.8  22.9  22.7  22.7  23.0  22.8  22.9  22.7  23.1  23.1  23.1  23.0  23.1  22.7 
 23.6  23.5  23.5  23.0  23.1  23.0  23.3  23.1  23.5  23.6  23.2  23.1  22.8  22.7  22.7  22.8  22.6  22.6  23.0  22.8  22.8  22.9  23.1  22.9  22.9  22.9  23.3  23.1  23.1  23.1  23.6  23.4 
 23.8  23.5  23.5  23.6  23.4  23.0  23.1  23.1  23.2  23.1  23.1  23.0  22.8  22.7  22.9  23.0  22.7  22.7  22.9  23.0  22.8  22.8  23.0  22.9  23.0  22.8  23.2  23.2  23.2  23.2  23.6  23.3 
 23.8  24.0  24.3  24.2  23.9  23.9  23.4  23.2  23.0  23.0  22.9  23.0  22.7  22.8  22.9  22.9  22.7  22.8  22.9  22.8  22.7  23.0  22.9  22.9  23.0  22.8  23.5  23.8  23.7  23.4  23.6  23.4 
 24.1  23.9  24.5  24.7  24.6  24.7  24.1  23.9  23.4  23.0  23.0  23.1  22.8  22.7  22.8  22.9  22.9  22.7  23.0  23.0  22.9  22.6  22.9 nan  22.9  22.9  24.5  25.3  24.0  23.2  23.6  23.7 
 24.5  24.5  25.5  26.1  27.2  27.7  32.7  34.8  32.9  29.3  23.4  23.1  22.9  22.7  22.8  22.9  22.9  22.7  23.1  22.9  22.8  22.7  22.8  22.9  22.9  22.9  24.2  24.9  23.9  23.5  23.7  23.7 
 25.0  24.8  26.0  26.6  28.7  30.2  41.4  48.9  53.5  47.3  24.9  23.4  23.0  22.8  23.0  23.0  22.8  22.7  23.0  22.9  22.8  22.5  22.9  23.0  22.9  22.8  23.4  23.6  23.7  23.2  23.7  23.7 
 25.1  25.5  26.8  27.5  30.6  34.0  54.9  63.1  74.7  71.3  35.1  25.9  23.1  22.9  22.9  22.8  22.9  22.7  23.1  23.1  22.9  22.7  22.9  22.9  22.9  23.1  23.3  23.0  23.2  23.2  23.6  23.8 
 25.7  25.6  27.1  27.8  30.8  34.1  53.5  62.6  78.6  79.4  37.6  26.4  23.1  22.9  22.8  22.9  22.9  22.6  22.6  23.0  22.9  22.8  23.0  23.1  23.0  22.8  23.3  23.4  23.4  23.3  23.7  23.8 
 25.4  25.6  27.0  27.1  29.7  31.8  44.5  53.5  73.5  70.8  30.6  24.7  23.0  22.7  23.0  23.0  22.8  22.6  23.0  23.0  22.7  22.8  22.9  22.8  23.0  22.9  23.4  23.2  23.1  23.3  24.0  23.8 
 25.5  25.2  26.4  27.2  28.8  30.0  37.1  42.4  54.5  50.2  26.2  23.9  23.0  22.8  23.0  23.0  22.8  22.8  23.0  23.1  22.7  22.7  22.9  23.1  23.1  22.6  23.1  23.4  23.2  23.0  24.0  23.9 
 25.8  25.6  26.4  26.6  27.0  27.5  28.9  29.9  29.8  28.3  24.1  23.6  23.1  23.0  23.2  23.0  23.0  23.0  23.0  23.3  23.0  22.8  23.2  23.1  23.2  23.0  23.4  23.5  23.5  23.2  23.8  24.2 
 25.5  25.8  26.5  26.6  26.7  26.5  27.6  27.9  27.5  26.3  23.9  23.6  23.0  23.0  23.1  23.0  23.1  22.9  23.1  23.1  23.0  23.0  23.4  23.2  23.1  23.1  23.3  23.6  23.4  23.5  24.2  24.1 
 25.8  25.4  26.1  25.9  25.8  25.7  26.1  26.1  25.5  24.7  23.5  23.6  23.3  23.0  23.5  23.2  22.9  22.8  23.1  23.2  22.9  22.8  23.2  23.2  23.4  23.3  23.4  23.9  23.8  24.3  25.5  25.9 
 25.5  25.5  25.9  26.0  25.5  25.3  25.5  25.7  24.9  24.4  23.8  23.9  23.3  23.0  23.3  23.4  23.2  23.0  23.4  23.3  23.2  23.0  23.3  23.4  23.2  23.0  23.5  23.9  24.9  25.1  25.8  26.2 
 26.6  25.9  26.0  25.5  25.2  24.9  25.2  25.2  24.4  24.3  23.7  23.7  23.3  23.3  23.3  23.3  23.4  23.1  23.3  23.3  23.2  23.4  23.5  23.7  23.4  23.7  25.6  25.7  26.1  25.8  26.4  27.0 
 27.2  26.4  25.8  25.7  25.4  25.0  24.9  24.9  24.1  24.1  24.1  24.0  23.5  23.3  23.4  23.4  23.3  23.1  23.4  23.6  23.6  23.2  23.6  24.2  24.5  24.8  26.5  26.7  26.6  26.2  26.6  27.8 
