 30.5  30.2  29.5  29.7  30.3  30.1  32.3  33.0  33.0  32.5  29.8  27.6  25.1  24.4  24.6  24.3  24.1  24.0  24.3  24.1  24.1  24.1  24.6  24.7  24.4  24.5  25.2  25.2  25.3  25.5  27.2  28.2 
 30.5  30.3  30.3  29.3  29.7  31.3  33.1  33.2  32.9  33.3  30.7  30.5  25.1  24.9  24.3  24.5  23.9  24.0  24.4  24.4  24.0  24.2  24.3  24.7  23.9  24.5  24.9  25.6  25.2  25.6  27.1  27.7 
 30.3  29.7  30.2  29.6  30.0  31.0  33.7  33.4  33.2  32.4  32.7  30.1  27.1  24.9  24.7  24.3  24.0  23.9  24.2  24.4  24.1  23.8  24.3  24.3  24.4  24.6  25.6  25.7  25.8  25.7  26.4  26.9 
 29.2  29.9  29.6  30.1  30.2  31.6  33.0  33.6  32.3  32.9  31.4  31.8  25.5  26.4  24.3  24.5  24.1  23.9  24.4  24.3  23.9  24.1  24.4  24.6  24.4  24.7  26.0  25.7  25.8  26.2  26.6  27.4 
 29.3  28.6  29.3  29.1  30.8  31.2  32.9  32.1  32.6  31.2  31.8  27.7  26.6  24.2  24.6  24.2  24.1  23.7  24.3  24.1  24.0  23.7  24.2  24.6  25.2  25.5  26.9  26.8  26.5  26.3  27.2  27.2 
 28.6  29.1  29.0  29.0  29.7  31.6  31.8  32.2  30.8  31.9  27.3  29.2  24.1  24.7  24.3  24.6  24.1  24.0  24.2  24.3  23.9  23.9  24.3  24.4  25.6  26.2  27.3  27.6  27.2  27.2  27.1  27.0 
 28.3  28.0  28.3  27.8  27.3  27.5  30.0  28.8  29.2  26.4  26.5  24.4  24.1  24.0  24.2  24.2  24.1  23.9  24.3  24.4  24.2  24.0  24.5  25.2  28.6  29.3  29.8  29.5  28.1  27.4  27.5  27.4 
 27.6  28.0  27.4  27.4  25.8  26.1  26.8  28.3  25.4  26.6  24.3  24.6  23.9  24.1  24.2  24.2  24.2  24.1  24.3  24.3  24.0  24.2  25.1  26.7  33.1  33.4  31.6  30.7  28.3  27.9  27.6  27.1 
 28.1  27.3  27.3  26.8  24.6  24.1  24.9  24.4  24.2  23.9  24.3  24.3  24.0  23.8  24.3  24.4  24.0  24.1  24.3  24.2  24.3  24.2  37.7  51.4  64.2  58.9  38.1  33.8  29.2  28.2  28.0  27.4 
 27.5  27.4  27.3  26.6  24.5  24.1  24.4  24.3  23.9  24.1  23.9  24.5  23.9  24.0  24.2  24.5  23.9  24.2  24.3  24.5  24.2  25.0  52.7  70.1  83.5  74.1  42.5  35.3  29.2  28.5  27.9  27.8 
 27.7  27.4  27.0  26.2  24.2  23.9  24.3  24.3  24.1  23.9  24.1  24.2  24.0  24.0  24.1  24.2  24.0  23.9  24.3  24.4  24.8  27.0  64.4  74.6  76.7  71.9  44.9  36.9  30.1  29.1  28.2  27.7 
 26.8  27.2  26.7  25.4  24.0  24.2  24.3  24.3  24.0  23.8  24.1  24.3  23.9  23.8  24.2  24.4  24.0  23.9  24.3  24.5  24.5  26.3  60.6 nan  66.5  60.0  41.3  36.3  30.0  29.0  27.7  27.8 
 25.1  24.5  24.4  24.3  24.0  24.0  24.4  24.2  24.0  23.9  24.0  24.3  24.0  23.8  24.2  24.3  24.0  23.9  24.3  24.2  24.2  24.0  34.3  43.2  47.4  43.5  33.8  32.1  29.5  28.7  27.5  27.5 
 24.4  24.4  24.6  24.7  23.8  24.0  24.2  24.4  23.9  23.8  24.2  24.3  24.0  23.9  23.9  24.1  24.0  24.0  24.1  24.4  23.9  24.1  27.5  31.3  36.3  35.1  30.6  30.1  28.5  28.0  27.5  27.4 
 24.5  23.9  24.7  24.6  24.3  23.8  24.3  24.3  24.1  23.7  24.1  24.2  24.0  23.7  24.2  24.1  24.0  23.9  24.3  24.4  24.0  23.8  24.7  24.6  26.1  26.4  27.5  27.4  26.9  26.3  26.7  26.7 
 24.0  24.2  24.4  24.5  23.9  24.0  24.4  24.3  23.9  23.8  24.0  24.2  23.9  23.9  24.2  24.2  23.9  23.9  24.2  24.4  24.0  24.1  24.3  24.5  24.8  25.3  26.5  26.5  26.3  25.9  26.3  26.3 
 24.4  24.1  24.7  24.5  23.8  23.7  24.3  24.2  24.1  23.8  24.2  24.2  23.9  23.6  24.1  24.1  24.0  23.8  24.2  24.4  24.2  23.9  24.2  24.5  24.5  24.5  25.6  25.5  25.4  24.9  26.0  25.7 
 24.1  24.4  24.8  24.4  23.8  23.9  24.1  24.3  23.8  23.9  24.2  24.3  24.0  23.9  24.1  24.1  24.0  24.0  24.3  24.3  24.0  24.0  24.4  24.6  24.1  24.3  25.3  25.3  25.1  25.2  25.3  26.0 
 24.8  24.3  25.1  24.7  24.1  23.9  24.4  24.4  24.2  23.8  24.2  24.2  24.1  23.9  24.2  24.2  24.1  24.1  24.2  24.5  24.1  23.8  24.4  24.7  24.5  24.2  24.8  24.9  24.7  24.8  25.2  26.0 
 24.5  24.5  24.6  24.9  24.0  24.1  24.3  24.2  23.7  23.9  24.1  24.4  23.8  23.9  24.3  24.2  23.9  23.8  24.4  24.2  24.0  24.0  24.4  24.6  24.2  24.4  24.9  25.0  24.6  25.1  25.5  26.2 
 24.5  24.4  24.8  24.9  24.4  24.2  24.3  24.3  24.1  23.8  24.2  24.3  24.1  23.9  24.3  24.2  24.0  23.9  24.2  24.6  24.2  24.1  24.8  24.5  24.5  24.3  25.0  25.3  24.8  24.7  25.6  26.5 
 24.7  24.7  24.8  24.7  24.2  24.2  24.5  24.6  23.8  24.0  24.2  24.6  24.0  24.0  24.2  24.4  24.1  24.1  24.6  24.6  24.1  24.1  24.6  24.8  24.3  24.6  25.0  25.3  24.6  24.8  26.1  27.3 
 25.6  24.6  25.0  25.2  24.8  24.0  24.6  24.6  24.3  24.0  24.5  24.6  24.3  24.0  24.3  24.5  24.3  24.0  24.6  24.7  24.4  24.3  24.8  24.8  24.7  24.3  25.1  25.4  25.2  25.0  26.9  28.6 
 25.5  25.0  25.2  25.4  24.5  24.5  24.9  24.9  23.9  24.3  24.4  24.7  24.1  24.3  24.5  24.4  24.3  24.4  24.5  24.7  24.3  24.2  24.7  25.0  24.4  24.5  25.4  25.6  25.5  25.8  28.1  29.5 
