 23.2  22.9  22.9  22.6  22.4  22.4  22.5  22.7  22.2  22.2  22.6  22.4  22.1  22.0  22.3  22.2  22.2  21.9  22.6  22.1  22.1  22.2  22.4  22.4  22.5  22.3  22.8  23.5  23.5  23.1  24.1  25.3 
 23.1  22.8  22.7  22.9  22.7  22.5  22.6  22.4  22.2  22.3  22.4  22.4  22.2  22.2  22.0  22.2  22.0  22.0  22.3  22.3  22.2  22.2  22.3  22.5  22.3  22.6  23.1  24.1  23.4  23.2  23.6  24.5 
 23.0  22.7  22.8  22.8  22.4  22.1  22.6  22.7  22.2  22.2  22.4  22.6  22.0  21.9  22.2  22.1  22.0  21.9  22.1  22.2  22.1  22.2  22.2  22.5  22.5  22.4  22.8  23.2  23.1  22.8  23.3  23.7 
 22.6  22.9  22.8  22.9  22.4  22.3  22.4  22.6  22.6  22.2  22.6  22.5  22.1  21.9  22.1  22.3  22.1  21.9  22.2  22.4  22.1  22.2  22.2  22.3  22.3  22.3  22.8  22.8  22.4  22.6  23.2  23.5 
 22.8  22.6  22.7  22.6  22.3  22.5  22.6  22.8  22.9  23.0  22.6  22.6  22.0  22.0  22.2  22.0  22.1  22.0  22.2  22.0  22.2  22.1  22.4  22.3  22.4  22.1  22.5  22.7  22.5  22.7  23.0  22.8 
 22.8  22.6  22.7  22.4  22.4  22.2  22.6  22.8  23.3  23.5  22.9  22.7  22.1  22.0  22.2  22.2  22.2  21.9  22.2  22.0  22.2  22.0  22.3  22.5  22.4  22.2  22.5  22.7  22.5  22.7  22.9  22.9 
 22.8  22.5  22.5  22.8  22.3  22.4  22.6  23.1  24.7  25.8  23.8  22.8  22.2  22.0  22.1  22.3  21.8  21.8  22.1  22.1  22.2  22.2  22.3  22.4  22.2  22.0  22.4  22.7  22.7  22.5  22.9  22.9 
 22.8  22.6  22.6  22.9  22.4  22.5  22.8  23.2  25.0  26.6  24.0  22.7  22.2  22.1  21.9  22.2  22.0  22.0  22.0  22.3  21.9  22.1  22.4  22.4  22.4  22.3  22.6  22.6  22.5  22.5  22.6  22.1 
 23.0  22.6  22.8  22.7  22.5  22.2  22.6  22.9  22.9  23.1  22.7  22.5  22.1  22.1  22.2  22.3  22.0  22.0  22.1  22.1  22.0  22.1  22.3  22.2  22.3  22.2  22.5  22.6  22.4  22.5  23.1  22.9 
 23.3  23.0  22.9  23.1  22.8  22.4  22.7  22.7  22.6  22.7  22.4  22.6  22.1  22.1  22.1  22.1  22.0  22.1  22.2  22.2  22.0  22.1  22.2  22.4  22.1  22.3  22.6  22.8  22.7  22.6  22.9  23.3 
 23.5  23.1  23.8  23.8  23.5  23.4  22.9  22.9  22.6  22.4  22.5  22.3  22.1  22.2  22.2  22.2  22.0  21.9  22.2  22.2  22.1  22.1  22.2  22.2  22.1  22.2  22.9  23.3  23.1  22.8  22.9  22.9 
 23.6  23.5  23.7  24.2  24.3  24.3  23.8  23.4  22.6  22.5  22.3  22.6  22.3  22.2  22.2  22.2  22.0  22.0  22.2  22.3  22.2  22.2  22.2 nan  22.2  22.2  23.9  24.8  23.6  22.9  22.9  23.1 
 24.2  24.1  25.1  25.5  26.8  27.4  32.5  34.8  33.0  29.1  22.8  22.6  22.1  22.0  22.5  22.2  22.2  22.1  22.3  22.2  21.9  22.0  22.4  22.3  22.4  22.4  23.6  24.3  23.0  22.9  23.3  23.1 
 24.4  24.6  25.5  26.3  28.1  29.9  41.4  48.8  53.4  47.2  24.2  23.1  22.3  22.3  22.3  22.2  22.1  22.1  22.3  22.3  22.1  22.0  22.1  22.4  22.2  22.2  22.8  23.1  22.8  22.8  22.8  23.1 
 24.7  25.0  26.4  27.0  30.2  33.6  54.4  62.7  74.5  71.2  34.3  25.3  22.4  22.3  22.3  22.2  22.3  21.9  22.3  22.2  22.2  22.0  22.3  22.4  22.2  22.3  22.5  22.5  22.9  22.5  23.2  23.3 
 24.8  25.2  26.5  27.2  30.4  33.8  53.0  62.2  78.5  79.3  36.7  25.7  22.3  22.3  22.2  22.3  22.2  22.0  22.3  22.4  22.0  22.2  22.4  22.4  22.5  22.2  22.5  22.6  23.0  22.5  23.0  23.1 
 25.0  25.2  26.1  26.7  29.3  31.3  43.9  52.8  72.8  69.5  29.8  23.9  22.5  22.5  22.4  22.3  22.2  22.1  22.4  22.4  22.3  22.0  22.5  22.4  22.5  22.2  22.9  22.7  22.6  22.5  23.1  23.5 
 24.8  25.1  26.2  26.5  28.2  29.3  36.5  41.5  53.7  49.1  25.3  23.5  22.5  22.3  22.3  22.4  22.1  22.3  22.4  22.4  22.2  22.3  22.3  22.6  22.4  22.3  22.6  23.0  22.7  22.7  23.3  23.3 
 25.5  25.1  25.8  26.1  26.6  26.6  28.2  29.1  29.2  27.7  23.6  23.0  22.4  22.6  22.6  22.6  22.3  22.2  22.3  22.5  22.4  22.1  22.5  22.6  22.5  22.3  22.8  23.1  22.9  22.6  23.0  23.3 
 24.8  25.1  25.8  26.0  25.9  26.0  26.8  27.1  26.5  25.6  23.2  22.9  22.7  22.4  22.7  22.3  22.2  22.2  22.5  22.4  22.4  22.3  22.6  22.7  22.4  22.4  22.7  22.8  22.8  23.0  23.4  23.8 
 24.9  24.8  25.4  25.3  25.3  25.1  25.6  25.3  25.0  24.0  23.3  23.2  22.7  22.4  22.5  22.5  22.3  22.2  22.5  22.5  22.3  22.2  22.7  22.6  22.8  22.3  22.9  23.0  22.8  23.0  23.6  24.2 
 25.0  24.8  25.2  25.1  24.8  25.0  24.9  25.0  24.2  24.0  23.3  23.0  22.4  22.4  22.5  22.7  22.4  22.3  22.6  22.5  22.3  22.4  22.7  22.7  22.2  22.7  22.6  22.8  22.9  23.3  23.6  24.8 
 25.9  25.1  25.1  25.2  24.7  24.3  24.5  24.3  23.8  23.5  23.1  23.2  22.8  22.5  22.6  22.6  22.4  22.3  22.7  22.7  22.6  22.4  22.9  22.9  22.5  22.5  23.3  23.2  23.3  23.2  25.0  25.7 
 26.3  25.8  24.8  24.9  24.5  24.4  24.4  24.4  23.6  23.5  23.1  23.1  22.7  22.8  22.9  22.6  22.3  22.4  22.5  22.7  22.5  22.6  22.8  23.1  22.5  22.6  23.2  23.2  23.3  23.7  25.6  27.0 
