 23.6  24.0  23.9  23.6  23.0  23.0  23.0  23.2  22.8  22.6  22.8  22.9  22.4  22.5  22.8  22.9  22.6  22.8  22.8  23.0  22.5  22.9  22.9  23.1  22.8  22.6  23.5  24.0  23.7  23.5  24.6  25.3 
 23.7  23.6  23.9  23.4  23.3  22.8  23.0  23.1  22.7  22.7  23.2  22.9  22.6  22.8  23.1  22.9  22.5  22.3  23.0  22.9  22.9  22.3  22.9  23.0  22.8  22.7  23.7  24.6  23.9  23.6  24.9  25.0 
 23.4  23.2  23.7  23.2  22.9  22.8  23.1  23.1  22.8  22.5  23.1  23.0  22.5  22.5  22.9  23.0  22.6  22.5  22.6  22.6  22.7  22.7  23.0  23.2  22.9  23.1  23.2  23.3  22.9  23.3  23.9  23.8 
 23.6  23.0  23.7  23.5  23.1  22.6  23.1  23.2  22.9  22.8  23.1  23.0  22.5  22.4  22.8  22.8  22.7  22.5  22.9  22.8  22.7  22.5  23.1  23.0  22.7  22.8  23.5  23.3  23.0  23.0  23.8  23.9 
 23.4  23.3  23.4  23.5  22.8  22.9  23.3  23.2  23.3  23.4  23.1  23.0  22.7  22.7  22.8  22.9  22.6  22.5  22.7  23.0  22.6  22.7  23.0  22.9  22.9  23.0  23.2  23.4  22.8  23.1  23.6  24.0 
 23.5  23.1  23.5  23.6  22.9  22.8  23.4  23.3  23.8  23.9  23.2  23.1  22.7  22.7  22.9  22.8  22.6  22.6  22.9  22.7  22.7  22.6  23.1  23.0  22.8  22.8  23.0  23.3  23.1  23.2  23.4  23.7 
 23.0  23.1  23.3  23.2  22.7  22.6  23.7  23.4  25.4  26.7  24.4  23.3  22.7  22.7  22.6  22.8  22.7  22.6  22.9  22.9  22.7  22.7  22.9  22.9  22.6  22.9  23.2  23.2  23.0  22.8  23.3  23.4 
 23.4  23.2  23.1  23.1  22.8  22.7  23.3  23.7  26.0  27.3  24.5  23.3  22.8  22.6  22.8  22.9  22.7  22.6  22.8  22.9  22.8  22.6  23.0  22.9  22.8  22.7  23.2  23.1  22.8  22.8  23.3  22.9 
 23.6  23.2  23.6  23.3  22.8  22.9  23.3  23.2  23.3  23.5  23.2  23.0  22.7  22.7  22.8  22.9  22.6  22.8  23.0  22.9  22.8  22.8  22.7  23.0  22.7  22.8  23.4  23.1  22.9  23.4  23.3  23.2 
 23.8  23.5  23.6  23.4  23.1  22.8  23.2  23.3  23.1  23.1  22.9  22.9  22.7  22.6  22.9  22.8  22.8  22.6  22.9  22.9  22.8  22.7  23.0  22.9  22.9  22.7  23.3  23.3  23.1  23.0  23.5  23.4 
 23.9  23.9  24.2  24.2  23.8  23.5  23.4  23.4  22.8  22.9  23.1  22.9  22.6  22.7  22.9  22.8  22.7  22.8  22.9  22.7  22.7  22.7  22.9  22.9  22.8  22.9  23.4  23.8  23.5  23.5  23.3  23.8 
 23.9  23.9  24.6  24.6  24.7  24.6  24.2  23.7  23.1  23.0  23.1  23.1  22.9  22.6  23.0  22.9  22.7  22.6  22.9  22.9  22.6  22.8  23.0 nan  22.9  22.9  24.5  25.4  23.8  23.0  23.8  23.9 
 24.5  24.5  25.5  26.0  27.1  27.6  32.8  34.9  33.0  29.4  23.4  23.3  22.8  22.8  23.0  22.8  22.7  22.8  22.9  22.8  22.8  22.6  22.9  23.0  22.7  22.8  24.1  24.9  23.5  23.4  23.7  23.7 
 24.8  24.8  26.2  26.5  28.6  30.1  41.6  48.7  53.4  47.2  25.1  23.7  22.9  22.7  22.9  22.8  22.7  22.8  22.9  23.0  22.7  22.6  23.1  23.1  22.8  22.6  23.5  23.5  23.5  23.3  23.6  23.9 
 25.1  25.8  26.9  27.6  30.6  33.9  54.7  63.0  74.5  71.4  35.1  26.0  22.9  22.8  22.9  22.9  22.8  22.6  23.0  23.0  22.6  22.8  23.0  23.1  22.9  22.8  23.0  23.2  23.2  23.2  23.4  23.8 
 25.4  25.8  27.2  27.9  30.9  34.1  53.4  62.5  78.5  79.3  37.8  26.3  22.9  22.9  22.9  22.9  22.7  22.7  22.9  22.9  22.8  22.6  23.0  22.9  22.8  22.7  23.4  23.1  23.2  23.1  23.9  23.6 
 25.5  25.5  26.9  27.3  29.8  31.7  44.5  53.3  73.4  70.6  30.7  24.8  23.1  22.8  23.0  23.0  22.7  22.7  22.9  22.9  22.9  22.7  23.0  23.0  22.8  22.7  23.3  23.4  22.9  23.3  23.7  24.0 
 25.5  25.3  26.6  26.9  28.6  29.8  37.3  42.4  54.3  50.3  26.2  24.0  23.1  22.8  23.1  22.9  22.8  22.7  23.1  22.8  22.7  22.7  22.9  23.1  23.1  22.8  23.4  23.4  23.2  23.0  24.0  23.7 
 25.7  25.6  26.9  26.8  26.9  27.5  28.9  29.9  29.8  28.3  24.2  23.6  22.6  23.0  23.2  23.1  22.9  22.8  23.0  23.1  22.8  22.8  23.2  23.2  22.7  23.0  23.2  23.3  23.3  23.4  24.0  24.1 
 25.7  25.8  26.5  26.6  26.5  26.1  27.7  27.6  27.1  26.4  24.0  23.5  23.0  22.8  23.1  23.1  22.8  22.7  23.1  23.1  22.8  22.8  23.2  23.2  23.0  22.7  23.6  23.7  23.2  23.2  24.2  24.5 
 25.3  25.3  26.1  26.0  25.5  25.6  26.1  26.1  25.2  24.8  23.9  23.6  23.0  23.1  23.2  23.3  22.9  22.7  23.1  23.2  22.8  22.9  23.3  23.3  23.1  22.9  23.8  23.4  23.7  24.2  25.4  26.3 
 25.5  25.4  26.1  25.7  25.7  25.5  25.7  25.9  24.6  24.4  23.9  23.6  23.1  22.9  23.2  23.5  23.0  23.0  23.3  23.1  22.9  23.0  23.4  23.3  23.3  23.0  23.8  24.1  24.9  24.9  26.1  26.7 
 26.2  25.7  25.7  25.9  25.1  25.0  25.3  25.1  24.6  24.2  23.9  23.7  23.3  23.3  23.5  23.3  23.2  23.1  23.5  23.3  23.2  23.3  23.7  23.6  23.6  23.7  25.7  26.1  26.0  26.0  27.3  27.3 
 27.0  26.3  25.8  25.9  25.0  25.0  25.0  25.0  23.9  24.0  23.8  24.0  23.4  23.2  23.7  23.6  23.2  23.2  23.4  23.5  23.4  23.2  24.0  24.2  24.5  25.0  26.5  27.1  26.7  26.0  27.7  27.7 
