 29.4  29.4  29.7  29.9  29.4  30.4  32.0  31.5  31.2  30.8  29.3  27.6  24.3  24.1  24.1  24.3  24.0  24.1  24.3  24.4  24.1  24.1  24.4  24.7  24.3  24.4  25.0  25.5  25.2  25.5  26.7  27.5 
 29.3  29.2  29.6  29.3  29.7  30.3  31.5  30.9  30.4  29.7  27.7  26.0  24.2  24.1  24.2  24.3  24.2  23.7  24.3  24.2  24.2  23.9  24.3  24.4  24.5  24.4  25.1  25.3  25.6  25.4  26.5  27.4 
 29.6  29.0  29.1  28.4  26.9  27.4  29.1  28.8  27.4  26.6  25.1  24.5  24.1  24.0  24.2  24.3  24.0  24.0  24.0  24.3  24.1  24.2  24.2  24.6  24.4  24.6  25.7  25.7  26.0  26.1  26.5  26.7 
 29.6  28.9  29.0  28.2  24.9  25.2  27.0  27.0  26.0  25.3  24.5  24.4  24.3  23.9  24.2  24.2  24.1  23.8  24.1  24.2  24.0  24.0  24.5  24.6  24.5  24.7  25.7  25.9  26.0  25.9  26.9  26.8 
 29.9  29.5  28.3  27.7  24.7  24.3  24.3  24.3  24.2  24.0  24.0  24.3  24.1  24.0  24.3  24.2  24.0  23.9  24.1  24.0  24.0  24.0  24.2  24.3  25.2  25.7  26.8  27.0  26.8  26.9  27.1  26.8 
 29.0  28.6  28.4  27.5  24.7  24.2  24.4  24.5  24.1  24.0  24.3  24.1  24.0  23.9  24.3  24.2  24.1  23.9  24.3  24.2  24.1  24.0  24.4  24.5  25.9  26.2  27.4  27.8  26.9  27.0  27.4  27.0 
 29.0  28.5  27.6  26.3  24.4  24.3  24.2  24.4  24.0  24.1  24.1  24.2  24.0  23.9  24.1  24.3  24.0  24.2  24.1  24.3  24.1  24.3  24.7  25.3  28.4  29.4  29.9  29.7  27.6  27.5  27.3  27.3 
 29.1  28.7  26.6  25.8  24.3  24.0  24.4  24.2  24.0  23.9  24.2  24.2  24.0  24.0  24.2  24.1  24.1  24.1  24.2  24.2  24.1  24.1  25.2  26.7  33.0  33.4  31.7  30.5  28.3  28.1  27.8  26.9 
 27.3  26.8  25.2  24.6  24.2  24.1  24.3  24.3  23.9  24.0  24.3  24.1  24.0  24.1  24.1  24.5  24.1  24.0  24.3  24.3  24.2  24.4  38.0  51.8  64.5  59.2  38.0  33.6  28.9  28.3  27.5  27.4 
 26.3  25.7  24.7  24.7  24.3  24.2  24.1  24.3  24.1  23.8  24.3  24.0  24.0  23.9  24.1  24.1  24.1  24.1  24.1  24.3  24.4  25.0  53.1  70.3  83.7  74.1  42.3  35.2  29.5  28.9  27.6  27.7 
 24.4  24.6  24.2  24.4  24.0  24.0  24.2  24.3  23.9  23.8  24.1  24.1  24.0  24.0  24.1  24.2  23.9  24.1  24.2  24.2  24.9  27.0  64.4  74.6  76.4  71.8  44.7  36.9  30.0  29.0  27.7  27.7 
 24.5  24.2  24.5  24.3  24.1  24.0  24.2  24.3  24.2  23.8  24.1  24.0  23.9  23.9  24.0  24.1  24.1  23.9  24.2  24.4  24.8  26.3  60.7 nan  66.5  59.6  41.2  36.1  30.0  28.9  28.0  27.5 
 24.4  24.3  24.2  24.5  24.0  24.1  24.2  24.3  23.9  24.0  23.9  24.2  24.0  24.1  24.0  24.1  24.0  24.0  24.2  24.3  24.3  24.4  34.0  43.3  47.3  43.5  33.6  31.9  29.3  28.6  27.8  27.3 
 24.2  24.4  24.3  24.5  24.0  24.0  24.2  24.3  23.9  23.9  24.2  24.2  24.0  24.0  24.1  24.1  24.0  23.9  24.1  24.3  24.2  24.2  27.4  31.0  36.4  34.7  30.4  29.9  28.5  28.1  27.2  27.2 
 24.2  24.4  24.1  24.3  24.2  24.1  24.1  24.0  24.0  24.0  23.9  24.1  23.9  23.8  24.0  24.2  23.9  23.9  24.1  24.4  24.1  24.1  24.4  24.7  26.1  26.7  27.2  27.4  26.8  26.5  26.6  26.7 
 24.5  24.3  24.5  24.4  24.1  24.1  24.2  24.2  24.1  23.8  24.2  24.1  24.0  23.9  24.0  23.9  23.8  23.9  24.2  24.3  24.1  23.8  24.3  24.6  24.9  25.3  26.6  26.4  26.3  26.1  26.1  26.3 
 24.3  24.3  24.4  24.4  23.8  23.9  24.0  24.3  24.1  24.0  24.1  24.0  23.9  23.8  24.0  24.1  23.9  24.0  24.3  24.1  24.1  24.0  24.2  24.4  24.3  24.7  25.3  25.6  25.2  25.3  25.8  25.7 
 24.6  24.2  24.5  24.4  23.9  24.0  24.3  24.2  24.1  23.9  24.1  24.1  23.9  23.8  24.3  24.2  24.1  24.0  24.4  24.1  24.0  24.2  24.5  24.3  24.4  24.3  25.0  25.3  25.2  25.1  25.8  25.8 
 24.5  24.3  24.7  24.5  24.0  24.0  24.3  24.4  24.1  23.9  24.2  24.1  24.0  24.0  24.2  24.3  24.2  24.1  24.3  24.3  24.1  24.1  24.3  24.5  24.4  24.7  24.7  25.0  24.8  25.0  25.4  25.8 
 24.3  24.5  24.3  24.6  24.1  23.7  24.3  24.2  23.9  23.9  24.2  24.0  23.9  24.1  24.1  24.2  24.1  24.0  24.4  24.3  24.1  24.0  24.6  24.4  24.4  24.3  24.9  24.7  24.6  24.9  25.5  25.6 
 24.5  24.6  24.7  24.8  24.4  24.2  24.4  24.4  24.1  24.0  24.2  24.2  24.1  23.9  24.1  24.3  24.1  24.0  24.2  24.3  24.3  24.1  24.7  24.7  24.5  24.5  24.8  25.1  24.8  24.8  25.8  26.3 
 24.9  24.3  25.1  24.7  24.4  24.1  24.4  24.4  24.2  24.0  24.1  24.2  24.1  24.1  24.2  24.4  24.1  24.1  24.4  24.4  24.2  24.2  24.6  24.5  24.5  24.5  24.9  25.0  24.9  25.1  26.1  27.3 
 25.6  24.8  24.8  24.8  24.5  24.1  24.6  24.5  24.3  24.0  24.3  24.6  24.3  24.1  24.3  24.4  24.3  24.4  24.7  24.5  24.2  24.4  24.7  24.6  24.4  24.4  25.3  25.2  24.8  25.4  27.3  28.2 
 26.1  25.3  25.0  25.4  24.8  24.5  24.6  24.9  24.3  24.1  24.3  24.4  24.2  24.2  24.4  24.5  24.2  24.2  24.5  24.5  24.4  24.5  24.7  24.7  24.6  24.5  25.2  25.7  25.6  26.0  28.1  29.1 
