 23.0  22.6  22.9  22.7  22.3  22.1  22.3  22.1  22.1  21.9  22.3  22.2  22.2  21.9  22.1  22.1  21.9  21.7  22.3  22.0  22.0  22.0  22.2  22.2  22.3  22.1  23.0  23.0  23.1  22.9  23.8  24.7 
 22.7  22.6  22.5  22.9  22.4  22.2  22.5  22.5  22.1  22.2  22.1  22.4  21.9  21.9  21.9  22.1  21.9  21.8  22.4  22.2  22.1  22.2  22.3  22.4  22.0  22.6  23.0  24.1  23.4  22.8  23.8  24.5 
 22.8  22.5  22.8  22.8  22.3  21.9  22.5  22.5  22.3  22.2  22.2  22.4  22.0  21.9  22.1  21.9  21.9  21.8  22.1  22.0  22.1  22.1  22.5  22.2  22.1  22.2  22.5  22.4  22.6  22.6  23.3  22.9 
 22.6  22.6  22.8  22.9  22.2  22.2  22.6  22.5  22.4  22.2  22.4  22.4  22.1  21.8  22.0  22.2  21.9  21.7  22.2  22.0  22.1  22.0  22.3  22.4  22.1  21.9  22.4  22.8  22.6  22.6  22.8  23.5 
 22.8  22.4  22.7  22.8  22.4  22.2  22.5  22.7  22.8  22.5  22.6  22.4  22.1  21.8  22.2  21.9  21.9  21.9  22.2  22.1  22.1  21.8  22.4  22.2  22.3  22.2  22.7  22.5  22.3  22.5  22.8  22.6 
 22.3  22.2  22.7  22.7  22.1  22.4  22.7  22.7  23.0  23.4  22.7  22.6  22.1  22.0  22.0  22.2  21.8  21.8  21.8  22.1  21.9  21.9  22.1  22.3  22.2  22.0  22.5  22.7  22.5  22.7  22.9  22.9 
 22.6  22.4  22.8  22.5  22.3  22.4  22.7  23.0  24.7  25.9  23.8  22.6  22.0  22.0  22.0  22.1  21.8  21.7  22.0  22.1  22.2  22.0  22.2  22.1  22.2  22.0  22.4  22.3  22.4  22.3  22.9  22.6 
 22.5  22.4  22.6  22.7  22.3  22.2  22.6  22.9  25.1  26.6  23.9  22.7  22.0  21.9  22.2  22.1  21.9  21.8  22.0  22.2  21.8  21.9  22.3  22.3  22.0  22.2  22.3  22.6  22.4  22.2  22.1  22.2 
 23.0  22.6  22.9  22.6  22.2  22.2  22.7  22.5  22.8  22.8  22.6  22.2  22.0  21.9  22.1  22.1  21.9  21.9  22.0  22.1  22.0  22.0  22.4  22.0  22.2  22.2  22.6  22.4  22.4  22.3  22.6  22.7 
 22.8  22.9  22.8  23.1  22.7  22.5  22.4  22.5  22.5  22.5  22.3  22.5  22.0  21.9  22.1  22.1  21.8  22.0  22.0  22.3  22.0  21.8  22.2  22.4  22.2  22.2  22.6  22.8  22.3  22.6  22.7  23.0 
 23.2  23.2  23.6  23.5  23.2  23.2  22.8  22.7  22.4  22.3  22.4  22.2  22.0  22.0  22.3  22.2  22.0  21.9  22.1  22.1  22.1  22.0  22.2  22.0  22.2  22.2  22.9  23.2  22.9  22.8  22.7  22.9 
 23.4  23.2  23.7  23.9  24.1  24.1  23.5  23.1  22.7  22.5  22.2  22.5  22.0  22.0  22.2  22.2  22.0  22.0  21.9  22.3  21.8  21.9  22.0 nan  21.9  22.0  23.7  24.5  23.2  22.7  22.7  23.0 
 23.9  23.7  24.9  25.2  26.6  27.4  32.5  34.9  32.9  29.1  22.9  22.4  22.3  22.0  22.2  22.2  22.0  22.0  22.1  22.1  21.8  21.9  22.2  22.2  22.0  22.2  23.4  23.9  23.2  22.3  23.1  23.0 
 24.1  24.2  25.4  25.9  28.0  29.8  41.3  48.8  53.2  47.1  24.2  23.0  22.0  22.2  22.2  22.2  21.9  21.9  22.1  22.3  22.1  22.0  22.2  22.4  22.1  22.1  22.8  23.2  22.5  22.9  22.8  23.0 
 24.7  24.9  26.3  26.9  30.1  33.3  54.4  62.6  74.4  71.1  34.3  25.1  22.3  22.2  22.3  22.2  22.0  21.9  22.4  22.0  21.9  22.0  22.5  22.3  22.2  22.2  22.6  22.4  22.6  22.5  23.0  22.7 
 24.6  24.9  26.3  27.2  30.3  33.7  53.1  62.2  78.4  79.3  36.6  25.6  22.3  22.1  22.3  22.2  22.0  21.9  22.0  22.3  21.9  22.1  22.3  22.3  21.9  22.2  22.5  22.6  22.4  22.5  22.9  22.9 
 24.8  25.1  26.4  26.5  29.1  31.2  43.7  52.8  72.6  69.6  29.5  23.6  22.5  22.2  22.3  22.1  22.2  22.0  22.4  22.4  22.1  22.0  22.3  22.2  22.4  22.2  22.6  22.5  22.5  22.5  23.0  23.0 
 24.8  24.7  25.8  26.6  28.2  29.2  36.5  41.7  53.5  49.1  25.4  23.4  22.3  22.3  22.3  22.4  22.1  21.8  22.2  22.4  22.0  22.1  22.3  22.7  22.2  22.1  22.6  22.8  22.6  22.7  23.0  23.6 
 25.0  24.8  25.8  25.8  26.4  26.5  28.3  29.0  29.1  27.5  23.3  22.8  22.3  22.2  22.5  22.3  22.2  22.1  22.4  22.2  22.2  22.2  22.4  22.5  22.4  22.3  22.7  22.4  22.7  22.3  23.3  23.1 
 24.7  25.1  25.5  25.7  25.6  25.7  26.8  26.9  26.6  25.5  23.2  22.9  22.3  22.3  22.5  22.4  22.1  22.4  22.4  22.3  22.1  22.2  22.1  22.7  22.2  22.4  22.7  22.9  22.5  22.8  23.2  23.8 
 24.7  24.5  25.1  25.1  25.1  25.0  25.5  25.2  24.8  24.0  23.2  23.0  22.7  22.4  22.6  22.3  22.2  22.1  22.3  22.3  22.1  22.0  22.4  22.5  22.5  22.5  22.9  23.0  22.8  22.4  23.8  23.6 
 24.6  24.9  24.9  25.0  24.5  24.5  24.9  25.0  24.1  23.7  22.9  23.0  22.5  22.4  22.3  22.5  22.2  22.0  22.3  22.5  22.3  22.3  22.5  22.6  22.3  22.1  22.5  23.0  22.9  22.7  24.3  24.8 
 25.6  24.9  25.2  24.9  24.6  24.1  24.5  24.0  23.7  23.3  23.1  22.9  22.8  22.5  22.6  22.5  22.5  22.2  22.6  22.4  22.3  22.2  23.0  22.6  22.5  22.2  23.3  23.1  23.1  22.8  25.0  25.7 
 25.7  25.2  24.8  25.4  24.0  24.2  24.1  24.4  23.5  23.2  23.0  23.2  22.4  22.5  22.5  22.7  22.4  22.3  22.5  22.5  22.1  22.3  22.6  22.9  22.4  22.4  23.0  23.4  23.0  23.7  25.6  26.5 
