 29.2  29.1  29.5  29.8  29.6  30.1  31.6  31.5  30.9  30.6  28.7  26.9  24.3  24.0  24.2  24.4  24.1  24.1  24.2  24.2  24.1  24.1  24.4  24.7  24.4  24.2  25.3  25.2  26.0  25.3  26.9  28.2 
 29.1  29.0  29.4  29.8  29.3  30.1  31.1  30.8  30.1  29.4  27.4  25.5  24.2  24.0  24.3  24.2  23.9  23.8  24.4  24.2  24.1  23.9  24.4  24.5  24.2  24.5  25.1  25.4  25.2  25.7  26.4  26.9 
 29.4  28.9  28.9  28.1  26.5  27.0  28.5  28.3  27.2  26.1  24.7  24.4  24.0  23.9  24.2  24.0  24.1  23.8  24.1  24.1  24.1  23.9  24.2  24.6  24.8  24.7  25.5  25.7  26.1  26.0  26.5  26.9 
 28.7  28.8  28.7  28.2  24.9  24.9  26.6  26.6  25.4  25.1  24.4  24.3  24.0  24.0  24.4  24.4  24.0  24.0  24.2  24.1  23.9  24.2  24.2  24.3  24.4  24.8  25.8  25.7  25.8  26.2  26.7  26.8 
 29.4  28.9  28.1  27.5  24.7  24.3  24.2  24.3  24.2  24.0  24.0  24.4  24.2  23.9  24.2  24.1  24.0  23.9  24.0  24.1  24.2  24.0  24.3  24.4  25.2  25.4  26.7  27.0  26.9  26.4  27.0  27.0 
 28.4  28.3  27.8  27.1  24.4  24.4  24.3  24.3  24.0  24.1  24.3  24.1  23.9  24.2  24.1  24.1  24.0  24.1  24.2  24.1  24.0  24.0  24.4  24.5  25.8  26.2  27.3  27.4  27.0  27.2  27.0  26.9 
 29.3  28.3  27.0  26.1  24.4  23.9  24.1  24.4  24.0  23.9  24.1  24.3  23.9  23.9  24.1  24.1  24.0  24.0  24.1  24.2  24.1  24.0  24.4  25.0  28.5  29.3  29.8  29.7  28.1  27.6  27.6  27.4 
 28.6  28.3  26.4  25.5  24.1  24.1  24.2  24.1  23.9  24.0  24.1  24.1  23.8  24.0  24.2  24.2  24.0  24.1  24.2  24.2  23.8  24.0  25.2  26.9  33.3  33.5  31.6  30.5  28.2  28.1  27.4  26.8 
 26.6  26.2  24.9  24.6  24.1  23.8  24.2  24.3  24.1  23.8  24.2  24.4  23.9  23.9  24.2  24.3  24.2  24.0  24.3  24.4  24.2  24.3  37.9  51.8  64.4  59.2  38.2  33.6  29.2  28.5  27.8  27.4 
 25.7  25.2  24.5  24.3  24.0  24.1  24.3  24.2  23.9  24.0  24.2  24.0  23.9  24.0  24.1  24.1  23.9  24.0  24.3  24.3  24.3  25.0  53.2  70.3  83.7  74.1  42.5  35.0  29.2  28.6  27.9  27.3 
 24.5  24.0  24.4  24.7  24.1  24.0  24.2  24.4  24.0  23.8  23.9  24.2  23.9  23.9  24.2  24.1  24.1  24.0  24.2  24.3  24.8  27.2  64.5  74.7  76.6  71.8  44.8  36.9  30.0  29.2  27.7  27.8 
 24.4  24.1  24.4  24.4  23.8  24.0  24.2  24.2  24.0  23.9  24.0  24.0  23.7  23.8  24.1  24.0  24.1  24.0  24.3  24.4  24.6  26.4  60.9 nan  66.6  59.8  41.2  36.1  30.1  29.2  28.0  27.3 
 24.5  24.2  24.4  24.7  24.1  23.8  24.2  24.5  23.8  24.0  24.1  24.1  23.9  23.8  24.0  24.1  23.9  23.8  24.3  24.3  24.3  24.3  34.1  43.4  47.4  43.4  33.9  31.8  29.5  28.5  27.6  27.3 
 24.4  24.4  24.5  24.5  24.0  24.2  24.4  24.3  23.8  23.9  24.1  24.1  23.9  24.0  24.2  24.1  23.9  24.0  24.3  24.3  24.1  24.3  27.5  31.2  36.5  35.0  30.7  30.0  28.3  28.1  27.6  27.0 
 24.7  24.4  24.2  24.5  24.1  23.9  24.2  24.2  24.1  24.0  24.0  24.2  23.9  23.8  23.9  24.2  24.0  23.8  24.2  24.2  24.2  24.0  24.6  24.6  26.1  26.6  27.3  27.4  27.0  26.5  26.6  26.6 
 24.3  24.3  24.4  24.2  23.9  23.9  24.2  24.1  24.0  23.9  24.2  23.9  23.9  24.0  24.2  24.0  23.8  24.0  24.2  24.1  24.1  24.1  24.3  24.4  24.9  25.5  26.3  26.8  26.1  26.2  26.1  25.8 
 24.4  24.3  24.2  24.2  24.1  23.8  24.1  24.2  24.0  23.9  24.1  24.2  24.0  23.8  24.1  24.1  24.1  23.9  24.2  24.2  24.1  23.8  24.2  24.5  24.5  24.5  25.2  25.5  25.4  25.3  25.5  26.0 
 24.4  24.4  24.7  24.4  23.9  24.1  24.3  24.0  23.9  23.9  24.1  24.0  23.9  23.9  24.1  24.1  23.9  24.2  24.4  24.1  24.1  24.1  24.3  24.5  24.2  24.4  25.3  25.0  25.1  25.2  25.7  25.8 
 25.0  24.5  24.4  24.6  24.0  23.9  24.2  24.4  24.1  23.8  24.2  24.2  24.0  23.9  24.0  24.3  24.1  24.0  24.2  24.4  24.3  24.0  24.3  24.6  24.5  24.4  24.7  25.0  25.1  24.7  25.4  25.8 
 24.2  24.6  24.8  24.6  23.9  24.0  24.3  24.2  23.8  23.9  24.2  24.1  23.9  24.2  24.2  24.0  24.0  24.0  24.4  24.1  24.1  24.0  24.4  24.4  24.4  24.6  24.9  24.8  24.4  25.1  25.8  25.5 
 24.5  24.2  24.3  25.1  24.4  24.1  24.4  24.4  24.1  23.9  23.9  24.1  24.3  23.9  24.1  24.3  23.9  24.0  24.2  24.3  24.3  24.0  24.4  24.5  24.6  24.2  24.8  25.1  24.8  24.8  25.8  26.2 
 24.5  24.7  25.2  24.6  24.4  24.2  24.4  24.2  24.0  24.0  24.3  24.2  23.9  24.0  24.3  24.2  23.9  24.1  24.5  24.3  24.2  24.4  24.7  24.6  24.1  24.6  25.1  25.0  24.9  25.1  26.1  27.0 
 25.9  25.1  24.8  25.2  24.8  24.1  24.5  24.5  24.3  24.3  24.2  24.4  24.5  24.0  24.3  24.7  24.4  24.1  24.5  24.8  24.3  24.4  24.7  24.9  24.7  24.3  25.2  25.1  25.2  25.0  27.3  29.0 
 25.5  25.5  24.9  25.0  24.5  24.7  24.6  24.4  24.2  24.5  24.7  24.3  24.0  24.4  24.6  24.3  24.2  24.5  24.6  24.6  24.3  24.4  25.0  24.6  24.3  24.5  25.4  25.4  25.0  25.5  28.9  29.1 
