 29.7  29.5  29.7  29.7  29.8  31.0  32.1  31.8  31.7  31.1  29.8  28.5  24.4  23.9  24.1  24.3  23.9  24.0  24.2  24.1  24.1  24.0  24.3  24.3  24.3  24.3  24.8  25.2  25.5  25.7  26.9  27.9 
 29.5  29.2  29.8  29.7  29.9  30.7  31.6  31.2  30.9  30.5  28.4  26.7  24.1  24.1  24.3  24.0  24.0  23.8  24.3  23.9  24.0  23.9  24.2  24.3  24.4  24.5  24.9  25.3  25.6  25.6  26.5  26.9 
 29.8  29.4  29.1  28.5  27.4  28.0  29.5  29.2  28.3  27.5  25.4  24.5  24.0  24.0  24.0  24.2  24.1  23.9  23.9  24.1  24.2  24.0  24.0  24.2  24.6  24.4  25.5  25.6  25.8  26.0  26.0  26.7 
 29.4  28.8  28.7  27.8  25.4  25.8  27.7  27.7  26.6  25.9  24.7  24.3  24.1  23.9  24.0  24.2  24.1  23.8  24.2  24.1  23.8  23.8  24.2  24.2  24.4  24.7  25.7  25.8  26.0  26.0  26.4  26.8 
 29.4  29.1  28.0  27.5  24.6  24.3  24.4  24.3  24.2  24.0  24.1  24.0  24.1  24.0  24.1  24.0  23.9  23.8  24.0  24.0  24.0  23.9  24.0  24.4  25.2  25.6  26.7  26.6  26.6  26.6  26.6  26.8 
 28.9  28.8  28.3  27.2  24.3  24.2  24.2  24.4  24.2  24.0  24.1  23.9  24.1  24.0  24.1  24.1  24.0  23.8  24.0  24.0  23.9  23.8  24.3  24.4  25.7  26.3  27.2  27.4  27.3  27.0  27.1  26.5 
 28.7  28.2  27.3  26.2  24.4  24.0  24.0  23.9  24.0  24.1  24.1  23.9  23.9  23.9  24.0  24.2  24.0  24.0  24.2  23.9  24.1  24.0  24.4  25.0  28.6  29.3  29.7  29.3  28.0  27.6  27.2  27.3 
 29.2  28.3  27.0  26.0  24.3  24.0  24.1  23.9  24.1  23.9  24.2  23.9  24.0  24.0  24.1  24.1  24.1  23.9  24.1  23.9  24.0  23.8  24.9  26.6  33.2  33.5  31.6  30.4  28.2  28.0  27.3  26.6 
 27.5  27.1  25.6  24.6  23.9  24.0  24.0  24.2  24.0  24.0  23.9  24.0  24.1  24.1  24.0  24.2  24.1  24.1  24.2  24.3  24.2  24.2  38.0  51.7  64.3  59.1  37.8  33.6  29.1  28.6  27.4  27.8 
 26.7  26.1  24.7  24.4  24.2  23.9  24.0  24.1  23.8  23.8  24.0  23.9  23.9  23.9  24.1  24.0  24.1  24.0  24.3  24.2  24.4  25.0  53.1  70.3  83.7  74.2  42.3  35.1  29.5  28.6  28.1  27.2 
 24.7  24.4  24.1  24.5  24.0  24.0  24.1  24.0  24.0  23.9  24.0  24.0  24.0  23.7  24.1  24.1  24.0  24.0  24.2  24.2  24.8  27.1  64.4  74.7  76.6  71.9  44.7  36.8  30.0  28.9  27.7  27.5 
 24.4  24.2  24.3  24.3  24.0  23.8  24.3  24.1  23.9  23.7  23.9  23.9  23.9  23.8  24.0  24.0  24.0  23.9  24.1  24.1  24.5  26.3  60.7 nan  66.6  59.8  41.1  36.0  30.0  29.1  27.7  27.5 
 24.5  24.2  24.3  24.3  24.0  23.8  24.1  24.1  23.9  24.0  24.0  24.0  23.9  23.9  24.0  24.1  24.0  23.9  24.2  24.2  24.1  24.2  34.1  43.4  47.4  43.5  33.6  31.8  29.2  28.7  27.5  27.4 
 24.1  24.3  24.2  24.3  23.9  23.9  24.2  24.1  23.9  23.8  24.1  23.9  23.9  23.9  24.0  24.0  23.9  23.9  24.0  24.2  24.2  24.2  27.4  31.1  36.5  35.0  30.6  29.8  28.5  28.0  27.4  26.9 
 24.2  24.2  24.1  24.3  24.2  24.1  24.0  24.2  24.1  24.0  24.0  24.2  23.9  23.9  23.9  24.1  23.9  23.9  24.1  24.2  24.0  24.0  24.4  24.5  26.1  26.6  27.3  27.1  26.8  26.5  26.3  26.3 
 24.2  24.0  24.5  24.2  23.9  23.8  24.0  24.0  23.9  23.7  24.2  23.9  23.9  23.9  24.0  24.0  23.7  23.9  24.3  24.1  24.0  24.2  24.4  24.4  25.1  25.3  26.5  26.5  26.1  26.1  26.1  25.6 
 24.6  24.3  24.3  24.1  24.2  23.8  24.0  24.2  24.0  23.9  23.9  23.9  23.8  23.8  23.9  24.0  24.1  24.1  24.0  24.2  24.0  24.0  24.1  24.3  24.6  24.5  25.3  25.4  25.2  25.3  25.6  25.7 
 24.6  24.1  24.3  24.1  24.0  23.8  24.2  24.0  23.8  23.7  24.1  23.9  23.9  23.9  24.1  24.2  23.9  23.8  24.2  24.2  24.0  24.1  24.2  24.4  24.5  24.3  25.0  25.0  25.1  25.1  25.5  25.6 
 24.5  24.2  24.6  24.4  24.1  23.9  24.1  24.4  24.2  23.9  24.1  24.0  23.7  23.9  24.1  24.1  24.0  23.8  24.0  24.3  24.3  23.9  24.2  24.6  24.4  24.4  24.6  24.7  25.0  24.8  25.1  26.0 
 24.5  24.5  24.8  24.5  23.8  23.9  24.3  24.2  23.8  23.9  23.9  24.1  23.9  23.8  24.2  24.1  23.9  23.8  24.3  23.9  23.9  24.1  24.4  24.3  24.3  24.4  24.7  24.7  24.9  25.1  25.5  25.4 
 24.7  24.3  24.5  24.6  24.1  24.1  23.9  24.0  24.1  23.8  24.0  24.1  24.1  24.1  24.0  24.1  24.0  24.0  24.1  24.3  24.2  24.3  24.3  24.5  24.5  24.6  25.0  25.0  25.0  25.0  25.8  26.0 
 24.9  24.5  24.6  24.3  24.2  24.1  24.3  24.3  23.9  24.1  24.2  24.0  24.0  24.0  24.0  24.3  24.1  24.0  24.4  24.4  24.2  24.2  24.5  24.3  24.4  24.3  24.9  25.0  24.9  24.9  26.1  26.7 
 25.6  24.9  24.7  24.5  24.3  24.6  24.3  24.4  24.2  24.2  24.1  24.2  24.4  24.1  24.2  24.2  24.3  24.2  24.3  24.4  24.3  24.3  24.4  24.7  24.6  24.5  25.0  25.2  25.0  25.4  27.3  27.8 
 25.8  25.5  24.9  24.8  24.7  24.5  24.6  24.6  24.2  24.2  24.6  24.4  24.1  24.0  24.4  24.4  24.1  24.2  24.3  24.3  24.4  24.3  24.6  24.5  24.6  24.4  24.9  25.2  25.0  25.8  28.1  28.1 
