 23.2  22.8  22.9  23.1  22.2  22.5  22.3  22.5  22.3  22.1  22.2  22.7  22.0  21.9  22.0  22.5  22.2  22.1  22.4  22.6  22.1  22.1  22.5  22.8  22.3  22.6  23.0  23.7  23.3  23.4  23.8  25.3 
 23.3  23.0  23.0  22.7  22.7  22.3  22.7  22.4  22.5  22.3  22.6  22.5  22.2  21.9  22.2  22.1  22.1  22.0  22.4  22.4  22.3  22.0  22.7  22.4  22.4  22.3  23.1  24.1  23.3  23.2  24.0  24.2 
 23.1  22.7  22.9  22.8  22.3  22.2  22.6  22.6  22.4  22.1  22.1  22.6  22.2  21.9  22.2  22.4  22.0  22.0  22.2  22.4  22.0  22.0  22.2  22.6  22.5  22.5  22.5  23.2  22.9  22.8  23.3  23.5 
 22.8  22.7  23.0  22.6  22.6  22.2  22.7  22.6  22.7  22.5  22.8  22.2  22.1  21.8  22.3  22.2  22.0  21.9  22.3  22.0  22.2  22.3  22.4  22.3  22.3  22.4  23.1  22.6  22.6  22.6  23.6  23.1 
 22.8  22.7  22.7  22.9  22.6  22.5  22.4  22.8  23.1  22.9  22.4  22.6  22.2  22.1  22.2  22.3  22.0  21.8  22.1  22.1  22.1  22.1  22.2  22.6  22.4  22.3  22.5  22.7  22.5  22.5  22.8  23.3 
 22.7  22.5  23.0  22.6  22.4  22.4  22.8  22.8  23.4  23.6  22.9  22.4  22.1  22.0  22.3  22.1  22.1  21.9  22.4  22.1  22.1  21.9  22.5  22.3  22.5  22.2  22.8  22.7  22.6  22.6  23.4  23.2 
 22.9  22.8  22.6  22.8  22.4  22.3  22.8  23.1  25.1  26.3  23.7  23.0  22.2  22.2  22.1  22.3  21.8  21.8  22.0  22.1  22.0  22.2  22.3  22.6  22.3  22.0  22.5  23.0  22.7  22.4  23.0  23.2 
 22.8  22.6  23.0  22.7  22.6  22.3  23.0  22.9  25.5  26.7  24.3  22.7  22.1  22.0  22.3  22.2  21.9  22.0  22.2  22.1  22.2  22.0  22.7  22.2  22.3  22.3  22.8  22.5  22.5  22.6  22.9  22.1 
 23.0  23.0  22.9  22.8  22.5  22.4  22.7  22.8  22.9  23.0  22.7  22.7  22.2  22.1  22.3  22.4  22.1  21.9  22.1  22.2  22.2  22.3  22.2  22.5  22.4  22.2  22.5  22.7  22.5  22.4  22.9  23.0 
 23.3  23.0  23.4  22.9  22.8  22.4  22.9  22.6  22.7  22.6  22.6  22.4  22.1  22.2  22.2  22.3  22.0  22.0  22.2  22.2  22.2  22.1  22.4  22.3  22.2  22.3  22.8  22.5  22.5  22.6  23.2  23.1 
 23.5  23.5  23.5  23.9  23.5  23.4  22.8  22.9  22.5  22.5  22.4  22.5  22.2  22.1  22.2  22.2  22.2  22.1  22.2  22.3  22.1  22.0  22.3  22.4  22.4  22.1  22.9  23.4  23.2  22.7  22.7  23.3 
 23.4  23.1  24.0  23.9  24.3  24.3  23.7  23.3  22.7  22.7  22.6  22.5  22.2  22.0  22.5  22.2  22.1  22.0  22.3  22.3  22.2  22.1  22.3 nan  22.2  22.1  24.0  24.6  23.5  23.0  23.3  22.8 
 24.2  24.0  25.0  25.6  26.7  27.5  32.5  35.0  33.0  29.0  22.8  22.8  22.3  22.2  22.2  22.4  22.1  22.1  22.2  22.2  22.2  22.0  22.3  22.4  22.1  22.4  23.7  24.3  23.0  22.7  22.9  23.3 
 24.5  24.5  25.8  26.1  28.2  29.7  41.6  48.8  53.4  47.1  24.6  22.9  22.4  22.3  22.4  22.2  22.1  22.0  22.3  22.2  22.1  22.1  22.5  22.3  22.3  22.3  22.9  22.9  22.9  22.9  23.1  23.1 
 25.0  25.0  26.2  27.3  30.2  33.5  54.2  62.7  74.5  71.2  34.4  25.3  22.3  22.2  22.3  22.3  22.3  22.0  22.2  22.3  22.0  22.0  22.4  22.3  22.3  22.4  22.4  22.7  22.8  22.8  22.9  23.2 
 24.9  25.0  26.7  27.0  30.4  33.8  53.1  61.9  78.6  79.5  36.9  25.5  22.6  22.4  22.4  22.3  22.1  22.1  22.3  22.3  22.2  22.2  22.5  22.4  22.3  22.2  22.8  22.8  22.7  22.9  23.3  22.9 
 25.1  25.0  26.1  27.0  29.1  31.3  43.8  53.0  72.9  69.8  29.5  24.0  22.6  22.2  22.3  22.4  22.3  22.1  22.3  22.4  22.3  21.9  22.2  22.5  22.5  22.4  22.7  22.8  22.6  22.5  23.5  23.7 
 25.0  25.2  26.4  26.6  28.3  29.3  36.7  41.7  53.8  49.1  25.7  23.2  22.5  22.5  22.6  22.4  22.1  22.1  22.6  22.3  22.3  22.2  22.7  22.3  22.4  22.3  22.9  22.6  22.5  22.7  23.5  23.4 
 25.1  24.9  25.8  26.5  26.4  26.7  28.4  29.2  29.4  27.8  23.5  23.0  22.5  22.5  22.5  22.6  22.4  22.2  22.3  22.5  22.4  22.1  22.4  22.7  22.6  22.5  22.6  22.9  23.0  22.6  23.0  23.7 
 25.0  25.2  26.0  26.0  26.0  25.9  27.1  27.0  26.5  25.7  23.6  22.9  22.5  22.4  22.5  22.2  22.3  22.1  22.5  22.3  22.3  22.4  22.7  22.4  22.4  22.6  23.0  22.7  22.6  22.9  23.4  23.6 
 25.2  25.0  25.2  25.4  25.3  25.0  25.3  25.4  24.9  24.3  23.1  23.3  22.4  22.6  22.3  22.6  22.2  22.3  22.4  22.7  22.1  22.3  22.7  22.9  22.6  22.5  22.7  23.3  22.8  22.8  23.6  24.4 
 24.9  24.8  25.5  24.8  25.1  24.8  25.3  25.0  24.4  24.0  23.4  23.0  22.7  22.5  22.5  22.6  22.4  22.3  22.7  22.4  22.2  22.2  22.8  22.6  22.7  22.5  23.0  23.1  22.9  22.9  24.1  24.8 
 25.6  25.3  24.7  25.2  24.5  24.2  24.7  24.4  23.8  23.4  23.2  23.5  22.7  22.6  22.7  22.7  22.5  22.3  22.7  22.5  22.6  22.2  22.6  23.0  22.8  22.4  23.1  23.4  23.3  23.2  24.3  26.5 
 26.3  25.7  24.9  24.5  24.6  24.1  24.6  24.1  23.6  23.5  23.4  23.2  22.8  22.7  22.7  22.6  22.6  22.3  22.8  22.6  22.6  22.6  23.0  23.1  22.6  22.5  23.4  23.5  23.2  23.5  26.4  27.0 
