 23.5  22.5  22.2  23.0  22.3  22.1  22.1  22.7  22.0  21.9  22.1  22.3  22.0  21.8  22.0  22.1  22.1  21.6  21.9  22.0  21.8  22.0  21.9  22.5  22.5  22.0  22.9  23.4  23.2  22.8  23.2  24.9 
 23.0  22.7  22.7  22.6  22.2  22.3  22.5  22.3  22.2  21.9  22.4  22.3  21.9  21.7  22.2  21.8  21.9  21.7  22.2  22.2  22.1  21.9  22.2  22.1  22.1  22.3  22.8  23.9  23.1  23.1  23.9  23.5 
 22.8  22.0  22.7  22.4  22.2  22.1  22.4  22.2  22.3  22.2  22.2  22.3  22.0  21.8  21.9  22.1  21.9  21.7  21.8  22.0  22.0  21.7  22.0  22.2  22.3  22.2  22.4  22.9  22.6  22.5  22.8  23.1 
 22.7  22.4  22.5  22.5  22.2  21.9  22.3  22.5  22.3  22.1  22.5  22.2  21.8  21.9  22.0  22.0  22.0  21.7  22.1  22.0  22.0  21.7  22.3  22.0  22.1  22.1  22.7  22.4  22.3  22.4  22.9  22.8 
 22.6  22.4  22.4  22.6  22.2  22.0  22.4  22.5  22.8  22.6  22.5  22.4  21.9  21.8  21.9  22.0  21.7  21.6  21.8  22.0  21.9  21.7  21.9  22.4  22.3  22.1  22.4  22.6  22.5  22.2  22.5  23.0 
 22.6  22.4  22.7  22.4  22.3  22.3  22.7  22.6  23.2  23.3  22.7  22.2  22.0  21.9  22.0  22.1  22.0  21.8  22.0  22.1  22.0  21.9  22.2  22.1  22.2  22.0  22.3  22.4  22.5  22.4  22.9  22.4 
 22.3  22.2  22.5  22.4  22.3  22.2  22.4  22.7  24.7  26.0  23.6  22.9  22.1  21.9  21.9  22.0  21.7  21.8  21.8  22.0  22.1  21.9  22.2  22.2  22.2  21.9  22.3  22.5  22.3  22.3  22.8  22.8 
 22.8  22.5  22.6  22.5  22.3  22.3  22.7  22.8  25.2  26.7  24.0  22.4  21.9  22.0  22.0  22.0  21.9  21.8  22.1  21.9  22.0  21.9  22.2  22.0  22.0  21.9  22.4  22.2  22.3  22.5  22.8  21.9 
 22.9  22.6  22.9  22.5  22.2  22.2  22.5  22.6  22.7  22.7  22.5  22.4  22.1  21.9  22.0  22.1  21.8  21.8  22.0  22.1  21.7  21.9  22.2  22.2  22.1  22.1  22.4  22.4  22.2  22.1  22.5  22.9 
 22.8  22.7  22.8  23.1  22.6  22.3  22.5  22.4  22.5  22.5  22.4  22.2  21.9  21.9  21.9  22.0  21.8  21.8  22.0  22.0  21.9  21.9  22.1  22.0  22.1  22.0  22.5  22.6  22.6  22.5  23.1  22.7 
 23.4  23.1  23.4  23.5  23.4  23.0  22.7  22.6  22.6  22.4  22.3  22.3  22.1  21.9  22.0  22.2  22.0  21.9  22.0  22.1  21.8  22.1  22.0  22.3  22.1  21.9  22.8  23.2  23.2  22.7  22.3  23.1 
 23.2  23.2  23.6  23.8  24.0  24.0  23.5  23.0  22.6  22.5  22.4  22.1  22.1  22.0  22.1  22.0  21.9  21.8  21.9  22.0  21.9  21.9  22.2 nan  22.0  22.0  23.7  24.5  23.1  22.7  22.9  22.9 
 24.1  24.0  24.7  25.3  26.4  27.2  32.4  34.6  32.7  28.9  22.6  22.4  22.2  22.0  22.0  22.2  21.9  21.8  22.0  22.1  21.9  21.8  22.0  22.2  22.2  22.2  23.3  24.2  23.2  22.5  22.8  23.2 
 24.2  24.2  25.4  25.9  27.9  29.7  41.4  48.6  53.3  47.1  24.2  22.8  22.2  22.0  22.2  22.0  22.0  21.8  22.0  22.0  21.9  21.8  22.2  22.0  22.1  22.0  22.8  22.8  23.1  22.5  22.7  22.7 
 24.7  24.8  26.3  27.0  30.0  33.2  54.0  62.4  74.4  71.2  34.1  25.1  22.2  22.1  22.0  22.3  22.0  21.8  22.1  22.1  22.0  21.9  22.2  22.2  22.1  22.1  22.2  22.3  22.5  22.5  22.8  22.8 
 24.9  24.7  26.6  26.9  30.3  33.5  52.8  61.8  78.5  79.3  36.5  25.3  22.3  22.1  22.1  22.0  21.9  22.0  22.1  22.2  21.9  22.0  22.2  22.3  22.1  22.0  22.5  22.3  22.4  22.4  22.9  22.8 
 24.7  25.1  25.8  26.5  29.1  31.2  43.7  52.7  72.8  69.6  29.3  23.9  22.4  22.1  22.1  22.1  22.0  22.0  22.1  22.1  22.1  21.8  22.1  22.3  22.4  22.2  22.5  22.6  22.3  22.5  23.0  23.2 
 24.7  24.5  26.0  26.2  28.1  29.0  36.4  41.4  53.6  49.0  25.3  23.0  22.4  22.2  22.3  22.3  22.1  21.9  22.2  22.2  22.1  22.1  22.2  22.1  22.3  22.2  22.5  22.5  22.7  22.4  23.2  23.1 
 24.7  24.8  25.5  26.3  26.5  26.4  28.1  29.0  29.2  27.4  23.3  22.9  22.4  22.3  22.4  22.2  22.2  22.1  22.1  22.3  22.2  22.1  22.2  22.5  22.5  22.2  22.5  22.8  22.9  22.5  22.9  23.3 
 24.7  24.6  25.6  25.6  25.7  25.4  26.9  26.7  26.3  25.7  23.0  22.7  22.5  22.1  22.4  22.2  22.2  22.0  22.3  22.1  22.2  22.1  22.3  22.4  22.3  22.3  22.6  22.8  22.5  22.5  23.3  23.3 
 25.0  24.5  24.8  25.3  25.2  25.1  25.0  25.3  24.7  24.1  22.9  23.1  22.4  22.3  22.3  22.4  22.1  22.1  22.3  22.3  22.3  22.1  22.3  22.5  22.3  22.2  22.5  22.8  22.5  22.5  23.0  23.5 
 24.6  24.6  25.0  25.0  24.7  24.7  24.9  24.7  24.2  23.9  22.9  23.0  22.4  22.4  22.3  22.4  22.0  22.0  22.3  22.4  22.2  22.1  22.3  22.3  22.1  22.4  22.6  22.7  22.6  22.8  23.7  24.4 
 25.8  24.5  24.6  24.9  24.7  24.3  24.1  24.3  23.8  23.4  23.0  23.2  22.8  22.5  22.3  22.6  22.4  22.0  22.3  22.4  22.6  22.2  22.6  22.7  22.6  22.2  22.8  22.9  23.0  22.9  24.9  25.1 
 25.5  25.4  24.8  24.6  24.4  23.8  24.1  24.0  23.3  23.1  23.3  23.1  22.4  22.4  22.5  22.5  22.2  22.2  22.3  22.2  22.4  22.3  22.7  22.5  22.4  22.4  22.7  23.1  22.9  23.6  25.0  25.9 
