 26.2  25.1  25.8  25.1  25.5  24.5  28.9  25.5  30.3  25.6  29.1  25.8  25.2  24.3  24.2  24.4  24.2  24.1  24.4  24.4  24.2  24.0  24.5  24.5  24.3  24.3  25.3  25.2  26.7  26.8  28.1  28.6 
 25.4  25.1  25.1  25.4  24.8  25.3  25.0  29.3  25.4  28.9  25.3  27.4  24.4  24.3  24.4  24.3  24.4  24.1  24.3  24.3  24.1  23.8  24.1  24.5  24.5  24.4  24.8  25.6  26.2  27.0  28.4  28.4 
 25.0  24.7  25.0  25.0  24.7  24.6  25.6  24.8  27.5  24.6  26.9  24.5  24.3  24.1  24.5  24.3  24.2  24.2  24.0  24.1  24.2  24.2  24.1  24.5  24.3  24.3  24.8  25.0  26.9  26.5  28.4  28.3 
 25.2  24.6  25.0  25.1  24.7  24.4  24.7  25.4  24.7  26.0  24.6  25.7  24.2  24.2  24.3  24.2  24.3  24.0  24.2  24.0  24.1  24.1  24.2  24.2  24.3  24.0  24.9  25.0  25.7  26.7  28.0  29.2 
 24.6  24.6  24.6  24.4  24.4  24.5  24.4  24.7  24.7  24.5  24.7  24.5  24.1  24.3  24.2  24.2  24.1  24.1  24.1  24.2  23.8  24.1  24.1  24.0  24.1  24.3  24.6  25.0  25.9  25.9  28.2  27.8 
 24.6  24.5  24.8  24.6  24.7  24.3  24.7  24.4  24.8  24.3  24.8  24.5  24.4  24.1  24.4  24.2  24.0  24.0  24.2  24.2  24.4  23.8  24.1  24.1  24.5  24.1  24.8  24.6  25.5  26.5  27.2  28.4 
 24.4  24.7  24.6  24.6  24.5  24.6  24.4  24.6  24.1  24.5  24.2  25.0  24.3  24.7  24.1  24.5  24.0  24.3  24.2  24.1  24.0  24.0  24.1  24.3  24.1  24.1  24.3  25.2  25.5  25.4  27.6  27.1 
 24.7  24.6  24.8  24.4  24.4  23.9  24.6  24.3  24.8  24.0  25.2  24.2  25.3  24.0  24.5  24.0  24.6  24.0  24.4  24.1  24.1  23.9  24.1  24.1  24.4  23.9  24.9  24.4  25.4  26.0  26.8  26.9 
 24.7  24.7  24.6  24.6  24.3  24.4  24.3  24.9  24.1  25.3  24.3  27.2  24.0  27.7  24.2  25.7  24.1  24.8  24.1  24.4  24.1  24.2  24.1  24.3  24.1  24.3  24.4  24.8  25.1  25.4  27.1  26.8 
 24.8  24.4  24.8  24.3  24.6  24.0  24.5  24.3  25.3  24.2  28.1  24.3  30.2  24.0  28.0  24.3  25.7  24.1  25.1  24.2  24.6  23.9  24.5  24.2  24.6  23.9  25.0  24.6  25.2  25.1  26.7  27.5 
 24.7  24.7  24.5  24.8  24.3  24.4  24.4  24.9  24.2  26.7  24.3  31.2  24.1  33.2  24.1  31.2  24.3  28.5  24.1  26.7  23.9  25.7  23.9  25.1  24.1  24.9  24.4  25.0  24.9  25.4  26.8  26.4 
 24.7  24.4  24.6  24.5  24.6  24.2  24.5  24.4  25.7  24.1  30.2  24.3  33.8  24.1  33.4  24.0  31.8  23.9  29.7  24.0  26.7  23.8  25.9 nan  25.2  24.0  25.2  24.5  25.4  25.1  25.7  26.9 
 24.5  24.6  24.6  24.6  24.2  24.4  24.4  24.9  24.2  25.7  24.2  29.6  24.2  33.4  24.4  36.7  24.1  38.6  24.3  35.8  24.0  30.9  24.2  28.3  24.1  26.0  24.4  25.4  24.4  25.2  26.0  25.9 
 24.7  24.3  24.8  24.6  24.4  24.3  24.7  24.4  25.0  24.1  26.9  24.3  30.8  24.2  36.0  24.2  40.9  24.1  41.7  24.2  38.4  23.9  34.4  24.2  27.4  24.1  25.9  24.5  25.6  24.7  25.4  25.8 
 24.5  25.0  24.4  24.5  24.3  24.6  24.3  24.7  24.4  24.8  24.3  25.9  24.1  28.6  24.4  38.9  24.4  42.9  24.9  55.3  24.2  55.4  24.5  40.1  24.2  27.9  24.6  26.2  24.6  25.6  25.8  25.7 
 24.9  24.2  24.8  24.6  24.4  24.0  24.5  24.3  24.6  24.2  24.9  24.5  26.4  24.3  32.9  24.4  42.9  26.0  57.3  27.3  62.2  24.4  49.7  24.5  30.4  24.1  27.0  24.7  26.2  24.6  25.8  25.9 
 24.4  24.9  24.8  24.5  24.5  24.3  24.6  24.5  24.4  24.4  24.3  24.8  24.2  25.6  24.7  30.6  37.5  44.7  45.3  63.7  29.1  62.1  24.8  43.2  24.6  28.8  24.8  26.9  24.7  25.9  26.0  26.0 
 25.0  24.4  24.6  24.5  24.8  24.3  24.4  24.6  24.5  24.2  24.8  24.5  25.0  24.1  27.2  28.2  35.8  50.5  54.6  52.0  61.1  28.2  46.1  25.1  30.4  24.7  27.3  24.7  26.5  24.7  26.3  25.6 
 25.3  25.1  24.9  24.8  24.6  24.8  24.6  24.7  24.4  24.6  24.5  24.5  24.5  24.8  27.6  26.4  53.4  33.1  63.3  44.3  38.4  43.2  26.6  33.3  25.1  28.2  25.0  26.8  25.3  26.1  25.6  26.9 
 25.2  25.0  24.5  24.8  24.6  24.2  24.7  24.7  24.6  24.2  24.6  24.5  24.7  24.7  25.5  33.4  28.6  55.9  35.9  57.2  38.0  32.4  32.4  26.5  28.8  25.3  26.8  25.1  26.4  25.3  26.4  25.9 
 26.2  25.3  25.2  25.2  24.7  24.5  24.8  24.7  24.7  24.5  24.8  24.8  24.9  24.7  29.5  25.5  45.1  27.0  48.9  29.6  34.2  29.9  27.8  28.9  25.7  27.3  25.4  27.0  25.0  26.1  26.2  27.4 
 25.7  25.7  25.2  25.1  25.0  24.5  24.9  24.9  24.6  24.4  24.7  24.7  24.6  25.3  25.1  35.2  26.0  44.6  27.6  41.0  28.5  29.9  28.4  27.1  27.3  25.7  26.6  25.6  26.4  25.1  27.5  27.2 
 27.1  26.1  25.7  25.1  25.1  24.9  25.1  24.6  24.7  24.7  24.9  24.7  26.0  24.6  34.5  25.1  40.1  25.8  38.0  26.8  29.4  27.0  27.5  27.2  26.1  26.5  26.1  26.2  25.9  26.6  27.8  29.2 
 26.8  26.2  25.4  25.5  25.1  24.8  25.0  25.2  24.9  24.6  24.7  25.3  24.7  29.7  25.0  37.4  25.6  39.7  26.3  32.6  26.8  28.1  26.9  26.9  26.4  25.8  26.7  26.1  27.0  26.4  29.1  29.2 
