 23.2  22.2  23.2  22.7  22.6  22.4  22.5  22.2  22.5  21.9  22.3  22.3  22.0  22.0  22.5  22.2  22.1  22.0  22.5  22.1  21.9  22.1  22.7  22.5  22.3  22.2  23.2  23.4  23.1  23.3  24.6  24.7 
 23.1  22.8  22.9  23.0  22.7  22.2  22.6  22.5  22.2  22.3  22.3  22.4  22.0  21.8  22.3  22.1  21.9  21.9  22.2  22.4  22.2  21.9  22.2  22.4  22.3  22.7  23.0  23.9  23.4  23.2  23.6  24.2 
 23.1  22.5  23.1  22.7  22.5  21.9  22.6  22.5  22.4  22.1  22.5  22.3  21.9  21.9  22.2  22.1  22.0  22.0  22.2  21.9  22.3  22.1  22.5  22.2  22.3  22.1  23.0  22.7  23.0  22.6  23.1  23.1 
 22.8  22.6  22.8  23.1  22.2  22.2  22.4  22.7  22.4  22.2  22.5  22.5  21.9  21.8  21.9  22.2  22.0  21.8  22.1  22.4  21.9  21.9  22.3  22.3  22.4  22.3  22.8  22.8  22.4  22.6  23.2  23.7 
 22.9  22.2  22.8  22.6  22.3  22.3  22.6  22.5  22.8  23.0  22.6  22.5  22.2  21.7  22.0  22.0  21.9  21.8  22.1  21.9  22.1  22.0  22.4  22.2  22.4  22.2  22.5  22.6  22.5  22.2  23.2  23.1 
 22.6  22.5  22.7  22.8  22.3  22.4  22.6  22.9  23.3  23.6  22.7  22.5  22.1  22.2  22.0  22.1  22.0  21.9  22.1  22.3  22.0  21.9  22.2  22.2  22.3  22.1  22.5  22.8  22.4  22.9  22.9  23.3 
 22.7  22.4  22.7  22.6  22.5  22.3  22.7  22.9  24.8  26.2  24.0  22.7  22.3  21.9  22.1  22.0  21.9  21.8  22.1  22.0  22.2  21.9  22.3  22.2  22.3  21.8  22.5  22.2  22.4  22.5  22.9  22.6 
 23.0  22.6  22.6  22.7  22.3  22.1  22.8  23.2  25.4  26.9  24.1  22.8  22.0  22.2  22.1  22.1  22.0  21.9  21.9  22.2  21.9  22.0  22.3  22.4  22.2  22.1  22.6  22.5  22.4  22.6  22.8  22.2 
 23.1  22.4  23.0  22.7  22.5  22.3  22.7  22.7  23.0  22.8  22.7  22.3  22.2  22.1  22.3  22.0  22.0  22.0  22.1  22.1  22.0  22.0  22.2  22.1  22.2  22.2  22.4  22.6  22.5  22.4  22.9  22.9 
 23.0  22.9  23.0  22.9  22.7  22.6  22.6  22.7  22.5  22.6  22.2  22.3  21.9  22.1  22.2  22.1  21.9  22.0  22.1  22.3  22.1  21.9  22.2  22.2  22.3  22.1  22.5  22.8  22.6  22.6  22.9  23.3 
 23.2  23.4  23.9  23.5  23.3  23.2  22.9  22.6  22.7  22.4  22.5  22.3  22.1  22.0  22.3  22.1  22.1  21.9  22.1  22.0  22.1  22.0  22.3  22.1  22.2  22.2  23.0  23.2  23.1  23.0  23.2  23.0 
 23.5  23.4  23.7  24.1  24.2  24.2  23.6  23.2  22.6  22.6  22.5  22.6  22.1  22.0  22.1  22.2  21.9  22.0  22.1  22.3  21.9  22.0  22.2 nan  22.1  22.1  23.9  24.7  23.6  22.9  22.7  23.0 
 24.3  23.7  25.0  25.4  26.6  27.3  32.7  34.6  32.9  29.1  23.0  22.5  22.1  21.9  22.2  22.2  22.1  21.9  22.3  22.1  21.9  22.0  22.4  22.3  22.1  22.2  23.6  24.1  23.2  22.6  23.2  23.0 
 23.9  24.5  25.4  26.3  28.1  29.7  41.2  48.7  53.2  47.1  24.2  23.0  22.3  22.3  22.3  22.3  21.9  22.1  22.1  22.2  22.1  21.8  22.1  22.3  22.3  22.2  22.8  23.2  22.8  22.8  23.1  23.1 
 24.7  25.0  26.2  27.0  30.1  33.4  54.2  62.2  74.2  70.9  34.1  25.0  22.5  22.2  22.2  22.2  22.1  22.1  22.4  22.3  22.2  22.0  22.2  22.2  22.4  22.3  22.6  22.7  22.5  22.5  23.3  23.1 
 24.9  25.3  26.3  27.2  30.3  33.8  52.7  61.8  78.3  79.1  36.7  25.6  22.4  22.2  22.2  22.3  22.1  22.1  22.1  22.3  22.0  22.2  22.4  22.3  22.0  22.2  22.6  22.8  22.6  22.5  23.0  23.2 
 25.3  24.9  26.4  26.6  29.1  31.0  43.9  52.7  72.5  69.5  29.6  23.9  22.4  22.2  22.4  22.1  22.2  21.9  22.3  22.2  22.0  22.0  22.5  22.3  22.4  21.9  22.6  22.7  22.3  22.5  23.3  23.0 
 24.8  24.9  26.0  26.4  28.0  29.0  36.4  41.6  53.4  49.0  25.2  23.4  22.4  22.3  22.2  22.4  22.2  22.2  22.3  22.5  22.1  22.3  22.3  22.5  22.4  22.2  22.6  22.6  22.8  22.6  23.3  23.4 
 25.3  24.9  25.9  26.1  26.3  26.4  28.3  29.1  29.1  27.5  23.6  22.9  22.4  22.4  22.6  22.4  22.3  22.2  22.3  22.4  22.3  22.0  22.6  22.5  22.3  22.3  22.9  22.6  22.9  22.6  23.5  23.3 
 24.3  25.1  25.5  26.0  25.7  25.7  27.0  27.1  26.4  25.6  23.3  22.9  22.5  22.3  22.5  22.3  22.2  22.0  22.5  22.3  22.4  22.3  22.4  22.6  22.3  22.4  22.6  23.2  22.6  22.6  23.2  23.8 
 25.3  24.7  25.5  25.3  25.1  24.8  25.3  25.2  24.8  24.0  23.2  22.9  22.7  22.5  22.6  22.4  22.4  22.1  22.5  22.5  22.4  22.1  22.8  22.6  22.6  22.2  22.9  22.7  22.8  22.6  23.6  24.2 
 24.8  24.8  25.0  25.3  24.7  24.7  24.9  25.0  24.1  23.8  23.2  23.2  22.5  22.5  22.5  22.6  22.3  22.0  22.5  22.4  22.4  22.2  22.6  22.7  22.5  22.5  22.6  22.8  22.7  22.7  24.1  24.8 
 25.4  25.1  24.9  25.0  24.6  24.3  24.4  24.3  23.8  23.3  23.3  22.9  22.9  22.2  22.6  22.6  22.4  22.2  22.7  22.4  22.6  22.1  22.8  22.9  22.2  22.3  23.1  22.9  22.9  22.8  25.4  25.7 
 26.0  25.2  24.8  25.3  24.4  24.4  24.4  24.4  23.6  23.2  23.3  23.3  22.6  22.6  22.6  22.7  22.3  22.3  22.6  22.6  22.4  22.4  22.9  23.1  22.7  22.4  22.9  23.4  23.0  23.2  25.6  26.5 
