 25.2  24.2  24.6  24.5  24.3  23.9  24.3  24.2  24.0  23.8  24.3  24.0  23.9  23.8  24.0  23.9  24.2  23.9  24.1  24.0  23.8  23.8  24.0  24.3  24.1  23.8  24.7  24.6  25.4  25.0  26.2  27.3 
 24.5  24.2  24.4  24.4  24.4  24.0  24.0  24.2  23.9  23.9  24.0  24.3  23.8  23.7  23.8  24.2  23.8  23.9  24.1  24.1  23.9  23.8  24.1  24.3  24.0  24.1  24.5  24.8  24.9  25.2  26.0  26.9 
 24.7  24.1  24.6  24.5  24.2  23.6  24.1  24.1  24.1  23.7  24.1  24.0  24.0  23.9  24.1  23.9  24.2  23.9  23.8  23.9  24.1  23.8  23.9  24.1  24.2  24.3  24.6  25.0  25.4  25.3  26.2  26.1 
 24.6  23.9  24.5  24.5  23.9  23.7  24.3  24.1  24.0  23.8  24.0  24.1  23.9  23.9  23.8  24.1  23.9  23.9  24.1  24.1  23.8  23.8  24.2  24.2  24.2  24.2  25.2  25.3  25.2  25.4  26.1  26.8 
 24.3  24.1  24.4  24.3  24.2  23.9  24.1  24.1  24.0  23.6  23.9  23.9  23.8  23.6  24.0  24.0  23.9  23.6  23.9  24.1  24.0  23.8  24.0  24.0  24.3  24.6  25.9  25.9  26.2  26.0  26.1  26.3 
 24.2  24.2  24.0  24.3  23.9  24.2  24.2  24.0  23.8  23.9  23.8  24.0  23.8  24.0  24.1  24.0  23.8  23.9  23.9  23.8  23.7  23.7  24.3  24.3  24.4  24.7  26.1  26.2  26.3  26.5  26.9  26.5 
 24.1  23.9  24.3  24.1  24.1  24.1  24.0  24.0  24.0  23.9  23.8  23.9  24.1  23.8  23.9  24.0  23.9  23.9  24.0  23.8  24.1  24.0  24.2  24.5  25.6  26.6  28.2  28.1  27.4  27.1  27.2  27.0 
 24.4  24.1  24.1  24.4  23.9  23.9  24.1  23.9  23.9  23.8  24.0  23.9  24.0  23.8  24.0  24.1  24.1  23.9  24.0  24.1  24.0  23.8  24.2  24.5  26.9  28.4  29.4  29.5  28.1  27.7  27.0  26.6 
 24.4  23.7  24.2  24.0  23.9  23.8  24.0  23.9  23.9  23.8  24.1  23.9  23.8  24.0  24.1  24.0  24.0  23.9  24.1  24.0  24.1  24.0  26.9  31.0  45.9  45.4  35.7  32.9  29.2  28.2  27.5  27.5 
 24.2  24.1  24.3  24.2  24.0  24.0  23.9  24.1  23.9  23.9  23.9  23.9  23.9  23.8  23.9  24.1  23.9  23.7  24.0  24.2  24.1  24.4  33.2  48.7  67.3  62.4  41.5  35.1  29.3  28.6  27.6  27.5 
 24.4  24.0  24.4  24.2  24.1  23.9  24.0  24.0  24.0  23.9  23.9  23.9  23.8  23.7  23.9  23.9  23.9  23.8  24.2  24.1  24.3  24.8  56.7  71.1  87.5  83.2  49.1  38.5  30.0  29.1  27.9  27.6 
 24.3  24.0  24.1  24.4  23.9  23.8  23.9  24.2  24.0  23.8  23.8  24.1  23.8  23.9  23.9  24.1  23.9  23.9  24.1  24.0  24.3  25.3  59.0 nan  76.2  73.0  48.0  38.7  30.4  29.0  27.8  27.5 
 24.4  23.9  24.3  24.2  23.9  23.8  24.0  23.9  24.0  23.8  23.9  23.9  23.8  23.8  24.0  23.9  24.0  23.9  24.2  23.9  24.2  24.3  40.8  51.7  57.8  53.0  38.3  34.7  30.2  29.1  27.8  27.2 
 24.1  24.3  24.1  24.3  24.1  23.9  24.2  24.0  23.6  23.6  23.9  23.9  23.8  23.8  23.8  23.9  23.8  23.8  24.1  24.2  24.1  24.2  31.4  38.8  45.7  43.2  33.9  32.3  29.7  28.8  27.5  27.4 
 24.2  24.1  24.1  24.2  24.0  23.8  24.0  23.8  23.8  23.8  23.9  23.9  23.9  23.8  23.9  24.0  24.0  23.8  24.1  24.2  24.1  23.9  24.7  25.4  29.4  29.3  28.8  28.4  27.8  27.4  27.1  26.6 
 24.0  24.0  24.2  24.2  23.8  23.9  23.9  24.0  23.8  23.9  23.9  24.1  23.6  23.9  23.9  23.9  23.8  24.0  23.9  24.2  23.9  24.0  24.4  24.5  26.0  26.6  27.2  27.4  27.2  26.7  26.5  26.8 
 24.3  24.0  24.1  24.1  24.2  23.7  24.1  24.0  24.1  23.8  23.9  23.8  24.0  23.7  24.0  23.8  24.0  23.9  24.1  24.0  24.0  23.9  24.2  24.1  24.7  24.8  25.9  25.9  25.9  25.9  26.0  26.1 
 24.3  24.3  24.1  24.4  24.0  23.9  24.0  24.0  23.9  23.7  24.0  24.0  23.8  23.8  24.0  24.1  23.9  23.8  24.1  24.2  23.9  24.0  23.9  24.2  24.3  24.7  25.4  25.3  25.4  25.4  25.7  25.8 
 24.7  24.4  24.3  24.4  24.3  23.9  24.1  24.2  24.0  23.7  24.0  23.8  23.9  23.9  24.1  23.9  24.1  23.9  24.2  24.2  24.2  23.8  24.3  24.0  24.2  24.3  24.8  24.9  25.1  24.8  25.4  25.4 
 24.2  24.5  24.5  24.6  23.8  23.7  24.2  24.1  23.8  23.8  24.0  24.2  23.9  24.0  24.0  24.0  23.9  23.9  24.3  24.2  24.0  24.0  24.1  24.2  24.1  24.3  24.8  24.9  24.6  25.1  25.3  25.6 
 24.8  24.1  24.5  24.5  24.3  23.8  24.2  24.0  24.1  23.8  24.2  23.9  24.1  23.9  24.1  24.1  23.9  24.0  24.3  24.3  24.2  23.8  24.4  24.4  24.6  24.4  24.7  24.7  24.7  24.9  25.4  26.0 
 24.5  24.3  24.8  24.6  24.4  23.9  24.2  24.4  24.0  24.0  24.0  24.4  24.0  24.0  24.1  24.2  23.9  24.0  24.2  24.3  24.0  24.1  24.3  24.4  24.2  24.6  24.6  25.0  24.6  25.0  25.9  27.0 
 25.4  25.3  24.7  24.5  24.6  24.1  24.6  24.5  24.4  23.9  24.2  24.3  24.3  24.1  24.3  24.1  24.4  24.1  24.4  24.2  24.3  24.2  24.6  24.4  24.6  24.2  25.0  24.9  24.9  25.2  27.0  28.2 
 26.1  25.3  24.9  25.0  24.5  24.5  24.5  24.5  24.1  24.2  24.4  24.5  24.0  24.3  24.0  24.4  24.3  24.2  24.2  24.5  24.2  24.1  24.3  24.6  24.5  24.4  24.8  25.2  25.5  25.3  27.7  28.1 
