 35.4  30.2  35.2  29.2  34.6  27.4  34.6  26.7  34.0  25.2  33.7  24.8  32.3  23.8  29.6  24.3  26.1  23.7  25.0  24.2  24.6  24.1  25.7  24.4  27.0  23.9  27.7  24.6  27.8  24.9  28.0  27.0 
 30.5  34.6  29.5  34.9  27.9  34.4  26.9  34.4  25.5  33.6  24.8  33.3  23.9  30.7  24.4  26.8  23.8  25.0  24.2  24.6  24.0  24.9  24.4  26.1  24.1  26.7  24.5  27.2  24.3  27.2  25.6  28.5 
 34.4  29.3  35.0  28.4  34.4  26.8  34.3  26.0  33.6  24.7  32.6  24.2  29.4  23.8  25.4  24.2  24.4  23.8  24.2  24.1  24.6  23.7  25.7  24.3  26.3  23.8  26.8  24.7  26.5  24.2  27.0  25.3 
 29.4  34.4  28.6  34.7  27.1  33.9  26.4  34.0  24.9  32.8  24.5  31.2  23.7  26.4  24.0  24.6  23.9  24.4  24.3  24.4  24.0  24.7  24.4  26.0  24.1  26.3  24.4  26.7  23.9  26.2  25.0  27.2 
 34.9  28.3  34.6  28.0  34.0  26.4  33.6  25.7  32.6  24.2  29.6  24.1  25.3  23.8  24.3  24.1  24.2  23.8  24.4  24.2  24.5  23.9  25.8  24.3  26.1  23.9  26.3  24.5  25.8  24.2  26.3  24.9 
 28.1  34.6  28.2  34.5  26.8  33.8  26.0  33.3  24.3  30.9  24.0  26.9  23.9  24.5  23.9  24.3  23.8  24.1  24.0  24.4  23.8  25.1  24.2  25.8  24.0  25.8  24.4  25.9  23.9  25.8  24.9  25.9 
 34.2  27.6  34.4  27.7  33.8  26.2  32.9  25.4  29.9  23.8  26.2  24.2  24.2  23.6  24.1  24.0  24.2  23.8  24.3  24.1  25.1  23.9  25.7  24.2  25.9  23.6  25.4  24.3  25.4  24.0  25.6  25.0 
 27.5  33.9  27.6  34.1  26.3  33.2  25.4  31.3  24.0  27.5  24.1  24.7  23.8  24.2  24.1  24.4  23.9  24.3  24.2  24.5  24.0  25.1  24.2  25.6  23.9  25.5  24.4  25.1  24.2  25.0  24.8  24.5 
 33.0  27.6  34.1  27.2  32.8  25.7  30.5  25.0  27.2  23.8  24.9  24.1  24.2  23.9  24.3  24.1  24.2  23.9  24.5  24.1  24.8  23.9  25.2  24.2  25.1  24.0  25.0  24.5  25.0  24.6  25.4  25.7 
 27.4  33.0  27.4  33.4  25.9  31.4  25.0  28.6  23.9  26.0  24.2  24.4  23.8  24.1  24.0  24.2  23.7  24.3  24.2  24.6  24.0  24.6  24.2  25.2  24.3  24.7  24.7  25.1  25.3  25.1  26.5  25.7 
 32.6  27.1  33.2  27.0  30.7  25.4  28.3  24.5  26.1  23.8  24.4  24.1  24.3  23.7  24.4  24.1  24.3  23.7  24.3  24.3  24.5  24.0  24.9  24.5  25.0  25.2  26.0  27.5  25.9  27.2  26.0  27.3 
 27.1  32.7  26.9  32.3  25.4  29.0  24.7  27.7  23.9  24.9  24.0  24.5  24.0  24.0  24.0  24.3  23.7  24.2  24.2  24.4  24.1  24.3  24.5 nan  27.6  27.3  31.3  27.4  28.7  26.3  27.7  26.4 
 32.2  26.8  31.7  26.5  29.0  25.1  27.4  24.3  25.1  23.7  24.4  24.1  24.2  23.9  24.2  24.0  24.4  23.8  24.4  24.2  24.7  24.2  32.3  37.3  42.2  58.8  36.5  44.4  28.1  30.5  27.1  28.5 
 27.0  32.1  27.0  30.2  25.2  28.1  24.4  26.7  23.9  24.2  24.2  24.4  23.9  24.2  23.9  24.2  23.9  24.1  24.3  24.3  24.3  28.1  36.3  45.3  68.5  49.7  61.6  35.4  33.1  28.1  29.3  26.6 
 31.3  26.9  29.8  26.2  28.1  24.7  26.8  24.3  24.5  23.9  24.2  24.1  24.3  23.8  24.3  24.2  24.3  23.8  24.4  24.4  28.7  24.5  48.4  59.4  57.8  78.6  42.7  52.9  29.1  31.5  27.2  28.5 
 26.8  30.3  26.4  29.2  24.8  27.5  24.4  25.6  23.9  24.3  24.1  24.4  23.9  24.3  24.0  24.3  23.8  24.3  24.1  24.8  24.0  35.2  40.2  53.9  74.3  52.3  58.9  34.9  33.3  28.1  29.2  27.0 
 29.7  26.5  29.0  25.7  27.7  24.1  25.8  24.3  24.3  23.9  24.4  24.1  24.3  23.8  24.2  24.0  24.3  23.6  25.4  24.3  32.1  23.9  41.9  38.1  42.2  50.0  32.9  37.3  28.4  30.3  27.3  28.4 
 26.6  29.2  26.1  28.4  24.5  27.0  24.5  25.0  24.0  24.3  24.1  24.4  23.9  24.2  24.0  24.5  23.8  24.3  24.3  28.1  24.1  34.5  28.8  37.9  38.9  33.7  35.7  30.0  30.6  27.5  28.7  27.6 
 29.0  26.3  28.5  25.8  26.9  24.2  25.1  24.5  24.5  23.8  24.6  24.2  24.3  23.8  24.5  24.2  25.4  23.9  30.2  24.4  33.2  24.0  31.7  27.0  28.9  29.0  28.4  30.5  27.7  28.6  27.4  28.6 
 26.2  28.9  26.0  28.0  24.1  26.2  24.6  24.7  24.3  24.4  24.4  24.5  23.9  24.5  24.2  24.6  23.8  28.0  24.2  32.3  24.0  32.0  25.8  29.0  26.6  27.8  28.9  27.9  27.9  27.2  28.0  28.0 
 28.8  25.9  28.2  25.3  26.4  24.3  24.7  24.5  24.6  24.0  24.6  24.3  24.5  23.8  25.6  24.3  30.2  24.0  33.3  24.1  30.5  24.2  27.7  25.4  27.0  25.8  27.0  27.7  26.8  26.9  28.2  29.4 
 25.8  28.3  25.8  27.6  24.4  25.4  24.8  24.9  24.3  24.5  24.4  24.8  24.1  24.6  24.2  29.3  23.9  32.4  24.4  32.1  23.9  28.0  25.3  26.7  25.4  26.5  26.8  27.0  26.6  27.2  28.6  29.8 
 28.8  25.6  28.0  25.6  25.9  24.5  25.2  24.8  25.1  24.1  24.8  24.5  26.2  23.9  31.7  24.4  33.8  24.0  30.5  24.5  27.2  24.1  26.6  25.4  26.2  24.8  26.9  26.4  26.7  26.5  29.5  30.8 
 26.1  28.7  25.8  27.4  24.5  25.0  24.9  25.1  24.3  24.4  24.6  25.0  24.3  29.4  24.3  33.6  24.1  32.4  24.6  28.0  24.2  26.3  25.2  26.4  24.8  26.2  26.1  26.8  26.3  27.8  30.6  31.9 
