 25.0  24.6  24.8  25.0  24.4  24.1  24.3  24.3  23.8  23.8  24.1  24.4  23.9  23.8  23.9  24.2  23.8  23.6  24.0  24.3  23.8  24.0  24.3  24.5  24.3  24.1  24.6  24.9  25.0  25.0  26.2  27.3 
 24.5  24.2  24.8  24.8  24.1  23.9  24.1  24.4  24.0  24.0  24.2  24.3  23.9  24.0  24.1  24.2  23.8  23.8  24.1  24.1  24.1  23.7  24.1  24.5  24.1  24.3  24.7  24.8  24.9  24.9  26.0  26.4 
 24.5  24.1  24.5  24.4  24.0  23.9  24.3  24.2  23.9  23.9  24.0  24.1  24.0  23.9  23.9  24.1  23.8  23.8  24.0  24.2  24.0  23.7  23.9  24.2  24.1  24.1  24.8  25.0  25.4  25.5  26.0  26.5 
 24.4  24.1  24.5  24.5  24.0  23.9  24.3  24.3  24.0  23.6  24.1  23.9  23.6  23.8  24.1  23.9  23.8  23.8  24.1  23.9  23.8  23.7  24.2  24.2  24.2  24.1  25.0  25.4  25.1  25.4  26.2  26.2 
 24.2  24.1  24.5  24.4  24.0  23.9  24.2  24.4  23.9  23.7  23.9  24.1  23.8  23.6  23.9  24.1  23.8  23.8  24.1  24.0  23.9  23.8  24.2  24.1  24.2  24.5  25.7  26.0  25.8  26.2  26.8  26.8 
 24.0  23.9  24.5  24.4  23.8  24.0  24.2  23.9  23.8  23.7  24.2  24.1  23.6  23.8  24.1  24.0  23.8  23.9  24.0  24.0  23.8  23.6  24.4  24.1  24.6  24.8  26.1  26.4  26.3  26.5  26.8  26.6 
 24.3  24.1  24.1  24.1  24.1  23.8  24.1  24.2  23.7  23.7  23.9  24.1  23.8  23.8  23.9  24.0  23.9  23.7  24.0  24.0  24.0  24.1  24.3  24.3  25.6  26.3  28.1  28.4  27.5  27.1  27.2  27.1 
 24.2  24.0  24.4  24.3  24.1  23.8  24.2  24.1  23.7  23.8  23.9  24.0  23.9  23.7  24.2  23.9  24.1  23.8  24.1  24.2  23.8  23.9  24.2  24.5  26.9  28.4  29.7  29.5  28.0  27.8  27.2  26.3 
 24.2  24.0  24.3  24.2  24.0  23.9  24.1  23.9  23.8  23.8  24.0  24.0  23.8  23.8  24.0  24.2  23.9  23.7  24.0  24.0  23.9  24.1  27.1  31.0  45.9  45.4  35.7  32.9  29.0  28.4  27.7  27.0 
 24.2  24.1  24.3  24.2  24.0  23.8  24.0  24.0  23.8  23.8  24.0  23.9  23.9  24.0  24.0  23.9  23.7  23.8  24.2  24.3  24.1  24.2  33.3  48.8  67.4  62.4  41.6  35.2  29.3  28.4  28.1  27.5 
 24.3  24.0  24.4  24.3  23.9  23.6  24.0  24.1  23.9  23.7  24.0  23.9  23.7  23.7  24.0  24.0  23.9  23.8  24.0  24.2  24.3  24.9  56.8  71.2  87.4  83.3  49.0  38.6  29.9  29.1  27.6  27.4 
 23.8  24.3  24.1  24.2  23.9  23.8  24.0  24.3  23.8  23.7  24.0  23.9  23.9  23.8  23.9  24.0  23.8  23.8  24.1  24.2  24.4  25.2  59.2 nan  76.4  73.1  48.2  38.7  30.0  29.0  27.6  27.7 
 24.3  23.9  24.3  24.1  24.1  23.6  24.1  24.1  23.9  23.8  24.1  24.0  23.8  23.7  23.8  24.0  23.8  23.8  24.2  24.0  24.1  24.3  40.8  52.2  57.9  53.1  38.4  34.8  30.2  28.9  27.8  27.4 
 24.1  24.0  24.5  24.4  24.0  23.9  24.2  24.0  23.8  23.6  23.9  24.1  23.7  23.7  23.9  23.9  23.8  23.9  24.1  24.2  24.1  24.2  31.3  39.0  45.9  43.3  34.3  32.4  29.7  28.8  27.5  27.4 
 24.0  24.2  24.0  24.5  24.0  23.9  24.0  23.9  23.9  23.8  24.0  24.0  23.8  23.6  24.0  23.9  23.8  23.7  24.2  24.0  24.0  24.0  24.6  25.4  29.0  29.2  28.9  28.6  28.0  27.5  27.5  26.9 
 24.3  24.1  24.3  24.2  23.9  23.6  24.0  24.1  23.7  23.8  23.9  24.0  23.7  23.7  23.9  24.0  23.9  23.8  24.0  24.0  23.9  24.0  24.2  24.5  26.0  26.5  27.7  27.4  26.9  26.6  26.8  26.6 
 24.0  24.2  24.4  24.1  24.0  23.6  24.0  24.1  23.8  23.6  24.0  24.0  23.7  23.7  23.9  24.0  24.0  23.7  24.0  24.1  24.1  23.8  24.3  24.3  24.7  25.0  25.6  26.2  25.8  25.6  26.2  26.2 
 24.4  24.0  24.4  24.0  23.8  23.8  24.1  24.2  23.7  23.6  24.0  23.8  24.0  23.7  24.0  23.9  23.9  23.8  24.1  24.0  24.0  24.0  24.1  24.5  24.4  24.6  25.6  25.5  25.5  25.3  25.9  26.0 
 24.4  24.4  24.5  24.4  23.9  23.7  24.2  24.3  24.0  23.6  24.1  24.1  23.8  23.9  24.0  24.1  24.1  23.8  24.1  24.3  24.0  23.8  24.3  24.5  24.4  24.3  24.9  25.0  24.9  24.8  25.6  26.0 
 24.4  24.2  24.6  24.5  23.8  23.8  24.1  24.1  23.8  23.8  24.0  24.0  23.9  23.9  24.0  24.1  23.8  23.9  24.1  24.3  24.0  23.9  24.2  24.5  24.4  24.2  24.9  24.9  24.8  24.8  25.5  25.6 
 24.4  24.3  25.0  24.7  24.0  24.1  24.2  24.2  24.0  23.8  24.1  24.3  23.9  23.9  24.2  24.4  24.1  24.0  24.2  24.2  24.0  24.1  24.6  24.4  24.3  24.2  24.7  25.0  24.7  24.5  25.4  26.0 
 24.7  24.2  24.6  24.8  24.1  24.0  24.2  24.3  24.1  23.9  24.3  24.2  23.8  23.8  24.2  24.1  23.9  24.0  24.4  24.4  23.9  24.0  24.5  24.6  24.3  24.2  24.7  25.0  24.9  24.8  25.7  27.7 
 25.9  25.1  24.9  25.0  24.7  24.1  24.4  24.5  24.1  23.9  24.5  24.7  24.2  24.0  24.2  24.5  24.2  24.1  24.6  24.4  24.2  24.0  24.5  24.9  24.3  24.3  24.8  24.9  25.1  24.8  27.4  27.8 
 26.1  25.3  24.9  25.1  24.5  24.7  24.6  24.5  24.0  24.0  24.2  24.3  24.1  24.0  24.3  24.3  24.2  24.0  24.4  24.4  24.3  24.1  24.6  24.6  24.2  24.4  25.1  25.1  25.1  25.6  28.1  28.7 
