 24.9  23.6  24.0  23.6  23.4  23.0  23.1  22.9  23.0  22.7  23.0  22.9  23.1  22.7  23.0  23.1  23.0  22.7  23.1  23.0  23.0  22.9  23.3  23.2  25.5  26.1  28.0  28.4  29.6  29.4  30.3  31.3 
 23.7  23.8  23.8  23.9  23.2  23.3  22.8  23.1  23.0  22.8  23.1  23.1  22.7  22.8  22.9  23.0  22.7  22.9  23.0  23.0  22.8  22.9  23.0  23.1  24.6  25.6  27.9  28.5  29.6  30.3  30.6  31.0 
 23.9  23.8  23.8  23.4  23.4  22.7  23.1  23.1  23.0  22.8  22.9  22.8  22.8  22.8  23.0  22.9  22.9  22.7  22.8  23.0  22.9  22.8  22.9  23.2  23.5  23.3  25.6  26.9  29.0  29.2  30.2  30.3 
 23.5  23.6  23.4  23.6  23.0  23.0  23.4  23.2  23.0  23.2  23.2  23.1  22.7  22.8  22.9  22.9  22.7  22.7  22.9  22.9  22.9  22.8  23.0  23.3  23.3  23.3  25.1  26.3  28.8  29.2  29.6  30.1 
 23.6  23.4  23.3  23.4  23.2  22.9  23.1  23.0  23.2  23.4  23.1  22.9  22.9  22.7  22.8  22.9  22.6  22.6  22.9  22.7  22.8  22.9  23.2  23.0  23.1  23.5  26.5  28.0  30.7  30.9  31.0  30.7 
 23.3  23.6  23.2  23.4  23.0  22.9  23.2  23.3  23.7  23.9  23.5  23.1  22.9  22.7  22.7  22.9  22.7  22.8  22.9  22.9  22.9  22.9  23.2  23.3  23.5  24.2  27.5  28.4  29.8  30.5  31.2  31.5 
 23.6  23.2  23.0  23.2  23.2  22.9  23.4  23.7  25.8  26.8  24.3  23.4  23.0  22.7  22.9  22.6  22.8  22.8  22.9  22.9  23.0  22.9  23.2  23.2  24.2  25.3  28.6  29.6  30.6  30.6  31.9  31.7 
 23.7  23.6  23.3  23.3  23.1  23.1  23.3  23.6  26.3  28.0  24.8  23.2  22.7  22.7  22.7  22.8  22.8  22.7  22.8  22.9  22.9  23.0  23.3  23.2  24.0  25.1  29.1  29.8  30.7  31.4  31.9  31.3 
 24.1  23.2  23.5  23.2  23.2  22.9  23.2  23.3  23.6  23.6  23.3  22.9  22.8  22.7  22.8  22.9  22.9  22.8  23.0  22.8  23.0  22.9  23.2  23.1  23.9  25.4  29.4  30.2  31.6  31.6  31.6  30.2 
 23.8  23.7  23.4  23.7  23.1  23.0  23.1  23.0  23.2  23.2  22.9  23.1  22.7  22.8  22.8  22.9  22.8  23.0  22.9  23.0  22.9  23.1  23.0  23.1  23.8  25.2  29.6  30.6  31.4  31.8  31.5  29.3 
 24.3  23.9  23.9  23.9  23.7  23.3  23.3  23.2  23.1  22.9  22.9  22.8  22.8  22.7  23.0  22.9  23.0  22.9  23.0  22.7  22.8  22.9  23.1  23.0  23.1  23.9  28.3  29.8  31.6  31.8  30.0  28.5 
 24.0  24.0  24.1  24.0  24.1  24.0  23.4  23.4  23.0  22.9  23.0  22.9  22.8  22.8  22.8  22.8  22.6  22.8  22.9  22.8  22.8  23.1  23.0 nan  23.1  23.2  27.1  29.3  31.0  30.9  30.3  29.0 
 24.7  24.5  25.2  25.5  26.5  26.6  29.0  29.1  27.5  25.7  23.3  23.0  23.1  22.6  23.0  22.9  22.9  22.6  22.8  22.7  23.0  22.7  23.1  23.0  23.1  23.2  25.1  25.7  27.7  29.1  31.4  31.1 
 24.6  25.1  25.8  26.3  27.8  29.0  36.3  41.8  44.0  38.5  23.9  23.4  22.9  22.9  22.8  22.8  22.8  22.9  22.9  23.0  22.7  22.7  22.9  23.1  23.2  23.2  23.7  24.3  25.6  27.3  29.9  31.0 
 25.5  25.4  26.7  27.1  30.3  32.6  51.1  59.5  70.3  66.6  33.4  25.5  23.0  22.8  22.7  22.7  22.9  22.7  23.1  22.8  23.0  22.8  23.1  23.0  23.2  23.0  23.4  23.7  23.9  23.7  25.6  26.1 
 25.3  25.5  26.7  27.7  30.3  33.2  51.8  60.5  75.5  75.2  38.0  26.5  23.1  23.1  22.9  23.0  22.8  22.8  22.8  22.9  22.7  22.9  23.0  23.0  23.2  22.9  23.3  23.6  23.5  23.6  24.5  24.8 
 25.8  25.4  26.7  27.2  29.8  31.9  45.6  55.0  78.2  78.0  33.4  25.2  23.2  22.7  23.0  23.1  23.0  22.8  23.1  23.0  23.1  22.9  23.1  23.1  23.2  23.0  23.5  23.6  23.5  23.6  24.2  24.2 
 25.5  25.7  26.3  26.8  28.7  30.3  38.8  45.0  61.1  58.1  27.9  24.4  23.2  23.0  22.9  23.1  22.8  22.8  23.1  23.1  23.1  23.0  23.1  23.2  23.1  23.1  23.6  23.5  23.6  23.7  24.0  24.3 
 25.8  25.6  26.3  26.5  27.2  27.5  29.5  31.0  32.3  30.5  24.5  23.6  23.1  23.1  23.3  23.1  23.1  22.9  23.1  23.2  23.3  23.0  23.3  23.2  23.4  23.0  23.7  23.4  23.5  23.4  24.1  24.6 
 25.5  25.8  26.4  26.5  26.5  26.8  27.8  28.1  28.2  27.4  24.1  23.5  23.2  23.2  23.1  23.2  22.9  23.0  23.2  23.1  22.9  23.0  23.4  23.4  22.9  23.4  23.5  23.7  23.1  23.6  24.1  24.6 
 26.2  25.4  26.2  25.6  26.1  26.0  26.3  26.3  25.9  25.0  23.9  23.6  23.2  23.0  23.2  23.1  23.2  23.0  23.4  23.2  23.2  23.0  23.5  23.6  23.5  23.3  23.4  23.5  23.8  23.7  24.9  24.8 
 25.7  26.0  25.9  25.8  25.6  25.6  25.8  25.9  25.0  24.9  23.8  23.7  23.4  23.2  23.3  23.4  23.1  22.9  23.3  23.2  23.1  23.2  23.2  23.4  23.1  23.6  23.7  23.7  23.8  24.3  25.4  25.8 
 27.0  26.1  25.8  25.6  25.5  24.9  25.2  24.9  24.6  24.2  23.9  23.8  23.7  23.3  23.3  23.3  23.5  23.1  23.3  23.0  23.5  23.2  23.5  23.5  23.7  23.3  24.3  24.6  24.6  24.9  26.1  26.5 
 27.3  26.7  25.9  26.0  25.2  25.1  25.0  25.0  24.3  24.4  23.9  24.0  23.2  23.4  23.5  23.4  23.2  23.2  23.2  23.4  23.3  23.3  23.8  23.8  23.8  24.0  24.2  25.1  24.9  25.1  26.9  27.9 
