 25.2  24.4  24.6  24.5  24.4  23.8  24.0  24.1  24.1  23.8  24.2  24.1  24.1  23.7  24.0  24.0  23.8  23.9  24.0  23.9  23.9  23.9  24.2  24.2  24.3  24.0  24.7  24.7  25.0  24.8  26.7  26.6 
 24.7  24.6  24.6  24.6  24.1  24.1  24.1  24.2  24.0  23.9  23.8  24.1  23.9  23.8  24.1  24.1  23.8  24.0  24.0  24.0  24.1  24.0  24.0  24.5  24.1  24.3  24.5  24.8  24.8  25.3  25.8  26.9 
 24.7  24.1  24.7  24.2  24.2  23.8  24.3  23.9  24.2  23.9  24.0  24.0  24.0  23.8  24.1  24.1  24.2  23.8  24.1  24.1  24.0  23.7  24.1  24.1  24.2  24.1  24.8  24.7  25.4  25.2  26.0  25.9 
 24.2  24.3  24.2  24.5  23.8  23.9  23.9  24.1  24.0  24.1  24.0  24.0  23.7  23.8  24.1  24.2  23.9  24.0  24.1  23.9  23.8  23.9  24.0  24.2  24.1  24.0  24.9  25.3  25.2  25.4  25.9  26.4 
 24.5  24.1  24.2  24.3  24.4  23.9  24.0  24.1  24.1  23.7  23.9  23.8  23.9  23.8  24.0  24.1  23.9  23.8  23.8  23.9  24.1  23.6  23.9  24.2  24.4  24.3  25.7  25.6  26.1  26.0  26.2  26.5 
 24.2  24.1  24.3  24.2  24.1  24.1  23.9  24.0  23.8  23.9  23.9  24.0  23.7  23.9  23.7  24.0  23.9  23.9  23.9  23.8  23.9  24.0  23.9  24.1  24.4  25.0  26.3  26.5  26.5  26.6  26.9  26.7 
 24.3  24.1  24.2  24.0  24.1  24.0  24.0  24.0  24.0  23.7  23.9  24.0  24.0  23.9  23.9  23.9  23.9  23.9  24.0  24.1  24.0  23.8  24.1  24.2  25.6  26.4  28.2  28.2  27.8  27.2  27.2  27.1 
 24.1  24.4  24.1  24.4  24.0  24.0  23.9  24.0  23.8  23.7  23.8  23.8  24.0  23.9  23.9  24.1  23.8  24.0  24.0  24.0  23.9  23.9  24.3  24.4  26.8  28.4  29.3  29.4  28.1  27.9  27.2  26.5 
 24.5  24.0  24.3  24.2  24.0  23.8  23.9  24.0  23.9  23.7  23.9  23.8  23.9  24.0  24.0  24.0  24.0  23.8  24.1  24.0  24.0  24.0  26.9  30.9  46.0  45.5  35.5  32.7  29.2  28.1  27.7  27.1 
 24.2  24.0  24.2  24.1  24.0  23.9  23.9  23.9  23.8  23.8  23.9  24.0  24.0  23.8  23.9  23.9  24.0  24.0  24.1  24.1  24.1  24.2  33.1  48.7  67.4  62.6  41.6  35.1  29.3  28.5  27.9  27.2 
 24.4  24.3  24.1  24.2  23.9  23.7  23.9  23.9  23.9  23.9  23.9  23.9  23.7  23.8  24.0  23.9  24.1  23.8  24.1  24.1  24.3  25.0  56.5  71.0  87.5  83.4  49.0  38.5  29.9  29.0  27.9  27.4 
 24.0  24.1  24.2  24.2  23.9  24.1  24.0  24.1  23.9  23.9  23.9  24.1  23.8  23.9  23.9  24.1  23.8  23.9  24.0  24.1  24.4  25.3  59.0 nan  76.3  73.1  48.1  38.8  30.4  29.1  27.9  27.5 
 24.5  23.9  24.1  24.0  24.2  23.8  23.9  23.9  23.7  23.6  24.1  24.0  23.9  23.8  24.0  23.9  24.0  23.7  24.1  23.9  24.2  24.3  40.8  51.9  57.9  53.0  38.2  34.5  30.2  29.1  27.8  27.4 
 24.1  24.4  24.1  24.2  24.0  24.0  23.9  24.0  23.8  23.6  24.1  24.0  23.8  23.9  24.1  24.0  23.7  23.9  24.0  24.1  24.1  24.3  31.4  38.9  45.8  43.4  33.9  32.4  29.9  28.9  27.2  27.1 
 24.2  24.1  24.3  24.1  24.1  23.9  24.1  23.8  24.0  23.7  23.9  24.0  24.0  23.8  24.0  24.0  24.0  23.8  24.2  24.0  24.1  24.0  24.5  25.3  29.4  29.1  28.7  28.2  27.9  27.5  27.1  26.9 
 24.2  24.0  24.3  24.2  23.8  24.0  23.9  24.0  23.8  23.9  23.9  24.0  23.8  23.7  24.0  24.2  23.9  23.9  23.9  24.0  23.9  24.0  24.1  24.5  26.0  26.6  27.4  27.3  26.9  26.8  26.8  26.8 
 24.3  24.0  24.1  23.9  24.0  23.7  24.1  24.1  24.0  23.7  23.9  23.9  24.0  23.8  24.0  23.9  24.0  23.9  24.2  24.0  24.1  23.9  24.0  24.2  24.7  24.8  25.9  25.9  25.8  25.6  25.7  25.9 
 24.3  24.4  24.3  24.3  23.7  23.9  24.0  23.9  23.9  23.7  23.9  23.8  23.8  23.6  23.9  24.1  24.0  24.0  24.0  24.1  23.9  24.1  24.0  24.3  24.3  24.4  25.1  25.5  25.4  25.3  25.7  25.7 
 24.7  23.9  24.6  24.4  24.2  23.9  24.0  24.1  24.2  23.8  24.1  23.8  23.7  23.9  23.9  23.9  24.1  24.0  24.1  24.2  24.1  24.1  24.2  24.3  24.4  24.3  24.7  24.9  25.2  25.1  25.6  25.6 
 24.2  24.5  24.5  24.2  24.0  24.0  24.0  24.3  23.7  24.0  23.9  23.9  23.9  24.1  23.9  24.1  23.9  24.1  24.1  24.1  23.9  23.8  24.2  24.3  24.4  24.4  24.5  24.9  25.1  25.0  25.3  25.8 
 24.8  24.3  24.7  24.3  24.3  24.0  24.1  24.2  24.2  23.9  24.2  24.1  24.0  23.8  24.0  24.1  24.1  24.0  24.0  24.3  24.0  23.9  24.4  24.4  24.7  24.4  24.4  24.5  25.0  24.7  25.6  26.0 
 24.1  24.5  24.6  24.8  24.3  24.2  24.1  24.2  23.8  24.0  23.9  24.2  23.8  24.0  24.0  24.2  24.2  24.2  24.3  24.4  24.0  24.2  24.4  24.5  24.6  24.8  24.8  24.9  24.8  25.0  25.9  26.7 
 25.7  25.1  24.9  24.9  24.5  24.1  24.7  24.1  24.3  24.1  24.4  24.2  24.3  24.0  24.0  24.4  24.4  24.1  24.1  24.3  24.2  23.9  24.6  24.4  24.6  24.5  25.1  24.6  25.0  25.0  27.3  27.8 
 25.2  25.5  24.5  24.9  24.7  24.4  24.3  24.6  24.2  24.1  24.3  24.4  23.9  24.3  24.4  24.3  24.2  24.2  24.3  24.3  24.3  24.2  24.3  24.8  24.7  24.6  24.9  25.1  25.3  25.5  26.9  27.7 
