 23.1  22.7  22.8  22.4  22.0  22.7  22.1  23.3  21.9  22.4  22.4  22.4  21.9  21.9  22.0  22.0  21.9  22.7  22.2  22.1  21.8  22.2  22.4  22.3  21.9  22.3  22.9  23.1  22.8  22.8  23.7  24.6 
 23.2  22.7  22.9  23.1  22.6  22.2  23.3  22.3  22.7  21.9  22.1  22.2  22.2  21.7  22.0  22.2  22.1  21.7  22.1  22.2  22.1  21.7  22.3  22.4  22.2  22.0  22.8  23.9  23.4  22.7  23.7  24.4 
 22.6  22.9  22.7  22.9  22.1  22.7  22.2  23.0  22.1  22.3  22.3  22.2  21.8  21.9  22.0  22.1  21.9  22.1  21.9  21.9  21.8  21.9  22.1  22.2  22.0  22.4  22.7  22.3  22.8  22.7  23.0  23.2 
 22.9  22.3  22.7  22.6  22.6  21.8  23.3  22.6  22.2  22.0  22.4  22.2  22.0  21.6  21.9  22.2  22.0  21.7  22.0  22.1  22.1  21.6  22.0  22.2  22.3  22.1  22.5  22.5  22.5  22.4  23.1  23.2 
 22.5  22.8  22.7  22.6  22.3  22.9  22.5  22.9  22.7  22.7  22.4  22.4  22.0  21.8  22.1  22.0  21.6  21.9  22.0  21.9  22.0  22.0  22.2  22.2  22.1  22.2  22.4  22.2  22.2  22.4  23.0  22.8 
 22.5  22.3  22.4  22.4  22.7  22.0  22.8  22.6  23.4  23.3  22.6  22.4  21.8  21.8  22.0  22.1  21.9  21.6  22.0  22.0  22.0  21.7  22.2  22.1  22.2  21.9  22.5  22.4  22.5  22.4  22.7  23.0 
 22.5  22.4  22.5  22.7  22.2  22.7  22.6  22.8  24.7  26.1  23.8  22.5  22.0  21.9  22.1  21.8  21.8  21.8  21.9  21.8  21.9  22.0  22.1  22.1  22.0  21.9  22.3  22.5  22.3  22.3  22.8  22.4 
 22.8  22.3  22.6  22.7  22.5  22.2  22.6  23.0  25.3  26.6  24.0  22.7  22.0  21.8  22.0  22.1  22.0  21.6  21.9  21.9  21.9  21.8  22.0  22.3  22.3  21.8  22.3  22.5  22.3  22.0  22.3  22.1 
 23.0  22.6  22.8  22.3  22.4  22.5  22.6  22.6  22.7  22.9  22.5  22.1  21.9  22.1  22.2  21.9  21.7  22.0  22.1  21.9  21.9  22.0  22.2  22.1  22.1  22.2  22.3  22.2  22.4  22.3  22.6  22.6 
 22.9  22.4  22.8  22.9  22.6  22.1  22.5  22.5  22.4  22.3  22.3  22.2  22.2  21.8  21.9  22.1  22.0  21.8  21.9  22.0  22.0  21.8  22.1  22.0  22.2  21.9  22.4  22.8  22.5  22.3  22.8  22.8 
 23.1  23.4  23.4  23.2  23.2  23.1  22.7  22.6  22.2  22.3  22.3  22.3  21.9  21.9  22.1  22.0  21.8  21.9  21.9  21.9  22.0  22.0  21.9  22.0  21.9  22.1  22.8  23.1  23.1  22.6  22.6  22.6 
 23.2  23.3  23.6  23.9  24.2  24.0  23.5  23.2  22.6  22.3  22.3  22.2  22.1  21.8  22.1  22.0  21.9  21.7  22.0  22.1  21.9  21.8  22.1 nan  22.2  22.0  23.4  24.5  23.4  22.5  22.6  22.8 
 23.8  23.9  25.1  25.2  26.6  27.1  32.4  34.6  32.7  28.9  22.7  22.3  22.0  22.1  22.0  22.1  21.8  21.9  22.0  22.0  21.9  21.9  22.0  22.0  22.1  22.2  23.4  24.1  23.0  22.6  23.0  22.7 
 24.2  24.1  25.2  26.3  28.1  29.5  41.3  48.6  53.3  46.8  23.9  22.7  22.3  21.9  22.1  22.1  22.0  21.8  22.0  22.2  22.0  21.8  22.1  22.3  22.2  21.9  22.6  22.9  22.8  22.2  22.5  23.0 
 24.4  24.8  26.2  26.9  30.0  33.4  54.1  62.2  74.1  71.1  34.1  25.0  22.1  22.2  22.1  22.1  22.1  21.9  22.1  22.1  21.9  21.8  22.3  22.1  22.0  22.2  22.4  22.3  22.4  22.4  22.9  22.6 
 24.8  24.9  26.3  27.1  30.3  33.4  52.6  61.8  78.2  79.2  36.5  25.4  22.4  22.0  22.0  22.2  22.1  21.9  22.2  22.3  22.0  21.8  22.2  22.2  22.2  22.0  22.5  22.4  22.4  22.3  23.1  23.3 
 24.7  25.1  26.1  26.3  29.0  31.2  43.5  52.7  72.6  69.5  29.5  23.8  22.2  22.1  22.3  22.1  22.0  22.0  22.1  21.9  21.9  22.1  22.3  22.2  22.2  22.1  22.7  22.7  22.2  22.8  23.2  23.1 
 25.2  24.5  25.7  26.3  28.2  29.0  36.3  41.4  53.6  48.8  25.0  23.2  22.3  22.2  22.2  22.2  22.1  21.8  22.1  22.3  22.2  21.8  22.2  22.4  22.2  22.1  22.5  22.6  22.7  22.1  23.0  23.3 
 24.7  25.0  25.7  26.0  26.3  26.6  28.1  28.7  29.1  27.5  23.4  22.6  22.3  22.1  22.3  22.0  22.2  22.0  22.0  22.3  22.0  22.2  22.5  22.4  22.4  22.3  22.7  22.5  22.6  22.5  22.7  23.0 
 24.7  24.6  25.2  25.7  25.6  25.7  26.7  26.8  26.6  25.5  23.1  22.8  22.4  22.1  22.2  22.1  22.2  21.8  22.2  22.1  22.1  21.8  22.3  22.5  22.2  22.2  22.6  22.8  22.5  22.5  23.3  23.3 
 24.6  24.7  25.3  24.9  25.0  25.1  25.2  25.2  24.4  24.1  23.3  22.6  22.3  22.3  22.5  22.4  22.1  22.1  22.2  22.2  22.3  21.9  22.5  22.5  22.4  22.4  22.7  22.6  22.5  22.5  22.8  23.5 
 25.0  24.3  25.1  25.0  24.9  24.4  24.8  25.0  24.3  23.5  22.9  23.1  22.5  22.2  22.2  22.4  22.1  22.1  22.3  22.3  22.3  22.1  22.4  22.6  22.4  22.0  22.6  22.9  22.6  22.2  24.0  24.7 
 25.8  25.2  24.8  24.7  24.2  24.3  24.3  24.0  23.4  23.4  23.2  22.9  22.4  22.4  22.4  22.5  22.4  22.2  22.5  22.3  22.3  22.2  22.6  22.6  22.2  22.3  23.0  23.1  23.0  23.1  24.9  25.1 
 26.5  25.1  24.5  24.8  24.4  23.9  24.1  24.2  23.5  22.8  23.1  23.1  22.6  22.3  22.4  22.6  22.5  22.0  22.4  22.6  22.5  22.0  22.7  22.8  22.5  22.3  22.8  23.1  23.3  23.3  25.0  26.3 
