 23.3  22.7  22.4  22.8  22.6  22.1  22.2  22.5  22.2  21.9  22.2  22.2  22.2  21.9  21.9  22.2  22.0  21.7  22.3  22.1  22.1  22.1  22.1  22.4  22.6  22.0  23.0  23.6  23.0  22.8  23.4  25.2 
 23.2  22.9  22.7  22.7  22.4  22.5  22.5  22.4  22.1  22.3  22.4  22.4  22.0  22.1  22.0  21.9  21.9  21.9  22.4  22.3  22.2  22.2  22.4  22.5  22.0  22.5  22.8  24.1  23.4  23.2  23.7  24.1 
 22.8  22.4  22.8  22.5  22.4  22.2  22.4  22.3  22.4  22.1  22.1  22.5  22.2  21.9  22.0  22.1  22.1  21.8  21.9  22.0  22.1  21.9  22.2  22.5  22.4  22.3  22.5  22.9  22.9  22.5  22.6  23.2 
 22.7  22.4  23.0  22.6  22.2  21.9  22.5  22.2  22.1  22.1  22.5  22.2  21.8  21.9  22.2  22.0  22.0  21.9  22.3  22.0  22.2  22.1  22.3  22.2  22.3  22.2  22.7  22.5  22.3  22.8  23.1  23.0 
 22.8  22.6  22.7  22.6  22.4  22.1  22.4  22.7  22.9  22.7  22.6  22.3  21.9  21.9  22.2  21.9  22.1  21.8  21.9  21.9  22.1  21.9  22.0  22.4  22.3  22.1  22.7  22.3  22.6  22.2  22.9  23.0 
 22.1  22.6  22.6  22.7  22.2  22.4  22.6  22.7  23.1  23.5  22.7  22.4  21.9  21.9  22.2  22.2  21.8  22.0  22.0  22.1  22.0  22.0  22.4  22.1  22.3  22.3  22.3  22.4  22.2  22.9  22.9  22.8 
 22.8  22.6  22.5  22.4  22.3  22.2  22.6  22.9  25.0  25.8  23.8  22.7  22.3  22.1  22.1  22.1  21.9  21.8  22.0  22.0  22.1  22.1  22.3  22.2  22.1  22.1  22.4  22.5  22.4  22.2  22.4  22.9 
 22.7  22.6  22.6  22.7  22.4  22.2  22.8  23.0  25.3  26.8  23.9  22.6  21.9  22.2  22.1  21.8  21.9  21.8  21.9  21.9  21.9  22.0  22.2  22.1  22.1  22.0  22.4  22.5  22.6  22.5  22.8  22.4 
 23.3  22.5  22.9  22.6  22.4  22.2  22.5  22.6  22.8  22.8  22.6  22.1  22.1  21.9  22.1  22.1  22.0  21.7  22.1  22.2  22.2  21.9  22.2  22.2  22.3  22.0  22.6  22.6  22.5  22.1  22.6  22.9 
 23.0  23.0  22.9  22.8  22.5  22.6  22.6  22.6  22.5  22.7  22.4  22.3  22.0  22.0  22.1  22.0  21.9  21.9  22.1  22.0  22.0  22.0  22.2  22.2  22.1  22.3  22.7  22.6  22.2  22.6  23.1  22.5 
 23.5  23.4  23.7  23.5  23.5  23.3  22.7  22.8  22.4  22.3  22.4  22.1  21.9  21.8  22.1  22.1  22.1  21.8  22.1  22.0  22.1  21.9  22.1  22.0  22.3  22.1  23.0  23.1  23.1  22.8  22.9  22.6 
 23.2  23.7  23.9  23.8  24.2  24.2  23.7  23.2  22.5  22.5  22.4  22.2  22.1  22.1  22.0  22.1  21.8  21.9  22.1  22.1  21.9  22.0  22.1 nan  22.1  22.3  23.7  24.5  23.5  22.9  22.9  22.8 
 24.2  23.9  25.0  25.6  26.7  27.2  32.5  34.8  33.0  29.0  22.7  22.6  22.2  22.1  22.1  22.3  22.2  21.9  22.2  22.1  21.9  21.7  22.1  22.2  22.2  22.2  23.5  23.9  23.3  22.5  23.0  23.3 
 24.1  24.5  25.4  26.1  28.1  29.7  41.3  48.6  53.3  47.2  24.2  22.7  22.3  22.1  22.2  22.0  22.0  22.1  22.2  22.0  22.0  21.9  22.2  22.3  22.2  22.1  22.7  23.1  22.8  22.6  22.8  22.8 
 24.8  24.9  26.2  27.0  30.3  33.4  54.2  62.3  74.3  71.0  34.1  25.0  22.5  22.2  22.1  22.1  22.1  21.9  22.1  22.1  22.0  21.9  22.3  22.2  22.2  21.9  22.2  22.4  22.6  22.5  22.7  23.1 
 24.8  25.0  26.5  26.9  30.2  33.6  52.8  62.0  78.3  79.3  36.6  25.4  22.2  22.3  22.3  22.2  22.0  22.0  22.3  22.1  22.0  22.1  22.1  22.2  22.0  22.1  22.6  22.3  22.4  22.7  22.9  23.1 
 24.9  24.9  26.1  26.4  29.0  31.2  43.7  52.7  72.8  69.6  29.5  23.9  22.4  22.1  22.3  22.2  22.2  22.1  22.1  22.3  22.2  22.0  22.3  22.3  22.4  22.0  22.6  22.5  22.9  22.8  22.8  23.2 
 24.7  24.9  26.0  26.3  27.8  29.2  36.3  41.6  53.5  49.2  25.3  23.1  22.4  22.3  22.3  22.2  22.1  22.0  22.2  22.1  22.0  22.1  22.3  22.3  22.3  22.3  22.6  22.8  22.6  22.6  23.2  23.1 
 25.2  24.8  25.7  26.1  26.3  26.4  28.1  28.8  29.4  27.4  23.3  22.7  22.3  22.3  22.2  22.3  22.3  22.1  22.1  22.4  22.3  22.1  22.3  22.5  22.5  22.1  22.5  22.7  23.0  22.5  23.0  23.4 
 24.5  25.1  25.6  25.7  25.6  25.7  26.8  26.9  26.4  25.8  23.3  22.8  22.2  22.3  22.5  22.3  22.2  22.2  22.5  22.1  22.1  22.0  22.3  22.3  22.1  22.5  22.6  22.5  22.5  22.8  23.5  23.3 
 25.1  24.7  25.4  25.2  25.1  24.8  25.2  25.2  24.9  24.0  23.1  23.0  22.5  22.3  22.3  22.6  22.4  22.3  22.2  22.2  22.4  22.0  22.4  22.4  22.5  22.2  22.7  22.9  23.0  22.8  23.5  24.3 
 24.8  25.0  25.2  25.0  24.9  24.8  24.9  25.0  24.1  23.9  23.0  23.1  22.3  22.4  22.5  22.4  22.0  22.1  22.4  22.5  22.3  22.2  22.6  22.6  22.4  22.5  22.5  22.7  22.9  22.9  24.2  24.3 
 26.0  25.2  24.9  24.9  24.5  24.1  24.3  24.1  23.8  23.3  23.0  23.0  22.7  22.2  22.3  22.5  22.5  22.2  22.5  22.5  22.4  22.0  22.8  22.7  22.6  22.5  23.0  23.3  23.2  23.1  25.2  25.5 
 26.2  25.1  24.8  24.8  24.1  24.4  24.2  24.0  23.4  23.6  23.1  23.1  22.7  22.6  22.6  22.5  22.4  22.5  22.5  22.3  22.4  22.4  22.7  22.5  22.7  22.3  22.9  23.2  22.9  23.3  25.9  26.3 
