 23.1  22.3  22.7  22.6  22.4  21.9  22.3  22.3  22.3  21.8  22.2  22.2  22.1  21.8  22.1  22.1  22.0  21.6  22.2  22.0  22.1  21.7  22.4  22.1  22.2  21.9  22.9  23.2  23.0  22.8  23.9  24.6 
 22.6  22.7  22.7  22.7  22.2  22.2  22.5  22.4  22.1  22.0  22.1  22.2  21.9  22.0  22.0  22.1  21.8  21.5  22.0  22.1  21.9  21.9  22.3  22.1  22.1  22.3  23.3  24.1  23.2  23.2  23.4  24.1 
 23.0  22.4  23.0  22.7  22.2  21.9  22.2  22.2  22.2  22.2  22.2  22.1  21.9  21.7  21.9  22.0  22.0  21.6  22.0  22.2  22.1  21.9  22.1  22.2  22.3  22.1  22.5  22.6  22.9  22.7  22.8  23.4 
 22.5  22.4  22.4  22.5  22.0  21.9  22.5  22.6  22.4  21.9  22.5  22.2  21.7  21.6  22.1  22.1  21.8  21.7  21.9  21.9  22.0  21.8  22.0  22.1  21.9  22.0  22.5  22.3  22.3  22.6  22.9  23.4 
 22.6  22.4  22.7  22.5  22.3  22.2  22.5  22.8  22.7  22.6  22.4  22.2  22.0  21.8  22.1  22.0  21.8  21.7  21.9  21.8  21.8  21.8  22.2  22.4  22.1  21.9  22.6  22.4  22.2  22.4  23.0  22.8 
 22.0  22.6  22.6  22.4  21.9  22.3  22.5  22.7  23.0  23.4  22.8  22.4  22.0  21.9  22.0  21.9  21.9  21.8  22.1  21.9  21.8  21.7  22.2  22.2  22.1  22.0  21.9  22.3  22.2  22.4  22.9  22.8 
 22.8  22.4  22.5  22.4  22.4  22.2  22.8  22.9  24.9  25.9  23.8  22.6  22.1  21.6  22.1  21.9  21.7  21.7  22.0  22.0  21.8  21.9  22.2  22.2  22.1  21.9  22.3  22.7  22.4  22.3  22.8  22.8 
 22.5  22.7  22.6  22.4  22.1  22.2  23.0  22.9  25.2  26.6  23.8  22.6  21.9  21.9  22.0  22.0  21.8  21.7  22.0  21.9  21.9  22.0  22.2  22.3  22.0  22.0  22.2  22.5  22.1  22.5  22.5  22.3 
 22.8  22.4  22.9  22.7  22.2  22.3  22.6  22.7  22.7  22.8  22.5  22.3  22.2  21.9  22.1  22.1  21.8  21.7  22.1  22.0  22.0  21.9  22.0  22.0  22.2  22.0  22.5  22.4  22.5  22.1  22.6  22.7 
 22.8  22.7  22.9  23.0  22.5  22.3  22.5  22.5  22.3  22.7  22.3  22.3  21.9  21.9  22.0  22.0  21.7  21.9  22.0  22.0  21.9  21.9  22.1  22.2  22.0  22.1  22.3  22.4  22.2  22.6  22.6  22.3 
 23.2  22.8  23.4  23.5  23.3  23.0  22.6  22.6  22.5  22.2  22.3  22.3  22.1  21.8  22.0  22.0  21.9  21.7  22.1  22.0  22.0  21.9  22.1  22.0  22.1  21.9  22.8  23.2  23.1  22.7  22.8  22.7 
 23.0  23.3  23.6  23.9  23.9  24.1  23.4  23.1  22.5  22.4  22.2  22.1  22.0  21.9  22.0  22.0  21.9  21.9  22.1  21.9  21.7  21.9  22.0 nan  21.8  22.0  23.5  24.3  23.1  22.8  22.7  23.0 
 23.9  23.8  25.0  25.2  26.6  27.1  32.3  34.6  32.8  28.8  22.7  22.5  22.0  21.9  22.0  22.1  21.9  21.9  22.1  21.9  21.9  21.7  22.1  22.1  22.0  22.0  23.5  24.1  23.0  22.5  22.8  22.7 
 23.9  24.2  25.3  26.1  27.8  29.6  41.3  48.8  53.0  47.2  24.2  22.8  22.1  22.1  22.0  22.2  21.8  21.9  22.1  22.0  21.9  21.9  21.9  22.1  21.9  22.1  22.7  23.1  22.8  22.6  22.7  22.8 
 24.5  24.8  26.2  26.6  30.1  33.1  54.1  62.2  74.4  71.0  34.0  25.0  22.3  22.0  22.0  21.9  22.0  21.8  22.0  22.2  21.9  21.9  22.3  22.2  22.0  22.0  22.5  22.4  22.4  22.4  22.9  22.9 
 24.5  24.9  26.3  27.0  30.2  33.5  52.8  61.7  78.3  79.2  36.4  25.4  22.4  22.3  22.1  22.0  21.9  22.0  22.0  22.1  21.9  22.0  22.0  22.2  22.0  22.1  22.6  22.4  22.4  22.5  22.7  22.9 
 25.0  24.6  26.2  26.5  29.0  31.0  43.8  52.6  72.6  69.5  29.4  23.9  22.3  22.0  22.1  22.0  22.1  21.8  22.2  22.1  22.1  21.8  22.3  22.3  22.0  21.9  22.6  22.5  22.5  22.6  23.0  23.0 
 24.5  24.6  25.8  26.4  28.0  29.1  36.3  41.5  53.4  48.9  25.3  23.3  22.1  22.2  22.1  22.0  21.7  21.9  22.3  22.2  22.0  22.0  22.2  22.3  22.3  22.3  22.6  22.5  22.6  22.4  22.8  22.9 
 25.0  24.6  25.8  26.0  26.2  26.4  28.0  28.9  29.2  27.3  23.3  22.8  22.2  22.2  22.3  22.2  22.2  21.8  22.1  22.2  22.2  21.8  22.1  22.2  22.5  22.3  22.5  22.5  22.7  22.6  23.0  23.3 
 24.4  25.1  25.6  25.6  25.7  25.6  26.8  26.9  26.5  25.6  23.0  22.7  22.2  22.2  22.2  22.3  22.0  21.9  22.2  22.1  22.0  22.0  22.4  22.3  22.2  22.3  22.5  22.7  22.3  22.5  22.9  23.7 
 24.7  24.7  25.2  25.2  25.3  24.8  24.8  25.1  24.5  23.7  23.3  23.0  22.3  22.0  22.2  22.3  22.2  21.9  22.3  22.4  22.2  22.0  22.5  22.5  22.5  22.2  22.6  22.8  22.5  22.5  23.5  23.5 
 24.8  24.6  25.0  25.0  24.6  24.7  24.6  24.8  24.1  23.7  23.1  23.0  22.2  22.1  22.3  22.4  22.1  22.1  22.3  22.4  22.1  22.0  22.5  22.7  22.3  22.3  22.8  22.8  22.7  22.7  23.4  24.3 
 25.5  24.5  24.9  24.9  24.2  23.8  24.4  24.1  23.7  23.2  23.2  23.0  22.6  22.1  22.5  22.4  22.2  21.9  22.4  22.5  22.2  22.0  22.6  22.9  22.3  22.2  23.0  22.9  23.0  22.9  24.5  25.5 
 25.5  25.6  24.6  24.6  24.2  24.2  23.9  23.8  23.1  23.2  23.0  23.1  22.4  22.3  22.6  22.7  22.2  22.3  22.5  22.6  22.3  22.4  22.7  22.8  22.4  22.3  23.1  23.0  22.7  23.3  25.5  26.3 
