 24.7  24.2  24.2  24.1  24.4  24.2  24.6  24.4  24.2  24.0  24.3  24.0  24.2  23.8  24.1  24.2  24.1  23.8  24.4  24.0  24.1  24.1  24.4  24.1  25.9  27.0  30.3  30.3  31.2  30.7  29.4  29.6 
 24.4  24.2  24.2  24.6  24.2  24.0  24.3  24.7  24.0  24.0  24.2  24.3  24.0  23.9  24.1  24.1  24.0  23.9  24.2  24.5  24.1  24.0  24.1  24.2  25.1  26.4  29.1  30.6  30.3  30.3  28.6  28.7 
 24.1  24.4  24.5  24.4  24.3  24.2  24.3  23.9  24.0  23.9  24.2  24.2  24.1  23.9  24.0  24.0  24.1  23.9  24.2  24.0  24.1  24.0  24.4  24.4  24.2  24.6  27.5  28.1  27.6  27.1  26.5  25.7 
 23.8  24.3  24.4  24.5  24.2  24.2  24.1  24.4  23.9  24.0  24.1  24.3  24.0  23.8  24.0  24.2  24.1  23.8  24.0  24.2  24.1  24.1  24.2  24.4  24.1  24.3  25.2  25.8  25.1  24.9  25.3  25.6 
 24.7  24.3  24.5  24.4  24.5  24.4  24.3  24.1  24.0  24.0  24.1  23.9  24.0  23.9  24.0  23.8  24.0  23.8  24.1  24.0  24.2  23.9  24.2  24.2  24.2  24.1  24.5  24.3  24.3  24.2  24.9  24.7 
 24.3  24.3  24.6  24.5  24.4  24.4  24.4  24.2  24.2  24.1  23.8  24.0  23.8  23.9  24.0  24.1  24.1  23.9  24.1  24.3  24.1  24.0  24.2  24.3  24.1  24.0  24.3  24.4  24.2  24.7  24.6  24.8 
 24.3  24.2  24.5  24.5  24.1  24.1  24.2  24.0  24.1  23.9  24.2  23.9  24.1  23.9  24.1  23.9  24.0  24.0  24.2  23.8  24.2  23.9  24.1  24.0  24.0  24.0  24.5  24.2  24.3  24.2  24.6  24.6 
 24.2  24.3  24.1  24.6  24.3  24.5  24.1  24.2  23.9  24.0  24.0  24.3  24.0  24.0  23.9  24.3  24.0  24.0  23.8  24.0  24.0  24.0  24.2  24.0  24.0  24.1  24.2  24.5  24.2  24.2  24.3  23.8 
 24.5  24.1  24.6  24.3  24.3  24.0  24.5  24.3  24.0  23.9  24.2  23.8  24.1  24.0  24.0  24.0  24.0  23.9  24.3  24.1  24.2  24.1  24.3  24.0  24.3  24.1  24.2  24.3  24.2  24.4  24.3  24.4 
 24.5  24.3  24.5  24.5  24.4  24.2  24.0  24.4  24.1  23.8  23.9  24.2  23.9  23.8  24.0  24.1  23.9  24.0  24.0  24.1  24.0  24.1  24.3  24.2  24.3  24.3  24.4  24.5  24.2  24.2  24.4  24.7 
 24.7  24.5  24.7  24.5  24.3  24.2  24.3  24.1  24.0  23.9  24.2  23.9  24.1  23.8  24.2  23.9  24.1  24.0  24.3  24.1  24.2  24.2  24.3  24.2  24.3  24.2  24.4  24.1  24.3  24.2  24.8  24.6 
 24.6  24.6  24.5  24.5  24.2  24.0  24.3  24.3  24.0  23.9  23.9  24.3  24.0  23.9  23.9  24.1  24.0  24.1  24.0  24.2  24.2  24.1  24.2 nan  24.2  24.0  24.0  24.7  24.3  24.2  24.6  25.0 
 24.6  24.1  24.6  24.4  24.2  24.0  24.2  24.2  23.9  23.9  24.1  24.0  24.2  24.0  24.2  24.1  24.2  24.0  24.3  24.2  24.3  24.1  24.4  24.3  24.4  24.2  24.6  24.7  24.9  24.4  25.1  25.0 
 24.4  24.5  24.5  24.5  24.2  24.1  24.3  24.4  24.0  23.9  24.0  24.4  24.1  24.0  24.0  24.2  24.1  24.1  24.1  24.3  24.3  24.1  24.2  24.6  24.4  24.6  24.8  25.0  24.9  25.0  25.1  25.5 
 24.4  24.6  24.6  24.5  24.4  24.2  24.4  23.9  24.2  24.0  24.1  24.1  24.1  23.9  24.1  23.9  24.1  23.9  24.3  24.2  24.7  24.8  29.6  30.8  30.6  29.6  27.5  27.1  26.6  26.2  26.5  25.8 
 24.7  24.4  24.5  24.8  24.2  24.0  24.2  24.2  24.2  24.0  24.1  24.3  24.1  24.1  23.9  24.3  23.9  24.1  24.2  24.3  25.3  28.7  44.5  46.8  43.6  38.5  30.4  29.1  27.5  27.3  26.8  26.6 
 24.8  24.3  24.7  24.3  24.5  24.0  24.5  24.5  24.4  23.8  24.3  24.1  24.0  24.1  24.3  23.9  24.2  24.0  24.3  24.3  32.4  44.8  70.5  73.4  69.5  60.1  36.2  32.5  29.1  28.5  27.5  27.1 
 24.4  24.6  24.6  24.7  24.4  24.2  24.6  24.6  24.1  24.0  24.1  24.4  24.0  24.0  24.2  24.2  24.1  24.1  24.4  24.6  34.7  49.3  75.0  77.7  71.5  61.5  36.8  33.5  29.4  28.7  27.8  27.7 
 25.4  24.8  24.9  24.6  24.5  24.3  24.5  24.4  24.3  23.9  24.3  24.1  24.2  24.1  24.4  24.2  24.4  24.2  24.5  24.6  33.6  42.7  65.8  68.5  59.7  50.3  34.9  32.3  29.7  28.6  28.0  28.0 
 24.7  24.8  24.5  25.1  24.4  24.1  24.3  24.6  24.0  24.1  24.1  24.4  24.1  24.1  24.2  24.5  24.2  24.3  24.4  25.2  31.5  36.7  52.3  54.8  47.4  42.5  33.2  31.4  28.9  28.7  28.0  28.6 
 25.3  25.0  25.2  24.8  24.5  24.4  24.5  24.2  24.5  24.3  24.2  24.1  24.4  24.1  24.5  24.3  24.3  24.2  24.7  25.5  27.4  28.6  33.6  34.5  33.8  32.9  30.7  29.9  28.2  27.6  28.4  29.0 
 24.9  25.4  24.9  24.9  24.6  24.4  24.4  24.6  24.4  24.2  24.2  24.5  24.2  24.4  24.0  24.6  24.2  24.1  25.0  25.7  26.4  27.1  30.1  31.0  31.4  31.2  29.7  29.7  28.0  27.9  29.0  31.1 
 25.8  25.5  25.0  25.0  24.8  24.6  24.8  24.7  24.5  24.2  24.8  24.4  24.3  24.1  24.5  24.5  24.5  24.2  25.3  25.2  25.7  25.8  27.9  28.6  28.9  29.1  29.0  28.3  27.8  28.3  31.4  31.8 
 26.0  25.7  25.1  25.4  24.8  24.6  24.5  24.8  24.4  24.5  24.5  24.7  24.5  24.4  24.6  24.7  24.3  24.5  25.2  25.3  25.6  25.8  27.2  27.8  28.1  28.4  28.1  28.4  27.9  28.6  31.6  33.5 
