 23.2  22.3  23.1  23.2  22.7  22.0  22.6  22.1  22.2  21.8  22.4  22.4  22.2  21.8  22.3  22.3  22.1  21.6  22.2  22.3  22.1  21.8  22.5  22.7  22.2  22.2  23.2  23.6  23.3  22.6  24.1  25.2 
 22.4  23.0  23.1  23.0  22.3  22.5  22.4  22.4  22.2  22.2  22.4  22.4  21.8  21.7  22.2  22.2  21.7  21.9  22.3  22.2  21.9  22.1  22.6  22.4  22.0  22.6  23.0  24.1  23.1  23.2  24.2  23.9 
 23.0  22.6  23.0  22.9  22.4  21.8  22.5  22.6  22.2  21.7  22.5  22.4  22.0  21.7  22.2  22.1  21.9  21.9  22.2  22.1  22.1  21.6  22.5  22.4  22.4  21.9  22.7  22.8  22.9  22.4  23.3  23.6 
 22.5  22.6  22.7  23.1  22.1  22.2  22.5  22.7  22.3  22.2  22.5  22.4  21.7  21.8  22.1  22.2  21.8  21.9  22.1  22.2  21.9  22.0  22.3  22.5  22.0  22.2  22.8  22.9  22.2  22.9  23.1  23.7 
 22.8  22.3  23.0  22.9  22.6  22.1  22.6  22.7  23.0  22.5  22.5  22.5  22.0  21.7  22.1  22.2  21.9  21.6  22.0  22.0  22.0  21.8  22.2  22.2  22.3  22.0  22.7  22.7  22.6  22.1  22.8  23.0 
 22.7  22.4  22.7  22.7  22.0  22.3  22.6  22.7  23.1  23.4  22.7  22.5  21.9  22.0  22.1  22.1  21.8  22.0  22.0  22.1  21.9  21.9  22.3  22.4  22.2  22.2  22.6  22.6  22.2  22.4  23.1  23.1 
 22.6  22.4  23.1  22.6  22.3  22.2  22.7  22.9  25.0  26.1  23.8  22.7  22.2  21.8  22.0  22.0  21.9  21.8  22.1  22.0  22.1  21.8  22.3  22.4  22.4  21.9  22.5  22.6  22.3  22.4  23.1  23.0 
 22.5  22.7  22.6  22.7  22.2  22.5  22.6  23.0  25.2  26.8  24.2  22.7  21.8  22.0  22.0  22.2  21.8  21.9  22.1  22.2  21.9  22.0  22.3  22.2  22.0  22.2  22.6  22.6  22.2  22.5  22.8  22.1 
 22.8  22.3  22.8  22.7  22.5  22.2  22.8  22.6  22.9  22.6  22.6  22.4  22.3  21.9  22.0  22.2  21.9  21.8  22.1  22.1  22.0  21.7  22.2  22.1  22.2  22.0  22.4  22.8  22.6  22.0  22.7  22.9 
 22.7  22.9  23.1  23.1  22.4  22.6  22.6  22.6  22.4  22.6  22.3  22.4  21.8  22.1  21.9  22.0  21.7  22.0  22.2  22.2  21.9  22.0  22.1  22.3  22.0  22.1  22.7  22.7  22.2  22.5  22.9  22.8 
 23.5  23.0  23.8  23.6  23.3  23.3  23.0  22.7  22.4  22.3  22.5  22.4  22.1  21.9  22.3  22.0  21.9  21.6  22.1  22.0  22.0  21.9  22.2  22.1  22.1  21.9  22.8  23.4  23.2  23.0  22.8  23.2 
 23.2  23.4  24.0  24.0  24.0  24.1  23.6  23.2  22.4  22.4  22.4  22.5  22.0  22.0  22.0  22.2  21.8  21.9  22.2  22.3  21.9  22.3  22.2 nan  21.9  22.2  23.9  24.7  23.1  22.6  22.9  23.3 
 24.2  23.9  25.1  25.4  26.8  27.2  32.4  34.7  32.7  28.8  22.9  22.5  22.1  21.9  22.2  22.1  21.9  21.8  22.0  22.1  22.1  21.8  22.3  22.3  22.4  22.1  23.6  24.3  23.2  22.5  23.1  23.2 
 24.1  24.3  25.6  26.2  27.9  29.7  41.4  48.8  53.1  47.3  24.1  22.9  22.2  22.2  22.3  22.1  21.8  22.0  22.1  22.1  21.9  22.1  22.3  22.3  22.1  22.2  22.8  23.1  22.8  22.6  22.5  23.1 
 24.7  24.6  26.2  27.1  30.1  33.3  54.1  62.5  74.2  70.9  34.3  25.1  22.3  22.0  22.1  22.2  22.1  21.8  22.3  22.3  22.0  21.7  22.3  22.4  22.4  22.1  22.5  22.6  22.6  22.4  23.2  23.1 
 24.6  25.2  26.5  27.2  30.1  33.7  52.9  61.8  78.1  79.1  36.6  25.6  22.3  22.3  22.2  22.3  21.9  22.0  22.3  22.2  21.8  22.1  22.2  22.1  21.8  22.1  22.6  22.7  22.4  22.8  23.1  23.1 
 25.0  24.8  26.2  26.6  29.2  31.1  43.8  52.6  72.6  69.3  29.5  23.9  22.4  22.0  22.4  22.2  22.2  21.8  22.4  22.4  21.9  21.8  22.4  22.3  22.4  22.0  22.7  22.8  22.6  22.4  23.3  23.2 
 24.5  24.9  26.1  26.2  27.7  29.4  36.3  41.4  53.3  48.9  25.4  23.3  22.2  22.4  22.4  22.3  22.0  22.0  22.3  22.4  22.1  22.1  22.5  22.5  22.2  22.3  22.8  22.9  22.5  22.9  23.0  23.3 
 24.8  24.7  25.9  26.2  26.4  26.3  28.4  29.2  29.2  27.4  23.6  22.8  22.5  22.1  22.5  22.5  22.3  21.9  22.3  22.3  22.2  21.8  22.3  22.6  22.4  22.2  22.5  23.0  22.7  22.5  23.2  23.6 
 24.4  24.9  25.5  25.7  25.6  25.9  26.9  27.0  26.3  26.0  23.0  22.9  22.1  22.4  22.4  22.3  22.2  22.2  22.4  22.3  22.0  22.2  22.5  22.4  22.2  22.2  22.6  22.9  22.2  22.8  23.5  23.8 
 25.1  24.5  25.1  25.5  25.1  24.9  25.2  25.4  25.1  23.9  23.1  23.0  22.5  22.2  22.4  22.4  22.2  22.0  22.3  22.5  22.3  22.2  22.6  22.5  22.6  22.1  22.6  23.0  22.6  22.7  23.6  24.1 
 24.7  24.9  25.2  25.0  24.7  24.7  24.9  24.9  24.0  23.8  23.2  23.0  22.5  22.4  22.3  22.4  22.1  22.2  22.5  22.4  22.2  22.3  22.8  22.6  22.1  22.4  22.8  23.1  22.6  22.7  24.0  24.8 
 25.6  24.5  24.9  24.9  24.5  24.0  24.5  24.1  23.8  23.3  23.3  23.1  22.8  22.1  22.6  22.5  22.5  22.1  22.5  22.7  22.4  21.9  22.9  22.7  22.8  22.4  23.3  23.3  23.1  23.1  25.4  26.0 
 25.9  25.5  24.7  24.7  23.9  24.2  24.3  24.1  23.2  23.4  23.3  23.2  22.6  22.6  22.6  22.8  22.4  22.3  22.4  22.6  22.3  22.6  22.8  22.5  22.4  22.7  23.1  23.4  22.9  23.2  26.3  26.0 
