 23.7  22.1  22.7  22.6  22.3  21.9  22.3  22.1  22.1  21.9  22.0  22.2  22.1  21.6  22.2  22.0  21.8  21.7  22.1  22.2  21.9  22.0  22.2  22.4  22.5  22.0  23.0  23.2  23.0  22.6  23.7  24.2 
 22.6  22.7  22.2  22.9  22.2  22.3  22.3  22.5  22.1  21.9  22.4  22.2  21.9  21.8  22.0  22.0  21.7  22.1  21.9  22.4  22.1  21.9  21.9  22.4  22.0  22.3  22.5  23.8  22.9  23.0  23.4  23.8 
 23.0  22.4  22.8  22.4  22.5  21.8  22.3  22.2  22.0  21.8  22.2  22.1  21.9  21.7  22.2  21.9  22.0  21.6  22.1  22.0  22.0  21.7  22.0  22.2  22.0  22.0  22.7  22.7  22.6  22.2  23.2  23.1 
 22.5  22.4  22.7  22.9  21.9  21.9  22.2  22.4  22.2  22.3  22.5  22.2  21.7  21.8  22.0  22.1  21.8  21.8  21.9  21.9  21.7  22.0  22.1  22.2  22.1  22.2  22.5  22.8  22.5  22.3  23.1  23.0 
 23.0  22.3  22.7  22.6  22.4  22.0  22.5  22.5  22.8  22.6  22.5  22.3  21.9  21.7  22.0  21.7  21.9  21.5  21.9  21.9  21.9  21.8  22.0  22.0  22.3  21.9  22.6  22.3  22.3  21.9  22.8  22.8 
 22.3  22.6  22.4  22.5  22.0  22.3  22.3  22.7  23.1  23.4  22.5  22.6  21.8  21.8  21.8  22.1  21.8  21.7  21.9  22.1  21.9  21.9  22.0  22.1  22.1  22.2  22.2  22.4  21.9  22.6  22.9  22.8 
 22.6  21.9  22.6  22.4  22.1  22.0  22.8  22.7  24.6  25.8  23.7  22.7  22.0  21.9  22.0  21.9  21.9  21.6  21.9  21.9  21.9  21.7  22.1  22.2  22.0  21.9  22.5  22.5  22.3  22.3  22.9  22.8 
 22.3  22.4  22.3  22.6  22.1  22.2  22.7  23.1  25.0  26.5  24.0  22.5  21.7  22.0  21.9  22.1  21.8  21.8  22.0  22.1  21.7  21.8  22.1  22.3  21.9  21.9  22.2  22.5  22.0  22.6  22.5  22.3 
 22.8  22.6  22.6  22.4  22.3  22.1  22.7  22.6  22.7  22.5  22.7  22.2  22.1  21.8  22.1  21.9  21.7  21.7  22.0  21.8  21.8  21.8  22.2  21.9  22.0  22.1  22.6  22.2  22.3  22.3  22.8  22.4 
 22.4  22.7  22.5  23.0  22.4  22.3  22.3  22.5  22.2  22.5  22.2  22.3  21.8  21.9  21.8  21.9  21.8  21.7  22.0  22.1  21.8  22.0  22.0  22.1  22.1  22.0  22.5  22.8  22.3  22.4  22.8  23.1 
 23.3  22.8  23.4  23.1  23.0  22.6  22.9  22.4  22.4  22.2  22.2  22.1  22.1  21.7  22.1  21.8  21.9  21.7  22.1  21.8  21.9  21.6  22.1  22.0  21.9  21.9  22.9  23.2  23.2  22.7  22.6  22.6 
 22.8  23.0  23.3  23.5  23.3  23.6  23.1  22.9  22.4  22.3  22.2  22.3  21.9  21.8  21.9  22.1  21.8  21.9  21.9  22.1  21.9  21.8  22.0 nan  21.9  22.3  23.6  24.7  23.2  22.8  22.4  22.8 
 23.6  23.1  24.3  24.6  25.6  25.8  30.6  32.5  30.9  27.5  22.5  22.2  22.1  21.8  22.1  22.0  22.0  21.6  22.0  21.9  21.9  21.8  22.2  22.2  22.3  21.9  23.6  24.2  23.1  22.3  23.2  22.8 
 23.5  23.7  24.5  25.1  26.5  28.1  38.1  44.4  46.8  41.7  23.7  22.6  22.0  22.0  22.1  22.1  21.8  21.8  22.0  22.1  21.9  21.8  22.0  22.2  22.0  22.1  22.7  23.0  22.7  22.8  22.2  22.8 
 24.1  24.0  25.2  25.6  28.5  30.9  48.4  53.5  58.3  57.0  31.8  24.3  22.1  21.9  22.1  22.0  22.1  21.8  22.0  22.2  21.9  21.9  22.3  22.0  22.0  21.9  22.5  22.2  22.5  22.4  23.2  22.8 
 23.7  24.3  25.4  26.0  28.4  31.6  47.0  52.9  61.3  62.6  33.5  24.9  22.1  22.1  22.1  22.1  21.9  21.9  22.1  22.2  21.9  21.9  22.1  22.3  22.1  22.1  22.3  22.7  22.2  22.5  22.9  23.3 
 24.0  24.5  25.2  25.5  27.4  29.1  39.6  46.0  59.0  55.9  28.1  23.6  22.3  22.0  22.1  21.9  22.0  21.7  22.2  22.1  22.2  22.0  22.3  22.2  22.2  21.8  22.4  22.7  22.3  22.3  23.0  23.0 
 24.0  24.0  25.0  25.6  26.5  27.6  33.5  37.3  44.5  41.4  24.7  23.2  22.2  22.1  22.1  22.2  21.9  22.0  22.0  22.2  21.9  22.0  22.2  22.3  22.1  22.2  22.7  22.7  22.6  22.8  22.7  23.3 
 24.7  23.8  25.2  25.1  25.3  25.1  26.6  27.1  27.3  25.9  23.2  22.5  22.3  22.1  22.3  22.2  22.2  22.2  22.3  22.1  22.2  22.0  22.5  22.3  22.4  21.9  22.8  22.4  22.7  22.5  23.2  23.3 
 23.8  24.6  24.7  25.3  24.8  24.8  25.6  25.8  25.0  24.5  22.8  22.6  22.2  22.3  22.3  22.3  21.8  22.1  22.3  22.3  21.9  22.2  22.2  22.4  21.9  22.1  22.7  22.9  22.3  22.6  23.3  23.7 
 24.2  24.0  24.6  24.7  24.3  24.1  24.6  24.3  24.1  23.3  23.1  22.7  22.5  22.1  22.2  22.3  22.3  22.1  22.3  22.3  22.1  21.9  22.4  22.6  22.5  22.1  22.6  22.8  22.6  22.3  23.5  23.2 
 24.0  24.1  24.1  24.7  23.8  24.0  24.4  24.4  23.3  23.4  22.7  23.1  22.2  22.2  22.3  22.5  22.0  22.2  22.2  22.3  22.1  22.2  22.3  22.7  22.2  22.5  22.5  23.0  22.4  22.9  23.4  24.3 
 25.7  24.3  24.6  24.2  24.0  23.3  23.8  23.7  23.7  22.8  23.1  22.9  22.6  22.2  22.4  22.5  22.6  22.0  22.6  22.3  22.3  22.0  22.6  22.7  22.8  22.2  23.1  23.1  22.8  22.9  24.9  25.5 
 25.2  24.8  24.3  24.6  23.4  23.6  23.6  23.8  22.9  23.1  22.9  22.9  22.5  22.5  22.5  22.7  22.2  22.1  22.3  22.4  22.3  22.3  22.6  22.8  22.1  22.4  22.7  23.4  22.7  23.3  24.6  25.8 
