 25.0  24.0  25.0  24.7  24.3  23.8  24.3  24.2  24.0  23.6  24.1  24.3  23.9  23.5  24.1  23.9  24.1  23.8  24.2  24.1  24.1  23.8  24.2  24.2  24.3  23.7  24.6  24.4  24.7  24.1  25.7  26.3 
 23.9  24.2  25.0  25.0  24.1  24.3  24.3  24.4  23.8  23.8  24.1  24.2  23.7  23.9  24.0  24.1  23.9  23.9  24.2  24.1  23.9  24.0  24.2  24.2  23.8  24.3  24.5  24.5  24.1  24.7  25.2  25.8 
 23.8  23.0  24.7  24.4  24.5  23.4  24.2  24.0  23.9  23.6  23.8  24.0  23.8  23.5  24.1  24.0  24.1  23.7  24.1  24.0  24.1  23.8  24.3  24.0  24.5  23.8  24.7  24.4  24.3  24.0  24.7  24.9 
 23.1  24.0  23.9  24.6  23.7  23.6  24.1  24.3  23.5  23.7  24.0  24.1  23.5  23.7  23.9  24.1  23.7  23.9  24.1  24.1  23.7  24.0  24.2  24.2  23.8  24.0  24.4  24.6  23.9  24.5  24.8  24.9 
 23.8  23.3  24.4  24.2  24.3  23.9  24.0  24.0  23.8  23.7  23.9  23.9  23.9  23.6  24.1  23.8  24.0  23.6  24.1  23.9  24.0  23.7  24.2  23.9  23.9  23.9  24.5  24.3  24.3  24.1  24.9  24.7 
 23.5  23.8  24.3  24.5  23.7  24.1  24.0  24.2  23.6  23.7  23.8  24.1  23.6  23.9  23.7  24.1  23.7  24.0  24.1  24.3  23.8  23.9  24.1  24.1  23.8  24.0  24.3  24.4  23.9  24.6  24.8  25.0 
 24.0  23.6  24.4  24.1  24.2  23.7  24.3  23.9  23.7  23.6  24.1  23.9  23.9  23.6  24.0  23.9  23.9  23.7  24.1  24.0  24.1  23.8  24.1  24.1  24.1  23.7  24.3  24.2  24.3  24.0  24.8  25.2 
 23.4  24.0  24.1  24.3  24.1  24.0  24.0  24.0  23.7  24.0  23.9  24.0  23.5  24.0  23.9  24.0  23.6  23.9  23.9  24.2  23.7  24.0  24.2  24.2  23.8  24.1  24.4  24.6  24.0  24.4  24.8  24.5 
 24.4  23.9  24.3  24.4  24.0  23.8  24.2  24.2  24.0  23.8  24.0  23.9  24.0  23.5  24.0  24.0  23.8  23.7  24.1  24.0  24.1  23.8  24.3  24.0  24.3  24.0  24.4  24.5  24.9  24.8  25.6  25.4 
 24.0  24.0  24.3  24.5  23.9  24.0  24.1  24.2  23.6  24.1  24.0  24.1  23.5  23.8  23.9  24.1  23.7  24.0  24.1  24.2  23.9  24.0  24.0  24.3  24.0  24.2  24.7  25.1  25.1  25.6  25.7  26.3 
 24.1  23.8  24.4  24.2  24.2  23.5  24.0  24.1  24.0  23.7  24.1  24.1  23.8  23.7  24.1  23.9  23.9  23.7  24.1  24.0  24.1  24.0  24.4  24.3  25.0  24.7  26.4  26.9  27.3  26.9  27.3  27.0 
 24.0  24.1  24.3  24.3  23.6  24.3  24.0  24.3  23.6  23.7  23.9  24.0  23.6  23.9  23.8  24.1  23.7  23.9  24.1  24.1  23.9  24.1  24.2 nan  26.6  28.4  30.6  30.2  28.5  28.0  27.9  27.8 
 24.4  23.8  24.5  24.1  24.2  23.8  24.3  24.2  23.9  23.6  24.2  23.9  24.0  23.7  24.1  24.0  24.0  23.7  24.4  24.0  24.2  24.1  28.3  34.6  52.1  56.5  51.5  44.2  32.0  30.4  29.1  28.6 
 24.0  24.3  24.3  24.6  23.8  24.0  24.0  24.3  23.7  23.9  24.1  24.2  23.7  24.0  24.0  24.1  23.8  24.1  24.1  24.2  23.9  24.4  34.2  47.5  66.8  70.3  61.4  50.9  33.2  31.3  29.2  28.8 
 24.4  24.1  24.4  24.6  24.2  23.8  24.4  24.1  24.0  23.7  24.1  24.0  24.0  23.7  24.1  24.0  24.0  23.7  24.3  24.1  24.2  24.3  41.0  57.6  76.7  78.3  66.9  54.2  34.2  31.6  29.4  28.5 
 23.9  24.2  24.5  24.5  23.8  24.2  24.2  24.3  23.7  24.0  24.1  24.2  23.7  24.0  24.0  24.1  23.7  23.9  24.0  24.2  24.0  24.4  39.1  54.3  74.5  75.2  60.9  49.9  33.3  31.7  28.9  28.7 
 24.5  23.9  24.4  24.3  24.4  23.8  24.4  24.4  24.0  23.7  24.0  24.1  23.9  23.5  24.1  24.1  24.0  23.7  24.3  24.1  24.2  23.9  31.4  38.1  51.9  51.4  43.0  38.0  31.5  30.1  28.8  28.4 
 24.3  24.3  24.5  24.7  23.7  24.0  24.1  24.5  23.7  24.0  23.9  24.0  23.9  23.9  23.9  24.2  23.7  23.9  24.2  24.4  24.0  24.3  28.3  32.1  39.4  39.6  36.1  34.5  30.7  29.9  28.5  28.4 
 24.7  24.2  24.7  24.6  24.3  23.9  24.5  24.3  24.2  23.8  24.2  24.0  24.1  23.7  24.3  24.0  24.1  23.8  24.4  24.2  24.2  24.0  26.2  26.8  28.6  28.9  30.5  30.2  29.2  28.6  28.1  28.4 
 24.6  24.7  24.5  24.7  24.0  24.2  24.3  24.3  24.0  24.2  24.1  24.0  23.7  24.0  24.1  24.2  23.8  24.0  24.2  24.3  23.8  24.4  25.6  26.0  26.5  27.7  29.0  29.2  28.1  28.1  28.0  28.6 
 24.6  24.5  25.0  25.0  24.2  24.0  24.4  24.3  24.4  24.1  24.3  24.2  24.1  23.8  24.1  24.0  24.1  23.8  24.2  24.3  24.2  24.1  25.3  25.2  25.9  25.9  27.3  27.4  27.3  26.7  28.0  28.4 
 24.4  25.3  24.8  25.0  24.1  24.4  24.5  24.7  23.9  24.3  24.2  24.3  23.7  24.1  24.1  24.4  23.7  24.0  24.1  24.3  23.9  24.5  25.2  25.1  25.0  25.7  26.6  27.0  26.1  26.9  28.6  29.8 
 25.9  24.7  25.1  25.0  24.7  24.2  24.8  24.7  24.6  24.0  24.3  24.2  24.1  23.8  24.5  24.3  24.2  23.8  24.4  24.3  24.4  24.2  25.1  25.1  25.2  24.9  26.3  26.4  26.6  26.5  30.2  30.4 
 25.8  25.8  25.1  25.3  24.2  24.4  24.9  24.8  24.0  24.4  24.5  24.7  23.7  24.2  24.3  24.4  24.1  24.2  24.2  24.5  24.1  24.4  24.9  25.2  24.5  25.0  25.8  26.4  26.1  27.3  29.8  31.5 
