 23.5  22.5  22.5  22.6  22.6  22.2  22.2  22.5  22.2  21.8  22.3  22.2  22.3  21.6  22.0  22.1  21.9  22.0  21.9  22.0  22.0  22.1  22.1  22.2  22.3  22.0  22.8  23.5  23.5  22.8  23.4  24.5 
 23.0  22.5  22.9  22.6  22.4  22.2  22.3  22.4  22.2  21.9  22.4  22.2  22.0  21.9  22.1  21.9  21.9  21.8  22.2  22.3  22.1  21.9  22.3  22.2  22.1  22.2  22.8  23.6  23.2  23.2  23.7  23.8 
 22.6  22.4  22.8  22.7  22.3  21.9  22.2  22.4  22.4  22.2  22.1  22.2  21.9  21.9  21.9  22.0  22.0  21.7  21.8  22.1  22.1  21.9  22.0  22.2  22.3  22.1  22.4  22.9  22.9  22.7  22.8  23.1 
 22.7  22.4  22.7  22.8  22.1  22.2  22.4  22.4  22.3  22.3  22.5  22.1  21.7  22.0  22.0  22.1  21.9  21.8  22.0  21.9  22.0  22.1  22.0  22.2  22.1  22.2  22.5  22.5  22.5  22.6  22.9  23.2 
 23.1  22.4  22.5  22.6  22.4  22.2  22.5  22.5  23.0  22.8  22.5  22.3  22.1  21.7  21.9  21.9  21.9  21.8  21.9  22.1  22.1  21.9  21.9  22.1  22.3  22.1  22.4  22.5  22.3  22.4  22.8  22.8 
 22.4  22.9  22.4  22.2  22.3  22.3  22.7  22.7  23.1  23.6  22.7  22.5  22.1  21.9  22.0  22.0  21.8  21.8  22.0  21.9  21.9  21.9  22.3  22.0  22.2  22.2  22.4  22.1  22.4  22.4  23.1  22.6 
 22.9  22.4  22.2  22.4  22.4  22.1  22.6  22.8  24.8  26.1  23.6  22.8  22.0  21.9  22.0  22.0  22.0  21.8  21.9  21.9  21.9  21.8  22.1  22.2  22.1  22.1  22.3  22.5  22.7  22.3  22.6  22.8 
 22.8  22.6  22.4  22.6  22.3  22.2  22.6  22.8  25.2  26.7  24.0  22.4  22.0  21.9  21.9  22.0  21.8  21.9  21.8  22.0  21.9  21.8  22.1  22.1  22.2  22.0  22.5  22.3  22.5  22.3  22.6  21.9 
 23.1  22.6  22.6  22.5  22.7  22.3  22.4  22.7  22.8  22.9  22.4  22.3  22.1  22.0  21.8  22.2  22.0  21.8  22.0  22.1  22.0  22.0  22.1  22.1  22.3  22.1  22.2  22.3  22.5  22.4  22.8  22.9 
 22.7  23.1  22.9  22.9  22.6  22.4  22.4  22.4  22.3  22.5  22.3  22.3  21.9  22.0  22.0  22.0  21.8  22.0  21.9  21.9  22.0  21.9  22.0  22.1  22.1  22.1  22.6  22.5  22.3  22.4  22.9  22.3 
 23.3  23.2  23.2  23.7  23.4  23.2  22.8  22.6  22.4  22.4  22.2  22.1  22.1  21.9  21.9  22.1  22.0  21.9  22.0  22.0  22.0  21.8  22.2  22.1  22.1  21.9  22.9  23.0  23.3  22.8  22.6  22.6 
 23.2  23.4  23.7  23.9  24.0  24.2  23.5  23.1  22.6  22.5  22.3  22.1  21.9  21.9  21.9  22.1  21.9  21.9  22.0  21.9  21.8  21.9  22.1 nan  22.0  22.0  23.8  24.6  23.3  22.7  22.9  22.8 
 24.0  23.8  24.7  25.2  26.8  27.1  32.2  34.6  32.8  28.9  22.8  22.5  22.2  21.9  22.0  22.1  22.0  21.8  22.1  22.1  22.0  21.9  21.9  22.1  22.1  21.9  23.5  24.2  23.3  22.6  22.9  22.7 
 24.2  24.5  25.3  25.9  27.9  29.6  41.2  48.4  53.3  47.0  24.0  22.6  22.2  22.0  22.2  22.1  21.9  22.0  22.0  22.0  22.0  21.8  22.3  22.1  22.1  22.1  22.7  22.6  22.8  22.8  22.8  22.8 
 24.7  24.7  26.0  26.6  30.1  33.0  53.9  62.3  74.2  70.9  34.0  25.0  22.2  22.0  22.0  22.1  22.1  21.8  22.0  22.1  22.0  21.9  22.2  22.1  22.2  22.0  22.5  22.6  22.5  22.5  22.9  22.9 
 24.9  25.0  26.3  26.9  30.3  33.7  52.8  61.6  78.2  79.2  36.5  25.4  22.3  22.3  22.2  21.9  22.0  22.1  22.1  22.0  21.9  22.0  22.3  22.3  22.1  22.1  22.4  22.3  22.3  22.5  22.7  22.9 
 24.8  24.9  25.8  26.5  29.2  31.3  43.6  52.7  72.7  69.6  29.3  23.9  22.4  22.1  22.1  22.2  22.0  21.9  21.9  22.2  22.1  21.9  22.1  22.2  22.5  22.0  22.3  22.5  22.6  22.6  22.8  23.2 
 24.8  24.9  25.8  26.4  27.9  29.0  36.3  41.5  53.5  48.8  25.3  23.2  22.4  22.1  22.2  22.1  22.0  22.1  22.2  22.2  22.3  22.0  22.3  22.3  22.4  22.3  22.6  22.6  22.3  22.5  22.8  23.1 
 25.3  24.8  25.6  26.1  26.4  26.5  27.9  29.0  29.2  27.5  23.3  22.7  22.3  22.3  22.0  22.3  22.3  22.1  22.1  22.3  22.1  22.0  22.5  22.5  22.4  22.4  22.4  22.6  22.9  22.5  22.7  23.3 
 24.7  25.1  25.6  25.6  25.6  25.8  26.7  26.8  26.4  25.6  23.0  22.8  22.2  22.3  22.4  22.2  22.2  22.1  22.3  22.1  22.2  22.1  22.4  22.4  22.2  22.3  22.3  22.7  22.5  22.6  23.3  23.2 
 24.5  24.5  24.9  25.1  25.3  24.8  25.2  25.1  24.9  24.1  22.7  23.2  22.6  22.2  22.2  22.4  22.1  22.1  22.3  22.4  22.2  22.0  22.5  22.5  22.5  22.4  22.6  22.7  22.6  22.6  23.0  23.8 
 24.6  24.8  25.0  25.0  24.7  24.7  24.9  24.6  24.2  23.8  22.9  22.9  22.3  22.3  22.3  22.4  22.1  22.1  22.4  22.3  22.0  22.3  22.5  22.5  22.2  22.4  22.5  22.8  22.7  22.4  23.7  24.6 
 26.0  25.2  24.7  24.7  24.5  24.1  24.1  24.2  23.9  23.5  22.8  23.0  22.6  22.5  22.4  22.5  22.6  22.0  22.4  22.4  22.3  22.2  22.5  22.7  22.6  22.3  23.0  22.9  23.2  22.9  24.8  26.0 
 25.8  25.6  24.8  24.7  24.0  24.4  24.1  23.9  23.3  23.2  23.0  23.2  22.7  22.5  22.5  22.6  22.3  22.1  22.3  22.5  22.5  22.3  22.6  22.8  22.5  22.4  23.1  23.2  23.1  23.3  24.6  25.8 
