 24.7  24.2  24.1  24.1  24.3  24.1  24.3  24.2  24.0  24.0  24.1  24.2  23.9  23.8  23.9  24.2  23.9  24.0  24.2  24.2  23.8  24.1  24.1  24.4  24.5  24.4  28.3  29.6  30.9  30.0  30.2  30.6 
 24.7  24.2  24.6  24.1  24.4  24.2  24.6  24.3  24.2  24.1  24.2  24.1  24.1  23.9  24.2  24.0  24.1  23.9  24.4  24.4  24.4  24.1  24.5  24.2  24.3  24.3  28.3  29.5  30.6  30.9  31.0  30.0 
 24.3  24.1  24.3  24.5  24.6  23.9  24.2  24.3  23.9  23.7  23.9  24.1  23.9  23.9  24.0  24.2  24.0  23.9  24.2  24.2  24.1  24.0  24.2  24.3  24.4  24.4  26.7  28.1  30.1  30.7  30.3  28.8 
 24.4  23.8  24.2  24.6  24.1  24.0  24.5  24.3  24.2  23.9  24.3  24.1  23.9  23.8  24.1  24.1  24.1  23.7  24.1  24.1  24.0  24.0  24.3  24.2  24.1  24.4  25.6  26.7  29.7  30.1  29.5  27.6 
 24.3  24.3  24.4  24.6  24.4  24.2  24.2  24.4  24.0  24.0  24.1  24.2  23.9  23.8  24.0  24.1  23.9  23.8  24.0  24.0  24.0  24.1  24.1  24.2  24.0  24.3  24.5  24.9  25.9  25.9  25.4  25.4 
 24.3  24.1  24.4  24.2  24.2  24.1  24.4  24.4  24.2  23.8  24.0  23.8  23.9  24.0  24.0  24.1  23.9  23.9  24.1  24.1  24.0  23.8  24.1  24.1  24.4  24.0  24.4  24.3  24.7  24.6  24.9  24.8 
 24.3  24.3  24.2  24.7  24.3  24.2  24.1  24.2  24.1  24.0  24.0  24.1  23.9  24.0  24.0  24.0  24.0  24.0  24.0  24.0  24.2  24.0  24.1  24.2  24.2  23.9  24.2  24.3  24.1  24.2  24.5  24.6 
 24.5  24.3  24.4  24.3  24.2  23.8  24.4  24.1  24.2  23.8  24.2  24.1  23.8  23.9  24.1  24.1  23.9  24.0  24.0  24.0  23.9  23.9  24.2  24.1  24.1  24.1  24.3  24.5  24.4  24.2  24.2  23.6 
 24.5  24.4  24.4  24.5  24.3  24.2  24.1  24.2  24.0  23.9  24.1  24.2  24.0  23.9  24.0  24.1  24.1  24.0  24.1  24.1  24.1  24.1  23.9  24.2  24.3  24.0  24.3  24.5  24.2  24.2  24.1  24.3 
 24.4  24.3  24.5  24.6  24.2  24.2  24.2  24.0  24.0  23.8  24.1  24.0  23.9  23.9  23.9  24.0  24.0  24.0  24.2  24.1  24.0  24.2  24.3  24.3  24.2  24.1  24.4  24.3  24.2  24.0  24.8  24.5 
 24.6  24.6  24.3  24.5  24.4  24.1  24.2  24.1  23.9  23.9  24.2  24.1  24.0  23.9  24.1  24.1  24.0  23.9  24.1  24.2  24.1  24.0  24.2  24.2  24.2  24.0  24.0  24.3  24.4  24.3  24.3  24.8 
 24.3  24.4  24.3  24.1  24.2  23.9  24.4  24.2  24.0  23.7  24.2  24.1  24.0  23.8  24.1  24.1  24.1  24.0  24.2  24.1  24.2  24.1  24.4 nan  24.2  24.1  24.3  24.4  24.6  24.2  24.9  24.7 
 24.6  24.4  24.2  24.5  24.1  24.3  24.3  24.4  24.0  24.0  23.9  24.2  24.0  24.0  24.0  24.2  24.0  24.0  24.2  24.2  24.1  24.0  24.2  24.4  24.3  24.3  24.6  24.6  24.7  24.5  25.3  25.2 
 24.6  24.5  24.9  24.5  24.4  24.2  24.4  24.1  24.1  23.9  24.1  24.0  24.2  24.1  24.1  24.2  24.1  24.1  24.1  24.3  24.4  24.2  24.5  24.5  24.4  24.5  25.0  24.8  25.0  25.2  25.4  25.3 
 24.6  24.6  24.5  24.5  24.3  24.0  24.1  24.3  24.0  23.9  24.2  24.3  24.0  24.0  24.2  24.3  24.1  24.0  24.3  24.4  24.6  24.8  29.5  30.9  30.7  29.9  27.4  27.4  26.4  26.6  26.3  26.3 
 24.7  24.5  24.7  24.7  24.3  24.0  24.2  24.2  24.2  23.8  24.3  24.0  23.8  24.1  24.0  24.1  24.1  24.0  24.3  24.2  25.2  28.8  44.9  47.0  44.2  38.9  30.6  29.1  27.6  27.3  26.9  26.6 
 24.5  24.6  24.6  24.4  24.4  24.1  24.3  24.3  24.1  23.9  24.0  24.1  24.0  23.9  24.1  24.0  24.2  23.9  24.2  24.4  32.1  44.8  70.2  73.4  69.5  60.2  36.0  32.9  29.1  28.5  27.8  27.6 
 24.6  24.5  24.5  24.4  24.4  24.1  24.5  24.3  24.2  23.9  24.1  24.2  24.0  23.9  24.2  24.3  24.1  24.1  24.5  24.5  34.7  49.2  74.7  77.2  71.4  61.4  36.8  33.4  29.7  28.6  27.8  27.5 
 24.9  24.5  25.0  24.7  24.3  24.5  24.4  24.5  24.2  24.1  24.3  24.2  24.0  24.1  24.3  24.4  24.2  24.1  24.1  24.8  33.5  42.7  65.2  68.3  59.3  50.0  34.6  32.4  29.5  28.7  27.9  28.2 
 24.7  24.7  25.0  24.8  24.8  24.5  24.6  24.5  24.2  23.9  24.2  24.2  24.3  24.1  24.4  24.2  24.1  24.1  24.6  24.8  31.4  36.4  52.1  54.3  47.2  42.3  33.3  31.5  29.1  28.5  28.2  28.6 
 25.3  25.0  25.0  25.0  24.6  24.3  24.6  24.6  24.3  24.2  24.1  24.6  24.3  24.1  24.3  24.3  24.2  24.2  24.6  25.5  27.2  28.5  33.3  34.4  33.9  32.9  30.8  30.1  28.2  27.8  28.4  29.6 
 24.9  24.9  25.1  25.0  24.7  24.3  24.5  24.7  24.2  24.2  24.3  24.4  24.4  24.1  24.3  24.4  24.2  24.2  24.8  25.6  26.4  27.1  30.1  30.9  31.6  31.2  30.2  29.7  27.9  27.9  29.0  30.5 
 25.9  25.0  25.0  25.4  24.8  24.5  24.7  24.3  24.5  24.4  24.4  24.6  24.2  24.1  24.4  24.6  24.4  24.3  25.2  25.4  25.6  25.8  27.9  28.7  28.9  28.7  28.7  28.7  28.0  27.9  30.7  32.3 
 26.0  25.7  25.4  25.2  24.8  24.7  24.8  25.0  24.4  24.3  24.5  24.6  24.4  24.1  24.4  24.4  24.5  24.4  25.2  25.3  25.4  25.9  27.3  27.8  28.1  28.0  28.3  28.6  28.5  28.6  31.6  32.6 
