 24.9  24.2  24.2  24.3  24.4  23.9  24.5  24.5  24.0  23.7  24.4  24.2  24.0  23.8  24.3  24.2  24.0  23.9  24.1  24.3  24.1  24.1  24.3  24.5  25.0  26.3  29.6  30.5  31.0  30.9  29.7  29.3 
 24.5  23.8  24.6  24.8  24.6  24.3  24.6  24.4  24.1  23.8  24.2  24.2  24.1  24.0  24.2  24.0  23.9  23.6  24.2  24.4  24.0  23.9  24.3  24.3  24.5  25.5  28.9  30.1  30.4  29.9  28.4  27.9 
 24.5  24.1  24.3  24.5  24.5  24.1  24.3  24.3  24.0  23.7  24.0  24.3  23.8  23.8  24.1  24.2  24.1  23.8  24.1  24.2  23.9  24.0  24.2  24.4  24.4  24.2  26.5  27.2  27.0  26.7  26.0  26.1 
 24.2  24.1  24.4  24.6  24.2  24.2  24.5  24.3  24.0  24.0  24.1  24.2  23.9  23.8  24.1  24.1  24.0  23.8  24.2  24.1  24.0  24.1  24.2  24.4  24.0  24.1  24.9  24.9  24.5  24.8  24.8  25.2 
 24.5  24.4  24.4  24.6  24.4  24.2  24.3  24.4  24.1  24.0  23.9  24.0  24.0  23.8  24.2  24.0  23.8  23.8  23.9  24.2  24.1  23.9  24.2  24.2  24.1  23.9  24.3  24.4  24.3  24.5  24.5  24.7 
 24.5  24.2  24.6  24.5  24.5  24.2  24.2  24.3  23.8  24.0  24.1  24.0  23.9  23.8  24.1  24.0  24.0  23.8  24.0  24.1  23.9  23.8  24.3  24.3  24.1  23.9  24.4  24.4  24.4  24.4  24.8  24.6 
 24.3  24.3  24.5  24.5  24.4  24.1  24.1  24.2  24.1  23.9  24.0  24.1  24.0  23.9  24.0  23.9  23.9  23.8  24.1  24.1  24.0  24.0  24.2  24.1  24.1  24.0  24.3  24.4  24.4  24.2  24.6  24.5 
 24.4  24.3  24.5  24.7  24.2  24.2  24.3  24.2  24.1  23.9  24.0  24.1  23.9  23.8  24.2  24.1  23.9  23.9  24.2  24.1  24.0  24.0  24.1  24.1  24.1  24.0  24.5  24.3  24.2  24.2  24.5  24.0 
 24.5  24.3  24.5  24.4  24.3  23.9  24.3  24.1  24.0  23.8  24.1  24.2  23.9  23.9  24.0  24.1  23.9  23.9  24.2  24.0  24.1  24.1  24.2  24.2  24.0  24.1  24.3  24.4  24.2  24.1  24.6  24.6 
 24.4  24.4  24.3  24.6  24.0  24.0  24.2  24.2  24.0  24.0  24.0  24.3  23.9  23.8  24.0  24.1  24.1  23.9  24.2  24.1  24.0  24.0  24.2  24.2  24.1  24.1  24.5  24.4  24.2  24.2  24.9  24.7 
 24.3  24.5  24.4  24.5  24.2  24.1  24.2  24.1  23.9  23.8  24.1  24.1  24.1  23.9  24.1  24.1  24.0  23.8  24.3  24.2  24.1  24.2  24.3  24.2  24.2  24.2  24.3  24.4  24.2  24.3  24.6  24.9 
 24.4  24.3  24.4  24.3  23.9  24.3  24.1  24.1  24.1  23.9  24.0  24.2  24.0  23.8  24.3  24.2  24.0  24.0  24.2  24.2  24.1  24.1  24.1 nan  24.1  24.1  24.2  24.4  24.6  24.1  24.7  24.7 
 24.7  24.1  24.1  24.5  24.2  24.0  24.2  24.4  24.0  24.0  24.2  24.0  24.1  24.0  24.2  24.2  23.9  24.0  24.2  24.1  24.2  24.1  24.2  24.5  24.3  24.2  24.6  24.7  24.6  24.7  25.1  25.2 
 24.4  24.3  24.4  24.3  24.2  24.2  24.4  24.2  23.9  23.9  24.2  24.0  24.2  24.0  24.2  24.1  24.1  23.7  24.1  24.3  24.2  24.2  24.6  24.8  24.6  24.2  25.0  24.9  25.0  25.0  25.4  25.2 
 24.1  24.4  24.4  24.5  24.2  24.0  24.2  24.1  24.2  24.0  24.1  24.1  23.9  24.0  24.1  24.0  24.0  23.9  24.2  24.2  24.6  24.9  29.6  30.9  30.6  29.7  27.3  27.3  26.6  26.4  26.3  26.4 
 24.5  24.2  24.6  24.4  24.0  24.0  24.2  24.3  24.1  23.9  24.2  24.2  23.9  24.1  24.1  24.2  24.0  23.9  24.2  24.3  25.3  28.8  44.7  47.1  44.0  38.9  30.7  29.2  27.6  27.1  27.1  26.8 
 24.3  24.6  24.6  24.6  24.4  24.2  24.3  24.4  24.2  24.1  24.0  24.2  24.0  23.9  24.0  24.1  24.0  24.0  24.3  24.6  32.1  44.9  70.3  73.6  69.6  60.3  36.2  32.9  29.0  28.5  27.5  27.2 
 24.6  24.6  24.7  24.8  24.4  24.3  24.5  24.4  24.2  24.0  24.2  24.2  24.0  24.1  24.3  24.2  23.9  24.1  24.5  24.6  34.8  49.2  75.1  77.6  71.4  61.4  36.8  33.4  29.4  28.6  27.8  27.7 
 25.0  24.5  24.9  24.7  24.6  24.1  24.4  24.6  24.3  24.0  24.2  24.4  24.2  24.0  24.2  24.2  24.1  24.2  24.5  24.8  33.6  42.7  65.6  68.4  59.2  50.2  34.8  32.4  29.2  28.6  28.2  28.0 
 24.7  24.8  25.0  25.1  24.8  24.1  24.4  24.4  24.0  24.0  24.3  24.2  24.1  24.0  24.3  24.2  24.2  24.2  24.8  25.0  31.4  36.6  52.4  54.5  47.2  41.9  33.0  31.4  28.9  28.4  28.2  28.3 
 25.5  24.8  24.9  24.8  24.3  24.4  24.4  24.6  24.4  24.1  24.2  24.2  24.2  24.1  24.3  24.5  24.0  24.3  24.8  25.5  27.3  28.6  33.3  34.6  33.8  33.0  30.8  30.1  28.5  27.8  28.8  29.3 
 25.3  25.0  25.1  25.1  24.6  24.3  24.8  24.6  24.4  24.1  24.3  24.4  24.0  24.1  24.3  24.3  24.2  24.2  24.9  25.6  26.2  27.1  30.0  31.1  31.2  31.3  30.2  29.4  28.2  27.9  29.5  30.5 
 25.8  25.3  25.2  25.2  24.6  24.4  24.7  24.7  24.5  24.2  24.4  24.5  24.2  24.1  24.3  24.4  24.3  24.1  25.3  25.2  25.6  26.1  28.0  28.6  29.1  28.8  29.0  28.3  27.8  28.3  31.0  32.7 
 26.0  25.7  25.1  25.0  24.5  24.5  24.6  24.9  24.4  24.4  24.5  24.5  24.2  24.2  24.4  24.7  24.3  24.0  25.2  25.3  25.5  25.7  27.6  27.8  28.4  28.1  28.5  28.4  27.9  28.4  32.4  33.0 
