 23.3  22.9  22.9  22.9  22.6  22.2  22.5  22.7  22.3  22.0  22.3  22.4  22.3  22.1  22.0  22.0  22.4  22.1  22.2  22.2  22.4  22.2  22.2  22.5  22.6  22.3  22.8  23.0  23.3  22.9  23.9  24.9 
 23.2  22.9  22.9  22.7  22.5  22.6  22.5  22.3  22.2  22.3  22.3  22.2  22.2  22.2  22.2  22.3  22.2  22.0  22.5  22.3  22.3  22.1  22.1  22.2  22.4  22.3  22.8  23.6  23.0  22.8  23.4  24.3 
 22.6  22.4  23.0  22.5  22.5  22.2  22.5  22.4  22.5  22.2  22.4  22.3  22.0  21.9  22.0  22.2  22.1  22.0  22.0  22.4  22.1  22.1  22.0  22.3  22.4  22.2  22.7  22.6  23.2  22.8  23.0  23.6 
 22.7  22.6  22.5  22.8  22.3  22.2  22.4  22.6  22.4  22.2  22.4  22.2  21.9  22.0  22.0  22.0  22.0  22.0  22.2  22.0  22.0  22.0  22.1  22.4  22.3  22.4  22.8  22.5  22.6  22.7  23.1  23.2 
 22.8  22.6  22.5  22.8  22.4  22.2  22.6  22.6  22.8  22.7  22.4  22.4  22.0  22.1  22.1  22.2  21.9  21.7  22.0  22.0  22.0  22.0  22.0  22.2  22.3  22.2  22.5  22.7  22.8  22.5  22.7  23.2 
 22.3  22.6  22.4  22.5  22.4  22.4  22.5  22.6  23.3  23.3  22.9  22.4  21.9  22.0  22.1  22.0  21.9  21.9  22.2  22.1  21.9  21.9  22.1  22.1  22.2  22.3  22.3  22.6  22.3  22.3  22.7  22.8 
 22.6  22.4  22.2  22.5  22.3  22.3  22.8  23.1  24.6  25.7  23.6  22.8  22.1  22.0  22.0  22.1  21.9  21.9  22.0  22.0  22.1  21.8  22.1  22.2  22.1  22.0  22.3  22.6  22.4  22.5  22.7  22.6 
 22.5  22.4  22.4  22.4  22.1  22.3  22.5  22.9  24.9  26.2  24.0  22.5  22.1  22.0  21.9  22.0  21.9  22.0  22.0  22.1  22.0  21.9  22.2  22.2  22.1  22.1  22.4  22.3  22.4  22.4  22.5  21.9 
 22.8  22.3  22.5  22.4  22.3  22.2  22.5  22.6  22.8  22.9  22.6  22.4  22.1  22.0  22.1  22.0  22.0  22.0  22.0  22.1  21.9  21.9  22.2  22.0  22.3  22.2  22.4  22.5  22.6  22.5  22.6  22.7 
 22.7  22.4  22.5  22.3  22.5  22.5  22.4  22.3  22.4  22.5  22.4  22.2  22.1  21.9  22.1  22.0  21.9  21.8  22.1  22.0  22.0  22.0  22.0  22.2  22.3  22.3  22.6  22.5  22.5  22.6  23.1  22.6 
 22.9  22.6  22.7  22.9  22.6  22.4  22.5  22.5  22.4  22.3  22.2  22.1  22.1  22.1  22.1  22.2  22.1  21.8  22.0  22.1  22.1  22.0  22.0  22.2  22.2  21.9  22.8  23.1  23.0  22.8  22.8  22.9 
 22.8  22.6  23.1  23.0  23.0  23.2  22.7  22.6  22.5  22.3  22.3  22.0  22.0  21.9  21.9  22.1  21.9  22.0  22.1  21.9  22.1  22.0  22.2 nan  22.1  22.1  23.6  24.3  23.3  23.0  22.9  22.8 
 23.1  22.8  23.7  23.7  24.1  24.4  27.4  28.6  27.4  25.4  22.5  22.3  22.4  22.1  22.0  22.1  22.1  21.9  22.0  22.0  22.0  21.8  22.2  22.3  22.1  22.0  23.4  24.0  23.3  22.9  23.2  22.7 
 23.2  23.5  23.7  24.1  24.8  25.6  32.3  36.1  36.3  32.9  23.1  22.5  22.1  22.2  22.2  22.1  21.9  22.0  22.0  22.3  22.0  21.9  22.3  22.2  22.5  22.3  22.6  22.7  22.9  22.8  23.0  22.7 
 23.5  23.7  24.1  24.7  26.2  28.1  39.7  42.5  40.6  40.1  27.5  23.5  22.2  22.0  22.1  22.0  22.1  22.0  22.1  22.1  22.1  22.1  22.2  22.3  22.3  22.1  22.3  22.4  22.6  22.7  23.0  22.9 
 23.5  23.5  24.5  24.6  26.3  28.6  39.5  42.3  43.0  43.4  28.7  23.7  22.2  22.3  22.1  22.1  22.1  22.0  22.2  22.2  22.1  22.0  22.3  22.2  22.1  22.2  22.3  22.3  22.5  22.7  23.2  22.8 
 23.7  23.7  24.4  24.6  25.7  27.1  34.1  38.0  44.0  41.5  25.9  23.0  22.3  22.1  22.2  22.0  22.1  22.0  22.3  22.2  22.1  22.1  22.1  22.4  22.6  22.3  22.6  22.5  22.6  22.6  23.0  23.2 
 23.5  23.5  24.1  24.2  25.2  25.8  29.6  32.0  35.2  33.1  23.8  22.6  22.3  22.1  22.1  22.1  22.0  21.9  22.2  22.4  22.2  22.1  22.2  22.5  22.4  22.2  22.6  22.6  22.5  22.5  23.2  22.9 
 23.7  23.6  24.1  24.4  24.3  24.2  24.8  25.4  24.9  24.4  22.7  22.6  22.3  22.1  22.2  22.3  22.2  22.1  22.0  22.6  22.3  22.2  22.2  22.4  22.5  22.3  22.6  22.8  22.7  22.6  23.0  23.5 
 23.7  23.8  23.8  24.0  24.0  23.9  24.4  24.3  23.9  23.6  22.6  22.5  22.4  22.3  22.3  22.3  22.1  22.1  22.3  22.3  22.2  22.1  22.4  22.3  22.3  22.4  22.7  22.7  22.5  22.8  23.1  23.0 
 24.2  23.4  23.6  23.9  23.7  23.4  23.5  23.5  23.4  23.0  22.5  22.7  22.5  22.0  22.4  22.4  22.4  22.2  22.3  22.4  22.3  22.4  22.5  22.5  22.6  22.3  22.7  23.0  22.5  22.6  23.2  23.5 
 23.8  23.5  23.9  23.5  23.3  23.5  23.6  23.6  23.1  23.1  22.6  22.6  22.3  22.3  22.3  22.4  22.2  22.1  22.3  22.3  22.2  22.3  22.7  22.5  22.6  22.1  22.8  22.8  22.7  22.7  23.9  24.6 
 24.7  24.0  23.5  23.8  23.6  23.2  23.1  23.4  23.0  23.1  22.7  22.6  22.7  22.3  22.4  22.6  22.6  22.4  22.4  22.4  22.4  22.5  22.6  22.6  22.6  22.6  22.8  22.9  23.0  23.1  24.5  26.4 
 24.6  24.8  23.7  23.7  23.4  23.5  23.2  23.5  22.9  22.9  22.6  22.6  22.4  22.5  22.6  22.3  22.2  22.3  22.5  22.2  22.5  22.3  22.8  22.5  22.5  22.6  22.7  22.9  23.1  23.6  25.4  26.3 
