 24.1  23.3  24.2  23.6  23.7  22.7  23.5  23.4  23.4  22.8  23.1  23.3  23.1  22.6  23.1  23.0  23.0  22.6  23.1  22.8  23.3  22.8  23.2  23.2  23.2  22.9  23.3  23.9  23.8  23.1  24.6  25.0 
 23.7  23.6  23.6  23.9  23.2  23.2  23.2  23.4  23.0  23.0  23.0  23.3  22.7  22.9  22.8  22.9  22.6  22.7  23.3  22.9  22.9  23.0  22.8  23.2  22.7  23.0  23.3  24.2  23.2  23.6  24.0  24.5 
 23.3  22.9  23.8  23.5  23.2  22.8  23.3  23.0  23.0  22.6  23.0  23.0  22.9  22.6  22.8  23.0  22.7  22.4  22.8  22.8  23.0  22.4  23.1  23.0  23.1  22.8  23.6  23.2  23.1  23.2  23.7  23.7 
 22.8  23.1  23.3  23.6  23.1  22.9  23.3  23.5  22.8  23.1  23.2  23.1  22.6  22.7  22.7  22.9  22.5  22.8  22.7  22.9  22.7  22.8  22.9  23.2  22.7  22.7  23.1  23.2  22.8  23.6  23.8  23.9 
 23.1  23.1  23.4  23.2  23.2  22.8  23.2  23.3  23.3  23.2  23.1  22.9  22.7  22.6  22.9  22.5  22.6  22.2  22.8  22.5  22.8  22.6  23.0  23.0  22.9  22.6  23.3  23.0  23.4  23.1  23.5  23.7 
 22.6  23.0  23.2  23.4  22.8  23.1  23.1  23.2  23.3  23.5  23.2  23.0  22.5  22.8  22.7  22.8  22.6  22.8  22.7  22.6  22.5  22.7  22.8  22.8  22.8  22.7  23.0  23.1  23.1  23.2  23.6  23.6 
 23.1  22.7  23.1  23.0  23.2  22.7  23.3  23.2  24.5  24.9  24.1  23.1  22.7  22.4  22.7  22.5  22.5  22.4  22.7  22.5  22.9  22.5  22.9  22.7  22.9  22.5  23.2  22.9  23.1  22.9  23.4  23.3 
 22.8  23.1  22.8  23.1  22.8  23.1  23.2  23.6  24.5  25.1  23.9  23.2  22.5  22.5  22.6  22.7  22.5  22.6  22.6  22.6  22.4  22.5  22.7  22.9  22.5  22.9  22.8  23.0  23.1  23.0  23.1  22.9 
 23.5  22.7  23.1  23.0  22.9  22.6  23.1  23.1  23.3  23.2  23.2  22.8  22.7  22.3  22.7  22.6  22.5  22.2  22.7  22.5  22.7  22.4  22.6  22.5  23.0  22.7  23.1  23.2  23.3  23.0  23.4  23.4 
 23.0  23.0  22.9  23.2  22.8  22.7  22.8  23.0  22.8  23.1  22.8  22.9  22.4  22.5  22.5  22.5  22.4  22.6  22.5  22.5  22.6  22.8  22.7  22.9  22.8  22.8  23.0  23.3  22.8  23.2  23.7  23.8 
 23.2  22.8  23.0  22.8  22.6  22.5  22.9  22.8  22.8  22.6  22.8  22.5  22.5  22.3  22.7  22.6  22.5  22.3  22.7  22.6  22.5  22.4  22.8  22.6  22.7  22.5  23.5  23.6  23.5  23.2  23.5  23.5 
 22.7  22.9  22.7  22.9  22.6  22.9  22.7  23.0  22.6  22.8  22.5  22.8  22.4  22.4  22.5  22.6  22.3  22.4  22.5  22.7  22.4  22.6  22.7 nan  22.6  22.7  23.7  24.4  23.5  23.1  23.2  23.9 
 23.3  22.6  23.3  23.0  23.4  23.1  24.0  24.2  23.8  23.2  22.8  22.6  22.5  22.3  22.5  22.6  22.6  22.2  22.7  22.5  22.5  22.3  22.8  22.8  22.9  22.8  23.8  24.1  23.3  23.0  23.6  23.5 
 23.0  23.5  23.4  23.5  23.6  23.7  25.1  26.2  25.4  24.9  22.9  23.0  22.4  22.5  22.6  22.7  22.4  22.5  22.5  22.7  22.4  22.7  22.8  22.9  22.7  22.9  23.2  23.7  23.3  23.5  23.6  24.0 
 23.3  23.0  23.6  23.7  24.1  24.0  27.8  28.1  26.6  25.9  23.8  23.1  22.6  22.3  22.6  22.6  22.5  22.3  22.6  22.6  22.6  22.4  22.8  22.8  22.7  22.7  23.2  23.1  23.3  22.8  23.7  23.8 
 22.9  23.4  23.6  23.7  23.6  24.7  28.0  28.7  27.0  26.9  24.3  23.2  22.7  22.6  22.6  22.7  22.3  22.6  22.5  22.7  22.4  22.6  22.8  23.1  22.5  22.8  23.0  23.3  22.9  23.2  23.4  23.6 
 23.6  23.1  23.7  23.3  24.0  24.0  26.3  27.1  28.0  26.7  23.7  23.0  23.0  22.7  22.9  22.6  22.7  22.5  22.9  22.9  22.8  22.5  22.8  22.9  23.1  22.8  23.5  23.3  23.2  22.9  24.0  23.7 
 23.0  23.2  23.6  23.5  23.8  24.0  25.0  25.6  25.5  25.2  23.1  23.1  22.7  22.7  22.8  22.8  22.6  22.8  22.6  23.1  22.5  22.9  22.8  22.8  22.8  22.9  23.3  23.3  23.0  23.2  23.5  24.0 
 23.7  23.2  23.6  23.6  23.6  23.0  23.6  23.6  23.5  22.9  23.0  22.7  22.6  22.5  22.9  23.0  22.9  22.7  23.1  22.8  22.8  22.4  23.2  22.8  23.0  22.7  23.5  23.4  23.6  22.9  23.5  24.1 
 23.1  23.8  23.6  23.8  23.2  23.3  23.3  23.4  23.2  23.1  22.9  22.9  22.6  22.9  22.9  22.8  22.6  22.6  22.9  22.8  22.8  22.7  22.7  23.0  22.7  22.8  23.1  23.3  22.9  23.4  23.6  24.6 
 23.8  22.9  23.8  23.6  23.5  23.0  23.2  23.4  23.3  22.7  23.0  22.9  22.9  22.5  22.8  23.0  22.7  22.4  22.7  22.9  22.8  22.4  23.0  22.9  23.2  22.8  23.3  23.4  23.3  22.8  24.1  23.9 
 23.6  23.9  23.6  23.4  23.3  23.1  23.1  23.5  22.8  23.2  23.0  23.0  22.6  22.8  22.6  23.0  22.5  22.8  22.6  23.0  22.6  22.9  22.9  23.3  22.8  23.1  23.2  23.6  23.1  23.4  24.1  25.1 
 24.9  23.8  23.7  23.7  23.4  22.9  23.4  23.3  23.2  22.9  23.2  22.9  23.0  22.7  23.1  23.0  23.2  22.7  23.3  22.9  23.1  22.8  23.2  23.3  23.2  22.5  23.8  23.7  23.5  23.4  26.1  25.7 
 24.2  24.7  23.5  24.0  23.1  23.3  23.4  23.2  22.8  23.2  23.0  23.1  22.7  22.9  22.7  23.1  22.7  22.8  22.9  23.1  22.5  23.0  23.2  23.2  22.7  23.2  23.4  23.9  23.7  24.0  25.6  26.5 
