 25.2  24.0  24.4  24.3  24.5  23.8  24.2  24.5  24.3  24.0  24.1  24.1  24.1  24.0  24.0  24.1  23.9  23.7  24.2  24.2  24.2  24.1  24.4  24.4  24.3  24.0  27.1  28.5  30.7  30.2  30.2  29.9 
 24.3  24.0  24.4  24.3  24.3  24.3  24.3  24.6  23.7  23.7  24.1  24.3  23.8  23.9  24.2  24.1  23.8  24.0  24.1  24.3  23.9  24.0  24.3  24.4  24.0  24.2  27.0  28.9  30.3  30.8  30.2  29.5 
 24.1  24.1  24.4  24.5  24.3  23.9  24.3  24.3  23.9  23.6  24.1  24.2  24.0  23.7  23.9  24.1  24.0  23.8  24.0  24.0  24.1  24.1  24.3  24.2  24.3  24.1  26.4  27.8  30.4  30.2  29.7  28.2 
 23.8  24.1  24.5  24.6  24.3  24.2  24.5  24.4  23.9  23.9  24.1  24.0  24.0  23.7  24.1  24.2  23.7  23.8  24.1  24.3  23.9  23.9  24.1  24.3  23.9  24.2  25.6  26.8  29.4  30.1  28.9  27.8 
 24.5  24.3  24.5  24.5  24.4  24.3  24.1  24.4  24.1  23.8  23.9  24.1  24.0  23.8  23.9  24.0  24.1  23.8  24.0  24.0  24.2  23.7  24.1  24.2  24.0  23.8  24.5  24.9  27.0  27.1  25.9  25.8 
 24.0  23.9  24.6  24.5  24.1  24.4  24.2  24.2  24.0  23.9  24.1  24.1  23.6  23.9  24.1  24.1  24.0  23.9  24.0  24.1  23.9  23.9  24.1  24.1  24.2  23.9  24.2  24.6  24.8  25.0  25.1  25.0 
 24.3  24.3  24.2  24.3  24.3  24.1  24.2  24.1  24.2  23.8  24.1  24.2  24.0  23.8  24.1  24.0  23.9  23.9  24.1  23.9  24.1  23.7  24.1  24.2  24.1  23.9  24.2  24.4  24.3  23.9  24.8  24.6 
 24.2  24.2  24.5  24.6  24.1  24.3  24.2  24.3  23.9  24.0  24.1  24.1  23.9  23.8  24.0  24.0  23.9  23.8  24.1  24.1  23.9  24.0  24.2  24.3  24.0  24.0  24.4  24.3  24.1  24.0  24.3  23.8 
 24.6  24.1  24.5  24.4  24.2  24.1  24.3  24.3  24.2  24.0  24.2  24.0  23.9  23.8  24.0  24.0  23.9  23.8  24.2  24.1  24.1  23.9  24.3  24.3  24.1  23.9  24.1  24.3  24.2  24.1  24.3  24.7 
 24.4  24.3  24.5  24.5  24.0  24.2  24.2  24.2  24.0  23.9  24.0  24.1  23.8  23.9  23.9  24.0  23.6  23.9  24.2  24.2  24.1  23.9  24.1  24.3  24.2  23.9  24.4  24.5  23.9  24.3  24.6  24.2 
 24.6  24.2  24.6  24.5  24.1  24.0  24.2  24.1  24.0  23.9  24.3  24.2  24.1  23.6  24.0  24.1  24.1  23.9  24.2  24.3  24.2  24.0  24.2  24.2  24.2  24.1  24.3  24.4  24.5  24.4  24.6  24.6 
 24.3  24.2  24.7  24.5  23.9  24.0  24.1  24.2  23.8  23.9  24.1  24.3  23.8  23.9  24.1  24.2  23.9  23.9  24.2  24.0  24.0  24.2  24.4 nan  23.9  24.2  24.4  24.6  24.0  24.2  24.6  24.9 
 24.7  24.0  24.4  24.5  24.2  23.9  24.3  24.2  24.1  23.8  24.2  24.0  23.9  23.8  24.1  24.2  24.1  23.9  24.3  24.1  24.1  24.0  24.4  24.4  24.3  24.0  24.8  24.6  24.7  24.3  25.1  25.3 
 24.3  24.3  24.4  24.6  24.0  24.0  24.4  24.2  23.9  23.7  24.2  24.1  24.1  24.0  24.3  24.1  23.8  24.0  24.2  24.3  24.1  24.3  24.5  24.4  24.4  24.4  24.8  24.9  24.9  25.0  25.4  25.5 
 24.6  24.4  24.3  24.7  24.3  24.0  24.1  24.2  24.1  23.9  24.0  24.3  24.0  23.9  24.1  24.0  24.1  23.8  24.3  24.3  24.6  24.9  29.7  31.0  30.8  29.5  27.4  27.1  26.6  26.4  26.5  26.3 
 24.4  24.2  24.7  24.4  24.1  24.3  24.1  24.2  23.9  23.8  24.0  24.1  24.0  24.0  24.1  24.0  24.0  23.9  24.4  24.2  25.2  28.8  44.6  47.0  43.9  39.0  30.7  29.5  27.5  27.2  26.6  26.8 
 24.6  24.5  24.6  24.4  24.3  24.0  24.3  24.4  24.1  24.0  24.1  24.2  23.9  23.8  24.2  24.1  24.1  23.7  24.3  24.5  32.2  44.7  70.2  73.3  69.5  60.2  36.0  32.9  29.0  28.2  27.6  27.2 
 24.3  24.3  24.7  24.4  24.1  24.2  24.3  24.3  24.1  23.9  24.1  24.1  24.0  24.0  24.1  24.2  24.1  24.0  24.4  24.6  34.6  49.2  74.7  77.4  71.5  61.5  36.9  33.3  29.3  28.6  27.8  27.6 
 25.1  24.5  25.2  24.9  24.6  24.1  24.3  24.6  24.3  24.0  24.4  24.1  24.1  24.0  24.4  24.3  24.3  24.0  24.4  24.6  33.6  42.6  65.3  68.2  59.2  50.1  34.8  32.6  29.4  28.3  27.9  28.2 
 24.7  24.9  25.0  24.8  24.4  24.3  24.6  24.4  24.0  24.1  24.2  24.3  23.9  24.0  24.2  24.2  24.1  24.2  24.5  25.1  31.4  36.5  52.4  54.4  47.0  42.1  32.9  31.7  29.0  28.6  28.4  28.6 
 25.0  24.6  25.0  25.1  24.6  24.4  24.4  24.2  24.4  24.1  24.4  24.2  24.4  23.9  24.1  24.3  24.2  24.1  24.7  25.4  27.4  28.7  33.4  34.4  33.8  32.4  30.9  30.1  28.4  27.7  28.8  29.3 
 24.9  24.9  25.3  25.0  24.4  24.3  24.5  24.7  24.2  24.2  24.2  24.5  24.1  24.1  24.3  24.5  24.2  24.3  25.2  25.7  26.3  27.0  30.1  30.9  31.3  31.1  30.0  29.7  27.7  27.7  29.2  30.5 
 26.1  25.3  25.0  25.2  24.7  24.5  24.7  24.7  24.6  24.2  24.2  24.6  24.5  24.0  24.2  24.4  24.6  24.2  25.3  25.3  25.5  25.7  27.9  28.4  29.2  28.7  28.9  28.7  28.0  27.5  30.7  32.3 
 25.7  25.7  25.3  25.2  24.7  24.7  24.9  24.8  24.3  24.3  24.6  24.6  24.2  23.9  24.3  24.4  24.2  24.3  25.4  25.0  25.3  25.7  27.5  27.9  28.1  28.3  28.5  28.6  27.9  28.7  31.6  33.5 
