 24.5  24.2  24.1  23.9  24.5  24.1  24.5  24.4  24.1  23.8  24.0  24.1  24.2  23.7  23.9  23.9  24.0  23.8  24.1  24.0  24.1  24.0  24.2  24.4  24.3  24.2  28.2  28.9  30.7  30.5  30.4  29.9 
 24.3  24.0  24.2  24.6  24.0  24.5  24.3  24.3  23.9  24.1  24.0  24.2  24.0  23.9  24.1  24.1  24.0  24.0  24.0  24.3  24.2  24.0  24.1  24.4  24.1  24.3  27.3  29.1  30.3  30.8  30.4  29.0 
 24.3  23.7  24.4  24.2  24.6  24.1  24.2  24.2  24.2  23.8  24.0  24.0  23.9  23.8  23.9  23.9  24.0  23.9  24.0  23.9  24.3  24.0  24.1  24.2  24.5  24.2  26.1  27.4  29.9  30.3  29.2  28.0 
 24.2  24.3  24.2  24.7  24.1  24.2  24.4  24.3  24.0  23.8  24.1  24.2  23.9  23.8  23.9  23.9  24.1  23.7  24.1  24.1  23.8  24.0  24.1  24.2  24.0  24.3  25.2  26.0  29.4  29.2  28.4  26.6 
 24.5  24.1  24.4  24.5  24.4  24.1  24.3  24.3  24.3  23.9  24.0  23.8  24.0  23.7  24.0  23.9  23.9  23.9  23.9  24.1  24.1  23.8  23.9  24.0  24.0  24.2  24.2  24.5  25.1  25.9  24.7  25.2 
 24.0  24.0  24.3  24.4  24.3  24.4  24.4  24.2  24.0  24.0  23.9  24.0  23.8  24.0  24.1  24.0  23.9  23.7  23.9  23.9  24.0  23.9  24.1  24.2  24.2  23.9  24.3  24.4  24.4  24.6  24.8  24.6 
 24.2  24.4  24.7  24.7  24.5  24.1  24.0  24.1  24.1  23.9  24.0  24.1  24.1  23.8  24.0  24.1  23.8  23.8  24.0  24.0  24.2  24.1  24.1  24.0  24.1  24.1  23.9  24.3  24.3  24.2  24.5  24.3 
 24.4  24.3  24.1  24.3  24.1  24.1  24.1  24.1  24.0  23.9  24.0  24.0  24.0  23.8  24.1  24.1  24.0  24.0  24.0  24.2  24.1  24.0  24.2  24.2  24.0  23.9  24.1  24.6  24.3  24.3  24.2  24.2 
 24.7  24.2  24.5  24.4  24.2  24.1  24.2  24.0  24.2  23.8  24.0  23.9  24.0  24.0  24.1  24.2  24.1  24.0  24.2  24.2  24.1  23.9  24.1  24.1  24.0  24.0  24.2  24.4  24.2  24.0  24.3  24.3 
 24.4  24.3  24.4  24.4  24.4  24.2  24.1  24.1  24.0  23.9  24.1  24.1  24.0  24.0  24.0  24.0  23.9  24.0  24.0  24.2  24.1  23.9  24.0  24.2  24.1  24.1  24.3  24.4  24.2  24.2  24.3  24.5 
 24.8  24.2  24.6  24.5  24.3  24.0  24.1  24.1  24.1  24.0  24.3  24.0  24.1  23.9  24.0  23.9  24.0  24.0  24.3  24.2  24.0  24.0  24.2  24.2  24.2  24.2  24.3  24.3  24.1  24.1  24.5  24.6 
 24.3  24.3  24.4  24.3  24.3  24.4  24.1  24.2  24.0  23.8  24.0  24.4  24.0  24.0  23.9  24.2  24.0  24.1  24.1  24.2  24.1  24.2  24.2 nan  24.1  24.1  24.0  24.5  24.4  24.2  24.7  24.9 
 24.7  24.4  24.3  24.4  24.3  23.8  24.1  24.1  24.0  23.6  24.0  23.9  24.2  23.9  24.2  24.1  24.1  24.1  24.3  24.1  24.2  24.2  24.3  24.4  24.4  24.2  24.6  24.5  24.6  24.5  25.0  25.3 
 24.4  24.5  24.4  24.5  24.1  24.3  24.2  24.1  24.1  23.9  24.0  24.2  24.0  23.9  24.1  24.1  23.9  24.0  24.1  24.2  24.1  24.2  24.4  24.4  24.5  24.4  24.7  24.8  25.0  25.2  25.5  25.5 
 24.6  24.4  24.6  24.4  24.4  24.0  24.3  24.1  24.1  23.9  23.9  24.0  24.1  23.9  24.0  24.1  24.1  23.9  24.2  24.2  24.7  24.9  29.7  30.9  30.7  29.6  27.4  27.0  26.6  26.5  26.3  26.3 
 24.5  24.4  24.7  24.4  24.3  24.2  24.0  24.1  24.0  24.1  24.0  24.1  24.0  24.1  23.9  24.2  24.0  23.9  24.1  24.3  25.3  28.8  44.7  47.1  44.1  39.0  30.5  29.2  27.6  27.2  26.8  26.8 
 24.6  24.5  24.6  24.5  24.4  24.1  24.5  24.3  24.2  24.0  24.1  24.2  24.0  24.0  24.1  23.9  24.1  23.8  24.4  24.3  32.3  44.8  70.4  73.4  69.7  60.2  36.1  32.6  28.9  28.5  27.6  27.2 
 24.8  24.5  24.6  24.6  24.3  24.0  24.2  24.3  24.1  23.9  24.1  24.2  24.0  24.0  24.1  24.1  23.9  23.9  24.3  24.7  34.6  49.3  74.8  77.4  71.5  61.7  36.8  33.4  29.3  28.9  27.7  27.6 
 24.9  24.5  24.6  24.6  24.5  24.2  24.6  24.4  24.2  24.1  24.4  24.2  24.1  24.0  24.3  24.4  24.4  24.3  24.4  24.7  33.7  42.6  65.3  68.0  59.2  50.3  34.7  32.3  29.4  28.6  28.1  28.0 
 24.5  24.5  24.7  25.0  24.4  24.4  24.5  24.4  24.2  24.0  24.1  24.3  23.8  24.1  24.2  24.3  24.2  24.0  24.5  25.0  31.5  36.4  52.2  54.3  47.1  42.2  32.9  31.3  29.0  28.4  27.8  28.2 
 25.3  25.0  25.2  24.8  24.6  24.3  24.3  24.5  24.4  24.0  24.3  24.3  24.2  24.0  24.3  24.2  24.0  24.0  24.7  25.4  27.3  28.7  33.1  34.5  33.8  32.9  31.0  30.0  28.5  27.7  28.6  29.3 
 25.1  25.3  24.8  25.0  24.6  24.4  24.6  24.5  24.1  24.5  24.3  24.5  24.0  24.1  24.2  24.3  24.1  24.3  24.9  25.4  26.1  26.9  30.0  30.8  31.5  31.4  30.0  29.6  28.0  28.1  29.2  30.5 
 26.4  25.5  25.0  24.8  24.5  24.3  24.6  24.7  24.5  24.4  24.4  24.6  24.2  24.1  24.3  24.3  24.6  24.1  25.3  25.3  25.5  25.7  27.9  28.6  29.1  28.9  28.8  28.7  28.0  28.3  30.7  32.2 
 25.7  26.0  24.9  25.2  24.8  24.7  24.5  24.8  24.1  24.4  24.5  24.5  24.3  24.3  24.6  24.3  24.2  24.3  25.2  25.1  25.4  25.7  27.3  27.8  28.0  28.2  28.3  28.6  28.3  28.7  31.6  32.6 
