 24.1  23.2  23.9  23.9  23.1  23.1  23.0  23.0  22.8  22.9  22.9  23.0  22.7  22.6  22.8  22.6  22.6  22.5  22.8  22.9  22.6  22.8  23.2  23.2  22.8  23.1  23.9  24.2  23.6  23.7  24.4  25.4 
 23.9  23.4  23.9  23.9  23.3  22.6  23.1  23.2  22.8  22.6  23.1  23.0  22.8  22.6  22.9  22.7  22.7  22.3  23.0  22.8  22.7  22.5  23.1  23.1  22.9  22.9  23.7  24.8  24.0  23.3  24.7  25.3 
 23.4  23.2  23.6  23.2  23.0  22.7  23.1  22.9  22.9  22.8  22.9  22.8  22.5  22.6  22.9  22.8  22.4  22.6  23.0  22.9  22.6  22.6  23.0  23.2  22.7  23.1  23.1  23.6  23.1  23.0  23.5  24.0 
 23.5  22.9  23.4  23.3  22.9  22.6  23.4  23.3  22.9  22.7  23.2  22.8  22.7  22.5  22.7  22.9  22.8  22.5  22.7  22.9  22.7  22.5  23.0  23.1  23.0  22.9  23.4  23.5  23.3  22.9  24.0  24.1 
 23.3  23.3  23.7  23.4  22.7  22.7  23.1  23.3  23.3  23.3  23.1  23.0  22.5  22.8  22.7  22.8  22.6  22.8  22.8  22.9  22.6  22.6  23.0  22.8  22.8  22.7  23.2  23.3  22.9  23.1  23.6  23.8 
 23.3  23.1  23.3  23.7  22.7  22.6  23.2  23.1  23.8  23.9  23.3  23.2  22.8  22.6  22.7  22.8  22.7  22.5  22.9  22.8  22.8  22.5  23.0  22.9  23.1  22.7  23.1  23.1  23.1  23.0  23.5  23.7 
 23.3  23.3  23.3  23.2  22.9  23.0  23.3  23.7  25.4  26.8  24.4  23.4  22.7  22.6  22.6  22.9  22.7  22.8  22.9  22.8  22.6  22.7  22.9  23.0  22.9  22.9  23.0  23.3  23.1  23.1  23.4  23.4 
 23.4  23.2  23.5  23.5  23.0  22.7  23.3  23.5  25.9  27.4  24.8  23.5  22.8  22.6  22.9  22.8  22.8  22.5  22.9  22.8  22.8  22.6  23.0  22.8  22.8  22.6  23.3  23.1  23.1  23.1  23.1  22.7 
 23.6  23.3  23.4  23.4  22.9  23.0  23.3  23.1  23.3  23.6  23.3  23.0  22.6  22.7  22.8  22.8  22.7  22.7  22.8  22.8  22.6  22.7  22.9  23.0  22.8  22.8  23.1  23.2  23.2  23.1  23.3  23.7 
 23.9  23.6  23.8  23.5  23.2  22.9  23.0  23.1  23.2  23.1  23.0  23.0  22.8  22.5  22.8  22.8  22.6  22.8  22.9  22.9  22.9  22.9  22.9  22.8  23.2  22.7  23.2  23.2  23.3  23.0  23.5  23.3 
 24.1  24.1  24.2  24.1  23.9  23.7  23.5  23.3  22.8  22.9  23.0  22.8  22.6  22.8  22.9  22.8  22.7  22.7  22.8  22.9  22.8  22.7  22.9  22.8  22.6  22.8  23.7  23.8  23.6  23.5  23.8  23.6 
 24.1  23.9  24.4  24.5  24.9  24.5  24.1  23.8  23.2  22.9  22.9  23.0  22.9  22.7  22.8  23.0  22.7  22.6  23.0  23.1  22.9  22.6  23.0 nan  22.8  22.6  24.5  25.3  24.1  23.3  23.4  23.5 
 24.6  24.5  25.6  25.9  26.9  27.8  32.7  34.9  32.9  29.4  23.5  23.2  22.8  22.7  22.8  22.9  22.7  22.7  22.9  22.6  22.7  22.6  22.8  23.0  22.8  22.9  24.1  25.0  23.6  23.5  23.5  23.9 
 25.0  25.1  26.2  26.5  28.7  30.1  41.6  48.8  53.4  47.3  24.8  23.6  22.9  22.8  23.0  22.8  22.9  22.8  23.0  23.1  23.0  22.5  22.9  23.1  23.1  22.8  23.5  23.7  23.6  23.2  24.0  23.8 
 25.4  25.5  26.9  27.7  30.6  33.9  54.6  63.0  74.6  71.4  35.2  25.9  23.1  22.9  22.8  22.9  22.7  22.8  22.9  23.0  22.7  22.7  22.8  22.9  22.6  22.9  23.3  23.3  23.4  23.3  23.6  23.9 
 25.7  25.3  27.0  27.6  30.9  34.1  53.6  62.6  78.6  79.3  37.8  26.3  23.0  22.8  22.9  22.8  22.8  22.7  23.0  22.8  22.7  22.6  23.1  23.1  23.0  22.6  23.4  23.3  23.4  23.3  23.7  23.8 
 25.5  25.6  26.7  27.1  29.5  31.9  44.5  53.4  73.4  70.7  30.5  24.7  22.9  22.9  22.9  22.9  22.5  22.7  22.9  23.0  22.8  22.8  22.9  22.9  22.9  22.9  23.3  23.4  22.8  23.4  23.7  24.0 
 25.5  25.5  26.5  27.0  28.9  29.9  37.2  42.3  54.7  50.2  26.2  24.0  22.9  22.9  23.1  23.0  22.9  22.7  22.8  23.0  22.9  22.7  23.1  23.0  23.1  22.6  23.3  23.2  23.5  23.0  23.8  23.9 
 25.3  25.6  26.6  27.2  26.9  27.3  29.0  29.8  29.9  28.2  24.1  23.7  23.0  23.0  23.0  23.0  23.0  22.9  23.1  23.2  22.8  22.7  23.1  23.3  23.2  23.0  23.6  23.3  23.3  23.2  23.8  24.1 
 25.5  25.6  26.4  26.8  26.6  26.3  27.8  27.6  27.4  26.2  24.0  23.5  23.0  23.0  23.1  23.1  22.9  22.9  23.1  23.2  23.1  22.9  23.3  23.3  23.2  22.9  23.4  23.5  23.4  23.4  24.4  24.2 
 25.5  25.7  25.9  25.9  25.6  26.0  25.9  26.1  25.4  24.6  23.5  23.5  23.0  23.0  23.2  23.0  22.8  22.8  23.0  23.1  22.9  23.1  23.3  23.4  23.1  23.0  23.5  24.0  23.8  24.3  25.2  25.6 
 25.7  25.4  25.7  26.2  25.8  25.5  25.7  25.7  24.8  24.3  23.8  23.8  23.3  23.1  23.2  23.2  23.0  22.8  23.1  23.2  22.9  22.9  23.3  23.4  23.0  23.0  23.8  24.0  24.9  25.1  25.9  26.5 
 26.2  26.0  25.7  25.5  24.9  25.0  25.0  24.9  24.3  24.1  23.7  23.8  23.4  23.2  23.3  23.5  23.1  23.2  23.4  23.3  23.3  23.1  23.6  23.7  23.7  24.0  25.3  25.9  26.0  26.3  27.1  28.0 
 26.8  26.1  25.6  25.9  25.1  24.8  25.0  25.0  24.3  24.0  23.9  23.9  23.4  23.3  23.5  23.5  23.2  23.0  23.7  23.4  23.5  23.1  23.6  24.3  24.6  24.7  27.0  27.0  26.7  26.3  27.9  27.9 
