 22.8  22.5  22.5  22.6  22.6  22.4  22.2  22.4  22.2  21.9  22.3  22.1  22.2  22.1  22.0  22.4  22.1  21.7  22.1  22.3  22.0  22.2  22.1  22.6  22.4  22.3  22.8  23.5  23.1  22.7  23.4  24.5 
 22.4  22.7  22.7  22.9  22.5  22.2  22.5  22.2  22.1  22.0  22.3  22.3  22.0  21.8  22.3  22.0  21.8  21.9  22.2  22.0  22.2  22.0  22.4  22.5  22.3  22.4  22.8  23.7  23.2  23.2  23.4  23.5 
 22.8  22.4  22.6  22.7  22.2  21.9  22.3  22.6  22.4  22.0  22.2  22.3  22.0  21.8  22.1  22.0  22.1  21.9  21.9  22.3  22.0  22.0  21.9  22.4  22.4  22.1  22.5  22.7  23.0  22.5  22.6  23.6 
 22.7  22.2  22.5  22.3  22.1  21.9  22.6  22.4  22.4  22.2  22.2  22.2  21.8  21.8  22.0  22.1  21.9  21.9  22.1  22.0  22.0  21.9  22.2  22.2  22.1  21.9  22.5  22.5  22.4  22.4  23.1  23.1 
 22.4  22.4  22.5  22.5  22.3  22.0  22.1  22.6  22.6  22.7  22.3  22.2  22.0  21.9  21.9  22.1  21.9  21.8  21.9  22.1  22.0  22.1  22.2  22.1  22.2  22.0  22.4  22.5  22.3  22.4  22.6  22.8 
 22.4  22.4  22.4  22.3  22.0  22.3  22.6  22.3  22.8  23.2  22.6  22.3  21.9  21.9  21.9  21.9  21.8  21.9  22.0  22.0  21.9  21.7  22.2  22.1  22.2  21.9  22.3  22.5  22.3  22.4  22.9  22.7 
 22.6  22.2  22.4  22.5  22.3  22.1  22.6  22.9  24.6  25.6  23.6  22.6  22.1  21.7  21.9  22.0  21.9  21.7  21.9  22.1  21.9  21.8  22.2  22.2  22.0  21.9  22.4  22.6  22.3  22.2  22.4  22.9 
 22.6  22.3  22.7  22.4  22.1  22.2  22.6  22.9  24.8  26.1  24.1  22.5  21.9  22.0  22.0  22.0  22.1  21.9  21.9  21.9  21.9  21.8  22.1  22.1  22.0  22.1  22.4  22.3  22.2  22.1  22.8  21.9 
 22.8  22.3  22.6  22.7  22.1  22.2  22.4  22.6  22.6  22.8  22.6  22.3  22.1  22.0  22.0  22.1  21.9  21.7  21.9  22.0  22.1  21.8  22.0  22.0  22.0  21.9  22.3  22.5  22.5  22.1  22.7  22.7 
 22.4  22.4  22.7  22.6  22.4  22.1  22.4  22.3  22.6  22.4  22.3  22.2  21.8  21.7  22.0  22.0  21.7  21.8  21.9  22.2  21.8  21.8  22.2  22.1  22.2  22.2  22.4  22.5  22.3  22.6  23.0  22.6 
 22.7  22.5  22.7  23.0  22.8  22.5  22.5  22.4  22.2  22.3  22.1  22.1  22.0  21.9  22.0  22.2  22.0  21.8  22.0  22.1  22.1  21.9  22.0  22.0  22.0  21.9  22.6  23.1  23.0  22.7  22.7  22.6 
 22.7  22.4  23.1  22.8  23.0  22.9  22.8  22.6  22.2  22.1  22.3  22.2  22.0  21.8  22.0  21.9  21.8  21.9  22.1  22.0  21.8  21.9  22.2 nan  22.0  22.0  23.6  24.2  23.2  22.7  22.7  22.6 
 23.1  23.0  23.4  23.8  24.6  24.8  28.0  29.7  28.4  26.0  22.2  22.3  21.9  21.9  22.1  22.2  22.0  21.8  21.9  22.0  22.0  21.7  22.1  22.2  22.3  21.9  23.2  24.2  22.9  22.4  22.6  23.3 
 23.2  23.2  24.2  24.2  25.5  26.2  33.9  38.2  39.0  34.9  23.3  22.4  22.0  21.9  22.1  22.0  22.0  21.9  22.1  21.9  21.9  21.9  22.3  22.0  22.1  22.1  22.8  22.8  22.9  22.5  22.7  22.8 
 23.6  23.6  24.3  24.7  26.7  28.8  41.8  45.2  44.4  43.8  28.4  23.7  22.2  22.1  22.0  22.3  21.9  21.8  22.0  22.1  22.0  21.8  22.0  22.1  22.1  22.1  22.2  22.3  22.3  22.4  22.9  23.1 
 23.7  23.7  24.7  24.9  26.6  29.1  41.5  44.9  47.1  47.6  29.8  23.8  22.2  22.1  22.1  22.1  21.9  21.9  22.2  22.1  22.0  21.9  22.3  22.3  22.2  21.9  22.6  22.4  22.2  22.5  23.0  22.9 
 23.9  23.7  24.3  25.0  26.3  27.4  35.5  40.1  47.4  44.7  26.5  23.1  22.2  21.9  22.1  22.0  22.1  21.9  22.2  22.3  22.1  22.0  22.3  22.4  22.4  22.0  22.4  22.8  22.6  22.5  23.0  23.4 
 23.5  23.3  24.3  24.4  25.6  26.2  30.5  33.2  37.4  34.9  24.0  22.7  22.2  22.0  22.2  22.2  22.1  21.9  22.3  22.1  22.1  22.1  22.3  22.3  22.2  22.2  22.7  22.3  22.4  22.5  23.1  22.9 
 24.0  23.5  24.2  24.4  24.6  24.5  25.2  25.9  25.5  24.7  22.8  22.7  22.2  22.2  22.2  22.3  22.0  21.9  22.1  22.3  22.4  21.9  22.3  22.4  22.4  22.0  22.6  22.6  22.7  22.3  22.8  23.5 
 23.5  23.8  24.1  24.1  24.0  23.9  24.5  24.6  24.0  23.6  22.7  22.4  22.1  21.9  22.3  22.2  22.1  22.0  22.4  22.2  22.2  22.0  22.3  22.2  22.2  22.1  22.8  22.9  22.3  22.8  23.1  23.2 
 23.8  23.8  24.1  24.2  23.9  23.6  23.8  23.7  23.6  23.0  22.7  22.7  22.4  22.1  22.3  22.4  22.0  22.1  22.1  22.2  22.2  22.0  22.4  22.5  22.3  22.1  22.7  22.8  23.0  22.5  22.8  23.5 
 23.6  23.7  24.0  23.8  23.5  23.2  23.7  23.6  23.0  23.0  22.7  22.7  22.3  22.3  22.2  22.5  22.0  22.1  22.3  22.4  22.1  22.2  22.6  22.4  22.3  22.2  22.9  22.8  22.6  22.5  23.9  24.0 
 24.9  24.2  23.5  23.7  23.6  23.0  23.4  23.4  23.1  22.6  22.8  22.8  22.5  22.3  22.4  22.6  22.4  22.1  22.5  22.4  22.5  22.1  22.5  23.0  22.5  22.5  22.9  23.2  22.8  22.8  24.8  26.0 
 24.9  24.5  23.7  24.2  23.4  23.1  23.5  23.2  23.1  22.8  22.7  22.7  22.2  22.5  22.4  22.4  22.1  22.2  22.5  22.4  22.2  22.4  22.6  22.6  22.5  22.7  22.9  23.2  23.1  23.5  26.3  26.3 
