 24.9  24.6  24.4  24.5  24.3  24.3  24.8  24.4  24.0  24.0  24.4  24.3  23.9  24.1  24.2  24.3  24.0  24.0  24.3  24.2  24.1  24.0  24.5  24.5  24.3  25.0  29.3  30.0  31.0  31.2  30.4  30.0 
 24.7  24.4  23.9  24.4  24.4  24.5  24.5  24.4  24.1  24.1  24.2  24.3  24.0  23.8  24.3  24.2  24.0  23.7  24.4  24.3  24.3  24.0  24.4  24.4  24.4  24.6  28.0  29.7  30.9  30.9  29.7  29.2 
 24.1  24.1  24.5  24.4  24.3  24.1  24.6  24.3  23.9  24.0  24.1  24.2  23.8  24.2  24.1  24.2  24.0  23.9  24.2  24.0  24.1  24.0  24.2  24.4  24.2  24.4  26.5  27.8  30.1  29.9  28.6  26.9 
 24.2  24.1  24.4  24.8  24.5  24.2  24.4  24.5  24.1  24.0  24.1  24.2  24.1  24.0  23.9  24.2  24.2  23.9  24.0  24.3  24.0  24.1  24.3  24.4  24.1  24.2  25.5  26.8  28.3  28.1  26.8  26.6 
 24.3  24.5  24.5  24.5  24.4  24.2  24.2  24.3  24.3  24.0  24.0  24.2  24.0  23.8  24.1  24.0  23.9  23.9  24.2  24.2  24.0  24.0  24.2  24.2  24.1  24.0  24.2  24.5  24.2  24.6  24.7  24.7 
 24.3  24.4  24.6  24.5  24.4  24.3  24.4  24.4  24.1  24.0  24.0  24.2  23.9  23.9  24.0  24.1  24.1  24.0  24.2  24.1  24.2  24.1  24.1  24.3  24.2  23.9  24.4  24.4  24.5  24.3  24.9  24.8 
 24.3  24.6  24.5  24.5  24.4  24.2  24.4  24.1  24.1  24.0  24.2  24.1  23.8  23.8  24.1  24.1  23.9  23.8  24.2  24.1  24.1  24.0  24.2  24.2  24.1  24.0  24.4  24.3  24.1  24.2  24.6  25.1 
 24.4  24.2  24.3  24.7  24.4  24.1  24.2  24.3  24.1  24.0  24.3  24.1  24.1  23.9  24.1  24.3  24.0  23.9  24.3  24.2  24.1  24.0  24.3  24.2  24.1  23.9  24.1  24.6  24.3  24.3  24.5  23.8 
 24.7  24.2  24.7  24.5  24.2  24.2  24.3  24.2  24.0  24.0  24.2  24.2  24.0  24.0  24.1  24.1  24.0  24.1  24.2  24.1  24.0  24.2  24.3  24.3  24.2  24.1  24.3  24.4  24.3  24.1  24.3  24.6 
 24.6  24.4  24.4  24.8  24.5  24.3  24.1  24.3  24.2  23.8  23.9  24.2  24.0  23.8  24.1  24.1  24.0  23.9  24.1  24.2  24.1  23.9  24.2  24.4  24.4  24.2  24.4  24.4  24.3  24.0  24.9  24.5 
 24.3  24.5  24.4  24.4  24.1  24.3  24.1  24.2  24.0  24.1  24.2  24.2  23.9  23.9  24.2  24.0  24.0  24.0  24.3  24.3  24.1  24.4  24.3  24.2  24.1  24.2  24.5  24.5  24.4  24.4  24.6  24.6 
 24.4  24.2  24.1  24.6  24.3  24.0  24.2  24.2  23.9  23.9  23.9  24.3  23.9  23.9  24.1  24.2  24.1  24.0  24.2  24.2  24.3  24.1  24.2 nan  24.1  24.0  24.3  24.7  24.6  24.2  24.6  25.0 
 24.6  24.6  24.6  24.3  24.1  24.0  24.4  24.2  24.0  23.9  24.2  24.1  23.8  24.0  24.1  24.0  24.2  24.1  24.2  24.1  24.1  24.2  24.3  24.6  24.2  24.5  24.9  24.6  24.6  24.9  25.4  25.0 
 24.8  24.0  24.6  24.9  24.3  24.3  24.3  24.1  24.0  23.9  23.9  24.2  24.2  24.1  23.9  24.2  24.1  24.0  24.2  24.4  24.3  24.1  24.6  24.7  24.8  24.5  24.8  25.0  25.3  24.8  25.3  25.7 
 24.6  24.3  24.5  24.5  24.3  24.2  24.2  24.2  24.2  24.0  24.1  24.3  24.0  24.1  24.2  24.0  24.1  24.1  24.3  24.4  24.7  25.0  29.8  31.1  30.9  29.9  27.7  27.2  26.8  26.6  26.5  26.5 
 24.7  24.2  24.6  24.8  24.1  23.9  24.1  24.3  24.1  23.9  24.0  24.1  24.1  24.0  24.1  24.1  24.0  23.8  24.2  24.4  25.3  28.9  45.0  47.3  44.2  39.1  30.5  29.4  27.8  27.3  26.6  26.6 
 24.5  24.6  24.7  24.5  24.2  24.1  24.4  24.5  24.0  24.1  24.3  24.2  23.9  24.0  24.1  23.9  24.0  24.1  24.3  24.4  32.1  44.9  70.4  73.6  69.6  60.5  36.4  32.9  29.0  28.5  27.6  26.9 
 25.1  24.4  24.7  24.7  24.4  24.1  24.4  24.5  24.1  23.9  24.0  24.2  24.1  24.0  24.2  24.3  24.3  24.1  24.3  24.6  34.8  49.2  75.1  77.6  71.6  61.5  37.0  33.4  29.6  28.8  28.0  27.5 
 24.7  24.7  25.0  24.9  24.5  24.5  24.6  24.5  24.2  24.2  24.3  24.4  24.1  24.1  24.4  24.3  24.2  24.3  24.4  24.8  33.6  42.5  65.5  68.3  59.3  50.3  34.9  32.6  29.5  28.7  27.9  28.6 
 25.1  24.7  24.7  25.0  24.6  24.3  24.6  24.6  24.1  24.1  24.1  24.3  24.3  24.0  24.1  24.3  24.4  24.2  24.5  25.1  31.4  36.5  52.3  54.4  47.2  42.2  33.1  31.7  29.1  28.7  28.2  28.6 
 25.1  25.0  25.4  25.0  24.8  24.3  24.6  24.5  24.3  24.3  24.2  24.5  24.2  24.2  24.4  24.4  24.1  24.2  24.9  25.6  27.2  28.6  33.3  34.5  33.7  32.9  31.0  30.3  28.5  28.2  28.8  29.8 
 25.5  25.1  25.0  24.8  24.7  24.1  24.7  24.7  24.3  24.3  24.4  24.5  24.2  24.0  24.2  24.6  24.3  24.3  24.9  25.6  26.4  26.9  30.0  31.1  31.5  31.2  30.0  29.5  28.2  28.0  29.2  30.5 
 25.8  25.7  25.0  25.2  24.7  24.5  24.8  24.6  24.2  24.5  24.5  24.5  24.3  24.2  24.4  24.7  24.5  24.4  25.3  25.2  25.5  26.0  27.9  28.6  29.1  29.0  29.2  28.8  28.0  28.1  31.4  33.1 
 26.6  25.7  24.9  25.2  24.9  24.7  24.7  24.9  24.4  24.4  24.4  24.6  24.5  24.0  24.6  24.4  24.6  24.4  25.1  25.3  25.5  25.5  27.3  27.9  28.3  28.2  28.3  28.6  28.5  28.4  32.0  32.5 
