 23.5  22.9  23.1  23.5  22.9  22.9  22.9  22.8  22.6  22.5  22.7  22.7  22.4  22.4  22.2  22.7  22.4  22.3  22.4  22.6  22.2  22.5  22.5  22.7  22.5  22.6  22.7  23.6  23.1  23.1  23.9  24.6 
 23.0  22.9  23.3  23.1  22.9  22.6  22.9  22.7  22.6  22.3  22.8  22.6  22.5  22.3  22.8  22.4  22.4  22.1  22.4  22.5  22.7  22.1  22.6  22.8  22.7  22.6  23.1  23.8  23.2  23.0  23.9  24.3 
 22.8  22.9  23.1  23.3  22.6  22.4  22.9  22.7  22.5  22.4  22.4  22.8  22.2  22.3  22.5  22.4  22.2  22.2  22.2  22.6  22.5  22.4  22.3  22.7  22.5  22.7  22.8  22.9  22.9  22.8  23.2  23.8 
 22.9  22.6  23.2  22.9  22.6  22.4  22.9  22.8  22.9  22.5  22.8  22.5  22.2  22.0  22.3  22.3  22.2  22.1  22.5  22.4  22.6  22.0  22.6  22.6  22.4  22.4  22.9  22.8  22.9  22.4  23.5  23.4 
 22.6  22.9  22.8  22.9  22.6  22.6  22.6  23.1  23.0  22.9  22.8  22.6  22.1  22.2  22.2  22.4  22.2  22.1  22.2  22.3  22.2  22.3  22.3  22.6  22.3  22.4  22.6  23.0  22.6  22.5  23.2  23.2 
 22.8  22.6  23.0  22.8  22.4  22.3  22.9  22.8  23.3  23.3  23.1  22.7  22.4  22.0  22.3  22.3  22.2  22.0  22.3  22.5  22.3  21.9  22.6  22.4  22.4  22.1  22.7  22.8  22.7  22.6  23.4  23.1 
 22.8  22.6  22.8  22.8  22.3  22.5  22.7  23.2  24.5  25.2  23.7  22.8  22.1  22.2  22.1  22.1  22.1  22.3  22.3  22.4  22.3  22.2  22.4  22.5  22.2  22.3  22.8  23.0  22.6  22.6  22.8  23.1 
 23.0  22.4  22.7  22.8  22.6  22.3  22.8  22.9  24.5  25.2  23.7  22.7  22.2  22.2  22.3  22.3  22.2  22.0  22.4  22.3  22.0  22.2  22.4  22.3  22.3  22.3  22.8  22.7  22.7  22.6  23.0  22.3 
 22.7  22.9  22.6  22.9  22.2  22.8  22.6  22.9  22.9  23.0  22.6  22.7  22.1  22.2  22.1  22.4  22.0  22.2  22.1  22.3  22.1  22.2  22.4  22.6  22.3  22.4  22.6  22.7  22.6  22.5  23.1  23.1 
 22.7  22.3  22.6  22.5  22.6  22.3  22.7  22.6  22.7  22.5  22.6  22.4  22.3  21.9  22.1  22.4  22.2  22.1  22.2  22.4  22.0  22.0  22.3  22.4  22.4  22.3  22.8  22.9  22.6  22.6  23.1  22.8 
 22.6  22.6  22.6  22.9  22.3  22.5  22.4  22.6  22.4  22.5  22.3  22.4  22.1  22.2  22.2  22.4  22.1  22.1  22.2  22.3  22.1  22.1  22.3  22.5  22.3  22.5  22.9  23.3  23.2  23.0  22.8  23.1 
 22.7  22.3  22.8  22.6  22.7  22.5  22.9  22.7  22.5  22.3  22.5  22.3  22.1  22.1  22.3  22.2  22.3  22.0  22.3  22.2  22.2  21.8  22.4 nan  22.4  22.2  23.7  24.2  23.5  22.7  23.0  23.1 
 22.9  22.7  22.9  23.6  23.2  23.3  24.7  25.2  24.4  23.7  22.5  22.5  22.1  22.2  22.1  22.3  22.1  22.0  22.2  22.3  22.1  22.1  22.3  22.7  22.6  22.4  23.5  23.8  22.9  22.9  23.2  23.2 
 23.0  22.7  23.4  23.4  23.7  23.8  26.8  28.2  27.8  26.2  22.7  22.6  22.2  22.1  22.3  22.2  22.0  22.0  22.4  22.3  22.1  21.9  22.3  22.4  22.4  22.3  22.9  23.2  23.1  22.8  23.1  23.3 
 23.0  23.0  23.3  23.6  24.2  25.1  30.8  31.7  29.0  28.6  24.5  23.0  22.3  22.2  22.3  22.3  22.2  22.1  22.3  22.3  22.3  22.2  22.5  22.6  22.4  22.2  22.8  22.7  22.8  22.8  23.2  23.6 
 23.1  22.9  23.7  23.6  24.2  25.0  31.0  32.0  30.2  30.1  25.0  23.0  22.4  22.3  22.5  22.3  22.3  22.2  22.4  22.3  22.3  22.2  22.5  22.5  22.2  22.3  22.8  22.8  22.9  22.8  23.1  23.1 
 23.2  23.3  23.7  23.7  24.4  24.9  28.2  29.8  31.3  30.1  23.9  22.9  22.4  22.3  22.4  22.5  22.4  22.2  22.3  22.5  22.3  22.2  22.4  22.6  22.6  22.5  22.6  22.9  22.7  22.9  23.3  23.4 
 23.2  22.9  23.6  23.5  24.1  24.0  26.0  27.0  27.6  26.5  23.1  22.5  22.5  22.2  22.6  22.4  22.3  22.2  22.6  22.6  22.4  22.1  22.7  22.5  22.5  22.4  23.0  22.9  22.9  22.7  23.7  23.6 
 23.3  23.3  23.8  23.9  23.7  23.5  23.6  24.0  23.5  23.1  22.7  22.9  22.4  22.3  22.6  22.6  22.4  22.5  22.4  22.7  22.4  22.3  22.6  22.7  22.6  22.7  22.6  23.1  23.0  22.8  23.4  23.7 
 23.3  23.5  23.6  23.7  23.2  22.8  23.5  23.5  23.1  22.8  22.7  22.8  22.3  22.3  22.5  22.4  22.2  22.2  22.7  22.4  22.5  22.3  22.8  22.7  22.6  22.5  22.7  23.0  22.8  23.0  23.5  23.9 
 23.4  23.3  23.5  23.8  23.3  22.8  23.0  23.6  23.0  22.8  22.6  22.9  22.4  22.4  22.3  22.7  22.3  22.5  22.6  22.6  22.6  22.6  22.9  22.8  22.9  22.6  23.0  23.3  22.8  22.7  23.5  24.6 
 23.8  23.2  23.6  23.2  23.0  22.8  23.5  23.2  22.9  22.6  22.9  23.0  22.5  22.2  22.6  22.6  22.6  22.3  22.7  22.5  22.5  22.4  22.7  22.8  22.7  22.4  23.1  23.0  23.1  22.9  24.2  25.3 
 24.2  24.1  23.5  23.9  23.3  23.1  23.2  23.4  22.9  22.8  22.8  22.9  22.6  22.6  22.5  22.6  22.5  22.5  22.7  23.0  22.5  22.5  22.6  23.3  22.8  22.6  23.0  23.3  23.0  23.5  25.2  26.4 
 24.6  23.8  23.9  24.0  23.3  22.8  23.2  23.4  23.2  22.7  23.0  22.8  22.6  22.4  22.6  22.7  22.7  22.5  22.7  22.6  22.9  22.4  22.9  22.8  22.7  22.6  23.3  23.4  23.3  23.6  25.0  25.8 
