 23.3  22.9  22.9  23.5  23.0  22.8  22.7  22.8  22.6  22.4  22.6  22.8  22.4  22.2  22.1  22.5  22.4  22.4  22.3  22.5  22.3  22.5  22.6  22.9  22.4  22.4  23.0  23.4  23.1  23.1  23.9  24.9 
 23.2  22.7  23.6  22.9  23.0  22.5  23.0  22.8  22.4  22.5  22.7  22.6  22.4  22.3  22.6  22.1  22.2  22.1  22.6  22.4  22.6  22.4  22.7  22.5  22.4  22.7  23.0  23.9  23.6  23.2  23.9  24.0 
 23.0  22.7  22.8  23.1  22.5  22.3  22.6  22.7  22.5  22.5  22.4  22.7  22.3  22.5  22.4  22.4  22.1  22.3  22.1  22.5  22.6  22.4  22.3  22.3  22.5  22.4  22.5  23.0  22.9  22.6  22.9  23.6 
 22.7  22.2  23.0  22.9  22.6  22.4  23.1  22.8  22.6  22.5  22.8  22.6  22.3  22.0  22.3  22.2  22.4  22.1  22.6  22.3  22.3  22.0  22.7  22.5  22.2  22.3  22.6  22.6  22.6  22.7  23.4  23.1 
 22.8  22.9  22.7  22.9  22.7  22.6  22.6  22.9  22.8  23.1  22.7  22.8  22.2  22.0  22.3  22.3  22.3  22.0  22.1  22.4  22.2  22.2  22.2  22.5  22.4  22.0  22.6  22.8  22.5  22.8  22.8  23.0 
 22.6  22.4  23.0  22.8  22.5  22.3  22.9  22.8  23.0  23.3  23.2  22.5  22.2  22.1  22.4  22.2  22.3  22.2  22.4  22.3  22.1  22.1  22.5  22.3  22.4  21.9  22.6  22.7  22.6  22.9  23.0  22.7 
 22.6  22.7  22.4  22.9  22.3  22.5  22.6  23.0  24.2  25.3  23.5  22.8  22.3  22.3  22.1  22.3  22.1  22.1  22.2  22.2  22.2  22.2  22.4  22.4  22.3  22.3  22.5  22.6  22.5  22.4  22.7  23.1 
 22.6  22.7  22.7  22.8  22.5  22.3  23.1  22.9  24.5  25.7  24.0  22.7  22.3  22.2  22.3  22.1  22.1  22.0  22.2  22.2  22.0  22.2  22.3  22.2  22.3  22.1  22.6  22.6  22.4  22.6  22.8  22.1 
 22.7  22.6  22.6  22.7  22.4  22.5  22.6  22.9  22.9  23.0  22.7  22.5  22.2  22.3  22.2  22.4  22.1  22.1  22.2  22.3  22.1  22.1  22.2  22.5  22.3  22.4  22.3  22.8  22.6  22.5  22.6  22.9 
 22.7  22.3  23.1  22.6  22.6  22.3  22.7  22.6  22.6  22.7  22.6  22.4  22.2  22.0  22.5  22.1  22.1  22.0  22.2  22.2  22.0  22.0  22.2  22.4  22.5  22.4  22.7  22.8  22.6  22.6  23.2  22.9 
 22.9  22.8  22.6  22.9  22.6  22.5  22.4  22.5  22.5  22.6  22.2  22.4  22.1  22.1  22.1  22.2  22.2  22.0  22.2  22.3  22.1  22.3  22.3  22.3  22.3  22.4  23.0  23.3  23.2  22.9  22.9  23.0 
 22.5  22.3  22.7  22.7  22.9  22.7  22.9  22.7  22.5  22.3  22.3  22.2  22.3  22.1  22.2  22.3  22.2  22.1  22.3  22.2  22.2  22.2  22.3 nan  22.3  22.2  23.6  24.1  23.5  22.7  23.0  23.4 
 23.0  22.8  23.0  23.4  23.4  23.5  24.8  25.7  24.7  23.8  22.3  22.4  22.2  22.2  22.1  22.3  22.2  22.1  22.2  22.2  22.0  22.0  22.2  22.3  22.4  22.6  23.3  23.8  23.1  22.6  22.9  23.1 
 23.2  23.0  23.5  23.6  23.9  24.3  27.6  29.2  28.7  27.1  22.9  22.4  22.3  22.1  22.4  22.2  22.1  21.9  22.4  22.3  22.3  22.1  22.5  22.4  22.4  22.3  23.0  23.0  23.2  22.6  23.1  23.1 
 23.0  23.1  23.5  24.0  24.5  25.9  32.1  33.3  30.4  30.2  24.8  23.1  22.3  22.3  22.1  22.3  22.2  22.2  22.2  22.4  22.0  22.2  22.2  22.5  22.2  22.6  22.4  22.7  22.7  22.5  23.0  23.3 
 23.4  23.2  23.5  23.7  24.6  26.0  32.5  33.8  32.0  31.6  25.6  22.9  22.3  22.3  22.4  22.3  22.1  22.0  22.4  22.2  22.2  22.2  22.4  22.4  22.4  22.1  22.8  22.8  22.6  22.6  23.3  23.1 
 23.2  23.2  23.4  23.6  24.3  25.2  29.1  31.2  33.0  31.4  24.1  22.9  22.4  22.2  22.4  22.3  22.3  22.2  22.4  22.4  22.4  22.3  22.4  22.6  22.4  22.5  22.8  22.7  22.7  22.8  23.1  23.2 
 23.2  23.0  23.6  23.8  24.2  24.3  26.8  27.6  28.6  27.4  23.2  22.5  22.4  22.2  22.5  22.4  22.4  22.0  22.5  22.5  22.4  22.3  22.6  22.5  22.5  22.3  22.9  22.7  23.1  22.8  23.5  23.4 
 23.3  23.1  23.5  24.0  23.4  23.4  23.6  24.0  23.9  23.4  22.6  22.5  22.3  22.3  22.4  22.5  22.3  22.3  22.3  22.5  22.4  22.3  22.5  22.8  22.6  22.4  22.9  23.2  23.1  22.9  23.0  23.5 
 23.3  23.5  23.5  23.7  23.5  23.0  23.7  23.4  23.1  22.9  22.8  22.4  22.4  22.3  22.5  22.5  22.4  22.3  22.6  22.6  22.2  22.3  22.6  22.4  22.5  22.5  22.8  22.9  23.1  22.9  23.6  23.6 
 23.2  23.1  23.1  23.6  23.4  23.1  22.9  23.5  23.0  22.7  22.7  22.7  22.4  22.4  22.5  22.5  22.2  22.4  22.3  22.5  22.3  22.3  22.6  22.7  22.9  22.5  22.7  23.3  22.8  22.8  23.0  24.0 
 23.8  23.5  23.7  23.2  23.2  23.0  23.2  23.1  22.7  22.7  22.6  22.6  22.4  22.3  22.6  22.5  22.4  22.3  22.7  22.6  22.3  22.3  22.9  22.7  22.4  22.5  23.0  22.8  23.1  22.9  24.4  24.3 
 24.2  24.0  23.1  23.7  23.1  22.7  23.2  23.1  23.0  22.6  22.8  22.9  22.7  22.6  22.6  22.6  22.7  22.5  22.4  22.7  22.5  22.6  22.6  23.0  22.6  22.6  22.8  23.2  23.1  23.3  24.5  25.5 
 24.6  23.7  23.7  23.7  23.2  23.1  23.2  23.1  22.9  22.8  22.9  22.9  22.5  22.5  22.7  22.5  22.6  22.4  22.8  22.5  22.4  22.4  23.2  22.9  22.5  22.5  23.2  22.8  23.3  23.0  24.6  25.8 
