 25.0  24.4  24.4  24.1  24.3  24.2  24.6  24.4  24.0  24.0  24.3  24.1  23.8  24.0  24.2  24.2  23.9  24.0  24.4  24.2  23.7  24.2  24.4  24.4  24.8  26.5  29.9  30.5  30.9  31.1  29.7  29.3 
 24.7  24.2  24.2  24.4  24.4  23.9  24.2  24.7  24.2  23.9  24.1  24.3  23.9  24.0  24.1  24.1  24.0  23.7  24.1  24.0  24.2  24.0  24.1  24.8  24.8  25.9  29.1  30.4  30.8  31.0  29.1  28.4 
 24.1  24.3  24.4  24.4  24.2  24.2  24.5  24.2  24.0  23.8  24.1  24.0  23.7  23.7  24.1  24.0  23.9  23.9  24.0  24.0  24.1  23.8  24.2  24.2  24.1  24.2  27.5  28.2  29.9  29.4  27.1  26.7 
 24.2  24.1  24.1  24.6  24.3  24.0  24.5  24.2  24.0  23.7  24.0  24.2  24.0  24.0  24.0  24.2  23.9  23.9  24.1  24.2  24.2  24.1  24.1  24.2  24.2  24.2  25.7  27.0  27.1  26.7  25.7  25.8 
 24.2  24.5  24.4  24.5  24.2  24.2  24.2  24.1  24.1  23.9  24.0  24.0  23.9  23.9  24.1  24.0  23.8  23.9  24.1  23.7  23.9  23.9  24.2  24.0  24.0  24.0  24.6  24.4  24.5  24.2  24.5  24.7 
 24.2  24.1  24.1  24.7  24.1  24.1  24.2  24.3  24.3  23.9  23.9  24.0  24.0  23.9  23.9  24.0  24.0  23.8  23.9  24.2  24.0  24.0  24.2  24.3  24.4  23.9  24.2  24.7  24.4  24.4  24.6  24.6 
 24.2  24.3  24.5  24.4  24.3  24.2  24.3  23.9  23.9  23.9  24.2  24.1  24.0  23.9  24.0  23.8  23.9  23.9  24.0  23.9  24.1  24.2  24.3  24.3  24.0  23.9  24.5  24.3  24.3  24.3  24.5  24.1 
 24.7  24.2  24.4  24.6  24.5  24.3  24.1  24.1  24.0  23.8  24.1  24.3  24.0  23.8  24.0  24.1  24.0  23.9  24.1  24.1  23.9  24.1  24.2  24.2  24.0  24.0  24.3  24.3  24.1  24.3  24.5  23.6 
 24.4  24.3  24.5  24.1  24.3  24.2  24.3  24.1  24.0  24.0  24.2  24.1  23.9  23.9  24.0  24.1  24.0  23.9  24.1  24.1  24.2  24.0  24.1  24.0  24.2  24.0  24.3  24.3  24.2  24.1  24.5  24.4 
 24.4  24.2  24.3  24.6  24.3  23.9  24.1  24.2  24.0  23.9  24.1  24.1  23.9  23.9  23.9  24.2  24.0  23.9  24.0  24.2  24.1  24.0  24.3  24.3  24.3  24.1  24.2  24.5  24.2  24.2  24.3  24.5 
 24.6  24.3  24.5  24.4  24.0  24.3  24.2  24.0  23.9  24.0  24.3  24.0  24.0  24.0  24.0  24.0  24.0  23.9  24.3  24.1  24.1  24.0  24.3  24.0  24.2  24.1  24.3  24.2  24.1  24.3  24.8  24.6 
 24.4  24.2  24.4  24.6  24.2  23.9  24.1  24.2  24.0  23.9  23.9  24.3  24.0  23.9  24.0  24.2  23.9  23.9  24.1  24.3  24.1  24.1  24.3 nan  24.1  23.9  24.2  24.4  24.4  24.0  24.6  24.9 
 24.7  24.1  24.4  24.4  24.0  24.3  24.4  24.1  24.0  23.9  24.1  24.1  24.1  23.9  24.1  24.2  24.0  24.1  24.4  24.2  24.1  24.2  24.3  24.3  24.1  24.2  24.8  24.6  24.6  24.7  25.3  24.9 
 24.4  24.5  24.4  24.6  24.1  24.1  24.4  24.2  23.9  23.6  24.0  24.3  24.1  23.9  24.2  24.2  24.0  23.9  24.1  24.4  24.2  24.1  24.3  24.6  24.6  24.3  24.9  24.8  24.9  24.9  25.3  25.7 
 24.4  24.6  24.6  24.4  24.2  24.3  24.2  24.0  24.0  23.9  24.0  24.2  24.0  24.1  24.2  23.9  24.1  23.9  24.2  24.3  24.5  25.0  29.8  30.9  30.8  29.8  27.5  27.1  26.6  26.2  26.3  26.1 
 24.7  24.1  24.2  24.7  24.1  24.0  24.0  24.2  24.1  23.9  24.0  24.1  24.1  24.0  24.0  24.2  24.1  24.0  24.1  24.3  25.2  28.8  44.7  47.2  44.2  39.1  30.6  29.5  27.6  27.0  26.5  26.8 
 24.5  24.5  24.7  24.4  24.2  24.2  24.3  24.3  24.1  24.0  24.2  24.1  23.9  24.1  24.2  23.9  24.1  24.0  24.2  24.3  32.1  44.9  70.4  73.5  69.5  60.3  36.3  32.6  29.0  28.5  27.5  26.9 
 24.6  24.6  24.5  24.6  24.3  24.1  24.3  24.4  23.9  23.9  24.0  24.2  24.0  24.0  24.0  24.3  23.9  23.9  24.4  24.6  34.8  49.1  74.9  77.6  71.6  61.5  36.8  33.3  29.5  28.8  27.8  27.4 
 24.7  24.9  24.9  24.6  24.3  24.2  24.7  24.3  24.1  24.0  24.4  24.2  23.9  24.1  24.3  24.3  24.3  24.2  24.4  24.7  33.6  42.6  65.3  68.2  59.3  50.2  34.8  32.3  29.4  28.7  27.7  27.8 
 24.7  24.7  24.8  24.8  24.6  24.3  24.6  24.4  24.3  24.0  24.2  24.3  24.2  24.1  24.1  24.2  24.2  24.1  24.4  25.1  31.3  36.2  52.2  54.4  47.2  42.3  33.2  31.6  28.9  28.4  28.2  28.6 
 25.1  25.0  25.2  24.8  24.5  24.6  24.6  24.3  24.4  24.2  24.5  24.4  24.2  24.2  24.4  24.3  24.1  24.2  24.8  25.5  27.4  28.7  33.1  34.1  33.8  32.9  30.9  30.1  28.1  28.0  28.6  29.3 
 25.3  25.1  24.9  25.0  24.6  24.3  24.4  24.6  24.2  24.2  24.2  24.4  24.3  24.1  24.2  24.5  24.1  24.2  24.9  25.5  26.3  27.0  30.0  31.0  31.2  31.1  29.9  29.6  27.9  27.7  29.4  30.8 
 25.6  25.5  25.4  24.8  24.8  24.5  24.7  24.4  24.5  24.5  24.4  24.1  24.4  24.2  24.4  24.3  24.3  24.3  25.4  25.3  25.6  25.9  27.8  28.6  29.1  29.0  28.8  28.5  27.8  28.1  31.1  32.2 
 26.3  25.7  25.2  25.2  24.8  24.4  24.6  24.8  24.5  24.2  24.5  24.7  24.3  24.3  24.3  24.6  24.2  24.4  25.1  25.3  25.4  25.7  27.1  27.8  28.1  28.2  28.1  28.4  27.9  28.2  31.2  32.1 
