 23.9  23.2  23.4  23.4  23.1  22.8  22.9  23.2  22.7  22.4  22.9  23.0  22.7  22.6  22.6  22.8  22.5  22.7  22.6  22.9  22.6  22.5  22.8  22.8  22.8  22.9  23.2  23.5  23.3  23.3  24.1  25.0 
 23.5  23.4  23.4  23.4  23.1  23.1  23.3  23.1  23.1  22.7  23.0  22.9  22.6  22.4  22.7  22.5  22.5  22.3  23.0  22.7  22.8  22.4  23.1  22.8  23.0  22.7  23.3  24.1  23.4  23.4  24.2  24.2 
 22.9  22.7  23.4  23.5  23.1  22.9  23.0  23.0  22.8  22.5  22.6  22.8  22.5  22.3  22.6  22.5  22.4  22.5  22.6  22.6  22.9  22.5  22.7  22.9  22.9  22.6  22.8  22.9  23.0  23.0  23.3  23.7 
 23.0  22.7  23.3  22.9  22.9  22.6  23.0  23.1  22.8  22.7  22.8  22.7  22.5  22.4  22.6  22.5  22.6  22.2  22.7  22.4  22.7  22.4  22.7  22.8  22.6  22.5  23.1  22.9  22.7  22.7  23.4  23.5 
 23.1  22.7  22.8  23.3  22.7  22.7  22.9  23.1  23.1  22.9  23.0  22.8  22.6  22.5  22.4  22.6  22.2  22.4  22.4  22.6  22.4  22.3  22.6  22.7  22.6  22.5  22.9  23.0  22.9  22.8  23.5  23.5 
 22.8  22.9  23.0  22.9  22.9  22.8  23.1  22.9  23.6  23.3  23.1  22.8  22.4  22.4  22.4  22.6  22.5  22.3  22.5  22.6  22.6  22.4  22.7  22.6  22.8  22.5  22.8  22.8  22.8  22.9  23.5  23.1 
 22.7  22.8  22.8  23.1  22.7  22.6  23.0  23.2  24.4  25.0  23.8  23.2  22.5  22.3  22.4  22.4  22.3  22.3  22.3  22.5  22.5  22.4  22.4  22.6  22.6  22.4  22.8  23.0  22.7  22.7  23.1  23.4 
 22.8  22.4  22.8  23.0  22.6  22.5  23.0  23.3  24.5  25.1  23.9  23.0  22.4  22.2  22.3  22.4  22.5  22.3  22.4  22.3  22.4  22.2  22.7  22.5  22.5  22.3  22.8  22.9  22.7  22.6  22.9  22.2 
 22.8  22.7  22.8  22.7  22.6  22.7  22.7  22.9  23.1  23.2  22.9  22.7  22.4  22.2  22.4  22.5  22.4  22.2  22.4  22.4  22.3  22.3  22.4  22.5  22.4  22.5  22.7  22.9  22.8  22.9  23.1  23.2 
 23.1  22.6  22.8  22.7  22.6  22.6  22.8  22.8  22.8  22.8  22.8  22.6  22.2  22.2  22.3  22.4  22.3  22.1  22.5  22.5  22.4  22.4  22.6  22.5  22.6  22.5  22.8  22.9  22.9  22.6  23.2  23.0 
 22.7  22.8  22.7  22.8  22.7  22.5  22.6  22.6  22.6  22.5  22.5  22.4  22.4  22.3  22.3  22.4  22.4  22.2  22.2  22.5  22.3  22.3  22.5  22.7  22.6  22.5  23.0  23.6  23.3  23.2  23.1  23.5 
 23.0  22.4  22.8  22.7  22.7  22.8  22.8  22.8  22.7  22.4  22.5  22.6  22.4  22.3  22.4  22.4  22.2  22.3  22.4  22.4  22.5  22.3  22.7 nan  22.7  22.6  23.7  24.2  23.4  22.9  23.3  23.5 
 23.0  22.8  23.4  23.2  23.3  23.2  24.2  24.8  24.0  23.4  22.6  22.5  22.4  22.3  22.4  22.5  22.2  22.2  22.5  22.3  22.3  22.3  22.5  22.7  22.6  22.5  23.5  24.1  23.4  23.0  23.2  23.1 
 23.1  22.7  23.5  23.5  23.3  23.6  25.9  26.9  26.7  25.5  22.7  22.5  22.4  22.3  22.4  22.3  22.2  22.2  22.3  22.3  22.2  22.3  22.5  22.5  22.7  22.5  23.1  23.2  23.2  22.9  23.4  23.1 
 23.3  23.0  23.4  23.7  23.9  24.9  29.1  30.0  27.6  27.2  24.0  22.9  22.4  22.3  22.4  22.4  22.4  22.1  22.4  22.5  22.3  22.2  22.7  22.5  22.4  22.4  22.7  22.8  22.8  22.9  23.4  23.4 
 23.2  23.1  23.7  23.5  24.2  24.9  29.6  30.3  28.6  28.3  24.5  22.9  22.4  22.3  22.5  22.4  22.4  22.1  22.6  22.5  22.5  22.2  22.6  22.5  22.6  22.2  22.8  22.6  23.0  22.8  23.6  23.6 
 23.2  22.9  23.4  23.8  23.8  24.7  27.1  28.5  29.4  28.2  23.7  22.9  22.5  22.4  22.5  22.5  22.6  22.3  22.5  22.5  22.4  22.3  22.5  22.6  22.7  22.4  22.8  23.1  22.8  22.8  23.3  23.7 
 23.5  23.2  23.7  23.4  24.0  23.9  25.4  25.9  26.5  25.8  23.0  22.7  22.5  22.5  22.7  22.6  22.5  22.4  22.7  22.6  22.6  22.5  22.8  22.8  22.7  22.7  23.0  22.9  23.0  22.9  23.3  23.2 
 23.2  23.3  23.9  24.0  23.4  23.4  23.7  23.8  23.5  23.2  22.8  22.8  22.5  22.4  22.5  22.7  22.4  22.3  22.5  22.7  22.5  22.4  22.9  22.9  22.8  22.7  22.9  23.2  23.3  23.1  23.5  24.0 
 23.5  23.3  23.8  23.2  23.2  23.1  23.6  23.2  23.2  22.9  22.8  22.7  22.4  22.6  22.6  22.6  22.6  22.4  22.7  22.5  22.6  22.5  22.9  22.6  22.8  22.8  23.1  22.9  23.2  23.3  23.2  24.0 
 23.6  23.4  23.6  23.2  22.9  23.0  23.2  23.3  23.1  22.7  22.8  22.9  22.7  22.6  22.8  22.6  22.5  22.4  22.5  22.7  22.5  22.4  23.0  22.9  22.8  22.7  23.0  23.1  23.3  23.1  23.6  24.2 
 23.3  23.3  23.7  23.4  23.1  23.0  23.2  23.1  22.9  22.7  22.9  22.9  22.5  22.6  22.6  22.6  22.5  22.2  22.7  22.7  22.6  22.6  23.1  23.0  22.6  22.9  23.5  23.1  23.2  23.4  24.6  24.8 
 24.3  23.7  23.5  23.6  23.3  23.0  23.3  23.2  23.0  22.8  22.7  23.3  22.6  22.6  22.7  23.1  22.7  22.5  23.0  22.9  22.8  22.5  22.9  23.0  22.9  22.6  23.3  23.2  23.3  23.6  25.4  26.1 
 25.1  24.2  23.9  23.5  23.2  23.1  23.2  23.2  23.1  22.8  23.1  23.1  22.8  22.6  22.7  22.8  22.8  22.5  22.8  22.7  22.8  22.7  23.3  22.9  22.9  23.2  23.0  23.4  23.2  24.0  25.6  26.5 
