 24.9  24.4  24.1  24.1  24.4  24.2  24.3  24.2  23.9  23.9  24.1  24.1  24.0  24.0  24.0  24.0  24.0  23.9  24.0  24.2  23.8  24.1  24.2  24.4  24.0  24.9  28.3  29.6  30.7  30.7  28.9  28.7 
 24.9  24.2  24.4  24.3  24.6  24.2  24.4  24.4  24.2  23.7  24.0  23.9  24.1  24.0  24.1  24.0  23.9  23.8  24.1  23.9  24.2  24.0  24.3  24.1  24.4  24.6  27.3  28.7  30.4  30.3  28.4  27.9 
 24.3  24.1  24.3  24.2  24.3  23.9  24.3  24.0  24.1  23.9  24.0  24.2  23.8  23.9  24.1  24.0  24.0  24.0  24.0  24.0  24.1  24.0  23.9  24.3  24.4  24.4  25.2  26.8  28.4  27.6  26.0  25.9 
 24.2  23.8  24.2  24.3  24.3  24.0  24.2  24.3  24.2  23.7  24.0  24.2  24.0  24.0  23.9  24.1  24.0  23.8  24.0  24.1  24.0  23.9  24.0  24.0  24.1  24.2  24.6  24.9  25.4  25.2  24.9  25.2 
 24.8  24.3  24.2  24.5  24.4  24.5  24.2  24.1  23.8  23.9  24.0  24.0  23.9  24.0  24.0  23.9  23.8  23.9  23.9  24.0  24.1  24.0  23.9  24.1  24.1  23.9  24.1  24.4  24.2  24.5  24.3  24.3 
 24.5  24.1  24.4  24.4  24.4  24.2  24.2  24.3  24.1  24.0  23.9  23.9  24.1  23.9  24.0  24.0  24.1  23.9  24.0  24.0  23.8  24.0  24.1  24.0  24.3  23.9  24.0  24.1  24.2  24.1  24.8  24.4 
 24.1  24.3  24.2  24.2  24.0  24.2  24.1  24.1  24.1  24.0  23.9  24.0  24.0  24.0  24.0  24.0  23.8  24.0  24.1  24.0  24.0  24.0  24.1  24.0  24.2  24.1  24.1  24.3  24.3  24.3  24.3  24.3 
 24.4  24.1  24.1  24.3  24.4  24.2  24.2  24.0  24.2  24.0  24.1  24.0  24.0  24.0  24.1  23.9  24.0  23.8  23.9  23.9  24.0  23.9  24.1  24.0  24.0  23.9  24.3  23.9  24.3  24.2  24.2  23.6 
 24.5  24.3  24.2  24.1  24.1  24.0  24.1  24.2  24.1  23.9  24.0  24.1  23.9  24.0  23.9  24.1  24.1  24.1  24.0  24.1  24.1  24.0  24.0  24.0  24.3  24.0  24.2  24.1  24.2  24.1  24.5  24.3 
 24.4  24.3  24.2  24.5  24.4  24.2  24.1  24.1  24.2  23.7  23.9  23.9  23.9  23.8  23.9  23.9  23.9  24.0  24.1  24.0  24.0  24.0  24.2  24.0  24.2  24.1  24.2  24.3  24.2  24.3  24.3  24.2 
 24.6  24.5  24.3  24.1  24.2  24.2  24.1  24.1  24.0  23.8  24.0  24.0  24.0  24.0  23.9  24.1  23.9  24.0  23.9  24.1  24.2  23.9  24.1  24.1  24.1  24.1  24.2  24.2  24.0  24.1  24.3  24.4 
 24.4  24.4  24.1  24.3  24.1  24.0  24.2  24.1  23.9  23.9  23.9  24.1  24.0  23.9  23.8  24.0  23.9  24.0  23.9  24.3  24.2  24.0  24.3 nan  24.0  24.1  24.3  24.4  24.3  24.3  24.4  24.5 
 24.7  24.4  24.2  24.4  24.2  24.0  24.2  24.2  23.8  23.9  24.0  24.0  24.0  24.0  24.0  24.1  24.2  23.9  24.1  24.1  24.2  24.0  24.1  24.2  24.3  24.3  24.6  24.4  24.6  24.5  24.9  25.0 
 24.7  24.5  24.4  24.5  24.2  24.1  24.2  24.0  24.0  23.8  24.0  24.0  24.0  24.1  24.1  24.2  24.0  24.0  24.1  24.1  24.2  24.1  24.4  24.3  24.5  24.3  24.6  24.8  25.0  25.1  25.3  25.5 
 24.3  24.4  24.3  24.3  24.4  24.3  24.2  24.3  24.1  24.1  23.8  24.1  23.9  23.8  24.0  24.2  24.0  23.9  24.1  24.3  24.6  24.9  29.6  30.7  30.5  29.8  27.3  27.0  26.6  26.6  25.8  26.3 
 24.8  24.2  24.5  24.4  24.3  24.1  24.2  24.4  24.3  23.9  24.0  23.9  24.1  23.8  23.9  24.0  24.0  24.0  24.2  24.4  25.2  28.8  44.6  46.9  43.9  38.9  30.4  29.0  27.6  27.1  26.5  26.3 
 24.6  24.5  24.6  24.3  24.3  24.0  24.2  24.3  24.2  23.9  24.0  24.1  24.0  24.0  24.0  23.9  24.1  24.0  24.2  24.4  32.2  44.9  70.4  73.5  69.5  60.4  36.1  32.6  29.0  28.6  27.5  27.2 
 24.4  24.3  24.5  24.4  24.6  24.1  24.3  24.3  24.2  23.9  24.1  24.2  24.1  24.0  24.0  24.2  24.2  23.9  24.4  24.5  34.7  49.3  75.1  77.6  71.7  61.5  36.9  33.1  29.5  28.6  27.5  27.2 
 25.0  24.7  24.6  24.7  24.3  24.2  24.3  24.5  24.2  24.1  24.2  24.3  24.1  24.0  24.2  24.1  24.3  24.1  24.3  24.7  33.4  42.8  65.6  68.5  59.3  50.3  34.7  32.4  29.5  28.6  28.0  27.7 
 24.9  24.7  24.7  24.7  24.6  24.3  24.4  24.2  24.1  24.1  24.2  24.1  24.1  24.0  24.2  24.1  24.3  24.0  24.6  25.0  31.4  36.6  52.4  54.3  47.1  42.1  32.8  31.4  28.9  28.5  27.8  28.0 
 25.1  25.0  25.0  24.8  24.6  24.6  24.4  24.4  24.4  24.2  24.2  24.2  24.1  24.3  24.0  24.3  24.2  24.1  24.7  25.4  27.3  28.8  33.3  34.5  33.7  32.8  30.6  30.0  28.0  27.7  28.6  29.3 
 25.1  25.0  25.1  24.8  24.6  24.4  24.4  24.6  24.2  24.2  24.3  24.4  24.1  24.1  24.0  24.3  24.3  24.0  24.9  25.3  26.2  27.1  30.0  30.9  31.5  31.2  30.0  29.4  28.2  27.7  28.7  29.6 
 26.1  25.7  24.8  25.0  24.7  24.6  24.5  24.5  24.4  24.4  24.2  24.4  24.5  24.2  24.3  24.4  24.3  24.2  25.0  25.1  25.3  25.9  27.7  28.4  29.1  29.1  29.0  28.5  27.6  27.9  30.4  32.3 
 26.0  25.5  24.9  24.9  24.8  24.5  24.5  24.5  24.4  24.5  24.5  24.3  24.3  24.2  24.4  24.4  24.5  24.4  25.1  25.1  25.6  25.7  27.3  27.8  28.3  28.3  28.2  28.4  28.3  28.4  31.2  32.1 
