 25.4  24.2  24.1  24.3  24.3  24.1  24.2  24.2  24.2  24.0  24.1  24.4  24.2  23.8  24.1  24.3  24.0  24.0  24.0  24.3  24.1  24.1  24.1  24.2  24.4  24.3  25.8  28.9  29.9  30.0  29.2  29.3 
 24.5  24.3  24.6  24.6  24.4  24.3  24.6  24.3  24.1  24.1  24.0  24.2  23.9  24.1  24.2  24.0  23.6  23.9  24.4  24.0  24.3  23.9  24.4  24.2  24.1  24.3  26.7  26.2  29.8  29.7  28.9  27.6 
 24.5  24.1  24.3  24.7  24.5  23.9  24.4  24.4  24.1  23.9  23.9  24.2  23.9  23.7  23.9  24.1  23.9  24.0  24.0  24.1  24.1  24.1  24.0  24.3  24.2  24.0  24.4  25.3  26.0  26.3  26.2  26.7 
 23.8  23.9  24.4  24.3  24.2  24.2  24.3  24.3  24.0  23.9  24.2  23.9  23.8  23.9  24.1  23.9  24.0  23.7  24.3  24.2  24.1  24.2  24.2  24.1  24.2  24.0  24.6  24.6  24.8  24.9  25.7  25.2 
 24.5  24.4  24.4  24.3  24.4  24.3  24.2  24.5  24.0  24.0  24.0  24.2  24.0  23.8  24.0  24.1  23.9  23.8  23.9  24.1  24.0  23.7  24.0  24.3  24.1  24.1  24.4  24.5  24.3  24.2  24.5  25.0 
 24.3  24.4  24.3  24.5  24.2  24.2  24.3  24.1  24.2  24.0  23.9  24.0  24.0  23.9  24.1  23.9  23.9  23.9  24.1  24.0  24.1  24.0  24.2  24.0  24.0  24.0  24.2  24.4  24.5  24.4  24.8  24.4 
 24.5  24.1  24.2  24.8  24.1  24.2  24.2  24.5  24.2  23.9  23.8  24.1  24.0  23.9  23.8  24.2  23.9  23.8  23.9  24.2  24.2  24.0  24.0  24.3  24.2  24.0  24.2  24.4  24.3  23.9  24.3  24.6 
 24.5  24.1  24.4  24.4  24.3  23.9  24.3  24.1  24.0  23.9  24.1  24.0  23.8  24.0  24.0  23.9  24.1  23.9  24.3  24.1  24.0  23.9  24.2  23.9  24.1  24.1  24.4  24.2  24.4  24.3  24.6  23.5 
 24.5  24.3  24.6  24.4  24.4  24.2  24.0  24.3  23.9  23.8  24.0  24.2  24.1  23.8  23.9  24.1  24.0  23.9  24.1  24.1  24.0  24.0  24.1  24.1  24.2  24.1  24.2  24.6  24.3  24.0  24.1  24.4 
 24.6  24.4  24.6  24.5  24.2  24.4  24.3  24.0  24.0  23.9  24.2  24.0  24.0  23.8  24.0  24.0  24.1  24.0  24.2  24.1  24.0  24.1  24.4  24.2  24.2  24.0  24.3  24.4  24.2  24.3  24.8  24.5 
 24.7  24.3  24.4  24.5  24.2  23.9  24.1  24.1  24.1  23.9  24.0  24.2  24.1  23.8  23.9  24.2  24.0  23.9  24.3  24.2  24.2  23.9  24.2  24.4  24.0  24.1  24.2  24.6  24.2  24.1  24.3  24.9 
 24.4  24.4  24.4  24.3  24.0  24.0  24.3  24.0  24.0  23.9  24.1  24.2  23.9  24.0  24.0  23.9  24.0  24.0  24.3  24.1  24.1  24.0  24.2 nan  24.1  24.1  24.6  24.4  24.3  24.3  24.7  24.7 
 24.7  24.2  24.4  24.5  24.2  24.0  24.1  24.4  24.1  23.9  24.0  24.0  24.0  24.0  24.1  24.1  24.1  24.0  24.2  24.2  24.3  24.0  24.4  24.4  24.3  24.1  24.5  24.6  24.7  24.3  25.1  25.2 
 24.6  24.4  24.5  24.5  24.1  24.2  24.4  24.1  23.9  24.1  24.1  24.0  23.9  24.0  24.2  24.1  24.1  24.0  24.2  24.2  24.3  24.1  24.6  24.3  24.4  24.6  24.9  24.9  25.0  25.0  25.4  25.3 
 24.4  24.3  24.4  24.7  24.5  24.0  24.2  24.5  24.2  23.9  23.9  24.3  24.1  23.8  23.9  24.1  24.2  23.9  24.3  24.4  24.6  24.8  29.5  30.9  30.7  29.6  27.3  27.3  26.9  26.3  26.3  25.9 
 24.5  24.3  24.6  24.6  24.3  24.3  24.2  24.1  24.1  24.1  24.1  24.1  24.0  24.0  24.1  23.9  24.1  24.1  24.3  24.3  25.2  28.8  44.9  46.8  44.0  39.0  30.7  29.0  27.6  27.3  27.1  26.5 
 24.5  24.5  24.6  24.7  24.4  23.9  24.3  24.5  24.2  23.9  24.2  24.2  24.3  23.8  24.0  24.1  24.1  24.0  24.1  24.5  32.2  44.6  70.2  73.4  69.6  60.2  36.2  32.7  29.2  28.2  27.5  27.2 
 24.8  24.6  24.7  24.7  24.1  24.2  24.5  24.2  24.0  24.1  24.0  24.0  24.0  24.0  24.4  24.2  24.1  23.9  24.3  24.4  34.7  49.2  74.9  77.3  71.4  61.6  37.0  33.2  29.5  28.9  27.8  27.4 
 25.0  24.5  24.7  25.0  24.5  24.3  24.3  24.6  24.2  23.8  24.0  24.3  24.0  23.9  24.3  24.3  24.3  24.1  24.2  24.8  33.4  42.6  65.2  68.3  59.3  50.2  34.6  32.6  29.7  28.7  27.7  28.2 
 24.7  24.8  25.0  24.8  24.5  24.5  24.5  24.2  24.1  24.1  24.2  24.2  24.1  24.1  24.4  24.2  24.3  24.1  24.8  25.2  31.4  36.6  52.3  54.3  47.1  42.2  33.2  31.3  28.9  28.7  28.2  28.2 
 24.7  24.6  25.0  25.0  24.7  24.5  24.4  24.6  24.4  24.0  24.1  24.5  24.4  24.0  24.2  24.5  24.2  24.0  24.5  25.6  27.4  28.8  33.3  34.5  33.9  32.9  30.6  30.2  28.4  27.8  28.4  29.8 
 24.9  25.6  25.1  24.9  24.6  24.5  24.5  24.7  24.5  24.2  24.4  24.3  24.1  24.3  24.4  24.5  24.2  24.2  25.0  25.3  26.4  27.0  30.3  31.0  31.6  31.2  30.2  29.4  27.9  27.9  29.2  30.5 
 25.8  25.3  24.8  25.2  25.0  24.3  24.5  24.4  24.5  24.2  24.3  24.5  24.5  24.2  24.2  24.7  24.4  24.2  25.0  25.2  25.6  25.8  27.7  28.6  29.1  28.7  28.7  28.6  27.8  27.9  30.7  31.8 
 26.0  26.0  25.1  25.0  25.0  24.5  24.6  24.5  24.4  24.5  24.7  24.3  24.2  24.2  24.7  24.4  24.3  24.5  24.9  24.9  25.4  25.7  27.5  27.5  28.1  28.3  28.3  28.1  28.1  28.6  32.0  33.0 
