 24.5  24.2  24.3  24.5  24.2  24.0  24.5  25.0  24.1  24.0  24.2  24.5  24.1  24.0  24.0  24.5  24.0  24.1  24.2  24.5  24.1  24.2  24.1  24.5  24.3  24.2  24.4  24.8  27.3  28.5  28.9  29.7 
 24.5  23.8  24.3  24.3  24.3  24.2  24.7  24.3  24.1  23.9  24.5  24.2  24.0  24.0  24.2  23.9  24.0  23.9  24.4  23.9  24.1  23.8  24.5  24.2  24.6  24.5  24.5  24.5  26.8  28.2  29.8  29.8 
 24.3  24.1  24.5  24.7  24.6  24.2  24.2  24.4  24.2  23.9  24.1  24.3  24.0  24.0  24.0  24.3  24.0  23.9  23.8  24.3  24.3  24.0  24.2  24.4  24.3  24.4  24.5  24.8  26.2  27.8  29.5  30.2 
 24.4  24.1  24.7  24.7  24.5  24.1  24.5  24.3  24.1  23.6  24.2  24.1  24.1  23.8  24.2  24.1  24.0  23.8  24.5  24.1  23.9  24.1  24.2  24.3  24.4  24.2  24.8  24.7  26.7  28.4  30.9  30.6 
 24.3  24.6  24.3  24.2  24.4  24.2  24.2  24.5  24.1  24.0  23.9  24.2  23.9  23.9  24.0  24.0  23.8  23.9  23.8  24.1  24.0  23.8  24.1  24.3  24.3  24.0  24.4  24.4  26.3  28.0  30.4  31.0 
 24.5  24.3  24.7  24.2  24.3  24.2  24.6  24.2  24.2  24.0  24.1  24.1  23.9  23.9  24.1  23.9  24.1  23.7  24.2  24.1  24.1  23.9  24.2  23.8  24.3  23.8  24.6  24.3  26.0  27.7  30.7  30.5 
 24.6  24.1  24.4  24.5  24.3  24.1  24.0  24.3  23.8  23.9  24.1  24.2  23.9  23.9  23.9  24.1  24.0  23.9  24.0  24.1  24.2  24.2  24.0  24.1  24.0  24.1  24.2  24.5  24.8  25.5  29.9  30.4 
 24.6  24.2  24.4  24.3  24.3  24.1  24.3  24.2  24.1  23.8  24.4  23.9  23.9  23.7  24.1  24.1  23.9  23.8  24.0  24.1  24.0  24.0  24.5  24.2  24.0  23.9  24.4  24.2  24.3  24.9  28.6  28.5 
 24.4  24.3  24.5  24.7  24.3  24.1  24.1  24.1  23.9  23.9  24.2  24.0  23.8  23.9  24.0  24.3  23.9  24.0  24.3  24.2  24.1  24.1  24.1  24.3  24.1  24.2  24.2  24.5  24.4  24.3  24.3  24.8 
 24.6  24.3  24.8  24.5  24.4  24.1  24.3  24.1  24.0  23.9  24.0  24.1  24.1  23.9  24.0  23.9  24.0  23.9  24.2  24.1  24.1  24.1  24.3  24.3  24.4  24.1  24.3  24.4  24.5  24.2  24.9  24.7 
 24.6  24.4  24.3  24.5  24.1  23.9  24.0  24.3  24.0  24.0  24.3  24.3  24.1  23.9  24.1  24.1  24.1  24.1  24.1  24.2  24.1  24.0  24.3  24.2  24.1  24.1  24.3  24.5  24.3  24.3  24.9  24.9 
 24.5  24.2  24.6  24.2  24.1  23.9  24.4  24.2  24.0  23.9  24.1  24.0  24.0  24.0  24.0  24.0  24.0  24.0  24.3  24.2  24.2  24.2  24.6 nan  24.2  24.0  24.6  24.6  24.5  24.2  25.1  24.7 
 24.7  24.1  24.5  24.4  24.1  24.2  24.2  24.3  23.9  24.0  24.1  24.1  24.0  23.9  24.2  24.3  24.0  24.0  24.3  24.3  24.1  24.0  24.3  24.6  24.4  24.4  24.5  25.0  24.5  24.5  25.0  25.4 
 24.6  24.2  24.7  24.4  24.2  24.1  24.4  24.1  24.0  23.8  24.2  24.1  24.1  23.9  24.3  24.1  24.0  24.0  24.3  24.2  24.2  24.4  24.5  24.4  24.5  24.4  25.0  24.7  25.1  24.9  25.6  25.4 
 24.4  24.4  24.5  24.4  24.3  24.3  24.3  24.3  24.1  24.0  24.1  24.4  24.0  24.1  23.9  24.1  24.0  24.0  24.2  24.4  24.6  25.1  29.8  31.2  30.7  29.8  27.4  27.3  26.7  26.3  26.2  26.5 
 24.5  24.2  24.8  24.7  24.1  24.2  24.3  24.1  24.0  23.9  24.3  24.1  24.0  24.0  24.1  24.1  24.0  24.0  24.3  24.4  25.4  29.1  45.3  47.3  44.2  39.0  30.7  29.2  27.7  26.9  27.1  26.6 
 24.5  24.4  24.6  24.6  24.3  24.0  24.2  24.7  24.1  24.0  24.0  24.4  24.2  23.9  24.2  24.2  24.0  24.1  24.3  24.6  32.5  45.4  70.7  73.6  69.5  60.2  36.0  32.9  29.0  28.4  27.7  27.4 
 24.8  24.3  24.8  24.5  24.3  24.2  24.7  24.3  24.3  23.9  24.1  24.1  24.1  23.9  24.3  24.3  24.0  24.0  24.5  24.6  35.1  49.8  75.3  77.7  71.4  61.2  36.9  33.2  29.4  28.5  27.9  27.4 
 24.9  24.7  24.5  25.0  24.5  24.2  24.6  24.6  24.2  24.0  24.2  24.3  23.9  24.2  24.2  24.4  24.3  24.3  24.5  25.0  33.8  43.2  65.4  68.3  58.9  49.8  34.7  32.6  29.5  28.7  27.9  28.2 
 24.9  24.9  25.0  24.5  24.4  24.2  24.7  24.3  24.2  24.0  24.5  24.2  24.2  24.0  24.4  24.1  24.2  24.2  24.8  25.1  31.6  36.7  52.4  54.4  46.9  41.9  33.1  31.6  29.0  28.4  28.4  28.2 
 25.1  24.8  24.9  25.5  24.4  24.6  24.4  24.7  24.4  24.1  24.2  24.3  24.4  24.0  24.1  24.5  24.1  24.3  24.6  25.6  27.4  28.6  33.4  34.5  33.7  32.9  30.9  30.3  28.6  28.2  28.4  29.8 
 25.1  24.9  25.3  24.8  24.6  24.3  24.7  24.6  24.3  24.2  24.5  24.2  24.2  24.2  24.5  24.4  24.2  24.0  25.1  25.5  26.4  26.8  30.3  31.0  31.4  31.0  29.9  29.6  28.2  27.9  29.5  29.9 
 25.9  25.3  25.1  25.2  24.8  24.2  24.7  24.7  24.4  24.4  24.3  24.8  24.4  24.2  24.2  24.7  24.4  24.5  25.3  25.5  25.5  26.0  27.9  28.7  29.1  29.2  29.1  28.8  28.0  27.9  30.7  32.3 
 26.3  25.7  25.5  25.4  24.7  24.6  24.8  24.7  24.4  24.3  24.4  24.6  24.3  24.1  24.5  24.5  24.4  24.5  25.6  25.2  25.4  25.7  27.6  27.8  28.2  28.2  28.5  28.3  28.3  28.9  32.5  33.1 
