 24.1  23.6  23.6  23.5  23.4  22.8  22.9  23.0  22.7  22.4  23.0  23.0  22.7  22.6  22.7  22.8  22.7  22.5  22.8  23.1  22.7  22.7  22.7  23.1  22.9  22.9  23.3  24.2  23.9  23.1  24.4  25.4 
 23.6  23.4  23.8  23.8  23.1  22.7  22.8  23.2  22.6  22.6  23.0  23.1  22.6  22.7  22.9  22.6  22.6  22.6  22.8  22.8  22.7  22.7  22.8  22.7  22.9  22.9  23.6  24.4  23.5  23.6  24.4  24.5 
 23.7  23.3  23.3  23.3  22.8  22.6  22.9  22.9  22.9  22.8  22.7  22.9  22.6  22.6  22.8  22.8  22.8  22.5  22.7  22.8  22.8  22.7  22.8  22.9  23.1  22.8  23.4  23.3  23.5  23.1  23.7  24.0 
 23.2  23.3  23.3  23.6  22.8  22.7  23.1  23.0  22.8  22.9  22.9  22.7  22.6  22.6  22.9  22.9  22.5  22.6  23.0  23.0  22.7  22.8  22.9  22.9  22.8  22.8  23.3  23.2  23.1  23.1  24.0  23.8 
 23.4  23.4  23.4  23.2  22.8  22.7  23.0  23.2  23.4  23.2  23.1  23.0  22.7  22.5  22.8  22.8  22.6  22.4  22.7  22.8  22.8  22.5  22.7  22.8  22.8  22.9  23.1  23.0  23.0  22.9  23.2  23.7 
 23.1  23.4  23.3  23.1  22.8  23.0  23.2  23.2  23.6  24.1  23.3  22.9  22.5  22.7  22.5  22.8  22.5  22.6  22.9  22.7  22.7  22.7  22.8  23.0  23.2  22.8  23.0  23.1  22.9  23.4  23.3  23.5 
 23.4  22.9  23.3  23.3  23.0  22.9  23.1  23.4  25.5  26.8  24.3  23.3  22.7  22.7  22.7  22.6  22.7  22.7  22.8  22.6  22.8  22.8  22.9  23.0  22.9  22.5  23.1  23.1  23.0  22.8  23.4  23.4 
 23.2  23.0  23.3  23.3  23.0  22.9  23.3  23.6  25.8  27.5  24.7  23.1  22.8  22.8  22.8  22.7  22.5  22.6  22.6  22.7  22.6  23.0  23.0  22.8  22.9  22.7  23.1  23.1  23.0  23.0  23.3  22.4 
 23.5  23.6  23.4  23.2  23.1  22.8  23.3  23.2  23.5  23.5  23.2  23.1  22.8  22.7  22.7  22.8  22.7  22.6  22.9  22.8  22.8  22.6  22.8  22.8  22.8  23.0  23.2  23.2  23.0  23.1  23.4  23.7 
 23.7  23.6  23.5  23.5  23.1  23.1  23.0  23.2  23.1  23.0  23.0  23.0  22.7  22.7  22.7  22.8  22.6  22.6  22.8  23.0  22.7  22.7  23.0  22.9  22.9  22.9  23.3  23.1  23.3  23.3  23.6  23.6 
 24.3  24.1  24.3  24.1  24.0  23.6  23.4  23.2  23.0  22.9  23.0  22.9  22.8  22.6  22.7  22.8  22.7  22.7  22.9  22.9  22.7  22.8  22.9  22.9  22.8  22.7  23.4  24.0  23.7  23.4  23.6  23.7 
 24.0  23.9  24.4  24.4  24.7  24.6  24.1  23.9  23.1  22.9  23.1  23.0  22.6  22.7  22.8  22.8  22.7  22.7  22.7  22.7  22.8  22.6  22.8 nan  22.8  22.8  24.4  25.3  24.0  23.3  23.5  23.3 
 24.7  24.4  25.4  26.0  27.3  27.7  32.8  34.9  33.0  29.2  23.5  23.3  22.9  22.6  22.8  22.8  22.8  22.5  23.0  22.8  22.7  22.7  22.9  22.9  22.8  22.7  24.1  24.8  23.9  23.4  23.6  23.8 
 24.6  24.9  25.8  26.8  28.6  30.1  41.5  48.7  53.2  47.3  24.9  23.4  23.0  22.9  22.9  22.9  22.8  22.8  22.8  22.8  22.7  22.6  23.1  23.0  22.8  22.9  23.3  23.6  23.7  23.5  23.5  23.8 
 25.2  25.6  26.9  27.7  30.6  33.9  54.6  63.1  74.8  71.4  35.0  26.0  22.8  22.8  22.7  22.8  22.8  22.6  22.8  22.9  22.7  22.6  22.9  23.0  22.9  22.8  23.2  23.2  23.3  23.4  23.5  23.7 
 25.6  25.4  27.0  27.8  30.7  34.2  53.5  62.6  78.6  79.5  37.7  26.3  22.9  22.9  22.8  22.9  22.7  22.7  22.9  23.0  22.7  22.7  22.9  22.9  22.9  22.9  23.0  23.2  23.4  23.4  23.7  23.9 
 25.7  25.4  26.7  27.2  29.9  31.9  44.4  53.5  73.6  70.7  30.6  24.6  23.0  22.9  23.0  22.8  22.9  22.7  22.9  23.0  22.8  22.7  22.7  22.8  23.1  22.7  23.1  23.5  23.2  23.3  23.9  23.8 
 25.3  25.7  26.6  26.9  28.8  29.9  37.0  42.4  54.4  50.2  26.2  24.0  23.0  23.0  22.9  23.0  22.8  22.6  23.0  23.0  22.7  22.8  22.9  23.0  22.8  22.6  23.2  23.3  23.0  23.3  23.8  23.9 
 25.8  25.6  26.5  26.8  27.0  27.0  29.0  29.8  30.2  28.4  24.1  23.6  23.1  23.0  22.9  23.1  22.9  23.0  22.9  23.1  22.8  22.7  23.0  23.1  23.0  22.9  23.2  23.5  23.4  23.3  23.6  24.0 
 25.3  25.7  26.2  26.6  26.5  26.6  27.6  27.8  27.2  26.4  23.8  23.5  23.1  23.1  23.1  23.1  22.8  22.8  23.1  23.1  22.8  22.8  23.3  23.1  23.0  23.0  23.4  23.5  23.2  23.5  24.0  24.5 
 26.0  25.1  25.7  26.0  26.0  25.8  25.9  26.0  25.5  24.7  23.9  23.8  23.3  22.8  23.1  23.2  22.9  22.9  23.1  23.1  23.1  22.9  23.4  23.3  23.3  23.1  23.5  23.7  23.9  24.1  25.4  25.5 
 25.3  25.7  25.5  25.8  25.4  25.7  25.5  25.7  24.8  24.4  23.8  23.6  23.1  23.2  23.2  23.3  22.8  22.8  23.2  23.0  23.0  22.9  23.3  23.4  23.1  23.2  23.8  23.8  24.5  25.2  26.1  26.2 
 27.0  25.7  25.5  25.8  25.3  24.9  25.0  24.7  24.6  23.9  23.9  23.9  23.5  23.2  23.4  23.2  23.2  22.9  23.4  23.1  23.2  23.0  23.7  23.7  23.6  23.6  25.5  26.0  26.1  26.5  26.7  27.9 
 26.5  26.3  25.6  25.7  24.9  24.9  25.0  25.0  24.3  23.9  23.8  23.9  23.7  23.3  23.4  23.3  23.2  23.1  23.4  23.5  23.3  23.2  23.8  24.0  24.6  25.1  26.5  26.8  26.1  26.3  27.9  26.9 
