 25.0  24.4  24.6  24.1  24.6  24.3  24.6  24.5  24.3  24.0  24.3  24.3  24.2  23.8  24.1  24.2  24.5  23.9  24.3  24.2  24.1  24.1  24.5  24.4  24.5  24.2  24.7  24.9  27.8  27.7  28.7  28.4 
 24.5  24.6  24.6  24.8  24.3  24.6  24.2  24.7  24.1  24.1  24.2  24.3  24.1  24.1  24.2  24.4  24.1  24.0  24.3  24.3  24.1  24.1  24.5  24.5  24.0  24.5  24.4  25.0  27.0  28.1  28.0  29.0 
 24.5  24.1  24.8  24.6  24.6  24.1  24.6  24.4  24.3  24.0  24.3  24.2  24.2  24.0  24.2  24.3  24.2  23.9  24.2  24.3  24.3  24.1  24.3  24.3  24.4  24.3  24.7  24.8  25.3  25.4  27.9  28.4 
 24.0  24.3  24.4  24.8  24.2  24.2  24.2  24.6  24.0  24.1  24.1  24.1  23.9  24.0  24.1  24.3  23.9  23.9  24.3  24.3  24.0  24.1  24.5  24.5  24.0  24.2  24.5  24.7  24.5  25.1  28.8  29.5 
 24.8  24.3  24.4  24.6  24.8  24.2  24.4  24.3  24.3  23.9  24.2  24.1  24.1  23.8  24.2  24.0  24.1  23.8  24.2  24.1  24.1  24.0  24.1  24.2  24.3  24.0  24.5  24.6  25.1  25.8  29.4  29.8 
 24.2  24.0  24.4  24.5  24.3  24.6  24.3  24.3  24.0  24.1  24.0  24.3  24.0  24.0  24.1  24.2  24.1  23.8  24.2  24.1  24.0  24.1  24.2  24.4  24.2  24.3  24.2  24.7  24.7  26.2  29.4  30.0 
 25.0  24.1  24.4  24.8  24.3  24.4  24.2  24.2  24.3  24.0  24.1  24.2  24.2  23.9  24.1  24.0  24.2  23.8  24.1  24.3  24.1  24.1  24.1  24.0  24.1  23.9  24.6  24.5  24.8  24.9  29.1  29.4 
 24.6  24.8  24.3  24.8  24.4  24.2  24.2  24.3  24.1  24.0  24.0  24.2  23.9  23.9  24.2  24.2  24.0  24.0  23.9  24.2  24.1  24.2  24.3  24.4  24.0  24.1  24.4  24.7  24.4  24.9  27.7  28.3 
 24.9  24.3  24.6  24.7  24.4  24.0  24.4  24.2  24.2  23.8  24.2  24.2  24.3  24.0  24.2  24.0  24.1  24.1  24.4  24.1  24.1  24.1  24.2  24.4  24.3  24.2  24.6  24.4  24.5  24.4  25.1  25.7 
 24.4  24.5  24.6  24.8  24.4  24.4  24.2  24.4  24.0  24.1  24.0  24.4  24.0  24.0  24.1  24.2  24.0  24.0  24.2  24.4  24.2  24.2  24.3  24.3  24.4  24.2  24.5  24.8  24.2  24.5  24.8  25.0 
 24.8  24.4  24.7  24.6  24.4  24.1  24.3  24.2  24.1  24.0  24.2  24.1  24.0  23.8  24.1  24.1  24.2  24.1  24.4  24.3  24.3  24.2  24.4  24.4  24.3  24.2  24.5  24.3  24.5  24.4  24.6  24.9 
 24.5  24.5  24.4  24.6  24.2  24.4  24.3  24.4  23.9  24.0  24.2  24.2  23.9  24.0  24.1  24.2  24.1  24.1  24.3  24.4  24.1  24.3  24.2 nan  24.1  24.3  24.4  24.5  24.6  24.5  24.8  24.9 
 24.9  24.4  24.6  24.6  24.2  24.2  24.3  24.2  24.2  24.0  24.2  24.0  24.2  23.9  24.2  24.1  24.3  23.9  24.3  24.2  24.3  24.2  24.4  24.5  24.7  24.4  24.8  24.6  24.7  24.6  25.3  25.2 
 24.5  24.8  24.6  24.6  24.2  24.4  24.4  24.3  23.9  24.0  24.3  24.3  23.9  24.2  24.1  24.3  24.1  24.2  24.3  24.4  24.2  24.4  24.7  24.6  24.4  24.7  25.0  25.0  24.9  25.2  25.6  25.7 
 24.9  24.3  24.7  24.7  24.6  24.1  24.5  24.3  24.3  24.0  24.1  24.3  24.2  23.8  24.2  24.2  24.4  23.9  24.3  24.5  24.9  24.9  30.0  31.1  30.9  29.7  27.5  27.4  26.8  26.6  26.6  26.5 
 24.7  24.8  24.9  24.8  24.1  24.3  24.5  24.6  24.0  24.2  24.1  24.3  24.0  24.2  24.0  24.2  24.0  24.2  24.3  24.6  25.5  29.3  45.2  47.5  44.1  38.9  30.8  29.3  27.5  27.4  26.8  26.8 
 24.8  24.4  24.8  24.6  24.7  24.1  24.6  24.4  24.2  24.0  24.2  24.2  24.1  24.0  24.2  24.0  24.3  24.0  24.5  24.5  32.8  45.5  70.8  73.6  69.5  60.1  36.3  32.8  29.1  28.5  27.8  27.4 
 24.5  24.8  24.6  24.9  24.3  24.3  24.4  24.6  24.1  24.2  24.1  24.3  24.2  24.1  24.3  24.4  24.0  24.2  24.6  24.8  35.2  50.1  75.2  77.8  71.4  61.2  36.8  33.4  29.4  28.8  27.9  27.9 
 25.1  24.7  25.2  25.0  24.6  24.5  24.6  24.5  24.3  24.0  24.3  24.3  24.5  24.1  24.4  24.3  24.6  24.2  24.6  24.8  34.1  43.5  65.7  68.4  59.0  49.7  34.8  32.3  30.0  28.5  28.1  28.2 
 24.7  25.0  24.7  25.0  24.7  24.7  24.5  24.4  24.2  24.3  24.4  24.5  24.1  24.1  24.3  24.4  24.2  24.4  24.8  25.2  31.9  37.0  52.5  54.5  46.8  42.0  32.9  32.0  28.8  28.6  28.2  28.4 
 25.3  24.6  25.4  25.2  24.6  24.4  24.6  24.5  24.5  24.1  24.4  24.4  24.5  24.0  24.4  24.5  24.4  24.2  25.0  25.6  27.7  28.7  33.6  34.5  34.1  32.8  31.1  30.4  28.6  28.2  29.0  29.8 
 25.2  25.4  25.0  25.4  24.6  24.7  24.5  24.9  24.4  24.6  24.3  24.6  24.2  24.3  24.4  24.6  24.2  24.4  25.1  25.7  26.2  27.3  30.3  31.2  31.4  31.5  30.1  29.7  28.1  28.2  29.5  31.4 
 26.1  25.5  25.2  25.2  25.0  24.5  24.8  24.6  24.6  24.1  24.7  24.5  24.6  24.0  24.5  24.5  24.6  24.1  25.5  25.5  25.8  26.1  27.9  28.5  29.1  28.7  29.2  28.5  28.2  27.7  31.4  31.5 
 26.3  26.3  25.5  25.4  24.9  24.7  24.8  25.1  24.3  24.6  24.8  24.6  24.2  24.4  24.6  24.6  24.4  24.6  25.5  25.5  25.4  25.9  27.5  27.9  28.2  28.3  28.5  28.6  27.9  28.9  32.1  33.1 
