 24.8  24.2  24.4  24.0  24.5  24.1  24.3  24.4  24.1  23.9  23.9  24.1  24.1  23.8  24.2  24.0  23.9  23.8  24.2  24.1  24.1  23.9  24.3  24.4  24.2  24.8  28.8  29.9  31.1  31.1  30.7  29.7 
 24.7  24.2  24.1  24.3  24.1  24.2  24.5  24.4  24.2  23.9  24.3  24.3  24.1  23.9  24.2  24.3  24.1  24.0  24.3  24.3  24.2  24.1  24.2  24.4  24.4  24.7  28.4  29.7  30.8  31.0  29.8  29.0 
 24.3  23.9  24.4  24.4  24.2  23.8  24.5  24.2  24.0  23.9  24.0  24.0  24.0  23.9  23.9  24.1  23.9  23.8  24.0  24.1  23.9  24.0  24.1  24.2  24.4  24.4  26.8  28.4  30.1  29.9  28.4  27.2 
 23.9  24.0  24.6  24.5  24.4  24.1  24.2  24.3  23.8  23.8  24.1  24.0  23.9  23.9  24.0  24.1  23.9  23.8  24.1  24.0  24.1  24.0  24.2  24.2  23.9  24.2  26.0  27.1  28.7  28.7  26.6  26.6 
 24.3  24.3  24.6  24.3  24.2  24.4  24.2  24.2  24.1  23.8  24.0  24.0  23.9  23.9  24.0  24.0  23.9  23.9  24.1  24.0  24.0  23.8  24.0  24.1  24.2  24.2  24.5  24.7  25.1  24.7  24.9  25.1 
 24.2  24.1  24.2  24.4  24.3  24.3  24.2  24.0  23.9  23.8  23.9  24.0  23.7  23.9  23.9  24.1  23.9  23.8  23.9  24.0  23.9  23.9  24.2  24.2  24.3  24.1  24.1  24.3  24.4  24.5  24.8  24.5 
 24.2  24.3  24.2  24.3  24.2  24.3  24.3  24.1  24.1  24.0  24.1  24.1  24.0  23.9  24.1  23.9  23.9  23.8  24.1  24.1  24.0  24.0  24.1  24.1  24.2  23.9  24.1  24.3  24.3  24.1  24.5  24.5 
 24.4  24.3  24.3  24.5  24.4  24.1  24.1  24.2  23.8  23.9  24.0  24.1  23.7  23.8  24.0  24.2  24.1  23.9  23.9  24.1  23.9  24.1  24.3  24.2  24.0  23.9  24.2  24.4  24.1  24.1  24.4  23.8 
 24.4  24.2  24.4  24.4  24.2  24.1  24.1  24.0  23.9  23.8  24.2  24.0  24.0  23.8  23.9  24.1  23.9  23.9  24.2  24.2  24.1  24.0  24.1  24.2  24.1  24.2  24.3  24.2  24.2  24.0  24.5  24.4 
 24.4  24.5  24.4  24.4  24.2  24.2  24.1  24.2  24.0  23.9  24.1  24.1  23.9  23.8  24.0  24.0  24.0  24.0  24.0  24.2  24.1  24.0  24.2  24.4  24.2  24.0  24.3  24.3  24.2  24.2  24.6  24.6 
 24.6  24.4  24.3  24.4  24.2  24.0  24.1  24.1  24.0  23.9  24.2  24.1  24.1  23.8  24.1  24.0  24.1  23.9  24.3  24.1  24.0  24.0  24.2  24.3  24.1  24.2  24.3  24.2  24.3  24.3  24.6  24.9 
 24.3  24.5  24.3  24.5  24.2  24.2  24.1  24.2  24.0  23.9  24.0  24.2  23.9  23.8  24.0  24.0  23.9  24.1  24.1  24.2  24.2  24.0  24.0 nan  24.1  24.0  24.2  24.3  24.5  23.9  24.8  25.0 
 24.6  24.3  24.4  24.3  24.2  24.2  24.1  24.2  24.1  23.8  24.1  24.0  24.1  24.1  24.1  24.0  24.1  24.0  24.3  24.2  24.2  24.0  24.5  24.4  24.3  24.3  24.7  24.5  24.6  24.2  25.1  25.2 
 24.5  24.6  24.4  24.6  24.0  24.0  24.3  24.3  23.9  23.8  24.0  24.1  23.8  24.0  24.0  24.2  24.1  23.9  24.2  24.3  24.2  24.2  24.4  24.4  24.3  24.5  24.9  24.9  25.1  25.0  25.3  25.5 
 24.6  24.6  24.5  24.6  24.4  24.2  24.4  24.1  24.0  23.9  24.1  24.2  24.1  23.8  24.0  24.1  24.1  24.0  24.2  24.2  24.7  24.9  29.8  30.9  30.8  29.8  27.5  27.2  26.6  26.5  26.2  26.3 
 24.5  23.9  24.6  24.8  24.2  24.2  24.2  24.4  24.0  24.0  24.1  24.3  24.0  23.9  23.8  24.1  24.0  23.8  24.1  24.4  25.4  28.8  45.0  47.1  44.3  39.1  30.6  29.3  27.5  27.3  26.7  26.5 
 24.7  24.7  24.8  24.5  24.3  24.3  24.2  24.3  24.2  24.1  24.1  24.1  23.9  23.8  24.0  24.0  24.1  24.0  24.4  24.5  32.2  44.8  70.5  73.6  69.6  60.3  36.2  32.8  29.1  28.4  27.3  27.1 
 24.6  24.5  24.6  24.6  24.0  24.1  24.3  24.6  24.0  23.9  24.1  24.2  24.2  23.8  24.0  24.4  24.0  24.1  24.3  24.5  34.7  49.1  75.0  77.8  71.6  61.5  36.8  33.3  29.4  28.6  27.7  27.7 
 24.9  24.7  25.1  24.9  24.5  24.4  24.5  24.4  24.1  23.9  24.4  24.1  24.1  23.9  24.2  24.3  24.3  24.2  24.2  24.7  33.6  42.7  65.3  68.2  59.3  50.2  34.8  32.7  29.4  28.5  27.7  27.9 
 24.4  24.9  24.8  25.1  24.3  24.3  24.4  24.6  24.2  24.0  24.2  24.4  24.1  24.2  24.2  24.3  24.1  23.9  24.6  25.2  31.4  36.4  52.1  54.4  47.1  42.0  32.8  31.7  28.8  28.4  28.0  28.2 
 25.0  24.8  25.2  25.2  24.5  24.4  24.4  24.6  24.3  24.1  24.3  24.3  24.2  24.1  24.3  24.4  24.1  24.2  24.7  25.4  27.3  28.6  33.4  34.5  33.8  32.7  31.0  30.1  28.6  28.0  28.6  29.6 
 25.2  25.3  25.0  25.0  24.5  24.4  24.5  24.6  24.2  24.1  24.5  24.6  24.1  24.0  24.0  24.6  24.1  24.2  24.9  25.4  26.4  26.8  30.0  31.0  31.4  31.2  30.2  29.7  27.9  27.6  29.5  29.9 
 26.1  25.5  24.9  25.0  25.0  24.3  24.9  24.4  24.4  24.4  24.2  24.4  24.4  24.1  24.4  24.5  24.3  24.3  25.2  25.2  25.7  25.8  27.9  28.5  29.1  28.7  29.1  28.5  27.8  28.2  31.4  32.3 
 25.7  25.5  25.3  25.3  24.4  24.3  24.5  24.8  24.6  24.3  24.4  24.7  24.3  24.3  24.4  24.5  24.4  24.4  25.1  25.2  25.3  25.7  27.2  27.8  28.2  28.0  28.2  28.3  27.9  28.7  31.7  32.1 
