 24.5  23.6  24.1  24.0  23.5  23.5  23.7  23.6  23.5  23.2  23.6  23.4  23.2  22.9  23.3  23.2  23.2  22.9  23.2  23.2  23.2  23.1  23.5  23.3  23.2  23.1  23.7  23.9  23.7  23.5  24.3  24.9 
 23.9  23.8  23.9  23.9  23.6  23.4  23.6  23.6  23.3  23.3  23.4  23.3  23.2  23.1  23.2  23.0  22.9  22.9  23.2  23.3  23.0  22.8  23.1  23.2  23.2  23.3  23.6  24.1  23.7  23.7  24.2  24.7 
 23.5  23.4  23.8  23.5  23.4  23.0  23.4  23.5  23.1  23.0  23.2  23.2  22.8  22.9  23.0  22.9  22.9  23.0  23.2  22.9  22.9  22.9  23.4  23.1  23.2  23.2  23.4  23.5  23.5  23.0  23.7  23.9 
 23.4  23.4  23.3  23.6  23.1  22.9  23.6  23.5  23.3  23.1  23.3  23.2  23.0  22.8  22.9  23.0  22.9  22.6  23.0  23.1  22.9  22.8  23.2  23.2  23.0  22.9  23.4  23.5  23.3  23.2  23.6  23.9 
 23.3  23.2  23.4  23.5  23.3  23.1  23.4  23.3  23.4  23.2  23.3  23.2  22.9  22.9  23.0  22.8  22.8  22.7  22.9  22.8  23.0  22.8  23.0  23.1  23.0  23.1  23.4  23.4  23.2  23.0  23.9  23.7 
 23.1  23.2  23.3  23.4  23.1  23.4  23.3  23.4  23.6  23.7  23.3  23.5  23.0  22.8  22.9  22.9  22.9  22.7  22.8  22.8  23.0  22.7  23.1  23.0  23.1  22.9  23.2  23.4  23.4  23.2  23.7  23.8 
 23.3  23.0  23.3  23.1  23.2  23.0  23.4  23.4  24.2  24.5  24.1  23.3  22.9  22.8  22.6  22.6  22.7  22.7  22.9  22.8  22.7  22.7  23.1  22.9  23.0  22.7  23.2  23.2  23.3  23.2  23.6  23.6 
 23.2  23.1  23.3  23.3  23.1  22.9  23.3  23.6  24.2  24.5  23.8  23.2  22.8  22.7  22.8  22.8  22.8  22.6  22.7  22.8  22.8  22.6  23.0  23.0  22.8  22.8  23.0  23.3  23.3  22.9  23.6  23.1 
 23.2  23.2  23.5  23.3  23.0  22.9  23.4  23.2  23.3  23.5  23.3  23.0  22.7  22.7  22.8  22.8  22.5  22.7  22.8  22.8  22.7  22.7  23.0  23.0  22.8  22.9  23.1  23.0  23.2  23.1  23.6  23.2 
 23.3  23.0  23.4  23.5  23.2  22.8  23.1  23.2  23.1  23.2  23.1  23.0  22.8  22.6  22.7  22.7  22.5  22.6  22.9  22.9  22.7  22.6  23.0  22.9  22.9  22.8  23.4  23.4  23.3  23.0  23.6  23.8 
 23.5  23.1  23.3  23.1  22.9  22.8  23.0  23.0  22.8  23.0  22.8  22.7  22.7  22.7  22.7  22.7  22.6  22.5  22.8  22.7  22.7  22.7  23.0  22.8  22.9  22.9  23.7  23.5  23.6  23.3  24.0  23.9 
 23.0  23.0  23.0  23.2  22.9  22.8  23.1  22.9  22.8  22.7  22.7  22.9  22.6  22.6  22.7  22.7  22.7  22.6  22.7  22.7  22.7  22.6  22.8 nan  22.9  22.9  23.7  24.3  23.8  23.2  23.5  23.8 
 23.0  23.0  23.4  23.1  23.1  23.1  23.6  23.7  23.3  23.1  22.8  22.9  22.6  22.6  22.9  22.6  22.7  22.6  22.6  22.8  22.8  22.6  22.9  22.8  22.9  22.9  23.7  24.0  23.6  23.3  24.0  23.5 
 23.4  23.4  23.3  23.6  23.4  23.2  24.0  24.6  24.1  23.7  23.0  22.9  22.9  22.7  22.7  22.7  22.6  22.5  22.7  22.9  22.8  22.6  23.0  22.9  23.1  22.8  23.2  23.6  23.3  23.2  23.5  23.6 
 23.2  23.3  23.6  23.5  23.7  23.8  25.3  25.4  24.5  24.4  23.3  23.0  22.8  22.7  22.8  22.8  22.7  22.6  22.8  22.9  22.6  22.7  23.0  23.0  22.9  22.8  23.1  23.3  23.3  23.1  23.8  23.8 
 23.4  23.1  23.5  23.6  23.6  23.6  25.3  25.4  24.8  24.5  23.6  23.1  22.9  22.9  22.8  23.0  22.7  22.6  22.8  22.8  22.8  22.6  22.9  23.0  22.8  22.8  23.1  23.1  23.5  23.1  23.7  23.8 
 23.2  23.1  23.8  23.5  23.6  23.5  24.6  25.0  25.2  24.6  23.2  23.0  23.0  22.9  23.1  22.8  22.9  22.6  23.1  22.9  22.9  22.7  22.9  22.9  23.1  22.7  23.4  23.4  23.4  23.4  24.0  23.9 
 23.5  23.1  23.5  23.6  23.6  23.4  24.1  24.1  24.3  23.9  23.2  23.1  23.0  22.8  23.0  23.1  22.7  22.8  23.0  23.1  22.9  22.8  23.1  23.1  23.2  23.0  23.3  23.3  23.6  23.6  23.7  24.1 
 23.5  23.5  23.7  23.6  23.2  23.2  23.5  23.6  23.3  23.1  23.1  23.0  22.8  22.8  23.1  23.0  22.9  22.8  22.9  23.0  23.0  22.7  23.3  23.2  23.1  23.2  23.4  23.5  23.6  23.6  23.9  24.1 
 23.2  23.6  23.6  23.7  23.4  23.0  23.6  23.5  23.2  23.0  23.0  23.1  22.8  22.9  23.0  22.9  22.9  22.8  23.2  23.0  23.1  23.0  23.1  23.1  23.0  23.3  23.3  23.5  23.3  23.6  23.8  24.4 
 23.6  23.3  23.7  23.6  23.4  23.3  23.4  23.4  23.1  23.0  23.2  23.1  23.0  22.9  23.2  23.0  22.8  23.0  23.0  23.1  22.9  22.8  23.3  23.1  23.2  23.0  23.6  23.5  23.3  23.5  23.8  24.4 
 23.6  23.7  23.7  23.7  23.3  23.2  23.4  23.4  23.1  22.9  23.0  23.2  23.1  22.9  22.9  23.3  23.0  22.8  23.2  23.1  23.0  23.0  23.2  23.3  23.3  23.0  23.5  23.8  23.4  23.6  24.0  25.3 
 24.5  24.2  24.0  23.5  23.6  23.4  23.4  23.3  23.2  23.0  23.3  23.4  23.3  23.0  23.1  23.2  23.0  23.1  23.4  23.3  23.1  22.9  23.3  23.5  23.2  23.0  23.6  23.6  23.7  23.6  25.2  26.8 
 24.4  24.6  23.9  24.4  23.4  23.3  23.4  23.7  23.0  23.0  23.2  23.5  22.7  22.8  23.2  23.1  23.0  22.8  23.3  23.4  23.4  23.0  23.4  23.7  23.1  23.2  23.7  23.7  23.7  24.2  25.8  26.7 
