 23.9  23.6  22.9  23.5  23.2  23.2  22.9  22.8  22.5  22.6  22.6  23.0  22.5  22.4  22.5  22.8  22.4  22.7  22.8  23.1  22.7  22.8  23.0  23.3  22.9  23.2  26.4  27.6  27.9  28.0  28.2  29.2 
 23.6  23.2  23.5  23.3  23.1  22.9  22.9  22.9  22.6  22.6  23.1  22.9  22.4  22.5  22.8  22.8  22.7  22.4  23.0  22.7  23.0  22.5  22.9  22.9  23.0  23.6  26.9  27.2  28.2  28.0  28.7  28.3 
 23.3  23.1  23.1  23.3  22.9  22.8  22.8  23.1  22.7  22.7  22.8  23.1  22.6  22.7  22.6  22.9  22.6  22.7  22.7  22.9  22.6  22.8  22.8  23.0  22.9  24.1  27.1  28.0  27.7  27.9  27.6  28.6 
 23.4  22.8  23.3  23.1  23.0  22.7  22.8  22.9  22.9  22.6  22.9  22.9  22.6  22.5  22.7  22.5  22.7  22.6  22.9  22.6  22.7  22.6  23.1  22.9  23.1  23.7  27.5  27.8  27.6  27.5  28.5  28.7 
 23.0  23.0  22.9  23.3  22.8  22.8  22.7  23.0  23.0  23.1  23.3  23.1  22.4  22.7  22.5  22.7  22.7  22.6  22.6  22.9  22.7  22.8  22.8  23.0  23.1  24.0  27.1  27.6  27.6  28.0  28.5  29.0 
 23.1  22.7  23.3  22.8  22.9  22.6  22.8  22.9  23.2  23.6  24.5  23.2  22.5  22.4  22.7  22.6  22.7  22.6  22.8  22.7  22.8  22.6  22.9  22.7  23.4  23.6  26.7  27.2  27.9  28.1  28.8  28.0 
 22.8  22.9  23.0  23.3  22.8  23.0  22.8  23.1  23.4  24.3  26.1  24.3  22.5  22.6  22.5  22.9  22.6  22.5  22.5  23.0  22.7  22.8  22.9  23.1  22.9  23.2  25.7  27.1  27.4  27.6  27.9  28.8 
 23.3  23.1  23.3  23.1  23.1  22.7  23.0  22.8  23.0  23.0  24.0  23.1  22.7  22.4  22.7  22.7  22.8  22.6  22.8  22.8  22.8  22.7  23.2  22.9  23.1  22.7  25.2  25.9  27.9  27.8  28.8  28.4 
 23.4  23.3  23.1  23.3  22.8  22.7  23.0  23.2  22.8  22.7  22.9  22.7  22.5  22.7  22.6  22.9  22.7  22.6  22.7  23.0  22.7  22.7  22.8  22.9  22.9  23.0  24.5  25.6  28.2  28.7  28.7  28.9 
 23.5  23.2  23.4  23.3  23.3  23.0  23.1  22.8  22.8  22.6  22.8  22.8  22.6  22.6  22.9  22.7  22.8  22.7  22.9  22.9  22.8  22.7  23.0  22.7  23.2  23.5  26.6  27.5  28.9  28.9  29.8  29.5 
 24.2  24.2  24.4  24.8  24.5  24.4  23.5  23.5  22.8  23.0  22.8  22.9  22.6  22.6  22.6  22.9  22.7  22.5  22.7  22.8  22.7  22.7  22.8  23.0  24.0  25.9  29.2  30.1  30.7  30.6  30.0  30.5 
 24.6  24.3  25.2  25.3  25.4  25.4  24.9  24.2  23.2  22.9  23.0  22.8  22.8  22.5  22.8  22.7  22.8  22.6  22.9  22.8  22.8  22.6  23.0 nan  24.9  26.5  30.1  30.5  31.3  31.2  31.0  29.8 
 25.5  25.4  26.0  26.8  28.4  29.5  37.9  41.9  39.2  33.3  23.2  23.1  22.7  22.7  22.6  22.8  22.7  22.7  22.7  22.9  22.7  22.7  22.8  23.2  25.1  27.1  30.5  31.5  31.5  31.5  31.6  31.7 
 25.8  25.8  27.1  27.3  30.0  32.2  47.8  54.2  58.4  50.9  24.6  23.2  23.1  22.7  22.9  22.6  22.8  22.6  22.8  22.7  22.7  22.5  23.1  22.9  25.2  26.6  30.7  30.9  31.8  31.4  31.8  30.7 
 25.7  26.5  27.8  28.7  32.6  36.7  57.6  67.0  77.3  72.8  29.7  24.5  22.8  22.9  22.6  22.8  22.6  22.8  22.8  23.0  22.7  22.8  22.9  23.0  23.6  26.0  29.4  30.6  31.2  31.5  29.7  28.9 
 26.4  26.2  28.0  28.3  32.7  36.6  57.5  69.0  87.2  81.2  29.6  24.6  23.0  22.7  22.8  22.8  22.7  22.6  22.9  22.8  22.8  22.7  22.9  22.8  23.3  23.6  29.4  29.6  31.2  31.0  29.4  27.7 
 26.0  26.2  27.6  28.3  29.8  31.7  45.6  55.7  67.3  56.2  25.0  23.6  22.9  22.7  22.8  22.9  22.7  22.8  22.8  23.1  22.9  22.7  22.8  22.9  22.9  22.8  24.4  26.7  29.1  29.9  29.6  28.8 
 26.0  26.0  27.5  27.3  28.5  29.2  37.7  42.7  46.0  38.2  23.9  23.3  23.1  22.8  23.1  23.0  22.9  22.7  23.1  23.0  23.0  22.8  23.0  22.9  22.8  22.7  23.7  24.1  27.9  28.6  30.5  29.6 
 26.0  25.9  27.1  26.9  26.9  27.4  28.6  29.4  27.8  26.1  23.5  23.5  22.8  23.2  23.1  23.1  22.9  22.9  22.9  23.0  22.9  22.9  23.0  23.3  23.0  22.9  22.9  23.8  25.2  27.3  29.2  30.3 
 26.1  25.7  27.1  26.4  26.6  26.5  27.6  27.4  26.4  25.0  23.7  23.4  23.2  23.0  23.4  23.1  23.2  22.8  23.2  22.8  22.8  22.7  23.1  23.2  23.1  22.8  23.4  23.1  24.4  24.9  27.4  27.9 
 25.8  25.8  26.5  26.4  25.7  25.9  25.7  25.9  24.9  24.4  23.5  23.7  23.2  23.1  23.1  23.3  22.9  23.4  22.8  23.1  22.9  22.8  23.1  23.3  23.0  23.2  23.2  23.8  23.4  23.8  24.9  27.1 
 25.9  25.9  26.3  25.8  25.9  25.3  25.9  25.6  24.7  24.1  23.8  23.6  23.4  23.0  23.2  23.2  23.2  22.9  23.4  23.0  23.1  22.8  23.5  23.0  23.1  22.9  23.6  23.5  23.5  23.5  25.9  26.2 
 27.0  26.6  26.0  26.0  25.0  25.1  25.0  25.0  24.2  24.2  23.8  24.0  23.5  23.3  23.2  23.6  23.1  23.2  23.3  23.4  23.1  23.3  23.4  23.5  23.2  23.3  23.6  24.4  24.6  24.3  26.0  27.1 
 27.7  27.1  26.1  25.5  25.1  24.9  25.1  24.8  24.3  23.9  23.8  23.8  23.5  23.3  23.6  23.3  23.2  23.0  23.4  23.3  23.3  23.2  23.5  23.5  23.2  23.3  24.4  24.8  25.0  24.6  27.0  26.9 
