 24.5  24.4  23.9  24.8  24.1  24.3  24.3  24.7  24.2  23.8  24.0  24.1  24.2  23.8  24.2  24.3  24.1  23.9  24.0  24.4  24.0  23.8  24.4  24.7  24.2  24.0  24.6  24.9  26.9  27.9  28.9  29.7 
 25.1  24.4  24.6  24.4  24.3  24.2  24.7  24.3  24.1  24.1  24.3  24.1  24.0  24.0  24.3  24.0  24.1  24.0  24.5  24.1  23.9  24.0  24.8  24.5  24.2  24.2  24.5  24.7  26.5  28.1  29.3  29.2 
 24.5  24.1  24.5  24.6  24.5  24.2  24.3  24.6  23.9  23.9  23.8  24.2  23.8  23.7  24.1  24.2  24.1  23.8  24.2  24.4  24.0  24.0  24.1  24.4  24.4  24.3  24.7  25.1  25.6  26.2  29.2  29.4 
 23.9  23.9  24.6  24.5  24.4  23.9  24.6  24.3  24.1  23.8  24.3  24.2  23.9  23.7  24.2  24.0  24.0  23.8  24.3  24.1  23.9  23.9  24.5  24.2  24.1  24.0  24.7  24.7  24.7  26.9  29.8  30.6 
 24.2  24.3  24.5  24.8  24.3  24.4  24.2  24.5  24.2  24.0  24.0  24.1  24.0  23.8  23.9  24.2  23.8  23.9  24.0  24.2  23.8  23.8  24.2  24.3  24.1  24.2  24.4  24.6  25.7  26.2  29.7  30.3 
 24.0  24.1  24.6  24.4  24.4  24.3  24.6  24.1  23.9  24.0  24.1  24.1  23.8  24.0  24.1  24.0  23.9  23.8  24.2  24.0  23.9  23.9  24.4  24.1  24.2  23.9  24.4  24.4  24.8  26.7  29.7  30.1 
 24.5  24.1  24.1  24.5  24.3  24.0  24.1  24.4  24.1  23.9  24.0  24.1  24.0  23.6  23.9  24.1  23.9  23.8  24.1  24.1  24.1  24.0  24.1  24.3  24.1  23.9  24.4  24.6  24.7  24.9  28.6  29.8 
 24.7  24.2  24.6  24.7  24.3  24.1  24.4  24.1  24.0  23.9  24.3  24.0  24.0  23.8  24.3  24.1  23.9  23.9  24.3  24.0  24.1  24.1  24.3  23.9  24.0  24.1  24.5  24.3  24.1  24.5  27.7  28.8 
 24.5  24.2  24.5  24.7  24.2  24.2  24.2  24.4  24.1  23.9  24.1  24.1  24.0  23.9  23.9  24.3  24.0  23.8  24.2  24.3  24.3  24.0  24.2  24.4  24.2  24.2  24.3  24.4  24.5  24.1  24.8  25.7 
 24.6  24.3  24.6  24.4  24.3  24.2  24.3  24.2  24.0  23.9  24.1  23.9  23.9  23.8  24.3  24.1  23.9  23.8  24.4  24.1  24.1  24.2  24.4  24.3  24.4  24.0  24.6  24.5  24.1  24.0  25.1  24.5 
 24.6  24.4  24.3  24.6  24.1  24.2  24.2  24.3  24.0  23.9  24.0  24.3  24.1  23.8  24.0  24.4  24.0  24.0  24.1  24.4  24.1  24.0  24.3  24.4  24.2  24.1  24.2  24.5  24.1  24.3  24.6  24.9 
 24.4  24.3  24.7  24.5  24.1  24.0  24.5  24.2  24.1  23.9  24.3  24.1  24.0  23.9  24.1  24.2  24.0  24.0  24.2  24.1  24.1  24.1  24.4 nan  24.2  24.1  24.5  24.5  24.3  24.3  24.9  24.9 
 24.9  24.3  24.5  24.7  24.1  24.1  24.2  24.4  24.0  24.0  24.2  24.2  23.9  23.7  24.1  24.2  24.1  23.9  24.2  24.3  24.1  23.9  24.1  24.5  24.3  24.4  24.6  24.7  24.7  24.6  24.8  25.4 
 24.6  24.2  24.8  24.5  24.0  24.3  24.5  24.2  24.1  23.7  24.4  24.1  23.9  24.0  24.1  24.0  24.0  24.1  24.3  24.2  24.2  24.2  24.7  24.6  24.5  24.4  25.1  24.8  25.2  25.0  25.5  25.5 
 24.3  24.3  24.5  24.8  24.2  24.1  24.3  24.4  24.2  23.9  24.1  24.4  24.0  23.9  24.0  24.2  24.1  24.0  24.2  24.5  24.6  25.0  29.7  31.1  30.8  29.7  27.4  27.3  26.7  26.5  26.2  26.8 
 24.5  24.4  24.8  24.5  24.3  23.9  24.5  24.3  24.0  23.9  24.0  24.1  23.9  23.9  24.2  24.1  24.1  24.0  24.5  24.3  25.3  29.2  45.2  47.2  44.1  38.8  30.8  29.1  27.4  27.3  27.1  26.5 
 24.6  24.7  24.5  24.7  24.4  24.1  24.2  24.5  24.1  24.1  24.1  24.3  24.2  23.9  24.1  24.1  24.2  23.8  24.2  24.6  32.6  45.4  70.7  73.7  69.5  59.9  36.1  32.8  29.0  28.2  27.1  27.8 
 24.5  24.5  24.8  24.7  24.2  24.3  24.4  24.5  24.1  23.8  24.0  24.1  24.1  23.9  24.4  24.2  24.1  23.8  24.4  24.6  35.0  49.8  75.3  77.6  71.3  61.1  36.8  33.1  29.7  28.8  28.0  27.7 
 25.1  24.6  24.5  24.9  24.5  24.4  24.3  24.6  24.3  23.9  24.1  24.3  23.9  23.9  24.3  24.4  24.3  24.2  24.4  25.0  33.9  43.1  65.5  68.4  58.9  50.0  34.7  32.6  29.5  28.6  27.7  28.2 
 24.7  24.7  25.0  25.0  24.4  24.3  24.7  24.4  24.0  24.1  24.4  24.3  24.2  24.2  24.5  24.3  24.2  24.2  24.7  25.1  31.5  36.8  52.4  54.4  46.9  41.9  33.1  31.6  29.0  28.5  28.6  28.6 
 24.9  24.8  25.2  25.3  24.5  24.3  24.6  24.7  24.3  24.1  24.2  24.5  24.3  24.1  24.3  24.6  24.2  24.3  24.6  25.7  27.5  28.9  33.1  34.5  33.9  32.9  31.0  30.4  28.5  27.8  28.2  29.8 
 25.3  24.9  25.3  24.8  24.6  24.6  24.9  24.7  24.4  24.3  24.6  24.3  24.1  24.1  24.5  24.5  24.0  24.0  25.0  25.3  26.2  27.0  30.3  31.1  31.5  31.1  30.3  29.4  27.9  28.0  29.7  30.8 
 25.8  25.5  25.0  25.6  24.8  24.3  24.7  24.9  24.5  24.4  24.4  24.8  24.2  24.2  24.4  24.5  24.3  24.4  25.4  25.5  25.3  25.8  27.9  28.7  29.1  29.0  28.9  28.7  27.8  28.4  30.4  33.6 
 26.0  25.5  25.5  25.2  24.6  24.6  24.7  24.8  24.4  24.6  24.8  24.6  24.2  24.1  24.6  24.4  24.4  24.2  25.3  25.3  25.2  25.6  27.6  27.8  28.2  28.2  28.3  28.2  28.1  28.2  32.1  33.0 
