 24.7  24.2  24.1  24.3  24.3  24.3  24.3  24.1  24.0  23.9  24.0  24.1  24.0  23.9  23.9  24.1  23.9  23.8  23.9  23.9  24.1  24.1  24.2  24.4  24.2  24.3  28.7  29.9  31.0  31.2  30.7  30.0 
 24.5  24.2  24.2  24.3  24.3  24.3  24.3  24.3  24.1  23.9  24.2  24.2  24.1  23.8  24.2  24.1  24.0  24.1  24.1  24.1  24.2  23.8  24.0  24.4  24.3  24.4  28.0  29.0  30.1  30.8  30.8  29.7 
 24.1  23.9  24.7  24.5  23.9  23.9  24.2  24.2  23.9  23.9  24.1  24.0  23.8  23.9  24.0  24.1  23.8  23.8  23.9  24.1  23.9  24.1  24.2  24.2  24.2  24.2  25.7  26.9  29.7  30.0  28.2  28.2 
 24.4  24.1  24.2  24.5  24.2  24.0  24.4  24.3  24.3  23.8  24.2  24.3  24.0  23.9  24.1  23.9  24.1  23.9  24.0  24.0  24.0  24.0  24.3  24.2  24.1  24.3  24.9  25.4  27.7  27.8  26.6  26.4 
 24.3  24.3  24.4  24.3  24.1  24.1  24.2  24.4  24.2  24.0  23.9  24.2  23.9  23.9  24.0  24.1  23.8  23.8  23.8  24.1  23.9  23.9  24.0  24.2  23.9  23.9  24.4  24.1  24.2  24.2  24.5  24.9 
 24.3  24.1  24.3  24.4  24.5  24.3  24.4  24.1  24.2  23.9  23.9  23.9  23.9  23.8  24.0  24.0  24.0  23.9  24.1  24.1  24.0  23.9  24.2  23.9  24.0  24.2  24.4  24.1  24.2  24.4  24.6  24.5 
 24.1  24.1  24.2  24.5  24.2  24.1  24.0  24.3  24.1  24.0  24.0  23.9  23.9  23.8  23.8  24.0  23.9  23.9  23.9  24.1  24.0  24.0  24.1  24.3  24.0  24.0  24.1  24.4  24.3  24.2  24.3  24.5 
 24.4  24.2  24.3  24.4  24.4  24.1  24.3  24.2  23.9  23.9  24.2  23.9  24.0  24.0  24.2  24.0  23.9  23.9  23.9  24.0  24.1  24.0  24.0  23.9  24.0  23.9  24.3  24.3  24.1  24.2  24.3  23.6 
 24.5  24.3  24.5  24.4  24.0  23.9  24.1  24.1  24.0  23.9  24.1  23.9  24.0  24.0  24.0  24.2  23.8  23.9  24.2  24.1  24.1  24.0  24.1  24.1  24.1  24.0  24.3  24.2  24.1  24.1  24.0  24.4 
 24.4  24.2  24.5  24.6  24.4  23.8  24.0  24.1  24.1  23.8  24.0  24.1  23.9  23.8  23.9  23.8  24.1  23.9  24.0  24.1  24.2  24.2  24.2  24.1  24.3  24.1  24.4  24.2  24.1  24.3  24.6  24.4 
 24.4  24.5  24.3  24.4  24.1  24.0  24.0  24.2  23.8  23.9  24.0  24.1  24.0  23.9  24.0  24.1  24.1  24.0  24.2  24.2  24.0  24.2  24.1  24.1  24.1  24.2  24.0  24.5  24.1  24.3  24.6  24.6 
 24.6  24.3  24.5  24.2  24.1  24.1  24.1  24.1  23.9  23.9  24.0  24.2  24.0  23.9  23.9  23.9  23.9  24.0  24.2  24.2  24.3  24.1  24.2 nan  24.1  23.9  24.1  24.5  24.4  24.2  24.6  24.9 
 24.3  24.3  24.1  24.5  24.0  23.9  24.2  24.2  23.9  23.9  23.9  24.1  24.1  24.0  24.1  24.2  23.9  24.0  24.3  24.1  24.1  24.2  24.2  24.5  24.1  24.2  24.5  24.6  24.5  24.3  25.1  25.0 
 24.5  24.5  24.4  24.3  24.3  24.0  24.2  24.1  24.0  23.9  24.0  23.9  24.0  24.0  24.0  24.0  24.1  24.0  24.2  24.1  24.2  24.1  24.6  24.4  24.6  24.6  24.9  24.8  25.0  25.0  25.2  25.3 
 24.4  24.3  24.5  24.4  24.3  24.2  24.1  24.3  24.1  23.9  24.0  24.1  24.0  23.9  24.2  24.1  23.9  23.9  24.1  24.4  24.5  24.8  29.6  31.1  30.8  29.9  27.4  27.3  26.6  26.3  26.2  26.5 
 24.7  24.4  24.5  24.4  24.0  24.0  24.2  24.0  24.1  23.9  24.0  24.1  23.9  23.9  23.9  24.0  23.9  23.9  24.1  24.2  25.3  28.7  45.1  47.1  44.2  39.0  30.7  29.0  27.5  27.1  26.8  26.3 
 24.3  24.5  24.6  24.5  24.5  24.1  24.1  24.4  24.1  24.1  24.1  24.1  24.0  24.0  24.1  24.1  24.1  24.1  24.3  24.5  32.2  44.8  70.5  73.7  69.8  60.4  36.3  32.8  29.0  28.4  27.5  27.3 
 24.8  24.3  24.5  24.6  24.3  24.1  24.3  24.3  24.1  24.0  24.1  24.1  24.0  23.8  24.2  24.2  24.1  24.0  24.4  24.5  34.7  49.1  75.1  77.7  71.7  61.7  37.0  33.3  29.7  28.5  27.8  27.5 
 24.7  24.7  24.8  24.9  24.2  24.2  24.4  24.5  24.1  23.9  24.2  24.2  23.9  24.1  24.3  24.2  24.2  24.1  24.3  24.9  33.5  42.7  65.4  68.3  59.4  50.2  34.7  32.5  29.4  28.6  27.9  28.0 
 24.9  24.7  24.7  25.0  24.4  24.3  24.6  24.3  24.1  24.1  24.3  24.1  24.1  24.1  24.3  24.1  24.2  24.1  24.7  25.0  31.4  36.4  52.2  54.3  47.2  42.1  33.1  31.5  29.1  28.5  28.0  28.4 
 24.9  24.8  24.9  25.0  24.5  24.3  24.4  24.5  24.3  24.0  24.4  24.1  24.2  24.1  24.3  24.4  24.2  24.2  24.8  25.6  27.3  28.7  33.2  34.3  33.9  32.8  30.8  30.1  28.4  27.8  28.2  29.3 
 25.1  24.7  24.6  24.8  24.6  24.4  24.5  24.6  24.3  24.1  24.3  24.3  24.2  24.1  24.2  24.4  24.3  24.2  24.9  25.3  26.3  27.0  30.0  30.8  31.3  31.2  30.2  29.4  28.1  28.0  29.2  29.6 
 25.8  25.5  24.9  25.0  24.5  24.5  24.7  24.6  24.1  24.2  24.2  24.4  24.1  24.2  24.3  24.6  24.4  24.2  25.3  25.5  25.6  25.7  27.6  28.6  28.9  29.0  28.9  28.2  27.6  27.9  30.4  32.3 
 26.0  25.5  25.3  25.0  24.7  24.6  24.7  24.4  24.4  24.4  24.6  24.4  24.4  24.2  24.6  24.3  24.3  24.4  25.2  25.2  25.4  25.5  27.1  27.7  28.3  28.0  28.3  28.2  28.7  28.4  32.1  32.1 
