 24.3  24.2  24.1  24.1  24.1  24.3  24.3  24.4  24.1  23.9  24.2  24.3  23.9  23.9  24.0  24.2  24.0  24.1  24.0  24.3  23.9  24.2  24.2  24.4  24.2  24.2  28.5  29.7  30.6  31.1  29.9  30.0 
 24.5  24.0  24.4  24.4  24.4  24.0  24.3  24.1  24.5  23.9  24.3  24.1  24.0  23.9  24.3  24.0  24.2  23.8  24.2  24.3  24.2  23.9  24.3  24.2  24.3  24.3  27.9  29.2  31.0  30.8  30.2  29.0 
 23.9  24.3  24.5  24.2  24.4  24.2  24.1  24.4  23.8  24.2  24.0  24.2  23.9  24.0  23.9  24.2  23.9  24.1  24.0  24.3  24.0  24.3  23.9  24.2  23.9  24.4  26.4  28.0  30.2  29.9  28.8  27.4 
 24.2  24.0  24.4  24.3  24.4  23.9  24.5  24.2  24.2  23.9  24.2  24.0  24.0  23.8  24.1  24.0  24.1  23.7  24.2  24.0  24.2  23.9  24.2  24.3  24.3  24.0  25.4  26.7  28.9  28.4  27.3  26.4 
 24.2  24.6  24.2  24.6  24.3  24.5  24.1  24.3  24.1  24.0  23.9  24.2  23.8  23.9  23.9  24.0  23.8  23.9  24.0  24.2  24.1  24.0  24.0  24.2  23.9  24.2  24.4  24.4  24.9  24.9  24.7  24.9 
 24.5  23.9  24.6  24.2  24.4  24.1  24.6  24.2  24.1  23.9  24.1  24.0  24.0  23.9  24.1  24.1  24.1  23.9  24.2  23.9  24.0  23.9  24.3  24.0  24.4  23.9  24.4  24.4  24.5  24.4  24.8  24.5 
 24.0  24.3  24.2  24.7  24.2  24.4  24.2  24.4  23.8  24.0  23.9  24.2  23.9  23.9  23.9  24.0  23.9  24.1  23.8  24.2  24.1  24.1  24.0  24.1  24.0  24.0  24.1  24.3  24.0  24.3  24.1  24.6 
 24.6  24.3  24.3  24.4  24.4  23.9  24.4  24.1  24.1  23.9  24.1  23.9  24.0  23.8  24.1  24.0  24.1  23.8  24.2  23.9  24.1  24.0  24.3  24.1  24.2  23.9  24.3  24.3  24.7  23.9  24.5  24.0 
 24.4  24.6  24.5  24.3  24.1  24.3  24.1  24.1  24.1  24.1  24.0  24.0  23.8  24.0  24.0  24.2  23.9  24.0  24.1  24.2  24.0  24.2  24.1  24.2  24.1  24.2  24.4  24.3  23.8  24.1  24.2  24.6 
 24.7  24.0  24.6  24.4  24.4  24.0  24.3  24.0  24.0  23.8  24.1  24.1  23.8  23.7  24.0  23.9  23.9  23.8  24.2  24.2  24.2  23.8  24.2  24.2  24.3  24.0  24.3  24.3  24.3  24.3  24.8  24.5 
 24.3  24.4  24.5  24.5  24.3  24.1  24.1  24.2  23.8  23.9  24.0  24.1  23.8  24.1  24.0  24.1  24.0  24.0  24.0  24.1  24.1  24.3  24.2  24.3  24.0  24.3  24.2  24.5  24.3  24.5  24.5  24.8 
 24.6  24.2  24.4  24.3  24.4  23.9  24.3  24.2  24.1  23.8  24.1  24.1  24.1  23.8  24.1  24.0  24.0  24.0  24.2  24.1  24.2  24.2  24.2 nan  24.2  24.1  24.4  24.4  24.6  24.3  24.6  24.9 
 24.4  24.4  24.3  24.4  24.3  24.1  24.1  24.3  23.9  24.0  24.0  24.1  23.9  24.0  24.0  24.2  24.0  24.1  24.2  24.1  24.1  24.1  24.3  24.5  24.2  24.3  24.3  24.6  24.7  24.6  25.0  25.0 
 24.6  24.3  24.6  24.4  24.5  24.1  24.4  24.1  23.9  23.8  24.1  24.0  24.0  24.1  24.0  24.0  24.0  23.9  24.3  24.1  24.3  24.1  24.5  24.4  24.5  24.5  24.8  24.9  25.1  25.0  25.6  25.2 
 24.4  24.4  24.2  24.7  24.3  24.2  24.0  24.3  24.1  24.0  24.0  24.2  23.8  23.9  24.0  24.2  24.0  24.0  24.2  24.4  24.5  25.1  29.6  31.0  30.7  29.9  27.5  27.2  26.6  26.6  26.3  26.3 
 24.4  24.4  24.5  24.5  24.3  23.9  24.4  24.1  24.0  23.9  24.1  24.1  24.1  24.0  24.0  24.1  24.1  23.8  24.3  24.1  25.4  28.7  45.0  47.2  44.3  39.2  30.7  28.9  27.5  27.0  26.8  26.5 
 24.5  24.7  24.3  24.6  24.2  24.1  24.2  24.3  23.9  24.2  23.9  24.2  23.9  24.1  24.0  24.1  24.0  24.0  24.3  24.6  32.2  44.8  70.4  73.4  69.6  60.5  36.0  32.9  29.1  28.2  27.5  27.1 
 24.8  24.5  24.6  24.7  24.5  24.1  24.5  24.5  24.1  24.0  24.1  24.0  24.1  23.8  24.1  24.1  24.1  23.8  24.4  24.4  34.7  49.0  75.0  77.5  71.8  61.3  37.0  33.2  29.7  28.6  27.8  27.7 
 24.6  24.7  24.8  25.0  24.5  24.4  24.4  24.6  24.1  24.2  24.0  24.2  24.0  24.3  24.4  24.4  24.1  24.4  24.3  24.8  33.6  42.8  65.3  68.3  59.1  50.4  34.7  32.7  29.4  28.6  27.9  27.9 
 24.9  24.7  24.8  24.8  24.6  24.1  24.5  24.4  24.2  24.0  24.1  24.3  24.4  24.1  24.3  24.3  24.2  24.0  24.8  25.0  31.5  36.5  52.3  54.3  47.1  42.0  33.1  31.6  29.1  28.4  28.2  28.2 
 24.9  25.0  25.0  25.0  24.5  24.4  24.4  24.7  24.2  24.1  24.3  24.3  24.2  24.2  24.3  24.3  24.2  24.1  24.5  25.6  27.1  28.8  33.2  34.5  33.8  33.0  30.9  30.1  28.2  28.0  28.6  29.6 
 25.1  24.9  25.3  24.8  24.7  24.4  24.5  24.5  24.4  24.1  24.4  24.3  24.2  24.1  24.3  24.3  24.1  24.2  25.0  25.6  26.4  26.9  30.2  30.8  31.5  31.1  30.2  29.4  28.1  27.5  29.5  30.2 
 26.1  25.5  24.7  25.0  24.4  24.5  24.6  24.6  24.4  24.4  24.3  24.8  24.5  24.3  24.3  24.6  24.3  24.4  25.3  25.3  25.5  26.0  27.8  28.6  28.7  29.0  28.9  28.5  27.8  28.1  30.7  32.3 
 26.3  25.5  25.3  25.4  24.7  24.4  24.8  24.5  24.6  24.3  24.5  24.4  24.3  24.1  24.7  24.3  24.4  24.3  25.2  24.9  25.5  25.7  27.4  27.5  28.3  28.0  28.5  28.2  28.1  28.6  32.0  32.6 
