 25.4  24.0  24.1  24.1  24.5  23.8  24.5  24.4  24.2  23.8  24.2  24.2  24.2  23.8  23.9  24.1  24.2  23.8  24.2  24.0  24.0  24.0  24.3  24.3  24.2  24.2  24.4  24.4  27.1  27.7  28.4  28.7 
 24.7  24.2  24.1  24.3  24.1  24.5  24.3  24.3  24.1  24.0  24.1  24.2  23.9  24.1  24.1  24.1  24.1  24.0  24.2  24.2  24.2  24.1  24.2  24.4  24.0  24.3  24.4  24.7  26.7  27.7  28.5  29.0 
 24.1  24.1  24.5  24.3  24.5  24.1  24.2  24.2  24.0  23.8  24.2  24.0  24.2  24.0  24.2  24.2  24.0  23.9  24.1  24.2  24.2  24.0  23.8  24.2  24.4  24.3  24.6  24.5  25.9  27.2  29.4  29.2 
 23.9  24.0  24.1  24.4  24.2  24.3  24.4  24.4  24.0  23.8  24.2  24.1  23.9  23.9  23.9  24.2  23.9  23.9  24.2  24.0  24.0  24.2  24.1  24.3  24.2  24.3  24.5  24.7  25.6  27.5  30.4  30.8 
 24.5  24.3  24.4  24.6  24.7  24.2  24.1  24.3  24.3  24.0  24.0  24.0  24.1  23.9  24.0  24.0  24.0  23.7  24.1  24.0  24.0  23.9  24.1  24.1  24.3  24.2  24.3  24.4  26.6  27.6  30.3  30.5 
 24.2  24.1  24.5  24.4  24.3  24.3  24.3  24.4  24.1  24.1  23.9  24.1  23.9  24.0  23.9  24.0  24.0  24.0  24.0  23.9  23.8  24.1  24.1  24.2  24.1  24.1  24.2  24.6  26.3  28.1  30.0  30.5 
 24.2  24.3  24.4  24.4  24.3  24.1  24.2  24.3  24.2  23.9  24.2  24.2  24.0  23.9  24.0  24.1  24.0  23.9  24.1  24.0  24.1  24.0  24.3  24.0  24.2  24.0  24.3  24.3  25.7  25.9  29.4  29.3 
 24.4  24.3  24.4  24.6  24.3  24.3  24.0  24.4  23.9  24.0  24.2  24.1  23.9  24.0  24.0  24.1  23.8  24.0  24.0  24.1  24.0  24.1  24.3  24.2  24.1  24.0  24.2  24.6  24.6  26.0  27.8  28.6 
 24.7  24.5  24.6  24.3  24.2  24.1  24.0  24.1  24.1  23.9  24.2  24.1  23.8  23.9  24.0  24.0  24.1  23.9  24.1  24.0  24.2  24.0  24.2  24.1  24.4  24.1  24.2  24.4  24.6  24.4  26.0  25.3 
 24.4  24.6  24.6  24.7  24.3  24.1  24.0  24.3  23.9  24.0  23.9  24.2  24.1  24.1  23.8  24.1  23.8  23.9  24.1  24.1  24.2  24.1  24.0  24.4  24.3  24.3  24.3  24.4  24.1  24.3  24.6  25.4 
 24.8  24.4  24.5  24.4  24.2  24.2  24.1  24.0  24.1  23.9  24.2  24.0  24.0  23.8  24.2  24.1  24.1  23.9  24.1  24.1  24.2  24.1  24.4  24.3  24.4  24.1  24.3  24.2  24.5  24.3  24.6  24.6 
 24.2  24.2  24.2  24.5  23.7  24.2  24.1  24.3  24.2  24.1  24.1  24.2  24.0  24.0  24.0  24.0  24.0  24.0  24.2  24.3  24.0  24.2  24.1 nan  24.1  24.2  24.2  24.6  24.3  24.6  24.6  24.9 
 24.7  24.1  24.4  24.6  24.5  24.0  24.3  24.1  24.1  24.1  24.1  24.1  24.2  23.9  24.2  24.1  24.2  24.0  24.2  24.3  24.2  24.1  24.5  24.2  24.4  24.4  24.7  24.6  24.8  24.5  25.1  25.1 
 24.3  24.5  24.3  24.6  24.3  24.4  24.3  24.2  23.9  23.9  24.0  24.2  23.9  24.1  24.1  24.1  24.2  24.0  24.0  24.3  24.3  24.2  24.5  24.6  24.4  24.6  24.8  24.9  24.9  24.9  25.5  25.4 
 24.8  24.4  24.6  24.4  24.3  24.1  24.4  24.3  24.1  24.0  24.1  24.1  24.2  23.9  24.1  24.1  23.9  24.0  24.4  24.3  24.6  24.8  29.8  30.9  30.9  30.0  27.4  27.2  26.9  26.3  26.3  26.3 
 24.4  24.5  24.5  24.7  24.0  24.2  24.2  24.4  23.9  24.1  24.0  24.2  23.9  24.0  24.1  24.1  24.0  23.9  24.2  24.3  25.3  29.3  45.0  47.3  44.2  39.1  30.9  29.3  27.5  27.4  26.7  26.8 
 24.7  24.4  24.6  24.6  24.3  24.3  24.4  24.2  24.2  23.9  24.2  24.1  24.2  23.9  24.2  24.1  24.1  24.0  24.3  24.5  32.6  45.4  70.7  73.7  69.5  60.1  36.1  32.7  29.3  28.2  27.7  27.3 
 24.5  24.6  24.6  24.6  24.2  24.3  24.5  24.3  24.1  24.0  24.1  24.2  23.9  24.1  24.0  24.2  23.9  24.0  24.4  24.6  35.1  50.0  75.0  77.6  71.3  61.2  36.7  33.5  29.2  28.8  27.9  27.6 
 24.7  24.6  24.9  24.7  24.6  24.2  24.5  24.5  24.4  24.0  24.4  24.0  24.2  24.1  24.3  24.3  24.4  24.0  24.4  24.7  34.0  43.1  65.4  68.4  59.1  50.1  34.7  32.5  29.8  28.8  27.9  28.2 
 24.7  24.9  24.7  25.0  24.6  24.5  24.3  24.4  24.2  24.1  24.3  24.2  24.1  24.1  24.3  24.2  24.2  24.1  24.5  25.2  31.7  36.9  52.3  54.5  46.7  42.0  32.7  31.3  28.8  28.7  28.2  28.2 
 25.3  25.0  24.9  24.9  24.8  24.3  24.4  24.6  24.4  24.2  24.4  24.4  24.4  24.0  24.2  24.3  24.2  24.2  24.8  25.6  27.4  28.8  33.4  34.5  34.1  32.6  30.9  30.3  28.4  28.0  28.4  29.6 
 25.2  25.1  25.0  25.0  24.5  24.3  24.4  24.7  24.2  24.0  24.3  24.4  24.1  24.1  24.3  24.4  24.0  24.2  25.0  25.6  26.2  27.3  30.1  30.9  31.5  31.5  30.2  29.4  27.8  27.9  29.2  30.5 
 25.6  25.1  25.2  25.0  24.8  24.5  24.6  24.4  24.7  24.3  24.6  24.5  24.6  24.1  24.2  24.5  24.6  24.1  25.3  25.4  25.7  25.9  27.9  28.6  29.1  28.9  28.9  28.8  28.2  28.4  30.7  32.7 
 26.0  26.0  25.1  25.1  24.7  24.7  24.7  24.8  24.3  24.7  24.4  24.6  24.3  24.1  24.4  24.6  24.6  24.5  25.3  25.3  25.4  25.7  27.2  27.8  28.2  28.5  28.2  28.3  27.9  28.4  32.1  32.6 
