 25.0  24.4  24.1  24.5  24.5  24.1  24.5  24.5  24.3  23.9  24.2  24.5  24.2  23.9  24.1  24.3  23.9  23.8  24.2  24.2  24.1  24.1  24.2  24.6  24.3  24.3  24.4  25.1  25.6  26.5  27.9  29.3 
 24.3  24.2  24.4  24.5  24.4  24.5  24.6  24.4  24.1  24.0  24.2  24.2  24.0  24.0  24.0  23.9  23.8  24.1  24.3  23.9  24.3  24.0  24.3  24.4  24.3  24.3  24.5  24.7  25.4  27.6  29.1  29.0 
 24.3  24.1  24.4  24.7  24.6  24.1  24.5  24.2  23.9  23.7  24.0  24.1  24.1  23.9  24.3  24.2  24.2  23.9  24.0  24.1  24.1  24.0  24.2  24.3  24.5  24.2  24.3  24.6  25.4  26.5  29.2  29.8 
 24.0  24.1  24.6  24.2  24.2  24.2  24.5  24.3  24.2  23.9  24.2  24.0  23.8  23.9  24.1  24.0  24.0  23.9  24.2  24.2  23.9  23.9  24.3  24.2  24.1  24.3  24.5  24.7  24.8  25.6  29.5  30.6 
 24.7  24.3  24.4  24.6  24.6  24.5  24.3  24.5  24.2  23.9  23.9  24.1  24.1  23.8  24.1  24.0  23.9  23.7  23.9  24.1  24.1  23.8  24.0  24.3  24.2  23.9  24.4  24.5  24.9  25.8  29.4  30.3 
 24.3  24.8  24.4  24.5  24.3  24.3  24.3  24.1  24.1  24.0  23.9  24.2  24.0  23.9  24.3  24.2  24.0  23.9  24.0  24.1  24.0  24.1  24.2  24.1  24.4  24.1  24.3  24.3  24.7  26.1  29.4  30.3 
 24.5  24.3  24.4  24.4  24.5  24.4  24.1  24.3  24.1  23.9  24.1  24.3  24.1  23.9  24.1  24.1  24.2  23.9  23.9  24.0  24.1  24.0  24.0  24.2  24.2  24.1  24.4  24.6  24.4  24.6  28.0  29.6 
 24.4  24.3  24.6  24.4  24.4  24.2  24.3  24.1  24.1  24.1  24.2  24.0  24.1  24.0  24.0  24.1  24.1  24.1  24.1  24.0  23.9  24.0  24.2  24.1  24.0  24.1  24.4  24.4  24.4  24.8  27.5  28.8 
 24.7  24.3  24.5  24.7  24.4  24.2  24.2  24.2  24.1  23.8  24.0  24.1  24.1  23.9  24.0  24.2  24.0  23.9  24.1  24.0  24.3  24.0  24.2  24.2  24.2  23.9  24.2  24.4  24.5  24.3  25.3  26.7 
 24.6  24.5  24.6  24.7  24.0  24.2  24.1  24.2  23.9  24.0  24.0  24.1  24.0  23.9  23.9  23.9  24.0  24.1  24.1  24.1  24.2  24.2  24.3  24.4  24.3  24.0  24.6  24.3  24.1  24.3  24.9  25.0 
 24.6  24.5  24.5  24.6  24.4  24.0  24.3  24.2  24.2  23.9  24.2  24.0  24.1  23.8  24.1  24.2  24.1  24.0  24.3  24.3  24.2  24.2  24.1  24.2  24.4  24.1  24.4  24.3  24.5  24.5  24.5  24.6 
 24.3  24.3  24.4  24.5  24.2  24.2  24.3  24.2  24.0  24.0  24.1  24.2  24.0  24.1  24.0  24.0  23.9  24.1  24.2  24.3  24.2  24.3  24.2 nan  24.2  24.2  24.2  24.5  24.4  24.5  24.7  24.7 
 24.9  24.3  24.3  24.4  24.2  24.3  24.2  24.2  24.1  23.9  24.2  24.3  24.0  23.8  24.1  24.3  24.2  23.9  24.3  24.2  24.3  24.2  24.3  24.5  24.5  24.5  24.5  24.6  24.8  24.6  25.0  25.2 
 24.5  24.5  24.6  24.7  24.5  24.0  24.3  24.1  24.1  24.0  24.1  24.2  24.1  24.1  24.2  24.1  24.0  24.1  24.2  24.3  24.3  24.4  24.4  24.4  24.5  24.5  24.8  24.9  25.1  25.0  25.5  25.4 
 24.4  24.4  24.5  24.7  24.3  24.0  24.4  24.3  24.2  23.9  24.0  24.2  24.0  24.0  24.0  24.1  24.2  23.8  24.2  24.4  24.6  25.1  29.9  31.2  31.1  29.7  27.6  27.3  26.6  26.5  26.3  26.3 
 24.7  24.5  24.9  24.7  24.3  24.3  24.2  24.2  24.2  24.1  24.2  24.1  23.9  24.1  24.0  24.2  24.2  24.0  24.2  24.3  25.4  29.2  45.2  47.3  44.3  39.2  30.7  29.2  27.8  27.4  27.0  26.6 
 24.5  24.5  24.5  24.7  24.2  24.1  24.3  24.4  24.1  23.8  24.0  24.3  24.2  24.0  24.1  24.2  24.1  24.1  24.4  24.5  32.5  45.4  70.6  73.7  69.7  60.2  36.0  32.8  29.1  28.6  27.7  27.3 
 24.8  24.8  24.8  24.6  24.3  24.3  24.5  24.3  24.0  23.9  24.2  24.1  24.1  24.0  24.2  24.2  24.1  24.1  24.5  24.6  35.0  49.9  75.3  77.6  71.4  61.2  36.7  33.2  29.8  28.8  27.8  27.7 
 25.4  24.5  24.9  25.0  24.8  24.3  24.6  24.6  24.3  24.0  24.3  24.1  24.0  24.1  24.3  24.5  24.5  24.1  24.5  25.0  34.0  43.2  65.4  68.3  59.2  50.0  34.6  32.3  29.7  28.6  27.7  28.2 
 24.9  25.0  25.0  25.0  24.7  24.3  24.4  24.4  24.3  24.2  24.2  24.2  24.3  24.2  24.4  24.2  24.2  24.2  24.7  25.0  31.6  36.8  52.4  54.4  46.9  41.8  32.8  31.6  29.0  28.7  28.2  28.4 
 25.2  24.8  25.1  25.0  24.8  24.4  24.3  24.5  24.4  24.2  24.5  24.3  24.3  24.0  24.3  24.5  24.2  24.3  24.8  25.6  27.5  28.9  33.4  34.5  33.9  32.9  30.7  30.4  28.4  28.0  28.2  29.8 
 24.9  24.9  25.0  24.8  24.7  24.4  24.5  24.9  24.1  24.2  24.4  24.4  24.2  24.2  24.3  24.3  24.2  24.3  25.1  25.7  26.2  26.9  30.3  31.2  31.3  31.2  30.3  29.6  28.1  27.7  29.5  30.5 
 25.9  25.1  25.1  25.2  24.8  24.3  24.7  24.6  24.5  24.2  24.4  24.6  24.6  24.1  24.4  24.6  24.6  24.2  25.3  25.5  25.7  26.0  27.8  28.7  29.2  28.9  28.9  28.5  27.8  27.9  30.7  32.3 
 26.0  26.0  25.3  25.3  24.7  24.4  25.0  24.7  24.4  24.6  24.4  24.6  24.4  24.4  24.3  24.5  24.5  24.5  25.3  25.3  25.5  25.7  27.5  28.2  28.2  28.5  28.3  28.3  28.1  28.9  31.6  32.6 
