 24.5  24.2  24.1  24.3  24.2  24.4  24.3  24.7  23.9  24.0  24.2  24.3  24.1  24.0  24.0  24.4  23.9  24.2  24.3  24.1  23.9  24.1  24.1  24.3  24.1  24.5  27.9  29.0  29.7  30.0  29.7  30.0 
 24.7  24.0  24.3  24.3  24.6  24.0  24.7  24.2  24.1  24.0  24.2  24.0  24.0  23.8  24.2  23.9  24.0  23.9  24.4  23.9  24.2  23.9  24.3  24.4  24.2  24.2  26.2  27.8  29.5  29.1  30.2  29.5 
 24.1  24.1  24.4  24.4  24.1  24.2  24.2  24.2  23.8  24.0  24.0  24.3  24.0  23.9  24.1  24.2  23.9  23.8  23.9  24.2  23.9  24.0  24.0  24.3  24.0  24.3  24.8  25.2  26.7  27.2  28.1  27.4 
 23.9  23.8  24.6  24.2  24.2  23.9  24.5  24.2  24.3  23.8  24.3  24.0  23.9  23.7  24.1  24.2  24.1  23.8  24.2  24.1  24.0  24.0  24.2  24.1  24.1  23.9  24.7  24.5  25.0  25.6  26.8  26.2 
 24.2  24.5  24.4  24.5  24.3  24.2  24.2  24.4  24.1  23.9  24.0  24.1  24.0  23.8  23.9  24.0  23.9  23.8  23.9  24.1  23.9  24.0  24.2  24.2  24.0  24.1  24.1  24.7  24.2  24.3  24.5  25.1 
 24.2  24.1  24.7  24.1  24.4  24.2  24.3  24.0  24.1  24.0  24.1  23.9  23.9  23.7  24.0  24.0  24.0  23.8  24.0  24.0  24.0  23.9  24.2  24.1  24.2  23.8  24.3  24.2  24.2  24.3  24.6  24.3 
 24.3  24.3  24.1  24.5  24.2  24.1  24.1  24.4  23.8  23.8  24.0  24.0  23.9  23.9  23.8  24.2  23.8  24.0  23.9  24.0  24.1  24.0  24.2  24.1  24.0  24.0  24.3  24.3  24.2  24.3  24.3  24.7 
 24.7  24.0  24.4  24.3  24.3  24.1  24.2  23.9  23.9  23.6  24.1  24.0  24.1  23.7  24.2  24.2  24.1  23.9  24.2  24.1  24.2  23.8  24.2  24.1  23.9  24.0  24.3  24.0  24.6  24.1  24.7  23.5 
 24.4  24.5  24.4  24.5  24.1  24.1  24.1  24.3  23.9  23.9  24.1  24.0  23.9  23.9  23.9  24.1  23.9  23.9  24.1  24.1  24.1  24.2  24.1  24.3  24.2  24.0  24.1  24.3  24.1  24.1  24.2  24.8 
 24.6  24.2  24.6  24.3  24.3  24.1  24.2  24.1  24.1  23.6  24.1  24.0  24.0  23.6  24.0  23.9  24.1  23.9  24.3  24.2  24.1  24.0  24.3  24.2  24.2  24.0  24.5  24.3  24.1  24.1  24.8  24.4 
 24.5  24.2  24.3  24.5  23.9  24.1  24.0  24.3  24.0  24.0  24.0  24.1  23.8  23.8  24.1  24.1  24.0  24.0  24.1  24.3  24.0  24.1  24.2  24.4  24.2  24.0  24.1  24.2  24.1  24.0  24.3  24.8 
 24.5  24.3  24.3  24.2  24.1  23.9  24.1  23.9  24.0  23.9  24.1  24.1  24.0  23.8  24.1  23.9  24.0  23.8  24.3  24.1  24.2  24.1  24.3 nan  24.0  24.0  24.1  24.4  24.3  24.1  25.1  24.7 
 24.6  24.4  24.4  24.6  24.2  24.2  24.1  24.1  23.8  24.0  24.1  24.0  23.9  24.0  24.0  24.1  24.0  24.2  24.2  24.2  24.1  24.2  24.3  24.5  24.4  24.4  24.5  24.7  24.5  24.6  25.0  25.2 
 24.5  24.1  24.7  24.4  24.3  24.2  24.3  24.0  23.9  23.8  24.2  24.1  24.1  24.0  24.2  23.8  24.0  24.0  24.2  24.2  24.3  24.1  24.4  24.4  24.4  24.4  24.9  24.8  24.9  24.9  25.5  25.5 
 24.3  24.6  24.5  24.7  24.2  24.3  24.3  24.4  24.0  24.0  24.0  24.2  23.9  23.9  24.0  24.1  24.1  24.1  24.1  24.4  24.4  25.0  29.5  31.3  30.9  29.9  27.5  27.5  26.5  26.6  26.2  26.5 
 24.7  24.2  24.8  24.4  24.2  24.1  24.3  23.9  24.1  24.0  24.2  24.1  24.0  23.9  24.0  24.0  24.1  23.8  24.2  24.4  25.2  28.8  45.2  47.5  44.6  39.2  30.9  29.3  27.7  27.2  26.8  26.5 
 24.5  24.7  24.3  24.6  24.1  23.9  24.1  24.5  24.0  24.0  24.0  24.3  24.0  23.9  23.9  24.2  23.9  24.2  24.2  24.7  32.2  44.8  70.5  73.7  69.8  60.8  36.5  32.9  29.0  28.7  27.7  27.4 
 24.6  24.3  24.6  24.6  24.3  24.1  24.6  24.3  24.2  23.9  24.2  24.0  23.9  23.7  24.2  24.2  24.0  23.9  24.3  24.5  34.8  49.0  75.2  77.7  71.8  61.7  36.9  33.3  29.6  28.6  28.0  27.4 
 24.7  24.6  24.8  24.7  24.2  24.5  24.2  24.7  24.1  24.0  24.3  24.4  24.0  24.1  24.3  24.5  24.1  24.3  24.3  24.7  33.3  42.6  65.3  68.4  59.3  50.2  34.8  32.9  29.3  28.6  27.9  28.0 
 24.6  24.7  25.0  24.7  24.4  24.2  24.5  24.3  24.1  24.0  24.3  24.1  24.2  23.9  24.2  24.1  24.3  24.0  24.7  25.0  31.4  36.3  52.1  54.3  47.2  42.0  33.2  31.5  29.3  28.3  28.0  28.0 
 25.0  25.0  25.1  25.0  24.5  24.3  24.3  24.7  24.3  24.1  24.0  24.4  24.1  24.1  24.3  24.4  24.1  23.9  24.5  25.6  27.3  28.6  33.4  34.5  33.9  32.8  30.9  30.4  28.2  27.8  28.4  29.8 
 25.1  24.9  25.1  24.5  24.3  24.4  24.5  24.3  24.4  24.2  24.3  24.3  24.2  24.0  24.4  24.4  24.2  24.1  25.2  25.5  26.3  26.7  30.3  30.9  31.4  31.1  30.2  29.7  27.7  27.9  29.2  30.2 
 25.6  25.5  24.9  25.2  24.5  24.3  24.8  24.7  24.4  24.4  24.4  24.8  24.2  24.1  24.2  24.5  24.5  24.5  25.2  25.6  25.4  25.8  27.6  28.6  29.0  29.0  28.8  28.7  28.0  28.2  30.7  33.1 
 26.3  25.5  25.5  25.1  25.0  24.6  24.8  24.5  24.4  24.2  24.6  24.5  24.4  24.3  24.6  24.3  24.4  24.1  25.2  24.9  25.4  25.6  27.2  27.9  28.2  28.0  28.3  28.3  28.1  28.7  32.9  32.6 
