 25.0  24.0  24.3  24.0  24.2  24.3  24.7  24.6  24.1  23.8  24.4  24.2  24.1  23.7  24.0  24.3  23.8  23.8  24.0  24.1  24.1  24.0  24.3  24.1  24.2  24.1  27.5  28.3  30.4  30.1  29.7  29.1 
 24.1  24.2  24.1  24.5  24.3  24.2  24.6  24.6  24.1  24.2  24.1  24.1  23.8  24.1  24.0  24.3  23.8  24.0  24.0  24.3  24.0  24.2  24.0  24.4  23.9  24.5  26.0  27.7  29.7  30.0  29.1  28.5 
 24.4  23.8  24.4  24.3  24.4  23.8  24.4  24.5  24.1  23.7  24.0  24.2  24.2  23.8  24.1  24.1  24.0  23.8  24.0  24.1  24.1  23.9  24.2  24.3  24.4  24.1  24.7  24.9  26.2  26.7  26.0  26.1 
 24.1  23.8  24.3  24.5  24.3  24.1  24.4  24.5  23.9  24.2  24.2  24.1  23.8  24.0  24.1  24.2  23.9  23.9  24.0  24.2  23.9  24.2  24.0  24.1  23.9  24.3  24.5  24.4  24.7  25.0  25.2  25.1 
 24.4  24.2  24.6  24.5  24.5  24.0  24.2  24.4  24.1  23.7  24.0  24.0  23.7  23.7  24.0  23.9  24.0  23.8  24.2  24.1  23.9  24.0  24.2  24.1  24.3  23.8  24.5  24.4  24.4  24.1  24.8  25.1 
 24.0  24.0  24.6  24.7  24.2  24.3  24.3  24.5  23.8  24.1  23.9  24.1  23.9  23.9  23.9  24.1  24.0  23.9  24.1  24.2  23.9  23.7  24.2  24.3  24.2  24.0  24.1  24.5  24.0  24.3  24.5  24.7 
 24.5  24.2  24.7  24.4  24.4  24.2  24.0  24.2  23.9  23.8  24.0  24.1  24.0  23.8  24.0  24.1  23.9  23.9  24.1  24.1  24.2  24.0  24.2  24.3  24.3  23.9  24.2  24.5  24.2  23.9  24.5  24.7 
 24.1  24.1  24.2  24.6  24.3  24.1  24.2  24.3  23.9  23.9  23.9  24.2  23.7  24.0  23.8  24.1  23.9  23.9  24.0  24.2  23.8  23.9  24.1  24.2  24.0  24.0  24.3  24.4  24.2  24.2  24.2  23.9 
 24.7  24.2  24.7  24.4  24.1  24.0  24.3  24.3  24.1  23.8  24.1  24.0  24.0  23.9  23.9  24.1  24.1  23.9  24.1  24.1  24.2  23.9  24.3  24.2  24.3  24.0  24.2  24.3  24.3  24.0  24.4  24.3 
 24.3  24.2  24.5  24.6  24.1  24.2  24.3  24.3  23.9  24.0  24.0  24.2  23.9  23.8  24.0  24.0  23.7  23.9  24.1  24.2  24.1  24.2  24.1  24.2  24.2  24.2  24.4  24.7  24.1  24.2  24.7  24.7 
 24.7  24.4  24.6  24.5  24.2  23.9  24.2  24.1  24.0  23.8  24.0  24.0  24.2  23.7  24.0  24.1  24.0  23.9  24.2  24.1  24.3  24.0  24.2  24.3  24.3  23.9  24.3  24.5  24.4  24.0  24.7  24.8 
 24.3  24.3  24.4  24.5  24.0  24.2  24.1  24.3  23.9  24.0  24.2  24.1  23.8  23.9  24.1  24.0  23.9  24.1  24.2  24.2  24.0  24.1  24.2 nan  24.1  24.2  24.1  24.5  24.1  24.4  24.6  24.8 
 24.8  24.0  24.5  24.3  24.4  24.0  24.1  24.3  24.1  23.8  24.1  24.2  24.1  23.8  23.9  24.1  24.1  23.7  24.4  24.1  24.2  24.0  24.4  24.4  24.4  24.2  24.8  24.7  24.7  24.1  25.0  25.4 
 24.3  24.2  24.5  24.5  24.2  24.0  24.3  24.2  23.8  23.9  24.0  24.2  23.9  23.9  24.1  24.0  23.9  24.0  24.1  24.3  24.2  24.2  24.7  24.7  24.5  24.4  24.8  25.0  25.0  24.9  25.3  25.4 
 24.5  24.2  24.4  24.4  24.5  24.0  24.3  24.3  24.1  23.8  24.2  24.1  24.0  23.8  24.2  24.2  24.0  23.7  24.4  24.3  24.5  24.7  29.8  31.1  30.9  29.9  27.5  27.1  26.8  26.2  26.4  26.3 
 24.4  24.1  24.5  24.7  24.1  24.0  24.1  24.4  23.9  23.9  24.1  24.1  23.9  24.1  24.1  24.1  24.0  24.0  24.2  24.3  25.3  28.9  45.0  47.6  44.5  39.5  31.0  29.5  27.4  27.5  27.0  26.7 
 24.7  24.4  24.8  24.5  24.3  24.0  24.2  24.3  24.1  23.8  24.1  24.1  23.9  23.7  24.2  24.0  24.2  23.9  24.4  24.5  32.2  44.5  70.6  73.7  69.9  60.5  36.3  32.9  29.2  28.3  27.7  27.1 
 24.6  24.5  24.6  24.5  24.1  24.2  24.3  24.3  23.9  24.1  24.1  24.2  24.0  24.0  24.2  24.2  23.8  24.0  24.2  24.7  34.4  49.1  75.0  77.7  71.6  61.9  36.9  33.8  29.4  28.7  28.0  27.8 
 24.8  24.4  25.0  24.8  24.5  24.1  24.5  24.4  24.2  24.0  24.2  24.1  24.1  23.9  24.2  24.3  24.3  24.0  24.2  24.7  33.5  42.5  65.3  68.2  59.4  50.2  34.7  32.5  29.7  28.5  27.8  28.1 
 24.6  24.9  24.7  24.9  24.5  24.4  24.3  24.7  24.1  24.1  24.3  24.3  24.1  24.1  24.3  24.6  24.0  24.3  24.4  25.1  31.2  36.3  52.1  54.3  47.0  42.3  33.1  31.8  28.7  28.9  28.4  28.2 
 25.0  24.8  25.1  25.0  24.5  24.2  24.4  24.4  24.5  24.1  24.2  24.3  24.2  24.0  24.3  24.4  24.4  24.2  24.7  25.4  27.2  28.5  33.3  34.3  34.0  32.7  30.9  30.0  28.3  27.7  28.6  29.6 
 24.8  24.9  25.2  24.8  24.5  24.3  24.3  24.8  24.2  24.3  24.1  24.4  24.0  24.0  24.1  24.5  24.0  24.3  25.1  25.6  26.2  27.0  30.1  31.1  31.1  31.3  29.9  29.9  27.8  28.1  29.5  30.6 
 26.2  25.1  25.3  24.9  24.9  24.3  24.5  24.6  24.7  24.0  24.4  24.6  24.5  24.0  24.4  24.5  24.5  24.0  25.3  25.1  25.4  25.6  27.8  28.4  29.1  28.7  29.1  28.5  28.2  28.0  31.5  31.9 
 25.5  25.8  25.1  25.1  24.6  24.5  24.6  24.7  24.3  24.3  24.2  24.6  24.2  24.2  24.4  24.2  24.3  24.3  25.2  25.1  25.3  25.6  27.2  28.0  28.0  28.5  28.4  28.3  27.8  28.7  31.7  33.1 
