 23.9  23.4  23.8  23.7  23.1  22.6  23.0  22.7  22.7  22.3  23.1  22.7  22.7  22.4  22.8  22.9  22.5  22.3  23.0  22.8  22.5  22.6  23.0  23.0  22.9  22.7  23.6  24.0  23.5  22.9  24.3  25.4 
 23.4  23.3  23.5  23.8  23.1  23.0  22.9  23.0  22.5  22.7  22.8  23.2  22.6  22.8  22.9  22.9  22.5  22.6  22.9  22.9  22.6  22.6  23.2  23.1  22.6  23.0  23.8  24.4  23.6  23.6  24.0  25.0 
 23.3  22.9  23.4  23.5  22.8  22.4  23.1  22.9  22.8  22.6  23.0  22.6  22.7  22.6  22.8  22.8  22.7  22.4  22.7  22.9  22.7  22.4  22.8  23.0  22.9  22.6  23.5  23.4  23.0  22.9  23.4  23.7 
 23.0  23.2  23.3  23.7  22.7  22.4  22.9  23.3  22.9  22.8  23.0  22.9  22.5  22.5  22.8  22.7  22.5  22.6  23.0  22.7  22.5  22.6  23.0  23.0  22.8  22.8  23.4  23.2  22.9  23.4  23.6  24.0 
 23.4  23.2  23.4  23.5  22.9  22.6  23.2  23.2  23.4  23.2  23.1  22.9  22.7  22.4  22.9  22.7  22.6  22.4  22.7  22.7  22.7  22.5  22.9  23.0  22.6  22.5  23.3  23.0  23.2  22.9  23.4  23.4 
 22.7  23.2  23.6  22.9  22.5  23.1  23.1  23.2  23.5  24.1  23.2  23.0  22.6  22.6  22.7  22.8  22.5  22.6  22.8  22.7  22.5  22.5  22.9  23.0  22.9  22.5  23.0  23.2  22.8  23.3  23.5  23.5 
 22.9  22.9  23.2  23.1  22.9  22.7  23.3  23.4  25.4  26.6  24.2  23.3  22.8  22.6  22.7  22.8  22.7  22.5  22.7  22.6  22.8  22.5  23.0  23.2  23.0  22.5  23.1  23.1  23.0  22.7  23.0  23.0 
 23.2  23.0  23.0  23.5  22.9  23.0  23.4  23.6  25.7  27.5  24.6  23.3  22.6  22.8  22.7  22.9  22.7  22.6  22.7  22.8  22.5  22.7  23.0  23.0  22.6  22.8  23.0  23.4  23.0  22.9  23.3  22.7 
 23.7  23.1  23.4  23.2  22.9  22.7  23.2  23.2  23.3  23.4  23.2  23.0  22.8  22.6  22.8  22.9  22.7  22.5  23.0  22.9  22.8  22.6  22.9  23.0  22.8  22.6  23.2  23.1  23.0  22.9  23.7  23.3 
 23.4  23.4  23.7  23.6  23.1  22.9  23.2  23.2  23.0  23.0  22.8  23.0  22.7  22.7  22.8  22.9  22.7  22.6  22.9  22.8  22.5  22.7  23.0  23.1  22.7  22.8  23.2  23.4  23.0  23.1  23.4  23.4 
 23.9  24.1  24.1  24.1  23.9  23.6  23.5  23.2  23.1  22.9  23.2  23.0  22.8  22.5  22.8  22.8  22.7  22.5  23.0  22.7  22.7  22.5  22.9  22.8  22.9  22.6  23.7  23.8  23.8  23.3  23.4  23.5 
 24.2  23.9  24.4  24.8  24.4  24.6  24.3  23.8  23.0  23.0  23.0  23.0  22.6  22.7  22.8  23.0  22.6  22.7  22.8  23.0  22.6  22.7  22.9 nan  22.7  22.5  24.3  25.4  24.0  23.3  23.4  23.8 
 24.3  24.3  25.6  25.7  27.1  27.7  32.8  34.7  33.0  29.3  23.4  23.1  22.8  22.5  22.9  22.9  22.8  22.7  22.9  22.8  22.7  22.6  22.9  22.8  22.8  22.6  24.0  24.9  23.8  23.4  23.8  23.6 
 24.8  24.7  26.1  26.6  28.3  30.1  41.5  48.7  53.3  47.3  24.9  23.6  22.9  22.8  23.1  22.9  22.7  22.7  22.9  22.8  22.8  22.8  22.9  22.9  22.6  22.9  23.5  23.5  23.3  23.1  23.6  23.5 
 25.4  25.3  26.9  27.4  30.6  34.0  54.7  63.0  74.5  71.3  35.1  25.8  22.9  22.7  23.0  22.8  22.8  22.6  23.1  22.9  22.8  22.7  22.9  22.9  22.8  22.6  23.2  23.2  23.1  23.0  23.4  23.7 
 25.3  25.7  27.2  27.8  30.7  34.1  53.3  62.5  78.2  79.3  37.8  26.3  22.9  22.9  22.8  22.9  22.6  22.7  22.8  22.9  22.8  22.7  23.0  23.0  22.7  22.7  23.2  23.2  22.9  23.3  23.7  23.6 
 25.5  25.6  27.1  27.3  29.9  31.6  44.3  53.3  73.4  70.7  30.7  24.7  23.0  22.5  23.0  23.0  22.8  22.5  22.9  22.8  22.9  22.5  22.9  22.9  22.8  22.7  23.5  23.5  22.8  23.2  23.8  24.0 
 25.3  25.4  26.4  26.9  28.7  29.9  37.0  42.2  54.4  50.3  26.2  24.0  23.0  22.8  22.9  22.9  22.7  22.7  22.8  23.1  22.6  22.8  22.9  23.1  22.8  22.9  23.3  23.3  23.0  23.1  23.4  24.0 
 25.3  25.4  26.8  26.8  27.0  27.2  28.8  29.5  30.0  28.3  24.1  23.7  23.0  22.6  23.2  23.1  22.9  22.7  23.1  23.1  23.1  22.6  23.1  23.2  23.1  22.7  23.4  23.4  23.3  23.3  23.9  24.0 
 25.1  25.7  26.5  26.7  26.2  26.5  27.6  27.8  26.9  26.3  23.9  23.7  22.8  22.9  23.2  23.1  22.7  22.9  23.2  23.0  22.6  22.8  23.3  23.1  22.8  23.1  23.1  23.5  23.2  23.5  24.4  24.7 
 25.6  25.1  26.0  26.0  25.7  25.4  26.1  25.6  25.5  24.5  23.7  23.6  23.0  22.9  23.3  23.1  23.0  22.8  23.0  23.1  22.9  22.6  23.1  23.2  23.1  22.7  23.4  23.5  23.8  23.9  25.4  25.8 
 25.1  25.2  25.8  26.1  25.4  25.3  25.7  25.7  24.7  24.5  23.8  23.8  23.0  23.1  22.9  23.2  22.9  22.9  23.1  23.2  23.0  23.2  23.4  23.2  22.8  23.3  23.6  24.0  24.4  24.9  25.9  26.2 
 26.2  25.5  25.7  25.8  25.3  24.5  25.2  24.8  24.5  23.9  23.9  24.0  23.3  23.1  23.5  23.3  23.4  22.9  23.5  23.5  23.4  22.6  23.5  23.7  23.8  23.3  25.5  26.0  26.5  25.8  27.1  27.5 
 26.2  26.3  25.6  25.7  25.0  25.1  25.2  25.0  24.0  24.1  23.9  23.9  23.1  23.2  23.4  23.3  23.0  23.2  23.4  23.5  23.1  23.2  24.0  24.2  24.3  24.9  26.6  27.0  26.0  26.0  27.4  27.4 
