 24.8  24.0  24.3  24.3  24.5  24.1  24.6  24.3  24.2  24.0  24.4  24.2  23.8  23.8  24.1  24.2  24.1  24.0  24.4  24.1  23.9  24.1  24.7  24.4  24.6  25.5  29.5  30.5  31.2  30.9  30.2  29.7 
 24.5  24.0  24.3  24.6  24.4  24.2  24.3  24.7  24.1  24.0  24.1  24.2  24.0  23.9  24.3  24.1  23.9  23.7  24.3  24.3  24.2  23.9  24.3  24.5  24.4  24.8  29.0  30.3  30.5  30.6  30.2  29.5 
 24.3  24.3  24.4  24.3  24.4  24.1  24.6  24.1  24.0  24.2  24.1  24.2  23.9  24.0  24.3  24.1  24.0  23.8  24.2  24.2  24.0  23.9  24.2  24.3  24.1  24.3  26.8  28.4  28.2  28.5  28.3  27.6 
 23.9  24.0  24.4  24.5  24.1  24.2  24.4  24.4  24.1  23.8  24.2  24.0  23.8  23.9  23.9  24.0  23.9  23.6  24.3  24.3  23.7  24.1  24.1  24.3  24.2  24.1  25.5  26.4  26.7  26.2  27.0  26.4 
 24.5  24.5  24.6  24.6  24.6  24.2  24.3  24.3  24.0  23.8  24.2  24.0  23.9  23.8  24.2  24.1  23.8  23.7  24.1  24.2  24.0  24.0  24.3  24.2  24.0  23.9  24.5  24.6  24.5  24.4  24.9  24.9 
 24.4  24.0  24.3  24.7  24.3  24.3  24.2  24.4  24.1  23.9  23.9  24.0  23.8  23.9  24.2  24.1  23.8  23.8  24.0  24.1  23.9  23.9  24.0  24.3  24.2  23.9  24.3  24.3  24.4  24.2  24.8  24.7 
 24.3  24.0  24.5  24.6  24.2  24.1  24.5  24.2  24.1  24.0  24.1  24.3  23.8  23.8  24.1  24.2  23.9  24.0  24.3  23.9  24.1  24.0  24.3  24.1  24.0  24.0  24.4  24.2  24.2  23.9  24.6  24.7 
 24.4  24.2  24.2  24.7  24.4  24.1  24.1  24.4  24.0  23.9  24.0  24.1  23.9  23.8  23.9  24.2  23.9  23.8  24.1  24.3  24.1  23.8  24.1  24.4  24.2  23.9  24.4  24.5  24.3  23.9  24.2  23.8 
 24.7  24.3  24.8  24.4  24.0  24.2  24.2  24.1  23.9  23.8  24.3  24.1  24.0  23.9  24.2  24.0  24.0  23.9  24.5  24.2  24.1  24.0  24.4  24.2  24.1  24.2  24.6  24.6  24.4  24.1  24.6  24.5 
 24.6  24.2  24.6  24.8  24.2  24.2  24.2  24.1  23.8  24.0  24.2  24.3  23.8  23.8  24.1  24.2  23.8  23.9  24.1  24.3  24.2  24.2  24.0  24.2  24.2  24.1  24.3  24.4  24.2  24.1  24.3  24.6 
 24.5  24.4  24.7  24.4  24.3  24.2  24.1  24.3  24.2  23.9  24.0  24.1  23.8  23.8  24.1  24.0  23.9  23.9  24.3  24.3  24.2  24.1  24.2  24.3  24.2  24.0  24.3  24.4  24.3  24.3  24.6  24.8 
 24.3  24.2  24.4  24.4  24.0  24.1  24.2  24.2  24.1  23.8  24.2  24.2  23.9  23.8  24.0  24.1  24.0  24.0  24.2  24.3  24.1  24.2  24.2 nan  24.1  24.1  24.2  24.4  24.2  24.1  24.5  24.9 
 24.4  24.4  24.5  24.7  24.1  24.2  24.3  24.1  23.9  23.8  24.3  24.1  24.0  23.9  24.2  24.2  24.0  24.1  24.4  24.3  24.2  24.2  24.4  24.6  24.3  24.4  25.0  24.6  24.5  24.6  25.1  25.4 
 24.3  24.5  24.4  24.6  24.2  24.2  24.2  24.2  24.1  23.7  24.0  24.2  24.1  23.9  24.1  24.2  23.9  24.0  24.2  24.4  24.3  24.2  24.5  24.6  24.5  24.5  24.8  25.2  25.1  25.2  25.5  25.5 
 24.4  24.3  24.6  24.4  24.2  24.2  24.4  24.2  24.0  23.9  24.2  24.2  23.9  23.7  24.3  24.1  24.0  23.9  24.4  24.2  24.5  24.8  29.9  31.0  30.9  30.0  27.6  27.4  26.5  26.3  26.3  26.3 
 24.2  24.4  24.5  24.7  24.2  24.2  24.4  24.1  24.0  23.8  24.1  24.3  24.1  23.9  24.1  24.1  23.9  23.9  24.1  24.4  25.4  28.8  45.2  47.5  44.4  39.3  30.8  29.5  27.7  27.2  27.0  27.0 
 24.7  24.4  24.8  24.6  24.2  24.0  24.4  24.6  23.9  24.0  24.0  24.0  24.0  23.9  24.2  23.9  24.0  24.0  24.5  24.5  32.0  44.9  70.7  73.7  70.0  60.6  36.5  32.9  28.9  28.5  27.8  27.3 
 24.8  24.3  24.6  24.6  24.3  24.1  24.4  24.3  23.9  24.0  24.2  24.0  24.1  23.9  24.1  24.3  23.9  23.9  24.5  24.8  34.7  49.2  75.2  77.8  71.8  61.6  37.0  33.5  29.6  28.6  27.9  27.7 
 25.1  24.6  24.8  24.7  24.6  24.2  24.6  24.6  24.2  24.1  24.4  24.1  23.9  24.0  24.4  24.2  24.2  24.3  24.6  24.7  33.5  42.6  65.4  68.4  59.2  50.3  35.0  32.6  29.3  28.8  28.1  28.2 
 24.6  24.7  24.9  24.8  24.6  24.3  24.4  24.4  24.1  24.2  24.2  24.3  24.0  24.0  24.2  24.2  24.2  24.1  24.5  25.3  31.4  36.5  52.2  54.5  47.0  42.0  33.0  31.7  29.0  28.6  28.2  28.6 
 25.0  24.7  25.1  25.0  24.4  24.3  24.5  24.4  24.3  24.0  24.4  24.4  24.3  24.1  24.2  24.3  24.1  24.3  24.7  25.5  27.2  28.5  33.5  34.4  33.9  32.8  31.3  30.3  28.4  28.0  28.6  29.6 
 25.0  24.9  24.8  24.8  24.5  24.2  24.4  24.9  24.3  24.1  24.1  24.6  24.0  24.0  24.3  24.4  24.1  24.2  25.0  25.6  26.4  26.9  30.1  31.0  31.4  31.4  30.2  29.6  28.1  27.7  29.5  30.5 
 25.9  25.5  25.1  24.9  24.7  24.3  24.9  24.4  24.4  24.3  24.6  24.4  24.3  24.1  24.4  24.7  24.5  24.3  25.3  25.2  25.5  25.9  27.9  28.5  28.7  28.7  29.2  28.8  27.7  28.0  31.1  32.3 
 26.0  25.2  25.1  25.4  24.6  24.6  24.7  24.7  24.2  24.3  24.4  24.7  24.4  24.0  24.6  24.6  24.4  24.5  25.2  25.1  25.5  25.7  27.5  27.8  28.2  28.2  28.5  28.6  28.2  28.7  31.3  33.5 
