 25.2  24.5  24.1  24.6  24.6  24.7  24.5  24.6  24.3  24.1  24.3  24.6  24.3  23.9  24.1  24.3  24.1  23.9  23.9  24.5  24.1  24.2  24.2  24.6  24.5  24.7  28.7  29.5  30.9  31.2  30.9  30.4 
 24.4  24.4  24.5  24.4  24.5  24.5  24.6  24.4  24.1  24.0  24.4  24.1  24.1  24.1  24.4  24.0  24.2  24.0  24.4  24.1  24.3  24.1  24.4  24.1  24.4  24.7  28.3  28.9  30.4  30.6  30.9  29.8 
 24.5  24.2  24.5  24.7  24.6  24.2  24.2  24.4  24.3  23.9  24.1  24.4  24.1  24.1  24.2  24.2  24.0  23.9  23.9  24.5  24.2  24.1  24.1  24.5  24.3  24.4  25.4  27.3  28.8  29.5  29.2  28.7 
 24.0  24.3  24.7  24.5  24.3  24.4  24.3  24.3  24.1  24.0  24.3  24.1  23.9  24.1  24.2  24.1  24.2  24.0  24.4  24.0  24.0  24.2  24.4  24.2  24.2  24.2  25.3  25.1  27.4  27.5  27.8  26.4 
 24.3  24.3  24.4  24.6  24.7  24.3  24.2  24.4  24.4  24.1  24.0  24.2  24.0  24.0  23.8  24.1  24.1  24.0  24.0  24.3  24.1  24.0  24.1  24.4  24.3  24.2  24.4  24.5  24.5  24.5  24.7  25.0 
 24.1  24.4  24.6  24.5  24.5  24.3  24.5  24.2  24.2  24.0  24.2  24.0  24.2  24.0  24.1  24.1  24.3  23.9  24.1  24.0  24.1  24.1  24.4  24.2  24.4  24.2  24.3  24.4  24.5  24.9  24.6  24.6 
 24.5  24.4  24.4  24.7  24.5  24.2  24.2  24.4  24.2  23.9  24.0  24.3  24.1  23.9  24.0  24.0  24.1  24.0  24.0  24.0  24.2  23.9  24.1  24.2  24.3  24.0  24.2  24.4  24.4  24.4  24.5  24.6 
 24.5  24.5  24.5  24.6  24.2  24.2  24.4  24.2  23.9  24.0  24.2  24.0  24.1  23.9  24.2  23.9  24.1  24.1  24.0  24.0  24.1  24.1  24.3  23.9  24.1  24.0  24.3  24.2  24.4  24.3  24.6  23.8 
 24.9  24.1  24.5  24.5  24.3  23.9  24.2  24.3  24.2  23.9  24.1  24.1  24.1  24.0  24.0  24.1  24.1  24.1  24.1  24.3  24.2  24.1  24.2  24.5  24.3  24.4  24.2  24.6  24.2  24.4  24.2  24.7 
 24.7  24.6  24.7  24.4  24.4  24.3  24.3  24.2  24.2  23.9  24.2  24.1  24.0  23.8  24.1  23.9  24.0  24.0  24.2  24.1  24.2  24.2  24.3  24.2  24.4  24.1  24.4  24.2  24.3  24.2  24.6  24.5 
 24.9  24.3  24.2  24.6  24.3  24.3  24.0  24.3  24.1  24.2  24.0  24.2  24.2  24.0  24.0  24.3  24.1  23.8  24.2  24.3  24.3  24.1  24.3  24.3  24.4  24.1  24.3  24.5  24.7  24.3  24.5  24.9 
 24.6  24.6  24.5  24.2  24.2  24.3  24.2  24.0  24.2  23.9  24.2  24.2  24.1  24.0  24.2  24.1  24.1  24.2  24.2  24.2  24.3  24.2  24.4 nan  24.2  24.3  24.2  24.4  24.4  24.3  24.9  25.0 
 24.9  24.1  24.4  24.5  24.4  24.1  24.2  24.3  24.1  24.1  24.1  24.3  24.1  24.0  24.1  24.3  24.1  24.0  24.2  24.2  24.2  24.2  24.2  24.7  24.5  24.5  24.4  24.7  24.7  24.9  25.0  25.3 
 24.4  24.5  24.4  24.2  24.3  24.2  24.2  24.2  23.9  24.0  24.3  24.1  24.0  24.0  24.2  23.9  24.0  24.1  24.2  24.1  24.4  24.3  24.6  24.4  24.6  24.7  25.0  24.8  25.2  25.2  25.4  25.2 
 24.7  24.7  24.5  24.8  24.4  24.4  24.4  24.3  24.1  23.8  24.0  24.3  24.1  24.0  24.0  24.3  24.1  24.1  24.2  24.5  24.5  25.0  29.7  31.4  31.0  29.9  27.5  27.5  26.8  26.4  26.3  26.4 
 24.8  24.5  24.7  24.5  24.3  24.2  24.4  24.1  24.0  24.0  24.2  24.1  24.1  24.2  24.1  24.2  24.1  24.0  24.2  24.3  25.3  29.1  45.3  47.5  44.6  39.3  30.8  29.4  27.9  27.3  27.1  26.3 
 24.6  24.3  24.3  24.6  24.6  24.2  24.2  24.5  24.2  24.1  23.8  24.2  24.0  24.1  24.1  24.3  24.1  24.0  24.3  24.8  32.1  44.9  70.5  73.7  70.0  60.7  36.3  32.7  29.3  28.5  27.5  27.4 
 24.6  24.5  24.7  24.3  24.4  24.2  24.5  24.3  24.2  24.3  24.2  24.0  24.2  24.0  24.2  24.1  24.2  24.1  24.3  24.6  34.8  49.2  75.3  77.8  71.8  61.7  37.1  33.4  29.8  28.6  28.1  27.4 
 24.9  24.7  24.8  24.8  24.6  24.6  24.4  24.7  24.4  24.2  24.0  24.4  24.2  24.1  24.1  24.4  24.3  24.2  24.4  25.1  33.6  42.6  65.3  68.5  59.3  50.4  34.9  32.6  29.8  28.8  27.7  28.3 
 24.7  25.0  24.9  24.7  24.5  24.3  24.8  24.1  24.2  24.2  24.4  24.1  24.2  24.2  24.3  24.1  24.3  24.1  24.8  25.1  31.6  36.4  52.2  54.3  47.1  42.3  33.2  31.3  29.2  28.7  28.3  28.6 
 25.5  24.9  24.9  25.4  24.8  24.4  24.3  24.7  24.4  24.2  24.3  24.5  24.2  24.2  24.2  24.6  24.2  24.3  24.5  25.6  27.6  28.8  33.1  34.4  34.0  33.1  30.7  30.5  28.7  27.9  28.0  30.0 
 25.3  25.4  25.3  25.0  24.7  24.6  24.6  24.7  24.4  24.4  24.4  24.4  24.2  24.2  24.5  24.4  24.3  24.3  25.0  25.4  26.3  27.0  30.2  30.9  31.6  31.5  30.2  29.5  28.2  28.1  29.6  30.2 
 26.1  25.4  25.0  25.1  24.8  24.6  24.5  24.7  24.5  24.5  24.3  24.6  24.4  24.3  24.3  24.6  24.5  24.2  25.2  25.6  25.6  25.8  27.9  28.7  29.1  29.0  28.8  29.1  28.4  27.8  30.7  33.3 
 25.9  26.0  25.4  25.2  24.7  24.7  24.8  24.5  24.5  24.3  24.5  24.2  24.4  24.5  24.6  24.4  24.6  24.5  25.6  25.3  25.6  25.8  27.5  27.9  28.4  28.3  28.4  28.4  28.3  28.6  31.8  32.6 
