 24.8  24.4  23.7  24.1  24.3  24.4  24.5  24.1  24.2  24.3  24.0  24.2  24.1  24.1  24.0  24.4  24.0  24.3  24.1  24.1  24.1  24.2  24.4  24.1  24.1  24.5  24.6  24.8  26.8  27.6  27.9  29.0 
 24.7  23.8  24.4  24.1  24.6  24.1  24.3  24.4  24.1  24.0  24.2  24.2  24.0  23.7  24.1  24.1  24.2  23.9  24.3  24.0  24.3  23.8  24.2  24.3  24.4  24.3  24.7  24.5  26.7  27.6  28.5  28.7 
 24.1  24.3  24.4  24.3  24.2  24.4  24.2  24.2  23.9  24.1  24.0  24.2  23.9  24.2  24.0  24.3  24.0  24.0  23.9  24.2  23.8  24.0  24.0  24.3  24.1  24.4  24.4  24.6  25.4  27.8  29.7  29.8 
 24.4  23.8  24.3  24.8  24.6  23.9  24.1  24.1  24.3  23.7  24.2  24.1  24.0  23.7  24.1  23.9  24.1  23.7  24.0  24.2  24.3  24.0  24.1  23.9  24.4  24.2  24.5  24.4  26.2  27.3  30.6  30.6 
 24.3  24.8  24.4  24.8  24.2  24.4  24.2  24.3  24.1  24.2  23.8  24.2  23.7  24.0  23.9  24.2  23.9  23.7  23.9  24.0  24.1  24.2  24.0  24.2  24.0  24.4  24.3  24.6  25.4  27.6  29.8  30.7 
 24.5  24.0  24.6  24.3  24.4  24.0  24.3  24.0  24.1  24.0  24.2  24.1  24.0  23.9  24.0  24.0  24.2  23.9  24.2  23.9  24.1  23.8  24.1  24.1  24.4  23.7  24.3  24.6  25.4  25.9  29.7  30.2 
 24.0  24.4  24.4  24.7  24.2  24.4  23.9  24.1  23.9  24.1  24.0  24.2  24.0  24.0  23.9  24.1  23.7  23.9  23.9  24.2  24.0  24.0  24.2  24.1  24.0  24.1  24.1  24.7  24.4  24.9  27.7  29.1 
 24.9  24.0  24.3  24.3  24.6  24.1  24.3  24.1  24.1  23.8  24.2  24.0  24.1  23.8  24.1  23.8  24.0  23.9  24.0  24.0  24.1  23.9  24.2  24.0  24.1  23.8  24.4  24.4  24.6  24.2  26.3  26.0 
 24.6  24.3  24.5  24.4  24.0  24.3  24.0  24.2  23.9  24.2  24.0  24.1  23.9  24.1  24.0  24.1  23.8  24.0  24.2  24.1  24.0  24.3  24.1  24.3  24.2  24.3  24.2  24.4  24.2  24.3  24.5  24.6 
 24.7  24.3  24.5  24.3  24.6  23.9  24.2  24.1  24.0  23.9  24.1  24.2  24.0  23.8  24.1  23.9  24.2  23.9  24.2  24.2  24.3  23.9  24.0  24.2  24.3  24.2  24.5  24.5  24.2  24.3  24.6  24.6 
 24.5  24.7  24.3  24.4  24.0  24.2  24.1  24.0  23.9  24.0  24.2  24.2  23.8  24.1  24.1  24.2  23.9  24.0  24.2  24.3  24.1  24.3  24.1  24.3  24.1  24.2  24.2  24.4  24.2  24.4  24.5  24.8 
 24.8  24.2  24.3  24.5  24.4  24.2  24.2  24.2  24.2  23.9  24.1  24.1  24.2  23.8  24.0  23.9  24.2  24.0  24.1  24.1  24.4  24.2  24.2 nan  24.2  24.2  24.1  24.3  24.5  24.1  24.6  24.6 
 24.3  24.6  24.4  24.7  24.1  24.2  24.1  24.1  23.8  24.2  24.2  24.1  24.0  24.0  24.2  24.3  23.9  24.2  24.2  24.3  24.1  24.3  24.3  24.3  24.4  24.5  24.4  24.5  24.4  24.8  25.3  25.1 
 24.8  24.2  24.8  24.5  24.5  24.1  24.3  24.1  24.3  23.7  24.1  24.1  24.2  24.0  24.2  24.0  24.2  24.0  24.1  24.3  24.4  24.1  24.6  24.4  24.6  24.3  24.9  24.9  25.2  24.5  25.3  25.4 
 24.3  24.7  24.4  24.6  24.1  24.4  24.3  24.3  23.9  24.2  24.0  24.2  24.0  23.9  24.0  24.1  24.2  24.1  24.2  24.4  24.6  25.2  29.8  31.0  30.8  30.0  27.3  27.5  26.6  26.6  26.0  26.2 
 24.9  24.1  24.6  24.4  24.5  23.9  24.2  24.2  24.2  24.0  24.1  24.1  24.2  24.0  24.1  24.1  24.1  23.9  24.3  24.4  25.6  29.1  45.2  47.2  44.3  38.9  30.7  29.2  27.7  27.2  26.8  26.5 
 24.7  24.7  24.6  24.5  24.3  24.1  24.3  24.5  24.0  24.0  24.0  24.2  24.0  23.9  24.1  24.1  24.0  24.2  24.3  24.5  32.4  45.5  70.5  73.6  69.4  60.3  35.9  32.7  28.9  28.7  27.3  27.1 
 25.0  24.3  24.6  24.5  24.4  24.0  24.3  24.2  24.2  23.8  24.0  24.1  24.3  23.8  24.1  24.2  24.2  24.0  24.3  24.5  35.1  49.9  75.1  77.6  71.4  60.9  36.8  33.0  29.7  28.5  27.7  27.2 
 24.9  24.9  24.8  24.9  24.5  24.5  24.5  24.6  24.1  24.1  24.2  24.1  23.9  24.1  24.3  24.4  24.1  24.5  24.4  24.8  33.9  43.2  65.5  68.4  59.0  49.9  34.5  32.6  29.6  28.9  27.6  27.7 
 25.3  24.5  24.4  24.7  25.0  24.2  24.6  24.2  24.5  23.9  24.3  24.2  24.3  24.0  24.4  24.2  24.3  23.9  24.5  25.1  31.8  36.8  52.4  54.3  47.0  41.8  33.0  31.5  29.1  28.1  28.2  28.4 
 25.2  25.0  25.1  24.9  24.5  24.3  24.3  24.5  24.3  24.3  24.2  24.3  24.2  24.2  24.3  24.4  24.0  24.3  24.7  25.6  27.2  28.9  33.3  34.4  33.6  33.0  30.7  30.3  28.2  28.2  28.4  29.3 
 25.4  24.9  25.0  24.8  24.7  24.4  24.4  24.5  24.6  24.1  24.2  24.4  24.2  24.1  24.4  24.4  24.4  24.2  25.0  25.6  26.6  26.9  30.1  31.0  31.6  31.0  29.9  29.3  28.6  27.6  29.7  29.9 
 25.9  25.7  25.2  25.4  24.8  24.6  24.4  24.4  24.3  24.4  24.3  24.5  24.3  24.2  24.2  24.4  24.1  24.4  25.3  25.4  25.7  26.1  27.5  28.6  28.8  29.2  28.9  28.7  28.0  28.6  30.4  31.5 
 26.6  25.0  25.1  25.1  24.9  24.3  25.0  24.5  24.7  24.2  24.4  24.5  24.6  24.1  24.4  24.5  24.7  24.3  25.1  25.1  25.9  25.5  27.1  28.0  28.5  27.9  28.5  28.3  28.4  28.4  31.7  32.1 
