 24.3  23.7  23.8  24.0  23.2  23.0  22.9  23.1  22.6  22.6  23.0  23.0  22.5  22.7  22.8  23.0  22.8  22.6  22.9  23.0  22.7  22.8  23.5  25.7  28.2  27.7  27.4  27.5  27.6  27.7  28.4  29.3 
 23.7  23.1  23.8  23.8  23.1  22.7  23.0  23.0  22.6  22.7  22.9  22.8  22.7  22.6  23.0  22.7  22.5  22.3  23.0  22.8  22.7  22.6  23.6  24.8  27.9  28.0  27.5  27.6  27.5  27.8  28.7  28.7 
 23.4  23.1  23.4  23.6  23.1  22.5  22.9  23.0  22.9  22.7  22.8  23.0  22.5  22.7  22.9  22.9  22.6  22.5  22.8  23.0  22.5  22.6  23.1  24.1  27.3  27.1  27.5  27.7  28.6  28.6  28.1  28.5 
 23.4  23.0  23.6  23.5  22.8  22.5  23.2  23.0  22.9  22.6  23.1  22.8  22.6  22.5  22.6  22.8  22.7  22.4  23.0  22.8  22.7  22.6  23.3  23.4  26.1  26.6  27.6  27.9  28.3  28.1  28.2  28.9 
 23.2  23.2  23.2  23.6  22.7  22.8  22.9  23.2  23.1  23.2  22.9  23.1  22.5  22.5  22.7  22.8  22.5  22.4  22.8  22.9  22.7  22.6  22.8  23.2  24.6  25.6  27.9  28.3  27.8  27.9  28.8  29.0 
 23.2  22.8  23.4  22.9  22.8  22.8  23.1  23.2  23.6  23.8  23.2  23.1  22.5  22.5  22.8  22.8  22.6  22.5  22.9  22.7  22.7  22.7  23.3  23.0  24.1  24.9  27.6  27.9  28.0  28.0  29.2  29.0 
 23.3  23.0  23.2  23.4  22.9  22.7  23.3  23.6  25.3  26.7  24.2  23.4  22.7  22.6  22.6  22.8  22.7  22.7  22.7  22.8  22.8  22.6  22.9  23.0  23.0  22.8  24.1  24.8  26.7  27.5  28.9  29.3 
 23.4  22.9  23.3  23.4  22.8  23.0  23.3  23.6  26.1  27.7  24.9  23.2  22.6  22.6  22.8  22.6  22.7  22.7  22.9  22.7  22.9  22.7  23.2  23.0  22.8  22.8  23.6  23.7  26.3  27.7  28.8  28.0 
 23.4  23.3  23.2  23.5  22.8  22.9  23.3  23.2  23.5  23.6  23.0  23.1  22.6  22.7  22.7  22.9  22.7  22.6  22.9  22.9  22.6  22.7  22.9  23.0  22.8  23.0  23.4  24.2  28.5  29.5  31.1  31.3 
 23.6  23.1  23.7  23.2  23.0  22.8  23.1  22.9  22.8  23.0  22.9  23.0  22.5  22.5  22.7  22.8  22.8  22.7  23.0  22.9  22.8  22.6  23.1  23.0  23.1  23.0  24.3  25.9  29.0  30.3  32.0  31.8 
 23.8  23.6  23.8  24.1  23.5  23.0  23.1  23.2  22.7  22.9  22.9  22.8  22.6  22.7  22.7  23.0  22.7  22.9  22.9  22.9  22.8  22.8  22.8  23.2  22.9  23.2  26.1  28.1  30.7  31.1  31.9  31.7 
 23.6  23.7  24.2  24.2  24.0  23.7  23.5  23.4  22.8  22.7  22.9  22.9  22.8  22.6  22.9  23.0  22.7  22.7  22.9  22.9  22.7  22.7  23.3 nan  22.9  23.4  27.7  29.0  31.0  31.2  31.0  30.3 
 24.5  24.3  25.0  25.5  26.1  26.5  28.9  29.5  27.3  25.9  23.0  23.1  22.8  22.6  22.8  22.9  22.8  22.6  22.8  22.8  22.7  22.6  23.0  23.1  23.1  24.1  28.8  30.0  30.7  30.4  29.3  29.0 
 24.6  24.9  26.0  26.1  27.5  28.6  36.6  41.9  44.2  38.6  24.0  23.2  22.9  22.7  23.0  22.9  22.7  22.6  23.0  22.7  22.8  22.7  23.1  23.1  23.4  24.1  28.9  29.9  30.8  31.1  30.1  30.0 
 25.1  25.3  26.5  27.3  29.9  32.5  51.4  60.0  70.4  66.9  33.4  25.7  22.8  22.7  23.0  22.9  22.8  22.6  22.7  22.9  22.7  22.7  23.1  23.1  22.9  24.1  29.1  30.4  31.2  31.0  31.1  30.9 
 25.5  25.4  27.1  27.5  30.3  33.3  52.1  60.8  75.9  75.2  38.0  26.2  23.0  22.7  23.0  22.9  22.7  22.5  22.9  22.8  22.7  22.7  23.1  23.1  23.0  23.7  28.9  30.1  31.0  30.7  29.2  28.4 
 25.4  25.5  26.8  27.4  29.5  31.9  45.8  55.4  78.4  78.1  33.5  25.4  22.8  22.8  22.8  23.0  22.9  22.8  22.9  23.1  22.7  22.7  22.9  23.2  22.9  23.3  25.6  26.9  26.9  26.7  25.7  25.8 
 25.2  25.3  26.4  26.7  28.7  30.0  38.9  45.2  61.0  58.0  27.9  24.3  23.0  22.9  23.2  23.2  22.9  22.8  23.1  23.1  22.8  22.8  23.2  23.2  23.0  22.9  24.5  24.9  25.2  24.9  25.4  25.4 
 25.7  25.7  26.5  26.8  27.2  27.3  29.4  31.2  32.2  30.2  24.3  23.5  22.7  23.0  23.1  23.2  22.9  22.9  23.1  23.1  23.0  22.9  23.0  23.4  23.1  23.0  23.5  23.9  24.2  24.1  24.8  25.2 
 25.4  25.5  26.5  26.6  26.3  26.5  28.1  28.2  28.0  27.1  24.0  23.7  22.9  22.7  23.3  23.1  22.9  22.8  23.3  23.0  23.0  22.8  23.1  23.4  23.0  22.9  23.6  23.6  23.5  24.0  24.9  25.3 
 25.7  25.6  26.0  26.0  25.8  25.7  26.0  26.4  25.5  25.0  23.8  23.8  23.2  22.9  23.3  23.2  22.8  22.9  23.1  23.4  22.9  22.7  23.3  23.4  23.3  23.1  23.4  23.9  23.9  23.7  24.9  25.9 
 25.8  25.2  25.8  25.7  25.5  25.2  25.8  25.7  25.0  24.7  23.9  23.8  23.1  23.1  23.2  23.2  23.1  22.9  23.4  23.3  23.0  22.9  23.5  23.5  23.0  23.0  23.9  23.7  23.8  24.2  25.5  25.9 
 26.6  25.5  25.7  26.0  25.1  25.0  25.2  25.2  24.6  24.0  24.0  24.0  23.2  23.1  23.2  23.5  23.1  22.8  23.4  23.4  23.4  23.0  23.5  24.0  23.3  23.3  24.5  24.8  24.3  24.5  26.9  28.3 
 26.4  25.9  25.6  25.3  25.1  25.0  25.1  25.1  24.0  23.9  23.9  24.0  23.5  23.1  23.6  23.4  23.0  23.2  23.5  23.2  23.2  23.1  23.6  23.6  23.8  23.7  24.9  25.0  25.0  24.9  27.4  27.4 
