 24.5  24.2  24.4  24.5  24.3  24.6  24.5  24.5  23.9  23.9  24.3  24.4  23.8  23.9  24.1  24.2  23.8  24.0  24.2  24.4  23.9  24.0  24.1  24.4  24.2  24.3  24.7  24.8  26.1  27.2  28.9  29.0 
 24.5  24.0  24.4  24.3  24.3  24.2  24.6  24.3  24.3  24.0  24.2  24.3  24.0  23.8  24.2  24.0  24.0  23.7  24.1  24.2  24.1  23.9  24.4  24.2  24.2  24.2  24.4  24.5  25.8  27.4  28.7  29.2 
 24.1  24.3  24.5  24.4  24.2  24.2  24.3  24.2  23.8  23.7  24.1  24.1  23.8  23.9  23.9  24.2  23.8  24.0  24.0  24.3  24.0  24.0  24.1  24.3  24.1  24.3  24.5  24.6  26.4  26.7  30.5  30.0 
 24.0  23.8  24.3  24.7  24.4  23.9  24.4  24.2  24.3  23.8  24.1  24.2  24.0  23.8  24.1  24.2  24.0  23.7  24.1  24.2  23.9  23.9  24.2  24.4  24.3  24.0  24.4  24.5  25.3  27.6  30.2  30.8 
 24.2  24.3  24.1  24.8  24.0  24.4  24.1  24.4  23.8  23.9  24.0  24.0  23.9  23.9  24.0  24.2  23.9  23.9  23.9  24.0  23.9  24.1  24.2  24.1  24.2  24.1  24.2  24.4  25.2  26.4  30.4  30.3 
 24.4  24.0  24.5  24.4  24.4  24.2  24.3  24.2  24.2  23.8  23.9  24.1  23.9  23.8  24.0  24.1  23.9  23.8  24.1  23.9  24.0  23.7  24.3  24.2  24.4  23.8  24.2  24.4  25.0  25.9  29.2  30.5 
 24.0  24.3  24.2  24.6  24.1  24.2  24.1  24.2  23.9  24.0  24.1  24.0  23.8  23.9  24.0  23.9  23.8  24.0  23.9  24.0  24.1  24.1  24.4  24.3  24.0  23.9  24.3  24.3  24.3  24.5  26.9  28.8 
 24.7  24.0  24.7  24.4  24.3  24.0  24.2  24.2  24.1  23.8  24.2  23.9  24.1  23.7  24.0  24.1  24.2  23.9  24.1  24.1  24.0  24.0  24.1  24.1  24.1  23.9  24.3  24.5  24.0  24.2  25.5  24.7 
 24.4  24.5  24.4  24.4  24.0  24.2  24.1  24.3  24.0  23.9  24.2  24.1  23.8  24.0  24.0  24.1  23.8  23.9  24.2  24.3  24.0  24.1  24.2  24.2  24.0  24.2  24.3  24.3  24.2  24.1  24.5  24.3 
 24.6  24.3  24.5  24.4  24.4  24.1  24.2  24.2  23.9  23.9  24.2  24.1  23.9  23.9  24.1  24.0  24.0  23.9  24.1  24.2  24.0  24.0  24.2  24.3  24.3  24.0  24.3  24.4  24.4  24.0  24.6  24.7 
 24.3  24.5  24.6  24.4  24.0  24.3  24.2  24.1  23.9  24.0  24.1  24.3  23.8  23.9  24.0  24.1  24.0  24.0  24.2  24.3  24.1  24.2  24.2  24.1  24.0  24.0  24.3  24.4  24.3  24.6  24.6  24.8 
 24.3  24.3  24.3  24.4  24.1  23.9  24.1  24.2  24.1  23.7  24.2  24.3  24.0  23.7  24.0  24.1  24.0  23.9  24.2  24.2  24.2  24.1  24.3 nan  24.1  24.1  24.4  24.5  24.3  24.2  25.1  24.9 
 24.6  24.3  24.5  24.4  24.1  24.0  24.4  24.3  23.8  24.0  24.1  24.1  23.9  23.8  24.0  24.0  23.9  24.0  24.1  24.2  24.1  24.2  24.4  24.4  24.3  24.2  24.6  24.6  24.5  24.6  25.1  25.2 
 24.6  24.3  24.6  24.5  24.4  24.0  24.3  24.2  23.9  23.7  24.2  24.1  24.1  23.9  24.0  24.2  24.1  24.0  24.3  24.3  24.3  24.1  24.5  24.6  24.4  24.5  24.8  24.9  25.1  25.0  25.3  25.5 
 24.4  24.6  24.5  24.6  24.1  24.2  24.4  24.2  24.0  23.9  24.1  24.3  24.0  23.9  24.1  24.0  24.0  24.1  24.3  24.4  24.5  25.1  29.9  31.2  30.8  29.9  27.5  27.1  26.5  26.5  26.2  26.3 
 24.7  24.4  24.6  24.5  24.2  23.8  24.3  24.1  24.0  23.8  24.1  24.2  24.1  23.9  24.1  24.1  24.0  23.9  24.3  24.4  25.1  29.0  45.2  47.4  44.3  38.9  30.7  29.2  27.7  26.9  26.7  26.5 
 24.5  24.4  24.6  24.3  24.1  24.1  24.3  24.6  23.9  24.1  24.0  24.0  24.0  23.9  24.2  24.1  24.1  24.1  24.4  24.6  32.3  45.4  70.6  73.5  69.4  60.1  36.1  32.4  28.9  28.2  27.6  27.3 
 24.6  24.2  24.8  24.7  24.3  23.8  24.5  24.3  24.1  24.0  24.2  24.0  24.0  23.9  24.1  24.2  24.1  23.9  24.4  24.6  35.1  49.7  75.1  77.6  71.3  61.1  36.8  33.0  29.6  28.5  27.7  27.6 
 24.6  24.7  24.8  24.9  24.1  24.4  24.7  24.5  24.0  24.2  24.3  24.2  23.9  24.1  24.2  24.3  24.1  24.2  24.5  24.8  33.8  43.2  65.4  68.2  58.9  50.1  34.8  32.5  29.3  28.8  28.1  28.1 
 24.9  24.5  25.0  25.0  24.6  24.2  24.5  24.3  24.4  23.9  24.3  24.1  24.2  24.0  24.3  24.2  24.2  24.1  24.7  25.0  31.6  36.7  52.3  54.3  46.9  41.8  33.0  31.7  29.0  28.3  28.0  28.4 
 24.8  25.2  24.7  25.0  24.3  24.6  24.3  24.4  24.3  24.2  24.2  24.5  24.0  24.1  24.3  24.4  24.1  24.4  24.7  25.4  27.3  28.9  33.4  34.5  33.6  32.9  30.9  30.1  28.1  28.0  28.8  29.6 
 25.3  24.7  25.1  24.8  24.6  24.3  24.5  24.5  24.2  24.1  24.3  24.5  24.0  23.9  24.4  24.5  24.2  24.0  24.9  25.5  26.2  27.0  30.1  30.9  31.5  31.0  30.1  29.4  28.2  27.7  29.5  29.9 
 25.3  25.7  24.9  25.4  24.4  24.6  24.7  24.7  24.3  24.4  24.4  24.3  24.5  24.1  24.2  24.6  24.2  24.5  25.3  25.5  25.6  26.0  27.8  28.2  28.8  29.0  29.1  28.5  27.7  28.2  30.7  31.9 
 26.3  25.5  25.1  24.9  25.0  24.6  24.8  24.8  24.4  24.0  24.5  24.7  24.3  23.9  24.5  24.3  24.4  24.3  25.3  25.2  25.5  25.7  27.2  27.8  28.2  28.3  28.5  28.2  28.3  28.4  32.0  32.6 
