 25.0  24.4  24.3  24.3  24.3  24.1  24.3  24.8  24.2  23.9  24.2  24.5  24.1  23.9  24.0  24.2  23.9  24.1  24.1  24.3  23.9  24.2  24.2  24.7  24.8  25.3  29.3  30.4  31.1  30.6  30.4  30.9 
 24.7  23.8  24.4  24.3  24.6  24.0  24.7  24.3  24.2  24.0  24.5  24.1  23.8  23.8  24.2  23.9  23.9  23.9  24.4  24.2  24.3  23.8  24.7  24.6  24.3  25.0  28.5  30.1  29.8  29.6  30.8  29.8 
 24.3  24.3  24.4  24.9  24.4  24.1  24.4  24.7  24.0  23.9  23.9  24.3  23.9  23.7  23.9  24.3  23.9  23.9  23.9  24.2  24.1  24.0  24.2  24.5  24.3  24.1  26.0  26.9  27.6  27.5  28.3  26.7 
 24.0  24.1  24.7  24.4  24.5  24.1  24.4  24.3  24.1  23.7  24.4  24.2  23.9  23.7  24.2  24.2  23.9  23.8  24.5  24.0  24.0  23.9  24.3  24.3  23.9  23.9  25.4  25.0  25.1  25.4  26.1  26.0 
 24.5  24.6  24.4  24.8  24.3  24.4  24.2  24.6  24.2  23.9  24.0  24.2  24.0  23.8  23.9  24.3  23.9  23.8  24.1  24.2  24.1  24.0  23.9  24.4  24.0  24.0  24.2  24.4  24.2  24.4  24.7  25.2 
 24.2  24.1  24.9  24.4  24.3  24.2  24.6  24.1  23.9  23.9  24.2  24.1  24.0  24.0  24.2  24.0  23.8  23.8  24.2  24.0  24.0  23.9  24.3  24.1  24.2  24.1  24.4  24.4  24.4  24.2  24.9  24.7 
 24.2  24.3  24.2  24.5  24.1  24.1  24.3  24.3  23.9  23.9  24.1  24.3  24.0  23.8  24.0  24.2  23.8  23.9  24.1  24.2  24.1  24.0  24.3  24.2  24.1  24.0  24.3  24.7  24.0  24.2  24.3  24.6 
 24.6  24.0  24.8  24.6  24.4  24.1  24.4  24.1  24.0  23.7  24.3  24.0  24.0  23.8  24.3  24.1  24.0  23.9  24.2  24.2  24.0  23.9  24.4  24.1  24.0  23.9  24.4  24.4  24.0  24.1  24.8  24.0 
 24.7  24.5  24.4  24.5  24.2  24.0  24.0  24.3  24.0  23.9  24.1  24.2  23.9  23.9  24.0  24.1  24.0  24.1  24.2  24.3  24.0  24.0  24.1  24.4  24.0  24.0  24.2  24.7  24.1  24.1  24.3  24.6 
 24.6  24.0  25.0  24.7  24.3  24.2  24.4  24.2  24.0  23.9  24.3  24.1  24.0  23.9  24.2  24.2  23.8  23.9  24.5  24.2  24.1  24.0  24.5  24.2  24.3  24.0  24.6  24.4  24.3  24.1  24.9  24.5 
 24.6  24.5  24.3  24.6  24.0  24.0  24.2  24.3  24.0  24.0  24.0  24.1  24.0  23.8  24.1  24.1  23.9  24.0  24.2  24.4  24.1  24.1  24.3  24.4  24.2  24.1  24.4  24.5  24.4  24.4  24.6  25.1 
 24.3  24.3  24.7  24.5  24.0  23.8  24.4  24.2  23.9  23.9  24.3  24.2  24.0  23.9  24.1  24.1  24.0  24.1  24.3  24.1  24.1  24.1  24.4 nan  24.2  24.1  24.5  24.4  24.2  24.2  25.0  24.7 
 24.6  24.1  24.4  24.4  24.1  24.1  24.0  24.4  24.0  24.0  24.1  24.2  24.1  23.9  24.1  24.2  24.1  23.8  24.3  24.2  24.2  24.3  24.3  24.6  24.2  24.3  24.5  24.8  24.5  24.6  25.3  25.5 
 24.6  24.2  25.0  24.5  24.1  24.0  24.6  24.1  24.1  23.9  24.2  24.1  24.2  23.9  24.2  24.2  24.0  24.0  24.3  24.3  24.2  24.1  24.7  24.4  24.6  24.4  25.1  24.9  24.8  24.8  25.5  25.5 
 24.4  24.4  24.6  24.8  24.2  24.2  24.3  24.4  24.1  23.9  24.0  24.4  24.0  23.8  24.1  24.3  24.2  24.0  24.3  24.4  24.6  24.9  29.8  31.3  30.9  30.1  27.4  27.3  26.7  26.3  26.3  26.6 
 24.5  24.2  24.9  24.5  24.2  23.9  24.3  24.1  24.0  23.8  24.2  24.0  24.0  24.0  24.1  24.1  24.0  23.9  24.4  24.4  25.2  28.9  45.3  47.3  44.5  39.2  31.3  29.4  27.6  27.2  27.3  26.8 
 24.6  24.5  24.8  24.7  24.2  24.2  24.3  24.5  23.9  23.9  24.0  24.4  24.0  23.9  24.0  24.0  24.0  24.0  24.3  24.6  32.3  44.7  70.6  73.7  70.0  60.8  36.3  33.2  29.1  28.5  27.7  27.6 
 24.6  24.6  24.8  24.5  24.3  24.1  24.7  24.2  24.1  23.9  24.1  24.2  24.1  23.9  24.2  24.1  24.1  24.0  24.5  24.7  34.7  49.0  75.3  77.7  71.7  61.6  37.4  33.5  29.7  28.6  28.3  27.7 
 24.9  24.7  24.6  25.0  24.5  24.4  24.3  24.8  24.3  24.0  24.3  24.2  23.9  24.0  24.1  24.4  24.2  24.3  24.4  24.9  33.5  42.6  65.2  68.4  59.3  50.1  34.8  32.7  29.6  28.7  28.1  28.4 
 24.9  24.5  25.0  24.8  24.6  24.3  24.9  24.3  24.1  24.0  24.4  24.2  24.1  23.9  24.5  24.2  24.2  23.9  24.7  24.9  31.4  36.4  52.2  54.4  47.2  42.2  33.1  31.7  28.8  28.6  28.6  28.4 
 25.0  25.0  24.9  25.0  24.6  24.4  24.4  24.6  24.3  24.0  24.3  24.4  24.2  24.1  24.3  24.3  24.1  24.2  24.8  25.6  27.3  28.7  33.1  34.6  33.9  32.8  30.7  30.4  28.4  28.2  28.2  30.1 
 25.5  24.7  25.5  25.0  24.4  24.3  24.8  24.6  24.3  24.1  24.6  24.3  24.1  24.1  24.5  24.5  24.1  24.2  25.3  25.5  26.2  26.9  30.2  31.0  31.4  31.1  30.3  29.6  28.1  27.9  29.9  30.5 
 25.9  25.3  24.9  25.4  24.8  24.6  24.8  24.7  24.4  24.4  24.4  24.5  24.1  24.1  24.2  24.7  24.3  24.4  25.2  25.5  25.5  26.1  27.9  28.6  29.2  28.9  28.9  29.0  27.8  28.1  30.7  33.1 
 26.0  25.7  25.8  25.1  24.9  24.7  25.0  24.7  24.3  24.3  24.9  24.3  23.9  24.0  24.7  24.5  24.2  24.4  25.6  25.2  25.4  25.6  27.6  27.5  28.2  27.7  28.5  28.3  27.9  28.7  32.4  33.0 
