 24.8  23.8  24.4  24.0  24.2  24.0  24.5  24.1  24.1  23.8  24.4  24.0  23.8  23.5  24.1  24.2  23.9  23.7  24.4  24.1  23.9  24.0  24.3  24.5  24.5  24.8  29.0  29.7  30.6  30.6  29.4  29.0 
 23.9  23.8  24.1  24.8  24.0  23.9  24.3  24.6  23.8  23.9  24.0  24.2  23.6  23.9  24.1  24.3  23.8  23.8  24.2  24.3  23.9  23.9  24.0  24.4  24.2  24.5  27.9  29.8  30.2  30.3  28.9  28.4 
 24.3  23.6  24.5  24.1  24.2  24.0  24.4  23.9  24.0  23.7  24.2  24.0  23.9  23.7  24.1  24.0  24.0  23.7  24.1  24.2  24.2  23.8  24.3  24.1  24.0  24.0  26.0  27.1  27.8  27.3  26.2  25.7 
 23.7  23.8  24.1  24.5  24.1  24.1  24.3  24.4  23.8  23.8  24.0  24.3  23.7  23.7  23.9  24.1  23.9  23.7  24.1  24.4  23.9  24.0  24.2  24.3  23.9  23.9  24.8  25.4  25.1  25.4  25.2  25.7 
 24.3  24.2  24.9  24.4  24.2  23.9  24.3  24.2  24.1  23.6  24.2  24.0  23.8  23.9  24.1  24.0  23.9  23.6  24.0  24.1  24.0  23.8  24.3  24.1  23.8  23.9  24.5  24.3  24.1  23.8  24.7  24.7 
 24.0  24.0  24.6  24.7  24.2  24.0  24.1  24.4  23.9  23.9  23.8  24.2  23.7  23.7  23.8  24.2  23.8  23.9  24.0  24.0  23.8  23.8  24.0  24.2  24.2  23.9  24.3  24.3  24.1  24.0  24.6  25.0 
 24.3  24.0  24.7  24.4  24.1  23.9  24.4  24.2  24.0  23.6  24.2  24.0  23.9  23.6  24.1  24.0  23.8  23.7  24.0  24.0  24.0  23.8  24.3  24.0  23.9  23.8  24.3  24.2  24.2  24.1  24.5  24.3 
 24.3  24.0  24.2  24.6  24.2  24.0  24.2  24.5  23.8  23.8  23.9  24.1  23.9  23.7  23.9  24.2  23.9  23.8  24.0  24.2  23.9  24.0  24.0  24.2  23.9  23.8  24.0  24.2  23.9  23.8  24.2  24.0 
 24.6  24.0  24.6  24.3  24.1  23.6  24.3  24.0  23.9  23.7  24.3  24.1  23.9  23.7  24.1  24.0  23.7  23.8  24.2  24.0  23.9  23.9  24.2  24.0  23.9  23.8  24.4  24.2  24.1  23.9  24.5  24.3 
 24.3  24.3  24.6  24.8  24.4  23.9  23.9  24.3  23.7  23.8  24.0  24.2  23.8  23.7  23.7  24.1  23.8  23.9  24.0  24.2  24.1  24.0  24.1  24.4  24.1  24.1  24.3  24.4  24.1  23.9  24.6  24.9 
 24.3  24.2  24.7  24.3  24.1  23.9  24.4  24.0  23.9  23.7  24.3  24.2  23.9  23.8  24.0  24.0  24.0  23.8  24.2  24.2  24.0  24.1  24.3  24.2  23.9  23.9  24.5  24.2  24.3  24.0  24.8  24.6 
 24.0  24.2  24.0  24.4  23.9  23.8  24.2  24.3  23.8  23.9  24.1  24.3  23.9  23.8  23.9  24.1  23.9  23.8  24.1  24.4  24.0  24.1  24.1 nan  23.8  23.9  24.1  24.4  24.3  23.9  24.5  24.9 
 24.4  24.1  24.4  24.2  24.0  24.0  24.3  24.1  23.8  23.6  24.2  24.1  24.0  23.8  24.2  23.9  23.9  23.8  24.4  24.1  24.1  24.1  24.6  24.1  24.3  24.0  24.5  24.7  24.5  24.4  25.4  25.1 
 24.5  24.2  24.6  24.8  23.9  24.1  24.1  24.4  23.7  23.7  24.0  24.2  23.9  23.8  24.0  24.2  23.9  24.0  24.2  24.3  24.1  24.0  24.5  24.6  24.2  24.2  24.8  25.0  24.8  24.8  25.2  25.9 
 24.3  24.2  24.6  24.6  24.1  24.0  24.4  24.1  23.9  23.7  24.2  24.0  24.0  23.7  24.0  24.1  24.0  23.7  24.3  24.2  24.4  24.8  29.9  30.9  30.7  29.6  27.6  27.2  26.3  26.2  26.5  25.8 
 24.5  23.9  24.5  24.8  24.0  23.9  23.9  24.4  23.7  23.8  24.0  24.2  23.8  23.9  23.9  24.3  23.9  23.8  24.0  24.4  25.1  28.8  45.0  47.5  44.4  39.1  30.6  29.2  27.4  27.2  26.7  26.8 
 24.7  24.2  24.8  24.6  24.2  23.9  24.5  24.2  24.1  23.9  24.2  24.0  23.8  23.7  24.4  24.1  23.8  23.9  24.5  24.4  32.1  44.7  70.6  73.5  69.7  60.4  36.4  32.9  28.9  28.2  27.8  27.3 
 24.6  24.3  24.3  24.9  24.1  24.2  24.3  24.5  23.9  23.9  23.9  24.3  23.8  23.8  23.9  24.2  23.9  23.9  24.4  24.8  34.6  49.0  74.9  77.8  71.4  61.6  36.9  33.6  29.4  28.8  27.5  27.9 
 24.6  24.4  24.8  24.7  24.4  24.2  24.6  24.5  24.2  23.7  24.2  24.1  23.7  23.9  24.3  24.2  24.1  24.2  24.6  24.6  33.5  42.5  65.2  68.1  59.0  49.8  35.0  32.2  29.4  28.6  28.1  28.1 
 24.6  24.7  24.9  25.1  24.3  24.2  24.4  24.6  23.8  23.9  24.1  24.4  24.1  23.9  24.1  24.3  24.1  23.9  24.5  25.2  31.2  36.4  52.0  54.3  46.9  42.0  32.8  31.7  28.8  28.3  28.0  28.8 
 25.0  24.5  24.9  24.9  24.5  24.2  24.5  24.4  24.4  24.1  24.4  24.3  24.1  23.8  24.3  24.3  23.9  23.9  24.8  25.4  27.3  28.5  33.4  34.3  33.7  32.6  31.0  30.0  28.6  27.9  29.0  29.3 
 24.8  24.9  24.8  25.0  24.3  24.2  24.5  24.5  23.9  24.0  24.3  24.5  23.8  24.1  24.0  24.5  24.0  23.9  24.7  25.6  26.2  26.8  30.1  31.0  31.1  31.1  29.9  29.7  27.9  27.7  29.5  30.8 
 25.9  25.3  25.1  24.9  24.7  24.3  24.9  24.3  24.4  24.0  24.6  24.5  24.1  23.9  24.5  24.5  24.3  23.9  25.3  25.2  25.5  25.6  27.9  28.6  28.8  28.7  28.9  28.5  27.8  28.2  31.4  30.2 
 25.7  25.2  24.9  25.4  24.6  24.4  24.7  24.8  24.0  24.3  24.4  24.6  24.0  23.9  24.2  24.5  24.1  24.4  25.1  25.4  25.2  25.5  27.2  27.8  28.2  28.0  28.0  28.6  28.2  28.2  31.7  33.5 
