 24.8  24.4  24.3  24.9  24.0  24.1  24.4  24.7  23.8  23.9  24.2  24.3  24.1  23.9  24.2  24.3  23.8  23.7  24.3  24.4  24.0  23.9  24.4  24.4  24.2  24.4  27.5  29.1  30.1  30.8  30.0  29.1 
 24.3  24.0  24.5  24.3  24.3  24.1  24.6  24.5  24.1  24.1  24.4  24.4  24.0  23.7  24.5  24.2  24.1  23.8  24.4  24.0  24.3  23.8  24.6  24.3  24.5  24.4  26.9  27.7  30.0  30.2  29.1  27.9 
 24.0  24.0  24.2  24.6  24.3  24.1  24.4  24.5  24.1  23.7  24.0  24.2  24.0  23.8  24.1  24.3  23.9  24.0  24.1  24.2  24.1  23.9  24.2  24.5  24.2  24.0  24.7  25.8  26.7  26.1  25.5  25.7 
 24.2  23.8  24.8  24.7  24.4  24.0  24.4  24.5  24.2  23.9  24.3  24.1  23.8  23.7  24.2  24.2  23.9  23.8  24.3  24.0  24.2  23.9  24.4  24.1  24.2  24.0  24.7  24.7  24.8  24.7  25.2  25.3 
 24.2  24.3  24.6  24.8  24.2  24.4  24.5  24.4  24.0  24.2  24.0  24.0  24.1  23.9  24.0  24.2  23.8  23.9  24.0  24.2  24.0  23.8  24.1  24.5  23.9  24.2  24.6  24.5  24.0  24.4  24.9  24.7 
 24.4  24.0  24.6  24.6  24.3  24.2  24.5  24.3  24.0  23.7  24.1  23.9  23.9  23.8  24.1  24.1  23.9  24.1  24.3  24.1  24.0  23.9  24.4  24.2  24.1  24.0  24.4  24.5  24.3  24.1  24.6  24.7 
 24.0  24.3  24.6  24.4  24.3  24.1  24.3  24.3  24.0  24.0  24.1  24.1  23.9  24.0  24.0  24.1  23.8  24.0  24.1  24.2  24.0  23.9  24.0  24.2  23.9  24.0  24.3  24.6  24.2  24.2  24.7  24.9 
 24.4  24.1  24.7  24.5  24.2  23.9  24.5  24.4  23.9  23.7  24.3  24.1  23.9  23.8  24.3  24.1  23.9  23.8  24.3  24.1  24.1  23.9  24.2  24.1  24.1  23.8  24.6  24.5  24.2  24.2  24.5  23.9 
 24.5  24.4  24.3  24.6  24.1  24.3  24.2  24.3  23.9  23.9  24.1  24.3  24.1  23.9  23.9  24.3  24.0  24.1  24.2  24.2  24.0  24.0  24.3  24.2  24.1  24.0  24.1  24.6  24.3  24.2  24.4  24.6 
 24.6  23.9  24.8  24.7  24.2  24.0  24.4  24.2  24.1  23.7  24.2  24.0  23.9  23.8  24.1  24.0  24.0  23.8  24.4  24.3  24.0  24.0  24.2  24.1  24.1  24.0  24.6  24.3  24.3  24.0  25.1  24.6 
 24.5  24.3  24.5  24.7  24.0  24.3  24.3  24.3  23.9  23.9  24.1  24.2  23.9  24.0  24.1  24.2  23.9  23.9  24.2  24.2  24.0  24.0  24.2  24.3  24.1  24.0  24.3  24.5  24.3  24.2  24.5  25.0 
 24.5  24.2  24.5  24.5  24.1  23.9  24.3  24.2  24.1  23.9  24.2  24.1  24.0  23.8  24.0  24.1  23.9  24.1  24.3  24.4  24.1  23.9  24.4 nan  24.2  24.1  24.3  24.4  24.5  24.0  24.9  25.1 
 24.3  24.3  24.3  24.7  24.0  23.9  24.3  24.4  23.7  24.0  24.0  24.1  24.0  23.9  24.1  24.1  24.1  24.1  24.2  24.3  24.1  24.1  24.2  24.6  24.4  24.3  24.7  25.0  24.5  24.5  25.3  25.1 
 24.6  24.2  24.6  24.8  24.2  23.9  24.4  24.2  24.0  23.7  24.2  24.2  24.0  23.9  24.3  24.1  24.0  24.0  24.3  24.1  24.3  24.0  24.6  24.5  24.5  24.2  24.8  24.8  25.1  25.0  25.7  25.6 
 24.5  24.3  24.5  25.0  24.1  24.3  24.3  24.4  24.1  24.0  24.2  24.3  23.8  24.0  24.0  24.2  24.0  24.0  24.4  24.5  24.5  24.8  29.9  31.2  30.7  29.9  27.4  27.5  26.5  26.5  26.2  26.5 
 24.7  24.1  24.7  24.7  24.1  24.1  24.4  24.1  24.3  23.8  24.4  24.1  24.1  24.0  24.1  24.0  24.0  24.0  24.4  24.3  25.4  28.9  45.3  47.4  44.5  39.2  31.0  29.4  27.6  27.5  27.0  26.5 
 24.4  24.2  24.5  24.8  24.3  24.3  24.4  24.6  24.2  23.9  24.2  24.3  24.0  23.9  24.1  24.3  24.0  24.1  24.4  24.7  32.3  44.8  70.5  73.6  69.7  60.6  36.4  33.0  28.9  28.4  27.5  27.5 
 24.8  24.2  24.9  24.6  24.1  23.9  24.7  24.5  24.1  24.0  24.3  24.1  24.2  23.9  24.4  24.1  24.1  24.1  24.4  24.5  34.6  49.2  75.1  77.7  71.7  61.6  37.3  33.4  29.6  28.4  28.4  27.4 
 25.0  24.9  24.8  25.2  24.1  24.5  24.3  24.6  24.1  24.2  24.2  24.2  24.0  24.1  24.2  24.3  24.1  24.2  24.4  24.9  33.6  42.8  65.4  68.2  59.1  50.1  34.8  32.6  29.6  28.3  27.9  28.3 
 24.9  24.6  25.2  24.6  24.6  24.2  24.9  24.3  24.2  23.9  24.4  24.2  24.0  23.9  24.4  24.3  24.2  24.0  24.9  25.1  31.5  36.4  52.2  54.2  47.1  42.0  33.4  31.4  29.3  28.6  28.4  28.4 
 25.0  25.2  25.3  25.2  24.4  24.5  24.6  24.8  24.2  24.1  24.5  24.5  24.0  24.0  24.3  24.4  24.0  24.1  24.7  25.8  27.3  28.7  33.2  34.4  33.6  32.9  31.2  30.4  28.3  28.0  28.7  30.1 
 25.0  25.1  25.2  25.0  24.8  24.1  24.6  24.5  24.3  24.2  24.5  24.4  24.3  24.0  24.5  24.4  24.3  24.1  25.1  25.5  26.4  26.9  30.1  31.1  31.4  31.0  30.2  29.8  28.3  27.6  29.7  30.6 
 25.6  25.3  25.1  25.4  24.4  24.5  24.5  24.9  24.2  24.3  24.5  24.7  24.2  24.1  24.5  24.4  24.3  24.3  25.3  25.4  25.5  26.0  27.8  28.8  29.0  29.2  29.0  28.9  28.1  28.4  31.5  33.6 
 26.4  25.3  25.3  24.9  24.9  24.5  25.0  24.7  24.3  24.4  24.7  24.5  24.5  24.2  24.6  24.4  24.6  24.1  25.6  25.2  25.6  25.6  27.5  28.0  28.2  28.2  28.5  28.1  28.0  28.7  32.5  33.1 
