 24.8  24.0  24.1  24.0  24.5  24.0  24.4  24.6  23.9  23.9  24.2  24.3  24.0  23.9  24.1  24.0  24.0  24.0  24.2  24.1  24.0  23.6  24.1  24.4  24.3  24.8  28.2  29.3  30.7  30.9  29.9  29.4 
 24.5  23.8  24.3  24.1  24.0  24.2  24.5  24.3  24.1  24.0  24.0  24.2  24.1  23.8  24.1  24.2  23.9  23.9  23.9  24.3  24.1  23.8  24.0  24.5  24.0  24.5  27.0  28.3  30.5  30.6  29.1  28.2 
 24.1  23.8  24.5  24.1  24.4  24.1  24.4  23.9  23.9  23.7  24.0  23.9  24.0  24.0  24.2  24.1  24.1  23.8  23.9  24.2  23.9  23.8  24.2  24.2  24.1  24.3  25.1  25.9  28.4  27.8  26.6  25.7 
 24.0  24.3  23.9  24.4  24.2  24.1  24.3  24.4  24.0  23.9  24.1  24.0  23.8  23.8  24.0  24.2  24.0  23.9  24.1  24.0  23.9  23.9  24.1  24.1  24.0  24.1  24.5  24.8  25.6  25.3  25.0  25.3 
 24.5  24.2  24.6  24.4  24.3  24.1  24.2  24.0  24.2  23.9  23.9  23.9  23.8  23.8  24.0  24.0  23.9  23.9  23.9  23.9  24.1  23.8  24.0  24.0  24.1  24.1  24.4  24.3  24.2  24.4  24.6  24.4 
 24.2  24.1  24.2  24.1  24.3  24.3  24.3  24.2  24.0  24.0  23.8  24.1  23.9  23.8  23.9  24.1  23.9  23.7  24.0  23.9  23.9  23.9  24.0  24.0  24.3  23.9  24.2  24.4  24.4  24.2  24.3  24.7 
 24.3  24.0  24.3  24.4  24.4  24.0  24.1  24.2  24.0  23.8  24.1  24.0  24.0  23.9  24.0  23.9  23.8  23.9  24.1  23.9  24.1  23.9  24.1  24.0  24.1  23.9  24.3  24.2  24.3  23.8  24.3  24.5 
 24.4  24.3  24.0  24.6  24.2  24.0  24.1  24.0  23.8  23.8  23.9  24.0  23.9  23.9  23.9  24.2  23.9  23.8  24.0  24.1  24.0  23.8  23.9  24.3  23.8  23.9  23.9  24.4  24.2  24.2  24.2  23.7 
 24.7  24.2  24.6  24.2  24.2  24.0  24.2  24.1  24.1  23.7  24.2  24.1  23.9  23.9  23.9  24.0  23.9  23.9  24.1  24.1  24.0  23.8  24.2  24.0  24.1  24.0  24.1  24.2  24.4  24.0  24.5  24.5 
 24.3  24.3  24.4  24.5  24.2  24.0  23.9  24.1  23.9  24.0  24.0  24.2  23.8  23.7  24.0  23.9  23.8  23.8  24.1  24.2  24.0  24.1  24.1  24.1  24.2  23.9  24.3  24.4  24.1  24.3  24.5  24.6 
 24.5  24.4  24.6  24.1  24.2  23.8  24.3  24.0  23.9  23.9  24.1  24.0  23.9  23.9  24.1  24.0  24.1  23.9  24.2  24.0  24.1  24.1  24.3  24.1  24.1  24.0  24.1  24.1  24.3  24.0  24.5  24.3 
 24.3  24.5  24.2  24.4  24.0  24.2  23.9  24.3  24.0  23.9  23.9  24.1  23.9  23.9  23.8  24.0  24.1  23.9  24.0  24.3  24.0  24.2  24.2 nan  23.9  24.2  24.3  24.4  24.3  24.2  24.6  24.9 
 24.4  24.0  24.4  24.3  24.2  24.1  24.2  24.2  23.9  23.8  24.2  24.1  24.0  23.8  24.0  24.0  24.1  23.9  24.3  24.1  24.2  24.2  24.3  24.4  24.3  24.2  24.7  24.6  24.5  24.5  25.0  24.9 
 24.5  24.2  24.2  24.4  24.2  24.2  24.2  24.0  23.9  23.9  23.8  24.2  24.0  23.9  23.9  24.1  23.9  24.0  24.1  24.2  24.0  24.3  24.5  24.4  24.4  24.5  24.8  25.1  25.1  24.9  25.3  25.0 
 24.3  24.3  24.5  24.4  24.2  24.1  24.4  24.0  24.0  23.9  24.0  24.1  24.0  23.8  24.1  24.1  24.1  24.1  24.4  24.3  24.5  24.9  29.8  30.9  30.7  29.8  27.5  27.1  26.7  26.5  26.2  26.2 
 24.6  24.2  24.2  24.6  24.0  24.0  24.1  24.3  23.9  24.0  24.1  24.1  24.0  24.0  24.1  24.2  24.1  23.9  24.1  24.4  25.3  29.0  45.2  47.4  44.4  39.2  30.7  29.2  27.5  27.3  26.7  26.7 
 24.7  24.5  24.8  24.2  24.4  24.0  24.3  24.2  24.0  24.0  23.9  24.0  23.9  23.8  24.1  24.1  23.9  24.0  24.3  24.5  32.3  44.8  70.4  73.4  69.8  60.5  36.5  32.5  29.1  28.4  27.5  27.3 
 24.8  24.3  24.5  24.6  24.2  24.0  24.3  24.2  24.1  23.9  24.0  24.1  24.0  24.0  24.0  24.2  24.0  24.0  24.1  24.6  34.5  49.2  75.0  77.5  71.6  61.5  36.8  33.5  29.7  28.8  27.4  27.6 
 24.6  24.6  24.8  24.8  24.5  24.2  24.3  24.5  24.1  23.8  24.4  24.2  24.0  24.1  24.3  24.1  24.3  24.1  24.4  24.7  33.5  42.7  65.3  68.1  59.2  50.2  34.6  32.3  29.6  28.5  28.1  27.7 
 24.4  24.7  24.6  24.7  24.3  24.2  24.3  24.4  24.1  23.9  24.2  24.4  24.1  24.2  24.2  24.3  24.2  24.1  24.5  25.1  31.3  36.5  52.1  54.2  46.8  42.1  33.0  31.5  28.8  28.4  28.1  28.4 
 25.2  25.0  24.9  24.9  24.8  24.2  24.5  24.2  24.2  24.0  24.3  24.4  24.2  24.0  24.3  24.3  24.0  24.2  24.7  25.3  27.3  28.8  33.3  34.2  33.8  32.8  30.9  30.0  28.4  28.0  28.6  29.3 
 25.0  25.1  24.7  25.0  24.3  24.3  24.4  24.6  23.9  24.4  24.1  24.3  23.9  24.1  23.9  24.3  24.1  24.0  24.9  25.6  26.2  26.9  29.8  30.9  31.2  31.4  30.1  29.4  27.8  27.6  29.3  30.5 
 26.1  25.3  24.9  24.9  24.2  24.3  24.4  24.4  24.4  24.4  24.3  24.4  24.5  24.1  24.4  24.2  24.3  24.4  25.3  25.4  25.7  25.9  27.6  28.1  29.1  28.9  28.9  28.4  28.2  28.0  30.7  32.3 
 25.7  25.5  25.3  25.1  24.6  24.6  24.7  24.5  24.3  24.3  24.4  24.6  24.2  24.0  24.2  24.3  24.4  24.3  25.1  25.1  25.2  25.7  27.1  27.7  28.2  28.3  28.2  28.3  28.0  28.4  31.7  32.6 
