 24.8  24.0  23.9  24.3  24.3  24.0  24.2  24.4  24.1  23.9  24.2  24.3  24.1  23.8  23.9  24.2  23.9  23.9  24.0  24.1  24.0  23.9  24.0  24.3  24.1  24.2  27.5  28.7  30.3  30.2  29.7  29.1 
 24.5  24.2  24.3  24.1  24.3  24.1  24.4  24.3  23.9  24.0  24.1  23.9  24.0  23.8  24.1  24.1  23.9  23.9  24.2  24.1  24.1  23.9  24.3  24.5  23.9  24.5  26.3  27.7  29.5  30.3  28.9  27.9 
 24.4  24.3  24.2  24.4  24.5  23.7  24.0  24.3  24.1  23.6  24.1  24.2  24.0  23.7  24.0  24.0  24.1  23.7  24.0  24.2  24.1  23.8  24.1  24.3  24.3  24.0  24.3  25.1  27.2  26.7  25.5  25.1 
 24.1  23.8  24.3  24.5  24.1  23.8  24.3  24.2  23.9  23.6  24.1  23.9  23.8  23.8  24.0  24.0  24.0  23.9  24.2  24.0  23.8  23.9  24.1  24.2  23.9  24.1  24.6  24.4  24.5  24.8  25.2  25.1 
 24.2  24.3  24.0  24.5  24.3  24.1  24.1  24.2  24.1  23.8  23.9  24.1  23.9  23.8  23.9  24.1  23.8  23.7  24.1  24.1  24.0  23.8  23.8  24.1  24.2  24.0  24.1  24.6  24.2  24.0  24.4  25.1 
 24.2  24.0  24.3  24.3  24.2  24.2  24.2  24.1  23.9  23.9  24.1  24.0  23.8  23.8  24.0  24.1  23.7  23.7  24.1  24.0  23.9  23.8  24.3  24.0  24.0  24.0  24.3  24.3  24.0  24.5  24.6  24.7 
 24.5  24.2  24.1  24.7  24.3  24.2  24.0  24.2  24.1  23.7  24.0  24.2  23.9  23.8  23.9  23.9  24.1  23.8  23.9  24.2  24.0  23.8  24.1  24.3  24.1  23.9  24.2  24.5  24.3  23.8  24.7  24.5 
 24.4  24.2  24.5  24.5  24.2  24.1  24.4  24.1  23.8  23.8  24.1  24.1  23.8  24.1  24.0  24.0  23.9  23.9  24.1  24.1  24.1  23.9  24.2  24.1  23.9  23.9  24.2  24.1  24.2  24.2  24.1  23.7 
 24.4  24.2  24.4  24.4  24.1  24.1  24.1  24.3  24.2  23.7  24.0  24.1  24.0  24.0  23.9  24.1  23.9  23.7  24.0  24.2  24.0  23.9  24.0  24.1  24.3  24.0  24.2  24.3  24.3  24.0  24.0  24.8 
 24.5  24.4  24.5  24.6  24.1  24.0  24.2  23.9  23.9  24.0  24.0  24.0  23.9  23.9  24.2  24.0  23.9  24.0  24.0  24.1  23.8  23.9  24.3  24.1  24.1  24.1  24.4  24.3  24.0  24.5  24.7  24.6 
 24.5  24.4  24.4  24.7  24.0  23.9  24.0  24.2  23.9  23.8  24.0  24.2  24.0  23.8  23.9  24.2  24.0  24.0  24.1  24.2  24.2  24.0  24.1  24.3  24.1  23.9  24.0  24.3  24.2  24.0  24.4  24.6 
 24.3  24.2  24.6  24.3  24.0  23.9  24.2  24.1  23.9  24.0  24.1  24.0  24.0  23.9  24.1  24.0  24.1  23.9  24.2  24.2  24.0  24.1  24.4 nan  24.0  24.0  24.3  24.3  24.2  24.2  24.6  24.8 
 24.5  24.2  24.3  24.5  24.4  24.1  24.2  24.3  23.9  23.8  24.0  24.1  24.1  23.7  24.0  24.1  24.1  24.0  24.1  24.3  24.1  24.0  24.2  24.3  24.4  24.2  24.7  24.6  24.7  24.1  25.2  25.1 
 24.2  24.4  24.5  24.5  24.1  24.1  24.2  24.0  23.9  23.8  24.0  24.0  24.0  23.9  24.1  24.0  23.9  23.9  24.1  24.1  24.2  24.0  24.5  24.4  24.2  24.4  24.8  24.7  24.8  24.9  25.5  25.6 
 24.3  24.5  24.4  24.6  24.4  24.2  24.2  24.2  24.1  23.8  24.0  24.1  23.9  23.7  24.0  24.0  24.1  23.8  24.2  24.4  24.5  24.8  29.9  31.1  30.7  29.9  27.4  27.3  26.9  26.2  25.9  26.5 
 24.4  24.3  24.7  24.4  24.0  24.2  24.4  24.2  23.7  23.9  24.0  24.0  24.0  24.1  24.1  24.1  23.8  23.9  24.3  24.2  25.1  29.0  45.1  47.3  44.2  39.2  30.8  29.1  27.6  27.2  26.8  26.5 
 24.7  24.2  24.6  24.6  24.2  24.0  24.2  24.3  24.1  23.9  24.0  24.0  24.1  23.9  24.1  24.1  24.2  24.0  24.3  24.4  32.2  44.8  70.3  73.6  69.9  60.5  36.3  32.8  29.0  28.3  27.5  27.3 
 24.5  24.5  24.6  24.6  24.1  24.1  24.4  24.4  23.9  24.0  24.0  24.0  24.0  24.1  24.2  24.2  23.9  24.0  24.4  24.4  34.5  49.1  75.0  77.5  71.6  61.6  37.0  33.3  29.5  28.5  27.7  27.1 
 24.8  24.6  25.0  24.8  24.4  24.0  24.5  24.5  24.3  23.8  24.2  24.2  24.0  23.9  24.1  24.3  24.3  24.0  24.3  24.7  33.5  42.6  65.1  68.2  59.1  49.9  34.5  32.6  29.6  28.5  27.8  28.4 
 24.6  24.9  25.0  25.0  24.3  24.2  24.5  24.3  24.0  24.0  24.4  24.1  24.0  23.9  24.2  24.0  24.0  24.0  24.7  24.9  31.3  36.4  52.0  54.2  47.1  42.1  33.1  31.5  28.9  28.4  28.4  27.8 
 25.0  24.8  24.9  25.2  24.4  24.1  24.4  24.6  24.5  24.0  24.2  24.4  24.2  24.0  24.2  24.3  24.2  24.2  24.5  25.5  27.4  28.6  33.1  34.1  33.9  32.7  31.0  30.3  28.6  27.9  28.0  29.6 
 25.0  25.3  25.0  24.7  24.5  24.3  24.6  24.4  24.1  24.1  24.4  24.3  23.9  23.9  24.4  24.4  24.1  24.1  25.0  25.4  26.2  27.1  30.1  30.8  31.1  31.3  29.9  29.4  27.8  27.9  29.3  30.3 
 26.2  25.1  24.9  25.1  24.6  24.4  24.6  24.3  24.6  24.4  24.4  24.4  24.4  24.1  24.3  24.7  24.5  24.0  25.2  25.1  25.6  25.7  27.7  28.6  29.3  28.8  29.1  28.7  27.9  27.8  30.4  32.3 
 26.1  25.5  25.1  24.9  24.6  24.8  24.7  24.7  24.2  24.2  24.4  24.4  24.2  24.1  24.5  24.2  24.3  24.3  25.1  25.1  25.3  25.9  27.3  27.7  28.1  28.1  28.5  28.1  27.8  28.7  31.7  32.2 
