 24.8  24.0  24.3  24.0  24.2  24.1  24.5  24.4  24.1  24.1  24.3  24.3  24.0  23.9  24.0  24.1  23.9  24.1  24.1  24.0  24.1  24.0  24.4  24.6  24.4  24.5  27.8  28.8  30.6  30.9  29.5  29.7 
 24.5  24.0  24.3  24.7  24.6  24.2  24.4  24.6  24.2  24.0  24.1  24.4  24.0  23.8  24.2  24.2  23.8  23.8  24.1  24.2  24.2  23.9  24.3  24.3  24.3  24.4  26.6  27.9  30.3  30.2  29.4  28.2 
 24.4  24.3  24.4  24.6  24.4  24.3  24.6  24.1  24.2  24.0  24.0  24.2  24.0  23.9  24.0  24.0  24.0  24.0  24.0  24.1  23.8  24.0  24.3  24.2  24.2  24.3  24.9  25.4  27.2  27.2  25.5  26.1 
 24.1  24.0  24.1  24.8  24.1  24.0  24.3  24.4  24.2  23.7  24.0  24.1  23.8  23.9  23.9  24.2  24.0  23.9  24.2  24.2  24.1  24.2  24.3  24.2  24.2  24.0  24.6  24.6  25.2  24.7  25.4  25.5 
 24.5  24.3  24.6  24.4  24.1  24.4  24.1  24.2  24.1  24.2  24.2  23.9  23.9  23.9  24.0  24.0  23.9  23.9  24.1  24.0  23.9  23.9  24.3  24.1  24.1  24.0  24.4  24.5  24.4  24.6  24.9  24.8 
 24.4  24.2  24.5  24.4  24.4  24.3  24.2  24.3  24.1  23.9  23.7  24.2  23.9  23.7  24.0  24.1  24.0  24.0  23.8  24.1  24.0  23.8  24.2  24.2  24.1  23.9  24.2  24.6  24.4  24.3  24.5  24.9 
 24.2  24.2  24.4  24.3  24.2  24.2  24.2  24.1  23.9  24.1  24.0  24.1  24.0  24.1  23.9  24.1  23.9  24.0  24.2  24.0  24.0  24.0  24.2  24.2  24.1  23.9  24.4  24.2  24.1  24.2  24.7  24.5 
 24.4  23.9  24.2  24.6  24.3  24.1  24.0  24.4  24.2  23.8  24.2  24.2  24.1  23.8  23.9  24.1  24.1  23.8  24.1  24.1  24.1  23.9  24.1  24.3  24.1  23.9  24.2  24.4  24.6  23.9  24.2  23.9 
 24.6  24.4  24.7  24.5  24.1  24.1  24.4  24.0  24.0  23.9  24.1  24.0  23.9  24.0  23.9  24.1  23.9  24.1  24.1  24.0  24.1  24.1  24.3  24.1  24.2  24.0  24.3  24.2  24.1  24.2  24.0  24.5 
 24.8  24.3  24.4  24.4  24.4  24.0  24.1  24.3  24.2  23.9  24.1  24.2  24.0  23.9  24.1  24.2  24.0  23.9  24.0  24.4  24.1  23.9  24.0  24.4  24.1  23.9  24.1  24.6  24.3  23.7  24.7  24.9 
 24.2  24.4  24.6  24.5  24.1  24.2  24.4  24.2  23.8  24.0  24.2  24.1  24.0  24.0  24.1  24.1  24.1  24.0  24.3  24.2  24.1  24.2  24.3  24.3  24.1  24.1  24.2  24.4  24.4  24.5  24.7  24.8 
 24.3  24.1  24.3  24.6  24.1  24.1  24.2  24.4  24.0  23.8  24.1  24.3  24.0  23.9  24.1  24.1  24.2  23.9  24.2  24.2  24.2  24.0  24.2 nan  24.3  24.2  24.2  24.5  24.5  24.0  24.8  24.9 
 24.3  24.5  24.4  24.3  24.1  24.1  24.2  24.3  23.9  23.9  24.1  24.1  24.0  23.9  24.1  24.0  24.1  24.0  24.3  24.2  24.2  24.0  24.3  24.4  24.3  24.4  24.6  24.5  24.5  24.7  25.3  25.2 
 24.3  24.5  24.6  24.5  24.2  24.0  24.2  24.3  24.0  23.7  24.0  24.3  24.0  23.9  24.1  24.2  24.0  24.1  24.2  24.4  24.2  24.1  24.4  24.6  24.6  24.3  24.7  25.1  25.1  24.9  25.2  25.7 
 24.3  24.3  24.4  24.6  24.4  24.3  24.4  24.1  24.0  23.9  24.2  24.1  23.9  23.8  24.1  24.0  24.1  24.1  24.3  24.3  24.4  24.9  29.9  30.9  30.8  29.9  27.4  27.3  26.5  26.6  26.4  26.3 
 24.6  24.3  24.8  24.6  24.3  24.1  24.1  24.3  24.2  23.9  24.0  24.2  23.9  24.0  23.9  24.2  24.0  24.0  24.2  24.4  25.3  29.0  45.1  47.3  44.5  39.1  30.8  29.4  27.8  27.2  26.7  26.7 
 24.5  24.7  24.5  24.2  24.5  24.3  24.3  24.2  24.1  23.9  24.1  24.1  23.9  23.9  24.2  24.3  23.9  23.9  24.2  24.4  32.3  44.8  70.5  73.5  69.8  60.6  36.4  32.8  28.9  28.5  27.8  27.3 
 25.0  24.5  24.5  24.8  24.3  24.1  24.3  24.6  24.1  23.9  24.1  24.2  24.0  24.0  24.2  24.2  24.0  24.0  24.3  24.7  34.9  49.1  74.9  77.7  71.8  61.5  37.0  33.5  29.6  28.7  27.9  27.9 
 24.9  24.9  25.0  24.6  24.4  24.3  24.6  24.5  24.2  24.4  24.4  24.2  24.0  24.1  24.1  24.3  24.2  24.2  24.2  24.7  33.7  42.7  65.3  68.1  59.2  50.1  35.0  32.5  29.7  28.8  27.9  28.1 
 24.6  24.6  24.9  24.9  24.7  24.3  24.4  24.4  24.4  24.1  24.1  24.2  24.2  23.9  24.2  24.3  24.3  24.0  24.6  25.2  31.4  36.5  52.1  54.3  47.2  42.0  33.1  31.6  29.0  28.6  28.1  28.6 
 25.0  24.7  25.1  24.6  24.4  24.5  24.6  24.5  24.1  24.3  24.3  24.3  24.2  24.0  24.3  24.5  24.1  24.3  24.7  25.5  27.2  29.0  33.3  34.5  33.7  32.8  31.4  30.3  28.3  28.0  28.6  29.4 
 25.2  24.7  25.0  25.0  24.6  24.6  24.6  24.6  24.3  24.1  24.3  24.4  24.2  24.0  24.3  24.5  24.4  24.1  25.1  25.6  26.3  27.1  29.9  31.2  31.4  31.1  30.0  29.6  27.8  27.8  29.3  30.6 
 25.6  25.3  25.4  25.1  24.6  24.4  24.7  24.7  24.3  24.4  24.5  24.6  24.2  24.3  24.4  24.4  24.3  24.3  25.3  25.1  25.4  26.0  27.8  28.5  29.0  29.2  28.8  28.4  27.7  28.2  31.5  31.9 
 26.7  25.3  25.1  25.6  24.7  24.6  24.7  25.0  24.5  24.3  24.5  24.7  24.2  24.3  24.4  24.5  24.4  24.3  25.1  25.5  25.3  25.5  27.4  28.0  28.2  28.1  28.1  28.4  28.0  28.5  31.7  32.2 
