 24.8  23.8  24.1  24.2  24.0  24.0  24.5  24.3  23.8  23.9  24.1  24.2  23.9  23.9  24.1  24.2  23.8  23.7  24.3  23.8  23.8  23.9  24.3  24.3  24.4  24.8  28.1  29.0  30.6  30.4  29.0  28.1 
 24.5  23.8  24.0  24.3  24.6  24.1  24.4  24.3  24.4  23.8  24.0  24.2  23.9  23.9  24.0  24.1  24.0  23.8  24.2  24.3  24.3  23.9  24.2  24.3  24.2  24.2  26.7  28.2  30.0  30.0  28.3  27.7 
 24.0  23.8  24.2  24.1  24.3  24.1  24.3  24.1  24.0  23.9  24.0  24.1  23.8  23.8  24.0  24.1  23.9  24.0  23.9  24.1  24.0  23.9  24.0  24.2  24.2  24.2  24.7  25.5  26.4  25.7  25.5  25.3 
 24.1  23.8  24.1  24.5  24.4  23.8  24.4  24.3  24.0  23.7  24.0  24.1  23.7  23.5  23.9  24.1  24.0  23.8  24.1  24.2  24.1  23.9  24.0  24.3  24.2  24.0  24.4  24.4  24.4  24.3  24.6  24.9 
 24.2  24.3  24.4  24.4  24.2  24.3  24.2  24.1  24.2  23.9  24.0  23.9  23.8  23.9  23.8  23.8  23.9  23.8  24.1  24.0  24.0  23.9  24.0  24.1  24.1  23.8  24.1  24.2  24.2  24.5  24.6  24.8 
 24.4  24.2  24.3  24.4  24.4  23.9  24.1  24.1  24.1  23.8  23.9  24.0  23.9  23.8  23.8  24.0  24.0  23.7  24.0  24.1  23.7  23.8  24.1  24.2  24.1  24.0  24.1  24.6  24.3  24.2  24.3  24.5 
 24.2  24.2  24.4  24.3  24.1  24.1  24.2  24.1  23.9  23.9  23.9  24.1  23.7  24.1  23.8  23.9  23.9  23.9  23.9  24.1  24.1  23.9  24.2  24.1  24.0  23.9  24.3  24.4  24.3  23.8  24.2  24.4 
 24.3  24.2  24.1  24.5  24.3  24.1  24.0  24.4  24.0  23.7  24.1  24.1  23.9  23.8  23.8  24.0  24.0  23.8  24.0  24.2  24.0  23.8  23.9  24.3  24.0  23.8  24.1  24.4  24.3  23.9  24.1  23.9 
 24.4  24.2  24.5  24.2  24.1  24.1  24.2  24.2  23.9  23.9  24.1  24.1  23.9  23.9  23.9  24.1  23.8  23.9  24.2  24.0  24.0  23.9  24.2  24.0  24.0  24.0  24.2  24.2  24.1  24.2  24.5  24.3 
 24.8  24.1  24.3  24.7  24.2  24.0  24.0  24.3  24.1  23.9  24.1  24.2  23.9  23.8  23.8  24.1  23.9  23.8  24.0  24.3  24.1  23.8  24.0  24.2  24.3  23.9  24.1  24.6  24.4  24.2  24.4  24.6 
 24.3  24.3  24.2  24.3  24.0  23.9  24.1  24.3  23.8  23.8  24.1  23.9  23.9  23.8  24.0  24.0  24.1  23.9  24.2  24.1  24.2  24.2  24.3  24.2  24.1  24.1  24.1  24.3  24.2  24.2  24.5  24.3 
 24.5  24.1  23.9  24.5  24.1  23.9  24.2  24.2  24.0  23.9  24.0  24.2  24.0  23.7  23.9  24.1  23.9  23.9  24.0  24.2  24.2  24.0  24.0 nan  24.1  23.9  24.2  24.4  24.2  24.2  24.5  24.8 
 24.3  24.5  24.2  24.3  24.1  24.1  24.1  24.1  23.8  24.0  24.0  24.0  23.9  23.8  24.0  24.1  24.1  24.0  24.2  24.0  24.2  24.0  24.3  24.5  24.3  24.3  24.7  24.5  24.5  24.5  25.0  25.2 
 24.4  24.2  24.3  24.5  24.3  24.0  24.1  24.0  23.9  23.9  23.9  24.3  24.0  23.9  24.1  24.0  24.0  23.8  24.1  24.4  24.2  24.0  24.3  24.5  24.4  24.3  24.6  24.8  25.0  24.8  25.4  25.6 
 24.5  24.6  24.2  24.5  24.2  24.1  24.3  24.1  24.0  23.9  24.0  24.1  23.8  23.9  24.0  24.2  24.0  24.0  24.2  24.2  24.4  24.9  29.7  31.0  30.9  29.8  27.4  27.3  26.5  26.2  26.4  26.0 
 24.6  24.3  24.4  24.7  24.0  24.1  24.1  24.3  23.9  23.8  23.9  24.1  24.0  23.7  24.0  23.9  23.9  23.8  24.0  24.3  25.2  28.9  45.2  47.5  44.4  39.2  30.8  29.3  27.6  26.9  26.7  26.7 
 24.4  24.5  24.6  24.5  24.2  24.0  24.3  24.2  23.9  23.8  24.1  24.0  23.9  23.9  23.9  24.0  24.0  23.9  24.2  24.3  32.1  44.8  70.3  73.4  69.8  60.6  36.4  32.7  29.2  28.4  27.7  27.0 
 24.7  24.0  24.1  24.5  24.4  24.1  24.2  24.5  24.1  24.0  23.9  24.2  23.9  24.0  24.0  24.2  24.2  23.9  24.2  24.6  34.8  49.0  75.0  77.5  71.6  61.5  36.8  33.3  29.6  28.7  27.4  27.4 
 24.9  24.8  24.8  24.6  24.4  24.4  24.4  24.3  24.3  23.9  23.9  23.9  24.0  24.1  24.2  24.2  24.2  24.1  24.5  24.6  33.5  42.8  65.2  68.0  59.0  50.1  34.7  32.5  29.3  28.6  27.8  27.9 
 24.8  24.6  24.4  25.0  24.7  24.2  24.4  24.4  24.2  24.2  24.2  24.3  24.0  24.0  24.1  24.3  24.1  24.1  24.5  25.0  31.3  36.3  52.0  54.2  47.1  42.1  32.9  31.5  28.9  28.3  28.1  28.4 
 25.0  25.0  25.1  24.7  24.5  24.3  24.3  24.5  24.1  24.1  24.3  24.2  24.0  24.0  24.1  24.4  24.1  24.1  24.7  25.5  27.2  28.6  33.3  34.3  33.7  32.5  30.9  30.0  27.8  28.0  28.4  29.9 
 25.4  25.1  24.9  25.0  24.8  24.2  24.4  24.8  24.1  24.1  24.3  24.4  24.1  24.0  24.2  24.5  24.3  23.9  24.7  25.7  26.5  27.1  29.9  30.8  31.5  31.0  29.7  29.4  28.1  27.8  29.3  30.6 
 25.6  25.1  25.1  25.1  24.6  24.5  24.7  24.5  24.4  24.3  24.2  24.3  24.2  24.1  24.3  24.5  24.4  24.2  25.1  25.0  25.6  25.8  27.7  28.5  28.9  28.8  28.8  28.4  27.9  27.8  30.8  31.9 
 26.1  25.8  24.8  25.3  24.8  24.8  24.6  25.1  24.3  24.3  24.3  24.6  24.5  24.1  24.3  24.5  24.5  24.4  25.0  25.1  25.6  25.7  27.1  28.1  28.3  28.2  28.1  28.3  28.2  28.5  30.9  32.6 
