 24.6  23.8  23.9  24.1  24.2  23.8  24.5  24.3  23.8  23.9  23.9  24.3  23.9  23.8  24.0  24.3  23.9  23.9  24.2  24.0  23.9  24.0  24.0  24.5  24.2  24.3  27.3  29.0  30.2  30.2  29.0  29.1 
 24.3  24.2  24.3  24.3  24.3  24.1  24.6  24.3  24.0  23.8  24.2  24.0  23.6  23.9  24.1  23.9  23.9  23.8  24.2  23.9  24.1  23.8  24.2  24.1  24.2  24.2  26.9  28.0  30.2  30.3  29.4  27.1 
 24.2  23.9  24.1  24.6  24.4  24.0  24.1  24.1  24.1  23.7  23.8  24.0  23.9  23.7  23.9  24.1  23.9  23.8  23.7  24.1  24.2  23.8  24.0  24.3  24.2  23.7  24.4  25.5  26.7  26.2  25.3  25.5 
 23.9  23.8  24.4  24.2  24.1  23.9  24.3  24.2  23.9  23.8  24.1  23.9  23.8  23.8  24.1  24.1  23.9  23.8  24.2  24.1  23.8  23.9  24.3  24.1  23.9  23.8  24.5  24.3  24.4  24.2  25.4  25.3 
 24.2  24.3  24.1  24.7  24.3  24.1  24.1  24.4  24.0  23.7  23.9  24.2  23.8  23.7  23.9  24.1  23.9  23.7  23.8  24.2  23.9  23.9  23.8  24.2  24.2  23.9  24.1  24.4  23.9  24.3  24.4  24.9 
 24.0  24.5  24.5  24.3  24.0  24.2  24.5  24.1  24.0  23.9  23.9  23.9  23.8  23.8  24.0  24.1  23.9  23.7  24.1  24.0  23.9  23.7  24.4  24.1  23.9  23.8  24.2  24.2  24.3  24.2  24.8  24.1 
 24.0  24.2  24.1  24.7  24.1  24.0  24.3  24.3  23.8  23.7  24.0  24.2  23.8  23.7  23.8  24.0  23.8  23.8  23.9  24.2  23.9  23.8  24.1  24.3  24.1  23.7  24.0  24.5  24.2  24.1  24.0  24.8 
 24.0  24.0  24.5  24.3  24.2  24.2  24.2  24.0  23.8  23.9  24.2  23.8  23.9  23.8  24.1  23.9  23.9  23.7  24.0  23.9  23.8  23.9  24.2  24.2  24.0  24.0  24.2  24.0  24.0  24.1  24.7  23.3 
 24.4  24.0  24.3  24.4  24.2  24.0  24.2  24.2  24.0  23.4  23.9  24.2  24.1  23.8  23.9  24.1  23.8  23.8  23.9  24.2  23.9  23.8  24.0  24.1  24.2  24.0  24.0  24.3  24.1  24.0  24.3  24.3 
 24.2  24.0  24.7  24.3  24.1  24.1  24.0  24.2  23.8  23.8  24.2  24.1  23.9  23.8  24.0  23.9  23.8  23.9  24.1  24.0  24.0  23.8  24.2  24.1  24.2  23.9  24.4  24.3  23.8  24.2  24.7  24.2 
 24.3  24.4  24.4  24.4  24.0  24.0  24.1  24.2  23.7  23.9  23.8  24.3  23.9  23.7  23.9  24.1  23.9  23.9  24.2  24.2  23.9  23.8  24.1  24.4  24.0  23.9  24.3  24.4  24.3  24.2  24.4  24.6 
 24.2  24.0  24.4  24.4  24.0  24.1  24.2  24.0  23.8  23.8  24.2  23.9  23.8  23.8  24.1  24.0  23.9  23.9  24.3  24.0  24.0  24.0  24.3 nan  23.8  23.9  24.4  24.4  24.3  24.1  24.6  24.6 
 24.5  24.3  24.3  24.7  24.0  24.2  24.1  24.1  23.8  23.8  24.0  24.2  23.9  23.8  24.0  24.1  24.0  23.8  24.1  24.2  24.1  23.9  24.4  24.4  24.2  24.2  24.6  24.7  24.4  24.6  25.2  25.2 
 24.5  24.5  24.7  24.4  24.1  24.1  24.3  24.0  23.9  23.8  24.2  24.1  23.9  23.9  24.1  24.1  23.9  23.7  24.3  24.2  24.2  24.0  24.5  24.5  24.3  24.3  25.0  24.8  25.0  24.8  25.3  25.2 
 24.5  24.0  24.4  24.7  24.1  24.3  24.2  24.1  24.1  23.9  24.0  24.2  24.0  23.8  23.9  24.2  23.9  23.8  24.2  24.4  24.4  24.7  29.7  31.2  30.7  29.7  27.4  27.3  26.5  26.1  26.2  26.3 
 24.1  24.3  24.5  24.4  23.9  24.2  24.4  24.2  23.9  23.9  24.1  24.0  23.9  23.9  24.2  23.9  23.9  23.8  24.2  24.1  25.1  28.9  45.2  47.4  44.3  39.2  30.9  29.2  27.3  27.2  26.7  26.5 
 24.7  24.4  24.5  24.8  24.2  24.0  24.2  24.4  24.1  23.8  23.9  24.1  23.9  23.9  24.0  24.3  24.0  23.9  24.0  24.5  32.1  44.7  70.5  73.5  69.8  60.4  36.3  32.9  28.9  28.4  27.5  27.5 
 24.5  24.2  24.6  24.5  24.1  24.0  24.4  24.1  24.0  23.9  24.1  24.0  23.8  23.9  24.3  24.2  23.9  24.0  24.5  24.3  34.5  49.1  75.0  77.5  71.6  61.6  37.3  33.3  29.5  28.4  27.7  27.4 
 24.8  24.4  24.8  24.9  24.4  24.0  24.2  24.6  24.2  23.9  24.2  24.1  24.0  24.0  24.0  24.3  24.0  24.2  24.3  24.8  33.6  42.6  65.2  68.2  59.0  50.0  34.5  32.6  29.3  28.6  27.6  28.1 
 24.1  24.6  24.9  24.6  24.3  24.4  24.5  24.2  24.1  24.0  24.3  24.1  23.9  24.0  24.3  23.9  24.1  24.0  24.5  24.8  31.2  36.3  52.2  54.0  46.9  42.0  33.2  31.6  28.9  28.3  28.4  28.2 
 25.0  24.5  25.1  25.0  24.4  24.3  24.3  24.5  24.1  24.0  24.1  24.5  24.2  24.0  24.2  24.4  24.1  24.2  24.5  25.5  27.3  28.6  32.8  34.3  33.7  32.7  30.8  30.4  28.3  27.7  28.2  29.6 
 24.8  24.7  25.5  24.7  24.3  24.3  24.6  24.4  24.1  24.2  24.4  24.2  24.0  24.0  24.5  24.3  23.9  24.1  25.0  25.4  26.0  26.8  30.1  30.8  31.3  31.3  29.9  29.3  27.8  27.4  29.3  29.7 
 25.6  24.9  24.9  25.4  24.7  24.3  24.7  24.7  24.0  24.3  24.5  24.7  24.3  24.0  24.1  24.6  24.2  24.0  25.1  25.5  25.4  25.7  27.7  28.6  29.0  28.8  28.6  28.5  27.9  27.8  30.4  32.7 
 25.7  25.5  25.3  25.1  24.3  24.8  25.0  24.6  24.2  24.3  24.5  24.4  24.1  24.0  24.4  24.4  24.3  24.2  25.2  25.1  25.2  25.6  27.2  27.6  28.0  28.1  28.4  28.1  27.8  28.4  32.1  31.7 
