 24.1  23.3  23.8  23.1  23.4  22.7  23.0  22.7  22.7  22.7  22.8  22.9  22.7  22.4  22.8  22.9  22.6  22.7  22.7  22.8  22.8  22.6  23.1  23.0  22.7  22.8  23.5  23.8  23.7  23.4  24.5  24.4 
 23.6  23.4  23.4  23.9  23.2  23.0  22.6  23.0  22.7  22.8  22.7  23.0  22.7  22.4  22.6  22.8  22.6  22.5  22.8  22.9  22.7  22.6  22.6  23.1  22.6  23.0  23.4  24.6  23.8  23.6  23.9  24.6 
 23.4  23.1  23.8  23.3  22.9  22.7  23.1  23.0  22.9  22.5  22.9  22.7  22.8  22.4  22.9  22.7  22.5  22.5  22.8  22.5  22.8  22.6  22.8  22.7  22.9  22.9  23.1  23.2  23.2  23.1  23.7  23.5 
 23.2  23.4  23.3  23.6  22.7  22.4  23.0  23.1  22.8  22.8  23.0  23.1  22.6  22.5  22.6  22.8  22.6  22.5  22.8  22.8  22.6  22.6  22.8  22.9  22.7  22.7  22.9  23.2  22.9  23.2  23.4  23.5 
 23.7  23.3  23.4  23.3  22.9  22.6  23.1  23.0  23.2  23.2  23.2  22.8  22.6  22.6  22.7  22.5  22.6  22.6  22.7  22.7  22.6  22.5  22.8  22.8  22.7  22.9  23.1  23.0  23.2  23.2  23.4  23.5 
 23.0  23.4  23.4  23.2  23.0  22.8  23.0  23.2  23.5  23.9  23.1  23.0  22.6  22.4  22.6  22.8  22.5  22.5  22.8  22.8  22.6  22.6  23.0  22.8  23.0  22.5  22.9  23.3  23.0  23.1  23.1  23.3 
 23.4  23.3  23.1  23.1  22.9  22.7  23.2  23.2  25.4  26.7  24.2  23.3  22.8  22.7  22.8  22.6  22.4  22.7  22.6  22.7  22.7  22.7  22.8  22.9  22.8  23.0  23.2  23.1  23.0  22.9  23.4  23.3 
 23.3  23.1  23.0  23.3  22.8  22.8  23.3  23.5  25.9  27.3  24.5  23.2  22.7  22.7  22.6  22.7  22.8  22.4  22.6  22.8  22.6  22.6  22.9  23.0  22.8  22.8  23.1  23.2  23.3  22.7  23.1  22.7 
 23.8  23.3  23.4  23.2  23.0  22.9  23.2  22.8  23.3  23.3  23.3  23.0  22.8  22.7  22.7  22.8  22.7  22.7  22.9  22.8  22.7  22.8  22.9  22.8  22.8  22.7  23.0  23.1  23.1  23.0  23.3  23.3 
 23.5  23.4  23.5  23.7  23.3  22.8  23.1  23.0  22.9  22.9  22.9  22.9  22.6  22.7  22.7  22.7  22.6  22.5  22.9  22.9  22.7  22.7  22.8  23.0  22.8  22.8  23.2  23.2  23.1  23.1  23.4  23.5 
 24.0  24.0  24.1  24.0  23.9  23.7  23.3  23.1  23.0  23.0  23.0  22.8  22.7  22.6  22.7  22.7  22.6  22.7  22.8  22.7  22.8  22.7  23.0  22.8  22.7  22.9  23.4  23.9  23.8  23.3  23.7  23.3 
 24.1  23.9  24.3  24.4  24.5  24.6  24.0  23.8  23.1  23.1  22.9  22.9  22.6  22.7  22.9  22.8  22.7  22.7  22.7  22.7  22.7  22.8  22.7 nan  22.7  22.8  24.2  25.2  24.0  23.2  23.2  23.3 
 24.7  24.5  25.6  25.7  27.2  27.7  32.7  34.8  33.0  29.3  23.4  23.0  22.7  22.8  22.8  22.7  22.8  22.5  23.0  22.8  22.9  22.6  22.8  22.9  22.7  22.9  24.2  24.6  23.6  23.2  23.9  23.6 
 24.9  24.9  26.0  26.8  28.4  30.1  41.4  48.8  53.4  47.4  24.9  23.5  22.9  22.7  22.9  22.7  22.7  22.9  22.8  22.9  22.8  22.6  22.8  22.8  22.8  22.8  23.3  23.7  23.4  23.4  23.6  23.8 
 25.2  25.3  26.9  27.5  30.6  33.8  54.8  63.2  74.7  71.5  35.1  25.8  22.9  22.8  22.8  22.7  23.0  22.7  23.0  22.9  22.7  22.7  22.9  22.9  22.9  22.7  23.3  23.1  23.2  23.1  23.9  23.7 
 25.6  25.6  26.9  27.7  30.9  34.2  53.4  62.6  78.6  79.5  37.7  26.2  23.0  22.8  22.8  22.8  22.8  22.7  22.8  22.9  22.7  22.6  22.8  23.1  23.0  22.7  23.1  23.2  23.1  23.1  23.3  23.7 
 25.7  25.4  26.9  27.3  29.6  31.6  44.3  53.6  73.3  70.8  30.6  24.7  23.0  22.8  22.8  22.8  22.7  22.7  22.9  22.8  22.8  22.8  22.8  23.0  23.0  22.8  23.0  23.4  22.9  23.0  23.8  23.6 
 25.6  25.6  26.4  27.2  28.9  29.8  37.0  42.3  54.4  50.1  26.0  23.9  22.9  22.9  23.0  22.8  22.7  22.7  23.0  23.0  22.9  22.7  22.8  23.0  22.8  22.8  23.3  23.2  23.3  23.3  23.7  24.1 
 25.3  25.7  26.6  27.0  27.0  27.1  28.8  29.6  30.0  28.2  24.1  23.4  23.0  22.9  22.8  23.1  22.9  22.8  23.0  23.0  22.9  22.7  23.0  23.2  23.1  22.8  23.3  23.1  23.3  23.3  24.0  24.2 
 25.4  25.7  26.3  26.6  26.1  26.4  27.3  27.7  27.1  26.3  23.9  23.3  23.0  22.9  23.0  22.9  22.9  22.7  22.9  23.1  22.8  22.7  23.1  22.9  23.0  23.2  23.3  23.3  23.1  23.8  24.3  24.2 
 25.7  25.0  25.9  25.9  25.6  25.6  25.7  25.9  25.3  24.7  23.8  23.6  23.1  23.0  22.9  22.9  22.9  22.9  23.2  23.0  22.8  23.0  23.1  23.3  23.3  22.9  23.6  23.6  23.8  24.2  25.4  25.2 
 25.3  25.6  26.0  25.8  25.5  25.5  25.5  25.4  24.9  24.7  23.8  23.6  23.0  22.7  23.0  23.4  23.0  22.9  23.1  23.2  23.1  23.0  23.5  23.3  23.1  23.2  23.4  23.8  24.7  25.1  25.9  26.3 
 26.5  25.5  25.5  25.6  25.0  24.9  25.0  24.7  24.4  24.0  23.9  23.6  23.3  23.2  23.2  23.0  23.0  23.2  23.5  23.2  23.1  23.0  23.8  23.6  23.5  23.7  25.5  25.5  26.3  26.4  26.6  26.6 
 26.4  26.2  25.5  25.7  25.0  24.9  24.8  24.8  24.1  24.0  23.7  23.7  23.5  23.2  23.5  23.3  23.2  23.0  23.1  23.4  23.0  23.3  23.5  23.9  24.7  24.8  26.1  26.8  26.6  26.1  26.6  28.2 
