 24.1  23.8  23.6  23.7  23.2  23.1  23.2  23.0  22.5  22.6  23.1  22.8  22.7  22.5  23.0  22.9  22.8  22.7  23.0  23.0  22.9  22.8  24.6  26.4  27.3  27.2  28.6  28.7  28.9  28.6  30.3  30.1 
 23.6  23.7  23.6  23.8  23.1  22.7  23.1  23.2  22.8  22.7  23.2  23.1  22.5  22.8  22.9  22.9  22.7  22.7  22.8  23.0  22.7  22.7  24.5  25.7  27.1  27.5  28.5  29.2  28.6  28.5  30.0  30.9 
 23.7  23.5  23.8  23.2  23.1  22.7  23.1  23.1  22.8  22.8  23.0  22.9  22.8  22.6  23.0  23.0  22.8  22.4  22.9  23.1  22.7  22.5  23.4  24.2  26.9  27.5  29.0  28.5  29.0  29.3  29.7  29.6 
 23.6  23.2  23.5  23.5  22.8  22.7  22.9  23.3  22.8  22.7  23.2  23.1  22.6  22.7  22.9  22.9  22.8  22.6  22.9  23.0  22.7  22.8  23.3  23.9  26.6  27.6  28.9  29.1  29.0  29.1  29.4  29.6 
 23.4  23.4  23.5  23.3  23.1  22.9  23.4  23.1  23.4  23.3  23.0  23.0  22.9  22.6  23.1  23.0  22.6  22.7  22.8  22.9  22.7  22.8  23.0  23.2  25.0  26.2  28.8  28.9  29.0  29.2  30.0  30.0 
 23.4  23.2  23.3  23.2  23.1  23.0  23.2  23.4  23.6  23.9  23.3  23.1  22.7  22.7  22.9  22.9  22.8  22.8  23.0  23.0  22.9  22.8  23.3  23.2  24.2  24.3  27.2  28.3  29.0  29.1  29.8  30.1 
 23.2  23.1  23.4  23.2  22.9  22.7  23.2  23.3  25.6  26.7  24.3  23.3  22.8  22.7  22.7  22.8  22.7  22.8  23.0  23.0  22.9  22.8  23.2  23.2  23.2  23.2  25.9  27.1  29.3  29.3  29.8  29.8 
 23.5  23.3  23.3  23.5  22.9  22.7  23.3  23.8  26.2  27.5  24.8  23.3  22.6  22.8  22.9  23.0  22.9  22.8  23.0  22.9  22.8  23.0  23.4  23.1  23.2  24.0  27.8  29.3  30.5  30.6  30.1  29.7 
 24.0  23.6  23.8  23.2  23.0  22.7  23.4  23.3  23.4  23.6  23.1  23.0  22.8  22.7  22.8  23.0  22.7  22.7  23.1  23.1  22.9  22.8  23.2  23.0  25.3  26.7  30.5  30.8  31.8  31.9  32.5  32.2 
 23.7  23.6  23.5  23.7  23.3  23.1  23.2  23.2  23.0  23.1  23.0  23.0  22.8  22.6  22.9  22.9  22.7  22.9  23.0  23.2  22.9  22.9  23.2  23.3  26.1  27.7  30.6  31.4  31.6  31.7  32.4  32.9 
 24.0  24.1  24.3  24.2  24.1  24.0  23.4  23.3  23.0  22.9  23.1  22.8  22.7  22.6  23.0  22.9  23.0  22.8  23.1  22.9  22.9  22.8  23.2  23.2  26.7  28.1  30.8  31.2  31.7  32.1  32.7  31.7 
 24.0  24.0  24.4  24.8  24.9  24.9  24.3  24.0  23.2  22.9  23.0  23.0  22.7  22.7  22.9  23.1  22.8  22.8  23.0  23.1  23.0  22.8  23.0 nan  26.6  28.8  31.1  31.4  32.0  31.9  32.7  31.6 
 24.9  24.6  25.9  26.1  27.4  27.9  33.6  36.1  34.0  30.0  23.5  23.3  23.0  22.7  23.0  23.0  22.9  22.7  23.1  22.9  22.8  22.7  23.2  23.1  26.6  28.2  31.8  31.4  31.8  32.0  33.5  33.2 
 24.8  25.0  26.3  26.9  28.9  30.7  42.8  50.2  54.5  47.9  24.9  23.6  22.8  22.8  22.8  22.9  22.7  22.8  23.0  23.2  22.8  22.7  23.1  23.1  25.5  27.8  30.8  31.4  31.8  31.7  33.0  33.1 
 25.4  25.6  27.1  27.6  31.1  34.5  55.5  63.5  74.9  71.4  33.8  25.7  22.8  22.8  22.8  22.9  22.8  22.7  22.8  23.0  22.8  22.9  23.2  23.1  23.3  24.1  28.4  28.8  30.1  29.8  31.5  31.9 
 25.6  25.6  27.2  28.2  31.2  34.4  53.8  63.2  79.1  79.6  35.7  25.9  23.0  22.9  22.9  23.0  22.7  22.6  23.0  23.0  23.0  22.8  23.0  23.0  23.1  23.2  25.5  26.3  27.7  27.8  29.0  29.1 
 25.7  25.6  27.0  27.2  29.8  31.8  44.3  53.4  72.3  67.7  29.0  24.3  22.9  22.8  23.2  22.9  22.9  22.7  23.1  22.9  22.9  22.8  23.1  22.9  23.0  22.9  23.8  23.9  24.3  24.7  25.8  25.5 
 25.6  25.4  26.7  27.2  28.8  29.8  37.0  42.3  53.0  47.7  25.3  23.9  23.1  22.8  23.0  23.1  22.9  22.9  23.0  23.2  22.7  22.7  23.0  23.2  23.2  22.9  23.4  23.7  24.0  24.0  24.8  25.4 
 25.8  25.7  26.7  27.0  27.2  27.2  28.8  29.4  29.6  27.8  24.0  23.5  23.0  22.9  23.2  23.3  23.1  22.9  22.9  23.0  23.1  22.7  23.3  23.2  23.2  23.0  23.4  23.7  23.9  23.3  24.7  24.8 
 25.5  25.9  26.3  26.7  26.6  26.5  27.6  27.7  26.9  26.1  23.7  23.6  23.2  23.1  23.2  23.1  22.9  22.8  23.2  23.2  22.8  22.8  23.2  23.2  22.8  23.0  23.5  23.6  23.5  23.8  24.5  25.1 
 25.6  25.8  25.9  26.1  26.0  25.9  26.1  26.1  25.4  24.6  23.9  23.6  23.2  23.0  23.3  23.2  23.0  22.9  23.3  23.2  23.0  22.9  23.5  23.3  23.4  23.2  23.9  23.7  24.3  24.3  25.6  26.3 
 25.9  25.9  25.8  26.1  25.6  25.6  25.8  25.8  24.8  24.4  23.9  23.7  23.0  23.1  23.1  23.5  22.9  22.8  23.2  23.3  23.2  23.1  23.4  23.6  23.1  23.4  23.6  24.0  24.5  24.9  25.9  26.8 
 27.0  26.2  26.0  25.6  25.3  24.8  25.4  25.0  24.5  23.9  24.1  24.0  23.5  23.3  23.5  23.4  23.4  23.1  23.5  23.2  23.4  23.2  23.7  23.9  23.6  23.6  25.2  25.7  26.3  26.0  27.8  27.1 
 26.5  26.6  25.6  25.9  25.1  24.9  25.0  25.2  24.0  24.0  24.1  24.1  23.6  23.3  23.4  23.4  23.4  23.1  23.5  23.4  23.3  23.4  23.5  24.1  24.3  24.8  26.0  26.8  26.3  26.0  27.9  28.9 
