 24.8  24.0  24.5  24.2  23.9  24.1  24.4  24.0  23.8  23.9  24.1  24.2  24.0  23.8  23.9  24.2  23.8  23.9  24.1  23.9  24.0  23.9  24.4  24.3  24.5  24.4  28.1  29.1  30.3  30.6  29.7  29.1 
 24.5  24.0  24.3  24.3  24.3  23.9  24.4  24.3  24.0  23.9  24.3  24.2  23.9  23.8  24.1  24.1  23.9  23.8  24.2  24.2  23.8  23.7  24.3  24.4  24.0  24.2  26.9  28.5  30.2  30.5  29.4  28.2 
 24.0  24.1  24.4  24.0  24.4  24.1  24.3  24.0  24.0  23.6  24.1  24.0  23.9  23.7  24.0  24.0  23.9  23.7  24.1  24.1  24.0  24.0  24.2  24.2  24.2  24.2  24.9  25.8  27.6  27.2  26.0  25.9 
 23.7  24.0  24.4  24.4  24.0  23.8  24.4  24.2  23.9  23.6  24.1  24.1  23.7  23.6  24.0  24.2  23.8  23.8  24.2  24.1  23.8  23.9  24.1  24.2  24.0  24.0  24.7  24.7  25.0  24.8  25.2  25.1 
 24.2  24.2  24.6  24.4  24.1  24.1  24.1  24.4  23.8  23.7  24.0  23.9  23.6  23.8  23.9  24.0  23.7  23.8  24.0  24.0  24.0  23.7  23.9  24.0  24.0  23.8  24.3  24.0  24.4  24.1  24.4  24.6 
 24.4  24.0  24.3  24.4  24.0  24.2  24.3  24.1  23.8  23.8  23.8  23.9  23.8  23.9  24.0  24.0  23.8  23.8  24.1  24.0  23.6  23.9  24.0  24.1  24.2  23.7  24.2  24.3  24.3  24.0  24.6  24.7 
 24.4  24.0  24.3  24.4  24.1  24.0  24.3  24.3  23.8  23.8  24.0  24.1  23.9  23.8  23.9  24.1  23.9  23.9  24.0  24.0  24.0  23.8  24.2  24.2  23.8  23.8  24.0  24.5  23.9  24.2  24.5  24.5 
 24.1  24.1  24.3  24.5  24.2  24.0  24.2  24.2  23.8  23.8  24.0  24.1  23.7  23.8  23.9  24.0  23.8  23.8  24.0  24.2  24.1  23.9  24.3  24.1  23.9  23.9  24.3  24.3  24.0  24.1  24.1  23.5 
 24.4  24.1  24.4  24.3  24.1  23.8  24.3  24.1  24.1  23.6  24.1  23.9  23.9  23.9  24.0  24.0  23.8  23.7  24.0  24.1  24.1  23.9  24.1  24.3  23.9  23.9  24.3  24.3  24.1  24.0  24.5  24.3 
 24.3  23.9  24.4  24.4  24.2  24.0  24.3  24.1  23.9  24.0  24.1  24.1  23.9  23.6  23.9  24.0  23.9  23.9  24.0  24.1  24.0  23.9  24.1  24.2  24.0  24.0  24.2  24.5  24.1  24.1  24.4  24.4 
 24.3  24.4  24.4  24.7  24.0  23.9  24.1  24.0  23.7  23.7  24.0  24.1  23.9  23.9  24.2  24.1  23.9  24.0  24.1  23.9  24.1  24.0  24.2  24.1  24.0  24.0  24.1  24.1  24.2  24.0  24.7  24.6 
 24.3  24.2  24.3  24.4  23.9  24.0  24.2  24.2  23.8  23.7  24.1  24.1  23.8  23.8  24.0  24.1  24.0  24.0  24.1  24.2  24.0  23.8  24.2 nan  23.9  24.0  24.2  24.4  24.4  24.1  24.6  24.4 
 24.5  24.0  24.4  24.6  23.9  23.9  24.1  24.2  23.9  23.9  24.1  24.1  23.9  23.9  24.1  24.0  24.0  23.9  24.1  24.1  24.0  23.8  24.3  24.5  24.1  24.2  24.7  24.5  24.5  24.4  25.3  25.1 
 24.5  24.2  24.3  24.4  24.1  23.9  24.2  24.1  23.8  23.7  24.0  24.1  23.9  23.9  24.1  24.1  24.0  23.9  24.3  24.3  24.0  23.9  24.3  24.3  24.4  24.3  24.8  24.8  24.8  24.9  25.5  25.2 
 24.5  24.3  24.4  24.6  24.2  24.0  24.3  24.2  24.0  23.8  23.9  23.9  24.0  23.9  24.0  24.2  23.9  23.7  24.2  24.3  24.4  24.8  29.8  31.0  30.7  29.8  27.4  27.1  26.4  26.5  26.2  26.2 
 24.3  24.3  24.5  24.3  24.0  23.9  24.3  24.2  24.0  23.8  24.1  24.1  23.8  23.9  24.1  24.1  23.7  24.0  24.2  24.3  25.2  29.0  45.1  47.3  44.3  39.2  30.8  29.2  27.6  27.2  26.8  26.5 
 24.7  24.4  24.4  24.6  24.3  23.7  24.4  24.3  23.9  23.9  24.0  24.1  24.0  23.8  24.1  24.2  23.9  23.8  24.4  24.4  32.0  44.8  70.4  73.4  69.7  60.4  36.4  32.8  29.2  28.1  27.5  27.1 
 24.5  24.2  24.5  24.6  24.1  24.1  24.4  24.3  24.1  23.8  24.2  24.0  23.9  23.9  24.1  24.2  23.9  24.0  24.3  24.6  34.6  49.0  74.9  77.5  71.6  61.5  37.0  33.3  29.3  28.4  27.6  27.6 
 24.8  24.4  25.1  24.5  24.3  24.3  24.4  24.4  24.1  23.8  24.2  24.1  24.0  23.9  24.3  24.2  24.1  24.0  24.4  24.7  33.6  42.6  65.2  68.1  59.0  49.9  34.9  32.4  29.2  28.3  27.8  27.9 
 24.6  24.4  24.9  25.0  24.7  24.1  24.5  24.4  24.2  24.0  24.3  24.1  24.2  24.0  24.1  24.1  24.1  24.0  24.7  25.0  31.3  36.4  52.2  54.3  47.0  41.8  33.0  31.6  28.6  28.4  28.1  28.6 
 25.0  25.0  24.9  24.9  24.4  24.3  24.3  24.5  24.5  24.0  24.3  24.3  23.9  23.9  24.3  24.3  24.1  24.0  24.7  25.3  27.2  28.6  33.2  34.3  33.6  32.8  30.8  30.2  28.3  27.5  28.6  29.4 
 24.8  24.9  25.0  24.7  24.3  24.2  24.4  24.5  23.9  24.1  24.3  24.4  24.0  23.9  24.3  24.2  23.9  24.1  24.9  25.4  26.2  26.8  30.1  30.8  31.3  31.1  30.1  29.6  27.9  27.8  29.3  30.6 
 25.4  25.1  24.9  25.1  24.4  24.4  24.7  24.7  24.3  24.2  24.5  24.6  24.3  24.1  24.2  24.4  24.4  24.2  25.3  25.3  25.4  25.7  27.7  28.6  29.0  29.0  29.1  28.4  28.1  28.0  30.8  31.9 
 25.4  25.5  24.9  25.1  24.9  24.5  24.7  24.7  24.3  24.1  24.7  24.5  24.3  24.0  24.4  24.5  24.4  24.2  25.2  25.1  25.2  25.6  27.3  27.7  28.0  27.9  28.7  28.6  28.0  28.5  31.7  32.6 
