 25.0  24.3  24.2  24.4  24.2  24.0  24.3  24.7  24.3  24.0  24.1  24.5  24.0  23.8  23.9  24.1  24.0  23.9  24.1  24.3  23.8  24.0  24.2  24.6  24.4  25.0  26.6  28.5  28.1  29.8  29.8  31.3 
 24.6  24.1  24.5  24.5  24.4  24.3  24.7  24.4  24.0  24.0  24.4  24.3  24.2  24.0  24.3  24.2  24.0  23.9  24.3  24.1  24.1  23.7  24.6  24.5  24.5  24.4  27.7  27.4  30.0  28.1  30.3  29.8 
 24.4  24.0  24.4  24.8  24.3  24.3  24.3  24.4  24.1  23.8  23.9  24.3  24.0  23.8  24.0  24.2  24.1  24.0  24.0  24.2  24.0  23.9  24.1  24.1  24.5  24.5  25.9  28.0  27.7  30.1  29.6  29.5 
 23.9  23.9  24.5  24.7  24.2  23.9  24.6  24.4  24.0  23.9  24.3  23.9  23.9  23.9  24.2  24.0  24.0  23.8  24.3  24.1  24.0  24.0  24.5  24.4  24.3  24.0  26.4  26.9  29.6  27.9  30.1  30.5 
 24.2  24.4  24.3  24.8  24.4  24.2  24.3  24.3  24.2  24.0  23.8  24.2  24.0  23.9  24.0  24.0  23.9  24.0  24.0  24.2  24.1  23.9  24.1  24.3  24.2  24.0  25.4  26.0  27.5  28.8  29.3  28.7 
 24.3  24.4  24.4  24.3  24.1  24.2  24.3  24.3  23.9  23.8  24.3  23.9  23.8  23.8  24.1  24.0  24.0  23.9  24.3  24.0  23.8  23.9  24.2  24.1  24.2  24.0  24.6  26.2  27.4  27.9  28.8  29.7 
 24.2  24.2  24.3  24.6  24.2  24.3  24.2  24.4  24.3  24.0  24.0  24.3  23.8  23.8  24.0  24.1  23.7  23.8  24.0  24.1  24.2  24.1  24.0  24.3  24.2  24.0  25.1  24.7  27.4  26.4  29.7  27.1 
 24.6  24.4  24.5  24.4  24.3  24.1  24.4  24.3  23.9  23.8  24.1  24.1  24.0  24.0  24.1  24.0  23.8  24.0  24.2  24.2  24.0  23.9  24.3  24.1  24.1  24.0  24.5  25.6  25.3  28.0  26.3  29.2 
 24.5  24.1  24.4  24.6  24.0  24.1  24.2  24.4  23.9  24.0  24.0  24.2  24.2  23.9  24.0  24.2  24.1  23.9  24.3  24.3  24.0  23.9  24.0  24.4  24.2  24.0  24.5  24.4  26.5  24.8  29.9  25.5 
 24.5  24.2  24.8  24.6  24.2  24.1  24.4  24.0  23.9  23.9  24.2  24.1  24.0  23.9  24.1  24.0  23.8  23.9  24.3  24.2  24.0  23.9  24.5  24.1  24.2  24.2  24.4  24.5  24.4  27.9  25.3  30.4 
 24.7  24.6  24.4  24.6  24.3  24.0  24.2  24.4  24.0  23.9  24.1  24.4  24.2  23.8  24.0  24.3  24.0  24.0  24.1  24.3  24.1  24.2  24.2  24.4  24.2  24.2  24.4  24.3  26.8  24.2  30.4  25.0 
 24.2  24.4  24.6  24.2  24.3  24.2  24.3  24.1  24.0  23.7  24.2  24.2  24.0  23.9  24.1  24.2  23.9  24.1  24.2  24.1  24.2  24.0  24.5 nan  24.0  24.1  24.5  25.1  24.4  27.8  24.8  30.0 
 24.7  24.2  24.3  24.8  24.3  24.0  24.1  24.4  23.9  24.0  24.1  24.2  24.0  23.8  24.0  24.3  24.1  24.0  24.2  24.2  24.1  24.1  24.2  24.6  24.3  24.2  24.6  24.7  26.1  24.6  28.2  25.3 
 24.1  24.4  24.8  24.6  24.3  23.9  24.5  24.3  24.0  23.9  24.2  24.1  23.9  24.0  24.2  24.2  23.9  24.0  24.3  24.3  24.2  24.2  24.8  24.4  24.5  24.4  25.0  24.9  24.9  26.2  25.7  27.0 
 24.4  24.5  24.4  24.8  24.3  24.1  24.3  24.4  24.1  24.0  24.0  24.3  24.0  23.9  24.1  24.2  24.1  23.9  24.1  24.3  24.6  24.9  29.7  31.1  31.1  29.9  27.3  27.3  26.7  26.4  26.6  26.9 
 24.5  24.7  25.0  24.5  24.2  24.2  24.5  24.1  24.1  24.0  24.2  24.2  23.9  23.9  24.0  24.2  23.8  24.0  24.3  24.4  25.3  28.8  45.2  47.4  44.4  39.2  30.9  29.2  27.5  27.5  26.9  26.9 
 24.6  24.6  24.4  24.8  24.5  23.8  24.2  24.4  24.2  23.8  24.1  24.3  24.1  24.0  24.1  24.3  24.2  24.0  24.2  24.5  32.1  44.9  70.4  73.6  69.7  60.6  36.3  32.9  29.1  28.3  27.6  27.5 
 24.4  24.7  24.8  24.5  24.4  24.0  24.7  24.4  24.1  23.9  24.2  24.1  24.0  23.9  24.4  24.2  24.0  24.0  24.4  24.6  34.6  49.0  75.0  77.6  71.5  61.6  37.1  33.3  29.5  28.8  28.2  27.6 
 25.0  24.3  24.7  24.8  24.4  24.4  24.4  24.7  24.3  24.2  24.0  24.4  24.1  23.9  24.3  24.4  24.2  24.1  24.4  24.8  33.7  42.6  65.1  68.1  59.1  50.2  34.5  32.8  29.5  28.5  27.8  28.1 
 24.8  24.9  25.1  25.1  24.6  24.2  24.6  24.3  24.0  24.0  24.4  24.2  24.1  24.1  24.2  24.3  24.0  24.2  24.8  25.0  31.3  36.5  52.2  54.3  47.1  42.0  33.0  31.7  28.9  28.6  28.3  28.3 
 25.2  24.7  24.8  25.2  24.6  24.4  24.5  24.7  24.4  24.3  24.3  24.4  24.3  24.1  24.3  24.4  24.2  24.1  24.7  25.6  27.4  28.7  33.1  34.4  33.9  32.7  30.8  30.3  28.0  27.9  28.5  29.7 
 24.8  24.8  25.2  25.0  24.5  24.4  24.9  24.7  24.0  24.3  24.6  24.4  24.1  24.2  24.4  24.4  24.3  23.9  25.2  25.6  26.2  26.9  30.2  30.8  31.3  31.3  30.0  29.5  28.0  28.0  30.0  30.3 
 25.7  25.6  25.1  25.6  24.6  24.4  24.6  24.9  24.5  24.2  24.4  24.6  24.3  24.3  24.4  24.6  24.4  24.2  25.2  25.4  25.5  25.8  27.7  28.8  29.2  28.9  28.8  28.6  27.7  27.8  30.8  32.8 
 26.4  25.8  25.2  25.1  24.3  24.8  25.0  24.6  24.2  24.2  24.6  24.7  24.1  24.3  24.7  24.5  24.3  24.5  25.3  25.4  25.1  25.6  27.6  27.7  28.4  28.1  28.7  28.5  28.0  28.7  32.9  33.6 
