 24.7  24.0  24.1  24.1  24.2  24.1  24.5  24.3  24.2  23.9  24.3  24.3  24.0  23.8  23.9  24.3  24.0  23.9  24.4  24.3  24.2  24.2  24.2  24.6  24.2  24.4  24.4  24.6  24.9  24.5  25.5  26.7 
 24.3  24.0  24.4  24.6  24.5  24.4  24.8  24.6  24.0  23.8  24.4  24.4  23.9  24.0  24.1  24.3  24.0  23.9  24.2  24.3  24.2  24.0  24.5  24.6  24.3  24.2  24.4  24.5  24.6  24.2  25.5  25.9 
 24.1  24.1  24.5  24.3  24.3  24.3  24.4  24.2  23.9  23.9  24.1  24.3  23.8  23.8  24.2  24.2  23.8  23.9  24.2  24.1  24.1  24.0  24.3  24.2  24.4  24.2  24.4  24.3  24.3  24.4  24.7  25.0 
 24.2  24.0  24.3  24.7  24.4  24.4  24.3  24.3  24.0  23.8  24.2  24.2  24.0  24.0  24.2  24.0  24.2  23.8  24.4  24.2  24.1  24.0  24.4  24.1  24.1  24.1  24.6  24.6  24.2  24.3  25.1  25.3 
 24.0  24.2  24.4  24.7  24.3  24.3  24.3  24.3  24.1  23.9  24.0  24.2  23.9  23.9  24.0  24.1  23.8  24.0  24.1  24.1  24.0  23.9  24.2  24.3  24.0  24.1  24.4  24.6  24.1  24.3  24.6  25.1 
 24.4  24.1  24.2  24.4  24.2  24.1  24.4  24.4  24.1  23.9  24.2  24.0  24.0  23.9  24.0  24.3  24.0  24.0  24.1  24.2  24.0  23.8  24.2  24.0  24.4  24.0  24.5  24.5  24.1  24.2  24.8  24.8 
 24.2  24.3  24.4  24.3  24.1  24.2  24.2  24.4  24.2  24.0  24.2  24.2  24.0  23.9  24.0  24.1  23.8  24.0  24.1  24.2  24.0  24.2  24.2  24.2  24.0  23.8  24.3  24.4  24.3  24.4  24.5  24.7 
 24.3  24.2  24.3  24.8  24.3  24.0  24.4  24.3  24.1  23.8  24.2  24.3  23.8  23.8  24.1  24.0  24.1  23.8  24.0  24.1  24.0  23.8  24.4  24.2  24.0  24.0  24.5  24.4  24.3  24.2  24.4  23.8 
 24.6  24.2  24.6  24.5  24.0  24.0  24.3  24.3  24.1  23.9  24.3  24.1  23.9  23.9  24.1  24.2  24.0  23.9  24.0  24.2  24.0  24.1  24.1  24.2  24.2  24.4  24.3  24.5  24.3  24.2  24.4  24.6 
 24.6  24.2  24.6  24.3  24.3  24.0  24.4  24.3  24.0  24.0  24.1  24.1  24.0  23.8  24.0  24.0  23.8  24.0  24.2  24.2  24.3  24.1  24.3  24.3  24.1  24.1  24.4  24.4  24.1  24.0  24.8  24.7 
 24.5  24.4  24.6  24.7  24.0  24.1  24.2  24.3  24.1  24.0  24.1  24.2  23.9  24.0  24.2  24.1  23.8  24.0  24.2  24.1  23.9  24.2  24.3  24.3  24.1  24.0  24.5  24.5  24.2  24.2  24.5  24.6 
 24.5  24.4  24.5  24.3  24.3  24.2  24.1  24.2  24.0  23.8  24.2  24.2  24.0  23.8  24.1  24.2  23.9  23.8  24.2  24.2  24.0  24.1  24.3 nan  24.2  24.1  24.4  24.5  24.5  24.4  24.8  24.6 
 24.6  24.3  24.6  24.5  24.1  24.1  24.5  24.3  23.8  24.1  24.0  24.1  24.2  24.0  24.2  24.3  24.0  24.1  24.3  24.3  24.1  24.2  24.3  24.6  24.3  24.3  24.5  24.8  24.5  24.4  25.0  25.4 
 24.3  24.1  24.8  24.4  24.3  24.2  24.3  24.4  24.0  23.9  24.2  24.2  23.9  24.0  24.1  24.2  24.0  24.0  24.3  24.3  24.3  24.2  24.5  24.7  24.6  24.3  25.0  25.0  25.0  25.1  25.5  25.5 
 24.2  24.6  24.7  24.6  23.9  24.2  24.3  24.3  24.0  24.0  24.1  24.4  24.1  24.0  24.1  24.2  24.0  24.0  24.3  24.5  24.5  24.9  29.8  31.2  30.8  29.9  27.6  27.4  26.5  26.5  26.4  26.5 
 24.7  24.4  24.5  24.7  24.2  24.0  24.2  24.3  24.1  24.0  24.1  24.1  24.1  24.0  24.1  24.2  24.2  23.9  24.3  24.4  25.6  28.8  45.2  47.5  44.6  39.3  31.0  29.3  27.7  27.2  27.0  26.7 
 24.7  24.7  24.8  24.4  24.0  24.2  24.4  24.4  24.1  23.9  24.1  24.2  23.8  23.9  24.1  24.2  23.9  24.2  24.3  24.6  32.2  44.7  70.4  73.5  69.7  60.6  36.4  33.1  28.8  28.4  27.7  27.5 
 24.8  24.2  24.8  24.6  24.1  24.3  24.5  24.3  24.2  23.9  24.2  24.2  24.1  24.0  24.2  24.5  24.2  24.0  24.3  24.7  34.6  49.0  75.2  77.7  71.6  61.6  37.2  33.3  29.6  28.5  27.7  27.6 
 24.8  24.7  25.0  24.9  24.3  24.4  24.5  24.7  24.3  24.1  24.2  24.3  24.0  24.0  24.1  24.4  24.1  24.2  24.3  24.9  33.6  42.6  65.1  68.1  59.2  50.3  34.8  32.8  29.3  28.6  27.9  28.2 
 24.9  24.6  25.0  24.9  24.8  24.2  24.4  24.5  24.2  24.0  24.2  24.3  24.0  24.0  24.4  24.3  24.2  24.0  24.7  25.0  31.5  36.4  52.1  54.2  47.2  42.0  33.1  31.8  29.0  28.4  28.4  28.2 
 25.0  24.7  25.1  24.9  24.3  24.3  24.6  24.7  24.3  24.3  24.3  24.3  24.1  24.1  24.4  24.5  24.0  24.4  24.6  25.7  27.2  28.8  33.1  34.2  33.9  33.0  30.9  30.5  28.1  28.0  28.6  29.5 
 25.3  24.9  25.2  24.8  24.8  24.3  24.6  24.5  24.5  24.1  24.4  24.5  24.2  24.1  24.3  24.3  24.3  24.0  25.1  25.5  26.3  27.0  30.2  30.9  31.5  31.2  30.1  29.6  27.9  27.9  29.2  30.4 
 25.5  25.3  24.9  25.4  24.7  24.7  24.9  24.9  24.7  24.4  24.4  24.6  24.2  24.4  24.5  24.6  24.4  24.4  25.4  25.5  25.6  25.9  27.8  28.7  28.9  28.9  29.1  28.7  27.8  28.1  30.6  32.5 
 26.8  25.4  25.3  25.3  24.9  24.5  24.7  24.9  24.5  24.1  24.7  24.6  24.4  24.3  24.7  24.5  24.7  24.3  25.4  25.2  25.5  25.5  27.4  27.7  28.2  28.2  28.4  28.4  27.9  28.4  32.3  32.8 
