 25.2  24.2  24.3  24.5  24.4  24.0  24.4  24.4  24.2  23.8  24.3  24.2  24.2  24.0  24.0  24.2  23.9  24.1  24.1  24.2  24.2  24.0  24.0  24.4  24.2  24.1  27.2  28.5  30.3  30.6  29.5  29.2 
 24.5  24.4  24.3  24.2  24.3  24.1  24.4  24.2  24.1  24.1  24.2  24.1  24.0  23.8  24.0  24.0  24.1  23.9  24.3  24.1  24.2  23.8  24.4  24.3  24.5  24.4  25.8  27.3  30.0  30.0  29.5  28.2 
 24.4  23.9  24.3  24.4  24.4  24.4  24.1  24.4  24.0  24.0  24.0  24.2  23.9  24.0  24.0  24.2  23.9  24.1  23.9  24.1  24.1  24.0  24.2  24.2  24.2  24.2  24.5  25.2  27.4  27.0  26.4  26.3 
 24.0  23.8  24.6  24.4  24.1  24.1  24.4  24.4  24.0  23.9  24.2  24.0  24.0  23.7  24.1  24.0  24.1  23.9  24.3  24.0  24.0  24.0  24.4  24.0  24.1  23.8  24.4  24.4  24.8  24.7  25.3  25.3 
 24.4  24.3  24.5  24.5  24.3  24.4  24.3  24.4  24.0  23.9  23.9  24.2  24.0  23.9  23.9  24.2  24.0  23.8  24.0  24.1  24.1  23.9  24.1  24.4  24.2  24.2  24.4  24.5  24.1  24.3  24.6  24.9 
 24.0  24.2  24.5  24.4  24.3  24.5  24.6  24.2  24.2  23.9  24.0  24.1  24.0  23.8  24.1  24.1  24.0  23.9  24.1  24.2  24.1  23.9  24.2  24.1  24.2  24.0  24.2  24.2  24.4  24.4  25.0  24.5 
 24.4  24.1  24.4  24.4  24.2  24.2  24.3  24.2  24.0  23.9  23.9  24.2  24.1  23.8  24.0  24.1  24.1  23.9  24.0  24.0  24.1  23.9  24.0  24.1  24.2  23.8  24.3  24.4  24.3  24.2  24.5  24.5 
 24.4  24.1  24.3  24.4  24.3  24.2  24.5  24.0  24.2  23.8  24.1  23.9  24.1  23.7  24.0  24.1  24.0  23.7  24.1  24.0  24.0  24.0  24.3  24.0  24.2  24.0  24.3  24.1  24.0  24.2  24.4  23.9 
 24.8  23.9  24.6  24.5  24.3  24.0  24.1  24.3  24.1  24.0  24.0  24.0  24.0  23.9  23.9  24.2  23.9  23.9  24.1  24.1  24.1  24.0  24.2  24.4  24.3  24.0  24.1  24.5  24.4  24.3  24.4  24.6 
 24.6  24.4  24.4  24.4  24.3  24.2  24.3  24.0  23.9  23.9  24.1  24.1  23.9  23.8  24.1  23.9  24.1  23.9  24.3  24.1  23.9  24.0  24.2  24.1  24.2  24.2  24.4  24.5  24.0  24.2  24.7  24.4 
 24.5  24.4  24.4  24.5  24.1  24.2  24.1  24.2  24.0  24.0  24.0  24.1  23.9  23.9  24.0  24.1  24.0  24.0  24.3  24.3  24.1  24.1  24.1  24.3  24.2  24.2  24.2  24.4  24.1  24.3  24.5  24.8 
 24.3  24.2  24.5  24.4  24.2  24.1  24.2  24.1  23.8  23.9  24.2  24.2  24.2  23.8  24.0  24.1  24.0  24.0  24.1  24.1  24.3  24.0  24.3 nan  24.1  24.1  24.2  24.3  24.4  24.1  24.8  24.6 
 24.8  24.3  24.4  24.5  24.2  24.0  24.2  24.4  23.9  23.9  24.0  24.2  24.0  23.9  24.0  24.2  24.1  24.0  24.2  24.3  24.2  24.2  24.2  24.5  24.5  24.3  24.6  24.5  24.7  24.7  25.3  25.2 
 24.5  24.4  24.7  24.5  24.2  24.3  24.5  24.2  23.9  23.8  24.3  24.1  24.0  24.0  24.2  24.1  24.0  24.0  24.2  24.2  24.3  24.1  24.5  24.4  24.3  24.4  25.0  24.7  25.1  25.1  25.3  25.3 
 24.3  24.2  24.5  24.3  24.3  24.1  24.2  24.4  24.3  24.0  24.0  24.2  24.0  23.9  24.0  24.1  24.1  23.9  24.2  24.4  24.5  24.9  29.9  31.2  30.9  29.8  27.4  27.4  26.6  26.4  26.2  26.1 
 24.2  24.4  24.7  24.5  24.0  24.2  24.3  24.2  24.1  23.8  24.2  23.9  24.0  23.9  24.1  24.0  24.0  23.9  24.2  24.3  25.4  28.9  45.2  47.2  44.5  39.2  30.9  29.2  27.7  27.2  27.0  26.9 
 24.5  24.5  24.5  24.5  24.3  24.1  24.2  24.2  24.2  23.9  24.0  24.2  24.2  23.9  24.2  24.1  24.0  24.0  24.2  24.5  32.3  45.0  70.5  73.6  69.8  60.5  36.2  32.9  29.2  28.5  27.2  27.4 
 25.0  24.5  24.6  24.6  24.2  24.3  24.5  24.3  24.2  24.0  24.2  23.9  23.9  24.1  24.3  24.2  24.1  24.0  24.6  24.5  34.8  49.2  75.2  77.5  71.6  61.6  36.9  33.3  29.6  28.7  27.9  27.4 
 24.8  24.6  24.8  24.8  24.5  24.4  24.5  24.5  24.2  24.1  24.2  24.3  24.1  24.0  24.1  24.3  24.1  24.2  24.4  24.9  33.6  42.8  65.2  68.2  59.2  50.1  34.8  32.6  29.3  28.9  27.9  28.2 
 24.9  24.9  24.9  24.7  24.6  24.3  24.5  24.1  24.3  24.2  24.4  24.2  24.2  24.1  24.3  24.1  24.1  23.9  24.7  25.0  31.5  36.6  52.2  54.1  47.0  42.0  33.0  31.5  29.0  28.5  28.4  28.0 
 25.0  24.6  24.9  24.9  24.7  24.5  24.3  24.6  24.2  24.3  24.2  24.3  24.2  24.2  24.2  24.5  24.3  24.3  24.7  25.5  27.4  28.8  33.2  34.3  33.9  32.9  31.0  30.3  28.3  27.8  28.4  29.8 
 24.9  24.8  25.0  24.7  24.5  24.2  24.6  24.5  24.3  24.3  24.2  24.2  24.1  23.9  24.3  24.4  24.2  24.0  25.1  25.5  26.1  26.9  30.3  30.9  31.3  31.3  30.4  29.5  28.1  27.9  29.4  30.3 
 26.2  25.5  24.9  25.2  24.7  24.3  24.3  24.6  24.6  24.4  24.2  24.5  24.5  24.0  24.2  24.3  24.3  24.5  25.3  25.4  25.7  26.0  27.7  28.6  29.2  28.9  28.8  28.5  27.9  28.3  31.1  32.5 
 25.9  25.5  25.1  24.9  24.7  24.6  25.1  24.7  24.6  24.5  24.6  24.5  24.4  24.3  24.5  24.5  24.5  24.4  25.3  25.0  25.5  25.7  27.4  27.7  28.2  28.2  28.3  28.1  28.1  29.2  32.7  32.6 
