 24.7  24.4  24.3  24.3  24.2  24.3  24.7  24.6  24.2  23.8  24.2  24.4  24.1  24.0  24.2  24.4  24.1  23.9  24.1  24.3  24.3  24.1  24.3  24.6  24.2  25.5  28.7  30.5  30.9  31.2  30.4  30.4 
 24.5  24.4  24.6  24.5  24.4  24.4  24.5  24.5  24.1  24.0  24.4  24.3  24.4  24.0  24.3  24.1  23.9  23.9  24.4  24.2  24.5  24.3  24.3  24.4  24.6  24.6  29.0  29.1  30.8  31.1  31.2  29.4 
 24.5  23.9  24.4  24.6  24.4  24.3  24.1  24.6  24.1  24.0  24.1  24.2  23.9  24.0  24.0  24.3  23.9  24.0  24.3  24.2  24.0  24.0  24.4  24.3  24.4  24.6  25.6  28.0  29.3  30.1  29.0  30.2 
 23.8  24.1  24.6  24.8  24.4  24.4  24.4  24.2  24.0  23.9  24.4  24.0  24.0  24.0  24.2  24.2  24.0  23.9  24.2  24.0  24.2  24.2  24.3  24.2  24.2  24.5  25.4  25.6  28.1  28.4  29.3  26.8 
 24.3  24.5  24.4  24.7  24.5  24.5  24.3  24.5  24.1  24.1  24.0  24.2  24.1  24.0  24.1  24.2  24.0  23.9  24.0  24.1  24.1  23.8  24.0  24.2  24.3  24.0  24.5  24.5  24.4  24.6  24.7  27.5 
 24.4  24.3  24.6  24.4  24.3  24.4  24.1  24.4  24.1  24.2  24.2  24.2  23.9  24.0  24.1  24.1  24.0  24.0  24.2  24.1  24.1  24.0  24.3  24.3  24.1  24.1  24.4  24.5  24.6  24.6  25.1  25.2 
 24.5  24.3  24.4  24.3  24.5  24.2  24.1  24.3  24.2  23.8  24.1  24.1  24.0  24.0  24.1  24.1  24.1  23.9  24.1  24.2  24.3  23.9  24.2  24.5  24.0  23.9  24.4  24.4  24.6  24.2  24.5  24.5 
 24.7  24.0  24.5  24.6  24.4  24.1  24.5  24.2  24.1  24.0  24.1  23.9  24.0  24.1  24.2  24.1  24.1  23.9  24.1  24.1  24.0  23.9  24.3  24.1  24.0  24.0  24.3  24.4  24.2  24.1  24.7  23.8 
 24.7  24.2  24.5  24.6  24.4  24.0  24.2  24.3  24.0  24.0  24.1  24.0  24.1  23.9  24.1  24.2  23.9  23.9  24.3  24.3  24.2  24.1  24.3  24.3  24.4  24.1  24.5  24.7  24.3  24.2  24.3  24.6 
 24.4  24.3  24.7  24.6  24.2  24.2  24.3  24.2  24.0  24.1  24.1  24.2  24.0  24.0  24.0  24.2  24.1  24.1  24.1  24.3  24.2  24.2  24.3  24.3  24.1  24.2  24.6  24.3  24.4  24.4  25.0  24.6 
 24.3  24.4  24.4  24.5  24.3  24.2  24.3  24.2  24.1  23.9  24.1  24.2  24.0  23.9  24.1  24.2  24.1  24.0  24.3  24.3  24.1  24.2  24.3  24.4  24.3  24.2  24.3  24.3  24.4  24.2  24.5  24.6 
 24.8  24.3  24.5  24.4  24.1  24.1  24.2  24.3  24.0  24.0  24.2  24.1  24.1  24.0  24.1  24.2  24.0  24.1  24.4  24.3  24.2  24.2  24.3 nan  24.3  24.2  24.4  24.6  24.5  24.1  24.9  24.9 
 24.8  24.3  24.6  24.6  24.3  24.1  24.2  24.4  24.0  24.0  24.1  24.3  24.0  23.9  24.2  24.3  24.2  24.0  24.3  24.2  24.2  24.2  24.4  24.7  24.5  24.2  24.7  24.6  24.8  24.7  25.0  25.2 
 24.6  24.5  24.6  24.5  24.3  24.2  24.5  24.3  24.0  24.1  24.2  24.1  24.0  24.2  24.2  24.2  24.1  24.2  24.2  24.2  24.3  24.2  24.6  24.5  24.6  24.4  25.1  25.0  25.4  25.1  25.5  25.4 
 24.5  24.3  24.5  24.7  24.6  24.2  24.2  24.2  24.2  24.0  24.0  24.3  24.1  23.8  24.0  24.2  24.1  24.0  24.3  24.5  24.6  24.9  29.8  31.1  30.9  30.0  27.7  27.4  26.8  26.4  26.2  26.6 
 24.4  24.4  24.5  24.6  24.3  24.2  24.4  24.3  24.2  24.1  24.1  24.1  23.9  23.9  24.2  24.1  24.0  23.9  24.4  24.5  25.3  29.1  45.2  47.5  44.5  39.4  31.1  29.6  27.7  27.3  26.8  26.5 
 24.8  24.7  24.5  24.5  24.5  24.2  24.4  24.4  24.2  23.9  24.2  24.3  24.1  24.0  24.2  24.2  24.0  24.1  24.5  24.4  32.4  45.1  70.5  73.6  69.8  60.4  36.3  33.0  29.3  28.4  27.5  27.3 
 24.6  24.6  24.6  24.6  24.2  24.3  24.6  24.2  24.1  23.9  24.1  24.0  23.8  24.1  24.2  24.3  24.1  24.0  24.5  24.7  34.8  49.3  75.1  77.8  71.6  61.6  37.0  33.4  29.9  28.8  28.0  27.6 
 24.9  24.7  24.9  24.9  24.4  24.4  24.5  24.7  24.3  24.1  24.3  24.2  24.2  23.9  24.4  24.4  24.3  24.2  24.3  24.8  33.7  42.9  65.3  68.3  59.1  50.0  35.0  32.6  29.4  28.6  28.1  28.4 
 25.1  25.0  25.0  25.2  24.7  24.3  24.5  24.4  24.2  24.0  24.4  24.5  24.2  24.1  24.3  24.3  24.3  24.2  24.6  25.2  31.7  36.6  52.4  54.3  47.1  42.0  33.2  31.6  29.0  28.6  28.2  28.5 
 25.1  25.0  25.2  25.2  24.7  24.5  24.4  24.8  24.4  24.2  24.4  24.7  24.1  24.2  24.3  24.4  24.4  24.2  24.7  25.5  27.5  28.9  33.4  34.3  33.9  32.7  30.8  30.1  28.2  28.0  28.4  29.8 
 25.1  25.1  25.3  24.8  24.6  24.5  24.8  24.8  24.3  24.4  24.4  24.5  24.3  24.2  24.4  24.3  24.2  24.3  25.2  25.6  26.4  27.1  30.3  31.1  31.5  31.4  29.9  29.7  28.1  28.1  29.4  30.7 
 26.0  25.5  25.0  25.0  24.9  24.3  25.0  24.7  24.4  24.2  24.4  24.6  24.6  24.3  24.3  24.6  24.5  24.3  25.3  25.5  25.8  25.8  27.8  28.6  29.1  29.2  28.9  28.7  28.0  27.7  31.3  32.5 
 26.2  25.7  25.1  25.2  25.0  24.6  24.6  24.9  24.2  24.6  24.6  24.5  24.2  24.3  24.8  24.5  24.4  24.6  25.4  25.2  25.3  25.6  27.4  28.0  28.0  28.6  28.5  28.4  28.3  28.8  31.4  32.8 
