 24.5  23.0  23.8  23.4  23.5  22.6  23.0  23.0  22.8  22.5  22.9  22.9  22.8  22.4  23.0  22.8  22.8  22.4  23.0  22.7  22.9  22.6  23.0  23.1  23.0  22.9  23.6  23.7  24.2  23.1  24.1  25.6 
 23.7  23.5  23.7  24.0  23.1  22.8  22.8  23.0  22.6  22.8  22.8  23.1  22.5  22.6  22.9  22.9  22.6  22.7  22.8  22.9  22.5  22.7  23.0  23.0  22.9  22.9  23.3  24.5  23.8  23.5  24.0  24.4 
 23.7  22.8  23.7  23.0  23.2  22.7  23.0  23.0  23.1  22.5  22.9  22.7  22.7  22.5  22.9  22.7  22.6  22.3  22.8  22.9  22.8  22.4  22.9  22.9  23.0  22.7  23.3  23.3  23.3  23.1  23.8  23.6 
 23.3  23.3  23.3  23.4  22.4  22.8  23.0  23.1  22.8  22.8  23.0  23.0  22.3  22.7  22.6  23.0  22.5  22.8  22.6  22.8  22.7  22.6  22.7  23.0  22.7  22.8  23.2  23.5  22.6  23.0  23.6  24.0 
 23.9  23.1  23.5  23.2  23.0  22.5  23.1  23.0  23.5  23.2  23.3  22.8  22.7  22.5  22.7  22.6  22.5  22.5  22.6  22.6  22.7  22.4  22.8  22.8  22.9  22.7  23.0  23.0  23.1  23.1  23.5  23.4 
 23.1  23.2  23.1  23.2  22.6  22.8  23.1  23.2  23.8  24.2  23.0  23.2  22.7  22.8  22.5  22.9  22.6  22.6  22.7  22.9  22.5  22.5  22.7  22.9  22.9  23.0  22.8  23.1  22.9  23.4  23.3  23.8 
 23.5  23.1  23.4  23.1  23.1  22.7  23.3  23.5  25.6  26.5  24.4  23.3  23.0  22.4  22.7  22.7  22.7  22.5  22.9  22.7  22.8  22.5  23.0  23.0  23.0  22.6  22.9  23.1  23.0  22.9  23.3  23.4 
 23.2  23.2  22.9  23.3  22.9  23.0  23.4  23.9  25.7  27.3  24.5  23.3  22.8  22.8  22.6  22.8  22.5  22.7  22.7  22.8  22.5  22.9  22.9  23.2  22.7  22.8  23.1  23.0  23.0  23.1  23.3  22.7 
 23.8  23.1  23.8  23.2  22.9  22.7  23.2  23.1  23.6  23.2  23.2  22.8  22.9  22.6  22.8  22.8  22.9  22.6  23.0  22.8  23.0  22.7  22.9  22.9  22.9  22.7  23.0  23.0  23.0  23.0  23.4  23.2 
 23.5  23.4  23.5  23.4  22.9  23.0  23.0  23.2  22.9  23.1  22.8  23.0  22.6  22.8  22.6  23.0  22.6  22.8  22.7  22.9  22.6  22.6  22.6  22.8  22.7  22.8  22.9  23.2  23.1  23.2  23.3  23.7 
 24.1  23.6  24.1  24.2  24.0  23.4  23.4  23.1  23.1  22.8  23.0  22.8  22.9  22.7  23.0  22.8  22.9  22.5  23.0  22.9  22.9  22.5  22.8  22.8  22.9  22.5  23.7  23.8  23.9  23.4  23.5  23.2 
 23.9  24.0  24.2  24.5  24.4  24.7  23.8  24.0  23.1  23.2  22.9  23.1  22.7  22.8  22.8  23.0  22.7  22.7  22.7  22.8  22.6  22.9  22.7 nan  22.6  22.8  24.2  25.4  24.0  23.6  23.2  23.8 
 24.7  24.3  25.5  25.9  27.2  27.5  32.8  34.7  33.1  29.3  23.5  23.1  23.0  22.6  22.8  23.0  22.9  22.6  22.9  22.9  22.9  22.7  22.7  22.8  22.9  22.6  24.3  24.5  23.8  23.1  23.9  23.5 
 24.6  25.1  25.8  26.4  28.4  30.3  41.6  48.9  53.4  47.5  24.7  23.7  22.8  22.8  22.7  22.9  22.6  22.8  22.7  22.9  22.5  22.7  22.8  23.1  22.7  22.8  23.3  23.6  23.4  23.5  23.7  23.8 
 25.3  25.3  26.9  27.4  30.9  33.6  54.9  63.1  74.7  71.3  35.0  25.8  23.1  22.7  22.8  22.8  22.9  22.6  22.8  22.8  22.8  22.5  23.0  22.8  23.0  22.8  23.3  23.0  23.6  23.1  23.8  23.6 
 25.3  25.7  27.1  27.9  30.6  34.5  53.6  62.7  78.4  79.5  37.7  26.3  22.8  23.0  22.8  22.9  22.6  22.8  22.8  22.9  22.6  22.7  22.9  23.0  22.7  22.8  23.2  23.3  23.1  23.2  23.5  23.9 
 25.6  25.4  26.9  27.2  29.9  31.8  44.4  53.3  73.6  70.7  30.4  24.6  23.2  22.7  22.9  22.6  22.8  22.6  22.9  22.8  23.0  22.4  22.9  22.8  23.2  22.6  23.3  23.0  23.0  22.9  23.9  23.6 
 25.5  25.5  26.1  27.2  28.7  30.1  36.9  42.2  54.3  50.3  26.2  24.0  22.8  22.9  22.8  23.0  22.6  22.7  23.0  23.1  22.6  22.8  22.7  23.1  22.7  22.8  23.1  23.4  23.1  23.4  23.6  23.8 
 25.8  25.6  26.8  26.7  27.1  27.1  28.9  29.7  30.1  28.2  24.2  23.3  23.1  22.7  23.1  23.1  23.0  22.8  23.1  23.0  23.1  22.7  23.2  23.1  23.2  22.8  23.5  23.1  23.7  23.0  23.5  24.1 
 25.7  25.9  26.2  26.4  26.3  26.6  27.6  27.7  27.2  26.5  23.8  23.4  22.9  23.0  23.1  23.2  22.7  22.9  23.1  23.0  22.8  23.0  23.1  23.3  22.7  23.0  23.3  23.7  23.0  23.4  24.2  24.7 
 25.6  25.1  26.0  25.8  26.0  25.2  26.0  25.7  25.5  24.8  23.9  23.5  23.3  22.9  23.2  23.0  23.0  22.7  23.1  22.9  23.1  22.7  23.1  23.2  23.2  23.0  23.6  23.8  24.2  23.9  25.5  25.4 
 25.3  25.3  25.7  26.1  25.3  25.7  25.6  25.8  24.6  24.5  23.6  23.6  23.0  23.2  23.1  23.2  22.7  22.9  23.1  23.2  22.8  23.1  23.3  23.3  23.1  23.3  23.3  24.1  24.4  25.0  25.5  25.8 
 26.4  25.4  25.5  25.7  25.6  24.8  25.1  24.8  24.3  23.9  23.7  23.7  23.4  23.0  23.6  23.3  23.3  22.8  23.4  23.1  23.3  22.9  23.5  23.5  23.7  23.6  25.3  25.5  26.3  25.9  26.3  26.9 
 26.6  26.3  25.4  25.7  24.9  25.2  24.9  25.1  24.0  23.8  23.7  24.0  23.2  23.3  23.3  23.4  23.0  23.3  23.3  23.3  23.1  23.3  23.7  23.9  24.3  24.9  26.5  26.8  26.1  26.5  27.7  27.9 
