 24.7  24.4  24.3  24.5  24.5  24.1  24.5  24.4  24.2  24.1  24.2  24.4  24.0  23.9  24.3  24.2  23.9  23.9  24.2  24.2  24.3  24.0  24.4  24.7  24.4  24.2  24.7  24.8  25.0  24.5  25.5  26.7 
 24.5  24.4  24.3  24.1  24.3  24.2  24.4  24.5  24.3  24.0  24.2  24.3  24.0  24.0  24.2  24.1  23.9  23.9  24.3  24.2  24.2  23.9  24.3  24.6  24.0  24.2  24.4  24.7  24.6  24.6  25.5  25.6 
 24.3  23.9  24.7  24.6  24.4  24.1  24.4  24.4  24.2  23.9  24.3  24.3  24.0  23.8  24.2  24.1  24.0  24.1  24.1  24.2  24.1  24.0  24.1  24.5  24.3  24.2  24.6  24.3  24.5  24.4  25.0  25.0 
 23.9  24.1  24.6  24.5  24.1  24.2  24.4  24.6  24.0  23.9  24.3  23.9  23.9  24.0  24.2  24.3  24.0  23.8  24.2  24.3  24.0  24.1  24.3  24.5  23.9  24.2  24.7  24.5  24.4  24.5  24.8  25.2 
 24.5  24.3  24.4  24.5  24.3  24.3  24.4  24.4  24.1  23.9  24.0  24.1  23.9  23.9  24.3  24.1  24.1  23.9  24.1  24.1  24.0  23.9  24.2  24.4  24.3  23.9  24.5  24.6  24.4  24.4  24.5  24.9 
 24.5  24.5  24.6  24.4  24.3  24.4  24.4  24.2  24.0  24.0  24.0  24.1  23.9  23.9  24.1  24.3  24.1  24.1  24.2  24.2  23.9  24.0  24.2  24.2  24.1  24.1  24.2  24.3  24.4  24.3  24.8  24.8 
 24.2  24.1  24.6  24.4  24.6  24.2  24.4  24.2  24.1  24.0  24.2  24.1  24.1  23.8  24.0  24.1  24.1  23.9  24.0  24.1  24.2  24.1  24.0  24.1  24.2  24.1  24.2  24.4  24.3  24.1  24.5  24.7 
 24.3  24.3  24.3  24.5  24.2  24.2  24.2  24.2  24.1  24.0  24.1  24.0  24.1  23.9  24.0  24.2  24.0  23.9  24.2  24.2  24.0  23.9  24.2  24.1  24.0  24.1  24.2  24.3  24.0  24.2  24.4  23.8 
 24.7  24.3  24.8  24.3  24.0  24.1  24.4  24.4  24.1  24.0  24.1  24.2  24.0  23.9  24.1  24.2  24.1  23.9  24.3  24.2  24.1  24.2  24.3  24.2  24.3  24.0  24.2  24.6  24.3  24.2  24.5  24.3 
 24.6  24.5  24.5  24.6  24.3  24.2  24.2  24.2  24.0  23.9  24.2  24.1  24.0  24.0  24.0  24.2  24.0  23.9  24.1  24.3  24.2  24.0  24.3  24.3  24.1  24.1  24.3  24.5  24.1  24.2  24.8  24.7 
 24.6  24.4  24.5  24.5  24.1  24.0  24.3  24.3  24.0  24.0  24.3  24.2  24.1  24.0  24.2  24.1  24.0  24.0  24.2  24.3  24.2  24.1  24.3  24.2  24.2  24.2  24.3  24.3  24.3  24.3  24.7  24.8 
 24.5  24.2  24.5  24.5  24.0  24.2  24.1  24.3  23.9  24.0  24.0  24.2  23.9  24.0  24.0  24.1  24.0  24.1  24.2  24.2  24.1  24.2  24.4 nan  24.1  24.1  24.4  24.6  24.5  24.4  25.1  24.9 
 24.8  24.3  24.7  24.3  24.2  24.2  24.7  24.3  23.9  24.0  24.2  24.2  24.2  23.9  24.2  24.2  24.2  24.0  24.3  24.2  24.2  24.1  24.4  24.6  24.6  24.3  24.8  24.6  24.7  24.5  25.3  25.2 
 24.5  24.2  24.7  24.5  24.2  24.3  24.3  24.3  24.0  23.9  24.1  24.1  24.1  23.9  24.3  24.2  24.1  24.0  24.2  24.2  24.2  24.1  24.5  24.5  24.5  24.5  25.1  25.1  25.2  25.1  25.6  25.5 
 24.3  24.5  24.5  24.5  24.5  24.1  24.3  24.4  24.1  23.9  24.0  24.2  24.1  23.9  24.2  24.2  24.2  24.0  24.3  24.3  24.8  24.9  29.9  31.2  31.1  29.9  27.5  27.3  27.0  26.2  26.5  26.3 
 24.6  24.3  24.7  24.7  24.4  24.1  24.3  24.3  24.1  24.0  24.3  24.1  24.1  24.0  24.0  24.1  24.0  24.0  24.3  24.4  25.4  28.8  45.2  47.5  44.4  39.3  30.7  29.3  27.7  27.3  26.7  27.0 
 25.0  24.7  24.6  24.5  24.3  24.1  24.5  24.3  24.2  23.8  24.1  24.3  24.0  23.9  24.2  24.1  24.1  24.1  24.2  24.4  32.1  44.8  70.6  73.4  69.9  60.5  36.5  32.8  29.0  28.5  27.8  27.3 
 24.8  24.5  24.5  24.6  24.3  24.4  24.5  24.2  24.2  24.2  24.1  24.1  24.0  24.0  24.3  24.3  24.0  24.0  24.6  24.7  34.8  49.0  74.9  77.6  71.5  61.7  37.3  33.3  29.3  28.8  27.9  27.4 
 25.1  24.6  24.9  24.9  24.4  24.3  24.5  24.5  24.3  24.0  24.2  24.3  24.2  24.0  24.4  24.3  24.5  24.2  24.5  24.7  33.6  42.6  65.1  68.1  59.2  50.1  35.0  32.9  29.6  28.6  27.9  28.2 
 24.6  24.7  24.9  25.0  24.5  24.6  24.4  24.6  24.1  24.0  24.2  24.5  24.2  24.1  24.3  24.3  24.2  24.2  24.7  25.2  31.3  36.5  52.0  54.1  47.1  42.1  33.2  31.5  28.9  28.6  28.0  28.9 
 25.1  25.0  25.2  25.2  24.8  24.5  24.7  24.4  24.4  24.0  24.4  24.3  24.3  24.1  24.5  24.5  24.1  24.2  24.8  25.5  27.4  28.7  33.3  34.3  33.8  32.7  31.0  30.3  28.1  27.9  28.6  30.3 
 25.1  25.3  25.0  25.1  24.6  24.6  24.7  24.6  24.4  24.3  24.2  24.5  24.2  24.0  24.4  24.5  24.3  24.2  25.0  25.6  26.4  27.2  30.2  31.0  31.3  31.2  29.9  29.6  27.9  28.1  29.2  30.7 
 25.8  25.5  25.2  25.0  24.9  24.5  24.7  24.5  24.4  24.2  24.5  24.5  24.4  24.0  24.5  24.6  24.6  24.3  25.5  25.3  25.7  25.9  27.7  28.5  29.3  28.9  29.1  28.8  28.2  27.9  31.3  31.6 
 26.2  25.4  25.1  25.2  24.6  24.8  24.7  24.9  24.5  24.6  24.4  24.8  24.2  24.3  24.5  24.6  24.3  24.6  25.1  25.2  25.5  25.6  27.3  28.0  28.2  28.2  28.2  28.4  28.1  28.8  31.4  33.7 
