 24.6  24.1  23.8  24.0  24.2  24.3  24.3  24.3  23.9  23.9  23.8  24.1  23.8  23.8  23.7  24.1  23.9  23.9  23.9  24.0  24.0  24.0  23.9  24.4  24.2  24.2  24.0  24.5  24.7  24.5  25.1  26.2 
 24.3  24.2  24.3  24.0  24.2  24.4  24.4  24.2  24.1  23.8  24.3  24.0  23.8  23.6  24.2  23.9  23.9  23.7  24.1  24.1  24.1  23.6  24.1  23.9  24.1  24.1  24.3  23.9  24.3  24.4  25.4  25.5 
 24.2  24.0  24.1  24.3  24.1  24.1  24.1  24.1  23.7  23.8  23.9  24.0  23.8  23.9  23.8  24.0  23.9  23.8  23.7  24.1  23.9  23.8  23.9  24.2  24.1  23.9  24.2  24.4  24.3  24.4  24.3  25.1 
 23.9  24.2  24.5  24.1  24.2  23.7  24.3  24.1  24.1  23.7  24.1  23.8  23.7  23.6  23.9  24.0  23.9  23.6  24.2  23.9  24.1  23.9  23.9  24.0  24.1  23.8  24.4  24.1  23.9  24.0  24.8  24.5 
 24.0  24.4  24.2  24.7  24.2  24.2  23.9  24.1  23.9  23.7  23.8  23.8  23.9  23.9  23.9  24.0  23.8  23.9  23.8  23.9  23.9  23.7  23.8  24.2  24.0  23.9  23.9  24.3  24.0  24.2  24.3  24.6 
 24.1  24.0  24.4  24.0  24.1  24.0  24.3  23.9  23.8  23.8  24.0  23.8  23.9  23.8  24.0  23.8  23.9  23.9  24.1  23.8  23.9  23.9  24.1  23.6  24.2  23.9  24.2  24.1  23.9  24.4  24.7  24.2 
 24.2  24.2  24.0  24.5  24.0  24.2  24.0  24.1  23.8  23.7  23.9  24.1  23.9  23.8  23.8  23.9  23.8  23.9  23.9  24.2  23.9  23.9  23.7  24.1  24.2  23.9  24.2  24.3  23.9  24.0  23.9  24.5 
 24.5  24.2  24.3  24.4  24.2  24.0  24.3  24.1  23.8  23.7  24.0  23.9  23.9  23.8  24.0  23.8  23.9  23.8  24.1  23.8  23.8  23.8  24.2  23.9  23.9  24.0  24.2  24.0  24.2  24.1  24.1  23.4 
 24.3  24.2  24.3  24.3  24.0  23.9  23.9  24.2  23.8  23.9  23.9  24.0  23.8  23.8  23.8  24.1  23.7  23.8  24.0  24.0  23.9  23.9  24.1  24.0  24.1  23.9  24.1  24.2  24.2  24.2  24.1  24.5 
 24.5  24.2  24.4  24.5  24.2  24.0  24.2  23.8  23.9  23.7  23.9  24.0  23.7  23.8  23.9  23.8  23.9  23.9  24.0  23.9  24.0  23.9  24.1  23.9  24.0  23.9  24.0  24.1  24.0  24.0  24.5  24.1 
 24.4  24.3  24.0  24.3  24.1  24.0  23.9  24.1  23.8  23.8  23.8  24.0  23.9  24.0  23.8  24.1  23.9  23.8  23.9  24.2  24.1  23.9  23.9  24.1  24.3  23.9  23.9  24.3  24.2  24.1  24.2  24.4 
 24.4  24.2  24.3  24.1  24.0  24.0  24.2  23.9  24.0  23.8  23.9  24.0  23.9  23.8  23.9  23.9  23.8  23.9  24.1  24.0  24.0  24.0  24.2 nan  24.1  24.0  24.3  24.3  24.4  24.0  24.7  24.1 
 24.3  23.9  24.0  24.4  23.9  24.0  23.9  24.1  23.8  23.9  23.9  24.1  24.0  23.8  24.0  24.1  23.8  23.9  24.0  23.9  24.1  24.0  24.0  24.3  24.3  24.3  24.4  24.4  24.4  24.5  24.7  25.1 
 24.2  24.2  24.2  24.3  24.2  23.9  24.3  24.0  23.9  23.6  24.1  23.9  23.9  23.9  24.0  23.7  23.9  23.9  24.2  24.1  24.1  24.0  24.6  24.2  24.4  24.5  24.7  24.7  25.1  25.1  25.5  25.3 
 24.3  24.4  24.1  24.2  24.1  24.2  24.0  24.0  24.0  23.9  23.9  24.1  23.9  23.7  23.9  24.0  24.0  23.9  24.0  24.3  24.6  24.8  29.6  31.0  30.7  30.1  27.2  27.2  26.5  26.4  25.9  26.5 
 24.6  24.1  24.5  24.1  24.3  24.0  24.1  24.0  23.9  23.9  24.1  23.9  23.8  23.9  24.0  23.8  23.8  23.8  24.2  24.2  25.2  28.9  45.1  47.1  44.4  39.2  30.9  29.0  27.6  26.9  27.0  26.5 
 24.4  24.4  24.5  24.3  24.1  23.9  24.0  24.2  24.0  23.9  23.9  24.1  23.9  24.1  23.9  24.1  24.0  23.9  24.1  24.2  31.9  44.6  70.2  73.4  69.7  60.6  36.0  32.8  29.0  28.4  27.5  27.0 
 24.7  24.4  24.3  24.2  24.1  23.9  24.2  24.2  23.7  23.8  24.1  23.9  23.8  23.9  24.2  24.0  23.9  23.9  24.2  24.2  34.5  48.9  75.0  77.5  71.5  61.6  37.0  33.2  29.6  28.7  27.7  27.1 
 24.8  24.5  24.5  24.6  24.4  24.3  24.3  24.5  24.2  24.1  24.1  24.2  23.8  23.9  24.0  24.2  24.1  24.1  24.2  24.6  33.4  42.6  65.0  68.1  59.1  50.1  34.6  32.3  29.3  28.5  27.6  27.9 
 24.6  24.6  24.7  24.6  24.2  24.2  24.4  24.1  24.1  24.1  24.2  24.0  24.1  23.9  24.2  24.0  24.1  24.0  24.5  24.8  31.2  36.4  52.0  53.9  46.9  41.9  32.9  31.1  29.0  28.3  28.1  28.0 
 25.0  24.7  24.8  24.7  24.5  24.4  24.2  24.4  24.2  24.2  24.0  24.1  24.1  24.1  23.9  24.3  24.3  24.2  24.5  25.4  27.2  28.6  33.0  34.3  33.8  32.7  30.8  30.0  28.0  27.7  28.0  29.1 
 25.2  24.6  24.9  24.5  24.4  24.3  24.2  24.3  24.1  24.2  24.2  24.0  24.0  23.8  24.1  24.1  24.1  24.1  24.9  25.3  26.4  27.0  30.2  30.7  31.3  31.2  29.8  29.3  27.8  27.9  29.3  30.3 
 25.4  25.1  24.7  24.7  24.6  24.2  24.3  24.5  24.2  24.2  24.1  24.5  24.4  24.2  24.0  24.3  24.3  24.1  25.1  25.3  25.5  25.9  27.6  28.5  28.9  28.8  28.5  28.6  27.7  27.8  30.1  31.9 
 26.4  25.3  25.3  25.1  24.5  24.6  24.7  24.4  24.2  24.4  24.4  24.3  24.1  24.2  24.3  24.1  24.3  24.2  25.3  25.2  25.3  25.7  27.3  27.6  28.1  27.8  28.2  28.1  28.0  28.2  31.7  31.7 
