 24.5  24.0  24.3  24.3  24.3  23.8  24.5  24.6  24.3  23.8  24.2  24.2  23.8  23.7  24.2  24.4  24.1  23.7  24.2  24.3  23.9  23.9  24.3  24.6  24.2  23.9  24.1  24.8  24.5  24.3  25.5  26.7 
 24.3  24.4  24.5  24.5  24.2  24.2  24.4  24.5  23.9  23.9  24.4  24.2  23.8  24.0  24.3  24.1  23.9  23.7  24.2  24.1  24.0  23.9  24.3  24.3  23.9  24.4  24.6  24.6  24.1  24.4  25.5  25.9 
 24.5  23.4  24.6  24.4  24.6  23.7  24.4  24.3  24.1  23.8  24.0  24.3  23.8  23.6  24.2  24.2  24.0  23.8  24.2  24.1  24.1  23.8  24.3  24.4  24.3  24.1  24.2  24.5  24.3  24.2  24.9  25.3 
 23.9  24.0  24.4  24.5  24.2  24.1  24.4  24.5  23.9  23.9  24.1  24.2  23.8  23.8  23.9  24.1  23.9  23.9  24.1  24.1  23.9  24.0  24.3  24.1  24.0  24.0  24.6  24.3  24.1  24.3  25.0  24.9 
 24.4  24.3  24.3  24.7  24.6  24.2  24.4  24.2  24.1  23.7  24.1  24.3  24.0  23.7  24.2  24.1  23.9  23.7  24.1  24.3  24.1  23.8  24.1  24.2  24.1  23.9  24.4  24.3  24.3  24.1  24.6  24.7 
 24.0  24.2  24.5  24.6  24.1  24.2  24.4  24.3  23.7  23.9  24.0  24.1  23.7  23.9  23.9  24.1  23.9  23.9  24.2  24.1  23.7  23.8  24.2  24.0  24.1  23.9  24.6  24.5  24.0  24.2  25.0  24.7 
 24.0  24.0  24.2  24.5  24.2  24.0  24.4  24.2  24.1  23.7  24.1  24.1  24.0  23.9  24.1  23.9  23.9  23.8  24.0  24.3  24.1  23.8  24.1  24.3  24.1  23.9  24.3  24.4  24.2  23.8  24.7  24.8 
 24.3  24.1  24.2  24.8  24.2  24.1  24.3  24.4  23.8  23.9  24.2  24.0  23.9  23.9  24.1  24.0  23.8  23.8  24.1  24.1  23.9  24.0  24.0  24.4  23.9  24.0  24.4  24.4  23.9  24.2  24.5  23.9 
 24.6  24.1  24.7  24.7  24.2  24.0  24.3  24.1  24.0  23.9  24.3  24.2  23.9  23.8  24.0  24.2  24.0  23.8  24.1  24.1  24.0  23.7  24.2  24.0  24.0  23.8  24.4  24.4  24.4  23.9  24.4  24.5 
 24.2  24.2  24.4  24.7  24.0  24.3  24.3  24.2  23.8  24.0  24.1  24.2  23.9  23.8  24.0  24.1  23.8  23.9  24.2  24.3  23.9  23.9  24.1  24.2  23.9  24.0  24.4  24.5  23.6  24.1  24.7  24.6 
 24.7  24.6  24.5  24.6  24.2  24.0  24.2  24.1  24.0  23.9  24.2  24.1  24.0  23.6  24.2  24.1  24.1  23.8  24.1  24.1  24.1  23.9  24.4  24.3  24.1  24.0  24.3  24.4  24.3  23.9  24.5  24.7 
 24.0  24.2  24.7  24.3  23.7  24.0  24.3  24.3  23.9  24.1  24.2  24.2  23.8  24.1  24.1  24.2  23.9  24.0  24.2  24.2  24.1  24.2  24.3 nan  24.0  24.1  24.3  24.5  24.3  24.4  24.6  24.8 
 24.6  24.0  24.5  24.7  24.1  23.8  24.2  24.3  24.0  23.8  24.1  24.1  24.1  23.8  24.0  24.3  24.0  23.9  24.2  24.2  24.3  24.0  24.6  24.5  24.3  24.3  24.8  24.8  24.6  24.3  25.3  25.1 
 24.5  24.2  24.6  24.6  24.0  24.2  24.2  24.2  23.7  24.0  24.1  24.2  23.9  24.0  24.2  24.0  23.9  24.0  24.3  24.4  24.1  24.1  24.6  24.5  24.5  24.6  25.0  25.0  24.7  25.0  25.5  25.4 
 24.5  24.2  24.5  24.5  24.3  24.0  24.2  24.3  24.0  23.8  24.1  24.3  24.0  23.8  24.1  24.1  24.0  23.9  24.5  24.3  24.7  24.9  29.8  31.3  30.9  29.8  27.4  27.4  26.7  26.1  26.4  26.2 
 24.3  24.3  24.7  24.7  24.0  24.0  24.2  24.3  23.9  24.1  24.2  24.2  23.9  24.1  24.1  24.2  24.1  23.9  24.3  24.3  25.1  29.0  45.3  47.5  44.3  39.4  30.9  29.5  27.5  27.2  27.0  26.8 
 24.5  24.2  24.7  24.4  24.1  24.0  24.3  24.5  24.2  23.9  24.2  24.1  24.1  23.7  24.2  24.1  24.1  23.9  24.4  24.4  32.2  44.7  70.4  73.7  69.9  60.5  36.5  32.8  29.2  28.4  27.8  27.5 
 24.5  24.5  24.5  24.7  24.0  24.2  24.4  24.4  23.9  24.1  24.1  24.2  23.9  24.0  24.2  24.1  23.9  24.0  24.5  24.6  34.6  49.1  75.1  77.8  71.5  61.6  37.2  33.3  29.5  28.8  28.0  27.6 
 24.9  24.3  25.1  24.9  24.6  24.0  24.6  24.7  24.3  23.9  24.4  24.2  24.2  23.9  24.4  24.4  24.3  24.1  24.5  24.8  33.6  42.4  65.3  68.2  59.3  50.0  35.0  32.8  29.6  28.3  27.9  28.1 
 24.6  24.9  24.9  24.7  24.2  24.2  24.8  24.5  23.9  24.1  24.1  24.3  23.9  23.9  24.2  24.2  24.0  24.0  24.6  25.0  31.4  36.5  52.0  54.3  47.0  42.2  33.1  31.5  28.9  28.6  28.2  28.4 
 25.0  24.7  25.3  25.2  24.7  24.2  24.6  24.5  24.4  23.9  24.3  24.5  24.4  23.9  24.3  24.5  24.2  24.0  24.7  25.7  27.4  28.4  33.4  34.6  34.1  32.5  31.1  30.2  28.1  27.5  28.6  29.5 
 24.5  24.9  25.0  24.8  24.5  24.3  24.6  24.7  24.1  24.3  24.2  24.4  24.0  24.2  24.3  24.5  24.2  24.0  25.0  25.5  26.4  27.0  30.1  30.8  31.2  31.3  30.0  29.6  27.8  27.9  29.4  30.1 
 25.8  25.0  25.3  25.2  24.9  24.2  24.8  24.3  24.6  23.9  24.5  24.7  24.3  23.8  24.3  24.7  24.4  24.1  25.5  25.4  25.6  25.7  28.0  28.7  29.0  28.5  29.0  28.5  28.2  27.9  30.6  32.5 
 25.9  25.4  25.3  25.1  24.4  24.5  24.9  24.6  24.2  24.2  24.7  24.3  24.3  24.2  24.5  24.5  24.2  24.3  25.3  25.2  25.1  25.9  27.3  27.9  27.9  28.1  28.2  28.3  27.7  28.6  32.7  33.3 
