 24.7  24.6  24.3  24.5  24.2  24.0  24.5  24.4  24.0  24.0  24.2  24.3  24.0  23.9  23.8  24.4  24.1  23.8  24.3  24.3  24.1  23.9  24.3  24.3  24.1  24.1  24.6  24.6  24.3  24.5  25.5  26.4 
 24.3  23.8  24.6  24.1  24.5  24.1  24.7  24.4  24.0  23.8  24.3  24.4  24.0  23.6  24.3  24.1  23.9  23.7  24.2  24.2  24.1  24.0  24.2  24.2  24.2  24.1  24.4  24.2  24.4  24.4  25.1  25.7 
 24.3  24.1  24.4  24.6  24.3  24.1  24.3  24.2  24.0  24.0  24.0  24.1  24.0  23.7  24.0  24.1  23.8  23.8  24.0  24.1  23.9  23.6  24.0  24.4  24.1  24.2  24.3  24.8  24.3  24.6  24.9  25.2 
 23.9  24.2  24.3  24.2  24.1  24.3  24.6  24.3  23.8  23.9  24.1  24.1  24.0  23.7  24.0  24.0  24.1  23.9  24.3  24.3  24.1  23.8  24.3  24.1  24.1  24.0  24.6  24.6  23.9  24.4  25.2  24.9 
 24.4  24.3  24.3  24.7  24.1  24.2  24.3  24.3  23.9  24.0  24.1  24.0  24.0  23.8  24.2  24.1  23.9  23.8  23.9  24.2  23.9  23.9  24.1  24.3  24.0  24.0  24.2  24.3  24.3  24.0  24.6  24.9 
 24.0  24.0  24.5  24.6  24.5  24.4  24.4  24.2  24.1  23.8  24.0  24.1  23.9  23.9  24.1  24.0  23.9  23.9  24.2  24.1  24.0  23.8  24.3  24.3  24.1  23.8  24.1  24.4  24.1  24.1  24.6  24.7 
 24.2  24.5  24.3  24.5  24.1  24.2  24.0  24.2  24.0  23.8  24.1  24.2  23.9  23.7  24.0  24.1  23.8  23.9  24.0  24.1  24.0  23.7  24.1  24.1  24.0  23.9  24.2  24.4  24.2  24.0  24.5  24.7 
 24.6  24.2  24.3  24.5  24.3  23.9  24.3  24.4  24.0  23.9  24.3  24.0  23.8  23.9  24.1  24.1  24.0  23.8  24.1  24.1  24.1  23.8  24.2  24.1  24.0  23.8  24.2  24.3  24.2  24.3  24.2  23.5 
 24.5  24.4  24.6  24.6  24.2  24.3  24.1  24.3  23.9  24.0  24.2  24.1  24.0  24.0  23.9  24.2  23.8  24.0  24.2  24.2  24.1  24.1  24.2  24.2  24.0  24.2  24.0  24.5  24.0  24.0  24.5  24.8 
 24.5  24.4  24.4  24.6  24.5  24.0  24.2  24.1  23.8  23.9  24.1  24.2  23.9  23.7  24.0  24.2  23.9  23.9  24.1  24.4  24.1  24.0  24.3  24.3  24.3  24.0  24.4  24.5  24.3  24.0  24.8  24.6 
 24.4  24.6  24.4  24.6  23.9  24.2  24.0  24.3  23.9  24.0  24.1  24.2  24.0  23.9  24.0  24.1  23.9  23.8  24.2  24.2  24.2  24.1  24.2  24.3  24.1  24.1  24.1  24.2  24.2  24.2  24.5  24.6 
 24.6  24.2  24.5  24.3  23.9  24.0  24.3  24.3  23.9  23.8  24.1  24.2  24.0  23.8  24.1  24.1  24.0  23.9  24.3  24.3  24.2  23.9  24.4 nan  24.1  23.9  24.3  24.5  24.3  24.0  24.8  24.6 
 24.5  24.2  24.3  24.5  24.2  24.0  24.3  24.3  24.0  23.9  24.0  24.3  23.9  23.8  24.0  24.2  24.1  23.9  24.3  24.2  24.2  24.1  24.2  24.5  24.1  24.3  24.7  24.8  24.6  24.4  25.3  25.2 
 24.7  24.3  24.6  24.6  24.3  24.1  24.3  24.3  23.9  23.8  24.3  24.1  24.0  23.9  24.3  24.1  24.1  23.8  24.3  24.2  24.3  24.0  24.5  24.4  24.3  24.3  24.9  25.1  24.9  25.1  25.4  25.4 
 24.5  24.3  24.4  24.5  24.2  24.1  24.1  24.3  24.0  23.9  24.1  24.3  24.0  24.0  24.1  24.1  24.1  23.9  24.1  24.4  24.4  24.7  29.8  31.3  30.7  29.8  27.6  27.5  26.7  26.4  26.4  26.2 
 24.7  24.3  24.7  24.6  24.2  23.9  24.2  24.2  24.0  24.0  24.2  24.1  23.9  24.1  24.2  24.2  24.0  23.9  24.2  24.3  25.1  28.9  45.2  47.6  44.5  39.3  30.9  29.4  27.8  27.1  26.8  26.8 
 24.7  24.4  24.5  24.8  24.4  24.1  24.3  24.5  24.2  24.1  24.1  23.9  23.9  23.9  24.1  24.1  23.9  24.0  24.3  24.6  32.2  44.7  70.3  73.5  69.7  60.6  36.3  32.8  28.9  28.4  27.5  27.3 
 24.6  24.2  24.7  24.7  24.1  24.0  24.7  24.4  24.1  24.0  24.1  24.0  24.1  23.8  24.3  24.2  24.0  24.0  24.5  24.5  34.8  49.1  75.0  77.6  71.6  61.6  37.1  33.3  29.7  28.7  27.9  27.8 
 24.8  24.3  24.7  24.9  24.3  24.3  24.3  24.7  24.1  24.1  24.2  24.3  24.0  24.1  24.3  24.5  24.2  24.2  24.4  24.8  33.6  42.5  65.2  68.1  59.1  50.2  34.5  32.5  29.6  28.5  27.9  27.9 
 24.8  24.4  25.0  24.9  24.5  24.4  24.4  24.5  24.1  24.0  24.2  24.3  24.0  23.9  24.4  24.2  24.2  24.0  24.6  25.1  31.6  36.5  52.1  54.2  47.1  42.0  33.1  31.5  29.0  28.3  28.0  28.4 
 24.6  24.7  24.9  25.0  24.6  24.5  24.3  24.5  24.3  24.2  24.4  24.2  24.1  24.1  24.2  24.5  24.0  24.2  24.8  25.6  27.3  28.6  33.2  34.3  33.9  32.9  30.8  30.3  28.1  27.7  28.6  29.3 
 25.1  24.9  25.0  24.9  24.2  24.2  24.5  24.8  24.3  24.2  24.3  24.3  24.1  24.1  24.3  24.5  24.2  24.1  25.0  25.6  26.2  26.9  30.1  30.8  31.2  31.3  30.1  29.8  28.1  27.6  29.7  30.4 
 25.8  25.3  24.9  25.1  25.0  24.4  24.8  24.5  24.3  24.3  24.5  24.6  24.2  24.3  24.3  24.4  24.3  24.4  25.2  25.4  25.6  25.8  27.7  28.5  28.9  29.2  29.1  28.4  28.0  28.1  30.9  31.6 
 26.2  25.4  25.3  25.3  24.7  24.5  24.7  24.9  24.5  24.4  24.4  24.7  24.3  24.2  24.4  24.4  24.4  24.3  25.3  25.3  25.5  25.8  27.4  28.1  28.1  27.8  28.5  28.3  27.9  28.4  31.8  32.8 
