 23.4  23.5  23.9  24.2  23.2  23.1  22.9  23.1  22.6  22.9  22.9  23.0  22.4  23.1  22.7  23.0  22.6  22.8  22.9  22.8  22.7  22.9  28.5  24.5  31.0  29.4  31.1  31.9  29.6  30.5  29.1  30.8 
 23.8  23.4  23.8  23.8  23.7  22.6  23.2  23.1  22.9  22.5  22.9  23.0  22.9  22.5  22.8  22.6  22.8  22.3  23.1  22.7  22.8  23.8  23.9  30.2  29.1  30.1  31.8  29.5  31.5  28.7  30.9  29.0 
 23.2  23.5  23.5  23.4  22.8  22.5  22.8  23.0  22.6  23.0  22.9  22.9  22.4  22.6  22.8  22.8  22.5  22.8  22.7  23.1  22.7  22.6  28.6  26.4  30.7  30.9  28.6  31.5  25.1  29.6  28.1  30.5 
 23.3  23.2  23.3  23.4  22.9  22.6  23.1  23.1  23.1  22.6  23.1  22.8  22.6  22.5  22.8  22.8  22.8  22.5  23.0  22.9  22.9  23.1  24.5  29.6  30.2  30.7  30.9  27.7  29.3  24.5  29.8  27.8 
 23.4  23.3  23.1  23.3  22.7  22.9  23.0  23.2  23.0  23.3  23.0  23.1  22.7  22.6  22.8  22.9  22.4  22.5  22.8  22.8  22.7  23.1  26.1  26.2  29.8  30.5  27.8  30.3  24.2  27.5  24.3  28.2 
 23.4  22.8  23.4  23.1  23.1  22.6  23.2  23.2  23.7  23.9  23.1  23.0  22.6  22.4  22.9  22.7  22.8  22.5  22.9  22.8  22.8  22.6  24.0  25.8  29.7  27.7  30.8  25.3  27.6  23.6  27.1  24.2 
 23.0  23.3  23.1  23.3  22.8  23.0  23.2  23.5  25.3  27.0  24.3  23.3  22.6  22.7  22.6  22.7  22.4  22.8  22.8  22.9  22.5  22.8  22.9  23.9  23.8  28.1  23.8  28.5  23.3  27.0  23.5  27.2 
 23.4  22.9  23.3  23.1  23.2  22.7  23.3  23.5  26.1  27.7  24.8  23.3  22.8  22.6  22.9  22.8  22.7  22.5  22.8  22.9  22.9  22.4  23.2  23.2  25.0  23.1  26.8  23.3  26.6  23.0  26.8  23.2 
 23.3  23.3  23.2  23.2  22.6  22.5  23.0  23.1  23.3  23.6  23.1  23.0  22.6  22.7  22.7  23.0  22.7  22.8  22.9  22.9  22.7  22.9  22.9  23.0  22.7  23.3  23.1  24.0  23.1  26.0  23.5  27.3 
 23.7  23.2  23.3  23.4  23.2  22.8  23.0  23.0  23.1  22.9  22.9  22.9  22.7  22.6  22.8  22.9  22.9  22.6  23.1  22.9  23.1  22.6  23.0  22.9  23.1  22.9  23.5  23.5  25.0  23.0  27.4  23.9 
 23.8  23.8  23.7  23.8  23.3  23.3  23.0  23.1  22.8  22.8  22.9  22.9  22.5  22.7  22.9  22.8  22.5  22.9  22.9  22.9  22.6  22.9  22.8  23.0  22.7  22.9  23.6  23.9  23.5  25.0  23.6  26.5 
 23.9  23.6  23.9  24.2  24.0  23.8  23.6  23.5  23.0  22.7  23.0  23.1  22.9  22.6  22.8  22.8  22.7  22.5  22.8  23.0  22.8  22.6  22.9 nan  22.9  22.8  24.6  25.1  24.7  23.3  25.6  23.9 
 24.3  24.6  24.9  25.5  26.0  26.7  29.0  29.5  27.5  26.0  23.2  23.0  22.7  22.7  22.6  22.9  22.6  22.8  22.9  22.9  22.5  22.7  23.0  23.1  22.7  23.0  24.5  25.5  23.7  23.7  23.8  24.5 
 24.9  24.3  25.8  26.2  27.6  28.5  36.5  42.0  44.9  39.3  24.1  23.2  23.0  22.6  22.9  22.8  22.7  22.5  22.8  23.0  22.9  22.4  23.0  23.0  23.2  22.5  23.7  23.9  23.5  23.1  23.9  23.9 
 25.0  25.3  26.3  27.2  29.9  32.4  51.1  60.0  70.7  67.5  34.3  25.8  22.9  22.7  22.8  22.9  22.6  22.6  22.8  22.8  22.6  22.7  22.9  22.9  22.7  22.8  23.3  23.4  23.1  23.7  23.6  23.7 
 25.5  25.1  26.9  27.4  30.6  32.9  51.8  60.5  76.0  75.5  39.0  26.5  23.0  22.7  22.8  22.9  22.8  22.5  22.7  22.8  22.7  22.7  23.0  23.1  23.0  22.8  23.4  23.2  23.7  23.0  23.9  24.0 
 25.1  25.6  26.9  27.2  29.5  31.9  45.3  54.9  78.1  78.4  34.1  25.6  22.8  22.8  22.9  22.9  22.6  22.8  22.9  23.1  22.7  22.9  22.9  23.1  22.8  22.9  23.1  23.4  22.9  23.6  23.9  24.1 
 25.4  25.2  26.7  26.7  28.9  30.0  38.7  44.9  60.9  58.1  28.0  24.5  23.0  22.7  23.1  23.0  23.0  22.7  23.0  23.1  23.1  22.6  23.1  23.0  23.3  22.9  23.4  23.6  23.4  23.1  23.9  24.2 
 25.3  25.5  26.4  26.8  26.8  27.3  29.5  30.9  32.1  30.5  24.3  23.8  22.9  22.9  23.0  23.3  22.7  23.0  22.9  23.3  22.9  23.0  23.1  23.1  23.0  23.1  23.4  23.8  23.3  23.8  24.0  24.1 
 25.8  25.5  26.3  26.3  26.6  26.3  27.9  28.2  28.2  26.8  24.1  23.5  23.2  22.8  23.2  23.1  22.9  22.7  23.2  23.3  23.1  22.8  23.3  23.3  23.1  22.8  23.6  23.6  23.4  23.4  24.0  24.3 
 25.3  25.6  26.0  25.9  25.4  25.9  26.1  26.3  25.8  25.3  23.9  23.7  23.1  23.1  23.3  23.3  22.7  23.0  23.0  23.1  22.8  22.8  23.3  23.4  22.9  23.1  23.4  23.6  23.2  24.1  24.7  25.4 
 25.8  25.4  25.8  25.6  25.8  25.3  25.8  25.7  25.3  24.6  23.7  23.7  23.0  22.8  23.3  23.3  22.8  22.8  23.3  23.4  23.3  22.9  23.5  23.4  23.4  23.0  23.6  23.7  23.8  23.9  25.0  25.9 
 26.1  26.2  25.7  25.6  25.2  25.3  25.2  25.1  24.5  24.1  23.9  23.8  23.2  23.3  23.2  23.6  23.1  23.1  23.3  23.5  23.0  23.2  23.5  23.7  23.2  23.5  24.3  24.3  24.7  24.7  25.8  27.0 
 27.4  26.2  25.6  25.9  25.6  24.7  25.1  25.0  24.3  24.0  24.1  23.8  23.4  23.1  23.6  23.4  22.9  22.8  23.3  23.5  23.5  23.1  23.8  23.8  23.8  23.6  25.0  25.1  25.0  24.9  26.5  27.4 
