 24.5  24.0  24.1  24.3  24.2  24.2  24.1  24.5  24.0  23.7  24.2  24.2  23.8  23.8  24.1  24.3  23.9  24.1  24.1  24.2  24.1  23.9  24.2  24.3  24.0  24.1  24.1  24.5  24.3  24.5  25.3  26.4 
 24.7  24.2  24.1  24.3  24.3  24.2  24.7  24.4  23.9  24.0  24.2  24.4  24.1  23.9  24.2  23.9  23.8  23.9  24.2  24.1  24.3  24.0  24.2  24.5  24.1  24.2  24.1  24.2  24.3  24.4  25.1  25.9 
 24.2  24.1  24.2  24.4  24.1  23.7  24.3  24.3  23.9  24.0  24.2  24.2  23.8  23.8  24.0  24.2  23.9  23.8  24.1  24.1  24.0  23.9  24.0  24.3  24.2  24.2  24.3  24.5  24.5  24.1  24.3  24.8 
 23.7  23.8  24.6  24.4  23.9  24.0  24.4  24.3  23.9  23.8  24.1  24.0  23.7  23.6  24.0  24.0  23.9  23.9  24.3  24.0  24.0  24.1  24.2  24.3  24.1  24.0  24.3  24.6  24.2  24.7  25.0  24.7 
 24.2  24.2  24.3  24.5  24.5  24.4  24.3  24.3  24.0  23.8  24.2  24.0  23.9  23.7  23.9  24.1  23.8  23.7  23.9  24.2  23.8  23.9  24.2  24.1  23.9  24.0  24.2  24.2  24.0  24.2  24.6  24.4 
 23.9  24.2  24.5  24.2  24.2  24.1  24.5  24.3  24.0  24.1  24.1  24.2  23.8  23.9  24.0  24.0  23.8  23.8  24.1  23.9  23.9  23.8  24.2  24.2  24.0  24.1  24.3  24.4  24.3  24.4  24.8  24.3 
 24.0  24.2  24.2  24.5  24.3  24.1  24.3  24.1  24.1  23.8  23.9  24.2  23.9  23.9  24.1  24.0  23.8  23.8  24.1  24.1  23.9  23.9  24.0  24.1  24.0  23.8  24.1  24.4  24.1  24.0  24.3  24.5 
 24.5  23.9  24.5  24.4  24.3  24.0  24.3  24.2  23.8  23.9  24.1  23.8  24.0  23.9  24.0  24.0  23.9  23.8  24.2  24.1  23.9  24.0  24.1  24.1  23.8  23.9  24.4  24.2  24.2  24.0  24.2  23.7 
 24.5  24.1  24.3  24.4  24.2  23.9  24.1  24.1  23.9  23.8  24.3  24.2  24.0  23.9  24.2  24.1  23.9  23.9  24.0  24.2  24.0  23.8  24.1  24.2  24.1  23.9  24.3  24.4  24.3  24.1  24.5  24.2 
 24.3  24.2  24.7  24.5  24.1  24.0  24.2  24.1  23.8  24.0  24.1  24.2  23.8  23.8  24.1  24.0  23.9  23.9  24.2  24.1  23.8  24.0  24.2  24.1  24.3  24.1  24.3  24.4  24.2  24.0  24.5  24.8 
 24.5  24.3  24.5  24.7  24.2  24.1  24.2  24.1  23.9  23.9  24.1  24.2  23.9  23.7  24.1  24.2  24.1  23.9  24.1  24.1  24.0  24.1  24.2  24.3  24.1  24.1  24.2  24.2  24.5  24.1  24.4  24.7 
 24.1  24.5  24.5  24.4  24.1  24.1  24.3  24.1  24.0  23.8  24.1  24.3  23.8  24.0  24.1  24.1  24.0  23.9  24.2  24.3  24.0  24.1  24.3 nan  24.0  23.9  24.2  24.5  24.1  24.0  24.6  24.6 
 24.5  24.0  24.5  24.4  24.1  23.9  24.3  24.4  24.0  23.7  24.0  24.0  24.0  23.9  24.1  24.0  24.1  23.9  24.2  24.1  24.1  24.0  24.2  24.5  24.2  24.2  24.5  24.7  24.6  24.4  25.0  25.3 
 24.2  24.5  24.5  24.7  24.2  24.2  24.2  24.2  23.9  23.8  24.0  24.2  23.9  23.9  24.1  24.0  24.0  23.9  24.1  24.4  24.2  24.0  24.5  24.7  24.5  24.4  24.6  24.9  25.0  24.8  25.5  25.6 
 24.3  24.4  24.4  24.5  24.3  24.1  24.2  24.2  24.0  23.9  24.1  24.1  23.9  23.9  24.0  24.1  24.0  23.8  24.1  24.4  24.4  24.9  29.9  31.1  31.0  29.8  27.3  27.1  26.5  26.4  26.4  26.3 
 24.3  24.4  24.7  24.6  24.0  24.1  24.2  24.2  23.9  24.0  24.1  24.1  24.0  24.1  24.1  24.2  23.9  24.0  24.1  24.3  25.4  28.9  45.2  47.4  44.4  39.4  31.0  29.1  27.6  27.1  26.9  26.5 
 24.5  24.2  24.4  24.4  24.3  24.0  24.3  24.4  24.0  24.1  24.0  24.1  23.9  23.8  24.1  24.1  23.9  23.8  24.3  24.5  32.2  44.6  70.3  73.5  69.8  60.5  36.3  32.8  28.8  28.2  27.5  27.5 
 24.3  24.7  24.4  24.7  24.4  24.2  24.5  24.3  24.0  24.0  24.2  24.1  23.9  23.9  24.2  24.2  24.0  23.9  24.4  24.6  34.6  49.0  74.9  77.6  71.5  61.7  37.0  33.2  29.4  28.5  27.9  27.6 
 24.9  24.6  25.0  24.8  24.6  24.3  24.5  24.6  24.2  23.9  24.2  24.1  23.9  23.9  24.1  24.3  24.1  24.1  24.4  24.7  33.6  42.5  65.1  68.0  58.9  50.0  34.8  32.4  29.3  28.4  27.8  28.1 
 24.4  24.7  24.9  25.0  24.5  24.1  24.3  24.5  24.2  24.1  24.4  24.3  24.1  24.1  24.3  24.2  24.2  24.0  24.6  25.1  31.4  36.3  51.9  54.1  46.8  42.2  33.0  31.4  28.7  28.5  28.1  28.2 
 25.0  24.7  25.1  24.9  24.4  24.2  24.3  24.5  24.0  23.8  24.2  24.3  24.2  24.0  24.3  24.2  24.1  24.0  24.7  25.5  27.3  28.6  33.2  34.1  33.8  32.7  30.8  30.0  28.4  27.9  28.6  29.5 
 25.0  24.7  25.0  24.9  24.2  24.2  24.5  24.6  23.9  24.1  24.2  24.2  24.2  24.0  24.3  24.5  24.0  24.3  25.1  25.4  26.3  27.0  30.0  30.9  31.2  31.1  29.8  29.3  28.0  27.9  29.4  30.4 
 25.8  25.1  24.9  24.9  24.6  24.2  24.5  24.5  24.6  24.2  24.5  24.5  24.2  24.2  24.4  24.3  24.4  24.2  25.3  25.2  25.5  25.8  28.0  28.5  28.9  28.6  29.0  28.6  27.9  27.9  30.9  31.7 
 26.3  25.7  25.1  25.5  24.6  24.8  24.7  24.9  24.2  24.4  24.5  24.5  24.2  24.3  24.4  24.3  24.3  24.4  25.2  25.1  25.4  25.6  27.3  27.6  27.9  28.1  28.4  28.3  27.5  28.4  31.5  33.3 
