 24.7  24.0  24.1  24.3  24.0  23.9  24.4  24.5  23.9  24.0  24.2  24.1  23.9  23.7  23.7  24.2  24.0  23.7  24.1  24.2  23.9  24.0  24.4  24.4  24.0  23.9  24.6  24.6  24.5  24.3  25.3  26.4 
 24.3  24.0  24.3  24.6  24.2  24.1  24.4  24.6  24.0  23.9  24.3  24.2  23.8  23.9  24.3  24.0  23.9  23.8  24.2  24.1  24.1  23.8  24.3  24.4  24.1  23.9  24.6  24.4  24.4  24.4  25.7  25.4 
 24.1  23.9  24.4  24.3  24.4  24.0  24.4  24.3  23.8  23.8  24.0  24.1  23.9  23.8  24.0  24.0  23.7  23.7  24.2  24.1  24.0  23.9  24.3  24.1  24.1  24.1  24.4  24.5  24.2  24.2  24.7  25.0 
 24.1  23.8  24.3  24.5  24.3  24.1  24.4  24.3  23.9  23.8  24.1  24.3  23.9  23.6  24.2  23.9  23.9  23.6  24.1  24.1  24.1  23.9  24.3  24.2  23.8  23.8  24.6  24.4  24.1  24.3  24.6  24.9 
 24.5  24.2  24.4  24.4  24.1  24.3  24.2  24.3  24.0  23.9  24.1  24.0  23.9  23.7  24.1  24.1  23.7  23.7  23.9  24.0  24.0  23.7  24.0  24.2  24.0  23.9  24.3  24.5  24.1  24.3  24.4  24.7 
 24.0  24.0  24.3  24.6  24.1  24.2  24.5  24.2  24.0  23.9  24.2  24.1  23.6  23.8  24.1  24.0  23.8  23.8  23.9  24.1  24.0  24.0  24.0  24.3  23.9  23.8  24.1  24.2  24.3  24.0  24.5  24.5 
 24.0  24.3  24.2  24.3  24.2  24.1  24.1  24.1  23.8  23.7  24.2  24.0  23.9  23.8  24.0  24.1  23.9  23.8  24.1  24.1  24.0  23.8  24.2  24.0  23.8  23.9  24.2  24.5  24.1  24.0  24.3  24.3 
 24.4  23.9  24.2  24.5  24.3  23.9  24.3  24.1  23.9  23.9  24.1  24.0  23.7  23.8  24.1  24.0  24.0  23.7  24.0  24.0  24.0  23.7  24.1  23.9  24.1  24.0  24.4  24.3  24.2  24.1  24.5  23.7 
 24.3  23.9  24.4  24.2  23.8  23.8  24.4  24.3  23.9  23.9  24.1  24.1  23.9  23.9  24.0  24.1  23.9  23.8  24.1  24.1  23.9  23.9  24.1  24.3  24.0  23.9  24.3  24.5  24.2  24.2  24.5  24.3 
 24.3  23.9  24.4  24.6  24.1  24.1  24.2  24.3  23.9  23.8  24.1  24.2  24.0  23.7  24.0  23.9  23.9  23.9  24.3  24.1  24.1  23.8  24.2  24.1  24.1  23.9  24.4  24.6  24.1  24.0  24.5  24.6 
 24.4  24.3  24.4  24.6  24.2  24.0  24.1  24.1  24.0  23.8  24.2  24.1  23.9  23.9  24.0  24.1  23.8  23.8  24.2  24.1  24.0  24.0  24.2  24.1  24.0  24.0  24.4  24.2  24.1  24.1  24.7  24.7 
 24.3  24.1  24.4  24.4  23.9  24.1  24.3  24.1  23.9  23.8  24.1  24.1  23.9  23.6  24.0  24.1  24.1  23.9  24.1  24.1  24.1  24.1  24.2 nan  24.0  23.9  24.2  24.5  24.4  24.1  24.6  24.8 
 24.5  24.2  24.4  24.6  24.2  24.1  24.2  24.2  23.8  23.9  24.0  24.2  23.9  23.9  24.1  24.0  24.0  23.9  24.2  24.2  24.1  24.0  24.4  24.5  24.2  24.2  24.7  24.7  24.5  24.7  25.3  25.4 
 24.4  24.4  24.5  24.7  24.3  24.1  24.4  24.4  23.9  23.7  24.2  24.2  24.0  23.9  24.1  24.0  24.0  23.9  24.2  24.2  24.2  24.1  24.4  24.7  24.5  24.3  24.9  25.0  24.9  25.0  25.4  25.4 
 24.3  24.3  24.5  24.6  24.2  23.8  24.1  24.4  24.1  23.7  24.0  24.3  24.0  23.9  24.0  24.2  24.1  23.8  24.2  24.3  24.3  24.8  29.8  31.1  30.7  29.9  27.7  27.3  26.4  26.1  26.4  26.2 
 24.6  24.1  24.6  24.6  24.2  24.1  24.1  24.2  24.0  23.9  24.2  24.0  23.9  24.1  24.1  24.0  24.1  23.9  24.1  24.3  25.2  28.8  45.2  47.5  44.6  39.2  30.9  29.1  27.7  26.9  26.8  26.5 
 24.5  24.4  24.7  24.5  24.1  24.0  24.4  24.4  24.1  24.0  24.2  24.1  23.9  23.8  24.1  24.0  24.1  23.9  24.4  24.4  32.3  44.7  70.3  73.5  69.8  60.5  36.4  33.0  28.9  28.4  27.7  27.1 
 24.3  24.3  24.7  24.6  24.1  23.9  24.5  24.5  24.0  23.9  24.2  24.0  24.1  23.7  24.1  24.3  24.0  23.8  24.4  24.5  34.7  48.9  74.8  77.5  71.6  61.5  37.2  33.3  29.3  28.5  27.9  27.7 
 24.6  24.6  24.7  24.8  24.3  24.0  24.5  24.6  24.1  23.9  24.2  24.2  24.0  24.2  24.2  24.2  24.1  24.0  24.4  24.7  33.4  42.4  65.1  68.0  59.0  50.1  34.7  32.4  29.4  28.5  27.9  27.9 
 24.4  24.6  24.7  24.9  24.5  24.1  24.6  24.3  24.1  24.0  24.3  24.4  24.1  24.0  24.3  24.1  24.0  24.0  24.7  25.0  31.4  36.3  52.0  54.0  47.0  41.8  33.1  31.5  28.9  28.6  28.4  28.2 
 25.0  24.7  25.1  25.0  24.5  24.4  24.3  24.4  24.0  24.0  24.2  24.2  24.1  24.0  24.4  24.2  24.1  24.1  24.6  25.6  27.2  28.5  33.3  34.2  33.7  32.6  31.0  30.0  28.3  27.7  28.6  29.5 
 25.1  24.9  25.2  24.8  24.5  24.2  24.6  24.7  24.2  24.1  24.2  24.4  24.1  24.0  24.3  24.3  24.1  24.1  24.9  25.6  26.2  27.0  29.8  30.9  31.3  30.9  30.1  29.6  28.1  27.6  29.2  30.1 
 25.8  25.0  25.1  25.2  24.4  24.5  24.6  24.5  24.3  24.2  24.4  24.6  24.2  24.1  24.4  24.5  24.3  24.1  25.4  25.5  25.3  25.8  27.8  28.4  28.7  28.6  28.6  28.4  27.8  27.9  30.9  32.5 
 25.9  25.4  25.3  25.3  24.8  24.5  24.6  24.7  24.4  24.1  24.6  24.6  24.3  24.0  24.2  24.6  24.3  24.2  25.3  25.4  25.4  25.4  27.4  27.7  28.1  27.9  28.2  28.4  27.9  28.1  31.5  33.2 
