 24.7  24.6  24.3  24.3  24.0  24.5  24.4  24.6  24.2  24.1  24.3  24.3  23.9  23.9  24.2  24.1  23.8  24.0  24.0  24.3  24.2  23.9  24.4  24.3  24.1  24.2  24.6  24.8  24.5  24.7  25.5  26.7 
 24.3  24.4  24.6  24.3  24.6  24.1  24.7  24.6  24.1  23.9  24.6  24.3  24.0  23.9  24.5  24.1  23.9  24.0  24.2  24.1  24.2  24.0  24.5  24.4  24.2  24.1  24.4  24.7  24.3  24.2  25.1  25.9 
 24.0  23.9  24.5  24.6  24.3  24.3  24.5  24.1  24.0  24.0  24.1  24.2  23.8  23.8  24.1  24.3  24.0  24.1  23.9  24.1  24.0  24.2  24.0  24.2  24.1  24.3  24.6  24.6  24.5  24.2  24.9  24.8 
 24.2  23.8  24.6  24.7  24.4  24.0  24.7  24.1  24.0  23.8  24.4  24.1  24.0  23.8  24.2  24.2  24.1  23.6  24.2  24.4  24.3  23.8  24.5  24.4  24.0  24.1  24.6  24.6  24.5  24.0  24.8  25.1 
 24.2  24.7  24.6  24.5  24.2  24.5  24.3  24.3  24.0  24.1  24.1  24.2  23.9  24.0  24.1  24.1  24.0  23.8  24.1  24.1  23.9  24.0  24.1  24.3  24.1  24.2  24.4  24.1  24.1  24.4  24.6  24.9 
 24.0  24.0  24.6  24.6  24.3  24.1  24.5  24.2  24.1  24.0  24.1  24.1  23.9  23.9  24.3  24.1  23.9  23.7  24.1  23.9  24.0  24.0  24.2  24.0  24.1  23.8  24.4  24.5  24.0  24.3  24.8  24.3 
 24.3  24.5  24.4  24.5  24.1  24.4  24.1  24.3  23.9  23.9  24.2  24.1  24.0  24.0  24.0  24.0  23.8  24.1  24.2  24.2  24.1  24.0  24.2  24.3  24.0  23.9  24.3  24.3  24.1  24.2  24.3  24.7 
 24.6  24.4  24.6  24.2  24.3  24.0  24.3  24.2  24.0  23.9  24.3  24.2  24.0  23.8  24.0  24.2  24.1  23.9  24.1  24.1  23.9  24.0  24.4  24.4  24.1  24.0  24.5  24.5  24.2  24.0  24.4  23.7 
 24.3  24.4  24.6  24.6  24.0  24.3  24.3  24.2  23.9  24.0  24.2  24.1  23.9  24.0  24.0  24.4  24.0  24.0  24.1  24.2  24.0  24.0  24.3  24.3  24.1  24.1  24.1  24.7  24.2  24.2  24.5  24.6 
 24.6  24.5  24.9  24.6  24.3  24.1  24.2  24.2  24.1  23.9  24.2  24.1  24.0  23.8  24.2  24.0  23.9  23.8  24.3  24.2  24.1  24.0  24.3  24.2  24.1  24.0  24.4  24.5  24.3  24.1  24.5  24.9 
 24.4  24.6  24.6  24.6  24.0  24.2  24.1  24.3  23.9  24.0  24.3  24.2  23.9  23.9  24.2  24.1  24.0  24.0  24.1  24.2  24.1  24.1  24.3  24.2  24.0  24.0  24.2  24.4  24.2  24.5  24.7  24.5 
 24.2  24.2  24.3  24.5  24.2  24.0  24.4  24.2  24.0  23.8  24.2  24.2  24.0  23.9  24.0  24.1  24.0  23.8  24.2  24.2  24.2  24.1  24.3 nan  24.0  24.0  24.4  24.3  24.4  24.1  24.8  24.8 
 24.5  24.5  24.4  24.7  24.2  24.2  24.4  24.3  24.0  24.0  24.0  24.1  23.9  24.0  24.1  24.2  24.0  24.1  24.3  24.2  24.1  24.2  24.4  24.5  24.3  24.3  24.5  24.8  24.5  24.7  25.3  25.2 
 24.5  24.4  24.5  24.7  24.2  23.9  24.5  24.3  24.1  23.7  24.2  24.2  24.0  24.1  24.2  24.2  24.0  23.9  24.4  24.3  24.2  24.1  24.6  24.6  24.7  24.3  24.9  25.1  25.2  25.1  25.7  25.5 
 24.5  24.5  24.4  24.7  24.4  24.1  24.4  24.3  24.2  24.0  24.1  24.4  24.0  23.9  24.0  24.1  24.0  24.0  24.3  24.3  24.4  25.0  29.9  31.1  30.8  30.0  27.7  27.3  26.8  26.4  26.4  26.5 
 24.7  24.0  24.8  24.6  24.3  24.1  24.4  24.2  24.2  24.0  24.2  24.2  24.1  23.9  24.1  24.2  24.1  23.9  24.1  24.4  25.3  28.9  45.4  47.5  44.5  39.2  31.0  29.6  27.6  27.3  26.8  26.7 
 24.5  24.5  24.9  24.7  24.4  24.2  24.4  24.5  24.0  24.1  24.1  24.2  23.9  23.8  24.2  24.2  24.0  23.9  24.5  24.6  32.2  44.7  70.5  73.7  69.8  60.6  36.4  32.9  29.0  28.4  27.7  27.4 
 24.8  24.2  24.8  24.4  24.2  24.3  24.5  24.4  24.1  23.8  24.2  24.2  24.1  23.9  24.3  24.3  24.2  24.0  24.5  24.6  34.6  49.0  75.2  77.7  71.8  61.5  37.2  33.3  29.7  28.4  27.9  27.4 
 24.8  25.1  24.8  24.9  24.5  24.5  24.5  24.7  24.4  24.1  24.3  24.3  24.2  24.3  24.3  24.4  24.2  24.3  24.4  25.0  33.6  42.8  65.2  68.1  59.1  50.3  34.8  32.5  29.6  28.6  27.9  28.6 
 24.9  24.7  25.2  24.9  24.6  24.3  24.6  24.3  23.9  24.1  24.4  24.3  24.3  24.1  24.3  24.3  24.3  24.1  24.9  25.0  31.3  36.2  52.0  54.2  47.0  41.9  33.0  31.5  29.0  28.4  28.6  28.4 
 25.0  24.7  24.9  24.9  24.5  24.5  24.4  24.7  24.1  24.2  24.2  24.5  24.1  24.2  24.3  24.4  24.1  24.2  24.8  25.7  27.3  28.7  33.2  34.3  33.8  33.0  30.9  30.0  28.1  28.0  28.6  29.8 
 25.1  24.9  25.2  24.7  24.8  24.5  24.8  24.5  24.2  24.2  24.5  24.4  24.4  24.2  24.4  24.5  24.5  24.1  24.8  25.5  26.2  26.9  30.1  30.9  31.3  31.3  30.2  29.7  28.1  27.9  29.7  30.4 
 26.0  25.7  25.1  25.2  24.4  24.7  24.9  24.6  24.3  24.1  24.5  24.6  24.3  24.2  24.1  24.5  24.4  24.4  25.2  25.4  25.5  26.0  27.7  28.5  29.0  29.1  28.9  28.7  27.8  28.3  30.9  32.5 
 25.9  25.4  25.3  25.3  24.7  24.6  24.9  24.9  24.3  24.4  24.7  24.6  24.1  24.1  24.8  24.5  24.3  24.2  25.5  25.4  25.5  25.5  27.5  28.0  28.1  27.9  28.8  28.4  28.1  28.6  32.2  32.3 
