 24.9  23.8  24.4  24.3  24.2  24.2  24.5  24.7  24.1  23.8  24.1  24.2  23.9  23.7  24.1  24.0  24.0  24.0  24.2  24.4  24.1  24.0  24.4  24.3  24.2  24.1  24.6  24.6  24.5  24.3  25.8  25.7 
 24.3  23.8  24.3  24.5  24.3  24.2  24.4  24.6  24.2  23.9  24.1  24.3  23.9  23.9  24.3  24.2  23.9  23.7  23.9  24.3  24.3  23.8  24.3  24.2  24.1  24.2  24.6  24.7  23.9  24.6  25.5  25.9 
 24.0  23.8  24.6  24.0  24.3  23.9  24.4  24.1  24.2  23.7  24.3  24.3  23.8  23.8  24.1  24.2  24.0  24.0  24.0  24.1  23.9  23.9  24.3  24.1  24.2  24.3  24.3  24.5  24.3  24.4  24.7  25.0 
 23.9  24.0  24.6  24.5  24.2  24.1  24.4  24.6  23.9  23.9  24.2  24.1  23.8  23.9  24.0  24.2  23.8  23.8  24.2  24.3  24.0  23.8  24.3  24.5  24.0  24.1  24.4  24.4  24.2  24.3  24.6  25.3 
 24.5  24.0  24.7  24.7  24.4  24.2  24.5  24.3  24.0  24.0  24.0  24.1  23.9  23.8  24.0  23.9  23.8  23.8  24.0  24.0  24.1  23.8  24.2  24.0  24.1  23.9  24.2  24.3  24.0  24.2  24.7  24.6 
 24.0  24.1  24.3  24.4  24.2  24.2  24.4  24.3  24.0  23.9  24.0  24.2  23.9  23.9  24.1  24.1  23.8  24.0  24.1  24.1  23.9  23.8  24.1  24.3  24.3  24.0  24.2  24.6  24.1  24.0  24.6  24.5 
 24.2  24.2  24.3  24.3  24.5  24.1  24.3  24.2  24.1  24.1  24.1  24.2  24.0  23.9  24.0  24.0  23.9  23.8  24.0  24.0  24.1  23.9  24.2  24.1  24.0  24.0  24.3  24.4  24.3  23.8  24.7  24.5 
 24.1  24.2  24.5  24.6  24.2  24.1  24.4  24.3  23.9  23.9  24.2  24.2  24.0  23.8  24.2  24.0  24.0  23.9  24.1  24.1  23.9  24.0  24.2  24.4  23.9  24.0  24.2  24.5  24.1  24.1  24.2  23.5 
 24.4  24.1  24.6  24.1  24.4  24.2  24.3  24.3  24.2  24.0  24.3  24.0  23.9  23.9  23.9  24.1  24.0  23.9  24.3  24.1  24.0  24.0  24.2  24.1  24.1  24.1  24.4  24.4  24.2  24.1  24.4  24.5 
 24.5  24.2  24.7  24.5  24.1  24.3  24.4  24.2  24.0  23.9  24.2  24.2  23.8  23.8  23.9  24.1  23.9  24.0  24.2  24.3  24.0  23.8  24.3  24.2  24.3  24.0  24.5  24.5  24.0  24.0  24.4  24.9 
 24.7  24.4  24.5  24.3  24.3  24.1  24.2  24.1  24.0  23.9  24.3  24.1  23.9  23.9  24.2  24.1  24.2  23.8  24.2  24.1  24.1  24.0  24.4  24.3  24.1  24.0  24.5  24.2  24.3  24.2  24.5  24.3 
 24.5  24.4  24.2  24.7  24.0  24.1  24.3  24.3  23.9  23.9  24.2  24.0  24.0  23.8  24.1  24.0  23.9  23.9  24.2  24.2  24.0  24.1  24.2 nan  24.0  24.1  24.2  24.6  24.1  24.2  24.8  24.9 
 24.5  24.2  24.4  24.6  24.2  23.9  24.3  24.2  23.9  23.9  24.1  24.1  24.0  23.8  24.3  24.0  24.0  23.9  24.2  24.2  24.2  24.1  24.5  24.4  24.3  24.2  24.6  24.7  24.5  24.5  25.2  24.9 
 24.2  24.4  24.6  24.7  24.2  24.2  24.2  24.3  23.8  23.9  24.2  24.2  24.0  23.9  24.2  24.0  24.0  24.0  24.2  24.3  24.3  24.2  24.6  24.5  24.5  24.5  25.0  25.0  25.0  25.0  25.4  25.7 
 24.5  24.3  24.3  24.5  24.3  24.0  24.3  24.2  24.2  23.8  24.0  24.2  24.0  23.8  24.1  24.1  23.9  23.9  24.4  24.3  24.6  25.0  30.0  31.2  30.9  29.9  27.6  27.3  26.6  26.5  26.5  26.2 
 24.3  24.3  24.6  24.7  24.3  23.9  24.3  24.1  24.0  23.8  24.3  24.2  23.9  24.1  24.2  24.2  24.0  23.9  24.1  24.4  25.2  28.8  45.3  47.5  44.5  39.4  31.0  29.2  27.6  27.2  26.7  26.3 
 24.4  24.4  24.7  24.7  24.2  24.1  24.5  24.4  24.1  23.8  24.1  24.0  24.0  24.0  24.1  24.2  24.1  23.8  24.4  24.5  32.1  44.7  70.5  73.5  69.8  60.5  36.4  32.6  28.9  28.4  27.7  27.1 
 24.5  24.3  24.8  24.8  24.0  24.0  24.4  24.3  24.1  23.9  24.2  24.1  24.0  24.0  24.2  24.2  24.1  23.9  24.4  24.7  34.6  49.0  75.0  77.7  71.4  61.6  37.0  33.3  29.5  28.8  27.7  27.4 
 24.9  24.8  25.0  24.8  24.5  24.6  24.5  24.4  24.2  23.9  24.3  24.2  24.0  23.8  24.2  24.3  24.1  24.1  24.3  24.8  33.6  42.5  65.1  67.9  58.9  50.0  34.9  32.6  29.6  28.5  28.1  28.1 
 24.8  24.6  24.7  25.0  24.2  24.3  24.3  24.3  24.0  24.1  24.3  24.4  24.0  24.1  24.4  24.4  24.1  24.2  24.6  25.1  31.3  36.3  52.0  54.1  46.9  42.0  33.3  31.8  29.0  28.4  28.2  28.2 
 25.1  24.7  25.2  24.9  24.7  24.2  24.6  24.5  24.4  24.2  24.3  24.2  24.2  24.1  24.3  24.4  24.3  24.1  24.8  25.6  27.3  28.6  33.3  34.6  33.8  32.7  31.2  30.3  28.6  27.9  28.8  29.8 
 24.9  24.9  25.2  25.2  24.4  24.3  24.5  24.8  24.2  24.2  24.3  24.4  24.1  24.1  24.3  24.3  24.1  24.1  24.8  25.4  26.1  26.9  30.1  31.0  31.4  31.0  30.2  29.7  27.9  27.9  29.0  30.7 
 25.5  25.0  25.1  25.1  24.6  24.5  24.7  24.5  24.6  24.4  24.5  24.7  24.4  24.1  24.3  24.4  24.2  24.2  25.2  25.2  25.6  25.7  28.0  28.4  29.1  28.9  29.1  28.7  27.8  28.1  30.9  32.1 
 25.9  25.4  25.1  25.3  24.6  24.6  24.6  24.9  24.5  24.4  24.5  24.6  24.1  23.8  24.4  24.6  24.4  24.5  25.2  25.2  25.4  25.6  27.4  27.9  28.1  28.2  28.4  28.4  27.9  28.6  31.5  33.2 
