 24.7  24.2  23.9  24.2  24.4  24.0  24.4  24.7  24.0  24.0  24.1  24.2  24.0  23.8  24.0  24.2  24.2  23.9  24.1  24.2  24.2  24.2  24.0  24.3  24.3  24.1  24.3  24.8  24.7  24.3  25.3  26.1 
 24.9  24.0  24.3  24.1  24.5  24.2  24.5  24.4  24.0  24.0  24.3  24.2  24.1  23.9  24.2  24.1  24.0  23.8  24.1  24.0  24.1  24.0  24.2  24.3  24.1  24.2  24.6  24.6  24.3  24.4  25.5  25.4 
 24.3  23.8  24.4  24.3  24.4  24.0  24.0  24.3  24.0  23.9  24.0  24.2  24.1  23.8  24.0  24.2  23.9  23.8  23.9  24.1  24.2  24.0  23.9  24.4  24.2  23.9  24.0  24.5  24.2  24.1  24.7  25.3 
 24.1  24.2  24.3  24.6  24.2  24.3  24.7  24.4  24.1  24.0  24.3  24.1  23.8  23.8  24.2  24.2  24.0  23.9  24.4  24.0  24.0  24.0  24.3  24.1  23.7  24.0  24.6  24.3  24.4  24.5  25.0  25.1 
 24.4  24.2  24.5  24.4  24.5  24.2  24.2  24.5  24.3  23.9  24.1  24.2  24.0  23.7  24.1  23.9  24.0  23.9  23.8  24.0  24.1  23.8  24.0  24.2  24.0  24.0  24.2  24.4  24.1  24.2  24.4  24.7 
 24.4  23.8  24.5  24.6  24.3  24.4  24.3  24.2  24.0  24.0  24.1  24.1  23.9  23.8  24.0  24.1  23.8  24.0  24.1  24.1  23.9  23.7  24.1  24.3  24.1  24.0  24.4  24.4  24.3  24.2  24.8  24.7 
 24.0  24.0  24.2  24.3  24.4  24.0  24.2  24.4  24.0  23.9  23.9  24.3  24.0  24.0  23.9  23.9  24.0  23.9  23.9  24.1  24.2  23.9  24.1  24.0  24.2  24.0  24.2  24.5  24.2  24.0  24.3  24.5 
 24.3  23.9  24.4  24.4  24.3  24.2  24.3  24.3  23.9  23.8  24.2  24.1  24.0  23.9  24.1  24.0  24.0  23.9  24.1  24.1  23.9  23.9  24.0  24.2  24.0  23.9  24.4  24.3  24.1  24.1  24.4  23.7 
 24.5  24.1  24.4  24.6  24.2  24.0  24.0  24.3  24.1  23.9  24.1  24.2  24.0  23.9  23.9  24.1  23.9  23.9  24.0  24.1  24.1  23.9  24.0  24.3  24.1  24.0  24.2  24.5  24.3  24.2  24.4  24.3 
 24.5  24.4  24.6  24.7  24.1  24.2  24.2  24.1  24.0  24.0  24.1  24.1  24.0  23.8  23.9  24.1  23.9  24.0  24.2  24.1  24.1  23.9  24.1  24.2  24.2  24.1  24.4  24.4  24.0  24.0  24.8  24.4 
 24.8  24.4  24.3  24.7  24.3  24.0  24.1  24.2  24.0  23.9  23.9  24.1  24.0  23.9  23.9  24.2  24.1  23.9  24.1  24.1  24.2  24.0  24.2  24.3  24.1  24.2  24.3  24.4  24.3  24.2  24.4  24.8 
 24.5  24.4  24.5  24.4  24.1  24.1  24.2  24.3  23.9  23.8  24.1  24.2  24.0  23.9  24.2  24.1  24.0  23.9  24.1  24.1  24.0  24.1  24.3 nan  24.1  23.9  24.2  24.4  24.4  24.0  24.6  24.9 
 24.5  24.0  24.3  24.5  24.3  23.9  24.1  24.4  24.0  23.7  24.0  24.1  24.1  23.9  24.0  24.2  24.0  23.9  24.2  24.2  24.3  24.1  24.3  24.5  24.3  24.1  24.5  24.6  24.6  24.4  25.2  25.2 
 24.5  24.3  24.6  24.4  24.2  24.1  24.4  24.3  23.9  24.0  24.0  24.1  24.0  24.1  24.2  24.1  24.0  23.9  24.2  24.2  24.3  24.2  24.5  24.5  24.6  24.5  24.9  24.9  25.0  24.8  25.4  25.4 
 24.2  24.4  24.5  24.5  24.4  24.0  24.2  24.3  24.1  23.8  24.0  24.3  24.1  23.8  24.1  24.2  24.1  23.9  24.0  24.3  24.5  24.8  29.7  31.2  31.0  29.8  27.3  27.4  26.5  26.4  26.4  26.3 
 24.4  24.4  24.8  24.5  24.1  24.1  24.2  24.2  24.0  23.8  24.2  24.2  24.1  24.0  24.2  24.0  24.0  24.0  24.5  24.3  25.4  28.8  45.3  47.4  44.4  39.5  30.8  29.2  27.7  27.4  26.9  26.7 
 24.4  24.4  24.8  24.5  24.4  24.1  24.2  24.4  24.3  23.9  24.0  24.1  23.9  23.8  24.0  24.1  24.1  24.0  24.3  24.6  32.3  44.7  70.1  73.4  69.8  60.5  36.2  32.8  29.2  28.4  27.5  27.5 
 24.8  24.4  24.5  24.7  24.1  23.9  24.4  24.3  24.1  23.9  24.2  24.2  24.1  24.0  24.2  24.2  23.9  24.0  24.4  24.5  34.6  49.1  74.7  77.2  71.5  61.4  37.0  33.4  29.5  28.8  27.7  27.6 
 25.1  24.6  24.8  24.8  24.3  24.3  24.4  24.7  24.3  23.9  24.3  24.2  24.2  23.9  24.1  24.3  24.3  24.2  24.4  24.8  33.6  42.5  64.8  67.8  59.0  49.9  34.5  32.5  29.7  28.6  27.8  28.1 
 24.9  24.9  24.9  24.6  24.5  24.4  24.6  24.5  24.0  24.1  24.4  24.2  24.0  24.2  24.3  24.3  24.2  24.0  24.7  25.1  31.4  36.5  52.0  53.9  47.0  42.0  33.3  31.7  28.9  28.6  28.2  28.2 
 25.2  25.0  24.9  24.9  24.7  24.2  24.3  24.4  24.4  24.1  24.1  24.2  24.2  24.1  24.2  24.3  24.1  24.3  24.4  25.4  27.4  28.6  33.2  34.2  33.8  32.7  30.8  30.0  28.3  27.9  28.6  29.5 
 25.4  24.9  25.2  24.9  24.4  24.5  24.6  24.7  24.4  24.3  24.3  24.3  24.1  24.1  24.4  24.4  24.1  24.3  24.9  25.4  26.4  27.0  30.3  30.8  31.4  31.1  29.8  29.6  27.9  27.9  29.4  30.2 
 26.3  25.3  24.9  25.4  24.4  24.2  24.6  25.1  24.5  24.5  24.5  24.5  24.3  24.3  24.3  24.5  24.5  24.2  25.1  25.3  25.6  26.0  27.6  28.7  29.3  28.9  28.8  28.4  28.0  27.9  30.6  32.9 
 26.6  25.7  25.3  24.9  24.4  24.6  25.2  24.9  24.4  24.4  24.5  24.5  24.2  24.1  24.4  24.5  24.2  24.5  25.4  25.1  25.2  25.6  27.4  27.7  28.2  28.4  28.2  28.1  28.1  28.9  31.9  32.8 
