 24.7  24.2  24.1  24.3  23.9  23.8  24.4  24.6  24.3  24.0  24.1  24.3  24.1  24.1  23.8  24.3  23.9  23.8  24.2  24.5  24.1  24.0  24.2  24.6  24.2  24.4  24.3  24.6  24.7  24.3  25.5  27.0 
 24.5  24.2  24.3  24.0  24.2  24.1  24.7  24.3  24.0  23.7  24.4  24.3  23.9  24.0  24.1  24.1  24.1  23.7  24.5  24.1  24.3  23.9  24.5  24.3  24.1  24.1  24.6  24.6  24.3  24.2  25.7  26.5 
 24.3  24.3  24.2  24.6  24.3  24.1  24.3  24.5  24.0  23.8  23.9  24.3  23.8  24.0  24.0  24.3  23.9  23.9  23.8  24.2  24.0  23.6  24.0  24.3  24.2  24.2  24.3  24.7  24.5  24.1  24.5  25.5 
 23.9  23.8  24.8  24.2  24.4  24.2  24.6  24.3  24.1  23.9  24.6  24.1  23.8  23.8  24.2  24.2  23.9  23.7  24.2  24.0  23.9  24.0  24.3  24.3  23.8  24.1  24.4  24.4  24.1  24.3  25.0  25.3 
 24.2  24.2  24.4  24.5  24.5  24.3  24.2  24.3  24.0  23.9  23.9  24.1  23.9  23.7  24.1  24.0  23.9  23.9  23.9  24.2  23.9  23.9  24.0  24.2  24.0  24.0  24.3  24.2  24.3  24.3  24.4  24.9 
 24.0  24.0  24.5  24.3  24.2  24.4  24.5  24.2  23.9  23.7  24.0  24.0  23.9  23.8  24.0  23.9  23.9  23.9  24.3  24.1  24.0  23.8  24.1  24.0  24.1  23.8  24.2  24.5  24.1  24.2  24.8  24.8 
 24.0  24.3  24.0  24.5  24.1  24.2  24.2  24.3  24.1  23.8  24.0  24.2  23.8  24.0  23.8  24.2  23.9  23.9  23.9  24.1  24.0  24.0  24.1  24.3  24.0  23.9  24.2  24.4  23.9  24.1  24.5  24.7 
 24.4  24.1  24.2  24.2  24.3  24.0  24.3  24.1  24.0  23.9  24.2  24.1  23.9  23.9  24.2  24.1  24.0  23.8  24.2  24.0  24.1  23.8  24.2  24.2  23.9  23.8  24.5  24.0  24.2  24.1  24.5  23.7 
 24.6  24.2  24.4  24.6  24.2  24.2  24.0  24.3  24.0  23.9  24.0  24.1  23.9  24.0  23.9  24.2  23.9  23.9  24.0  24.1  24.0  24.1  24.0  24.2  24.2  24.0  24.3  24.6  24.3  24.1  24.2  24.6 
 24.6  24.2  24.6  24.3  24.2  23.9  24.3  24.1  23.9  23.9  24.1  24.1  23.9  23.7  24.0  23.9  23.9  23.8  24.3  24.1  23.9  23.9  24.3  24.2  24.2  23.9  24.5  24.2  24.3  24.1  24.8  24.6 
 24.4  24.4  24.5  24.6  24.1  24.0  24.1  24.2  23.8  24.0  24.0  24.2  23.9  23.9  24.0  24.1  23.9  24.0  24.1  24.3  24.1  24.1  24.0  24.4  24.0  24.1  24.3  24.4  24.2  24.2  24.4  24.5 
 24.2  24.1  24.4  24.4  24.3  24.0  24.4  24.1  24.1  23.9  24.2  24.0  24.0  23.7  24.0  24.1  24.0  24.0  24.3  24.1  24.1  24.0  24.3 nan  24.1  23.8  24.3  24.5  24.3  24.1  24.8  24.6 
 24.5  24.5  24.5  24.7  24.0  24.0  24.1  24.3  23.9  24.0  24.0  24.2  23.8  23.9  24.0  24.0  24.0  23.9  24.1  24.3  24.2  24.1  24.2  24.4  24.3  24.3  24.4  24.8  24.4  24.8  25.0  25.6 
 24.4  24.4  24.6  24.6  24.2  24.2  24.4  24.2  24.0  23.8  24.2  24.2  24.0  24.0  24.2  24.0  24.0  23.9  24.4  24.3  24.2  24.1  24.5  24.5  24.6  24.5  25.1  25.0  25.1  24.7  25.5  25.6 
 24.5  24.5  24.5  24.5  24.5  24.1  24.2  24.4  24.0  23.9  24.1  24.3  24.0  24.0  23.9  24.2  24.2  24.0  24.2  24.4  24.3  24.9  29.7  31.3  30.9  29.9  27.5  27.3  26.4  26.4  26.2  26.3 
 24.4  24.4  24.8  24.6  24.3  24.0  24.3  24.1  24.0  23.9  24.2  24.0  23.9  23.9  24.2  24.1  24.0  24.0  24.4  24.2  25.3  28.9  45.3  47.5  44.5  39.2  30.8  29.4  27.6  26.9  27.0  26.7 
 24.5  24.5  24.7  24.7  24.2  24.1  24.2  24.4  24.0  24.0  23.9  24.2  24.0  23.9  24.1  24.2  23.8  24.0  24.4  24.7  31.9  44.6  70.3  73.4  69.7  60.5  36.4  32.9  29.2  28.6  27.5  27.1 
 24.8  24.5  24.7  24.5  24.0  24.0  24.6  24.2  24.2  24.1  24.1  24.1  24.1  23.8  24.3  24.0  24.1  23.9  24.5  24.6  34.7  49.0  74.9  77.3  71.4  61.6  37.0  33.3  29.6  28.7  27.9  27.4 
 24.8  24.8  24.5  24.9  24.3  24.4  24.3  24.7  24.3  23.9  24.3  24.2  23.9  24.1  24.2  24.4  24.3  24.3  24.4  24.9  33.5  42.5  64.9  67.9  59.1  50.1  34.7  32.6  29.6  28.5  27.7  28.2 
 24.9  24.7  25.0  24.7  24.6  24.1  24.5  24.4  24.2  24.1  24.3  24.2  24.1  24.0  24.5  24.2  24.1  24.0  24.8  25.0  31.6  36.4  52.0  53.9  47.0  42.1  33.3  31.5  28.9  28.3  28.4  28.4 
 25.2  24.7  24.9  25.2  24.4  24.4  24.5  24.7  24.3  24.2  24.2  24.5  24.2  24.0  24.2  24.6  23.8  24.2  24.6  25.6  27.2  28.7  33.1  34.2  33.9  32.6  30.9  30.3  28.4  27.9  28.6  30.0 
 24.9  25.1  25.2  24.7  24.4  24.3  24.9  24.7  24.0  24.2  24.3  24.4  24.1  24.1  24.4  24.4  24.3  24.2  24.8  25.4  26.5  26.9  29.9  30.8  31.5  31.1  30.1  29.3  27.9  27.6  29.7  30.7 
 25.8  25.3  24.9  25.2  24.6  24.4  24.6  24.6  24.3  24.3  24.4  24.8  24.2  24.2  24.3  24.5  24.3  24.4  25.2  25.5  25.5  26.0  27.7  28.5  28.9  28.9  29.0  28.9  27.5  28.1  30.9  32.5 
 25.9  25.4  25.3  25.3  24.7  24.5  24.9  24.6  24.4  24.1  24.6  24.7  24.1  24.0  24.7  24.3  24.3  24.3  25.5  25.1  25.4  25.6  27.3  27.6  28.2  28.1  28.4  28.3  27.9  28.4  31.8  33.2 
