 24.1  23.2  23.6  23.3  22.9  22.6  22.9  22.9  22.5  22.6  22.8  22.9  22.6  22.5  22.7  22.8  22.1  22.4  23.0  22.8  22.5  22.6  23.1  22.9  22.6  22.5  23.3  24.0  23.3  23.1  24.2  25.2 
 23.5  23.2  23.3  23.3  22.9  22.8  22.9  23.0  22.7  22.5  22.9  22.6  22.5  22.6  22.8  22.8  22.6  22.3  22.7  22.8  22.5  22.5  23.0  23.0  22.6  22.8  23.6  24.4  23.8  23.4  23.8  24.5 
 23.3  23.1  23.4  23.3  22.6  22.5  23.0  22.8  22.7  22.5  22.9  22.9  22.5  22.5  22.9  22.7  22.6  22.5  22.7  22.8  22.6  22.6  22.7  22.8  22.7  23.0  23.1  23.2  23.0  22.9  23.7  23.6 
 23.0  23.0  23.5  23.3  22.7  22.5  23.0  23.0  22.9  22.7  23.1  22.7  22.5  22.6  22.6  22.7  22.4  22.3  22.8  22.6  22.6  22.6  22.9  22.8  22.6  22.6  23.2  23.0  22.9  22.9  24.0  24.0 
 23.2  23.0  23.2  23.3  22.9  22.7  22.9  23.2  23.2  23.3  23.1  22.9  22.6  22.5  22.7  22.6  22.3  22.5  22.8  22.7  22.6  22.7  23.0  22.9  22.7  22.6  23.2  23.0  22.8  23.0  23.1  23.5 
 23.0  23.3  23.2  23.2  22.5  22.8  23.2  23.3  23.8  24.0  23.0  22.8  22.4  22.6  22.7  22.5  22.6  22.3  22.7  22.6  22.6  22.3  22.7  22.9  22.9  22.7  23.0  23.0  22.9  23.1  23.5  23.3 
 23.2  22.9  23.2  23.2  22.9  22.6  23.2  23.7  25.3  26.6  24.2  23.3  22.6  22.6  22.7  22.6  22.7  22.4  22.9  22.7  22.6  22.7  22.9  22.9  22.7  22.6  23.1  23.2  22.8  22.7  23.4  23.4 
 23.1  23.1  23.3  23.3  22.7  22.7  23.4  23.4  25.7  27.2  24.7  23.2  22.6  22.6  22.7  22.7  22.5  22.6  22.9  22.9  22.5  22.5  23.1  23.0  22.8  22.6  22.9  23.0  22.7  23.0  23.2  22.7 
 23.6  23.3  23.5  23.0  22.9  22.7  23.1  23.3  23.3  23.5  23.2  22.9  22.5  22.6  22.5  22.7  22.7  22.5  22.9  22.7  22.7  22.6  22.8  22.8  22.8  22.7  23.0  22.9  22.9  22.7  23.4  23.3 
 23.5  23.4  23.5  23.4  23.1  22.9  23.0  23.0  23.0  22.9  23.1  23.1  22.5  22.7  22.7  22.8  22.6  22.5  22.8  22.7  22.7  22.6  23.0  22.8  22.6  22.4  23.1  23.2  23.2  23.0  23.7  23.3 
 23.8  23.9  24.1  23.9  23.6  23.5  23.2  23.3  22.7  22.9  23.0  22.9  22.6  22.6  22.8  22.7  22.7  22.5  22.7  22.8  22.6  22.4  22.8  23.0  22.6  22.6  23.3  23.7  23.7  23.1  23.6  23.4 
 23.8  23.3  24.2  24.2  24.6  24.4  24.0  23.6  23.1  22.9  22.9  22.9  22.6  22.5  22.7  22.9  22.5  22.8  22.8  22.9  22.7  22.5  22.9 nan  22.7  22.7  24.5  25.2  24.0  23.0  23.5  23.3 
 24.6  24.4  25.3  25.8  27.0  27.8  32.7  34.8  32.9  29.4  23.5  23.0  22.8  22.5  22.8  22.8  22.6  22.6  22.8  22.8  22.6  22.5  22.9  22.8  22.8  22.7  24.0  24.6  23.6  23.0  23.7  23.6 
 24.7  24.7  25.9  26.6  28.5  30.2  41.5  48.8  53.3  47.4  24.6  23.4  22.8  22.7  22.8  22.7  22.7  22.8  22.9  22.8  22.7  22.6  22.8  22.9  22.8  22.6  23.5  23.4  23.4  23.1  23.3  23.4 
 25.2  25.3  26.9  27.6  30.8  33.8  54.8  63.1  74.8  71.5  35.0  25.8  22.8  22.6  22.8  22.8  22.8  22.6  22.8  22.8  22.7  22.5  22.9  22.9  22.7  22.7  23.0  23.2  23.2  23.2  23.5  23.5 
 25.1  25.5  26.9  27.8  30.7  34.1  53.5  62.6  78.6  79.5  37.7  26.3  22.9  22.8  22.8  22.8  22.5  22.5  22.7  22.9  22.5  22.6  22.9  22.8  22.7  22.6  23.1  23.3  23.2  23.1  23.7  23.5 
 25.1  25.4  26.9  27.1  29.5  31.6  44.4  53.4  73.5  70.8  30.6  24.6  22.8  22.7  23.1  22.8  22.8  22.7  22.8  22.9  22.7  22.7  22.9  22.8  22.7  22.7  22.9  23.3  22.9  22.9  23.8  23.8 
 25.1  25.4  26.5  27.0  28.7  29.5  37.1  42.3  54.6  50.2  26.0  23.9  22.9  22.7  22.9  22.8  22.6  22.6  23.0  22.7  22.6  22.5  23.0  23.0  22.8  22.6  23.1  23.2  23.3  22.9  23.8  23.8 
 25.3  25.4  26.3  26.8  26.8  27.0  29.0  29.7  29.9  28.3  24.0  23.5  22.9  22.9  23.0  23.1  22.8  22.8  22.9  23.1  22.7  22.6  22.8  23.0  22.8  22.9  23.2  23.3  23.2  23.1  23.6  24.0 
 25.5  25.7  26.1  26.5  26.3  26.3  27.6  27.6  27.1  26.1  23.7  23.4  22.9  22.9  23.0  23.0  22.8  22.7  23.2  22.8  22.8  22.6  23.1  23.0  22.8  22.8  23.3  23.3  23.0  23.4  24.0  24.1 
 25.6  25.2  25.9  25.9  25.5  25.6  25.9  26.0  25.1  24.8  23.6  23.4  22.9  23.0  22.9  23.1  22.8  22.8  23.0  23.2  22.9  22.7  23.2  23.3  23.0  23.0  23.4  23.5  23.4  24.1  25.2  25.3 
 25.5  25.2  25.8  25.6  25.4  25.1  25.5  25.4  24.6  24.3  23.7  23.3  23.1  22.9  23.1  23.0  22.7  22.8  23.0  23.1  22.8  22.9  23.1  23.3  22.9  23.1  23.4  24.1  24.5  25.1  26.2  26.3 
 26.0  25.8  25.5  25.8  25.0  24.8  24.9  24.8  24.3  23.9  23.7  23.7  23.2  22.9  23.2  23.1  23.0  22.9  23.3  23.2  22.9  23.0  23.6  23.7  23.4  23.7  25.3  26.0  26.1  25.9  26.5  27.3 
 26.3  25.6  25.6  25.3  25.2  24.9  24.6  24.8  24.1  23.5  23.5  23.7  23.2  23.0  23.1  23.2  23.1  22.8  23.2  23.2  23.2  23.2  23.6  23.8  24.2  24.7  26.4  27.0  26.5  25.8  27.7  27.2 
