 24.3  23.9  24.3  24.5  23.9  24.1  24.4  24.4  23.9  23.9  24.3  24.2  23.6  23.8  23.8  24.0  23.7  23.7  23.9  24.1  23.5  23.8  23.9  24.2  23.9  23.9  24.5  24.5  24.0  24.1  24.7  25.6 
 24.6  23.7  24.4  24.6  24.0  23.9  24.3  24.5  24.2  23.5  24.3  24.0  23.8  23.7  24.0  23.9  23.5  23.4  24.0  23.7  23.9  23.2  23.9  24.0  23.7  24.0  24.3  24.4  24.2  23.8  25.3  25.1 
 24.0  23.9  24.4  24.6  23.9  23.7  24.1  24.3  23.7  23.7  23.6  23.9  23.5  23.7  23.9  23.9  23.5  23.6  23.8  24.0  23.5  23.8  23.8  24.2  23.8  23.8  24.1  24.2  23.9  24.0  24.5  25.0 
 24.0  23.6  24.3  24.2  23.9  23.6  24.2  23.9  24.0  23.5  24.1  24.0  23.7  23.3  23.7  23.8  23.4  23.4  23.8  23.7  23.8  23.6  24.0  23.9  23.8  23.4  24.1  24.1  23.6  23.9  24.6  24.7 
 24.1  23.9  24.3  24.3  23.5  23.8  23.8  24.1  23.7  23.9  23.9  23.9  23.4  23.5  23.7  23.7  23.2  23.5  23.6  23.8  23.4  23.5  23.8  23.9  23.5  23.5  24.0  24.1  23.8  24.0  24.3  24.5 
 24.1  23.5  24.6  23.9  23.8  23.5  24.0  23.9  23.9  23.8  24.0  23.8  23.4  23.3  23.7  23.8  23.5  23.3  23.7  23.8  23.4  23.3  23.9  23.7  23.5  23.4  23.8  23.9  23.9  24.0  24.6  24.3 
 23.6  23.9  23.9  24.2  23.6  23.7  23.8  24.0  23.9  24.1  24.1  24.0  23.5  23.5  23.6  23.5  23.3  23.4  23.4  23.6  23.4  23.5  23.7  23.7  23.6  23.6  24.0  24.1  23.8  23.6  24.2  24.4 
 24.0  23.4  24.1  23.8  23.8  23.3  24.0  23.9  23.9  24.0  24.1  23.8  23.6  23.5  23.5  23.6  23.5  23.2  23.5  23.5  23.5  23.4  23.7  23.6  23.4  23.5  23.9  24.0  23.8  23.7  24.3  23.4 
 24.0  23.9  24.0  23.9  23.4  23.5  23.7  23.9  23.7  23.7  23.9  23.7  23.6  23.3  23.5  23.6  23.4  23.4  23.6  23.4  23.4  23.4  23.6  23.8  23.5  23.6  23.9  24.0  23.9  24.1  24.2  24.2 
 23.8  23.6  24.1  24.0  23.6  23.3  23.8  23.8  23.7  23.4  23.7  23.8  23.3  23.2  23.5  23.5  23.3  23.1  23.4  23.5  23.3  23.2  23.9  23.6  23.7  23.4  24.0  24.0  23.7  23.7  24.4  24.3 
 23.7  24.1  23.7  23.7  23.3  23.7  23.5  23.8  23.6  23.6  23.6  23.6  23.4  23.4  23.5  23.5  23.2  23.3  23.5  23.6  23.3  23.4  23.8  23.7  23.5  23.7  24.1  24.3  23.9  23.9  24.4  24.4 
 23.7  23.3  23.7  23.3  23.5  23.2  23.6  23.8  23.5  23.2  23.4  23.4  23.3  23.1  23.5  23.5  23.5  23.2  23.4  23.4  23.2  23.2  23.5 nan  23.6  23.3  24.2  24.3  24.2  23.3  24.2  24.1 
 23.7  23.4  23.9  24.2  23.6  23.5  23.8  23.9  23.4  23.5  23.6  23.6  23.4  23.4  23.4  23.5  23.2  23.4  23.5  23.3  23.3  23.3  23.6  23.6  23.5  23.6  24.3  24.3  23.9  23.7  24.4  24.6 
 23.9  23.6  24.1  24.0  23.8  23.4  23.9  23.8  23.5  23.3  23.7  23.6  23.3  23.2  23.5  23.4  23.3  23.1  23.5  23.4  23.4  23.2  23.7  23.5  23.5  23.4  24.1  24.0  23.9  23.7  24.4  24.3 
 23.5  24.0  24.1  24.1  23.8  23.6  23.8  23.7  23.3  23.3  23.6  23.8  23.3  23.3  23.4  23.6  23.2  23.3  23.5  23.5  23.3  23.4  23.8  23.8  23.4  23.7  23.9  24.0  23.7  24.1  24.2  24.6 
 23.8  23.5  24.1  23.9  23.7  23.5  23.8  23.6  23.5  23.3  23.7  23.6  23.2  23.2  23.3  23.6  23.3  23.2  23.6  23.3  23.5  23.3  23.9  23.6  23.5  23.5  24.1  23.8  24.0  23.8  24.3  24.3 
 23.6  23.9  24.0  24.1  23.4  23.6  23.7  23.9  23.6  23.5  23.6  23.7  23.3  23.3  23.6  23.7  23.4  23.5  23.7  23.9  23.4  23.4  23.6  23.8  23.7  23.7  24.2  24.2  23.7  24.1  24.8  24.4 
 24.2  23.6  24.1  24.2  23.8  23.4  24.0  23.9  23.6  23.3  23.7  23.6  23.6  23.1  23.7  23.6  23.5  23.3  23.7  23.7  23.5  23.3  23.8  23.9  23.7  23.6  24.1  24.0  24.1  23.8  24.5  24.6 
 23.7  23.8  24.2  24.6  23.5  23.8  24.0  23.9  23.6  23.5  23.7  23.6  23.3  23.5  23.6  23.7  23.5  23.6  23.6  23.9  23.5  23.6  23.9  24.0  23.6  23.9  24.0  24.2  24.3  24.1  24.5  25.1 
 24.0  23.8  24.2  24.2  23.7  23.4  24.0  23.8  23.8  23.4  24.0  23.6  23.4  23.3  23.8  23.7  23.6  23.2  23.7  23.7  23.7  23.5  23.9  23.7  23.6  23.5  24.1  24.3  24.1  24.0  24.8  25.1 
 24.0  24.3  24.2  24.4  23.7  23.8  23.8  23.9  23.6  23.4  23.7  23.9  23.4  23.3  23.6  23.8  23.3  23.6  23.6  23.8  23.6  23.6  23.9  24.1  23.7  23.7  24.3  24.3  23.6  24.1  24.9  25.6 
 24.6  23.8  24.4  24.2  24.0  23.4  24.0  24.1  23.5  23.6  23.9  23.6  23.7  23.4  23.8  23.7  23.5  23.3  23.8  23.9  23.6  23.3  24.1  24.2  23.6  23.5  24.3  24.5  24.1  24.1  25.4  26.0 
 24.7  24.4  24.3  24.7  23.9  23.7  24.1  24.1  23.6  23.7  23.7  23.9  23.5  23.7  23.6  24.0  23.6  23.6  23.8  23.9  23.7  23.6  24.0  24.1  23.7  23.6  24.3  24.7  24.2  24.5  26.6  27.5 
 25.4  24.8  24.7  24.3  24.3  23.7  24.1  24.1  23.8  23.5  23.9  23.7  23.6  23.4  23.9  23.7  23.6  23.4  23.8  24.0  23.8  23.4  24.3  23.9  24.0  23.6  24.4  24.4  24.5  24.3  27.4  26.9 
