 24.9  24.2  23.7  24.0  24.3  24.0  24.3  24.6  24.1  23.7  24.1  24.1  24.0  23.8  23.8  24.1  24.0  23.8  23.9  24.3  24.1  23.8  24.0  24.3  24.2  24.1  24.1  24.5  24.5  24.3  24.7  26.4 
 24.3  24.2  24.3  24.1  24.0  24.5  24.4  24.5  24.2  23.9  24.2  24.2  23.8  23.9  24.2  24.0  23.9  23.9  24.0  24.0  24.1  24.0  24.2  24.2  23.9  24.4  24.3  24.2  24.3  24.6  25.3  25.4 
 24.1  23.8  24.4  24.3  24.3  24.0  24.0  24.4  24.2  23.8  23.8  24.2  23.7  23.8  24.0  24.2  24.0  23.8  23.9  24.1  24.1  23.6  24.0  24.3  24.2  24.1  24.2  24.7  24.3  24.1  24.7  25.0 
 23.3  24.0  24.1  24.4  23.9  24.5  24.4  24.3  23.8  23.9  24.2  24.0  23.8  23.8  24.0  23.8  23.8  23.8  24.0  23.9  24.0  24.0  24.3  24.1  24.0  24.1  24.3  24.3  24.1  24.3  25.0  24.7 
 24.5  24.0  24.3  24.7  24.4  24.2  24.2  24.0  24.0  23.9  23.9  24.1  24.1  23.9  24.0  24.0  23.9  23.6  23.8  24.0  24.0  23.9  24.0  24.2  24.0  24.1  24.0  24.5  24.1  24.1  24.4  24.7 
 23.9  24.3  24.3  24.2  24.2  24.1  24.3  24.2  24.0  24.0  24.0  23.9  23.8  24.0  23.9  24.0  23.9  23.8  24.1  23.9  23.9  24.0  24.1  24.0  23.9  23.9  24.2  24.1  24.0  24.3  24.8  24.5 
 24.4  23.7  24.4  24.3  24.2  24.1  24.1  24.0  24.1  23.6  23.9  24.1  24.0  23.9  23.8  24.0  24.0  23.8  23.9  24.1  24.0  23.7  23.9  23.9  24.0  23.7  24.2  24.4  24.2  24.1  24.0  24.7 
 24.1  24.4  24.3  24.4  24.3  24.3  24.2  24.1  23.9  23.9  24.2  23.9  23.8  23.8  24.0  24.1  23.9  23.8  24.1  24.0  23.8  24.1  24.0  23.9  24.0  24.0  24.2  24.3  23.9  24.2  24.4  23.5 
 24.4  24.1  24.4  24.3  24.2  24.0  24.1  24.1  24.0  23.8  24.0  24.1  23.9  23.8  23.9  23.9  24.1  23.9  23.9  24.2  24.0  24.0  23.8  24.1  24.2  24.0  24.3  24.5  24.2  24.1  24.2  24.5 
 24.5  24.4  24.6  24.3  24.1  24.1  24.2  24.1  23.9  24.0  24.1  24.0  23.9  23.9  24.0  23.9  23.9  23.9  24.1  24.0  23.9  24.0  24.2  24.0  24.2  24.1  24.4  24.2  24.0  24.1  24.5  24.3 
 24.5  24.3  24.3  24.6  24.2  24.1  24.0  24.0  24.1  23.9  24.2  24.2  23.9  23.9  23.9  24.0  24.0  23.7  24.1  24.2  24.0  24.1  24.0  24.2  24.3  24.0  24.0  24.3  24.3  24.2  24.4  24.7 
 24.3  24.4  24.6  24.3  24.0  24.1  24.2  24.1  23.8  23.9  24.1  23.9  23.8  23.9  23.9  24.0  23.9  24.1  24.2  24.1  24.1  24.2  24.3 nan  23.9  24.1  24.3  24.3  24.3  24.2  24.8  24.6 
 24.8  24.2  24.3  24.5  24.3  23.9  24.1  24.4  23.9  23.8  24.0  24.1  24.0  23.9  24.1  24.1  24.0  23.8  24.0  24.2  24.3  23.8  24.3  24.3  24.3  24.1  24.5  24.7  24.7  24.5  24.7  25.2 
 24.4  24.4  24.5  24.4  24.0  24.2  24.3  24.0  23.8  24.0  24.2  24.2  23.8  24.0  24.2  23.9  24.0  23.8  24.1  24.1  24.0  24.2  24.4  24.3  24.3  24.3  25.0  24.9  25.0  24.8  25.5  25.2 
 24.3  24.2  24.4  24.5  24.3  24.0  24.2  24.2  24.0  23.7  23.9  24.3  24.1  23.9  23.9  24.0  24.1  23.8  24.1  24.3  24.4  24.8  29.6  31.1  31.1  29.8  27.3  27.2  26.8  26.5  26.2  26.3 
 24.7  24.6  24.4  24.6  24.2  24.0  24.2  24.1  23.9  23.9  24.0  23.9  24.1  23.9  24.1  24.0  23.9  23.9  24.2  24.3  25.1  28.8  45.0  47.3  44.4  39.3  30.8  29.1  27.7  27.2  26.7  26.3 
 24.8  24.4  24.5  24.5  24.2  23.8  24.2  24.4  24.2  23.8  23.9  24.2  24.0  23.9  24.0  24.2  24.0  23.9  24.3  24.5  32.2  44.6  70.0  73.3  69.7  60.5  36.0  32.7  28.9  28.4  27.5  27.3 
 24.5  24.3  24.5  24.4  24.0  24.2  24.6  24.3  23.8  23.8  24.1  23.9  24.0  24.1  24.1  24.1  24.0  23.9  24.4  24.6  34.6  49.0  74.6  77.2  71.4  61.5  37.0  33.1  29.5  28.5  27.6  27.4 
 24.9  24.4  24.5  24.8  24.5  24.2  24.3  24.6  24.3  23.9  24.0  24.0  24.1  23.9  24.1  24.3  24.3  24.1  24.2  24.9  33.7  42.5  64.9  67.8  59.1  50.1  34.7  32.3  29.6  28.8  27.6  28.4 
 24.8  24.9  24.7  24.6  24.5  24.3  24.5  24.2  24.0  24.1  24.3  24.1  24.0  24.1  24.3  24.1  24.0  24.1  24.5  24.7  31.4  36.3  52.0  54.0  46.7  41.7  32.8  31.1  28.9  28.4  28.2  28.2 
 24.8  24.7  25.1  25.0  24.7  24.2  24.3  24.7  24.3  24.1  23.9  24.2  24.2  24.1  24.3  24.4  24.2  24.0  24.4  25.6  27.6  28.6  32.9  34.1  33.8  32.6  30.5  30.0  28.1  27.5  28.2  29.3 
 24.7  24.9  25.0  24.8  24.2  24.2  24.5  24.3  24.1  24.3  24.3  24.4  23.8  23.9  24.1  24.2  24.1  24.0  25.0  25.3  26.2  27.0  29.9  30.8  31.2  31.2  30.0  29.2  27.9  27.7  29.0  29.8 
 25.8  25.3  24.9  25.2  24.6  24.2  24.6  24.5  24.6  24.2  24.1  24.7  24.6  24.2  24.1  24.4  24.2  24.3  25.1  25.4  25.5  25.4  27.7  28.4  29.2  28.6  28.6  28.7  27.8  27.9  30.6  31.6 
 26.2  25.9  25.1  24.9  24.6  24.6  24.9  24.6  24.2  24.4  24.5  24.5  24.3  24.2  24.5  24.3  24.2  24.5  25.3  25.0  25.2  25.8  27.2  27.5  28.2  28.1  28.4  28.1  27.9  28.4  31.5  32.3 
