 24.3  23.6  23.9  24.0  23.9  23.8  24.3  24.3  23.9  23.7  24.3  24.2  23.9  23.7  23.8  24.0  23.7  23.7  24.1  24.2  24.1  23.8  24.2  24.0  24.0  23.8  24.4  24.1  24.5  24.1  25.5  26.0 
 24.1  24.0  24.1  24.1  24.2  24.1  24.2  24.3  24.0  23.9  24.0  24.2  23.7  23.6  24.2  24.0  23.5  23.8  24.0  24.1  23.9  23.8  24.1  24.2  24.1  23.9  24.4  24.4  24.3  24.4  25.0  25.7 
 24.0  23.8  24.2  24.4  24.3  23.7  24.2  24.4  24.0  23.6  24.0  24.2  23.8  23.5  24.0  24.0  23.8  23.7  23.9  24.1  23.9  23.5  23.9  24.1  23.9  23.8  24.3  24.2  24.2  24.1  24.5  25.0 
 23.9  23.8  24.6  24.2  24.1  24.1  24.3  24.4  23.8  23.8  24.1  24.0  23.7  23.8  24.0  24.0  23.8  23.7  24.1  24.0  23.9  24.0  24.1  24.2  23.9  24.0  24.4  24.4  23.9  24.0  24.4  24.7 
 24.0  24.0  24.3  24.4  24.0  24.0  24.2  24.4  23.8  23.8  23.9  23.9  24.0  23.6  23.9  23.8  23.8  23.6  23.9  23.9  23.9  23.6  23.9  24.1  23.9  23.7  24.3  24.2  24.1  23.8  24.4  24.5 
 23.9  23.8  24.3  24.3  24.1  24.0  24.4  24.4  23.8  23.8  24.0  24.0  23.7  23.8  23.9  24.1  23.8  23.8  24.0  23.9  23.8  23.9  24.1  24.0  23.9  23.5  24.1  24.2  24.0  24.0  25.0  24.3 
 24.0  23.7  24.2  24.2  24.2  24.0  24.2  24.2  24.0  23.7  23.9  23.9  24.0  23.8  24.0  24.1  23.8  23.7  23.9  23.9  23.8  23.8  24.0  24.1  24.1  23.6  24.2  24.1  24.1  23.9  24.3  24.3 
 24.0  24.1  24.1  24.4  23.8  24.0  24.3  24.0  23.7  23.7  24.0  23.9  23.8  23.8  24.0  24.0  23.8  23.7  24.1  24.1  24.0  23.9  24.2  24.0  23.8  23.9  24.2  24.3  24.2  24.1  24.2  23.7 
 24.1  23.9  24.2  24.5  23.9  23.9  24.2  24.2  23.8  23.7  24.1  24.0  23.9  23.6  23.9  24.0  23.8  23.8  24.2  24.1  24.0  23.7  24.1  24.0  24.0  23.7  24.4  24.1  23.9  23.9  24.4  24.3 
 24.2  24.4  24.4  24.3  24.0  24.0  24.2  24.0  23.7  23.7  24.0  24.0  23.7  23.8  24.0  23.9  23.8  23.8  24.1  24.1  23.9  23.9  24.1  24.2  23.9  24.0  24.2  24.2  24.0  24.1  24.5  24.4 
 24.4  24.0  24.4  24.3  24.1  23.9  24.3  24.1  23.8  23.7  24.1  24.1  23.9  23.7  24.0  23.9  23.7  23.7  24.1  24.2  23.9  23.7  24.2  24.1  24.0  23.7  24.1  24.3  23.9  23.9  24.5  24.5 
 24.0  24.1  24.3  24.2  23.9  24.0  24.1  24.1  23.8  23.7  24.0  24.1  23.7  23.9  24.0  24.1  23.9  23.9  23.9  24.0  24.0  23.9  24.2 nan  24.0  24.0  24.3  24.3  23.9  24.4  24.5  24.8 
 24.3  23.9  24.4  24.5  24.0  23.9  24.2  24.2  23.9  23.7  24.1  24.0  23.9  23.8  24.0  24.0  23.9  23.8  24.3  24.1  24.0  23.9  24.3  24.2  24.2  24.2  24.3  24.6  24.4  24.1  25.3  25.2 
 24.3  24.1  24.5  24.7  24.1  24.0  24.2  24.1  23.9  23.7  24.0  24.2  23.8  23.9  24.0  24.0  23.8  24.0  24.0  24.2  24.1  24.0  24.4  24.3  24.3  24.3  24.7  25.0  24.9  25.1  25.5  25.2 
 24.2  24.0  24.4  24.3  24.3  24.0  24.2  24.3  23.9  23.7  24.1  24.2  23.8  23.7  23.9  24.0  23.9  23.8  24.2  24.2  24.4  24.7  29.8  31.1  30.9  29.7  27.3  27.3  26.5  26.2  26.1  25.8 
 24.0  24.1  24.4  24.5  24.1  24.0  24.2  24.2  23.8  23.8  24.0  24.1  23.7  23.8  24.0  23.9  23.8  23.9  24.1  24.1  25.1  28.8  45.2  47.4  44.3  39.1  30.9  29.2  27.3  26.9  26.7  26.5 
 24.5  23.9  24.8  24.2  24.1  23.8  24.3  24.2  23.9  23.8  24.2  24.1  23.9  23.6  24.2  23.9  23.7  23.8  24.3  24.5  31.9  44.4  70.2  73.2  69.5  60.3  36.3  32.6  28.9  28.1  27.7  27.1 
 24.3  24.2  24.7  24.5  24.0  23.9  24.4  24.2  23.9  23.7  24.1  24.1  24.0  23.9  24.1  24.2  23.8  24.0  24.3  24.5  34.5  48.9  74.6  77.3  71.3  61.3  36.9  33.0  29.3  28.5  27.7  27.6 
 24.6  23.9  24.7  24.6  24.4  23.9  24.4  24.4  24.2  23.8  24.3  24.2  23.9  23.9  24.4  24.2  24.1  24.0  24.3  24.6  33.3  42.3  64.9  67.8  59.0  49.8  34.9  32.4  29.3  28.5  27.9  28.0 
 24.4  24.4  24.7  24.7  24.4  24.0  24.6  24.2  23.9  23.9  24.0  24.0  23.8  24.0  24.1  24.2  23.9  24.2  24.7  25.1  31.2  36.4  51.9  54.0  46.7  41.8  32.9  31.5  28.9  28.3  28.2  28.4 
 24.8  24.5  24.9  24.9  24.4  24.1  24.3  24.4  24.0  23.9  24.2  24.2  24.0  23.8  24.3  24.1  24.0  24.1  24.5  25.3  27.2  28.5  33.2  34.1  33.5  32.5  30.6  29.9  28.1  27.7  28.2  29.3 
 24.7  24.9  25.0  24.5  24.2  24.2  24.4  24.7  23.8  24.1  24.3  24.4  24.0  24.0  24.2  24.5  23.9  24.0  24.8  25.5  26.2  26.9  29.8  30.9  31.2  31.1  30.0  29.3  27.6  27.6  28.9  30.4 
 25.3  24.6  25.1  25.2  24.6  24.0  24.6  24.5  24.3  23.9  24.4  24.5  24.2  23.9  24.3  24.4  24.2  24.0  25.1  25.3  25.5  25.4  27.8  28.1  28.7  28.5  28.5  28.7  27.5  27.5  30.9  32.0 
 25.3  25.7  25.3  25.1  24.3  24.6  24.6  24.7  24.3  24.0  24.4  24.4  23.9  24.2  24.5  24.3  23.9  24.3  25.3  25.1  25.1  25.6  27.3  27.6  27.8  27.8  28.4  28.4  27.7  28.6  31.4  32.8 
