 25.0  23.6  24.1  23.5  24.2  23.6  24.4  24.2  24.3  23.8  24.4  24.0  24.1  23.6  23.8  24.0  24.0  23.9  24.1  24.1  24.1  23.9  24.3  24.0  24.1  23.9  24.6  24.5  24.9  24.3  25.3  25.7 
 23.9  24.0  23.8  24.3  24.2  24.2  24.3  24.4  23.8  24.1  23.9  24.3  23.9  23.8  23.8  24.1  23.9  23.8  24.1  24.1  23.8  24.0  24.0  24.5  24.1  24.4  24.3  24.7  24.1  24.4  25.1  25.9 
 24.2  23.8  24.6  24.0  24.3  24.2  24.3  24.0  24.2  23.5  23.9  24.0  24.1  23.8  23.9  24.1  24.0  23.8  24.0  24.0  24.0  24.0  24.2  24.1  24.3  24.3  24.5  24.2  24.3  24.1  24.3  24.6 
 23.7  24.2  24.0  24.6  24.3  24.3  24.1  24.4  23.8  24.0  24.1  24.1  23.7  23.9  23.9  24.1  24.0  23.9  23.9  24.2  24.0  24.0  24.2  24.3  24.1  24.3  24.0  24.1  24.1  24.4  24.4  25.1 
 24.4  24.2  24.3  24.4  24.4  23.9  24.2  24.0  24.0  23.8  23.9  24.0  24.0  23.6  24.0  23.9  24.0  23.6  23.9  24.0  24.1  23.7  24.2  23.9  24.0  23.8  24.2  24.2  24.4  24.0  24.6  24.7 
 24.1  24.0  24.2  24.6  24.1  24.4  24.2  24.4  24.0  24.0  23.8  24.0  23.7  23.8  23.8  23.9  23.9  23.9  23.9  24.1  23.9  24.0  24.0  24.0  24.0  23.9  24.1  24.2  24.2  24.5  24.3  24.5 
 24.4  23.9  24.3  24.2  24.4  24.0  24.2  24.0  24.1  23.8  24.3  24.0  24.2  24.0  24.0  23.9  23.9  23.9  24.0  24.0  24.1  23.9  24.2  24.2  24.0  23.9  24.2  24.3  24.2  24.0  24.3  24.4 
 24.0  24.2  23.9  24.5  24.1  24.3  24.0  24.2  23.7  23.9  24.0  24.0  23.8  23.8  23.8  23.9  24.0  23.8  23.9  24.0  23.9  24.1  23.9  24.2  24.0  24.0  24.0  24.2  23.9  24.1  24.1  23.9 
 24.8  24.1  24.4  24.2  24.1  24.0  24.2  24.1  24.1  23.6  24.1  23.9  23.9  23.9  23.9  23.9  24.0  23.8  23.9  23.8  24.0  23.8  24.1  24.2  24.2  24.1  24.3  24.1  24.3  23.9  24.5  24.3 
 24.5  24.5  24.3  24.5  24.0  24.3  24.2  24.2  23.8  24.0  24.0  24.2  23.9  23.8  24.0  24.0  23.9  23.9  23.9  24.3  24.0  24.0  24.1  24.1  24.0  24.1  24.1  24.4  24.3  24.1  24.5  24.4 
 24.7  24.3  24.4  24.3  24.3  24.0  24.2  24.1  24.1  23.9  24.1  24.0  24.0  23.9  24.1  24.0  23.9  23.8  24.1  24.0  24.1  24.2  24.2  23.9  24.1  24.0  24.1  24.1  24.5  24.2  24.4  24.3 
 24.4  24.2  24.1  24.4  23.9  24.0  24.0  24.2  23.8  24.0  23.9  24.3  23.8  23.9  24.1  24.0  24.0  23.9  24.1  24.1  24.0  24.1  24.2 nan  24.0  24.0  24.1  24.4  24.3  24.1  24.3  24.6 
 24.8  23.9  24.3  24.2  24.2  24.0  24.3  24.0  24.1  23.8  24.0  24.0  24.1  23.9  24.1  24.0  24.1  23.8  24.2  23.9  24.2  24.0  24.2  24.1  24.3  24.1  24.6  24.4  24.7  24.4  25.0  25.1 
 24.4  24.7  24.3  24.4  24.1  24.3  24.1  24.2  23.8  23.9  24.0  24.2  24.0  24.0  24.1  24.1  23.9  24.0  23.9  24.3  24.1  24.3  24.4  24.4  24.5  24.4  24.6  24.8  24.6  24.7  25.2  25.2 
 24.3  24.3  24.3  24.4  24.3  24.1  24.1  24.0  24.2  23.7  24.0  24.1  24.0  23.9  24.1  24.1  24.2  23.9  24.4  24.2  24.5  24.8  29.8  30.9  30.8  29.7  27.6  27.2  26.8  26.4  26.1  26.0 
 24.6  24.4  24.2  24.7  24.2  24.3  23.9  24.1  23.9  24.0  24.1  24.3  24.0  24.1  24.0  24.1  23.8  24.0  24.1  24.2  25.3  28.9  45.1  47.5  44.5  39.3  30.7  29.1  27.5  27.4  26.7  26.7 
 24.5  24.4  24.5  24.3  24.3  23.8  24.2  24.3  24.1  23.8  23.9  24.0  23.9  23.7  24.0  24.0  24.0  23.7  24.5  24.3  32.1  44.6  70.3  73.3  69.8  60.4  36.3  32.7  29.1  28.3  27.9  27.0 
 24.5  24.5  24.3  24.7  24.2  24.2  24.4  24.3  23.9  24.0  24.1  24.0  24.0  24.1  24.1  24.3  24.0  24.0  24.1  24.5  34.4  49.1  74.8  77.5  71.4  61.6  36.7  33.2  29.6  28.7  27.4  27.6 
 24.9  24.3  24.5  24.5  24.4  24.3  24.5  24.5  24.3  23.9  24.3  24.3  24.1  23.8  24.2  24.0  24.3  24.2  24.5  24.6  33.5  42.5  64.9  67.9  59.0  50.1  34.8  32.3  29.6  28.5  27.9  27.9 
 24.8  25.1  24.4  24.9  24.2  24.4  24.3  24.6  24.1  24.1  24.0  24.2  24.0  24.1  24.2  24.1  24.0  24.2  24.5  25.1  31.4  36.5  52.0  54.1  46.8  42.2  32.9  31.5  28.9  28.6  28.1  28.4 
 25.2  24.5  24.9  24.7  24.4  24.4  24.7  24.3  24.3  24.0  24.4  24.1  24.4  24.1  24.2  24.3  24.2  24.0  24.8  25.4  27.5  28.6  33.0  34.2  33.7  32.9  30.8  30.0  28.3  27.7  28.4  29.3 
 25.2  25.1  24.7  24.5  24.4  24.6  24.1  24.7  24.0  24.2  24.2  24.3  24.0  24.2  24.2  24.3  24.0  24.4  24.8  25.4  26.1  27.0  30.0  30.9  31.1  31.1  29.7  29.5  27.8  27.8  29.0  31.0 
 25.8  24.8  24.9  24.7  24.6  24.5  24.5  24.3  24.6  24.1  24.3  24.4  24.3  24.2  24.4  24.4  24.4  24.2  25.2  25.3  25.5  25.7  27.7  28.5  28.9  28.6  28.8  28.4  27.9  27.7  30.6  31.7 
 25.9  25.7  24.7  25.3  24.6  24.8  24.6  24.6  24.2  24.5  24.5  24.5  24.3  24.1  24.3  24.4  24.3  24.5  25.1  25.1  25.1  25.6  27.0  27.7  27.9  28.2  28.1  28.1  27.9  28.6  31.5  33.3 
