 24.5  24.2  23.9  24.0  24.0  23.7  24.3  24.2  24.0  24.0  24.1  24.3  23.9  23.8  23.8  24.2  23.9  23.8  24.0  24.3  23.9  23.9  24.2  24.3  24.1  23.8  24.3  24.5  24.5  24.7  25.3  27.0 
 24.7  24.0  23.9  24.1  24.5  24.1  24.3  24.5  24.2  24.0  24.2  24.2  23.9  23.8  24.1  24.0  24.1  23.7  24.5  24.0  24.1  23.6  24.4  24.3  24.4  24.1  24.4  24.2  24.3  24.4  25.3  25.4 
 24.3  24.1  24.2  24.6  24.4  24.3  24.3  24.3  24.0  23.8  23.8  24.1  23.9  23.8  23.8  24.2  24.0  23.8  23.9  24.3  23.9  24.0  23.9  24.3  24.3  24.2  24.2  24.2  24.5  24.3  24.7  24.8 
 24.1  24.0  24.5  24.2  24.3  24.1  24.4  24.1  24.0  23.7  24.3  24.0  24.0  23.8  24.1  24.0  24.1  23.7  23.9  24.0  24.0  23.9  24.0  24.1  24.0  23.9  24.2  24.3  24.5  24.4  24.8  24.7 
 24.2  24.2  24.3  24.5  24.2  24.3  24.0  24.2  23.8  23.9  23.7  24.0  23.8  23.8  24.0  24.2  23.7  23.8  23.8  24.1  24.0  23.9  24.0  24.2  24.1  24.1  23.9  24.4  24.3  24.5  24.2  24.9 
 24.1  24.2  24.5  24.3  24.3  24.4  24.3  24.2  24.1  23.9  24.0  24.0  23.8  23.9  23.9  24.0  24.0  23.9  23.9  23.9  24.1  23.9  23.9  23.9  24.2  23.9  24.1  24.4  24.2  24.4  24.7  24.5 
 24.4  24.2  24.2  24.3  24.3  24.1  24.0  24.3  24.1  23.9  23.9  24.2  23.9  23.9  23.8  24.0  23.9  23.8  24.0  23.9  23.8  23.9  24.0  24.1  23.9  23.9  24.1  24.4  24.1  24.1  24.3  24.5 
 24.5  24.2  24.2  24.2  24.5  24.0  24.2  24.1  23.9  23.8  23.9  23.9  23.9  23.9  23.9  23.9  24.0  23.8  24.0  24.0  24.0  23.9  24.1  24.1  24.0  23.8  24.2  24.2  24.2  24.1  24.7  23.7 
 24.5  24.2  24.2  24.5  24.3  24.1  24.1  24.2  23.8  23.8  23.9  24.0  24.0  23.8  23.8  24.0  23.8  23.9  24.1  24.1  24.1  23.9  23.9  24.2  24.1  24.0  24.2  24.4  24.2  24.2  24.4  24.3 
 24.5  24.2  24.6  24.2  24.1  24.0  24.2  24.0  24.1  24.0  24.0  24.1  24.0  23.7  24.0  23.9  24.0  24.0  24.2  24.2  24.1  23.8  24.2  24.1  24.4  24.1  24.2  24.3  24.2  24.0  24.7  24.6 
 24.5  24.3  24.3  24.6  24.1  24.1  24.1  24.2  24.0  23.9  23.9  24.2  23.9  24.0  23.9  24.2  23.9  24.1  24.0  24.1  24.1  23.9  24.1  24.3  24.0  24.0  24.1  24.3  24.2  24.2  24.2  24.7 
 24.4  24.2  24.4  24.3  24.2  24.1  24.3  24.0  24.0  24.0  24.1  24.0  23.9  23.8  24.0  23.9  23.9  23.8  24.1  24.1  24.1  23.9  24.1 nan  24.2  24.0  24.2  24.2  24.5  24.1  24.6  24.8 
 24.3  24.3  24.2  24.5  24.2  23.9  24.1  24.0  23.9  23.9  24.0  24.1  23.8  23.9  23.9  24.2  24.1  23.9  24.1  24.1  23.9  24.0  24.2  24.3  24.3  24.1  24.6  24.7  24.6  24.6  24.9  25.3 
 24.7  24.4  24.4  24.4  24.2  24.2  24.3  24.2  23.9  23.8  24.1  24.0  23.9  23.9  24.1  24.0  24.0  23.8  24.2  24.1  24.2  24.1  24.6  24.4  24.5  24.5  24.9  24.8  25.0  25.0  25.5  25.2 
 24.3  24.6  24.1  24.5  24.3  24.1  24.0  24.4  24.0  23.9  23.8  24.2  24.0  23.9  23.9  24.3  23.9  23.8  24.3  24.4  24.4  24.8  29.6  31.0  30.7  29.8  27.2  27.3  26.5  26.5  26.1  26.2 
 24.3  24.1  24.4  24.5  24.0  24.3  24.1  24.1  24.1  23.8  24.2  24.0  24.1  24.0  24.0  23.9  24.0  23.8  24.2  24.2  25.1  28.9  45.2  47.2  44.5  39.3  30.8  29.2  27.6  27.0  26.9  26.4 
 24.4  24.3  24.4  24.3  24.3  24.1  24.1  24.4  24.0  24.0  23.9  24.2  23.9  23.9  24.0  24.1  23.9  24.1  24.2  24.4  32.1  44.7  70.1  73.3  69.6  60.6  36.2  32.7  28.8  28.4  27.2  27.3 
 24.7  24.4  24.5  24.3  24.1  24.0  24.4  24.4  24.2  23.9  24.2  24.1  24.2  23.9  24.1  24.1  24.1  24.0  24.2  24.6  34.6  48.9  74.7  77.3  71.5  61.5  36.7  33.2  29.5  28.7  27.7  27.6 
 24.9  24.8  24.5  24.9  24.3  24.3  24.2  24.7  24.1  23.9  24.2  24.1  24.1  24.1  24.1  24.2  24.2  24.2  24.3  24.8  33.5  42.6  64.8  67.7  58.9  50.0  34.4  32.5  29.5  28.6  27.6  28.1 
 25.1  24.6  24.8  24.8  24.5  24.0  24.5  24.2  24.2  24.0  24.3  24.1  24.2  23.9  24.3  24.1  24.1  24.0  24.4  25.0  31.3  36.3  52.0  53.9  47.0  42.0  33.0  31.4  28.7  28.5  27.9  28.4 
 24.8  24.9  24.6  24.9  24.6  24.2  24.3  24.4  24.3  24.1  24.1  24.3  24.3  24.0  24.2  24.5  24.1  24.2  24.7  25.5  27.3  28.6  33.1  34.4  33.7  32.9  30.8  30.3  28.3  27.9  28.0  29.8 
 25.2  24.9  25.0  24.4  24.4  24.3  24.6  24.3  24.4  24.2  24.2  24.3  24.1  23.8  24.2  24.1  24.3  24.1  24.9  25.4  26.4  26.9  30.1  30.8  31.3  31.1  30.0  29.3  28.1  27.8  29.4  29.8 
 25.6  25.5  24.9  25.1  24.6  24.5  24.6  24.5  24.3  24.5  24.4  24.4  24.1  24.2  24.1  24.4  24.4  24.2  25.1  25.2  25.4  25.8  27.6  28.4  28.8  28.9  28.7  28.4  27.9  27.7  30.9  32.5 
 25.9  25.7  25.5  25.1  24.6  24.5  24.7  24.6  24.2  24.2  24.5  24.5  24.3  24.2  24.4  24.2  24.6  24.5  25.2  25.0  25.4  25.8  27.4  27.6  28.1  27.9  28.5  28.3  28.1  28.4  32.3  32.3 
