 24.9  24.0  24.3  24.0  23.9  23.8  24.5  24.4  24.1  23.7  24.2  24.2  24.1  23.7  23.8  24.1  24.0  23.8  24.0  24.3  24.0  24.0  24.0  24.4  24.1  23.9  24.3  24.4  24.3  24.3  25.2  26.4 
 24.5  24.0  24.3  24.1  24.2  24.1  24.5  24.7  24.3  24.1  24.2  24.2  23.9  23.7  24.2  24.2  23.8  23.7  24.1  24.1  24.1  23.7  24.3  24.4  23.9  24.2  24.4  24.5  24.3  24.6  25.3  25.6 
 23.6  23.8  24.5  24.4  24.3  24.0  24.4  24.4  24.0  23.5  23.8  24.0  23.9  23.7  24.1  24.1  24.0  23.8  24.0  24.0  23.9  23.9  24.3  24.2  24.1  24.0  24.2  24.5  24.5  23.9  24.9  25.5 
 23.9  23.8  24.1  24.4  24.4  24.1  24.3  24.5  23.9  23.9  24.2  24.1  23.8  23.9  23.9  24.0  23.9  23.8  24.1  24.3  23.9  23.9  24.2  24.1  23.8  24.0  24.6  24.4  24.1  24.0  24.8  24.7 
 24.3  24.3  24.6  24.5  24.3  24.2  24.4  24.4  24.1  23.8  23.9  24.1  24.0  23.8  24.0  23.9  23.7  23.7  24.1  23.9  24.1  23.9  24.1  24.2  24.1  24.0  24.4  24.3  23.9  24.1  24.6  24.5 
 24.0  23.8  24.3  24.4  24.2  24.2  24.4  24.4  23.9  23.8  23.9  24.1  23.8  23.8  23.9  24.1  24.1  23.7  24.0  24.0  23.9  23.6  24.1  24.1  24.1  23.9  24.4  24.5  24.0  24.3  24.6  24.7 
 24.0  24.0  24.4  24.5  24.1  24.1  24.2  24.3  23.8  23.6  24.1  24.0  23.9  23.8  24.0  24.0  23.8  23.7  24.2  24.1  23.9  23.9  24.3  24.1  24.1  23.7  24.2  24.4  24.2  23.9  24.5  24.7 
 24.6  24.0  24.2  24.6  24.3  23.9  24.3  24.2  23.8  23.8  24.1  24.0  23.9  23.8  24.1  24.1  23.9  23.7  24.0  24.0  23.9  23.9  24.2  24.2  23.8  23.9  24.2  24.2  24.0  24.2  24.2  23.7 
 24.4  24.2  24.6  24.3  24.3  24.0  24.3  24.2  24.0  23.8  24.0  24.0  24.0  23.9  23.9  24.0  23.9  23.9  24.1  24.1  23.9  23.9  24.1  24.1  24.1  24.0  24.3  24.4  24.3  24.2  24.0  24.8 
 24.5  24.2  24.6  24.6  24.1  24.1  24.1  24.2  24.0  23.9  24.1  24.3  23.9  23.7  24.2  24.0  23.8  23.9  24.1  24.2  24.0  23.7  24.1  24.2  24.1  24.0  24.4  24.4  24.1  24.0  24.5  24.4 
 24.5  24.1  24.5  24.3  24.0  24.0  24.1  24.1  23.9  24.0  24.1  24.1  23.9  23.7  24.1  24.1  24.0  24.0  24.2  24.0  24.1  24.0  24.1  24.1  24.0  24.0  24.4  24.4  24.3  24.2  24.7  24.8 
 24.2  24.1  24.3  24.3  23.9  24.1  24.2  24.2  24.0  23.7  24.0  24.1  23.9  23.9  23.8  23.9  23.9  23.9  24.1  24.2  24.0  24.0  24.3 nan  23.9  23.9  24.3  24.3  24.4  24.2  24.8  24.6 
 24.5  24.0  24.3  24.4  24.2  23.9  24.1  24.1  23.9  23.8  24.0  24.0  23.9  23.8  24.0  24.2  23.9  23.9  24.2  24.2  24.2  24.0  24.2  24.4  24.1  24.1  24.6  24.5  24.7  24.5  25.2  25.1 
 24.5  24.2  24.4  24.5  24.2  23.9  24.2  24.2  23.8  23.8  24.1  24.1  23.9  23.9  24.0  24.1  23.9  23.8  24.1  24.3  24.2  24.1  24.4  24.4  24.5  24.2  24.9  24.9  25.0  25.0  25.3  25.2 
 24.3  24.5  24.7  24.6  24.3  24.0  24.3  24.2  24.1  23.8  24.1  24.1  24.1  23.9  24.0  24.1  24.1  24.0  24.3  24.3  24.4  24.8  29.8  31.1  30.8  29.9  27.3  27.4  26.5  26.4  26.4  26.3 
 24.4  24.1  24.7  24.5  24.1  23.9  24.2  24.2  24.0  24.0  24.0  24.1  23.9  24.0  24.1  24.2  24.0  23.8  24.2  24.2  25.3  28.8  45.2  47.5  44.3  39.2  30.9  29.2  27.6  27.1  26.8  26.7 
 24.3  24.4  24.8  24.4  24.2  24.1  24.4  24.5  24.0  24.1  24.2  24.2  23.9  23.7  24.2  24.0  24.1  23.8  24.3  24.4  32.2  44.7  70.3  73.4  69.7  60.4  36.4  32.9  29.2  28.3  27.3  27.4 
 24.5  24.5  24.7  24.6  24.2  24.0  24.4  24.3  24.1  23.7  24.0  24.0  24.1  23.8  24.3  24.3  24.0  23.9  24.5  24.6  34.5  48.9  74.6  77.3  71.6  61.5  37.1  33.2  29.3  28.5  27.9  27.7 
 24.8  24.4  24.8  24.8  24.4  24.3  24.4  24.6  24.3  23.9  24.1  24.2  24.0  24.0  24.2  24.3  24.2  24.0  24.3  24.7  33.3  42.5  65.0  68.0  59.0  50.0  34.6  32.6  29.4  28.6  27.7  28.2 
 24.9  24.4  24.9  25.0  24.4  24.2  24.6  24.3  24.1  24.0  24.1  24.2  24.0  24.0  24.4  24.3  24.0  24.0  24.6  25.0  31.4  36.3  51.9  54.0  46.8  41.8  32.8  31.6  28.9  28.4  28.4  28.0 
 25.0  24.8  24.9  24.9  24.5  24.3  24.3  24.5  24.3  24.1  24.2  24.3  23.9  24.0  24.2  24.2  24.1  24.0  24.5  25.5  27.4  28.7  33.2  34.2  33.6  32.6  31.0  30.2  28.3  28.0  29.0  29.5 
 24.7  24.7  25.2  24.8  24.3  24.5  24.6  24.8  24.0  24.2  24.5  24.4  24.1  24.1  24.2  24.3  24.0  23.9  24.9  25.8  26.1  27.1  30.1  31.0  31.3  31.2  30.0  29.6  27.9  27.6  29.4  30.7 
 25.8  25.3  25.2  25.2  24.6  24.2  24.6  24.5  24.3  24.2  24.4  24.6  24.3  24.2  24.2  24.4  24.4  24.0  25.3  25.4  25.3  25.8  27.8  28.3  29.0  28.8  28.8  28.5  27.7  27.7  31.3  32.1 
 25.6  25.4  25.1  25.4  24.6  24.5  24.9  24.7  24.2  24.2  24.4  24.6  24.1  24.2  24.5  24.5  24.2  24.2  25.3  25.2  25.3  25.5  27.1  27.9  27.8  28.1  28.4  28.3  27.9  28.4  31.4  32.3 
