 24.5  24.0  23.7  23.8  24.0  24.0  24.3  24.3  24.1  24.0  24.4  24.2  24.0  24.0  24.1  24.2  24.0  23.9  24.3  24.1  23.9  24.0  24.3  24.2  24.1  24.1  24.8  24.3  24.5  24.5  25.3  26.4 
 24.3  24.0  24.1  24.0  24.2  24.1  24.4  24.5  24.0  23.8  23.9  24.2  23.9  24.1  24.0  24.0  24.0  23.7  24.1  24.1  24.3  23.7  24.4  24.3  24.2  24.2  24.3  24.7  24.5  24.4  24.8  25.9 
 24.2  23.9  24.4  24.4  24.3  24.0  24.2  24.3  23.9  23.9  24.1  24.1  23.7  23.8  24.0  23.9  23.8  24.0  24.0  24.0  23.8  24.1  23.9  24.1  24.3  24.2  24.5  24.7  24.3  24.1  24.7  25.3 
 23.9  23.8  24.4  24.6  24.2  24.1  24.4  24.4  23.9  23.9  24.0  24.1  23.9  23.9  23.9  24.1  24.0  23.8  23.9  24.2  24.0  23.9  24.0  24.3  24.1  23.9  24.4  24.7  24.2  24.4  25.2  25.1 
 24.0  24.2  24.2  24.4  24.5  24.3  24.3  24.1  24.0  23.9  24.0  23.9  23.9  23.8  23.8  23.9  23.8  23.7  23.9  23.9  23.9  24.0  24.0  24.1  24.0  24.0  24.3  24.2  24.1  24.3  24.8  24.7 
 24.0  24.0  24.2  24.3  24.3  24.2  24.2  24.3  24.1  23.9  24.0  24.1  23.9  23.8  24.1  24.1  23.8  23.9  24.1  24.0  23.9  23.7  23.9  24.1  24.3  23.8  24.1  24.4  24.0  24.4  24.5  24.5 
 24.0  23.9  24.4  24.3  24.3  24.1  24.2  24.1  23.9  23.9  23.9  24.2  23.8  24.0  23.9  24.0  23.8  23.9  24.0  24.0  23.9  24.0  24.0  24.2  24.0  24.0  24.3  24.1  24.1  24.1  24.5  24.3 
 24.3  24.1  23.9  24.5  24.3  23.9  24.3  24.1  23.9  23.7  24.0  23.9  24.0  23.8  24.0  24.0  24.0  23.9  23.9  24.2  23.9  23.9  24.0  24.1  23.9  23.7  24.1  24.2  24.2  24.1  24.1  23.7 
 24.5  24.1  24.4  24.5  24.1  24.2  24.2  24.1  23.9  23.8  24.1  24.0  24.0  23.8  24.0  23.9  23.8  23.9  24.2  24.1  24.0  23.8  24.1  24.1  24.0  23.8  24.2  24.2  24.0  24.2  24.4  24.3 
 24.6  24.1  24.4  24.5  24.5  24.2  24.1  24.1  23.9  23.9  24.2  24.0  24.0  23.9  23.9  24.0  23.9  23.9  24.0  24.2  24.1  23.9  24.1  24.2  24.2  23.9  24.3  24.5  24.0  24.0  24.7  24.6 
 24.5  24.6  24.4  24.4  24.2  24.2  24.1  24.0  23.9  23.9  23.9  24.0  23.9  23.8  24.0  24.0  24.1  23.8  24.1  24.2  24.0  24.1  24.3  24.1  24.0  24.0  24.3  24.2  24.3  24.2  24.5  24.5 
 24.5  24.1  24.5  24.4  24.2  24.0  24.2  24.1  24.0  24.0  23.9  24.0  23.9  23.8  23.9  24.1  23.9  23.9  24.1  24.3  24.1  24.0  24.1 nan  24.0  24.0  24.1  24.5  24.4  24.0  24.5  24.6 
 24.5  24.3  24.3  24.5  24.1  24.0  24.2  24.2  23.8  23.9  24.0  24.1  23.9  23.9  23.9  24.1  24.1  23.9  24.3  24.0  24.1  24.2  24.2  24.3  24.2  24.2  24.5  24.5  24.4  24.4  25.3  25.1 
 24.5  24.1  24.5  24.6  24.4  24.1  24.2  24.3  23.9  23.9  24.0  24.1  24.0  23.9  24.1  24.0  24.0  23.8  24.1  24.2  24.4  24.1  24.4  24.5  24.5  24.5  24.8  24.9  25.1  25.0  25.2  25.3 
 24.2  24.2  24.4  24.4  24.3  24.0  24.2  24.2  23.9  23.9  24.1  24.2  23.9  23.9  24.1  24.1  24.0  24.1  24.3  24.3  24.4  24.9  29.6  30.9  30.8  29.6  27.5  27.1  26.7  26.5  26.2  26.3 
 24.4  24.3  24.4  24.7  24.3  23.9  24.2  24.2  24.1  23.8  24.0  24.2  24.1  23.9  23.9  24.1  23.9  23.9  24.1  24.5  25.3  28.9  45.0  47.5  44.5  39.2  30.7  29.2  27.6  27.1  26.8  26.5 
 24.5  24.9  24.7  24.3  24.4  24.2  24.4  24.2  23.9  24.0  24.1  24.1  23.9  23.9  24.1  24.0  24.0  23.7  24.3  24.3  31.9  44.5  70.1  73.3  69.6  60.5  36.3  32.7  29.1  28.1  27.5  27.3 
 24.5  24.4  24.5  24.4  24.4  24.2  24.3  24.4  24.0  23.9  24.0  24.0  24.2  23.8  24.1  24.1  24.0  23.9  24.2  24.6  34.7  49.0  74.6  77.2  71.4  61.3  36.9  33.5  29.8  28.7  27.7  27.4 
 24.6  24.8  24.8  24.6  24.3  24.2  24.5  24.5  24.2  23.9  24.2  24.3  24.0  24.0  24.2  24.4  24.2  24.1  24.5  24.6  33.5  42.5  64.8  67.7  58.8  50.0  34.7  32.4  29.5  28.6  27.9  28.1 
 24.8  24.7  24.6  24.9  24.5  24.1  24.2  24.2  24.2  24.0  24.0  24.2  24.1  24.0  24.2  24.3  24.0  24.0  24.5  25.1  31.4  36.4  51.7  53.9  46.9  42.0  32.8  31.5  29.0  28.5  27.9  28.4 
 25.2  24.8  25.1  24.4  24.4  24.1  24.6  24.7  24.2  24.2  24.4  24.6  24.1  24.1  24.4  24.3  24.1  24.0  24.7  25.5  27.4  28.6  33.1  34.2  33.4  32.6  30.9  29.9  28.1  27.7  28.2  29.3 
 25.1  24.6  24.9  25.0  24.5  24.4  24.6  24.8  24.3  24.0  24.3  24.3  24.1  24.0  24.2  24.4  24.2  24.2  24.9  25.6  26.1  26.9  29.8  31.0  31.4  31.1  30.0  29.6  27.8  27.8  29.2  30.2 
 25.8  25.5  24.9  25.1  24.6  24.5  24.6  24.6  24.2  24.3  24.4  24.5  24.6  24.2  24.5  24.4  24.3  24.3  25.4  25.3  25.5  25.8  27.8  28.3  28.9  28.8  28.7  28.4  27.7  28.1  30.6  32.1 
 26.2  25.7  25.1  25.1  24.6  24.5  24.7  24.9  24.6  24.4  24.3  24.5  24.1  24.2  24.3  24.4  24.6  24.2  25.0  25.1  25.5  25.4  27.2  27.6  27.9  27.9  28.2  28.1  27.9  28.6  31.0  32.4 
