 23.9  23.2  23.4  23.5  22.9  22.7  22.8  22.6  22.5  22.4  22.8  22.5  22.7  22.4  22.9  22.9  22.4  22.5  22.8  22.7  22.5  22.5  22.9  22.9  22.6  22.7  23.6  24.1  23.5  23.3  24.4  24.9 
 23.6  23.1  23.3  23.5  23.0  22.5  22.9  23.1  22.6  22.5  22.7  23.1  22.4  22.6  22.6  22.8  22.4  22.4  22.6  22.8  22.8  22.4  22.7  23.2  22.5  22.8  23.3  24.4  23.6  23.6  24.2  24.8 
 23.5  22.9  23.6  23.1  22.9  22.5  23.2  22.9  22.8  22.7  22.9  22.8  22.5  22.4  22.8  22.8  22.5  22.3  22.7  22.5  22.6  22.5  22.8  22.7  23.0  22.5  23.2  23.1  23.2  22.9  23.8  23.8 
 23.4  23.0  23.1  23.4  22.6  22.3  23.0  23.2  22.8  22.7  22.8  22.7  22.5  22.1  22.7  22.7  22.6  22.4  22.7  22.8  22.5  22.6  22.8  23.1  22.7  22.8  23.0  23.0  22.9  22.9  23.4  23.8 
 23.4  23.0  23.5  23.3  22.9  22.6  23.1  23.2  23.3  23.2  23.1  22.8  22.5  22.4  22.7  22.6  22.5  22.5  22.7  22.5  22.6  22.5  22.9  22.8  22.7  22.7  23.3  23.0  23.0  23.0  23.7  23.2 
 22.9  23.0  23.2  23.2  22.7  22.6  22.9  23.1  23.7  23.9  23.2  23.0  22.5  22.4  22.6  22.7  22.5  22.4  22.7  22.7  22.6  22.7  22.6  23.0  22.8  22.6  23.0  23.1  22.7  22.8  23.5  23.6 
 23.0  23.0  23.5  23.0  22.7  22.8  23.1  23.3  25.4  26.5  24.3  23.3  22.6  22.4  22.7  22.6  22.5  22.7  22.7  22.6  22.6  22.6  23.0  22.9  22.7  22.7  23.1  23.0  23.0  22.7  23.3  23.0 
 23.3  22.8  23.0  23.3  22.8  22.7  23.1  23.6  25.8  27.4  24.5  23.2  22.7  22.5  22.7  22.7  22.5  22.6  22.7  22.7  22.7  22.5  23.0  22.8  22.6  22.6  23.0  23.2  22.9  22.8  22.9  22.5 
 23.5  23.2  23.5  23.3  22.7  22.9  23.2  23.1  23.2  23.3  23.3  22.7  22.5  22.5  22.8  22.7  22.6  22.5  22.9  22.6  22.5  22.7  22.9  22.6  22.7  22.5  23.1  23.0  22.8  23.1  23.4  23.0 
 23.5  23.2  23.5  23.6  22.9  22.9  22.8  23.1  22.9  22.9  22.9  23.0  22.6  22.5  22.6  22.7  22.5  22.4  22.6  22.9  22.5  22.5  22.8  22.9  22.8  22.6  23.1  23.3  23.0  23.1  23.5  23.2 
 23.8  23.9  24.1  24.0  23.7  23.6  23.4  23.1  22.9  22.9  23.1  22.8  22.6  22.5  22.7  22.6  22.7  22.6  22.7  22.7  22.6  22.7  22.9  22.8  22.7  22.6  23.8  23.7  23.5  23.2  23.5  23.2 
 23.8  23.7  24.3  24.6  24.4  24.5  24.1  23.9  22.9  22.9  22.9  23.1  22.6  22.5  22.7  22.8  22.6  22.6  22.8  22.9  22.7  22.6  22.8 nan  22.7  22.5  24.3  25.2  23.8  23.0  23.2  23.6 
 24.4  24.4  25.6  25.7  27.1  27.7  32.7  34.9  32.9  29.2  23.4  23.0  22.8  22.9  22.9  22.8  22.5  22.6  22.8  22.6  22.6  22.4  22.8  23.1  22.7  22.6  24.1  24.7  23.5  23.2  23.4  23.4 
 24.6  24.8  26.0  26.7  28.4  30.2  41.5  48.9  53.4  47.4  24.8  23.4  22.8  22.6  22.7  22.9  22.8  22.6  22.8  22.8  22.6  22.6  22.7  23.0  22.7  22.8  23.2  23.4  23.6  22.9  23.4  23.6 
 25.2  25.1  26.9  27.5  30.6  33.8  54.8  63.0  74.7  71.5  35.1  25.7  22.8  22.6  22.9  22.7  22.6  22.6  23.0  22.8  22.6  22.6  22.9  22.9  22.9  22.7  23.1  22.9  22.8  22.9  23.7  23.5 
 25.6  25.4  26.8  27.8  30.8  34.1  53.4  62.7  78.7  79.4  37.6  26.3  22.9  22.8  22.6  22.8  22.7  22.5  22.8  23.0  22.7  22.6  22.7  23.1  22.6  22.4  23.0  23.3  23.1  23.1  23.5  23.9 
 25.1  25.4  26.9  27.1  29.6  31.7  44.5  53.3  73.3  70.7  30.6  24.4  22.9  22.6  22.9  22.8  22.6  22.5  22.8  23.0  22.6  22.6  22.9  22.9  22.7  22.6  23.2  23.3  22.9  23.1  23.7  23.4 
 25.3  25.4  26.2  27.0  28.7  29.8  37.0  42.4  54.5  50.2  25.9  24.0  22.9  22.7  22.9  22.9  22.5  22.7  22.8  22.9  22.8  22.6  22.9  23.1  22.7  22.6  23.1  23.2  22.9  22.9  23.4  24.0 
 25.3  25.2  26.7  26.5  26.6  27.0  28.9  29.6  29.8  28.2  24.0  23.4  22.8  22.7  23.2  22.9  22.7  22.8  22.8  22.9  22.7  22.6  23.1  23.0  23.0  22.8  23.2  23.3  23.4  23.2  23.9  23.8 
 24.9  25.5  26.1  26.5  26.3  26.4  27.3  27.7  27.1  26.3  23.7  23.3  23.0  22.8  23.0  23.1  22.7  22.6  23.0  23.0  22.8  22.5  22.9  23.2  22.9  22.8  23.2  23.4  23.3  23.3  24.0  24.1 
 25.2  25.1  26.0  25.6  25.4  25.6  26.2  25.7  25.3  24.4  23.8  23.4  23.0  22.8  23.1  22.9  22.7  22.8  23.1  23.0  22.8  22.7  23.4  23.1  23.5  22.9  23.2  23.5  23.6  24.1  25.2  24.8 
 25.5  25.7  25.6  25.9  25.4  25.3  25.3  25.6  24.8  24.4  23.6  23.8  22.9  22.9  22.9  23.2  22.9  22.8  22.9  23.2  23.0  22.9  23.1  23.2  23.0  22.8  23.6  24.1  24.7  24.9  25.4  26.2 
 26.2  25.8  25.6  25.6  24.8  24.7  25.1  24.8  23.9  24.0  23.8  23.6  23.1  23.0  23.2  23.2  22.9  22.7  23.3  23.0  23.0  23.1  23.5  23.4  23.3  23.6  25.6  25.8  26.1  25.6  26.9  26.8 
 26.9  25.6  25.2  25.5  24.8  24.7  24.7  24.8  23.9  23.9  23.6  23.8  23.1  23.0  23.1  23.4  23.0  22.9  23.2  23.6  23.1  23.0  23.5  24.0  24.2  24.7  26.4  27.1  26.5  26.1  26.8  28.1 
