 25.2  24.6  23.7  24.3  24.0  24.0  24.5  24.5  24.0  24.1  24.2  24.5  24.0  24.1  23.9  24.3  24.0  24.1  24.1  24.3  24.1  24.2  24.2  24.5  24.2  24.2  24.3  24.6  24.5  24.9  25.3  26.4 
 24.7  24.0  24.3  24.1  24.8  24.1  24.5  24.3  24.5  23.7  24.3  24.2  24.1  23.9  24.3  24.0  24.2  23.9  24.2  24.1  24.3  24.0  24.5  24.3  24.4  24.2  24.6  24.6  24.6  24.2  25.8  25.7 
 24.2  24.3  24.2  24.6  24.7  24.6  24.2  24.4  24.0  24.1  24.0  24.3  23.8  24.1  24.0  24.2  23.9  24.2  23.9  24.0  24.1  24.1  24.1  24.5  24.3  24.5  24.5  24.5  24.3  24.4  24.5  25.3 
 24.4  23.8  24.5  24.5  24.6  24.0  24.4  24.1  24.2  23.8  24.3  24.1  24.1  23.8  24.0  24.2  24.2  23.8  24.3  24.2  24.1  23.9  24.2  24.1  24.2  24.1  24.6  24.4  24.5  24.3  24.8  24.9 
 24.2  24.4  24.1  24.4  24.4  24.4  24.2  24.4  24.0  24.0  24.0  24.2  23.9  24.0  24.0  24.2  24.0  24.1  23.9  24.2  24.1  23.9  24.1  24.3  23.9  24.1  24.4  24.6  24.3  24.3  24.4  25.1 
 24.6  24.2  24.4  24.0  24.5  24.2  24.3  24.1  24.2  24.0  24.1  24.1  24.2  24.0  24.0  24.1  24.0  23.9  24.1  24.0  24.1  24.0  24.2  24.2  24.3  24.0  24.4  24.5  24.3  24.2  25.0  24.5 
 24.4  24.5  24.0  24.6  24.2  24.5  24.1  24.5  24.0  24.1  24.0  24.2  24.0  24.0  23.9  24.2  23.9  24.0  23.9  24.2  24.0  23.9  24.0  24.1  24.0  24.0  23.9  24.7  24.2  24.3  24.3  24.7 
 24.8  24.1  24.4  24.4  24.6  24.0  24.3  23.9  24.2  23.8  24.3  23.9  24.2  23.8  24.3  23.9  24.2  24.0  24.0  24.1  24.1  24.0  24.2  24.1  24.1  24.0  24.4  24.3  24.3  24.2  24.6  23.9 
 24.8  24.5  24.3  24.6  23.9  24.3  24.2  24.3  24.1  24.1  24.1  24.2  23.9  24.1  23.9  24.1  23.9  24.1  24.0  24.2  24.0  24.3  24.0  24.3  24.0  24.1  24.1  24.4  24.2  24.6  24.4  24.8 
 24.6  24.4  24.7  24.3  24.6  24.1  24.2  24.0  24.1  24.0  24.2  24.2  24.3  23.9  24.0  23.9  24.0  23.9  24.0  24.1  24.2  24.0  24.2  24.2  24.3  24.1  24.4  24.4  24.4  24.0  24.8  24.6 
 24.7  25.0  24.4  24.5  24.2  24.2  24.2  24.2  23.8  24.0  24.0  24.2  23.9  24.0  24.0  24.2  24.1  24.1  24.0  24.2  24.1  24.2  24.1  24.4  24.0  24.3  24.3  24.4  24.5  24.5  24.5  24.7 
 24.7  24.4  24.6  24.4  24.5  24.2  24.4  24.2  24.1  23.9  24.4  24.2  24.2  23.8  24.1  24.2  24.1  23.9  24.1  24.2  24.2  24.0  24.3 nan  24.2  24.1  24.4  24.5  24.5  24.4  24.6  24.6 
 24.8  24.5  24.2  24.8  24.2  24.3  24.2  24.4  23.9  24.2  24.1  24.2  24.0  24.0  24.1  24.0  24.1  24.1  24.1  24.3  24.2  24.2  24.2  24.5  24.3  24.2  24.6  24.7  24.8  24.7  24.9  25.4 
 24.7  24.2  24.9  24.4  24.5  24.2  24.2  23.9  24.2  23.8  24.2  24.1  24.3  23.9  24.2  24.2  24.0  23.8  24.3  24.2  24.5  24.2  24.5  24.5  24.6  24.5  25.0  24.9  25.4  24.8  25.7  25.2 
 24.3  24.8  24.4  24.6  24.3  24.3  24.2  24.3  24.1  23.9  24.0  24.3  24.0  23.8  24.1  24.2  23.8  24.0  24.2  24.4  24.4  25.0  29.6  31.2  31.0  29.9  27.4  27.2  26.4  26.7  26.4  26.3 
 25.0  24.4  24.6  24.6  24.4  24.1  24.4  24.2  24.2  24.0  24.3  23.9  24.2  24.0  24.0  24.2  24.2  23.9  24.5  24.3  25.5  28.8  45.2  47.4  44.6  39.3  30.9  29.3  28.0  27.1  27.0  26.7 
 24.5  24.7  24.4  24.8  24.2  24.3  24.3  24.4  24.1  24.2  23.9  24.2  24.2  24.1  23.9  24.1  23.9  24.1  24.3  24.5  32.2  44.7  70.2  73.4  69.8  60.6  36.3  32.7  29.1  28.6  27.7  27.6 
 24.8  24.2  24.8  24.5  24.4  24.2  24.5  24.3  24.3  24.0  24.2  24.0  24.1  23.9  24.1  24.2  24.1  24.0  24.4  24.5  34.8  49.0  74.8  77.2  71.6  61.7  37.2  33.3  29.8  28.7  27.9  27.6 
 24.8  24.9  25.0  24.8  24.7  24.6  24.2  24.7  24.2  24.1  24.1  24.3  23.9  24.1  24.1  24.4  24.3  24.5  24.6  24.9  33.6  42.8  64.9  67.9  59.1  50.2  34.5  32.5  29.6  28.8  27.6  28.3 
 25.1  24.6  24.9  24.7  24.5  24.2  24.7  24.1  24.3  23.7  24.3  24.1  24.2  24.1  24.5  24.2  24.3  24.1  24.7  24.9  31.6  36.4  52.0  53.8  47.0  42.0  33.0  31.5  29.3  28.6  28.2  28.4 
 25.2  25.2  25.1  25.4  24.5  24.5  24.5  24.5  24.3  24.2  24.3  24.5  24.2  24.2  24.1  24.7  24.1  24.4  24.6  25.7  27.5  28.9  33.1  34.4  33.8  32.9  30.8  30.3  28.3  28.0  28.6  29.5 
 25.4  24.9  25.2  25.0  24.8  24.3  24.6  24.4  24.2  24.3  24.5  24.4  24.3  24.1  24.3  24.4  24.4  23.9  25.1  25.4  26.4  26.9  30.4  31.0  31.4  31.1  30.0  29.3  28.3  27.9  29.7  30.1 
 25.8  25.7  24.7  25.2  24.9  24.5  24.6  24.6  24.2  24.7  24.4  24.5  24.3  24.5  24.1  24.3  24.4  24.5  25.2  25.3  25.4  26.0  27.7  28.4  29.0  29.1  28.8  28.7  27.9  28.6  30.9  32.9 
 26.6  25.4  25.3  25.1  24.8  24.8  25.0  24.7  24.5  24.1  24.6  24.7  24.4  24.2  24.7  24.5  24.6  24.3  25.3  25.1  25.6  25.6  27.3  27.7  28.2  27.9  28.2  28.1  28.4  28.6  32.3  32.8 
