 24.7  23.8  23.6  23.8  23.9  23.6  24.3  24.5  24.0  24.0  24.1  24.1  24.0  24.0  23.7  24.2  24.1  23.9  24.1  24.2  24.1  23.9  24.2  24.2  24.3  24.1  24.5  24.3  24.7  24.5  25.3  25.7 
 24.5  23.8  23.9  24.0  24.3  24.1  24.4  24.5  24.2  24.0  24.2  24.2  23.8  23.7  24.0  24.0  23.9  23.8  24.2  23.9  24.0  23.9  24.4  24.3  24.1  24.2  24.4  24.2  24.5  24.4  25.3  25.9 
 24.2  23.8  24.2  24.1  24.3  24.0  24.3  24.1  23.9  23.8  24.1  23.8  24.0  23.8  24.0  24.0  24.1  23.7  24.0  24.0  24.1  24.0  24.2  24.1  24.1  24.2  24.3  24.2  24.3  24.4  24.7  24.6 
 23.7  23.8  24.3  24.3  24.3  24.1  24.3  24.3  23.8  23.9  24.3  23.9  23.8  23.6  23.8  24.0  23.9  23.7  24.2  24.0  23.9  24.0  24.2  24.1  24.1  24.0  24.4  24.3  24.4  24.4  25.0  24.9 
 24.0  24.3  24.3  24.4  24.2  24.2  24.2  24.1  23.9  23.7  24.0  24.0  23.9  23.7  23.9  24.0  23.9  23.8  23.9  24.1  24.0  24.0  23.9  24.1  23.9  24.0  24.1  24.4  24.3  24.3  24.4  24.6 
 24.1  23.8  24.2  24.3  24.1  24.1  24.2  24.2  24.1  23.8  23.9  23.9  23.8  23.7  24.0  24.0  23.8  24.0  24.0  23.8  23.9  23.8  24.0  24.1  24.1  24.0  24.1  24.1  24.2  24.4  24.5  24.3 
 24.2  24.0  23.8  24.3  24.1  24.0  24.1  24.1  23.9  23.9  23.9  24.0  23.9  23.9  23.8  23.9  23.8  23.9  23.9  23.9  23.9  23.8  23.9  23.9  23.9  24.0  24.1  24.4  24.1  24.1  24.4  24.5 
 24.1  23.9  24.2  24.4  24.2  24.0  24.1  24.1  24.0  23.8  24.2  23.9  23.9  23.9  24.0  24.0  23.9  23.8  23.9  24.0  23.9  24.0  24.2  24.0  23.9  23.8  24.1  24.2  23.9  24.0  24.2  23.7 
 24.0  24.2  24.2  24.4  24.1  24.0  24.0  24.1  24.0  23.9  23.9  24.0  23.9  24.0  23.9  24.0  23.9  23.9  24.0  24.0  24.0  23.9  24.1  24.1  24.0  24.0  24.2  24.4  24.0  24.2  24.2  24.3 
 24.5  23.9  24.6  24.2  24.4  24.1  24.2  23.9  23.9  23.8  24.1  24.1  23.9  23.7  24.1  23.9  23.9  23.8  24.0  24.1  24.1  23.9  24.0  24.0  24.1  23.8  23.9  24.4  24.2  24.1  24.5  24.3 
 24.7  24.3  24.1  24.6  24.1  24.0  24.0  24.1  23.9  23.9  24.0  24.0  23.9  23.7  23.8  23.9  23.9  23.8  23.9  24.0  24.1  24.0  24.1  24.2  24.2  24.0  24.0  24.2  24.4  24.2  24.4  24.7 
 24.4  24.4  24.2  24.2  24.0  23.9  24.2  24.0  24.0  23.9  24.1  23.9  24.0  23.9  24.0  24.1  23.9  23.9  24.1  24.2  24.1  23.9  24.1 nan  24.1  24.1  24.2  24.4  24.7  24.1  24.6  24.6 
 24.5  24.2  24.2  24.4  24.1  24.0  24.2  24.0  24.0  23.9  24.0  24.0  23.9  23.9  23.9  24.1  23.9  23.9  24.0  24.2  24.2  24.1  24.3  24.2  24.3  24.1  24.5  24.7  24.7  24.6  25.0  24.9 
 24.4  24.4  24.6  24.6  24.2  24.0  24.3  24.2  23.7  23.7  23.9  24.1  24.0  23.9  24.0  24.0  24.0  23.9  24.0  24.2  24.1  24.1  24.5  24.4  24.5  24.4  24.8  25.0  25.0  24.7  25.5  25.1 
 24.2  24.2  24.4  24.5  24.3  24.1  24.4  24.1  23.9  23.8  24.2  24.1  23.9  23.8  24.1  24.1  24.0  23.9  24.1  24.3  24.3  24.9  29.6  30.9  30.8  29.8  27.3  27.1  26.7  26.5  26.2  26.0 
 24.6  24.3  24.6  24.4  24.1  24.1  24.0  24.1  24.0  23.8  24.1  24.0  24.0  23.8  24.1  23.9  23.9  24.0  24.1  24.2  25.1  29.0  45.0  47.4  44.4  39.1  30.7  29.2  27.5  27.2  26.7  26.5 
 24.7  24.6  24.5  24.5  24.4  23.8  24.1  24.3  24.0  23.9  24.0  23.9  23.9  24.0  23.9  24.0  24.0  23.8  24.2  24.3  32.1  44.7  70.2  73.3  69.6  60.4  36.1  32.6  28.9  28.6  27.5  27.1 
 24.5  24.2  24.7  24.7  24.2  23.9  24.4  24.2  24.1  23.8  24.1  24.1  24.1  23.9  24.0  24.2  24.2  24.0  24.3  24.5  34.6  48.9  74.7  77.3  71.5  61.6  37.1  33.2  29.6  28.6  28.1  27.3 
 24.8  24.4  24.7  24.5  24.4  24.2  24.4  24.3  24.1  24.0  24.0  24.1  24.0  24.1  24.1  24.3  24.0  24.0  24.4  24.7  33.4  42.6  64.8  67.8  58.9  50.1  34.6  32.4  29.5  28.5  27.6  28.1 
 24.8  24.7  24.7  24.6  24.4  24.2  24.6  24.2  23.9  24.0  24.2  24.0  24.2  24.1  24.2  24.2  24.2  24.0  24.5  25.0  31.4  36.4  51.8  53.9  47.0  41.9  32.9  31.5  29.0  28.5  27.9  28.4 
 25.0  24.8  24.9  24.6  24.6  24.4  24.5  24.4  24.4  24.0  24.0  24.4  24.3  24.1  24.2  24.1  24.2  24.1  24.4  25.5  27.4  28.5  33.1  34.1  33.8  32.6  30.7  30.0  28.0  27.7  28.2  29.3 
 24.9  24.9  25.0  25.2  24.5  24.2  24.3  24.4  24.2  24.1  24.3  24.4  24.3  23.9  24.1  24.3  24.2  24.0  24.9  25.3  26.2  26.8  30.0  30.9  31.3  31.1  30.0  29.5  28.1  27.8  29.4  30.4 
 25.6  25.5  24.7  24.9  24.7  24.4  24.6  24.5  24.3  24.2  24.2  24.2  24.2  24.1  24.2  24.4  24.2  24.2  25.0  25.1  25.5  25.6  27.5  28.3  28.9  28.6  28.5  28.6  27.7  27.9  30.6  31.2 
 26.2  25.2  25.3  25.3  24.6  24.6  24.6  24.5  24.4  24.4  24.6  24.4  24.3  24.2  24.4  24.3  24.2  24.4  25.3  25.1  25.4  25.5  27.2  27.5  27.9  28.1  28.1  28.1  28.1  28.2  31.9  31.9 
