 24.3  23.8  23.4  24.0  23.7  24.2  24.1  24.6  24.0  24.0  23.9  24.2  23.9  23.7  23.8  24.2  24.0  23.8  23.9  24.4  23.9  24.0  23.9  24.3  23.7  23.9  23.8  24.6  24.5  24.3  25.0  26.0 
 24.7  24.0  24.3  23.8  24.5  23.9  24.4  23.9  24.0  23.7  24.4  24.1  23.9  23.8  24.2  23.8  24.0  23.6  24.1  24.0  24.1  23.6  24.2  24.2  23.8  24.0  24.4  24.2  24.3  24.0  25.3  25.4 
 23.8  24.1  24.1  24.6  24.1  24.3  24.0  24.1  23.8  23.7  23.8  24.2  23.8  23.8  23.7  24.2  23.8  23.8  23.8  24.2  24.0  23.9  23.9  24.4  24.2  24.2  24.3  24.4  24.2  24.4  24.7  25.2 
 23.7  23.6  24.4  24.1  24.2  24.0  24.6  24.1  24.0  23.7  24.2  23.8  23.7  23.6  24.0  24.0  24.0  23.6  24.1  24.0  23.9  23.7  24.2  24.0  24.0  23.9  24.6  24.1  24.1  23.9  25.0  24.7 
 24.0  24.0  24.1  24.5  24.1  24.1  23.9  24.3  23.9  23.9  23.8  24.0  23.7  23.8  23.7  24.1  24.0  23.7  23.8  24.1  23.9  23.7  23.9  24.1  23.9  23.9  24.0  24.3  24.1  24.3  24.4  24.7 
 24.0  23.8  24.8  24.2  24.2  24.0  24.3  24.0  24.1  23.8  24.0  23.8  23.8  23.6  24.1  23.9  23.8  23.8  23.9  23.7  23.9  23.7  23.9  23.9  24.0  23.9  24.2  24.4  24.1  24.5  24.3  24.5 
 23.9  23.9  23.9  24.2  23.9  24.1  24.0  24.1  23.9  23.8  23.8  24.1  23.7  23.8  23.8  24.1  23.6  24.0  23.9  24.1  23.8  23.9  23.8  24.3  23.7  23.9  23.9  24.4  23.9  23.8  24.2  24.7 
 24.1  23.6  24.4  24.4  24.2  23.8  24.4  23.9  24.0  23.7  24.2  23.8  23.9  23.9  24.1  23.9  23.9  23.7  24.0  23.8  24.0  23.9  24.1  24.1  23.9  23.5  24.1  23.9  23.9  24.1  24.5  23.3 
 24.4  24.2  24.3  24.5  23.7  24.2  24.1  24.1  23.9  23.8  23.9  24.2  23.8  23.8  23.9  24.2  23.8  23.9  23.8  24.1  24.0  23.9  24.0  24.2  23.9  24.0  24.0  24.4  23.9  24.1  24.2  24.3 
 24.5  24.1  24.7  24.2  24.1  23.9  24.3  24.0  23.7  23.8  24.2  23.9  23.7  23.6  24.1  23.9  23.9  23.7  24.1  24.0  23.9  24.1  24.3  24.1  24.2  23.9  24.4  24.1  24.1  24.2  24.5  24.3 
 24.4  24.3  24.1  24.7  23.9  24.0  23.9  24.2  23.9  23.9  23.9  24.2  23.8  23.9  23.9  24.1  23.9  23.9  24.1  24.1  24.0  23.9  24.1  24.2  24.1  23.9  23.9  24.3  24.2  24.2  24.4  24.8 
 24.0  23.9  24.5  24.2  24.2  23.9  24.3  24.0  23.9  23.8  24.2  24.0  24.0  23.7  24.1  24.0  23.7  23.7  24.1  24.1  24.0  23.9  24.2 nan  24.0  23.8  24.2  24.2  24.4  23.8  24.6  24.4 
 24.3  24.3  24.1  24.4  24.1  23.9  24.0  24.2  23.9  24.0  23.9  24.1  23.8  23.9  23.9  24.2  24.0  23.9  24.0  24.3  24.1  24.0  24.2  24.3  24.1  24.2  24.4  24.5  24.3  24.5  25.0  25.2 
 24.4  24.2  24.8  24.3  24.0  24.0  24.3  24.2  23.9  23.8  24.1  23.9  24.0  23.9  24.0  23.8  24.0  23.9  24.1  24.2  24.1  24.0  24.4  24.3  24.4  24.2  24.9  24.8  25.0  24.8  25.5  25.2 
 24.3  24.3  24.1  24.5  24.1  24.0  24.0  24.3  23.8  23.9  23.9  24.0  23.8  24.0  23.9  24.2  24.0  23.9  24.1  24.3  24.4  24.6  29.7  31.2  30.7  29.6  27.2  27.2  26.7  26.1  26.1  26.2 
 24.4  24.1  24.7  24.3  24.2  24.1  24.3  23.9  24.0  23.9  24.1  24.0  24.0  23.7  24.1  23.9  24.1  23.8  24.4  24.2  25.1  28.6  45.1  47.3  44.3  39.0  30.8  29.0  27.3  26.9  26.5  26.2 
 24.2  24.4  24.5  24.4  24.1  24.1  24.2  24.5  23.8  23.8  23.8  24.1  23.8  23.8  24.0  24.1  23.8  23.9  24.1  24.6  32.0  44.6  70.1  73.3  69.5  60.4  36.0  32.7  28.9  28.6  27.2  27.3 
 24.5  24.2  24.7  24.4  24.1  23.9  24.7  24.3  24.1  23.8  24.0  24.0  24.0  23.8  24.2  24.0  23.8  23.9  24.5  24.3  34.4  48.8  74.7  77.2  71.3  61.4  37.1  33.1  29.5  28.4  28.0  27.2 
 24.6  24.6  24.7  24.9  24.2  24.2  24.3  24.6  24.1  23.9  24.0  24.3  23.8  24.0  24.1  24.4  24.1  24.0  24.3  24.9  33.4  42.6  64.7  67.8  58.7  49.8  34.5  32.4  29.2  28.2  27.7  27.9 
 24.6  24.7  24.9  24.4  24.8  24.3  24.5  24.1  24.0  23.9  24.2  24.1  24.1  23.9  24.3  24.1  24.1  23.9  24.7  24.7  31.2  36.3  51.8  53.8  46.9  41.7  33.0  31.1  28.7  28.4  28.2  28.2 
 24.8  24.8  24.6  25.0  24.1  24.2  24.1  24.4  24.0  24.0  24.1  24.5  24.2  24.0  24.2  24.3  24.1  24.1  24.5  25.6  27.2  28.6  33.0  34.1  33.5  32.4  30.6  29.9  28.3  27.4  28.2  29.5 
 25.1  24.5  25.0  24.7  24.6  24.3  24.5  24.4  24.1  23.9  24.5  24.1  24.2  23.7  24.3  24.1  24.1  24.0  24.9  25.4  26.2  26.9  30.1  30.6  31.2  30.8  29.8  29.3  27.9  27.4  29.4  30.1 
 25.5  25.3  24.9  25.1  24.6  24.5  24.6  24.5  24.3  24.1  24.1  24.6  24.2  24.1  24.3  24.5  24.2  24.1  25.2  25.3  25.5  25.8  27.2  28.4  28.7  28.9  28.5  28.5  27.5  27.9  29.9  32.1 
 26.2  24.9  25.5  24.5  24.4  24.3  24.7  24.6  24.1  24.2  24.7  24.5  24.1  24.1  24.4  24.3  24.2  24.1  25.3  24.9  25.2  25.6  27.2  27.6  27.8  27.9  28.2  27.8  27.5  28.6  32.2  32.3 
