 24.3  23.1  23.8  24.2  23.3  23.0  23.2  23.0  22.8  22.6  22.7  23.1  22.8  22.8  23.0  22.8  22.7  22.5  23.1  22.9  22.8  22.9  26.0  26.9  28.0  28.2  30.0  29.9  29.6  29.6  30.4  30.8 
 23.8  23.6  23.6  23.8  23.1  23.0  22.9  23.1  22.9  22.6  23.0  23.0  22.7  22.5  22.9  22.8  22.8  22.7  23.1  23.0  23.0  22.7  24.7  26.2  28.1  28.9  29.6  29.8  29.5  29.5  30.9  30.8 
 23.4  23.1  23.9  23.4  23.1  22.8  23.0  22.8  22.7  22.6  22.9  23.1  22.7  22.6  23.0  22.8  22.9  22.6  23.0  23.0  22.8  22.8  23.2  23.9  26.0  26.5  29.3  29.5  29.9  29.9  30.8  30.7 
 23.2  23.3  23.4  23.3  22.9  22.6  23.2  23.3  22.9  22.8  23.1  23.0  22.7  22.7  22.8  23.0  22.8  22.3  23.1  22.8  22.8  22.6  23.2  23.5  24.0  25.1  28.8  29.4  29.6  29.9  30.8  31.1 
 23.4  23.3  23.4  23.3  23.0  22.8  23.1  23.1  23.2  23.2  23.1  23.0  22.7  22.5  22.9  22.8  22.6  22.6  22.9  23.0  22.7  22.8  23.0  23.5  25.1  25.8  29.2  30.0  29.9  30.1  30.3  30.4 
 23.2  23.1  23.1  23.2  22.8  22.9  23.1  23.3  23.6  23.8  23.0  23.0  22.7  22.7  22.9  23.0  22.6  22.5  23.0  23.0  22.8  22.8  23.1  23.7  26.3  26.9  29.6  31.0  31.5  30.8  30.3  30.4 
 23.2  23.4  23.2  23.4  22.9  23.0  23.3  23.6  25.4  26.8  24.3  23.3  22.8  22.6  22.8  23.0  22.8  22.8  22.8  22.7  22.9  22.9  23.5  24.5  27.2  28.3  30.8  31.2  31.5  31.3  31.8  31.3 
 23.4  23.0  23.1  23.3  22.8  22.9  23.3  23.6  26.2  27.8  24.7  23.4  22.7  22.6  22.9  22.9  22.9  22.5  22.7  23.0  22.9  22.7  23.5  24.4  27.3  28.8  31.2  31.4  31.5  31.9  31.3  30.2 
 23.6  23.3  23.7  23.4  22.8  22.8  23.3  23.3  23.5  23.5  23.3  23.0  22.6  22.7  22.8  22.9  22.8  22.8  23.1  22.9  22.8  22.8  23.1  24.0  27.8  28.8  31.0  31.2  32.0  31.9  29.4  28.9 
 23.6  23.3  23.6  23.7  23.0  22.8  22.9  23.1  22.9  23.0  23.0  22.9  22.8  22.6  22.8  22.8  22.6  22.8  23.0  23.0  22.7  22.8  23.0  23.6  27.8  29.0  31.1  31.6  31.6  31.4  28.6  27.8 
 23.8  23.8  24.1  23.8  23.5  23.3  23.3  23.0  22.9  23.0  23.0  22.8  22.7  22.5  22.9  22.9  22.8  22.8  23.0  23.0  22.7  22.7  23.1  23.1  25.1  27.1  30.1  30.5  29.9  29.4  26.7  26.5 
 23.7  23.9  23.9  24.1  24.1  24.0  23.5  23.4  23.0  22.8  22.8  22.9  22.7  22.7  22.9  22.8  22.7  22.6  23.0  23.0  22.9  22.8  22.9 nan  23.8  24.3  28.4  29.7  29.1  27.8  26.9  26.7 
 24.3  24.5  25.3  25.5  26.3  26.4  29.1  29.4  27.5  25.9  23.2  23.1  22.8  22.7  22.9  22.8  22.8  22.6  23.0  22.9  22.8  22.7  23.1  23.1  23.2  23.2  25.2  26.4  27.4  27.8  30.5  29.3 
 24.6  24.6  25.7  26.2  27.7  28.6  36.5  42.2  44.4  38.8  24.0  23.5  22.9  22.8  22.9  22.9  22.8  22.7  23.0  22.9  22.9  22.7  23.1  23.0  23.0  22.9  24.0  24.3  27.7  28.4  30.5  30.7 
 25.3  25.2  26.7  27.3  30.0  32.6  51.6  60.0  70.7  67.0  33.7  25.7  22.9  22.9  22.8  22.8  22.8  22.7  23.0  23.1  22.8  22.8  23.0  23.1  23.0  22.9  23.5  23.5  25.0  28.3  31.1  30.6 
 25.3  25.4  26.8  27.7  30.3  33.3  52.1  60.8  76.0  75.3  38.3  26.4  22.8  22.9  22.8  22.9  22.7  22.7  22.7  22.9  22.7  22.6  23.2  23.2  23.1  22.9  23.5  23.6  24.7  25.7  28.3  29.5 
 25.4  25.5  26.8  27.1  29.6  32.0  45.9  55.3  78.4  78.2  33.8  25.4  23.0  22.8  23.1  23.0  22.8  22.7  23.1  22.9  22.7  22.7  23.2  23.0  23.1  23.0  23.4  23.5  23.2  23.6  25.1  25.1 
 25.7  25.3  26.4  27.1  28.7  30.1  38.8  45.1  61.1  58.4  27.8  24.4  22.9  22.8  23.0  23.1  22.9  22.7  23.1  23.3  22.8  22.7  23.2  23.2  23.1  22.7  23.7  23.3  23.1  23.4  24.7  24.9 
 25.7  25.7  26.5  26.8  27.1  27.5  29.4  30.9  32.1  30.3  24.4  23.6  23.0  23.1  23.3  23.2  23.1  22.8  23.1  23.2  22.9  22.8  23.2  23.2  23.1  23.1  23.7  23.6  23.4  23.3  24.0  24.5 
 25.4  25.5  26.2  26.8  26.5  26.5  28.0  28.3  28.1  27.2  24.0  23.6  23.1  23.0  23.2  23.0  22.9  22.8  23.3  23.4  22.7  22.9  23.2  23.4  23.1  23.1  23.4  23.7  23.4  23.5  24.2  24.9 
 25.9  25.6  26.4  26.2  26.0  25.6  26.3  26.3  26.0  25.2  23.8  23.5  23.1  23.0  23.3  23.3  23.0  23.0  23.3  23.2  23.0  22.9  23.6  23.4  23.2  23.2  23.7  23.7  23.5  24.1  24.9  24.9 
 25.4  25.6  25.9  25.9  25.5  25.8  25.8  25.8  25.1  24.8  23.9  23.8  23.1  23.0  23.3  23.5  22.8  23.1  23.2  23.3  23.0  23.0  23.3  23.5  23.2  23.4  23.6  23.9  23.8  24.2  25.5  25.9 
 26.6  26.2  26.0  25.8  25.4  25.0  25.4  24.8  24.8  24.2  24.0  24.0  23.4  23.4  23.5  23.4  23.1  23.1  23.4  23.3  23.4  23.3  23.5  23.6  23.5  23.3  24.3  24.6  24.7  24.7  26.9  27.5 
 26.8  26.5  25.8  26.0  25.1  25.0  24.7  24.9  24.2  24.2  24.0  23.9  23.5  23.2  23.4  23.5  23.3  23.2  23.3  23.6  23.3  23.4  23.9  23.9  23.7  23.6  25.0  25.1  24.7  24.9  26.1  27.9 
