 24.7  24.2  24.1  24.0  24.0  23.9  24.3  24.0  24.1  23.8  24.1  24.1  23.9  24.0  24.0  24.0  24.2  23.9  24.1  24.2  24.1  23.8  24.3  24.2  24.4  24.1  24.3  24.6  24.2  24.3  25.3  26.4 
 24.3  24.2  23.9  24.0  24.3  24.1  24.5  24.2  24.0  23.8  24.3  24.2  24.1  23.9  24.1  24.0  24.0  23.8  24.1  24.1  24.0  24.1  24.5  24.2  24.2  24.5  24.4  24.6  24.5  24.8  25.3  25.4 
 24.3  24.0  24.2  24.1  24.4  24.2  24.3  24.3  24.1  23.9  23.9  24.2  23.8  23.7  23.8  24.2  23.9  23.9  23.9  24.1  24.0  23.8  24.2  24.3  24.5  24.1  24.3  24.4  24.5  24.6  24.9  25.3 
 23.7  24.0  24.5  24.2  24.3  24.1  24.4  24.2  23.9  23.9  24.1  24.0  23.9  23.9  23.9  24.1  23.8  23.8  24.2  24.0  24.0  23.9  24.1  24.1  23.8  24.0  24.5  24.3  24.2  24.4  24.6  24.9 
 24.0  24.2  24.3  24.5  24.4  24.3  24.0  24.1  23.9  23.8  23.9  24.0  24.0  23.9  24.0  24.1  23.9  23.8  23.9  24.0  23.9  23.8  23.9  24.2  24.0  23.8  24.3  24.4  24.1  24.2  24.4  25.1 
 24.2  24.2  24.2  24.2  24.5  24.5  24.1  24.3  23.9  24.0  23.8  24.0  23.7  23.7  24.1  24.0  24.0  23.9  24.1  23.8  23.9  24.0  24.2  24.1  24.1  24.0  24.1  24.2  24.4  24.2  24.8  24.9 
 24.4  24.0  24.3  24.5  24.4  24.0  24.2  24.2  24.0  23.9  23.8  24.0  23.9  23.8  24.0  24.1  23.8  23.9  24.0  24.1  23.9  24.0  23.8  24.1  24.2  24.0  24.2  24.4  24.4  24.0  24.3  24.7 
 24.5  24.2  24.0  24.2  24.2  24.2  24.3  24.0  24.1  23.9  24.2  24.0  24.0  23.8  23.9  23.9  23.9  24.0  24.0  24.1  24.1  23.9  24.2  23.9  23.9  23.9  24.2  24.4  24.1  24.3  24.2  23.7 
 24.5  24.2  24.4  24.5  24.3  24.0  24.3  24.0  24.0  23.9  24.1  24.2  24.0  23.9  23.9  24.0  24.0  24.0  24.1  24.2  23.9  24.1  24.0  24.2  24.0  24.0  24.3  24.5  24.2  24.2  24.4  24.3 
 24.6  24.5  24.6  24.6  24.4  24.2  24.3  24.2  24.0  24.0  24.0  24.2  24.0  23.8  23.9  23.9  24.0  23.9  24.1  24.0  24.0  24.0  24.3  24.0  24.2  24.0  24.3  24.4  24.3  24.0  24.5  24.4 
 24.5  24.4  24.3  24.5  24.2  24.1  24.0  24.2  23.9  23.9  24.0  24.0  23.8  23.9  24.1  24.1  23.9  24.1  24.0  24.1  24.1  24.0  24.3  24.2  24.0  24.0  24.3  24.3  24.2  24.1  24.7  24.8 
 24.5  24.4  24.5  24.3  24.1  24.1  24.2  24.2  24.0  23.8  24.0  24.0  24.0  23.9  24.0  24.0  23.9  24.1  24.3  24.1  24.0  24.2  24.2 nan  24.1  24.0  24.1  24.5  24.5  24.1  24.6  24.8 
 24.6  24.3  24.2  24.5  24.2  24.2  24.3  24.1  24.0  23.8  24.0  24.1  23.9  23.9  24.1  24.1  24.0  23.9  24.1  24.2  24.2  24.1  24.2  24.2  24.2  24.1  24.7  24.7  24.6  25.0  25.0  25.3 
 24.4  24.7  24.4  24.3  24.1  24.1  24.3  24.2  24.1  23.8  24.1  24.2  24.0  23.9  24.1  23.8  24.0  23.9  24.1  24.1  24.1  24.1  24.5  24.5  24.5  24.5  24.9  24.9  25.1  25.0  25.4  25.7 
 24.5  24.4  24.4  24.5  24.2  24.1  24.0  24.2  24.2  23.8  24.1  24.2  24.0  23.9  23.9  24.0  23.8  24.0  24.2  24.4  24.5  24.9  29.7  31.0  30.8  29.8  27.5  27.4  26.7  26.5  26.2  26.5 
 24.7  24.6  24.6  24.4  24.3  24.0  24.2  24.2  24.0  24.1  24.1  24.0  24.1  23.8  24.1  24.2  24.0  23.9  24.1  24.3  25.3  28.8  45.3  47.3  44.6  39.3  30.7  29.2  27.6  27.2  26.9  26.5 
 24.7  24.4  24.5  24.5  24.1  24.0  24.2  24.4  24.0  24.0  23.9  24.1  23.9  23.8  24.0  24.1  24.0  23.9  24.3  24.5  32.2  44.7  70.2  73.3  69.8  60.4  36.3  33.0  29.1  28.4  27.5  27.6 
 24.5  24.5  24.4  24.4  24.2  23.9  24.4  24.2  24.0  24.0  24.1  24.0  24.1  23.9  24.1  24.3  24.0  24.0  24.4  24.3  34.8  49.0  74.7  77.1  71.5  61.7  37.0  33.1  29.5  28.5  27.9  27.6 
 24.8  24.4  24.7  24.8  24.4  24.3  24.4  24.5  24.2  24.0  24.1  24.2  23.9  24.1  24.1  24.5  24.3  24.1  24.6  24.8  33.7  42.5  64.9  67.9  58.9  50.2  34.7  32.5  29.6  28.5  27.8  28.1 
 24.8  24.7  24.8  24.8  24.7  24.2  24.6  24.4  24.0  24.1  24.1  24.2  24.0  24.1  24.2  24.2  24.1  24.1  24.6  25.0  31.4  36.4  51.7  53.9  46.9  42.1  33.0  31.5  28.9  28.5  28.1  28.2 
 25.2  24.9  25.1  25.1  24.4  24.5  24.5  24.5  24.2  24.3  24.4  24.3  24.2  24.1  24.3  24.6  24.1  24.2  24.7  25.6  27.4  28.7  33.0  34.1  33.9  32.7  31.1  30.2  28.3  27.9  28.4  29.8 
 25.0  25.1  25.0  24.9  24.4  24.5  24.5  24.4  24.4  24.2  24.4  24.3  24.2  24.0  24.2  24.5  24.3  24.3  24.9  25.6  26.3  27.1  30.1  30.9  31.3  31.1  30.0  29.6  28.1  27.9  29.2  30.4 
 26.1  25.3  25.3  25.1  24.7  24.7  24.8  24.4  24.3  24.2  24.3  24.4  24.3  24.1  24.3  24.5  24.3  24.3  25.4  25.4  25.5  25.7  27.6  28.7  29.0  28.8  28.8  28.6  27.9  28.2  31.3  32.9 
 26.0  25.7  25.1  25.3  24.8  24.6  24.6  24.5  24.4  24.4  24.5  24.3  24.3  24.3  24.3  24.4  24.2  24.2  25.3  25.1  25.2  25.5  27.4  27.9  28.1  28.1  28.1  28.0  27.7  28.6  31.9  32.8 
