 24.7  24.2  24.1  23.8  24.0  24.0  24.3  24.3  24.1  24.0  24.1  24.1  23.9  24.1  23.8  24.2  23.9  23.9  24.0  24.0  24.1  24.2  24.2  24.5  24.3  24.2  24.6  24.6  24.7  24.7  25.5  25.7 
 24.5  23.6  23.9  24.1  24.2  24.2  24.3  24.4  24.3  24.0  24.2  24.3  23.9  24.0  24.2  24.0  24.0  23.8  24.1  24.1  24.1  23.9  24.1  24.3  24.4  24.2  24.4  24.2  24.6  24.2  25.3  25.4 
 24.0  23.6  24.2  24.1  24.1  24.3  24.3  24.1  23.9  23.9  24.0  24.1  23.9  23.7  24.1  24.1  23.8  23.8  23.9  24.2  24.1  24.0  24.2  24.4  24.1  24.3  24.5  24.7  24.5  24.1  24.3  24.8 
 23.9  23.6  24.1  24.6  24.2  23.9  24.3  24.1  24.0  23.9  24.1  24.1  23.9  23.9  24.0  24.1  24.1  23.8  24.0  24.1  24.1  23.9  24.2  24.0  24.3  23.9  24.3  24.4  24.2  24.2  24.8  25.1 
 24.0  24.3  24.3  24.5  24.4  24.3  24.3  24.1  23.9  24.1  23.8  24.0  23.8  23.9  23.9  24.0  23.9  23.6  23.9  24.1  23.9  23.9  24.1  23.9  24.0  24.1  24.2  24.4  24.1  24.2  24.6  24.4 
 24.1  23.8  24.1  24.2  24.2  24.4  24.3  24.1  24.1  23.9  24.0  23.9  23.9  23.8  23.9  23.9  23.9  23.8  24.1  24.0  24.0  23.7  24.1  23.9  24.0  23.8  24.1  24.2  24.3  24.4  24.6  24.3 
 23.9  24.2  24.3  24.5  24.4  24.2  24.1  24.0  24.1  23.9  24.1  24.0  23.8  23.9  23.8  24.0  23.8  24.1  24.0  23.9  23.9  23.9  23.9  24.2  24.0  24.0  24.1  24.3  23.9  24.3  24.5  24.2 
 24.5  23.9  24.4  24.4  24.3  24.2  24.3  24.0  23.9  23.8  24.0  24.0  23.9  23.8  23.9  24.0  24.1  23.8  24.1  23.9  24.0  24.0  24.2  23.9  24.1  24.0  24.1  24.0  24.1  24.0  24.6  23.7 
 24.5  24.4  24.3  24.4  24.2  24.0  24.2  24.2  23.9  23.7  24.0  24.0  24.0  23.9  23.9  24.1  23.8  24.0  24.2  24.2  23.8  23.9  24.1  24.0  24.0  24.1  24.0  24.2  24.2  24.2  24.7  24.2 
 24.6  24.4  24.3  24.2  24.2  23.9  24.1  24.0  23.9  23.9  24.2  24.1  24.1  23.8  23.8  23.9  23.9  23.7  24.1  24.1  24.1  23.8  24.1  24.1  24.2  23.9  24.3  24.5  24.3  24.0  24.5  24.3 
 24.5  24.3  24.4  24.4  23.9  24.1  23.9  24.0  23.8  23.9  24.1  24.0  23.9  23.9  24.1  23.9  24.0  23.8  24.1  24.0  24.0  24.1  24.1  24.1  24.3  24.1  24.0  24.4  24.1  24.4  24.4  24.7 
 24.5  24.1  24.5  24.3  24.0  24.0  24.2  24.1  24.1  23.8  24.1  24.1  24.0  23.9  23.9  23.9  24.0  23.9  24.0  23.9  24.0  24.0  24.1 nan  24.1  23.9  24.1  24.2  24.3  24.1  24.6  24.6 
 24.3  24.3  24.5  24.5  24.1  24.0  24.2  24.2  23.8  23.9  24.1  24.1  23.8  23.9  24.0  24.1  24.0  24.0  24.2  24.2  24.0  24.0  24.4  24.4  24.2  24.2  24.6  24.6  24.6  24.7  25.0  25.4 
 24.8  24.3  24.6  24.3  24.2  24.1  24.2  24.1  23.9  23.6  24.0  24.2  23.9  23.9  24.0  24.0  24.0  23.9  24.0  24.1  24.2  24.1  24.5  24.6  24.4  24.4  24.8  25.0  25.3  25.0  25.5  25.2 
 24.2  24.3  24.5  24.6  24.4  24.1  24.4  24.3  23.9  23.8  24.1  24.2  23.8  23.9  24.0  24.2  24.1  24.0  24.2  24.3  24.4  24.9  29.7  31.1  30.8  29.9  27.3  27.4  26.5  26.7  25.9  26.0 
 24.7  24.1  24.6  24.4  24.3  24.0  24.4  24.2  24.1  23.9  24.1  24.1  24.0  23.8  24.0  24.0  24.0  24.0  24.2  24.2  25.2  28.7  45.1  47.4  44.5  39.2  30.7  29.2  27.7  27.2  27.0  26.7 
 24.5  24.2  24.5  24.4  24.1  24.1  24.2  24.3  24.1  23.9  24.1  24.2  23.8  24.0  24.1  24.0  24.0  23.9  24.2  24.5  32.2  44.7  70.3  73.3  69.8  60.4  36.2  32.7  28.9  28.6  27.5  27.0 
 24.7  24.2  24.4  24.4  24.4  24.0  24.5  24.3  24.2  23.7  24.0  24.1  24.0  23.8  24.1  24.0  23.9  23.9  24.4  24.5  34.7  48.9  74.8  77.4  71.6  61.5  37.0  33.2  29.6  28.7  27.9  27.4 
 24.6  24.3  24.7  24.8  24.6  24.3  24.4  24.5  24.2  23.9  24.3  23.9  23.9  24.1  24.2  24.2  24.3  24.3  24.4  24.9  33.6  42.5  65.0  67.9  58.9  50.1  34.7  32.4  29.5  28.8  28.1  28.1 
 24.8  24.7  24.7  24.9  24.4  24.2  24.6  24.2  24.1  24.0  24.3  24.1  24.0  24.0  24.3  24.2  24.2  24.1  24.6  25.0  31.4  36.4  51.8  54.1  47.0  42.1  33.0  31.5  29.0  28.5  28.2  28.4 
 24.8  25.0  25.1  24.9  24.3  24.4  24.5  24.5  24.5  24.3  24.2  24.5  24.2  24.3  24.4  24.4  24.2  24.3  24.7  25.5  27.3  28.8  33.2  34.0  33.7  32.9  30.8  30.0  28.3  28.2  28.4  29.3 
 25.4  25.3  25.0  25.0  24.5  24.1  24.6  24.5  24.4  24.2  24.3  24.5  24.1  24.1  24.2  24.3  24.1  23.9  25.0  25.4  26.5  27.0  30.0  30.9  31.4  30.9  30.0  29.6  27.8  27.8  29.2  30.1 
 25.8  25.5  24.9  25.2  24.6  24.8  24.6  24.5  24.3  24.5  24.4  24.5  24.3  24.3  24.3  24.5  24.4  24.2  25.2  25.2  25.4  25.8  27.6  28.4  28.9  28.9  28.5  28.7  28.2  28.1  30.6  32.1 
 26.6  25.4  24.9  25.3  24.6  24.6  24.7  24.6  24.4  24.2  24.5  24.5  24.4  24.2  24.6  24.3  24.7  24.3  25.2  25.3  25.5  25.5  27.2  27.9  28.1  28.1  28.2  28.3  28.1  28.4  31.5  32.8 
