 24.7  23.8  23.7  23.8  24.0  24.2  24.1  24.6  24.0  24.0  24.0  24.3  23.9  23.8  23.9  24.0  23.6  23.9  24.0  24.3  24.1  24.0  24.3  24.4  24.0  23.9  24.6  24.8  24.3  24.8  24.7  26.0 
 24.3  24.0  23.9  24.0  24.3  24.1  24.4  24.2  24.2  23.9  24.3  24.3  24.0  23.9  24.3  23.9  23.7  23.7  24.1  24.0  24.0  24.0  24.3  24.2  24.2  24.2  24.4  24.2  24.4  24.0  25.1  25.4 
 23.8  23.9  24.2  24.1  24.4  24.0  24.0  24.3  23.9  23.7  23.8  24.2  23.7  23.8  23.9  24.0  23.7  23.9  23.8  24.3  23.8  24.1  24.0  24.3  24.2  23.9  24.3  24.4  24.5  24.2  24.3  25.0 
 23.7  23.5  24.4  24.5  24.2  23.8  24.3  24.3  23.8  23.7  24.1  24.0  23.7  23.5  23.7  24.0  23.9  23.6  24.0  24.0  23.9  23.7  24.1  24.0  24.1  23.7  24.4  24.4  24.2  24.2  24.4  24.9 
 24.0  24.0  24.1  24.5  24.1  24.2  24.2  24.3  23.9  23.8  23.8  24.1  23.8  23.9  23.9  23.8  23.9  23.8  23.9  24.1  23.9  23.9  24.0  24.2  24.0  24.0  24.2  24.2  24.0  24.5  24.2  24.7 
 24.2  23.8  24.2  24.2  24.2  24.0  24.3  24.3  23.9  23.8  23.9  23.9  23.7  23.7  24.0  24.0  23.8  23.7  23.9  23.9  23.9  23.7  24.1  24.0  24.1  23.8  24.2  24.2  24.3  24.0  24.8  24.3 
 24.2  24.0  23.9  24.3  24.1  24.2  24.0  24.0  23.9  23.8  23.9  24.2  23.8  23.9  23.7  24.0  23.7  23.8  23.9  24.1  23.8  24.0  23.9  24.1  24.0  24.0  24.2  24.1  24.1  24.1  24.2  24.8 
 24.3  24.1  24.1  24.4  24.5  23.9  24.2  24.2  23.9  23.7  24.1  23.9  23.9  23.7  24.1  23.8  24.0  23.7  24.2  24.1  23.8  23.7  24.2  24.1  24.0  23.9  24.5  24.2  23.9  24.0  24.5  23.8 
 24.1  24.1  24.4  24.4  23.9  24.0  24.0  24.0  23.8  23.7  24.1  24.1  23.8  24.0  23.9  24.2  23.8  23.9  23.8  24.1  23.9  24.0  24.0  24.2  24.0  24.2  24.2  24.4  23.9  24.2  24.2  24.3 
 24.2  24.2  24.7  24.5  24.2  23.9  24.1  24.1  23.8  23.7  24.0  24.0  24.0  23.8  24.0  23.9  23.9  23.8  24.0  23.9  24.1  23.8  24.2  24.0  24.3  23.9  24.2  24.4  24.1  24.0  24.8  24.6 
 24.4  24.3  24.4  24.4  24.2  24.2  24.0  24.0  23.8  23.9  23.8  24.2  23.9  23.8  23.9  24.1  23.9  23.8  24.0  24.0  23.9  24.0  24.0  24.3  24.0  24.0  24.1  24.3  24.1  24.2  24.4  24.5 
 24.3  23.9  24.4  24.0  23.9  23.8  24.2  24.2  23.9  23.9  24.1  24.1  24.0  23.7  24.1  24.0  24.1  23.7  24.0  24.1  24.0  23.9  24.3 nan  24.0  23.9  24.3  24.2  24.3  24.1  24.6  24.4 
 24.3  24.3  24.3  24.5  24.0  24.1  24.2  24.2  23.8  23.9  23.9  24.1  23.9  23.8  24.0  24.0  23.9  23.9  24.1  23.9  24.2  24.1  24.2  24.3  24.3  24.3  24.4  24.5  24.6  24.5  24.9  25.2 
 24.5  24.4  24.5  24.4  24.1  23.8  24.3  24.0  24.0  23.8  24.0  24.1  24.0  23.9  24.1  24.0  23.8  23.8  24.0  24.1  24.2  24.0  24.3  24.3  24.4  24.1  24.7  24.8  24.9  25.0  25.4  25.4 
 24.3  24.3  24.4  24.6  24.2  24.0  24.1  24.3  24.0  23.9  24.0  24.1  24.1  23.9  23.9  24.2  24.0  23.9  24.3  24.4  24.3  25.0  29.8  31.0  30.8  29.9  27.2  27.3  26.4  26.4  26.1  26.2 
 24.6  24.1  24.7  24.6  24.3  24.0  24.3  24.2  24.0  23.8  24.0  24.0  24.0  24.0  24.2  24.1  24.0  23.9  24.1  24.2  25.3  28.7  45.2  47.5  44.5  39.0  30.9  29.0  27.6  26.9  26.7  26.3 
 24.4  24.2  24.4  24.5  24.1  24.2  24.1  24.3  23.9  23.9  23.9  24.2  24.0  24.0  24.1  24.1  23.9  23.8  24.2  24.4  32.1  44.7  70.1  73.3  69.5  60.4  36.0  32.7  28.9  28.4  27.4  27.3 
 24.8  24.2  24.4  24.5  24.1  24.0  24.4  24.3  24.0  23.9  24.1  24.0  24.0  23.9  24.3  24.2  24.0  23.9  24.5  24.6  34.7  48.8  74.7  77.2  71.4  61.4  37.0  33.2  29.4  28.4  27.9  27.2 
 24.6  24.8  24.7  24.9  24.4  24.3  24.4  24.7  24.1  24.0  24.1  24.1  23.9  24.2  24.2  24.3  24.3  24.1  24.2  24.9  33.5  42.5  64.7  67.8  58.9  50.0  34.5  32.4  29.2  28.8  27.9  28.2 
 24.6  24.6  24.7  24.9  24.6  24.2  24.5  24.4  24.0  23.9  24.3  24.2  24.0  24.0  24.3  24.1  24.1  23.9  24.6  24.9  31.5  36.2  51.7  53.9  46.9  41.9  33.3  31.5  28.9  28.1  28.2  28.2 
 25.2  24.5  24.8  25.0  24.5  24.4  24.5  24.4  24.2  23.9  24.0  24.4  24.1  24.1  24.2  24.4  24.0  24.0  24.3  25.6  27.1  28.6  33.1  34.2  33.7  32.7  30.8  30.2  28.3  27.9  28.4  29.5 
 25.1  24.9  25.2  24.8  24.5  24.2  24.5  24.5  24.2  24.2  24.1  24.1  24.1  23.9  24.4  24.2  24.2  23.9  24.9  25.3  26.2  26.8  29.8  30.8  31.1  30.9  30.0  29.5  27.6  27.4  29.4  30.1 
 25.5  25.3  24.7  24.9  24.7  24.2  24.6  24.6  24.2  24.3  24.4  24.5  24.2  24.1  24.3  24.4  24.2  24.2  25.1  25.3  25.5  25.9  27.6  28.1  28.9  28.8  28.6  28.5  27.7  27.9  30.2  32.1 
 25.6  25.9  25.1  25.1  24.7  24.3  24.9  24.7  24.5  24.1  24.4  24.4  24.0  24.1  24.4  24.3  24.2  24.1  25.4  25.0  25.1  25.6  27.3  27.5  27.9  27.9  28.4  28.1  27.9  28.4  31.8  32.8 
