 24.3  23.3  24.0  23.7  23.5  22.8  23.2  23.0  22.9  22.5  23.2  22.9  22.8  22.7  23.1  23.1  22.6  22.7  23.0  23.1  22.8  22.7  25.1  26.1  27.8  28.0  29.9  30.0  29.8  29.5  30.4  30.5 
 24.0  23.6  23.6  24.0  23.3  23.0  23.0  23.3  22.8  22.6  23.1  23.3  22.7  22.7  23.0  23.1  22.7  22.7  23.0  23.1  22.9  22.7  24.2  25.5  27.6  28.5  29.8  29.9  29.5  29.3  30.0  30.8 
 23.7  23.1  23.9  23.4  23.1  22.7  23.2  22.9  23.0  22.6  23.0  22.8  22.7  22.8  22.9  22.8  22.8  22.7  22.9  22.9  22.9  22.8  23.0  23.5  25.7  26.4  28.9  29.2  29.9  29.7  31.0  30.9 
 23.3  23.3  23.3  23.7  22.8  22.8  23.1  23.3  23.1  22.7  23.0  23.0  22.7  22.6  22.8  22.9  22.6  22.7  23.1  22.9  22.8  22.7  23.2  23.4  24.0  24.7  28.0  29.0  29.3  30.1  30.7  30.9 
 23.5  23.3  23.7  23.2  23.0  22.8  23.2  23.1  23.3  23.2  23.1  22.9  22.6  22.6  22.9  22.8  22.7  22.5  22.9  22.7  22.8  22.7  23.4  23.3  25.2  25.8  29.1  29.9  30.6  30.2  30.5  30.2 
 23.4  23.1  23.1  23.4  23.0  23.0  23.2  23.6  23.7  23.9  23.2  23.2  22.7  22.7  22.9  22.9  22.8  22.7  22.8  22.9  22.6  22.8  23.0  23.9  26.4  26.8  29.4  30.7  31.6  31.4  31.0  30.7 
 23.0  23.1  23.6  23.4  22.9  23.0  23.4  23.5  25.6  26.8  24.4  23.3  22.7  22.7  22.9  22.9  22.8  22.6  23.0  22.7  22.8  22.7  23.6  24.3  27.2  28.0  30.5  31.0  31.3  31.2  32.5  31.3 
 23.3  23.2  23.3  23.4  23.0  22.8  23.3  23.8  26.2  27.9  24.8  23.5  22.7  22.6  23.0  22.9  22.8  22.8  22.8  22.9  22.8  23.0  23.4  24.5  27.1  28.5  31.0  31.5  31.5  31.9  31.9  31.0 
 23.7  23.5  23.6  23.3  23.0  22.9  23.4  23.3  23.6  23.6  23.3  22.9  22.9  22.7  22.8  22.8  22.9  22.8  23.0  22.9  22.9  22.9  23.1  23.6  27.2  28.4  30.7  31.1  31.9  32.0  30.0  29.3 
 23.6  23.3  23.5  23.5  23.1  22.9  23.2  23.2  23.0  23.0  23.0  23.1  22.6  22.5  22.8  22.9  22.8  22.7  23.0  23.0  22.9  22.7  23.1  23.4  27.0  28.6  30.6  31.3  31.6  31.9  28.8  28.1 
 23.9  23.6  24.1  23.9  23.5  23.5  23.2  23.0  23.0  22.9  23.0  22.7  22.6  22.6  22.9  22.8  22.8  22.8  23.2  22.9  22.8  22.9  23.1  23.1  24.7  26.3  29.7  29.9  30.6  29.9  27.4  26.6 
 23.7  23.9  24.0  24.2  24.2  24.0  23.7  23.5  23.0  22.8  23.0  23.1  22.7  22.7  22.8  23.0  22.8  22.9  22.8  23.0  22.9  23.0  22.9 nan  23.3  24.0  27.7  29.4  29.5  28.5  28.4  27.3 
 24.3  24.3  25.4  25.5  26.4  26.7  29.0  29.5  27.5  26.0  23.3  22.8  22.8  22.7  23.0  22.9  22.9  22.6  23.0  23.0  22.8  22.7  23.1  23.1  23.0  23.1  25.1  25.8  26.7  28.6  31.1  30.3 
 24.7  24.9  25.7  26.2  27.6  28.6  36.6  42.2  44.6  38.9  23.9  23.5  22.9  22.8  22.8  22.9  22.6  22.6  22.9  23.0  22.8  22.7  23.1  23.2  23.2  23.1  23.7  24.4  26.2  27.7  31.4  31.5 
 25.0  25.0  26.6  27.2  29.9  32.7  51.5  60.1  70.8  67.1  33.8  25.5  22.9  22.8  23.0  22.9  22.8  22.5  23.0  22.9  22.8  22.8  23.1  23.0  23.0  22.9  23.5  23.6  24.5  26.4  30.7  30.9 
 25.3  25.6  26.9  27.7  30.3  33.2  52.0  60.9  76.0  75.4  38.2  26.5  22.8  22.8  22.8  23.0  22.8  22.6  22.8  22.9  22.8  22.7  22.9  23.2  22.9  22.9  23.4  23.5  24.0  24.9  27.4  28.2 
 25.4  25.8  26.9  27.2  29.9  31.9  46.0  55.3  78.5  78.2  33.8  25.4  22.9  22.7  23.1  22.9  22.8  22.8  23.2  23.1  22.9  22.8  23.0  23.1  23.2  23.1  23.6  23.6  23.5  23.7  24.9  24.6 
 25.6  25.5  26.4  27.3  28.9  30.1  38.8  45.3  61.1  58.3  27.8  24.5  23.0  22.9  23.0  23.2  22.9  22.9  23.0  23.0  23.0  23.0  23.0  23.3  23.1  23.1  23.6  23.8  23.6  23.4  24.3  24.7 
 25.4  25.4  26.5  26.6  27.2  27.4  29.7  30.9  32.2  30.3  24.7  23.6  22.9  23.1  23.3  23.2  23.1  23.0  23.2  23.3  23.0  22.9  23.4  23.4  23.3  23.0  23.6  23.2  23.6  23.4  24.3  24.3 
 25.4  26.0  26.3  26.6  26.4  26.7  27.9  28.4  28.2  27.3  24.2  23.7  23.1  23.0  23.3  23.1  22.9  22.8  23.2  23.2  23.0  22.9  23.2  23.5  23.2  23.1  23.3  23.6  23.1  23.5  24.4  24.5 
 25.9  25.4  26.1  26.0  25.8  25.8  26.4  26.0  25.9  25.0  24.0  23.6  23.3  23.0  23.3  23.2  23.0  23.0  23.4  23.2  23.3  23.2  23.5  23.4  23.5  23.1  23.4  23.6  23.6  24.1  25.1  25.4 
 25.6  25.7  25.9  25.9  25.7  25.7  25.8  26.0  25.1  24.9  24.1  23.9  23.3  23.0  23.3  23.3  22.9  23.1  23.1  23.3  22.9  23.0  23.4  23.4  23.3  23.1  23.6  24.0  24.2  24.2  25.3  25.9 
 27.1  26.0  25.8  25.6  25.5  24.8  25.4  25.1  24.6  24.2  24.1  23.7  23.4  23.0  23.6  23.5  23.3  23.2  23.5  23.1  23.4  23.3  23.6  23.6  23.5  23.5  24.5  24.8  24.7  24.7  26.9  26.6 
 27.1  26.2  25.8  26.1  25.4  24.8  25.1  25.1  24.3  24.0  23.8  24.1  23.2  23.3  23.6  23.6  23.4  23.3  23.4  23.6  23.2  23.5  23.8  23.9  23.8  24.1  25.0  25.1  25.2  25.4  26.5  27.4 
