 24.3  24.0  23.9  24.0  24.1  24.0  24.7  24.2  24.0  24.0  24.3  24.2  23.8  23.8  24.1  24.0  23.6  23.9  24.3  24.1  24.2  23.8  24.3  24.5  23.8  24.1  24.5  24.3  24.5  24.7  25.6  25.7 
 23.9  23.6  24.1  24.2  24.2  24.0  24.5  24.5  24.0  23.8  24.1  24.3  24.1  23.8  24.0  23.9  23.8  23.7  24.0  24.1  24.0  23.9  24.5  24.2  24.2  24.1  24.6  24.7  24.3  24.3  25.3  25.7 
 23.8  23.8  24.4  24.4  24.0  24.2  24.4  24.4  24.0  23.9  24.2  24.0  23.8  23.9  24.3  24.2  23.7  23.8  24.0  24.0  24.0  23.9  24.3  24.1  24.0  24.2  24.5  24.5  24.4  24.1  24.5  25.0 
 23.7  23.8  24.5  24.4  24.3  24.0  24.4  24.3  24.0  23.6  24.1  24.1  23.8  23.7  23.7  24.1  24.0  23.8  24.1  24.1  23.9  23.9  24.0  24.3  24.1  23.9  24.5  24.7  24.2  24.0  24.6  24.9 
 24.0  24.0  24.3  24.4  24.1  24.2  24.4  24.4  24.0  24.1  24.1  24.1  23.9  23.6  24.2  24.1  23.7  23.7  24.1  24.0  23.8  23.7  24.2  24.1  24.0  23.8  24.3  24.1  24.1  24.2  24.8  24.7 
 24.1  24.0  24.1  24.5  24.2  24.1  24.4  24.3  23.9  23.9  23.9  24.1  23.8  23.8  23.8  23.9  23.8  23.7  24.0  24.2  23.9  23.8  24.1  24.2  24.2  23.6  24.1  24.5  24.4  23.9  24.7  24.9 
 24.1  24.0  24.0  24.2  24.1  24.3  24.3  24.3  23.8  23.9  24.0  24.1  24.0  23.8  24.0  23.9  23.8  23.7  24.1  23.9  24.1  23.9  24.3  24.1  23.9  23.9  24.5  24.3  24.0  24.0  24.5  24.5 
 24.1  24.1  24.5  24.4  24.3  24.1  24.2  24.0  23.8  23.7  24.1  24.2  23.8  23.8  23.8  24.1  24.0  23.9  24.1  24.1  23.9  23.5  24.2  24.1  23.9  23.8  24.1  24.2  23.9  24.0  24.2  23.7 
 24.0  24.2  24.2  24.4  24.0  24.1  24.3  24.1  24.0  23.9  24.1  23.9  23.9  23.8  24.0  24.1  23.8  24.0  24.1  24.0  23.8  23.9  24.1  24.4  24.0  24.2  24.3  24.4  24.3  24.1  24.4  24.5 
 24.5  24.1  24.4  24.6  24.3  23.9  24.2  24.1  23.8  23.8  24.1  24.2  23.9  23.8  23.9  24.1  23.9  23.7  24.0  24.2  23.9  23.9  24.1  24.4  24.2  23.9  24.3  24.5  24.3  24.0  24.4  24.6 
 24.4  24.3  24.5  24.5  24.1  24.2  24.1  24.2  23.8  23.9  24.1  24.0  23.8  23.9  24.1  24.0  24.0  23.8  24.0  24.1  23.9  23.9  24.4  24.2  24.0  24.2  24.3  24.2  24.2  24.4  25.0  24.5 
 24.4  24.0  24.2  24.4  24.2  24.1  24.2  24.5  24.1  23.7  24.1  24.2  24.0  23.8  23.9  24.2  23.9  23.8  24.0  24.2  24.0  23.9  24.2 nan  24.2  23.9  24.2  24.6  24.4  24.3  24.5  25.0 
 24.2  24.2  24.5  24.3  24.2  23.9  24.4  24.1  23.8  23.9  24.1  24.0  23.9  23.8  24.1  24.0  23.8  23.9  24.2  24.1  23.9  24.0  24.3  24.2  24.2  24.0  24.6  24.4  24.4  24.7  25.3  25.1 
 24.5  24.4  24.4  24.8  24.1  23.9  24.3  24.3  23.9  23.8  24.1  24.3  24.0  23.8  24.1  24.1  24.0  23.7  24.0  24.2  24.1  23.9  24.3  24.6  24.5  24.3  24.6  24.9  25.0  24.7  25.4  25.4 
 24.2  24.5  24.4  24.4  24.1  24.2  24.4  24.2  23.8  23.9  24.1  23.9  23.9  23.8  24.1  24.0  23.9  24.1  24.2  24.3  24.4  24.6  29.8  30.9  30.9  29.8  27.6  27.1  26.7  26.3  26.7  26.3 
 24.4  24.0  24.6  24.6  24.2  23.9  24.1  24.4  23.9  23.6  24.1  24.2  24.1  23.7  24.1  24.1  23.8  23.7  24.2  24.3  25.1  28.8  45.2  47.5  44.3  39.1  30.8  29.4  27.3  27.0  27.0  26.7 
 24.5  24.9  24.4  24.4  24.3  24.1  24.3  24.2  23.9  24.0  24.0  23.9  23.9  23.9  24.1  24.0  23.9  23.9  24.3  24.5  32.1  44.7  70.3  73.4  69.6  60.6  36.3  32.7  28.9  28.4  27.9  27.0 
 24.5  24.4  24.5  24.8  24.1  24.1  24.4  24.4  24.2  23.9  24.0  24.1  24.0  23.9  24.1  24.4  24.1  23.9  24.3  24.7  34.5  48.8  74.8  77.6  71.6  61.3  36.8  33.5  29.4  28.4  27.6  27.6 
 24.6  24.4  25.1  24.8  24.2  24.3  24.4  24.5  24.0  24.1  24.2  24.0  23.9  24.0  24.3  24.2  24.1  24.3  24.3  24.6  33.5  42.5  64.9  67.7  58.9  50.1  34.8  32.4  29.3  28.7  27.9  27.9 
 24.8  24.6  24.6  25.2  24.5  23.9  24.6  24.4  24.2  23.9  24.2  24.4  24.1  23.9  24.3  24.3  24.1  24.0  24.4  25.1  31.3  36.2  51.8  53.9  46.8  41.8  33.0  31.5  28.6  28.2  28.1  28.4 
 24.8  24.9  25.1  25.1  24.3  24.2  24.5  24.4  24.3  23.8  24.1  24.3  24.0  24.0  24.4  24.3  23.9  24.2  24.7  25.4  27.3  28.6  33.2  34.2  33.6  32.5  30.8  30.0  28.3  27.9  28.4  29.5 
 24.9  24.6  24.9  24.9  24.7  24.2  24.5  24.8  24.4  24.0  24.3  24.5  24.0  23.9  24.5  24.5  24.1  24.0  24.9  25.5  26.3  26.8  30.0  30.9  31.3  30.7  29.7  29.6  28.1  27.6  29.0  30.2 
 25.6  25.3  25.1  24.9  24.3  24.4  24.8  24.6  24.2  24.3  24.3  24.4  24.2  24.1  24.3  24.5  24.1  24.3  25.3  25.2  25.4  25.8  27.7  28.5  28.8  28.8  29.0  28.4  27.5  27.9  31.7  32.1 
 25.6  24.9  24.9  25.3  24.8  24.5  24.7  24.8  24.4  24.1  24.3  24.4  24.3  24.1  24.4  24.6  24.4  24.4  25.2  25.2  25.4  25.5  27.0  27.6  28.1  27.8  28.2  28.5  27.9  28.2  31.9  33.3 
