 24.7  23.6  23.6  23.8  24.0  23.9  24.1  24.3  24.1  24.0  24.0  24.1  24.2  23.8  23.7  23.9  24.0  23.7  23.8  24.1  23.9  24.1  24.2  24.2  24.4  23.9  24.1  24.1  24.7  24.3  25.0  26.1 
 24.3  24.0  23.9  23.8  24.3  23.8  24.3  24.1  24.0  23.8  24.1  23.9  23.7  24.0  24.0  23.8  23.8  23.8  24.1  23.9  23.9  24.0  24.2  23.9  24.1  24.2  24.4  24.2  24.3  24.4  25.3  24.8 
 24.0  24.0  24.1  24.4  24.3  24.2  24.2  24.0  24.0  23.9  23.8  24.1  24.0  23.9  23.7  24.2  23.9  23.8  23.9  23.8  23.9  23.9  24.0  24.1  24.2  24.1  24.2  24.2  24.3  24.3  24.5  24.8 
 23.7  23.7  24.3  23.9  24.0  24.3  24.2  24.0  23.9  23.8  24.1  23.8  23.7  23.9  23.9  24.0  23.8  23.9  24.1  24.0  24.0  24.0  24.2  24.0  23.8  24.1  24.5  24.2  24.1  24.2  24.8  24.7 
 24.4  23.9  24.0  24.4  24.5  24.1  23.9  24.1  24.1  23.8  23.8  23.9  23.9  23.8  23.7  24.1  24.0  23.8  23.8  24.1  24.0  23.8  23.8  24.1  24.0  23.9  24.2  24.4  24.3  24.2  24.2  24.7 
 23.9  24.0  24.5  24.0  24.2  24.4  24.2  24.1  23.8  24.0  23.9  23.7  23.8  23.8  24.0  23.9  23.9  24.0  23.9  23.9  23.8  23.8  23.9  24.1  24.0  24.0  24.0  24.1  24.0  24.4  24.3  24.5 
 24.2  24.2  23.9  24.1  24.4  24.1  24.0  24.0  23.9  23.8  23.8  23.9  24.1  23.9  23.8  23.9  23.8  23.8  23.9  24.0  24.1  23.9  23.8  24.0  24.0  23.8  24.1  24.3  24.4  24.0  24.4  24.5 
 24.5  24.2  24.2  24.1  24.3  24.2  24.3  23.9  23.8  23.8  24.0  23.8  23.7  23.9  23.9  23.9  23.8  24.0  24.0  24.0  23.9  23.9  24.0  24.0  23.9  23.8  24.1  23.9  24.1  24.1  24.4  23.5 
 24.5  24.1  24.0  24.4  24.1  24.1  24.1  24.2  24.0  23.7  23.8  23.8  24.1  23.8  23.9  24.0  23.9  23.9  23.9  24.1  24.1  23.8  24.1  24.1  24.1  24.0  23.9  24.3  24.0  23.9  24.2  24.3 
 24.5  24.1  24.4  24.2  24.1  24.1  24.1  24.0  23.9  24.1  24.0  23.9  23.8  23.7  24.0  23.8  23.8  23.9  24.0  24.0  24.0  23.9  24.1  24.1  24.2  23.9  24.3  24.0  23.9  24.0  24.4  24.6 
 24.4  24.1  24.3  24.5  24.2  24.1  23.9  24.1  24.2  23.8  23.9  24.1  23.9  23.9  23.8  23.9  23.8  23.8  23.9  24.1  24.1  23.9  24.0  24.3  24.1  24.0  24.0  24.3  24.6  24.2  24.5  24.5 
 24.4  24.4  24.2  24.1  23.9  24.0  24.1  24.0  23.8  23.9  24.1  23.9  23.8  23.9  23.9  23.9  23.8  23.9  24.1  24.0  24.0  24.1  24.2 nan  24.0  23.9  24.2  24.4  24.3  24.3  24.6  24.6 
 24.5  24.3  24.1  24.4  24.0  23.9  24.1  24.2  24.0  24.1  23.8  24.0  24.0  23.9  23.9  24.1  24.0  23.8  24.0  24.1  24.2  23.9  24.0  24.3  24.3  24.2  24.4  24.7  24.6  24.4  24.9  24.9 
 24.2  24.3  24.4  24.3  24.1  24.2  24.1  23.9  23.8  23.8  23.9  24.0  24.0  24.1  24.0  23.9  24.0  23.9  24.0  24.0  24.1  24.1  24.4  24.3  24.2  24.5  24.6  24.6  25.0  25.0  25.2  25.1 
 24.3  24.2  24.0  24.6  24.2  23.9  24.3  24.3  24.1  23.8  23.9  24.2  24.0  23.8  23.9  24.0  24.0  24.0  24.0  24.2  24.5  24.9  29.7  30.9  31.0  29.8  27.5  27.2  26.5  26.3  25.9  26.2 
 24.4  24.3  24.4  24.4  24.0  24.0  24.2  23.9  23.9  24.1  24.0  23.9  23.9  24.0  24.0  24.1  23.8  24.0  24.2  24.2  25.2  29.0  45.0  47.2  44.5  39.2  30.6  28.9  27.5  27.2  26.7  26.4 
 24.5  24.6  24.3  24.4  24.4  24.0  24.0  24.2  24.1  24.0  23.8  24.1  23.8  23.7  24.0  24.0  24.0  23.9  24.1  24.4  32.0  44.5  70.0  73.2  69.6  60.5  36.0  32.6  28.9  28.4  27.2  27.1 
 24.5  24.4  24.4  24.4  24.1  24.3  24.4  24.0  24.1  23.9  24.2  23.9  23.9  24.0  23.9  23.8  23.9  23.9  24.4  24.3  34.5  49.0  74.5  77.0  71.4  61.5  36.9  33.2  29.4  28.7  27.6  27.3 
 24.6  24.4  24.7  24.7  24.2  24.3  24.1  24.6  24.2  23.9  24.0  24.1  24.0  24.0  24.1  24.2  24.3  24.1  24.1  24.6  33.6  42.6  64.8  67.8  58.9  50.0  34.4  32.4  29.5  28.5  27.6  28.1 
 24.8  24.6  24.7  24.6  24.4  24.2  24.3  24.4  24.2  23.9  24.4  24.2  24.1  24.1  24.2  24.0  24.2  24.0  24.5  25.0  31.2  36.4  51.8  53.6  46.7  42.1  32.7  31.3  28.7  28.5  27.9  27.8 
 25.2  24.9  24.6  24.9  24.6  24.4  24.2  24.5  24.3  24.1  24.1  24.3  24.2  24.0  24.1  24.3  24.2  24.0  24.7  25.5  27.5  28.6  32.9  34.0  33.6  32.5  30.5  29.9  28.3  27.7  27.7  29.3 
 24.7  25.1  24.9  24.5  24.4  24.5  24.5  24.4  24.2  24.1  24.2  24.4  24.0  24.0  24.0  24.3  24.2  24.1  24.9  25.3  26.4  27.0  30.0  30.9  30.9  30.8  30.0  29.3  27.8  27.8  29.2  29.9 
 25.6  25.0  24.7  25.1  24.6  24.4  24.5  24.6  24.3  24.2  24.4  24.5  24.5  24.0  24.3  24.3  24.4  24.1  25.0  25.2  25.5  25.6  27.6  28.5  28.9  28.6  28.7  28.4  27.9  27.9  30.2  31.2 
 25.6  25.7  24.9  25.3  24.6  24.6  24.6  24.7  24.2  24.5  24.5  24.5  24.0  24.1  24.3  24.4  24.2  24.4  25.1  25.0  25.5  25.7  27.0  27.6  27.9  27.9  28.2  28.1  27.9  28.6  31.5  32.4 
