 24.7  23.8  23.8  23.8  24.1  23.7  24.1  24.3  24.0  23.7  23.9  24.3  24.0  23.7  24.0  24.2  24.0  23.8  24.1  24.2  24.1  24.1  24.2  24.3  24.3  23.9  24.6  24.6  24.5  24.1  25.0  26.1 
 24.3  24.2  24.3  24.3  24.0  24.1  24.4  24.5  23.9  24.0  24.2  24.2  23.9  23.8  24.0  24.0  24.0  23.7  24.1  24.0  24.3  23.9  24.2  24.3  24.1  24.1  24.3  24.4  24.3  24.2  25.3  25.1 
 24.0  23.8  24.1  24.1  24.3  24.0  24.3  24.4  23.9  23.7  24.1  24.1  23.8  23.7  24.0  24.0  24.0  23.9  24.0  24.2  24.0  23.9  24.0  24.4  24.2  24.1  24.3  24.2  24.3  24.1  24.3  25.5 
 23.9  23.8  24.3  24.4  24.3  23.9  24.3  24.0  23.7  23.9  24.3  24.1  24.0  23.9  23.9  24.0  24.0  23.7  24.1  24.1  24.0  24.0  24.2  24.4  24.0  24.1  24.6  24.3  23.9  24.0  24.4  25.3 
 24.2  24.2  24.3  24.4  24.5  24.3  24.1  24.3  24.1  23.8  23.9  24.1  23.9  23.6  24.0  24.1  23.7  23.8  24.1  24.1  23.7  23.8  24.0  24.3  24.0  23.8  24.2  24.4  23.8  24.2  24.6  24.9 
 24.1  23.8  24.4  24.5  24.2  24.2  24.5  24.1  24.0  23.9  23.9  24.1  23.7  23.9  24.2  23.9  23.9  23.8  24.0  24.1  23.9  23.9  24.1  24.1  23.9  23.8  24.1  24.2  24.0  24.4  24.5  24.5 
 24.2  24.3  24.2  24.3  24.3  24.0  24.2  24.2  23.9  23.8  23.9  24.2  23.9  23.7  23.8  24.0  23.8  23.9  24.1  24.1  23.9  23.9  24.1  24.1  24.2  23.8  24.3  24.4  24.2  23.8  24.4  24.5 
 24.1  24.1  24.4  24.4  24.0  23.9  24.3  24.0  23.8  23.7  24.2  24.0  23.9  23.7  24.0  24.0  23.9  23.8  24.0  24.0  24.0  23.7  24.3  24.0  23.9  23.8  24.2  24.2  24.2  24.1  24.6  23.7 
 24.2  23.9  24.4  24.1  24.2  23.8  23.9  24.2  24.0  23.9  24.1  24.2  24.0  23.8  24.0  24.1  23.6  23.9  24.0  24.1  23.8  23.8  24.1  24.1  24.1  23.8  24.2  24.3  24.3  23.9  24.2  24.5 
 24.3  24.2  24.6  24.6  24.2  23.9  24.1  24.0  23.8  23.9  24.2  24.2  23.8  23.7  24.1  23.9  23.8  23.9  24.1  24.0  23.8  23.8  24.1  24.1  24.0  24.0  24.2  24.4  24.0  24.0  24.7  24.3 
 24.5  24.3  24.3  24.6  24.3  24.0  24.1  24.2  24.1  24.0  23.9  24.2  24.0  23.9  24.1  24.1  23.8  23.8  24.0  24.1  23.9  24.0  24.0  24.4  24.0  24.0  24.3  24.3  24.4  24.0  24.4  24.5 
 24.4  24.2  24.5  24.4  23.9  24.0  24.1  24.0  23.9  23.9  24.2  24.0  23.9  23.8  24.1  24.1  23.9  23.9  24.1  24.2  24.0  24.0  24.1 nan  24.1  23.8  24.2  24.5  24.4  24.1  24.6  24.5 
 24.5  24.2  24.3  24.8  24.1  23.9  24.2  24.3  23.9  23.8  23.8  24.2  24.1  23.9  24.0  24.1  24.0  23.9  24.2  24.1  24.2  23.8  24.3  24.4  24.2  24.1  24.6  24.6  24.6  24.4  25.0  25.4 
 24.5  24.3  24.8  24.5  24.1  24.1  24.2  24.2  23.9  23.7  24.0  24.0  23.9  23.9  24.1  24.1  23.9  23.9  24.1  24.3  24.1  24.0  24.5  24.5  24.5  24.4  25.1  24.9  24.6  24.8  25.2  25.3 
 24.3  24.4  24.3  24.5  24.3  24.1  24.2  24.2  23.9  23.7  24.1  24.2  23.9  23.7  24.0  24.0  23.8  24.0  24.2  24.2  24.5  24.8  29.8  31.1  30.6  29.9  27.6  27.2  26.5  26.4  26.2  26.3 
 24.3  24.3  24.4  24.5  24.1  24.0  24.2  24.1  24.0  23.9  24.1  24.1  24.0  24.0  24.0  24.0  24.1  24.0  24.1  24.3  25.2  28.9  45.1  47.5  44.2  39.1  31.0  29.2  27.5  27.2  26.9  26.5 
 24.5  24.4  24.5  24.5  24.1  24.0  24.3  24.4  24.0  23.9  24.0  24.2  23.9  23.9  24.1  24.2  23.9  23.9  24.5  24.5  32.1  44.7  70.1  73.2  69.6  60.4  36.4  33.1  29.1  28.1  27.7  27.3 
 24.5  24.4  24.5  24.5  24.0  23.9  24.5  24.3  24.0  24.0  24.1  23.9  23.8  24.0  24.1  24.2  24.0  23.9  24.4  24.4  34.5  48.8  74.6  77.2  71.5  61.4  37.0  33.1  29.5  28.7  27.6  27.6 
 24.8  24.3  24.8  24.8  24.3  24.2  24.3  24.6  24.3  23.9  24.2  24.1  24.0  23.9  24.1  24.5  24.1  24.0  24.5  24.9  33.4  42.5  64.9  67.8  58.9  49.9  34.6  32.5  29.5  28.2  27.8  27.9 
 24.6  24.6  24.7  25.1  24.2  24.4  24.3  24.1  24.0  24.1  24.2  24.2  24.1  23.9  24.2  24.2  24.0  24.0  24.5  25.1  31.3  36.4  51.8  54.1  46.8  41.9  33.0  31.5  28.7  28.5  28.1  28.4 
 25.0  24.3  24.8  24.9  24.4  24.4  24.5  24.7  24.3  24.1  24.3  24.2  24.1  23.8  24.2  24.3  24.0  24.1  24.5  25.7  27.3  28.6  33.3  34.2  33.6  32.5  30.8  30.2  28.3  27.7  28.4  29.5 
 24.7  25.1  25.2  24.7  24.2  23.9  24.9  24.6  23.9  24.1  24.4  24.3  24.0  24.0  24.2  24.5  24.1  24.1  24.9  25.5  26.3  27.0  30.1  30.7  31.1  31.1  30.0  29.5  27.8  27.6  29.2  31.0 
 25.6  25.3  24.7  24.9  24.4  24.2  24.5  24.8  24.3  24.2  24.3  24.4  24.2  24.1  24.4  24.4  24.2  24.1  25.1  25.4  25.4  25.7  27.9  28.5  28.9  28.8  28.7  28.6  27.5  27.7  31.0  32.1 
 25.9  25.2  25.1  24.9  24.6  24.5  24.7  24.6  24.2  24.4  24.5  24.4  24.2  24.2  24.3  24.2  24.2  24.2  25.1  25.1  25.2  25.5  27.2  27.8  27.9  27.8  28.1  28.1  28.1  28.6  31.9  32.4 
