 24.8  23.8  24.1  23.8  24.2  24.2  24.4  24.5  24.3  23.9  24.3  24.1  24.1  24.0  24.1  24.2  24.0  23.9  24.3  24.3  24.0  23.9  24.3  24.3  24.3  24.1  24.6  24.7  24.7  24.5  25.6  26.7 
 24.5  23.6  24.3  24.3  24.2  24.1  24.4  24.5  24.1  24.0  24.3  24.2  24.1  23.9  24.1  24.1  23.9  23.9  24.4  24.0  24.0  24.1  24.4  24.6  24.1  24.3  24.3  24.4  24.5  24.6  25.8  25.4 
 24.2  23.6  24.1  24.3  24.3  23.9  24.4  24.4  23.9  23.8  24.2  24.1  23.8  24.0  24.2  24.2  23.9  23.9  23.9  24.1  23.9  24.0  24.1  24.3  24.4  24.2  24.3  24.5  24.4  24.4  24.9  25.5 
 23.9  23.7  24.3  24.9  24.2  24.3  24.5  24.4  23.9  23.8  24.2  24.0  23.9  23.8  24.0  24.2  24.0  23.8  24.1  24.0  23.9  24.0  24.1  24.3  24.1  24.1  24.6  24.5  24.1  24.2  24.8  25.1 
 24.4  24.4  24.5  24.3  24.4  24.5  24.3  24.4  24.0  23.9  24.1  24.1  24.0  23.7  24.0  24.0  23.9  23.8  24.1  24.0  23.9  23.8  24.1  24.3  24.0  23.8  24.3  24.5  24.1  24.2  24.4  24.8 
 24.1  24.3  24.2  24.5  24.2  24.4  24.2  24.2  24.1  23.9  24.1  24.1  24.0  23.7  24.0  24.1  23.9  23.7  23.9  24.2  23.8  23.8  24.2  24.1  24.2  23.8  24.1  24.3  24.5  24.2  24.5  24.9 
 24.4  24.4  24.5  24.4  24.2  24.2  24.2  24.3  24.0  23.9  23.9  24.3  23.9  23.9  24.0  24.1  23.9  23.9  24.1  24.0  24.0  23.9  24.1  24.3  24.1  24.0  24.2  24.6  24.4  24.1  24.5  24.4 
 24.3  23.9  24.1  24.7  24.2  24.1  24.3  24.2  24.0  23.9  24.1  24.2  23.8  23.8  24.0  24.1  23.9  23.8  23.9  24.1  23.9  23.9  24.2  24.2  24.0  23.8  24.3  24.4  24.1  24.3  24.4  23.9 
 24.6  24.1  24.5  24.3  24.3  24.2  24.3  24.3  23.9  23.7  24.1  24.2  23.9  23.7  24.0  24.0  24.0  23.8  24.1  24.1  24.0  23.9  24.2  24.2  24.0  24.0  24.4  24.6  24.2  24.2  24.4  24.7 
 24.5  24.1  24.5  24.6  24.4  24.0  24.1  24.2  24.0  23.9  24.0  24.1  23.8  23.8  24.0  24.1  24.0  23.9  24.1  24.2  23.9  23.9  24.1  24.2  24.0  23.9  24.4  24.4  24.3  24.1  24.6  24.4 
 24.5  24.4  24.4  24.5  24.2  23.8  24.2  24.2  24.0  23.8  24.1  24.3  24.0  23.9  23.9  23.9  23.9  23.9  24.1  24.1  24.1  23.9  24.2  24.3  24.1  24.0  24.2  24.3  24.1  24.2  24.7  24.5 
 24.7  24.2  24.5  24.4  23.8  24.2  24.2  24.3  24.0  23.8  24.1  24.1  23.9  24.0  23.8  24.1  23.9  24.0  24.2  24.1  24.0  24.0  24.3 nan  24.3  24.1  24.2  24.6  24.5  24.1  24.7  25.0 
 24.5  24.4  24.5  24.6  24.1  24.1  24.3  24.1  23.9  23.9  24.1  24.1  24.0  23.9  24.0  24.1  24.0  23.8  24.1  24.2  24.0  24.1  24.4  24.5  24.3  24.3  24.6  24.8  24.6  24.6  25.0  25.4 
 24.5  24.4  24.5  24.7  24.3  24.1  24.2  24.2  24.0  23.9  24.2  24.1  24.0  23.9  24.2  24.1  23.9  24.0  24.2  24.2  24.2  24.1  24.4  24.6  24.4  24.4  24.9  25.0  25.0  24.7  25.4  25.4 
 24.4  24.5  24.4  24.6  24.3  24.2  24.2  24.2  24.0  23.9  24.1  24.2  23.9  23.9  24.2  24.2  23.9  24.0  24.3  24.3  24.4  24.9  29.8  31.2  30.8  29.8  27.6  27.3  26.7  26.3  26.2  26.2 
 24.6  24.3  24.6  24.6  24.2  24.0  24.4  24.3  23.9  24.0  24.2  24.1  23.9  23.9  24.0  24.1  24.0  23.9  24.2  24.4  25.2  28.9  45.2  47.6  44.4  39.3  30.9  29.3  27.5  27.3  26.9  26.5 
 24.7  24.4  24.6  24.4  24.4  24.1  24.2  24.4  24.1  24.0  24.1  24.3  23.9  23.9  24.2  24.2  24.0  24.0  24.4  24.4  32.2  44.7  70.3  73.3  69.7  60.6  36.4  33.0  29.1  28.3  27.4  27.2 
 24.4  24.4  24.6  24.4  24.3  24.2  24.5  24.4  24.1  23.9  24.2  24.2  24.1  24.0  24.2  24.1  24.0  24.1  24.4  24.4  34.7  49.1  74.9  77.5  71.5  61.6  37.0  33.1  29.5  28.7  27.9  28.0 
 24.8  24.6  24.9  25.0  24.5  24.6  24.6  24.6  24.2  24.1  24.3  24.2  24.1  24.0  24.3  24.3  24.4  24.0  24.5  24.8  33.6  42.6  64.9  67.9  59.0  50.0  34.8  32.7  29.6  28.7  27.9  27.7 
 24.5  24.6  24.9  24.9  24.5  24.2  24.5  24.5  24.1  24.2  24.2  24.1  24.3  24.1  24.2  24.3  24.2  24.1  24.6  25.3  31.4  36.4  52.0  54.1  46.9  42.0  33.0  31.7  29.0  28.3  28.1  28.4 
 25.0  25.0  25.3  25.1  24.4  24.1  24.6  24.4  24.4  24.0  24.5  24.5  24.2  24.1  24.4  24.4  24.0  24.1  24.7  25.5  27.2  28.7  33.1  34.3  33.7  32.8  30.7  30.3  28.1  27.9  28.8  29.6 
 25.0  24.9  25.0  24.9  24.5  24.5  24.6  24.7  24.3  24.2  24.3  24.4  24.0  23.9  24.4  24.5  24.2  24.2  25.0  25.5  26.3  26.8  30.0  31.0  31.3  31.0  30.0  29.2  28.0  27.6  29.5  30.5 
 26.1  25.1  25.1  25.1  24.6  24.6  24.8  24.7  24.6  24.1  24.5  24.5  24.2  24.0  24.5  24.7  24.3  24.1  25.3  25.3  25.6  25.8  28.0  28.6  28.9  28.8  29.0  28.4  28.1  28.0  31.0  32.1 
 26.3  25.5  25.5  25.3  24.8  24.7  24.6  24.8  24.1  24.3  24.4  24.8  24.3  24.0  24.5  24.6  24.2  24.6  25.4  25.0  25.5  25.7  27.2  27.6  28.0  28.1  28.4  28.3  28.2  28.7  31.9  32.8 
