 24.1  23.3  23.6  23.5  23.0  23.0  23.0  22.9  22.8  22.7  23.0  23.0  22.6  22.5  23.0  22.9  22.6  22.4  23.1  22.7  22.6  22.8  22.9  23.1  22.8  22.8  23.4  23.8  23.7  23.8  24.1  25.8 
 23.8  23.7  23.6  23.8  23.0  22.8  22.7  23.1  22.8  22.5  22.9  23.1  22.6  22.7  22.7  22.7  22.6  22.4  22.7  22.8  22.8  22.5  22.9  23.2  22.9  23.2  23.6  24.7  23.9  23.6  24.2  24.8 
 23.7  23.3  23.6  23.3  22.9  22.6  23.1  23.0  22.6  22.8  23.0  22.9  22.5  22.6  22.9  22.7  22.6  22.3  22.7  22.8  22.7  22.5  23.1  22.9  22.8  22.9  23.0  23.1  23.2  22.9  23.6  24.0 
 23.4  23.3  23.3  23.5  22.9  22.7  23.0  23.2  22.8  22.7  23.1  22.9  22.6  22.6  22.7  22.8  22.6  22.5  22.8  22.6  22.6  22.7  22.8  22.9  22.9  22.6  23.3  23.3  23.1  23.0  23.7  23.8 
 23.3  23.3  23.3  23.0  22.7  22.7  23.1  23.0  23.4  23.4  23.1  22.8  22.6  22.4  22.8  22.7  22.5  22.6  22.8  22.6  22.7  22.6  22.9  22.9  22.7  22.8  23.1  23.1  22.8  23.0  23.4  23.5 
 23.2  23.5  23.2  23.3  22.7  22.8  23.2  23.2  23.8  24.0  23.3  22.9  22.5  22.7  22.5  22.7  22.6  22.4  22.8  22.8  22.7  22.6  22.8  22.9  23.1  22.6  23.0  23.2  23.2  23.1  23.5  23.6 
 23.4  23.3  23.2  23.2  22.9  22.9  23.3  23.4  25.4  26.8  24.3  23.4  22.9  22.7  22.6  22.7  22.5  22.6  22.7  22.6  22.9  22.6  23.1  22.9  22.8  22.6  23.1  23.2  23.1  23.0  23.2  23.5 
 23.4  23.1  23.1  23.3  22.9  22.7  23.3  23.7  26.0  27.1  24.6  23.3  22.8  22.7  22.6  22.7  22.6  22.5  22.7  22.8  22.7  22.6  22.9  23.1  22.7  22.8  23.0  23.2  22.9  22.8  23.2  22.5 
 23.6  23.1  23.6  23.1  22.7  22.9  23.2  23.1  23.2  23.5  23.3  23.0  22.8  22.7  22.9  22.8  22.7  22.6  23.0  22.7  22.7  22.7  23.1  22.8  22.7  22.7  23.1  23.0  23.2  23.1  23.4  23.3 
 23.9  23.5  23.7  23.5  23.3  23.0  23.2  23.1  23.1  22.9  23.0  23.1  22.7  22.6  22.7  22.8  22.7  22.6  22.8  22.9  22.9  22.8  22.8  22.9  22.8  22.7  23.2  23.2  23.0  23.1  23.7  23.6 
 24.0  24.0  24.1  23.9  23.9  23.6  23.6  23.2  23.0  22.9  23.2  22.9  22.7  22.7  22.9  22.8  22.9  22.7  22.9  22.8  22.8  22.8  23.0  22.6  23.0  22.7  23.7  23.8  23.6  23.4  23.4  23.5 
 23.9  24.0  24.4  24.5  24.7  24.6  24.3  23.8  23.0  23.0  23.0  22.9  22.8  22.6  22.7  22.9  22.7  22.7  22.7  22.8  22.7  22.6  22.8 nan  22.9  22.7  24.5  25.2  24.2  23.3  23.3  23.8 
 24.7  24.5  25.6  25.8  27.2  27.8  32.8  34.9  33.2  29.4  23.4  23.2  22.7  22.7  22.9  22.9  22.8  22.7  23.0  22.7  22.7  22.6  22.9  22.9  22.9  22.7  24.1  24.8  23.7  23.0  23.7  23.7 
 24.9  25.1  26.0  26.6  28.7  30.2  41.5  48.9  53.6  47.5  24.9  23.4  22.9  22.9  22.9  22.9  22.8  22.7  22.9  22.9  22.8  22.6  22.8  23.1  22.7  22.5  23.2  23.5  23.6  23.3  23.7  23.6 
 25.3  25.4  26.9  27.6  30.7  33.9  54.8  63.3  74.8  71.6  35.1  25.9  23.0  22.8  22.8  22.7  22.8  22.6  22.9  22.8  22.7  22.8  22.8  22.8  22.9  22.8  23.1  23.0  23.2  23.2  23.8  23.4 
 25.7  25.6  27.0  27.9  30.8  34.2  53.5  62.8  78.8  79.6  37.8  26.4  23.0  22.8  22.8  22.9  22.8  22.7  22.9  23.0  22.8  22.7  22.9  23.0  22.7  22.9  23.4  23.2  23.2  22.9  23.6  24.0 
 25.4  25.5  27.0  27.2  29.9  32.1  44.5  53.5  73.6  70.8  30.6  24.6  22.9  22.7  23.0  22.8  22.7  22.7  22.9  22.8  22.8  22.6  23.0  22.8  22.9  22.7  23.4  23.3  23.0  23.4  23.7  23.6 
 25.6  25.2  26.4  27.0  28.8  29.8  37.1  42.4  54.6  50.3  26.2  23.9  23.0  22.7  23.0  22.8  22.8  22.5  22.9  23.0  22.8  22.7  22.8  23.1  23.0  22.7  23.2  23.2  23.1  23.3  23.7  24.0 
 25.7  25.5  26.6  26.8  26.8  27.3  28.8  29.8  29.9  28.3  24.1  23.4  23.0  22.9  23.1  22.9  22.9  22.9  22.9  22.9  23.0  22.7  23.1  23.0  22.9  23.0  23.3  23.3  23.3  23.2  23.5  24.0 
 25.4  25.7  26.4  26.4  26.4  26.4  27.6  27.3  27.1  26.4  23.8  23.4  22.9  23.0  23.0  23.1  22.8  22.7  23.2  23.2  23.0  22.8  23.2  23.3  22.9  23.0  23.3  23.4  23.1  23.4  24.1  24.3 
 25.6  25.2  26.0  25.7  25.7  25.7  26.0  25.7  25.5  24.7  23.8  23.5  23.2  22.9  23.1  23.2  22.8  22.9  23.1  23.0  23.0  22.9  23.4  23.5  23.2  23.2  23.5  23.5  23.9  24.2  25.6  25.3 
 25.3  25.5  25.8  25.9  25.4  25.6  25.6  25.6  24.8  24.3  23.8  23.6  23.1  23.0  23.1  23.2  22.9  22.8  23.1  23.3  23.0  23.0  23.1  23.3  23.2  23.0  23.7  24.1  24.5  25.0  26.2  26.6 
 26.8  26.0  25.6  25.6  25.1  24.7  25.2  25.0  24.5  24.4  23.9  23.6  23.6  23.1  23.4  23.3  23.1  22.9  23.4  23.1  23.2  23.1  23.4  23.4  23.6  24.0  25.3  25.8  25.9  26.2  26.9  27.7 
 26.5  25.9  25.5  25.8  25.3  24.9  24.9  24.7  24.0  23.9  23.9  23.7  23.4  23.1  23.1  23.4  23.2  23.0  23.3  23.3  23.2  23.1  23.6  23.9  24.3  24.9  26.4  27.0  26.5  26.1  26.8  28.1 
