 24.3  24.2  23.7  24.1  24.2  24.0  24.4  24.5  24.1  24.1  24.2  24.5  23.9  23.9  24.1  24.0  23.9  24.0  24.1  24.5  23.9  24.0  24.2  24.6  23.8  23.9  24.1  24.8  24.3  24.1  25.3  27.3 
 24.3  23.8  24.5  24.2  24.2  24.1  24.5  24.4  24.2  24.1  24.4  24.3  23.9  23.9  24.3  23.8  24.0  23.6  24.4  24.0  24.3  23.6  24.5  24.2  24.4  24.2  24.7  24.4  24.3  24.4  25.7  25.4 
 24.0  23.9  24.2  24.8  24.1  23.9  24.3  24.4  23.9  24.0  23.9  24.4  23.7  23.8  24.1  24.3  23.7  23.7  24.0  24.1  24.0  23.9  24.2  24.3  24.1  24.2  24.5  24.5  24.3  24.2  24.5  25.5 
 23.9  23.8  24.4  24.4  24.2  23.9  24.6  24.3  24.0  23.8  24.2  24.0  23.9  23.6  24.1  24.1  24.0  23.6  24.4  24.0  24.0  23.8  24.2  24.4  24.1  24.0  24.7  24.4  24.2  24.2  25.0  24.9 
 24.0  24.2  24.3  24.7  24.2  24.2  24.2  24.6  23.8  23.8  23.9  24.2  23.8  23.6  24.0  24.0  23.8  23.6  24.0  24.2  23.8  24.0  24.0  24.4  23.9  23.9  24.5  24.5  24.1  24.5  24.4  24.7 
 23.9  24.2  24.5  24.2  24.2  24.1  24.4  24.1  23.9  23.9  24.2  24.1  23.8  23.6  24.0  24.0  23.8  23.9  24.1  23.9  23.9  23.7  24.3  23.9  24.1  23.9  24.4  24.4  24.1  24.2  24.8  24.5 
 24.2  24.2  24.2  24.6  24.3  24.2  24.2  24.4  24.0  23.9  23.9  24.2  23.8  23.8  23.9  24.2  23.8  23.9  23.8  24.2  24.0  24.0  24.0  24.3  24.1  24.0  24.2  24.4  24.1  24.0  24.5  24.7 
 24.4  24.1  24.5  24.4  24.2  24.0  24.6  24.1  23.8  23.9  24.2  23.9  23.9  23.8  24.1  23.9  24.0  23.8  24.2  24.2  24.1  23.8  24.4  24.1  23.9  23.7  24.5  24.0  24.2  24.0  24.5  23.5 
 24.3  24.2  24.3  24.4  24.1  24.0  24.2  24.3  24.0  23.8  24.1  24.2  23.8  23.9  23.8  24.1  23.9  23.8  24.1  24.3  24.0  23.8  24.1  24.3  24.0  23.9  24.3  24.6  24.2  24.1  24.4  24.6 
 24.5  23.9  24.7  24.5  24.2  24.0  24.3  24.1  24.0  23.8  24.1  24.1  23.9  23.7  24.2  24.0  23.8  23.8  24.1  24.2  24.0  23.8  24.3  24.1  24.1  24.0  24.6  24.5  24.1  24.0  25.0  24.3 
 24.4  24.4  24.3  24.6  24.2  23.6  24.0  24.4  24.0  23.9  24.0  24.0  23.9  23.9  24.0  24.2  23.8  23.8  24.1  24.4  23.9  24.0  24.2  24.3  24.2  24.0  24.3  24.3  24.1  24.3  24.5  24.8 
 24.6  23.9  24.5  24.3  24.0  23.9  24.3  23.9  24.0  23.9  24.2  24.2  24.0  23.7  24.1  24.0  23.8  24.0  24.4  24.1  23.9  24.0  24.3 nan  24.0  23.9  24.4  24.4  24.1  24.0  24.8  24.8 
 24.3  24.2  24.1  24.7  24.1  23.9  24.1  24.4  24.0  24.0  23.9  24.2  23.9  24.0  24.0  24.2  24.0  23.9  24.1  24.3  24.1  24.1  24.4  24.5  24.1  24.1  24.4  24.9  24.6  24.5  25.0  25.4 
 24.5  24.3  24.8  24.4  24.2  24.1  24.4  24.1  23.8  23.8  24.1  24.1  24.1  23.9  24.2  24.0  23.9  23.9  24.3  24.0  24.3  23.9  24.6  24.4  24.6  24.4  25.1  24.8  25.0  24.8  25.7  25.4 
 24.3  24.5  24.3  24.9  24.2  24.1  24.0  24.5  23.9  23.8  24.1  24.3  24.0  23.9  24.0  24.3  24.1  23.8  24.1  24.5  24.4  24.8  29.6  31.3  30.7  29.9  27.5  27.4  26.5  26.4  26.2  26.5 
 24.6  24.3  24.8  24.6  24.1  23.9  24.2  24.1  23.9  23.7  24.2  23.9  24.0  24.0  24.2  24.0  24.1  23.9  24.3  24.3  25.0  28.7  45.3  47.5  44.3  39.2  30.9  29.1  27.2  27.0  27.2  26.5 
 24.4  24.5  24.4  24.7  24.3  24.2  24.2  24.5  24.0  23.9  24.0  24.3  23.9  23.8  24.1  24.2  24.0  23.8  24.3  24.5  32.1  44.6  70.2  73.6  69.7  60.6  36.0  33.0  28.9  28.1  27.5  27.5 
 24.7  24.4  24.8  24.4  24.0  24.2  24.5  24.3  23.9  23.7  24.2  24.1  23.9  23.9  24.2  24.1  24.1  23.9  24.4  24.5  34.5  48.9  74.9  77.5  71.4  61.5  37.1  33.2  29.8  28.5  28.2  27.4 
 24.6  24.8  24.7  25.1  24.4  24.6  24.4  24.8  24.1  24.1  24.3  24.4  23.9  24.0  24.2  24.5  24.2  24.2  24.3  24.9  33.5  42.6  64.9  68.0  59.1  50.1  34.8  32.5  29.5  28.5  27.8  28.4 
 24.8  24.9  24.7  24.8  24.5  24.2  24.6  24.2  24.2  23.9  24.2  24.1  24.0  24.0  24.6  24.1  24.2  23.8  24.8  25.1  31.4  36.3  52.0  53.9  46.9  42.1  33.3  31.5  28.9  28.3  28.2  28.4 
 24.8  25.0  25.3  25.0  24.3  24.5  24.3  24.8  24.3  24.0  24.1  24.5  24.1  24.1  24.3  24.5  23.8  24.1  24.4  25.6  27.4  28.8  32.9  34.2  33.7  32.9  30.7  30.3  28.1  27.7  28.2  29.8 
 25.3  25.3  25.5  24.5  24.5  24.2  25.0  24.4  24.2  24.2  24.4  24.4  24.0  24.1  24.2  24.3  24.2  24.1  25.0  25.6  26.4  26.9  30.2  30.9  31.3  30.9  30.2  29.3  27.8  27.8  29.7  30.1 
 25.8  25.3  24.9  25.4  24.7  24.5  24.5  24.9  24.2  24.2  24.2  24.7  24.1  23.9  24.4  24.5  24.4  24.3  25.1  25.3  25.5  25.8  27.5  28.5  28.8  28.9  28.7  28.5  27.7  27.9  30.6  33.7 
 26.2  25.7  25.3  24.9  24.8  24.6  25.0  24.5  24.2  24.2  24.8  24.7  24.3  24.1  24.4  24.4  24.2  24.1  25.4  25.3  25.2  25.6  27.2  27.6  27.9  27.9  28.4  28.6  27.9  28.9  32.3  32.3 
