 24.5  23.4  23.9  23.8  24.2  24.0  24.6  24.5  24.0  23.7  24.1  24.1  23.9  23.7  24.1  24.0  23.8  23.8  24.3  24.2  23.9  23.9  24.2  24.7  24.1  23.8  24.3  24.8  24.5  24.1  25.3  26.4 
 24.3  23.8  24.1  24.3  24.2  24.1  24.5  24.5  23.8  23.6  24.3  24.1  23.9  23.9  24.2  24.0  23.9  23.9  24.0  24.2  24.0  24.0  24.4  24.2  24.1  24.1  24.4  24.6  24.1  24.6  25.5  25.7 
 24.2  23.8  24.1  24.5  24.6  23.9  24.3  24.4  23.9  23.8  23.8  24.0  23.7  23.7  24.0  24.2  23.9  23.7  23.9  24.0  24.0  23.8  23.9  24.4  24.2  23.9  24.5  24.7  24.7  24.3  24.7  25.3 
 23.9  23.8  24.5  24.6  24.0  24.3  24.6  24.2  24.0  23.7  24.3  24.0  23.7  23.8  24.1  24.0  23.9  23.8  24.1  24.0  23.9  24.0  24.3  24.1  24.2  24.0  24.5  24.1  23.9  24.0  25.0  24.9 
 24.2  24.0  24.3  24.4  24.0  24.2  24.3  24.5  24.1  23.7  24.0  24.0  23.8  23.7  24.0  23.9  23.9  23.8  24.0  24.1  23.9  23.7  24.0  24.3  24.0  23.9  24.5  24.5  24.0  24.2  24.4  24.9 
 24.1  24.2  24.5  24.3  24.1  24.2  24.4  24.3  23.9  23.9  23.9  24.0  23.8  23.8  24.0  23.9  23.8  23.7  24.1  24.0  23.9  23.7  24.1  23.9  24.0  23.8  24.3  24.1  24.0  24.1  24.8  24.7 
 24.0  24.0  24.3  24.3  24.1  24.1  24.3  24.3  23.9  23.8  24.1  24.2  23.9  23.6  24.0  24.1  23.9  23.9  24.0  24.0  23.9  23.9  23.9  24.2  24.0  23.6  24.3  24.5  24.1  24.0  24.0  24.5 
 23.8  24.4  24.4  24.4  24.1  23.9  24.3  24.2  23.9  23.9  24.1  24.1  23.9  23.8  23.9  23.9  23.9  23.8  24.0  23.9  24.0  23.9  24.1  24.2  23.9  24.0  24.2  24.3  23.9  24.1  24.6  23.5 
 24.5  24.1  24.4  24.5  24.2  23.9  24.3  24.3  23.9  23.8  24.0  24.1  23.9  23.8  24.0  24.0  23.9  23.9  24.1  24.0  24.0  23.8  24.1  24.2  24.1  24.1  24.4  24.4  24.2  24.1  24.2  24.7 
 24.3  24.1  24.3  24.3  24.0  24.2  24.1  24.0  23.9  23.9  24.1  24.1  23.7  23.7  23.9  24.0  23.8  24.0  24.0  24.1  23.7  23.7  24.3  24.2  24.1  23.8  24.5  24.4  24.2  24.1  24.7  24.4 
 24.5  24.3  24.5  24.5  24.2  23.8  24.3  24.1  23.9  23.9  24.1  24.2  23.9  23.8  23.8  24.1  23.8  23.9  24.1  24.1  23.9  24.2  24.2  24.4  24.0  24.0  24.3  24.4  24.1  24.2  24.4  24.7 
 24.2  24.2  24.4  24.6  23.9  23.8  24.2  24.2  23.8  23.9  24.2  24.2  23.8  23.7  24.1  24.1  23.8  23.9  24.0  24.2  24.0  24.1  24.3 nan  23.8  24.2  24.4  24.4  24.1  24.0  24.7  25.1 
 24.5  24.2  24.5  24.5  24.2  23.9  24.3  24.3  23.9  23.8  24.0  24.1  23.9  23.9  24.0  24.0  24.1  23.8  24.2  24.1  24.0  24.0  24.4  24.4  24.1  24.1  24.3  24.6  24.4  24.6  25.0  25.4 
 24.1  24.4  24.4  24.6  24.2  24.2  24.4  24.2  23.9  23.7  23.9  24.1  24.0  23.9  24.1  24.0  23.8  23.9  24.2  24.3  24.0  24.0  24.6  24.3  24.4  24.3  24.9  25.1  24.9  25.0  25.5  25.4 
 24.2  24.2  24.3  24.6  24.3  24.0  24.3  24.2  24.0  23.9  24.1  24.3  24.0  23.9  24.0  23.9  23.9  23.9  24.2  24.4  24.5  24.8  29.9  31.1  30.7  29.9  27.5  27.3  26.5  26.1  25.9  26.4 
 24.3  24.1  24.6  24.6  24.0  24.1  24.3  24.2  24.0  23.9  24.2  24.2  23.9  23.8  24.1  24.0  24.1  23.9  24.2  24.1  25.2  29.0  45.3  47.4  44.4  39.1  30.9  29.2  27.6  27.2  27.0  26.4 
 24.5  24.1  24.5  24.5  24.4  23.9  24.2  24.5  23.9  24.1  24.0  24.2  23.9  23.7  24.0  24.0  23.9  23.7  24.2  24.6  32.1  44.5  70.2  73.4  69.6  60.6  36.3  33.0  28.8  28.2  27.5  27.0 
 24.5  24.4  24.7  24.7  24.0  24.2  24.4  24.4  24.1  23.9  24.2  24.2  23.7  23.9  24.1  24.1  23.9  23.9  24.4  24.5  34.5  49.0  74.6  77.2  71.4  61.4  37.2  33.4  29.2  28.4  27.6  27.3 
 24.8  24.4  24.8  24.9  24.6  24.2  24.3  24.6  24.0  23.9  24.2  24.1  23.9  23.9  24.2  24.4  24.0  24.1  24.3  24.8  33.3  42.5  64.8  67.8  58.9  49.8  34.7  32.7  29.3  28.5  27.9  28.3 
 24.8  24.4  24.8  24.9  24.4  24.1  24.6  24.5  24.1  23.9  24.4  24.1  24.0  24.1  24.4  24.3  24.1  24.0  24.6  25.2  31.4  36.5  51.8  53.9  46.8  41.9  33.1  31.4  28.9  28.3  28.2  28.4 
 24.8  24.5  25.1  24.7  24.6  24.4  24.5  24.7  24.3  24.1  24.2  24.4  24.1  23.8  24.3  24.2  23.9  24.3  24.7  25.7  27.2  28.6  33.2  34.4  33.7  32.5  30.8  30.5  28.0  27.9  28.8  29.5 
 25.2  25.1  25.2  24.7  24.2  24.4  24.5  24.6  24.0  24.1  24.4  24.4  23.9  24.0  24.1  24.4  24.1  24.0  25.1  25.3  26.1  26.9  30.0  30.9  31.2  31.1  30.0  29.3  27.8  27.8  29.2  30.4 
 25.8  25.3  24.9  25.2  24.4  24.1  24.3  24.5  24.3  24.1  24.4  24.5  24.1  24.0  24.4  24.5  24.4  24.3  25.3  25.4  25.4  25.8  27.6  28.5  28.8  28.8  28.4  28.7  27.7  27.7  30.9  32.1 
 25.9  25.2  25.1  25.3  24.5  24.6  24.7  24.7  24.1  24.2  24.6  24.7  24.3  24.1  24.4  24.5  24.3  24.2  25.3  25.1  25.4  25.6  27.2  27.7  27.9  27.9  28.4  28.3  27.7  28.6  31.5  32.8 
