 25.0  24.0  23.9  23.8  24.2  24.0  24.3  24.5  24.1  23.8  24.1  24.1  23.8  23.8  23.9  24.0  23.9  23.9  23.9  23.9  24.0  23.9  24.1  24.0  24.1  23.9  24.3  24.3  24.9  24.1  25.3  25.7 
 24.3  24.0  24.1  24.2  24.3  24.3  24.4  24.4  23.9  24.0  24.3  24.1  23.9  23.8  23.8  24.0  24.0  23.8  24.0  24.0  23.9  24.0  24.1  24.2  24.2  24.1  24.3  24.7  24.3  24.4  24.8  25.4 
 23.8  23.8  24.1  24.3  24.4  23.9  24.4  24.3  23.9  23.8  23.8  23.8  24.0  23.8  24.0  23.8  24.1  23.9  23.9  24.0  24.1  23.9  24.0  24.0  24.2  24.2  24.2  24.2  24.2  24.4  24.1  24.4 
 23.7  23.8  24.1  24.3  24.3  24.0  24.2  24.3  23.8  23.7  24.0  23.9  23.7  23.7  23.9  24.0  23.9  23.9  23.9  24.1  23.9  24.1  24.1  24.3  23.8  24.1  24.4  24.3  24.2  24.0  24.8  25.1 
 24.0  24.2  24.2  24.1  24.2  24.2  24.1  24.0  24.2  24.0  24.0  24.0  23.9  23.9  24.0  23.9  23.8  23.8  23.9  23.8  23.9  24.0  24.0  24.0  24.1  23.9  24.2  24.2  24.3  24.2  24.2  24.6 
 24.2  24.0  24.1  24.3  24.2  24.2  24.3  24.3  24.0  24.0  23.9  23.9  23.8  23.9  23.9  24.0  23.7  23.7  23.9  24.0  23.8  23.7  23.8  24.1  24.0  23.8  24.3  24.1  24.2  24.2  24.5  24.7 
 24.2  24.0  24.2  24.2  24.3  24.0  24.1  24.1  24.0  23.8  23.9  24.0  23.9  23.8  23.8  23.8  23.8  23.8  24.0  23.7  24.0  23.9  23.9  24.1  24.0  23.7  24.2  24.0  24.2  23.8  24.4  24.2 
 24.1  24.1  24.1  24.3  24.1  24.3  24.0  24.2  24.0  23.8  24.1  23.9  23.7  24.0  23.8  24.1  23.9  23.7  24.0  24.0  23.8  24.0  24.0  24.1  24.0  23.8  23.9  24.1  24.1  24.0  24.1  23.7 
 24.6  24.2  24.4  24.0  24.1  23.9  24.1  24.0  24.0  23.7  24.1  24.0  24.0  23.8  23.9  23.9  23.9  23.9  24.0  24.0  24.2  23.7  24.1  24.0  24.0  24.0  24.3  24.0  24.3  24.1  24.4  24.5 
 24.5  24.2  24.7  24.5  24.2  23.9  24.0  24.0  24.0  24.0  23.9  24.0  23.7  23.8  23.9  24.0  23.9  24.0  23.9  24.1  23.9  23.8  24.1  24.1  24.2  23.9  24.2  24.1  24.0  24.1  24.4  24.4 
 24.5  24.1  24.1  24.3  24.2  24.1  24.0  23.9  24.0  23.9  24.0  24.0  24.0  24.0  23.9  24.0  23.9  23.9  24.0  24.0  24.0  24.0  24.2  24.2  24.0  24.0  24.0  24.2  24.2  24.3  24.4  24.5 
 24.4  24.2  24.5  24.2  23.9  24.0  24.1  24.0  24.0  23.9  24.1  24.0  23.9  23.9  23.9  23.9  23.9  24.0  24.0  24.1  24.0  23.8  24.1 nan  23.9  24.0  24.2  24.5  24.4  24.0  24.5  24.8 
 24.6  24.2  24.5  24.4  24.2  23.9  24.2  24.0  23.9  23.9  23.8  24.0  23.9  23.9  24.0  24.0  24.1  23.8  24.2  23.9  24.1  23.9  24.0  24.2  24.2  24.0  24.4  24.4  24.6  24.4  25.0  24.9 
 24.4  24.3  24.4  24.5  24.2  24.0  24.1  24.2  23.9  23.9  23.9  24.0  24.0  23.9  24.0  24.0  23.9  24.0  24.2  24.3  24.1  24.0  24.3  24.4  24.4  24.5  24.6  24.8  25.0  24.8  25.5  25.1 
 24.5  24.2  24.6  24.4  24.3  24.0  24.2  24.0  24.1  23.7  23.9  24.2  24.1  23.8  24.0  24.1  24.1  23.8  24.1  24.1  24.4  24.8  29.7  31.0  30.9  29.7  27.1  27.1  26.7  26.4  25.9  26.0 
 24.3  24.0  24.4  24.4  24.1  24.0  24.1  24.2  23.8  23.7  23.9  24.0  23.9  24.0  23.9  24.1  23.9  23.9  24.1  24.2  25.2  28.9  45.0  47.5  44.5  39.2  30.5  29.1  27.5  27.2  26.5  26.5 
 24.4  24.4  24.5  24.3  24.4  24.1  24.3  24.3  24.1  24.0  23.8  24.0  23.9  23.9  23.9  23.9  23.8  23.8  24.1  24.3  32.3  44.6  70.3  73.3  69.7  60.4  36.1  32.7  29.1  28.3  27.2  27.3 
 24.7  24.2  24.5  24.5  24.1  24.1  24.3  24.3  24.0  24.0  24.0  24.0  23.9  23.9  24.1  24.0  24.1  23.9  24.1  24.6  34.6  48.8  74.8  77.4  71.5  61.4  36.9  33.1  29.4  28.7  27.6  27.4 
 24.8  24.3  24.5  24.6  24.4  24.2  24.1  24.3  24.1  24.1  24.0  24.1  23.9  24.0  24.1  24.1  24.2  24.0  24.3  24.7  33.6  42.5  64.7  67.8  58.9  50.0  34.6  32.1  29.6  28.3  27.6  27.7 
 24.8  24.6  24.9  24.9  24.4  24.0  24.5  24.4  24.1  23.9  24.2  24.1  23.9  24.1  24.2  24.0  24.1  24.0  24.5  24.9  31.3  36.2  51.8  53.9  46.8  41.9  32.9  31.4  28.7  28.3  27.9  27.8 
 25.2  24.7  24.8  24.7  24.4  24.4  24.3  24.4  24.2  24.1  24.1  24.1  24.2  24.0  24.0  24.2  24.1  24.2  24.6  25.5  27.4  28.4  33.1  34.2  33.8  32.5  30.8  30.0  28.4  27.9  28.0  29.0 
 25.1  24.9  24.7  24.7  24.5  24.4  24.3  24.6  24.1  24.2  24.3  24.2  24.2  24.1  24.3  24.2  24.0  24.2  24.9  25.6  26.1  27.0  29.8  30.7  31.2  31.1  29.7  29.3  27.6  27.8  29.4  30.5 
 25.3  25.0  24.9  24.7  24.9  24.2  24.3  24.5  24.5  24.2  24.3  24.4  24.5  24.1  24.3  24.4  24.5  24.3  25.0  25.2  25.4  25.8  27.6  28.3  29.0  28.8  28.7  28.6  27.7  27.7  31.0  31.2 
 26.2  25.4  25.1  25.1  24.9  24.2  24.9  24.3  24.1  24.4  24.2  24.4  24.1  24.1  24.3  24.3  24.2  24.1  25.2  25.1  25.4  25.7  27.2  27.6  27.8  28.1  28.2  28.1  28.1  28.4  31.9  32.4 
