 23.7  23.3  23.5  23.3  23.1  22.7  23.0  22.9  22.7  22.4  22.8  22.9  22.6  22.5  22.8  23.0  22.6  22.4  22.5  22.8  22.4  22.6  23.0  23.1  22.6  22.7  23.1  23.3  23.0  23.4  24.4  25.0 
 23.6  23.2  23.2  23.7  22.9  22.8  22.9  23.1  22.6  22.7  22.9  23.0  22.7  22.6  22.8  22.8  22.6  22.3  23.0  22.7  22.6  22.3  22.9  23.0  22.5  22.7  23.1  22.9  23.1  23.2  24.2  24.6 
 23.3  23.1  23.8  23.3  22.9  22.5  22.8  22.8  22.7  22.5  22.9  23.2  22.5  22.5  22.7  22.8  22.5  22.5  22.6  22.7  22.4  22.4  22.7  22.8  22.9  22.7  23.2  23.5  23.2  23.1  23.7  24.1 
 23.4  23.3  23.3  23.4  22.9  22.4  23.0  23.0  22.9  22.5  23.0  22.8  22.5  22.3  22.6  22.5  22.6  22.2  22.8  22.8  22.7  22.5  23.0  22.7  22.4  22.5  23.2  23.2  23.2  23.4  23.4  23.9 
 23.2  23.2  22.9  23.1  22.8  22.6  23.0  23.1  23.0  23.2  23.7  23.1  22.5  22.3  22.5  22.6  22.5  22.5  22.4  22.8  22.7  22.5  22.5  22.9  22.7  22.6  23.0  23.0  23.0  23.3  23.4  23.7 
 23.0  22.9  23.1  22.9  22.8  22.6  23.0  22.9  23.2  23.7  25.0  23.7  22.5  22.5  22.7  22.7  22.5  22.4  22.7  22.7  22.5  22.5  22.9  22.7  22.9  22.6  23.0  23.0  23.2  22.9  23.4  23.3 
 23.2  23.2  23.2  23.0  22.7  22.6  22.7  22.9  23.3  24.2  26.6  24.4  22.6  22.4  22.7  22.8  22.4  22.5  22.8  22.7  22.4  22.5  22.7  22.9  22.6  22.6  23.0  23.2  22.7  22.7  23.0  23.3 
 23.1  23.0  23.1  22.9  22.8  22.5  22.9  22.9  22.9  22.8  23.8  23.0  22.5  22.4  22.7  22.8  22.6  22.5  22.6  22.7  22.5  22.6  22.7  22.8  22.8  22.7  23.1  23.0  22.8  22.9  23.1  22.5 
 23.2  22.9  23.1  23.4  22.7  22.8  22.9  22.9  22.7  22.6  22.7  22.8  22.5  22.6  22.6  22.7  22.5  22.4  22.7  22.8  22.6  22.5  22.7  22.9  22.7  22.7  22.9  22.9  22.7  22.7  23.1  23.1 
 23.5  23.0  23.5  23.4  23.2  22.8  23.1  22.9  22.7  22.6  22.8  22.8  22.4  22.5  22.7  22.5  22.5  22.5  22.9  22.8  22.5  22.5  22.8  22.8  22.7  22.4  23.0  22.9  22.7  22.6  23.2  23.1 
 24.2  23.9  24.4  24.7  24.4  24.2  23.7  23.5  22.9  22.6  22.8  22.8  22.6  22.5  22.6  22.8  22.6  22.5  22.7  22.7  22.5  22.6  22.7  22.9  22.5  22.4  22.9  22.6  22.8  22.9  22.9  23.3 
 24.3  24.3  25.0  25.4  25.4  25.3  24.9  24.4  22.9  22.8  22.9  22.9  22.6  22.5  22.7  22.7  22.6  22.5  22.8  23.0  22.6  22.4  22.6 nan  22.5  22.4  22.8  22.9  22.8  22.5  23.2  23.5 
 25.5  25.2  26.1  26.8  28.3  29.3  37.9  41.9  39.6  33.6  23.5  23.1  22.7  22.6  22.7  22.8  22.8  22.4  22.7  22.8  22.5  22.4  22.7  22.8  22.6  22.6  23.0  23.3  22.8  22.8  23.1  23.1 
 25.3  25.7  26.9  27.3  29.8  32.3  47.5  54.2  58.6  51.4  24.8  23.3  22.7  22.6  22.8  22.6  22.6  22.4  22.8  22.8  22.5  22.3  22.9  22.8  22.6  22.6  23.5  23.7  23.4  22.8  23.1  23.6 
 25.8  26.1  27.8  28.5  32.4  36.4  57.2  66.3  77.4  73.1  30.4  24.7  22.8  22.7  22.9  23.0  22.7  22.5  22.9  22.8  22.4  22.5  22.8  22.9  22.4  22.8  24.8  24.7  23.1  23.1  23.5  23.4 
 25.7  25.8  27.7  28.5  32.4  36.4  56.9  68.6  87.0  81.8  30.0  24.5  22.8  22.8  22.9  22.7  22.7  22.5  22.8  22.5  22.5  22.7  22.9  22.8  22.7  22.6  24.0  23.9  23.3  23.1  23.6  23.6 
 25.6  25.8  27.5  27.9  29.7  31.4  45.2  55.3  67.1  56.4  25.2  23.6  23.0  22.7  22.8  22.9  22.5  22.7  22.8  22.9  22.8  22.6  22.8  22.7  22.7  22.6  23.1  23.5  22.9  22.9  23.4  23.6 
 25.8  26.0  27.2  27.2  28.5  29.3  37.4  42.4  45.8  38.5  23.9  23.5  22.9  22.7  22.9  22.9  22.6  22.7  22.9  22.9  22.7  22.4  22.8  23.0  22.8  22.6  23.1  23.4  22.7  23.1  23.7  23.7 
 26.0  25.8  26.9  26.8  26.9  27.1  28.6  29.2  27.7  26.0  23.6  23.3  22.8  22.8  22.9  22.9  22.9  22.7  23.0  23.0  22.7  22.6  23.0  23.1  22.8  22.8  23.0  23.5  23.4  23.1  23.9  24.0 
 25.8  25.7  26.6  26.4  26.3  26.5  27.5  27.4  26.1  25.1  23.7  23.5  23.1  23.0  23.2  23.1  22.8  22.6  23.2  22.8  22.8  22.6  23.1  23.0  23.1  22.8  23.0  23.3  23.0  23.1  23.9  23.9 
 25.7  25.9  26.5  26.1  25.7  25.6  26.0  26.1  25.0  24.1  23.5  23.6  23.1  23.0  23.2  23.3  22.8  22.8  23.0  23.4  22.8  22.8  23.3  23.5  23.0  23.0  23.7  23.5  22.9  23.2  24.1  24.4 
 25.9  25.7  26.3  26.1  25.5  25.4  25.6  25.8  24.4  24.2  23.6  23.6  23.0  22.9  23.1  23.2  23.1  22.7  23.2  23.2  22.7  22.7  23.2  23.2  22.9  23.1  23.6  23.8  23.5  23.2  24.9  25.7 
 26.5  26.6  26.4  25.9  25.3  24.6  25.2  24.8  24.0  24.0  23.5  23.7  23.4  23.0  23.1  23.4  23.3  22.8  23.2  23.2  23.1  22.9  23.4  23.7  23.3  23.0  24.1  24.1  24.3  23.8  26.2  26.1 
 26.7  26.4  25.7  25.5  25.0  24.7  24.8  24.8  23.8  23.8  23.8  23.6  23.3  23.4  23.5  23.2  23.1  22.9  23.5  23.2  23.3  22.9  23.4  23.4  23.3  23.4  24.3  24.8  24.5  24.6  25.7  27.2 
