 24.8  24.0  24.1  24.0  24.1  24.3  24.7  24.6  24.0  23.9  24.3  24.4  24.1  23.9  24.1  24.2  24.0  23.8  24.2  24.2  24.0  23.9  24.3  24.5  24.3  24.0  24.5  24.5  24.5  24.3  25.3  26.7 
 24.1  24.2  24.0  24.3  24.0  24.1  24.4  24.5  24.2  23.9  24.2  24.3  24.0  23.8  24.3  24.1  23.9  24.0  24.1  24.1  24.3  23.8  24.1  24.3  24.0  24.1  24.4  24.4  24.5  24.3  25.1  25.4 
 24.2  24.1  24.4  24.6  24.4  24.3  24.4  24.3  24.0  23.8  23.8  24.1  24.0  23.8  23.9  24.3  23.9  23.9  24.2  24.1  24.1  24.0  24.2  24.2  24.2  24.2  24.3  24.4  24.4  24.3  24.9  24.9 
 23.7  23.7  24.1  24.4  24.3  24.0  24.3  24.3  23.9  23.8  24.2  24.0  24.0  23.9  24.2  24.0  24.0  23.9  24.3  24.1  23.9  23.9  24.2  24.2  24.2  24.0  24.6  24.5  24.4  24.2  24.8  25.1 
 24.0  24.4  24.3  24.3  24.3  24.2  24.4  24.4  24.2  24.0  23.8  24.0  23.9  23.9  24.1  23.9  23.7  23.8  24.1  24.0  23.8  23.8  24.0  24.1  23.9  23.9  24.3  24.5  24.3  24.0  24.4  24.4 
 24.2  24.0  24.5  24.5  24.0  24.4  24.4  24.2  24.0  23.9  24.0  24.2  23.8  24.0  24.0  24.1  24.0  23.8  24.2  24.1  24.0  23.8  24.1  24.1  24.2  24.0  24.4  24.3  24.2  24.4  24.7  24.9 
 24.1  24.2  24.3  24.4  24.3  24.4  24.3  24.3  24.1  23.9  23.9  24.2  23.8  23.9  24.0  24.1  23.9  24.0  24.0  24.2  24.1  23.8  24.1  24.0  23.9  23.9  24.1  24.3  24.1  24.1  24.4  24.7 
 24.3  24.1  24.6  24.4  24.2  24.2  24.4  24.0  24.1  23.8  24.1  24.0  23.9  23.8  23.9  24.1  24.1  23.9  23.9  23.9  24.0  23.8  24.1  24.1  24.0  23.9  24.1  24.3  24.1  24.1  24.4  23.9 
 24.5  24.4  24.5  24.4  24.1  24.2  24.1  24.2  23.9  23.8  24.1  24.1  23.8  23.9  24.0  24.2  23.9  24.0  24.0  24.1  24.0  23.9  24.2  24.2  23.9  23.9  24.4  24.1  23.9  24.1  24.4  24.7 
 24.4  24.4  24.6  24.5  24.2  24.1  24.4  24.2  23.9  23.9  24.3  24.1  23.9  23.8  23.9  23.9  23.9  23.9  24.1  24.1  24.0  24.0  24.1  24.2  24.2  24.2  24.4  24.4  23.9  24.0  24.5  24.8 
 24.5  24.6  24.6  24.3  24.0  24.2  24.0  24.1  24.0  23.9  24.1  24.3  24.1  23.9  24.1  24.0  23.9  23.9  24.1  24.2  24.0  23.9  24.3  24.3  24.1  24.0  24.4  24.6  24.4  24.0  24.4  24.8 
 24.5  24.1  24.4  24.4  24.1  24.2  24.3  24.3  23.9  23.9  24.2  24.2  23.9  23.9  23.9  24.0  23.8  23.8  24.1  24.2  24.0  24.0  24.3 nan  24.0  24.0  24.0  24.4  24.2  24.4  24.7  24.8 
 24.7  24.2  24.5  24.5  24.2  23.9  24.2  24.3  24.0  23.9  24.2  24.1  24.0  23.8  24.0  24.1  24.1  24.0  24.3  24.3  24.1  24.0  24.3  24.5  24.2  24.3  24.6  24.6  24.5  24.6  25.4  25.3 
 24.2  24.4  24.5  24.3  24.1  24.1  24.3  24.2  24.0  23.9  24.1  24.2  24.0  24.0  24.2  24.2  24.0  24.0  24.1  24.1  24.1  24.1  24.5  24.4  24.3  24.3  24.7  25.0  24.8  25.0  25.4  25.3 
 24.5  24.2  24.3  24.6  24.3  24.2  24.5  24.3  24.1  23.9  24.2  24.3  24.1  23.9  24.1  24.1  24.1  23.8  24.2  24.3  24.5  24.8  29.8  31.0  30.9  29.9  27.6  27.6  26.4  26.6  26.6  26.5 
 24.6  24.3  24.4  24.4  24.2  24.3  24.3  24.4  23.9  24.1  24.2  24.2  23.8  23.9  24.0  24.1  23.8  24.1  24.2  24.2  25.3  28.9  45.1  47.3  44.4  39.2  30.7  29.3  27.7  27.3  26.7  26.9 
 24.7  24.4  24.7  24.6  24.3  24.1  24.2  24.4  24.0  23.9  24.0  24.2  23.9  23.9  24.1  24.2  24.0  24.0  24.5  24.4  32.0  44.5  70.3  73.4  69.6  60.4  36.2  32.7  29.1  28.3  27.6  27.5 
 24.5  24.4  24.8  24.5  24.1  24.1  24.5  24.3  24.0  24.0  24.1  23.9  24.1  23.9  24.3  24.2  24.1  24.0  24.4  24.6  34.5  49.0  74.8  77.4  71.6  61.5  37.0  33.1  29.5  28.6  27.7  27.4 
 24.8  24.8  25.0  25.0  24.2  24.2  24.6  24.7  24.1  24.0  24.2  24.1  24.1  24.0  24.3  24.3  24.1  24.2  24.4  24.8  33.4  42.6  65.0  67.7  58.9  49.9  34.7  32.5  29.5  28.5  28.1  28.1 
 24.8  24.6  24.9  25.2  24.8  24.2  24.5  24.4  24.0  24.1  24.3  24.1  24.2  24.1  24.1  24.1  24.0  24.0  24.5  25.1  31.3  36.4  51.8  54.0  47.0  41.9  33.2  31.7  28.9  28.5  28.1  28.6 
 24.4  24.9  25.0  25.1  24.4  24.4  24.4  24.4  24.1  24.3  24.4  24.4  24.2  24.0  24.3  24.3  24.2  24.1  24.8  25.6  27.2  28.9  33.4  34.3  33.6  32.6  30.8  30.3  28.1  27.9  28.8  29.8 
 25.0  24.9  24.9  24.9  24.7  24.2  24.6  24.6  24.2  24.2  24.3  24.5  24.2  24.2  24.3  24.6  24.2  24.1  25.1  25.6  26.3  26.9  30.1  30.8  31.3  31.2  29.9  29.5  27.8  27.8  29.2  30.8 
 25.6  25.1  25.1  25.3  24.6  24.4  24.6  24.8  24.5  24.2  24.5  24.5  24.1  24.1  24.4  24.6  24.4  24.2  25.5  25.4  25.4  25.7  27.7  28.6  28.9  28.9  29.0  28.7  27.9  28.4  31.3  32.5 
 26.0  25.4  25.3  25.3  24.9  24.6  24.6  24.6  24.5  24.5  24.6  24.6  24.2  24.2  24.5  24.4  24.3  24.3  25.4  25.2  25.4  25.7  27.3  27.9  28.1  28.1  28.2  28.3  28.4  28.4  31.9  32.8 
