 24.3  24.0  23.9  24.2  24.1  24.0  24.3  24.3  24.2  23.7  24.0  24.2  23.9  23.7  24.0  24.1  23.9  23.8  24.0  24.3  24.2  23.8  24.1  24.6  23.8  24.0  24.3  24.6  24.5  24.3  25.3  26.7 
 24.1  23.8  24.3  24.0  24.3  24.1  24.7  24.4  23.9  23.9  24.3  24.2  23.8  23.8  24.3  23.9  23.7  23.9  24.1  24.0  23.8  24.0  24.2  24.3  24.0  24.4  24.4  24.4  24.3  24.3  25.8  25.4 
 24.0  24.0  24.6  24.6  24.3  23.9  24.3  24.4  24.0  23.7  24.0  24.1  23.8  23.8  24.0  24.2  23.9  23.9  23.9  24.3  24.0  23.8  24.1  24.4  24.1  23.9  24.3  24.4  24.4  24.3  24.7  24.8 
 23.7  23.8  24.5  24.3  24.2  24.0  24.6  24.2  23.8  23.7  24.1  23.9  23.7  23.6  24.2  24.0  23.9  23.7  24.2  23.9  24.0  24.1  24.1  24.0  23.9  23.8  24.6  24.3  24.2  24.2  25.0  24.9 
 23.9  23.9  24.0  24.8  24.3  24.2  24.2  24.6  24.0  23.7  24.1  24.0  23.7  23.8  24.0  24.3  23.8  23.6  23.9  24.0  23.9  23.8  23.8  24.1  24.0  23.8  24.3  24.5  24.1  24.2  24.6  24.9 
 23.9  24.2  24.4  24.5  24.2  24.3  24.4  24.2  23.9  23.9  24.0  23.9  23.8  23.8  24.1  24.1  23.9  23.7  24.2  24.0  23.7  23.7  24.2  24.1  23.9  23.8  24.4  24.1  24.0  24.1  24.8  24.2 
 24.2  24.2  23.9  24.4  23.9  24.1  23.9  24.2  23.9  23.8  23.9  24.2  23.8  23.7  23.9  24.1  23.7  23.8  23.8  24.1  23.8  23.9  23.9  24.2  23.9  23.7  24.2  24.4  24.1  24.0  24.2  24.7 
 24.2  23.9  24.5  24.3  24.1  24.1  24.4  24.0  23.8  23.9  24.1  24.0  23.8  23.7  24.0  24.1  23.9  23.7  23.9  24.0  24.0  23.9  24.0  23.9  23.9  23.9  24.3  24.1  24.0  24.0  24.4  23.7 
 24.5  24.2  24.3  24.5  23.8  24.1  24.1  24.3  23.8  23.7  24.0  24.3  23.8  23.7  24.0  24.2  23.8  23.8  24.1  24.3  24.0  23.9  24.1  24.2  24.0  23.8  24.3  24.4  23.9  23.9  24.4  24.7 
 24.4  24.1  24.6  24.4  24.2  24.1  24.4  24.0  23.9  23.7  24.2  24.0  23.8  23.7  24.1  24.0  23.8  23.7  24.1  24.1  24.0  23.8  24.2  24.2  24.0  23.9  24.4  24.3  23.8  23.9  24.5  24.4 
 24.2  24.3  24.4  24.5  24.1  24.0  23.8  24.2  23.8  23.7  24.0  24.2  24.0  23.7  24.0  24.0  23.9  23.9  23.9  24.2  23.9  23.9  24.0  24.3  23.9  23.9  24.1  24.4  24.1  24.0  24.5  24.8 
 24.2  24.1  24.4  24.3  24.0  24.0  24.3  24.0  23.8  23.8  24.2  24.1  23.9  23.8  24.2  23.9  23.8  23.9  24.1  24.0  24.0  23.9  24.4 nan  24.0  23.9  24.3  24.4  24.4  24.1  24.7  24.5 
 24.4  24.2  24.4  24.5  24.1  23.9  24.1  24.5  23.9  23.8  23.9  24.2  24.0  23.9  24.0  24.1  23.8  23.9  24.1  24.2  24.0  23.9  24.3  24.4  24.3  24.2  24.5  24.7  24.5  24.3  25.2  25.3 
 24.4  24.3  24.7  24.5  24.0  24.0  24.5  24.2  23.9  23.8  24.0  24.1  23.9  24.0  24.2  24.1  24.0  23.9  24.3  24.0  24.1  23.9  24.6  24.4  24.5  24.4  24.9  24.8  24.8  25.0  25.7  25.3 
 24.4  24.4  24.4  24.5  24.1  24.1  24.3  24.3  23.9  23.8  23.9  24.1  23.9  23.9  23.9  24.1  24.0  23.8  24.1  24.3  24.5  24.6  29.7  31.1  30.7  29.7  27.5  27.4  26.6  26.3  26.4  26.4 
 24.6  24.3  24.6  24.4  24.0  24.1  24.3  24.3  23.8  23.7  24.2  24.0  24.0  24.0  24.1  23.9  23.9  23.8  24.3  24.2  25.2  28.7  45.1  47.5  44.2  39.1  30.8  29.1  27.5  27.0  27.0  26.7 
 24.4  24.4  24.4  24.4  24.2  24.1  24.4  24.6  23.9  24.0  24.1  24.3  24.0  23.7  24.1  24.1  23.8  23.9  24.3  24.5  32.1  44.5  70.2  73.6  69.7  60.6  36.2  33.0  28.8  28.2  27.5  27.0 
 24.4  24.2  24.7  24.4  24.0  24.1  24.5  24.4  23.9  24.0  24.1  23.9  23.8  23.9  24.2  24.0  24.0  23.9  24.4  24.4  34.5  48.9  74.9  77.5  71.6  61.6  37.1  33.1  29.4  28.8  28.1  27.6 
 24.8  24.6  24.9  25.0  24.3  24.2  24.3  24.7  24.0  23.9  24.2  24.2  24.0  23.9  24.2  24.2  24.1  24.0  24.3  24.7  33.3  42.4  65.0  68.0  58.9  50.1  34.4  32.5  29.5  28.7  27.6  28.3 
 24.3  24.8  24.9  24.6  24.7  24.0  24.6  24.4  23.8  23.9  24.3  24.1  24.1  24.0  24.4  24.1  24.1  24.2  24.8  24.9  31.3  36.2  51.9  54.0  46.9  41.8  33.2  31.4  28.6  28.5  28.4  28.2 
 24.8  24.7  25.0  24.9  24.4  24.2  24.2  24.4  24.3  24.0  24.3  24.5  24.0  24.1  24.3  24.4  24.0  24.1  24.6  25.4  27.3  28.6  33.0  34.5  33.8  32.5  30.7  30.2  28.0  27.7  28.6  29.5 
 24.6  24.9  25.2  24.9  24.2  24.4  24.6  24.4  24.1  24.1  24.3  24.3  24.0  24.0  24.3  24.3  24.1  24.1  25.1  25.5  26.0  26.8  30.1  30.7  31.2  31.1  30.1  29.3  27.8  27.8  29.5  30.2 
 26.1  25.1  24.9  25.3  24.8  24.2  24.5  24.8  24.3  24.2  24.2  24.6  24.2  24.0  24.2  24.6  24.3  24.1  25.1  25.3  25.4  25.6  27.3  28.6  28.9  28.7  28.7  28.7  27.9  28.0  30.6  32.1 
 25.9  25.4  25.7  25.5  24.5  24.5  24.7  24.8  24.5  24.3  24.7  24.3  24.3  24.0  24.5  24.4  24.1  24.4  25.4  25.0  25.3  25.5  27.3  27.8  28.1  28.0  28.4  28.1  28.0  28.4  32.3  33.3 
