 23.9  23.1  23.8  23.5  23.0  22.7  23.0  23.0  22.6  22.6  22.9  22.9  22.7  22.5  22.9  22.9  22.4  22.6  23.2  22.9  22.5  22.7  23.3  22.9  22.7  22.5  23.8  24.4  23.7  23.3  24.7  25.2 
 23.6  22.9  23.6  24.0  23.0  22.9  22.9  23.2  22.7  22.6  23.1  23.0  22.5  22.6  22.8  22.9  22.6  22.4  22.7  23.2  22.8  22.5  23.0  23.1  22.8  22.8  23.6  24.8  23.8  23.2  24.0  25.1 
 23.1  23.3  23.7  23.6  22.6  22.6  23.1  23.0  22.7  22.6  23.1  22.8  22.5  22.5  22.9  22.9  22.4  22.6  22.8  22.9  22.6  22.5  22.9  22.9  22.7  22.9  23.6  23.5  23.2  23.1  23.6  24.0 
 23.6  23.1  23.3  23.5  22.6  22.5  23.1  23.3  22.8  22.6  22.9  22.9  22.5  22.3  22.6  22.8  22.7  22.3  23.0  23.0  22.7  22.5  22.8  23.0  22.7  22.6  23.2  23.3  22.6  22.8  23.2  24.0 
 23.2  23.2  23.7  23.1  22.5  23.0  23.1  23.3  23.1  23.3  23.2  22.9  22.5  22.6  22.8  22.6  22.4  22.4  22.8  22.8  22.5  22.5  22.9  22.9  22.6  22.6  23.3  23.1  22.8  23.2  23.7  23.5 
 23.0  23.0  23.2  23.4  22.7  22.6  23.3  23.2  23.6  23.9  23.3  23.1  22.7  22.4  22.8  22.9  22.6  22.3  22.7  22.8  22.6  22.4  22.7  23.0  23.0  22.6  23.1  23.2  23.0  22.9  23.3  24.0 
 23.2  23.0  23.3  23.4  22.8  22.8  23.4  23.6  25.5  26.7  24.4  23.4  22.7  22.6  22.8  22.6  22.5  22.6  22.9  22.7  22.6  22.8  23.0  23.1  22.9  22.8  23.1  23.0  22.8  22.8  23.3  23.5 
 23.4  22.9  23.2  23.3  23.0  22.7  23.1  23.6  25.8  27.2  24.6  23.3  22.7  22.5  22.7  22.8  22.7  22.5  22.6  22.9  22.6  22.6  22.9  22.9  22.6  22.6  23.0  23.3  22.8  23.0  23.2  22.6 
 23.4  23.2  23.6  23.3  22.7  22.7  23.2  23.5  23.3  23.3  23.3  22.9  22.5  22.5  22.7  22.8  22.6  22.5  22.8  22.8  22.7  22.6  22.9  22.8  22.6  22.7  23.1  23.0  22.9  23.2  23.7  23.5 
 23.8  23.2  23.5  23.6  22.9  22.9  23.0  23.3  22.8  22.9  22.9  23.1  22.6  22.6  22.6  22.8  22.6  22.6  22.8  23.0  22.6  22.5  22.9  23.0  22.9  22.6  23.2  23.4  23.0  23.0  23.4  23.7 
 23.8  23.9  24.2  23.9  23.7  23.6  23.4  23.4  22.9  22.8  22.9  23.0  22.5  22.7  22.8  22.9  22.7  22.5  23.0  22.8  22.6  22.6  22.9  22.8  22.6  22.5  23.8  23.7  23.6  23.4  23.8  23.3 
 23.8  23.7  24.3  24.5  24.3  24.4  24.1  23.9  22.8  22.8  23.0  23.0  22.6  22.6  22.7  22.8  22.5  22.5  22.8  22.9  22.7  22.5  22.7 nan  22.8  22.7  24.5  25.4  24.2  23.3  23.5  23.4 
 24.4  24.3  25.5  25.8  27.0  27.7  32.8  35.0  33.0  29.3  23.3  23.1  22.7  22.7  23.0  22.9  22.6  22.5  22.9  22.7  22.4  22.6  22.9  23.0  22.9  22.7  24.5  24.8  23.7  23.2  23.6  23.8 
 24.7  24.7  26.0  26.9  28.5  29.8  41.5  48.8  53.4  47.4  24.9  23.6  22.8  22.6  22.8  22.9  22.6  22.5  22.7  22.9  22.5  22.4  22.8  23.3  22.7  22.8  23.2  23.8  23.5  23.0  23.6  23.6 
 25.2  25.2  27.0  27.5  30.5  33.9  54.8  63.0  74.5  71.4  35.1  25.7  22.8  22.7  22.8  22.6  22.5  22.6  23.1  23.0  22.6  22.7  22.8  22.8  22.6  22.6  23.1  22.9  23.0  23.2  23.6  23.5 
 25.2  25.3  27.1  27.7  31.0  34.0  53.5  62.6  78.4  79.3  37.7  26.4  22.9  22.8  22.8  22.8  22.6  22.5  22.9  22.8  22.6  22.6  22.9  23.1  22.9  22.5  23.2  23.3  23.1  22.9  23.6  23.8 
 25.3  25.5  26.7  27.0  29.6  31.6  44.4  53.4  73.4  70.9  30.6  24.6  22.8  22.7  23.1  22.8  22.7  22.5  23.1  22.8  22.7  22.6  23.1  23.0  22.8  22.5  23.2  23.1  22.7  23.0  23.6  23.8 
 25.1  25.4  26.5  27.0  28.7  29.7  37.1  42.3  54.4  50.2  25.9  23.9  22.8  22.9  22.9  23.0  22.8  22.5  22.9  23.1  22.6  22.6  23.0  23.0  23.0  22.7  23.2  23.4  22.9  23.0  24.1  24.0 
 25.4  25.4  26.6  26.6  26.8  27.1  29.0  29.7  29.9  28.2  24.1  23.3  22.8  22.8  23.1  23.1  22.9  22.8  23.0  23.0  22.7  22.6  23.1  23.1  22.9  22.7  23.3  23.3  23.5  23.2  23.9  24.2 
 25.4  25.5  26.3  26.5  26.2  26.4  27.5  27.7  27.0  26.2  23.9  23.6  22.9  22.5  23.1  22.9  22.8  22.7  23.1  23.0  22.8  22.6  23.2  23.2  22.9  22.9  23.3  23.5  23.0  23.1  24.2  24.7 
 25.2  25.4  26.1  25.8  25.7  25.7  26.2  26.0  25.3  24.7  23.8  23.6  23.0  23.1  23.2  23.2  22.8  22.8  23.2  22.9  22.7  22.7  23.5  23.4  22.9  23.0  23.4  23.8  23.7  24.1  25.4  26.1 
 25.5  25.3  25.8  26.0  25.1  25.2  25.5  25.7  24.8  24.4  23.7  23.9  23.0  22.7  23.0  23.5  22.8  22.8  23.0  23.4  22.9  22.7  23.5  23.4  23.0  23.0  23.7  24.1  24.5  24.7  25.7  26.8 
 25.7  25.7  25.6  25.6  25.1  24.9  25.2  24.9  24.5  23.9  23.8  23.6  23.4  23.1  23.4  23.5  23.0  23.0  23.3  23.1  23.0  23.0  23.6  23.3  23.4  23.9  25.5  26.0  25.9  25.8  27.2  26.8 
 26.9  26.1  25.5  25.5  25.0  24.7  25.0  24.9  24.0  23.8  23.6  23.8  23.2  23.0  23.0  23.3  23.1  22.9  23.3  23.4  23.3  23.1  23.6  23.9  24.4  24.7  26.4  26.8  26.5  26.1  28.1  28.6 
