 24.8  23.6  23.9  23.8  24.1  23.9  24.3  24.3  24.2  23.9  24.0  24.1  23.9  24.0  24.0  24.2  23.9  23.7  23.9  24.1  23.8  24.1  24.3  24.2  24.1  24.0  24.5  24.3  24.5  24.3  25.3  26.1 
 24.5  23.8  24.0  24.2  24.0  24.1  24.3  24.2  24.1  23.9  24.1  24.0  24.0  23.7  24.1  24.0  23.7  23.9  24.3  24.1  24.2  23.6  24.4  24.2  24.1  24.1  24.8  24.6  24.1  24.3  25.1  25.4 
 24.0  23.8  24.1  24.3  24.3  24.2  24.1  24.3  24.0  23.8  24.0  24.1  23.9  23.7  24.0  23.9  24.0  23.8  23.9  24.2  23.9  23.8  23.9  24.2  24.2  23.9  24.3  24.4  24.5  24.1  24.5  24.9 
 23.5  23.3  24.1  24.6  24.0  24.1  24.2  24.3  23.9  23.9  24.0  23.9  23.8  23.7  24.1  24.0  23.9  23.7  24.1  24.0  24.1  24.0  24.2  24.2  24.0  23.8  24.5  24.8  24.1  24.2  25.0  25.1 
 24.2  24.0  24.3  24.1  24.3  24.2  24.3  24.1  24.1  23.9  23.8  23.9  23.7  24.0  23.9  23.9  23.7  23.9  24.0  23.9  23.9  23.8  23.9  24.1  24.0  23.9  24.3  24.2  24.0  24.2  24.3  24.8 
 24.1  23.9  24.2  24.6  24.1  24.3  24.2  24.1  24.1  24.0  23.9  24.1  23.9  23.9  23.8  23.9  23.8  23.7  24.0  24.1  23.9  23.8  24.1  24.0  24.1  23.7  24.0  24.0  24.2  24.2  24.5  24.5 
 23.9  24.2  24.2  24.4  24.2  24.0  24.3  24.0  23.8  23.9  24.0  23.9  23.8  23.9  24.0  23.9  23.8  23.8  23.9  24.0  24.0  23.8  24.0  23.9  24.0  23.8  24.1  24.4  24.1  24.1  24.2  24.4 
 24.2  24.1  24.4  24.5  24.2  23.9  24.2  24.0  23.9  23.9  24.0  24.0  23.8  23.8  24.0  23.9  23.9  23.8  24.0  24.0  23.7  23.9  23.8  23.9  23.9  24.0  24.3  24.3  24.1  24.1  24.2  23.9 
 24.5  24.1  24.2  24.2  24.1  24.1  24.0  24.1  23.9  23.8  24.0  24.0  23.9  23.9  24.1  24.0  23.8  23.8  24.1  24.0  23.9  23.9  24.1  24.0  23.8  23.9  24.1  24.1  24.2  23.9  24.2  24.3 
 24.5  24.3  24.6  24.4  24.2  24.1  24.1  24.2  23.9  23.9  24.1  24.0  23.8  23.8  23.9  24.0  23.7  23.7  23.9  24.2  23.9  24.0  24.2  24.1  24.1  23.8  24.3  24.4  24.0  24.0  24.6  24.8 
 24.2  24.4  24.3  24.2  24.0  23.9  24.1  24.0  23.9  23.7  23.9  24.0  23.8  23.7  23.9  24.0  23.9  23.9  23.9  24.1  24.1  24.0  24.2  24.1  24.1  23.9  24.2  24.2  24.4  24.1  24.7  24.7 
 24.4  24.1  24.2  24.2  24.0  24.0  24.1  24.3  23.9  23.7  24.1  24.1  23.9  23.9  23.9  24.1  23.8  23.8  24.0  24.1  23.9  23.8  24.3 nan  24.0  24.2  24.1  24.5  24.3  24.0  24.5  24.5 
 24.4  24.2  24.2  24.4  24.0  24.1  24.1  24.1  23.8  23.9  23.9  24.1  23.8  23.9  23.9  24.1  24.0  23.8  24.2  24.0  23.9  23.8  24.3  24.5  24.3  24.2  24.6  24.7  24.5  24.7  25.2  24.9 
 24.4  24.3  24.4  24.6  24.3  23.9  24.1  24.2  23.8  23.8  24.0  24.2  24.0  23.9  24.1  24.1  23.9  24.0  24.1  24.2  24.0  23.9  24.4  24.5  24.4  24.5  24.7  24.9  25.0  24.7  25.4  25.3 
 24.2  24.1  24.2  24.4  24.2  24.1  24.2  24.1  24.0  23.9  24.1  24.0  23.9  23.8  24.1  24.0  24.0  23.9  24.2  24.2  24.5  24.9  29.6  31.0  30.7  29.9  27.5  27.2  26.7  26.6  26.2  26.2 
 24.6  24.3  24.4  24.6  24.1  24.1  24.3  24.3  24.0  23.8  24.1  24.1  23.8  23.9  24.0  24.0  23.8  23.8  24.3  24.3  25.1  28.7  45.3  47.4  44.4  39.3  30.7  29.5  27.5  27.0  26.7  26.7 
 24.6  24.4  24.3  24.4  24.2  24.1  24.3  24.2  23.9  23.9  24.0  24.0  23.8  23.8  23.8  24.0  23.9  23.9  24.2  24.4  32.0  44.7  70.3  73.3  69.8  60.5  36.3  32.7  28.9  28.4  27.4  27.2 
 24.5  24.5  24.7  24.4  24.1  24.1  24.4  24.4  24.1  23.9  24.1  24.0  23.9  23.8  24.1  24.1  24.0  23.9  24.3  24.4  34.5  48.9  74.7  77.4  71.6  61.5  36.8  33.3  29.4  28.4  27.6  27.5 
 25.0  24.5  24.9  24.7  24.2  24.2  24.3  24.5  24.3  23.9  24.2  24.2  23.9  24.0  24.2  24.2  24.2  23.9  24.3  24.8  33.4  42.5  64.9  67.9  58.9  50.0  34.6  32.3  29.3  28.4  27.8  28.3 
 24.6  24.8  24.6  24.9  24.3  24.0  24.4  24.3  24.1  24.1  24.3  24.2  24.1  24.1  24.3  24.3  24.2  24.2  24.6  25.0  31.3  36.5  51.7  53.9  47.0  42.0  32.9  31.3  28.8  28.3  28.3  28.4 
 25.0  24.5  25.0  24.6  24.3  24.2  24.4  24.6  24.2  24.2  24.3  24.3  23.9  24.1  24.1  24.4  24.1  24.1  24.7  25.5  27.2  28.6  33.1  34.2  33.8  32.6  31.1  30.1  28.1  27.7  28.8  29.6 
 25.0  24.9  24.9  24.9  24.5  24.2  24.4  24.6  24.0  24.1  24.2  24.5  24.1  24.0  24.1  24.4  24.0  24.0  25.0  25.5  26.2  26.8  30.0  30.8  31.2  31.0  29.9  29.5  27.8  27.8  29.5  30.2 
 25.3  25.3  24.9  25.1  24.5  24.4  24.6  24.6  24.2  24.2  24.5  24.5  24.2  24.1  24.5  24.4  24.3  24.1  25.2  25.3  25.5  25.8  27.5  28.3  28.8  28.7  28.7  28.4  27.5  28.2  30.3  31.7 
 26.0  25.5  25.0  25.1  24.8  24.7  24.7  24.9  24.4  24.1  24.5  24.4  24.0  24.1  24.5  24.6  24.3  24.3  25.1  25.2  25.3  25.7  27.2  27.6  27.8  28.0  28.1  28.2  28.0  28.7  31.9  32.4 
