 25.2  24.0  24.3  24.2  24.4  24.3  24.3  24.5  24.3  24.1  24.3  24.1  24.2  24.0  23.9  24.1  24.1  23.8  24.3  24.2  24.2  24.3  24.1  24.5  24.3  24.0  24.5  24.7  24.9  24.5  25.3  26.4 
 24.3  24.2  24.1  24.2  24.5  24.4  24.7  24.2  24.2  24.1  24.3  24.2  24.0  23.9  24.1  24.1  24.0  24.0  24.3  24.3  24.2  24.0  24.4  24.3  24.1  24.3  24.3  24.4  24.3  24.6  25.6  25.4 
 24.5  24.2  24.3  24.5  24.6  24.5  24.2  24.3  24.0  23.9  24.0  24.1  23.9  23.9  24.2  24.1  24.2  23.9  23.9  24.2  24.3  24.0  24.1  24.3  24.4  24.2  24.3  24.7  24.5  24.4  24.5  25.5 
 23.9  24.2  24.5  24.4  24.3  24.4  24.5  24.3  24.1  23.8  24.2  24.0  24.0  24.0  24.1  24.0  24.3  23.8  24.1  24.0  24.1  24.1  24.2  24.0  24.2  23.9  24.5  24.2  24.3  24.2  24.8  25.1 
 24.6  24.4  24.5  24.4  24.3  24.2  24.2  24.3  24.2  24.0  24.0  24.1  24.1  24.1  23.8  24.1  24.0  23.9  23.9  24.0  24.2  23.9  23.9  24.1  24.3  23.9  24.2  24.5  24.3  24.6  24.3  24.8 
 24.2  24.2  24.5  24.3  24.4  24.1  24.3  24.2  24.1  24.1  24.0  24.1  23.9  23.9  24.0  24.1  24.0  23.9  24.1  24.1  23.8  23.9  24.0  24.0  24.4  24.0  24.3  24.3  24.3  24.4  24.7  24.5 
 24.4  24.4  24.3  24.5  24.5  24.2  24.2  24.3  24.2  23.9  24.0  24.1  24.0  23.9  23.9  24.0  24.0  23.9  24.0  24.2  24.1  24.0  24.1  24.0  24.0  24.0  24.0  24.4  24.2  24.3  24.5  24.7 
 24.3  24.4  24.2  24.4  24.3  24.4  24.3  24.1  24.0  24.0  24.2  24.0  24.1  23.9  23.9  24.1  24.1  23.8  24.1  24.0  24.0  23.8  24.1  24.1  24.1  24.0  24.1  24.2  24.4  24.3  24.6  23.5 
 24.6  24.5  24.3  24.4  24.3  24.2  24.0  24.1  24.1  23.9  24.0  24.0  24.1  23.8  23.9  24.0  24.0  24.0  23.9  24.0  24.2  24.0  24.3  24.1  24.1  24.3  24.3  24.4  24.3  24.2  24.4  24.3 
 24.5  24.7  24.7  24.2  24.2  24.2  24.1  24.2  23.9  24.0  24.1  24.0  23.9  24.0  24.0  23.9  24.1  23.9  23.9  24.2  24.0  24.0  24.2  24.2  24.2  24.1  24.3  24.3  24.3  24.1  24.6  24.6 
 24.4  24.5  24.4  24.6  24.2  24.1  24.1  24.0  24.0  24.0  24.1  24.1  24.1  23.9  24.1  24.0  23.9  23.9  24.0  24.2  24.1  23.9  24.0  24.2  24.2  24.1  24.1  24.3  24.5  24.4  24.7  24.8 
 24.7  24.3  24.4  24.3  24.3  24.2  24.3  24.2  24.1  24.1  24.2  24.1  24.0  23.9  23.8  24.1  23.9  24.0  24.0  24.1  24.2  23.9  24.2 nan  24.2  24.0  24.2  24.4  24.4  24.5  24.7  24.8 
 24.7  24.4  24.5  24.4  24.3  24.2  24.0  24.4  24.1  24.0  24.0  24.2  24.1  23.9  24.0  24.1  24.2  24.0  24.1  24.0  24.0  23.9  24.2  24.4  24.6  24.4  24.4  24.5  24.8  24.6  24.9  25.3 
 24.7  24.6  24.7  24.5  24.4  24.0  24.1  24.1  24.1  23.8  24.1  24.1  24.2  24.1  24.3  24.2  24.1  24.0  24.2  24.2  24.2  24.2  24.6  24.5  24.6  24.5  24.9  24.8  25.2  25.1  25.2  25.4 
 24.5  24.7  24.3  24.7  24.4  24.2  24.3  24.1  24.1  23.8  24.0  24.2  23.9  23.9  24.0  24.2  24.2  23.9  24.3  24.3  24.6  24.8  29.9  31.1  31.0  30.1  27.7  27.3  26.7  26.4  26.1  26.4 
 24.8  24.3  24.6  24.6  24.3  24.2  24.4  24.2  24.1  24.1  24.3  24.0  24.1  24.0  24.0  24.0  24.1  23.9  24.1  24.3  25.3  28.8  45.2  47.3  44.6  39.3  30.8  29.1  27.7  27.3  26.6  26.5 
 24.6  24.6  24.4  24.4  24.3  24.4  24.3  24.3  24.2  23.9  24.1  24.3  24.0  23.9  23.9  23.9  24.2  23.9  24.4  24.5  32.0  44.6  70.4  73.5  69.7  60.6  36.3  32.9  29.2  28.6  27.4  27.3 
 24.7  24.5  24.6  24.8  24.1  24.2  24.4  24.4  24.2  24.1  24.3  24.0  24.1  24.1  24.2  24.1  24.1  24.1  24.4  24.4  34.6  48.9  74.9  77.4  71.5  61.7  37.3  33.3  29.4  29.0  28.1  27.3 
 25.1  24.6  24.9  25.1  24.6  24.6  24.3  24.5  24.3  23.9  24.1  24.3  24.3  24.1  24.2  24.3  24.3  24.2  24.4  24.8  33.5  42.6  65.0  68.1  59.2  50.2  34.6  32.4  29.9  28.5  27.8  27.9 
 24.8  24.9  24.8  25.1  24.5  24.2  24.7  24.4  24.4  24.3  24.2  24.1  24.2  24.1  24.4  24.1  24.2  24.1  24.7  25.2  31.5  36.4  52.0  54.0  47.1  42.2  33.0  31.4  29.1  28.6  28.3  28.2 
 25.4  25.1  25.0  24.9  24.6  24.5  24.5  24.6  24.4  24.3  24.3  24.5  24.3  24.2  24.2  24.2  24.3  24.1  24.8  25.5  27.4  28.6  33.0  34.3  33.9  32.5  30.9  30.1  28.1  27.9  28.4  29.6 
 25.4  25.1  25.0  25.0  24.2  24.4  24.5  24.6  24.4  24.3  24.3  24.4  24.2  24.4  24.3  24.5  24.2  24.3  24.9  25.6  26.3  26.8  29.9  30.7  31.5  31.1  30.0  29.5  28.0  27.8  29.0  30.5 
 26.1  25.3  25.1  25.1  24.8  24.7  24.6  24.5  24.4  24.4  24.4  24.5  24.5  24.1  24.2  24.5  24.7  24.1  25.3  25.2  25.4  25.9  27.7  28.6  29.0  28.8  29.0  28.6  28.1  27.8  30.6  32.9 
 26.3  26.0  25.5  25.3  24.9  24.8  24.8  24.6  24.5  24.7  24.5  24.6  24.3  24.1  24.6  24.4  24.5  24.6  25.2  25.0  25.4  25.8  27.2  27.6  28.1  28.1  28.4  28.1  28.4  28.6  31.9  31.9 
