 25.0  23.8  23.9  23.7  24.1  23.9  24.4  24.3  24.2  23.9  24.1  24.1  24.1  23.7  24.2  23.9  23.9  23.7  24.3  24.3  24.0  23.9  24.1  24.3  24.1  24.0  24.1  24.3  24.5  24.3  25.0  25.4 
 24.1  24.0  23.8  24.3  24.2  24.3  24.3  24.5  23.9  24.1  24.1  24.3  24.0  24.0  24.1  24.0  23.7  23.9  24.0  23.9  23.9  24.0  24.0  24.1  24.0  24.1  24.1  24.4  24.1  24.6  24.9  25.7 
 24.2  23.4  24.4  24.0  24.3  23.9  24.2  24.0  24.1  23.7  24.1  24.0  24.0  23.8  24.1  23.9  24.0  23.6  24.0  23.9  24.1  23.8  24.2  24.2  24.4  24.0  24.2  24.5  24.2  24.1  24.9  24.9 
 23.7  23.8  24.0  24.4  24.3  24.4  24.2  24.3  23.9  23.9  24.0  24.0  23.7  23.8  23.9  24.1  23.9  23.9  24.0  23.9  23.9  24.0  24.2  24.2  23.7  24.0  24.3  24.5  23.9  24.1  24.3  24.9 
 24.4  23.9  24.3  24.1  24.5  24.2  24.3  24.1  24.2  23.5  24.1  23.8  23.8  23.7  23.9  23.8  24.0  23.8  24.1  24.0  23.9  23.5  24.2  24.0  24.0  23.9  24.3  24.0  24.3  24.0  24.6  24.4 
 23.7  24.2  23.9  24.5  24.1  24.3  24.1  24.2  23.8  24.0  23.8  24.1  23.8  23.8  23.9  24.0  23.8  23.9  24.0  24.0  23.8  23.9  23.9  24.1  24.1  24.0  24.1  24.1  24.0  24.2  24.3  24.5 
 24.2  24.0  24.3  24.4  24.4  24.0  24.3  24.0  24.0  23.7  23.9  24.1  23.9  23.7  23.9  23.8  23.9  23.8  24.0  24.1  24.0  23.8  24.1  23.9  24.0  23.4  24.3  24.3  24.1  23.8  24.9  24.4 
 24.0  23.9  24.1  24.4  24.2  24.2  24.2  24.1  23.8  24.0  23.9  24.0  23.8  23.8  23.8  24.0  23.9  23.8  23.7  23.9  24.1  23.6  24.1  24.0  23.8  23.9  24.0  24.2  24.1  24.1  24.1  23.5 
 24.5  24.1  24.5  24.3  24.1  24.0  24.1  24.1  24.0  23.6  24.1  24.0  24.1  23.7  24.0  23.9  23.9  23.7  24.1  23.8  24.1  23.8  24.1  24.1  24.0  23.9  24.1  24.1  24.2  24.1  24.4  24.5 
 24.2  24.3  24.3  24.6  24.2  24.1  24.1  24.1  23.8  23.9  24.0  24.2  23.8  23.8  23.8  24.0  23.8  23.9  23.9  23.9  23.9  23.9  23.9  24.0  24.0  23.9  24.0  24.3  24.0  24.0  24.2  24.6 
 24.5  24.2  24.3  24.6  24.3  23.9  24.1  24.0  24.1  23.9  24.0  24.0  24.0  23.6  23.8  23.8  23.9  23.9  24.0  23.9  24.1  23.9  24.1  24.1  24.1  23.8  24.2  24.2  24.1  24.0  24.2  24.5 
 24.2  24.3  24.3  24.3  23.7  24.0  24.1  24.1  23.8  23.9  24.1  24.0  23.9  23.8  23.8  23.9  23.8  24.0  23.8  24.1  24.0  24.1  24.2 nan  23.7  24.0  24.0  24.4  24.0  24.1  24.2  25.0 
 24.7  23.9  24.4  24.5  24.2  23.6  24.2  24.1  24.0  23.7  24.1  23.9  24.0  23.8  24.0  24.0  24.0  23.8  24.2  24.0  24.3  23.8  24.3  24.1  24.4  24.2  24.4  24.5  24.5  24.4  24.9  25.0 
 24.2  24.3  24.1  24.5  24.1  24.2  24.2  24.0  24.0  23.8  24.0  24.1  23.9  24.0  23.9  24.0  23.7  24.0  24.0  24.1  24.0  24.1  24.4  24.5  24.2  24.3  24.8  25.3  25.0  24.9  25.2  25.3 
 24.5  24.1  24.3  24.5  24.5  23.8  24.3  24.1  24.2  23.7  24.1  24.1  24.0  23.8  23.9  23.9  24.1  23.9  24.1  24.2  24.5  24.8  29.7  30.9  30.7  29.6  27.5  27.1  26.8  26.3  26.4  26.2 
 24.2  24.5  24.4  24.9  24.2  24.1  24.1  24.3  24.0  24.0  24.0  24.2  23.9  23.9  23.9  24.0  23.9  24.0  24.2  24.1  25.1  28.9  45.0  47.4  44.2  39.4  30.5  29.1  27.4  27.1  26.7  26.7 
 24.9  24.1  24.4  24.4  24.3  24.0  24.4  24.3  24.2  23.7  24.1  24.1  23.9  23.7  24.0  24.1  24.1  23.9  24.2  24.3  32.3  44.5  70.4  73.5  69.8  60.6  36.2  32.4  29.1  28.2  27.7  27.2 
 24.4  24.2  24.6  24.5  24.3  24.1  24.3  24.3  23.9  23.8  23.8  24.0  23.9  24.1  24.1  24.2  24.0  24.0  24.2  24.5  34.5  48.8  74.9  77.6  71.5  61.6  36.7  33.3  29.4  28.7  27.6  27.3 
 25.0  24.5  25.0  24.5  24.5  24.1  24.6  24.5  24.4  23.9  24.1  24.1  24.2  23.9  24.2  24.1  24.2  24.0  24.4  24.6  33.5  42.4  65.0  67.9  59.0  49.9  34.7  32.4  29.5  28.5  27.9  27.7 
 24.6  24.8  24.6  24.8  24.5  24.4  24.2  24.4  24.0  24.0  24.0  24.4  23.9  23.9  24.2  24.1  24.2  24.1  24.5  24.9  31.4  36.4  51.7  54.0  46.9  41.9  32.7  31.6  28.5  28.8  27.9  28.2 
 25.0  24.7  25.1  24.6  24.6  24.2  24.5  24.3  24.4  23.7  24.3  24.3  24.2  24.0  24.2  24.2  24.2  24.1  24.7  25.4  27.3  28.6  33.1  34.0  33.8  32.6  30.8  30.1  28.1  27.9  28.6  28.8 
 24.8  25.1  25.0  24.9  24.4  24.4  24.1  24.7  24.0  24.2  24.2  24.4  24.0  24.0  24.1  24.3  23.9  24.2  24.9  25.5  26.0  27.0  29.7  30.8  31.2  31.1  29.6  29.5  28.1  27.8  29.2  30.5 
 25.8  25.1  25.1  24.7  24.6  24.4  24.6  24.7  24.6  24.2  24.4  24.3  24.4  24.1  24.4  24.2  24.3  24.1  25.4  25.2  25.5  25.6  27.7  28.2  28.9  28.8  28.7  28.1  28.1  27.5  31.0  32.1 
 25.7  25.7  24.6  25.1  24.6  24.5  24.5  24.9  24.3  24.1  24.4  24.7  24.1  24.1  24.3  24.3  24.2  24.3  25.1  25.0  25.1  25.5  27.2  27.8  27.8  28.3  28.1  28.3  27.8  28.4  31.5  32.8 
