 24.1  23.6  23.4  23.5  23.4  22.7  23.1  22.8  22.9  22.8  23.0  22.9  22.9  22.3  22.9  23.0  22.6  22.6  23.0  22.9  22.6  22.8  23.1  23.1  22.9  22.8  23.6  24.1  23.9  23.5  24.7  25.2 
 23.6  23.4  23.5  23.6  22.9  23.0  23.0  23.2  22.7  22.8  23.0  23.0  22.7  22.6  23.0  23.1  22.5  22.4  22.8  22.7  22.8  22.4  23.1  23.2  23.0  22.8  23.6  24.8  23.6  23.4  24.2  24.8 
 23.3  23.5  23.6  23.3  22.9  22.5  23.1  22.8  22.7  22.7  23.0  22.9  22.6  22.6  23.0  22.7  22.7  22.6  22.8  22.9  22.5  22.4  23.0  23.1  23.0  22.6  23.3  23.4  23.3  23.1  24.0  23.8 
 23.4  23.3  23.5  23.6  22.8  22.6  23.1  23.2  22.9  22.7  23.1  22.9  22.7  22.5  22.6  22.8  22.8  22.6  22.7  22.7  22.5  22.5  22.9  23.0  22.8  22.9  23.3  23.3  23.1  23.4  24.0  24.2 
 23.4  23.0  23.6  23.4  22.9  22.8  23.2  23.2  23.4  23.3  23.1  23.0  22.6  22.4  22.7  22.6  22.6  22.4  22.6  22.7  22.5  22.6  22.8  22.9  22.8  22.8  23.4  23.4  23.1  23.0  23.7  23.9 
 23.4  23.2  23.2  23.5  22.7  22.8  23.1  23.5  23.8  24.1  23.2  23.1  22.5  22.5  22.7  22.8  22.6  22.6  22.7  22.9  22.8  22.5  23.0  23.1  23.0  22.7  23.2  23.3  22.9  22.9  23.6  23.7 
 23.0  23.0  23.3  23.2  22.8  22.9  23.3  23.4  25.6  26.9  24.4  23.3  22.7  22.6  22.8  22.7  22.5  22.7  22.9  22.8  22.8  22.8  22.8  23.0  22.8  22.7  23.3  23.3  23.0  22.9  23.7  23.3 
 23.6  22.9  23.3  23.4  23.0  23.1  23.5  23.7  26.0  27.4  24.7  23.4  22.6  22.8  22.7  22.9  22.7  22.7  22.7  22.9  22.7  22.6  23.0  23.0  22.8  22.7  23.3  23.2  23.1  22.9  23.2  22.8 
 23.6  23.4  23.6  23.4  23.0  22.9  23.3  23.3  23.4  23.4  23.4  22.9  22.7  22.6  22.8  22.9  22.7  22.7  22.9  22.7  22.8  22.7  23.0  23.0  22.9  22.8  23.1  23.0  23.1  23.0  23.5  23.5 
 23.6  23.4  23.6  23.6  23.2  22.9  23.1  23.2  23.1  23.0  23.0  23.2  22.8  22.5  22.8  22.9  22.7  22.6  22.8  23.0  22.6  22.7  22.8  22.8  22.9  22.9  23.4  23.4  22.9  23.0  23.5  23.4 
 23.8  23.9  24.4  24.0  23.8  23.7  23.7  23.3  23.0  23.0  23.0  22.9  22.7  22.7  22.8  22.7  22.8  22.8  23.0  22.9  22.7  22.8  23.1  22.8  22.8  22.8  23.7  23.8  23.6  23.4  23.5  23.7 
 24.1  24.0  24.4  24.6  24.6  24.6  24.1  23.9  23.3  23.0  22.9  23.1  22.8  22.7  22.9  23.0  22.8  22.7  22.9  22.9  22.7  22.4  22.9 nan  22.9  22.6  24.5  25.4  24.1  23.2  23.7  23.3 
 24.8  24.5  25.7  25.9  27.2  27.7  32.8  34.9  33.1  29.4  23.5  23.2  23.0  22.5  22.9  22.9  22.7  22.7  23.0  22.8  22.7  22.6  23.0  23.0  22.8  22.8  24.4  24.8  23.9  23.3  23.9  23.6 
 24.9  25.0  26.0  26.5  28.5  30.1  41.5  48.9  53.4  47.4  24.8  23.5  22.8  22.8  23.0  23.0  22.8  22.6  22.9  23.0  22.7  22.6  23.1  22.9  22.8  22.9  23.4  23.8  23.5  23.2  23.5  24.1 
 25.5  25.4  26.9  27.6  30.7  33.8  54.8  63.0  74.5  71.5  35.2  25.7  22.8  22.9  22.8  22.9  22.7  22.7  23.0  23.0  22.7  22.7  23.0  22.9  22.8  22.7  23.2  23.2  23.2  23.4  23.8  23.9 
 25.6  25.5  27.0  27.9  30.9  34.1  53.5  62.5  78.4  79.5  37.8  26.4  22.8  22.9  22.8  22.9  22.6  22.7  22.9  23.0  22.8  22.6  22.9  23.0  22.7  22.8  23.3  23.3  23.1  23.2  23.7  23.9 
 25.5  25.6  27.0  27.4  29.7  32.0  44.3  53.3  73.4  70.8  30.6  24.7  23.0  22.7  23.1  22.9  22.8  22.6  23.2  22.9  22.7  22.7  23.0  23.0  22.8  22.7  23.2  23.2  23.2  23.3  24.1  23.4 
 25.3  25.2  26.5  27.1  28.7  30.1  37.2  42.5  54.6  50.3  26.1  24.0  23.0  22.7  22.9  23.1  22.9  22.8  23.0  23.1  22.9  22.6  23.1  23.0  23.0  23.0  23.2  23.3  23.1  23.1  23.9  24.0 
 25.6  25.4  26.9  26.8  27.0  27.5  29.0  29.8  29.9  28.3  24.1  23.4  22.9  23.1  23.3  23.1  22.9  22.7  23.0  22.9  23.0  22.7  23.3  22.9  23.0  22.9  23.5  23.3  23.4  23.3  23.9  24.0 
 25.5  25.7  26.3  26.5  26.3  26.3  27.4  27.6  27.1  26.3  23.7  23.5  23.0  23.1  23.2  23.0  22.9  22.7  23.2  23.2  22.8  22.7  23.1  23.5  23.1  22.9  23.3  23.9  23.3  23.6  24.4  24.3 
 25.3  25.2  26.0  25.8  26.0  25.3  26.1  25.8  25.4  24.7  23.9  23.6  23.1  23.1  23.1  23.3  22.8  23.0  23.4  23.2  23.0  23.1  23.4  23.4  23.4  22.9  23.7  23.5  23.9  24.2  25.6  25.3 
 25.7  25.3  26.0  25.9  25.5  25.4  25.6  25.6  24.8  24.4  23.7  23.8  23.1  23.0  23.1  23.4  23.0  23.0  23.2  23.4  23.0  23.1  23.3  23.4  23.2  23.0  23.7  24.0  24.8  25.2  26.0  26.3 
 26.5  26.0  25.6  25.6  25.3  25.1  25.2  25.1  24.1  23.8  24.1  23.5  23.2  23.1  23.3  23.4  23.4  22.9  23.4  23.3  23.2  23.1  23.5  23.7  23.7  23.6  25.3  26.0  26.1  25.6  26.9  27.8 
 26.9  26.4  25.4  25.9  25.2  24.9  25.1  25.1  24.2  23.8  24.0  23.9  23.2  23.1  23.4  23.5  23.0  23.2  23.2  23.3  23.4  23.2  23.9  24.0  24.4  24.7  26.4  27.0  26.3  26.1  27.2  27.7 
