 24.8  24.2  23.6  24.0  24.1  24.2  24.4  24.5  24.0  23.9  23.9  24.2  23.7  24.0  23.8  24.1  23.9  23.8  24.0  24.3  23.8  24.1  24.2  24.3  24.1  24.1  24.5  24.5  24.5  24.1  25.0  26.7 
 24.5  23.8  24.3  24.3  24.3  24.0  24.6  24.4  24.3  23.7  24.3  24.1  24.1  23.9  24.3  24.1  23.9  23.7  24.3  24.0  24.2  23.9  24.4  24.1  24.1  24.1  24.6  24.4  24.3  24.1  25.5  25.7 
 24.2  24.0  24.1  24.3  24.2  24.3  24.2  24.4  23.8  23.8  24.0  24.1  23.8  23.9  24.0  24.2  23.9  23.9  23.9  24.2  23.9  24.0  23.9  24.4  24.1  24.0  24.2  24.5  24.4  24.3  24.3  25.3 
 23.9  23.5  24.6  24.3  24.2  23.9  24.6  24.2  23.9  23.6  24.3  24.0  23.9  23.6  24.1  24.0  24.1  23.8  24.1  23.9  23.9  23.8  24.3  24.3  24.0  23.9  24.6  24.5  24.4  24.2  25.0  25.1 
 24.2  24.2  24.3  24.6  24.7  24.2  24.2  24.4  24.1  24.1  23.9  24.1  23.8  23.9  23.8  24.1  23.8  23.8  24.0  24.0  23.8  23.8  24.1  24.3  23.9  24.1  24.3  24.4  24.1  24.0  24.4  24.9 
 24.2  23.7  24.7  24.2  24.4  24.3  24.4  24.2  24.2  23.7  23.9  23.9  24.0  23.8  23.8  24.0  23.9  23.8  24.2  24.0  23.8  23.8  24.3  24.1  24.3  23.8  24.4  24.3  24.3  24.4  24.7  24.7 
 23.9  24.2  23.9  24.6  24.0  24.1  24.0  24.3  23.9  23.7  23.9  24.2  23.9  23.8  23.9  23.8  23.8  23.8  23.9  24.1  23.9  23.8  24.0  24.4  23.9  24.0  24.2  24.3  23.8  23.8  24.4  24.7 
 24.0  23.8  24.4  24.4  24.2  23.8  24.3  24.3  24.0  23.7  24.0  24.1  23.9  23.9  24.0  24.1  24.0  23.9  24.1  23.9  24.1  23.7  24.2  24.2  24.2  23.9  24.5  24.3  24.2  24.0  24.6  23.7 
 24.3  24.4  24.3  24.4  24.0  24.1  24.1  24.3  23.8  23.7  23.9  24.1  23.9  24.0  23.8  24.1  23.8  23.9  24.0  24.1  24.1  23.9  24.0  24.2  24.0  23.9  24.2  24.5  24.2  24.1  24.2  24.5 
 24.7  24.0  24.6  24.6  24.4  24.0  24.2  24.0  24.0  23.8  23.9  24.0  23.8  23.8  24.0  23.9  23.8  23.7  24.2  24.1  24.0  23.8  24.1  24.1  24.2  23.7  24.6  24.4  24.3  23.9  24.7  24.6 
 24.4  24.6  24.4  24.3  24.2  24.0  24.1  24.2  23.8  24.0  24.0  24.1  23.9  23.9  23.9  23.9  23.9  24.1  24.1  24.1  23.9  24.0  24.1  24.3  24.0  24.0  24.1  24.4  24.1  24.2  24.6  24.8 
 24.4  23.8  24.5  24.5  24.1  24.1  24.3  24.5  24.0  23.8  24.1  24.1  24.1  23.7  24.0  23.9  23.9  23.9  24.1  24.0  24.1  24.1  24.3 nan  24.0  24.0  24.1  24.3  24.4  24.1  24.5  24.6 
 24.5  24.2  24.4  24.6  24.1  23.9  24.2  24.4  23.9  23.9  24.0  24.0  23.9  24.0  23.9  24.1  23.9  23.9  24.1  24.2  24.1  24.0  24.3  24.5  24.2  24.2  24.4  24.7  24.5  24.6  24.9  25.4 
 24.5  24.1  24.7  24.5  24.3  24.1  24.4  24.2  23.9  23.8  24.0  24.2  24.1  23.8  24.1  24.1  24.1  23.9  24.1  24.2  24.2  23.9  24.6  24.6  24.5  24.3  24.9  25.0  25.0  24.9  25.5  25.6 
 24.5  24.5  24.6  24.6  24.2  24.1  24.2  24.2  24.0  23.8  24.0  24.2  23.9  23.8  24.1  24.2  23.9  23.9  24.2  24.4  24.5  25.0  29.6  31.1  30.6  29.8  27.6  27.4  26.6  26.6  26.1  26.2 
 24.5  24.0  24.6  24.5  24.1  23.8  24.3  24.3  24.0  23.8  24.0  24.1  24.0  23.9  24.2  24.1  23.9  23.7  24.3  24.3  25.2  28.8  45.3  47.3  44.5  39.2  30.9  29.3  27.7  26.8  26.7  26.6 
 24.1  24.6  24.4  24.6  24.2  24.2  24.1  24.4  24.1  23.9  24.2  24.2  23.8  23.9  24.0  24.2  24.0  23.9  24.3  24.5  32.2  44.7  70.3  73.5  69.7  60.6  36.2  32.9  29.0  28.5  27.4  27.3 
 24.7  24.1  24.4  24.6  24.3  24.0  24.6  24.5  24.2  24.0  24.3  24.0  24.0  23.9  24.2  24.2  24.0  23.9  24.4  24.5  34.6  48.7  75.0  77.6  71.7  61.4  37.1  33.3  29.5  28.7  27.9  27.6 
 25.0  24.6  24.6  25.1  24.5  24.3  24.4  24.6  24.3  24.0  24.2  24.3  23.8  23.8  24.0  24.2  24.2  24.1  24.5  24.8  33.5  42.6  64.9  68.1  59.0  50.1  34.8  32.5  29.2  28.7  27.8  28.3 
 24.6  24.6  24.8  24.8  24.8  24.1  24.6  24.2  24.1  23.8  24.5  24.2  24.1  24.1  24.3  24.2  24.1  24.1  24.6  24.9  31.5  36.3  52.0  54.0  47.0  42.0  32.9  31.6  28.9  28.2  28.1  27.8 
 25.0  24.9  25.0  25.2  24.3  24.4  24.4  24.6  24.3  24.1  24.3  24.4  24.0  24.0  24.1  24.5  24.0  24.2  24.5  25.4  27.2  28.6  33.0  34.4  33.7  32.8  30.8  30.2  28.0  28.1  28.6  29.3 
 25.0  24.8  25.0  24.9  24.7  24.2  24.6  24.7  24.3  24.0  24.4  24.4  24.0  23.9  24.5  24.4  24.2  24.1  24.9  25.6  26.3  26.8  30.1  30.9  31.2  31.0  30.0  29.3  28.3  27.8  29.7  30.5 
 25.8  25.5  24.8  25.1  24.5  24.5  24.5  24.5  24.4  24.3  24.2  24.6  24.2  24.2  24.4  24.6  24.3  24.4  25.2  25.3  25.4  25.8  27.7  28.6  28.8  28.8  28.8  28.6  27.7  28.0  30.3  32.5 
 26.3  25.2  25.3  25.3  24.6  24.5  24.9  24.6  24.4  24.1  24.6  24.6  24.3  24.1  24.6  24.4  24.5  24.1  25.2  25.2  25.5  25.4  27.3  27.8  27.8  28.0  28.2  28.2  28.2  28.7  32.3  32.8 
