 24.5  24.0  23.9  24.2  23.9  24.0  24.4  24.3  24.0  23.9  24.0  24.2  23.8  23.7  23.9  24.1  23.9  23.9  23.9  24.4  23.7  23.8  24.1  24.3  24.1  24.1  24.5  24.6  24.4  24.7  25.0  26.4 
 24.5  24.0  24.1  24.2  24.2  24.1  24.5  24.5  24.0  23.8  24.2  24.1  23.8  23.8  24.0  24.1  23.9  23.6  24.1  24.1  24.2  23.8  24.2  24.2  24.2  24.1  24.4  24.3  24.5  24.6  25.1  25.7 
 24.0  24.0  23.9  24.3  24.0  24.2  24.4  24.1  23.8  23.7  24.0  24.2  23.9  23.8  24.1  24.2  23.9  23.8  23.8  24.2  23.9  23.9  24.2  24.3  24.1  24.2  24.3  24.4  24.3  24.3  24.5  25.1 
 23.9  23.7  24.3  23.9  24.3  24.1  24.2  24.2  24.0  23.8  24.1  24.1  23.8  23.6  23.9  23.9  24.0  23.8  24.1  24.0  24.0  23.8  24.2  24.3  24.1  24.0  24.3  24.0  24.4  24.0  24.8  24.7 
 23.9  24.2  24.3  24.6  24.3  24.4  24.1  24.4  24.0  23.9  23.9  24.0  23.7  23.8  23.8  24.0  23.7  23.9  23.9  24.1  23.8  23.8  23.9  24.0  24.0  24.0  24.1  24.4  24.1  24.2  24.4  24.6 
 24.2  23.5  24.4  24.0  24.5  24.0  24.3  24.1  24.0  23.8  23.9  24.0  23.8  23.7  23.9  24.1  23.9  23.7  24.1  24.0  23.9  23.8  23.9  24.1  24.3  23.8  24.3  24.1  24.0  24.2  24.7  24.5 
 24.1  24.2  24.2  24.4  24.0  24.0  23.9  24.3  24.0  23.9  23.8  24.1  23.8  23.9  24.0  23.9  23.8  23.8  24.1  24.1  23.8  23.9  24.0  24.1  23.9  23.8  24.2  24.3  24.1  24.1  24.4  24.9 
 24.3  23.8  24.4  24.4  24.1  24.2  24.3  24.2  23.9  23.7  24.2  24.0  23.9  23.8  24.1  24.0  24.0  23.7  24.0  23.9  23.9  23.7  24.0  24.1  23.8  23.8  24.1  24.3  24.2  24.0  24.2  23.5 
 24.5  24.1  24.5  24.2  24.1  24.1  24.1  24.1  23.8  23.7  24.0  24.2  23.9  23.6  24.0  24.0  23.7  23.8  24.0  24.0  23.8  23.9  24.1  24.1  23.9  23.9  24.2  24.1  24.1  24.2  24.2  24.0 
 24.5  24.2  24.6  24.4  24.4  23.9  24.2  24.1  24.1  23.9  23.9  24.1  23.8  23.7  23.9  24.0  23.9  23.7  23.9  24.1  23.9  23.8  24.0  24.0  24.2  24.0  24.2  24.1  24.2  23.7  24.5  24.3 
 24.5  24.4  24.4  24.3  24.0  24.0  24.0  24.1  23.8  23.9  24.1  24.0  24.0  23.9  23.9  24.1  23.9  23.8  24.1  24.1  23.9  23.8  24.1  24.2  23.9  24.0  24.3  24.4  24.1  24.1  24.5  24.5 
 24.5  24.1  24.4  24.4  24.2  24.0  24.1  24.0  23.9  23.6  24.0  24.0  23.9  23.7  23.9  24.1  23.9  23.7  24.1  23.9  24.1  23.8  24.2 nan  24.0  23.8  24.1  24.2  24.3  24.3  24.5  24.8 
 24.3  24.2  24.2  24.5  24.0  23.8  24.0  24.1  23.9  23.9  23.9  24.0  23.9  23.9  24.0  24.0  23.8  24.0  24.1  24.0  23.9  24.0  24.2  24.3  24.4  24.1  24.4  24.8  24.3  24.4  25.0  25.1 
 24.4  24.6  24.4  24.6  24.3  24.0  24.1  23.9  23.9  23.6  24.1  24.0  23.9  23.9  24.1  24.0  24.1  23.9  24.2  24.2  24.2  23.9  24.6  24.4  24.5  24.3  24.8  24.8  24.8  24.7  25.4  25.3 
 24.2  24.4  24.2  24.5  24.2  24.0  24.0  24.3  23.9  23.9  24.0  24.1  23.9  24.0  24.0  24.1  23.9  23.9  24.1  24.4  24.4  24.7  29.7  30.9  30.8  29.7  27.1  27.2  26.5  26.4  26.1  26.4 
 24.4  24.1  24.7  24.4  24.2  23.9  24.2  24.0  23.9  23.9  24.1  24.0  24.0  23.9  24.0  23.9  24.0  23.8  24.1  24.2  25.3  28.7  45.1  47.4  44.5  39.2  30.8  29.1  27.6  27.0  26.9  26.5 
 24.2  24.4  24.4  24.4  24.3  24.0  24.2  24.3  23.9  24.0  23.9  24.1  24.0  23.8  23.9  23.9  23.9  23.9  24.3  24.4  32.0  44.5  70.4  73.6  69.8  60.5  36.3  32.7  28.8  28.3  27.5  27.1 
 24.7  24.2  24.6  24.5  24.3  23.9  24.4  24.2  24.0  23.9  24.0  24.0  24.1  23.9  24.1  24.1  24.0  23.8  24.3  24.6  34.5  48.8  74.8  77.6  71.7  61.5  37.0  33.2  29.6  28.8  27.7  27.3 
 24.5  24.4  24.6  25.0  24.4  24.4  24.3  24.6  23.9  24.0  24.2  24.2  24.0  24.0  24.1  24.2  24.2  24.1  24.5  24.8  33.4  42.4  64.9  67.9  58.9  50.2  34.6  32.5  29.2  28.4  27.8  27.9 
 24.4  24.3  24.6  25.1  24.3  24.1  24.5  24.3  24.2  23.9  24.1  24.0  24.2  23.9  24.3  24.0  24.1  23.9  24.6  24.8  31.4  36.2  51.7  54.1  46.9  42.0  33.2  31.4  28.9  28.5  28.1  28.4 
 24.8  24.9  25.1  25.1  24.4  24.4  24.5  24.3  24.1  24.2  24.1  24.3  24.1  24.1  24.3  24.4  24.0  24.1  24.6  25.4  27.2  28.6  33.0  34.1  33.7  32.8  30.5  30.2  28.0  27.9  28.4  29.3 
 25.2  24.7  24.7  24.9  24.5  24.2  24.6  24.6  24.4  24.1  24.2  24.2  24.1  23.9  24.0  24.4  24.1  24.0  25.0  25.5  26.3  26.8  29.9  30.8  31.4  31.1  29.9  29.2  27.8  27.6  29.2  30.7 
 25.6  25.5  24.9  25.1  24.6  24.4  24.3  24.6  24.3  24.5  24.3  24.5  24.1  24.0  24.2  24.3  24.2  24.3  25.3  25.2  25.5  25.7  27.6  28.4  29.0  28.8  28.8  28.4  27.7  28.0  30.2  31.7 
 25.9  24.9  24.9  25.1  24.8  24.5  24.3  24.8  24.5  24.3  24.5  24.4  24.4  23.9  24.3  24.2  24.3  24.1  25.1  25.0  25.1  25.4  27.0  27.6  28.1  28.0  28.4  28.1  28.0  28.2  31.5  33.3 
