 24.5  23.8  24.0  24.0  24.1  24.0  24.7  24.2  24.0  23.9  24.4  24.2  23.8  23.9  24.0  24.0  23.9  24.1  24.0  24.2  24.0  24.0  24.2  24.3  24.1  24.1  24.6  24.5  24.6  24.3  25.0  26.4 
 24.1  23.8  24.3  24.0  24.1  24.1  24.4  24.7  24.1  23.9  24.1  24.4  23.9  23.8  24.2  24.0  23.9  23.6  24.4  24.2  24.0  23.9  24.4  24.3  24.1  24.0  24.5  24.4  24.5  24.3  25.1  26.0 
 23.8  24.0  24.4  24.2  24.3  24.2  24.2  24.4  23.9  23.8  24.0  24.2  23.8  23.8  24.1  24.0  24.0  23.7  23.9  24.2  23.9  23.9  24.2  24.4  24.1  24.2  24.2  24.7  24.5  24.3  24.7  25.1 
 23.7  23.7  24.2  24.4  24.2  24.0  24.3  24.2  23.8  23.7  24.1  24.1  23.8  23.7  24.2  23.9  24.0  23.8  24.1  24.2  23.9  23.7  24.1  24.2  23.9  24.0  24.6  24.3  24.3  24.2  25.0  25.1 
 24.4  24.4  24.3  24.4  24.1  24.2  24.2  24.3  24.0  23.8  24.2  24.1  23.7  23.9  23.9  24.1  23.9  23.9  24.0  24.2  24.0  23.9  24.0  24.2  23.9  24.0  24.3  24.5  24.0  24.0  24.8  24.9 
 24.1  24.2  24.5  24.3  24.1  24.0  24.3  24.5  24.1  23.8  24.0  24.2  23.8  23.8  24.0  24.1  23.9  23.8  24.2  24.1  23.8  23.7  24.0  24.0  24.1  23.8  24.4  24.3  24.3  24.2  24.5  24.5 
 23.9  24.2  24.5  24.6  24.2  23.9  24.2  24.2  24.0  23.8  23.9  24.2  23.9  23.8  24.0  23.9  23.8  23.9  23.9  23.9  24.0  23.8  24.1  24.2  23.9  23.9  24.4  24.6  24.1  24.1  24.7  24.7 
 24.0  24.1  24.1  24.7  24.0  23.9  24.3  24.3  23.9  24.0  24.1  24.1  23.9  23.9  24.0  23.9  23.9  23.8  24.1  24.1  23.9  23.7  24.2  24.1  24.2  24.0  24.5  24.5  24.1  23.9  24.6  23.5 
 24.5  24.1  24.3  24.4  24.1  24.0  24.1  24.2  24.0  23.8  24.1  24.1  24.0  23.9  24.0  24.1  23.8  23.9  24.1  24.0  24.0  24.0  24.2  24.2  24.0  24.1  24.2  24.3  24.2  24.2  24.4  24.3 
 24.4  24.0  24.3  24.5  24.3  24.2  24.0  24.3  23.9  23.8  24.1  24.2  23.9  23.8  24.0  24.1  23.8  23.7  24.1  24.0  23.9  23.9  24.0  24.3  24.1  24.1  24.4  24.4  24.1  24.0  24.7  24.6 
 24.4  24.5  24.3  24.5  24.0  24.1  24.3  24.2  23.8  23.8  24.1  24.0  23.9  23.8  24.1  24.1  24.0  23.9  24.2  24.1  24.0  23.8  24.2  24.2  24.0  24.0  24.2  24.2  24.1  24.2  24.4  24.7 
 24.5  24.3  24.4  24.6  24.0  24.2  24.1  24.2  23.8  23.8  24.1  24.1  24.0  23.9  24.0  24.0  24.0  23.7  24.0  24.2  24.0  23.9  24.2 nan  24.1  24.1  24.4  24.6  24.2  24.0  24.7  24.6 
 24.4  24.2  24.5  24.7  24.1  24.1  24.1  24.3  23.8  24.0  24.1  24.1  24.0  23.7  24.0  24.2  23.9  23.8  24.1  24.1  24.1  24.1  24.4  24.5  24.3  24.2  24.6  24.6  24.5  24.3  25.1  25.4 
 24.2  24.3  24.4  24.7  24.2  24.0  24.3  24.1  23.8  23.8  24.1  23.9  23.9  24.0  24.1  24.1  24.0  23.9  24.3  24.3  24.1  24.1  24.4  24.4  24.4  24.3  24.9  24.9  25.0  24.9  25.5  25.3 
 24.5  24.2  24.6  24.5  24.1  24.1  24.3  24.2  24.0  23.9  24.1  24.1  24.0  23.9  24.1  24.1  23.9  23.8  24.1  24.4  24.3  24.6  29.7  31.1  30.8  29.9  27.4  27.3  26.6  26.6  26.4  25.9 
 24.5  24.3  24.5  24.4  24.2  24.1  24.3  24.3  23.9  23.8  24.0  24.1  23.8  23.9  24.1  24.0  23.9  23.8  24.2  24.3  25.2  28.9  45.2  47.4  44.5  39.0  30.9  29.3  27.7  27.3  26.9  26.6 
 24.4  24.4  24.6  24.4  24.3  24.0  24.4  24.3  23.9  24.0  24.0  24.2  23.9  23.9  24.1  23.9  24.1  23.9  24.4  24.5  32.1  44.6  70.4  73.6  69.8  60.6  36.3  32.9  29.1  28.3  27.7  27.5 
 24.7  24.4  24.6  24.7  24.1  24.0  24.4  24.3  24.1  23.9  24.2  24.1  23.9  23.8  24.2  24.1  24.0  24.0  24.4  24.5  34.4  48.9  75.0  77.7  71.5  61.5  37.0  33.5  29.4  28.3  27.8  27.5 
 24.6  24.6  25.2  25.1  24.2  24.2  24.6  24.6  24.0  23.8  24.2  24.2  24.1  24.0  24.4  24.2  24.2  24.1  24.4  24.9  33.5  42.5  65.1  68.0  59.2  50.1  34.8  32.6  29.4  28.7  28.0  28.5 
 24.6  24.6  24.8  24.8  24.5  24.3  24.6  24.5  24.0  23.9  24.2  24.2  23.9  24.0  24.3  24.1  24.1  23.9  24.7  25.1  31.4  36.3  51.9  54.1  46.9  42.0  33.0  31.8  28.9  28.3  28.3  28.6 
 24.8  24.7  25.1  25.2  24.4  24.3  24.6  24.6  24.2  24.1  24.3  24.4  24.1  24.1  24.3  24.6  24.0  24.2  24.7  25.6  27.3  28.6  33.0  34.4  33.6  32.8  30.7  30.1  28.3  27.9  28.6  29.8 
 25.0  24.9  24.9  24.9  24.5  24.1  24.5  24.6  24.4  24.1  24.3  24.4  24.0  23.9  24.2  24.3  24.1  24.0  25.0  25.4  26.3  26.8  30.1  30.9  31.2  31.0  30.1  29.5  28.0  27.6  29.2  30.8 
 26.1  25.3  24.8  25.3  24.6  24.3  24.9  24.4  24.1  24.1  24.4  24.4  24.2  24.2  24.4  24.5  24.3  24.4  25.4  25.3  25.5  25.8  27.7  28.6  28.5  29.0  28.7  28.4  27.7  28.2  30.6  32.1 
 26.3  25.5  25.3  25.3  24.6  24.8  24.8  24.8  24.1  24.3  24.4  24.7  24.3  24.1  24.6  24.3  24.4  24.3  25.2  25.2  25.4  25.5  27.6  27.8  28.1  28.3  28.2  28.0  28.0  28.4  31.9  32.9 
