 24.7  24.2  23.8  23.8  23.9  24.0  24.4  24.6  24.1  24.1  24.0  24.4  23.8  23.9  23.9  24.4  23.8  23.9  23.9  24.1  23.7  24.2  24.2  24.5  24.0  24.3  24.1  24.5  24.5  24.9  25.3  26.7 
 24.5  24.0  24.3  23.7  24.4  24.0  24.4  24.2  24.3  23.8  24.3  24.0  24.1  23.9  24.2  23.9  24.0  23.8  24.3  24.1  24.3  23.9  24.4  24.1  24.2  24.1  24.6  24.1  24.5  24.2  25.6  25.4 
 24.2  23.8  24.3  24.5  24.2  24.0  24.2  24.4  23.8  23.8  24.0  24.2  23.9  23.9  23.9  24.1  24.0  23.8  23.9  24.3  23.9  24.0  23.8  24.2  24.1  24.1  24.3  24.5  24.4  24.4  24.1  25.3 
 23.9  23.5  24.2  24.3  24.3  24.1  24.5  24.0  23.9  23.7  24.3  23.8  23.8  23.7  24.0  24.0  24.0  23.8  24.3  24.0  23.9  23.8  24.3  24.0  24.0  23.9  24.6  24.2  24.1  24.2  24.8  24.7 
 24.2  24.2  24.3  24.4  24.1  24.5  24.2  24.1  23.7  23.8  23.9  24.1  23.7  23.9  23.7  23.9  23.9  23.9  23.9  24.2  23.9  24.0  24.0  24.0  23.8  24.0  24.2  24.5  24.0  24.3  24.9  24.8 
 24.1  24.2  24.4  24.3  24.1  24.2  24.4  24.0  24.1  23.9  24.0  23.8  23.9  23.9  24.0  23.9  23.9  23.7  24.0  24.0  24.0  23.6  24.0  24.0  24.3  23.7  24.3  24.1  24.2  24.4  24.8  24.3 
 24.1  23.9  24.2  24.5  24.0  24.4  24.1  24.3  24.0  23.8  23.9  24.0  23.7  23.9  23.9  24.0  23.7  23.9  23.8  24.1  23.8  23.9  23.9  24.2  23.9  24.1  24.0  24.6  24.2  24.0  24.4  24.5 
 24.3  23.9  24.2  24.3  24.4  23.9  24.3  24.0  23.9  23.7  24.1  23.7  24.0  23.9  24.0  23.9  23.8  23.7  24.1  24.0  23.9  23.7  24.1  24.0  24.2  23.9  24.1  24.1  24.2  24.0  24.3  23.4 
 24.3  24.3  24.2  24.1  24.2  24.0  24.1  24.2  23.8  23.9  24.1  24.1  23.8  23.9  24.0  24.1  23.8  23.9  23.9  23.9  24.0  24.1  23.9  24.0  24.1  24.1  24.2  24.3  24.1  24.2  24.2  24.7 
 24.7  24.2  24.6  24.2  24.4  23.9  24.1  24.0  23.9  24.0  24.1  23.9  23.9  23.7  24.0  23.8  23.9  23.7  24.1  24.0  24.0  23.8  24.1  24.0  24.2  23.8  24.4  24.3  24.3  24.0  24.9  24.4 
 24.4  24.2  24.2  24.5  24.1  24.1  24.0  24.3  23.9  23.9  23.9  24.1  24.0  23.8  24.0  24.1  23.8  23.9  24.2  24.3  24.0  24.1  24.2  24.2  23.9  24.0  23.9  24.3  24.1  24.0  24.4  24.5 
 24.5  24.4  24.5  24.3  24.2  24.1  24.4  24.0  23.9  23.7  24.1  24.0  24.1  23.8  24.0  23.9  23.9  23.9  24.2  24.0  24.1  23.8  24.4 nan  24.0  24.0  24.4  24.1  24.3  24.1  24.5  24.5 
 24.2  24.2  24.3  24.8  24.0  24.2  24.1  24.3  23.9  23.9  23.9  24.3  23.8  24.0  24.0  24.2  24.0  24.0  24.2  24.3  24.1  24.0  24.2  24.5  24.3  24.2  24.5  24.7  24.6  24.6  25.0  25.3 
 24.5  24.1  24.7  24.6  24.3  23.9  24.5  24.0  24.0  23.9  24.1  24.0  24.1  23.8  24.1  24.1  23.8  23.7  24.2  24.2  24.2  23.9  24.5  24.4  24.4  24.3  25.0  24.7  25.0  24.9  25.5  25.1 
 24.4  24.5  24.2  24.5  24.1  24.2  24.1  24.3  23.9  23.9  23.8  24.2  24.0  23.9  23.8  24.0  23.9  24.0  24.1  24.3  24.3  24.7  29.6  30.9  30.7  29.9  27.5  27.5  26.7  26.4  26.1  26.4 
 24.5  24.1  24.6  24.2  24.2  23.9  24.4  24.3  24.0  23.8  24.2  24.0  24.0  24.0  24.0  23.9  23.9  23.7  24.1  24.2  25.3  28.9  45.1  47.4  44.4  39.2  30.7  29.0  27.6  27.2  27.0  26.5 
 24.2  24.4  24.4  24.7  24.1  24.2  24.3  24.5  24.0  24.0  24.0  24.3  24.0  24.0  24.0  24.2  23.9  23.9  24.3  24.6  32.1  44.7  70.2  73.4  69.6  60.5  36.2  32.9  29.1  28.3  27.5  27.3 
 24.7  24.5  24.6  24.5  24.3  24.1  24.5  24.3  24.0  23.7  24.2  23.9  24.1  24.0  24.1  24.0  24.0  23.9  24.5  24.4  34.6  48.8  74.7  77.3  71.4  61.5  36.9  33.0  29.7  28.6  27.8  27.4 
 24.5  24.6  24.7  24.8  24.3  24.5  24.3  24.7  24.3  23.9  24.2  24.2  24.0  24.0  24.0  24.3  24.1  24.2  24.3  24.8  33.4  42.5  64.7  67.9  59.0  50.2  34.6  32.6  29.5  28.7  27.2  28.1 
 24.8  24.6  24.8  24.8  24.5  24.0  24.7  24.4  24.0  23.8  24.5  24.1  24.2  24.0  24.3  24.1  24.1  23.9  24.6  25.0  31.4  36.3  51.8  53.8  46.9  42.0  32.9  31.4  29.1  28.3  28.1  28.2 
 24.6  25.1  24.8  25.2  24.4  24.5  24.2  24.8  24.2  24.2  24.3  24.5  23.9  24.1  24.1  24.4  24.0  24.3  24.5  25.5  27.3  28.6  32.9  34.3  33.7  32.9  30.5  30.1  28.0  27.7  28.2  29.8 
 24.8  24.7  25.2  24.5  24.4  24.4  24.5  24.4  24.4  24.1  24.5  24.3  24.2  24.2  24.4  24.2  24.0  24.0  24.9  25.5  26.3  26.7  30.0  30.8  31.3  31.1  30.0  29.2  28.1  27.9  29.5  30.2 
 25.3  25.3  24.6  25.1  24.4  24.4  24.6  24.8  24.3  24.2  24.3  24.3  24.2  24.2  24.2  24.6  24.2  24.1  25.1  25.2  25.4  25.7  27.6  28.4  28.8  28.7  28.5  28.7  27.7  28.2  30.3  32.5 
 26.0  25.2  25.1  24.9  24.6  24.8  24.6  24.6  24.3  24.1  24.6  24.3  24.2  24.1  24.5  24.4  24.4  24.4  25.2  25.0  25.4  25.5  27.3  27.6  28.1  27.8  28.2  28.1  28.4  28.4  31.5  32.8 
