 24.2  23.7  24.0  24.2  23.6  22.9  22.8  22.9  22.7  22.5  22.9  23.0  22.7  22.4  22.6  22.8  22.6  22.5  23.0  23.0  22.9  22.6  22.9  23.4  25.6  25.9  27.8  28.6  29.5  29.3  30.3  31.2 
 23.8  23.4  24.0  23.7  23.2  23.0  23.0  23.0  22.6  22.8  23.1  22.8  22.5  22.5  23.1  22.7  22.4  22.7  23.0  23.0  22.7  22.6  23.1  23.1  24.2  25.7  28.1  28.9  29.7  30.1  30.9  30.5 
 23.7  22.9  23.6  23.7  23.0  22.3  23.1  23.1  22.8  22.7  23.0  22.8  22.6  22.4  22.9  23.0  22.8  22.4  22.8  22.8  22.8  22.6  23.2  23.2  23.1  23.0  26.2  27.6  29.0  28.9  30.0  30.1 
 23.1  22.9  23.4  23.4  22.5  22.8  23.3  22.9  22.7  22.5  23.1  22.7  22.4  22.7  22.7  22.8  22.6  22.6  23.0  22.8  22.5  22.9  23.1  22.9  23.0  23.5  25.8  27.9  29.0  29.2  30.1  29.9 
 23.5  22.6  23.0  23.6  22.8  22.5  23.1  23.3  23.1  23.0  22.9  22.8  22.7  22.3  22.8  22.8  22.6  22.3  22.9  23.0  22.7  22.5  23.0  23.2  24.1  25.3  28.3  29.3  30.3  30.5  30.5  30.7 
 23.0  23.2  23.4  23.2  22.6  22.8  23.1  23.2  23.5  23.9  23.3  23.0  22.3  22.7  22.9  22.7  22.4  22.6  22.9  23.0  22.5  22.6  22.9  23.0  24.6  25.8  28.6  30.0  30.1  30.6  31.4  31.6 
 23.3  22.8  23.4  23.1  22.8  22.8  23.3  23.4  25.5  26.5  24.0  23.2  22.6  22.5  22.6  22.7  22.5  22.6  22.8  22.8  22.6  22.6  23.1  23.4  25.0  25.9  30.0  30.5  31.2  31.1  32.1  31.9 
 23.2  23.2  23.1  23.3  22.5  22.8  23.3  23.6  25.9  27.8  24.7  23.2  22.6  22.6  22.7  22.6  22.5  22.6  22.8  22.7  22.5  22.8  23.0  23.1  24.9  27.0  29.9  30.6  31.5  31.7  31.5  30.3 
 23.5  23.0  23.3  23.2  23.0  22.6  23.2  23.3  23.5  23.5  23.3  23.0  22.6  22.4  22.6  22.7  22.6  22.5  23.0  22.8  22.7  22.5  23.0  23.0  24.9  26.8  30.3  30.9  31.8  31.4  29.5  28.5 
 23.5  23.5  23.5  23.4  22.8  22.8  23.2  23.0  22.9  22.9  23.0  22.9  22.4  22.6  22.8  22.6  22.6  22.7  22.8  22.8  22.5  22.7  23.0  23.1  24.5  26.2  30.0  30.8  31.4  31.7  29.3  27.1 
 23.7  23.3  23.9  23.8  23.4  23.1  23.1  23.1  23.1  22.7  23.0  22.8  22.6  22.5  22.9  22.8  22.7  22.5  22.8  22.9  22.9  22.7  22.9  23.2  23.1  23.8  26.9  28.8  30.8  30.1  27.5  27.2 
 23.7  23.8  24.1  24.4  23.8  23.9  23.7  23.5  22.9  22.8  22.9  23.0  22.6  22.8  22.6  22.7  22.5  22.7  22.9  23.0  22.6  22.6  22.7 nan  23.0  22.9  25.7  27.4  29.6  29.9  28.5  27.1 
 24.4  24.1  25.1  25.5  26.4  26.4  28.8  29.2  27.2  25.8  23.1  23.0  22.9  22.4  22.8  22.9  22.6  22.3  22.9  22.7  22.6  22.3  23.0  23.0  23.1  23.0  25.0  25.6  27.3  28.7  30.9  30.1 
 24.5  24.7  25.7  26.3  27.4  28.6  36.3  41.9  43.9  38.5  24.0  23.2  22.8  22.6  22.9  22.8  22.5  22.5  22.8  22.8  22.8  22.5  23.1  23.0  22.7  23.0  23.8  23.8  26.8  28.3  31.2  30.5 
 24.9  25.1  26.3  27.1  29.7  32.2  51.2  59.4  70.3  66.6  33.5  25.4  22.8  22.5  22.8  22.9  22.8  22.4  22.9  22.8  22.7  22.6  22.8  23.0  22.7  22.7  23.4  23.4  25.2  26.4  30.4  29.9 
 25.3  25.5  27.0  27.4  30.1  33.1  51.7  60.3  75.4  75.0  38.1  26.4  23.0  22.9  22.8  22.8  22.7  22.7  22.9  22.7  22.5  22.7  23.1  23.0  22.6  22.8  23.3  23.4  23.8  24.8  27.2  29.1 
 25.5  25.1  26.7  27.2  29.7  31.6  45.5  55.0  78.1  77.8  33.4  25.3  23.0  22.7  23.0  22.8  22.8  22.5  23.0  22.9  22.9  22.8  23.0  23.0  23.1  22.8  23.3  23.6  23.2  23.3  24.5  24.9 
 25.2  25.3  26.6  26.7  28.4  29.9  38.7  44.9  60.7  58.1  27.6  24.4  22.8  22.9  23.0  22.9  22.8  22.7  22.9  23.1  22.9  22.8  23.1  23.2  23.0  22.9  23.6  23.4  23.4  23.5  24.1  24.5 
 25.7  25.3  26.3  26.8  27.0  27.1  29.4  30.8  32.1  30.1  24.3  23.5  23.0  22.8  23.2  23.1  22.9  22.8  23.0  23.2  22.9  22.6  23.3  23.3  23.0  22.9  23.4  23.4  23.7  23.2  24.1  24.7 
 25.4  25.4  26.3  26.3  26.2  26.6  28.2  28.3  28.1  27.2  24.2  23.6  22.8  23.1  23.2  23.1  22.8  22.8  23.2  23.0  22.9  22.8  23.3  23.2  22.8  23.1  23.5  23.4  23.3  23.5  24.2  24.2 
 25.8  25.2  26.0  25.8  25.9  25.7  25.9  26.1  25.7  24.8  23.8  23.8  23.0  22.9  23.2  23.4  22.9  22.9  23.0  23.1  23.1  22.7  23.4  23.4  23.2  22.9  23.5  23.7  23.5  23.5  24.2  25.2 
 25.4  25.7  25.6  25.8  25.5  25.5  25.5  25.8  24.9  24.7  23.9  23.7  23.1  23.0  23.3  23.3  22.8  22.9  23.1  23.2  22.8  22.8  23.5  23.5  23.1  23.0  23.6  23.7  23.6  24.1  25.3  25.8 
 26.8  25.6  25.4  25.8  25.3  24.9  25.3  25.3  24.6  24.2  24.1  23.9  23.2  23.0  23.3  23.4  23.2  22.9  23.3  23.4  23.3  23.0  23.6  23.8  23.3  22.9  24.1  24.5  24.4  23.9  26.1  26.8 
 26.8  26.6  25.8  25.4  25.1  25.0  24.9  25.0  24.1  24.2  24.0  23.7  23.2  23.5  23.4  23.4  23.2  23.0  23.3  23.4  23.2  23.2  23.7  24.0  23.2  23.5  24.6  24.9  24.1  24.6  26.7  27.8 
