 24.8  23.6  24.0  23.7  24.1  23.9  24.3  24.2  24.3  23.9  24.0  24.0  23.8  23.6  24.0  24.1  23.9  23.8  24.1  24.0  23.9  23.8  24.4  24.2  24.3  23.8  24.6  24.5  24.4  24.0  25.3  26.4 
 24.3  23.7  23.8  24.2  24.2  24.1  24.3  24.5  24.0  23.9  24.2  24.3  23.9  23.9  23.9  23.9  23.9  24.0  24.2  24.2  23.7  23.9  24.1  24.1  24.1  24.1  24.5  24.4  24.0  24.5  25.3  25.7 
 24.0  23.6  24.3  24.3  24.5  23.9  24.5  24.2  23.8  23.6  24.0  24.0  23.9  23.6  24.2  24.0  24.0  23.7  24.0  24.0  23.8  23.7  24.3  24.2  24.2  24.0  24.4  24.0  24.2  24.0  24.7  25.1 
 23.9  23.7  24.2  24.4  23.9  23.9  24.2  24.3  23.6  23.8  24.1  24.0  23.7  23.5  24.0  23.9  23.9  23.6  24.0  24.0  23.7  23.9  24.1  24.1  24.0  23.8  24.4  24.5  24.3  24.4  24.8  24.9 
 24.4  23.9  24.3  24.3  24.3  24.0  24.3  24.4  23.9  23.8  23.9  24.0  23.9  23.7  24.0  23.9  23.8  23.6  24.1  23.9  23.9  23.7  24.0  24.1  23.9  23.9  24.4  24.5  24.0  24.0  24.3  24.6 
 24.1  24.2  24.2  24.2  24.1  24.2  24.1  24.2  24.0  24.0  23.9  24.1  23.8  23.8  23.9  23.9  23.8  23.7  23.8  24.0  23.8  23.7  24.0  23.9  23.8  23.6  24.0  24.4  24.2  24.2  24.7  24.7 
 24.2  23.9  24.3  24.2  24.2  23.9  24.1  24.2  23.9  23.8  23.9  24.1  23.9  23.5  24.1  23.9  23.7  23.8  23.9  23.9  24.0  23.8  24.0  24.1  23.9  23.7  24.2  24.2  24.0  23.6  24.6  24.6 
 24.5  24.1  24.3  24.4  24.3  24.1  24.3  24.2  23.8  23.8  24.0  23.8  23.8  23.6  23.9  24.0  23.8  23.6  24.0  23.9  23.7  23.8  24.0  24.1  24.0  23.9  24.0  24.2  24.0  24.2  24.3  23.9 
 24.3  24.1  24.3  24.3  24.0  23.9  24.2  24.3  23.9  23.6  24.1  24.0  23.8  23.8  24.0  24.1  23.9  23.7  24.1  23.9  24.0  23.7  24.1  24.0  24.0  23.9  24.7  24.3  24.1  23.8  24.4  24.5 
 24.2  24.3  24.4  24.6  24.1  23.9  24.1  24.1  23.9  23.9  23.8  24.0  23.9  23.6  24.0  24.0  23.7  23.8  24.0  24.1  23.7  24.0  24.1  24.1  23.9  24.1  24.3  24.3  23.8  24.2  24.6  24.5 
 24.4  24.3  24.2  24.5  24.1  23.9  24.1  24.0  23.8  23.7  24.0  23.9  23.9  23.7  24.0  24.1  23.8  23.9  24.0  24.0  23.9  23.7  24.1  24.1  23.9  23.9  24.3  24.2  24.3  24.0  24.6  24.4 
 24.1  24.3  24.4  24.3  23.9  24.0  24.0  24.1  23.8  23.7  24.0  24.1  23.8  23.7  24.0  24.0  23.9  23.8  24.0  24.1  23.9  24.0  24.2 nan  24.0  23.9  24.3  24.4  24.1  24.2  24.5  25.1 
 24.5  23.5  24.4  24.4  24.0  23.9  24.2  24.2  23.8  23.7  24.1  24.1  24.0  23.7  24.1  24.2  24.0  23.7  24.2  24.1  24.0  23.9  24.3  24.4  24.1  24.2  24.5  24.6  24.3  24.3  25.1  25.0 
 24.1  24.3  24.6  24.5  24.2  24.1  24.1  24.3  23.8  23.8  24.1  24.1  23.7  23.9  23.9  24.0  23.8  23.9  24.1  24.1  24.0  23.8  24.5  24.5  24.3  24.5  24.8  24.9  24.8  24.9  25.1  25.6 
 24.2  24.1  24.6  24.4  24.2  24.0  24.2  24.2  24.0  23.7  23.9  24.1  24.0  23.9  24.1  24.0  24.1  23.8  24.2  24.3  24.6  24.7  29.7  31.0  30.7  29.8  27.4  27.3  26.4  26.0  26.4  26.2 
 24.2  24.3  24.5  24.4  24.0  24.2  24.2  24.2  23.9  23.7  23.9  24.0  23.9  24.0  23.9  24.0  23.9  23.9  24.1  24.2  25.0  28.9  45.1  47.5  44.3  39.5  30.7  29.2  27.4  27.0  26.7  26.7 
 24.2  23.8  24.6  24.4  24.2  24.0  24.3  24.2  24.0  23.9  24.1  24.0  24.1  23.8  24.2  24.0  23.9  23.7  24.3  24.5  32.0  44.5  70.4  73.5  69.8  60.4  36.4  32.9  29.1  28.2  27.4  26.8 
 24.2  24.2  24.6  24.6  24.2  24.1  24.5  24.5  23.9  23.8  24.0  24.1  24.0  24.0  24.0  24.1  23.8  24.0  24.4  24.6  34.3  48.9  74.9  77.6  71.5  61.6  36.9  33.4  29.3  28.6  27.8  27.6 
 25.0  24.3  24.9  24.5  24.2  24.0  24.6  24.4  24.1  23.8  24.3  24.1  24.0  23.8  24.1  24.2  24.2  23.8  24.4  24.7  33.3  42.5  65.0  68.0  59.1  49.9  34.8  32.3  29.2  28.5  27.8  27.9 
 24.3  24.8  24.8  24.8  24.3  24.3  24.3  24.4  24.0  24.2  24.3  24.3  23.9  23.8  24.0  24.1  24.0  24.2  24.4  25.0  31.4  36.4  51.9  54.0  46.8  41.9  32.7  31.6  28.5  28.5  28.1  28.2 
 25.0  24.4  25.0  24.8  24.5  24.1  24.5  24.5  24.1  24.1  24.3  24.3  24.0  23.8  24.2  24.3  24.0  23.9  24.8  25.4  27.2  28.4  33.0  34.1  33.7  32.7  31.0  30.2  28.3  27.8  28.8  29.3 
 24.8  25.0  24.9  24.7  24.3  24.4  24.5  24.5  24.2  24.4  24.2  24.2  24.1  24.0  24.1  24.2  24.0  24.1  24.9  25.5  26.0  27.0  29.8  30.8  31.2  31.2  29.9  29.4  27.7  27.6  29.2  30.5 
 25.3  24.9  24.9  24.9  24.6  24.0  24.7  24.4  24.4  24.1  24.2  24.5  24.3  23.9  24.3  24.3  24.1  24.0  25.0  25.2  25.5  25.6  27.8  28.2  28.8  29.0  28.8  28.6  27.5  28.0  31.3  32.5 
 26.0  25.7  24.8  25.1  24.3  24.5  24.6  24.6  24.1  24.3  24.2  24.5  24.1  24.3  24.4  24.3  24.2  24.2  25.2  25.2  25.0  25.4  27.2  27.5  27.7  28.0  28.3  28.5  27.8  28.2  31.9  32.8 
