 24.5  23.4  24.0  23.8  24.2  24.0  24.4  24.3  24.0  23.9  24.1  24.4  23.9  23.9  24.1  24.1  24.0  23.8  24.0  24.2  23.8  24.1  24.1  24.5  24.3  24.1  24.5  24.6  24.5  24.3  25.3  26.4 
 24.3  24.0  24.0  24.3  24.2  24.1  24.5  24.2  23.8  24.1  24.2  24.1  23.7  23.9  24.3  24.0  23.8  23.7  24.3  24.2  23.9  23.9  24.2  24.3  24.0  24.3  24.8  24.6  24.5  24.3  25.5  25.7 
 24.2  23.8  24.4  24.3  24.2  24.2  24.2  24.4  24.1  23.7  24.0  24.1  23.9  23.7  24.2  24.0  24.1  23.8  23.9  24.3  24.0  23.9  24.1  24.5  24.1  23.9  24.3  24.5  24.0  23.9  24.7  25.1 
 23.7  23.7  24.3  24.7  24.0  24.1  24.6  24.3  24.1  23.8  24.3  24.2  23.8  23.7  24.1  24.1  23.9  24.0  24.2  24.0  24.0  24.1  24.2  24.0  24.0  24.0  24.6  24.5  24.1  24.2  24.8  24.9 
 24.4  24.2  24.5  24.6  24.5  24.2  24.3  24.2  24.1  23.7  23.9  24.1  24.0  23.8  23.9  24.2  23.8  23.7  24.1  24.3  23.9  23.8  24.0  24.2  24.2  23.8  24.3  24.5  24.4  24.3  24.8  24.8 
 24.2  24.0  24.4  24.5  24.4  24.4  24.4  24.3  23.9  23.8  23.8  23.9  23.5  23.9  23.9  24.0  23.8  23.8  24.0  24.0  23.8  23.9  24.2  24.1  24.1  24.0  24.3  24.3  24.2  24.5  24.8  24.5 
 24.2  24.0  24.2  24.6  24.2  24.1  24.1  24.4  24.2  23.8  23.9  24.2  23.9  23.7  24.0  24.0  24.0  23.7  24.0  24.1  24.1  23.6  24.1  24.0  23.9  23.9  24.4  24.3  24.4  24.0  24.2  24.7 
 24.3  24.1  24.2  24.4  24.1  24.1  24.4  24.3  23.8  23.9  24.1  23.9  23.8  23.8  24.1  24.0  23.9  23.7  24.1  24.1  24.0  23.9  24.0  24.0  23.8  23.9  24.3  24.1  23.9  24.1  24.6  23.7 
 24.5  24.0  24.5  24.8  24.3  23.8  24.3  24.2  24.1  23.7  24.1  24.1  23.9  23.7  23.9  24.1  23.9  23.7  24.1  24.0  23.9  23.9  24.2  24.3  24.0  23.8  24.3  24.5  24.2  24.2  24.2  24.2 
 24.3  24.1  24.8  24.4  24.2  24.0  24.3  24.1  24.1  23.7  24.2  24.1  23.7  23.8  24.0  23.9  23.9  23.8  24.1  24.0  23.8  24.0  24.2  24.2  24.2  24.2  24.4  24.5  23.9  24.1  24.7  24.5 
 24.5  24.2  24.4  24.6  24.2  24.1  24.1  24.2  23.9  23.7  24.0  24.1  23.9  24.0  23.9  24.1  24.0  23.8  24.2  24.2  23.9  23.9  24.1  24.3  24.0  23.9  24.2  24.4  24.1  24.1  24.6  25.0 
 24.1  24.3  24.5  24.3  24.2  24.0  24.3  24.3  24.0  23.8  24.3  24.1  23.9  23.9  23.9  24.1  23.8  23.9  24.1  24.1  24.1  24.0  24.3 nan  23.6  24.2  24.2  24.5  24.2  24.4  25.0  24.8 
 24.5  24.2  24.4  24.5  24.2  24.1  24.1  24.3  23.9  23.8  24.0  24.2  24.0  23.9  24.0  24.1  24.1  23.9  24.0  24.2  24.1  24.1  24.3  24.6  24.2  24.0  24.5  24.8  24.5  24.4  25.4  25.3 
 24.2  24.3  24.8  24.5  24.1  23.9  24.2  24.2  23.7  23.9  24.0  24.1  23.9  24.1  24.2  24.1  23.8  24.0  24.0  24.0  24.1  24.2  24.6  24.4  24.3  24.4  24.9  24.9  24.8  25.0  25.5  25.3 
 24.5  24.2  24.4  24.8  24.1  24.1  24.3  24.3  24.0  23.8  24.1  24.1  23.9  23.9  23.9  24.2  24.0  23.9  24.2  24.5  24.5  24.8  29.6  31.2  31.0  29.9  27.5  27.3  26.7  26.4  26.3  26.5 
 24.3  24.5  24.7  24.4  24.1  23.9  24.3  24.1  24.0  23.9  24.2  24.0  23.7  23.8  24.1  24.1  23.8  23.9  24.2  24.3  25.3  28.8  45.3  47.5  44.3  39.2  30.7  29.3  27.6  27.3  27.0  26.7 
 24.7  24.6  24.7  24.8  24.3  24.0  24.3  24.5  24.0  23.8  24.0  24.2  24.2  23.9  24.0  24.1  24.0  23.9  24.3  24.5  32.1  44.6  70.4  73.6  69.8  60.6  36.3  32.9  29.1  28.4  27.6  27.5 
 24.7  24.2  24.8  24.6  24.4  24.0  24.4  24.3  23.8  24.1  24.4  24.0  24.1  24.1  24.2  24.1  24.0  24.0  24.4  24.5  34.4  48.9  74.9  77.6  71.5  61.7  37.2  33.5  29.1  28.6  27.9  27.6 
 25.0  24.5  24.7  24.8  24.3  24.5  24.4  24.5  24.3  23.8  24.2  24.3  24.0  23.9  24.2  24.3  24.1  24.1  24.4  24.8  33.5  42.3  65.0  68.0  59.1  49.8  34.6  32.8  29.3  28.5  27.8  28.3 
 24.6  24.8  25.1  24.8  24.5  24.3  24.6  24.5  24.0  24.2  24.3  24.1  24.0  23.9  24.4  24.1  24.0  24.3  24.8  25.0  31.2  36.4  51.9  54.1  47.0  42.0  32.9  31.6  28.8  28.3  28.1  28.6 
 25.2  24.9  25.1  25.1  24.4  24.4  24.5  24.7  24.3  24.1  24.4  24.4  24.2  23.9  24.1  24.4  24.1  24.0  24.7  25.7  27.2  28.5  33.3  34.4  33.8  32.6  30.8  30.3  28.3  27.7  28.4  30.0 
 25.4  24.9  25.2  25.2  24.7  24.2  24.5  24.7  24.0  24.3  24.6  24.5  24.1  24.1  24.4  24.2  24.2  24.2  25.0  25.5  26.3  27.0  30.1  30.9  31.1  31.1  29.9  29.6  28.0  27.8  29.0  30.2 
 25.8  25.1  25.1  24.9  24.8  24.2  24.7  24.8  24.4  24.5  24.3  24.8  24.2  24.0  24.4  24.4  24.4  24.1  25.3  25.2  25.4  25.7  27.7  28.6  28.9  28.7  29.0  28.7  27.7  27.7  31.3  32.5 
 25.9  25.2  25.5  25.1  24.6  24.7  24.9  24.8  24.4  24.1  24.6  24.6  23.9  24.1  24.6  24.2  24.2  24.3  25.4  25.0  25.1  25.5  27.3  27.8  28.1  28.1  28.4  28.2  27.7  28.7  32.3  32.8 
