 24.7  24.0  23.9  24.0  24.2  24.3  24.3  24.6  24.0  23.9  24.3  24.1  24.2  23.9  23.9  24.2  23.9  24.1  24.0  24.1  23.8  24.1  24.1  24.3  24.1  24.1  24.3  24.5  24.5  24.3  25.0  26.7 
 24.1  23.8  24.1  24.0  24.0  24.0  24.3  24.8  24.2  24.0  24.3  24.2  24.1  24.0  24.2  24.1  24.0  23.5  24.4  24.1  24.2  23.9  24.2  24.5  24.2  24.1  24.8  24.6  24.6  24.6  25.3  25.7 
 23.8  24.0  24.1  24.2  24.2  24.3  24.1  24.4  23.9  23.8  24.1  24.1  23.8  24.0  24.1  24.2  23.9  24.0  24.0  24.1  23.8  23.9  24.2  24.2  24.2  24.2  24.2  24.4  24.4  24.1  24.7  25.1 
 24.1  23.7  24.3  24.6  24.3  24.0  24.6  24.4  24.1  23.7  24.2  24.0  23.8  23.8  24.1  24.0  24.1  23.9  24.2  24.0  23.9  23.9  24.0  24.3  24.1  24.0  24.5  24.6  24.3  24.1  25.0  25.1 
 24.0  24.5  24.2  24.4  24.4  24.3  24.3  24.1  23.9  23.9  24.1  24.0  23.8  23.9  24.1  24.0  23.7  23.8  24.0  24.1  23.7  23.9  23.9  24.1  23.9  24.3  24.5  24.5  24.3  24.3  24.6  24.9 
 24.4  23.9  24.4  24.2  24.5  24.1  24.4  24.1  24.1  23.8  24.1  24.1  23.9  23.7  24.0  23.9  24.0  23.7  24.2  24.1  23.8  23.6  24.0  24.0  24.2  23.8  24.3  24.3  24.2  24.2  24.7  24.5 
 24.1  24.2  24.1  24.4  24.2  24.0  24.1  24.1  23.8  23.8  24.0  24.1  23.9  23.7  23.9  24.0  23.7  24.0  23.9  24.1  24.0  23.8  24.1  24.2  23.9  23.9  24.2  24.0  24.1  24.0  24.2  24.4 
 24.6  24.1  24.2  24.1  24.1  24.1  24.3  24.1  23.9  24.0  24.2  23.9  23.8  23.8  24.0  24.1  23.9  23.8  24.1  23.9  24.0  23.8  24.3  24.2  23.8  23.8  24.3  24.3  24.4  24.0  24.6  23.7 
 24.3  24.3  24.5  24.4  24.0  24.3  24.1  24.2  23.9  24.0  24.1  24.1  23.9  23.9  24.1  24.1  23.8  23.9  24.1  24.1  23.9  23.9  24.2  24.1  24.0  24.3  24.3  24.4  24.1  24.1  24.4  24.5 
 24.7  24.5  24.6  24.6  24.3  24.0  24.3  24.0  24.1  23.7  24.2  24.1  23.9  23.8  24.0  23.9  24.0  23.7  24.1  24.1  23.9  23.9  24.2  24.1  24.2  23.9  24.7  24.4  24.3  24.0  24.9  24.6 
 24.2  24.5  24.6  24.3  24.1  24.2  24.0  24.1  23.8  24.0  24.0  24.0  23.8  23.9  23.9  24.1  23.9  23.9  24.1  24.2  23.9  24.1  24.3  24.3  23.9  24.1  24.3  24.1  24.2  24.4  24.6  24.7 
 24.2  24.4  24.5  24.2  24.1  24.0  24.4  24.2  23.8  23.7  24.0  24.1  24.0  23.8  24.1  24.0  23.9  23.8  24.2  24.2  24.0  23.9  24.3 nan  24.1  23.9  24.5  24.3  24.3  24.0  24.8  24.6 
 24.4  24.4  24.4  24.7  24.1  24.0  24.4  24.2  24.0  24.0  24.1  24.2  23.9  24.0  24.0  24.2  24.0  24.0  24.1  24.1  24.2  24.0  24.3  24.3  24.4  24.2  24.5  24.6  24.7  24.6  25.0  25.1 
 24.5  24.1  24.7  24.3  24.3  24.0  24.4  24.3  24.0  23.8  24.1  24.1  23.9  23.8  24.2  24.0  24.0  23.8  24.1  24.2  24.2  23.9  24.4  24.5  24.4  24.4  24.9  24.9  25.0  24.9  25.4  25.6 
 24.2  24.7  24.4  24.7  24.4  24.2  24.3  24.2  24.1  24.0  24.0  24.1  23.9  23.9  24.1  24.1  24.0  24.0  24.4  24.3  24.4  24.8  29.8  31.0  30.7  30.0  27.5  27.1  26.7  26.7  25.9  26.2 
 24.5  24.3  24.7  24.4  24.3  23.9  24.2  24.3  24.1  23.8  24.2  23.9  23.9  23.8  24.0  24.2  24.0  23.8  24.3  24.3  25.3  28.9  45.3  47.5  44.6  39.4  30.8  29.5  27.5  27.3  27.0  26.7 
 24.2  24.4  24.4  24.6  24.3  24.1  24.2  24.3  24.0  24.0  24.0  24.2  24.0  24.0  24.1  24.1  24.0  24.0  24.2  24.5  32.0  44.6  70.4  73.6  69.8  60.6  36.3  33.0  28.8  28.3  27.5  27.2 
 24.8  24.4  24.7  24.7  24.1  24.1  24.4  24.3  24.0  24.0  24.1  24.1  24.1  23.9  24.2  24.1  24.0  23.9  24.5  24.4  34.6  48.9  75.1  77.7  71.7  61.5  37.1  33.3  29.5  28.4  27.7  27.6 
 24.6  24.6  24.9  25.1  24.3  24.3  24.3  24.5  24.0  24.0  24.1  24.1  23.9  24.2  24.3  24.4  24.0  24.0  24.4  24.8  33.4  42.7  65.1  68.0  59.1  50.2  34.7  32.5  29.3  28.4  27.4  27.9 
 24.6  24.6  24.8  24.8  24.5  24.1  24.5  24.3  24.1  23.8  24.2  24.1  24.1  23.8  24.3  24.1  24.0  24.1  24.6  24.9  31.3  36.2  52.0  54.1  47.0  41.9  33.2  31.6  28.8  28.3  27.9  28.6 
 24.8  24.9  25.0  24.9  24.4  24.7  24.5  24.6  24.3  24.2  24.3  24.4  24.0  24.0  24.1  24.4  23.8  24.3  24.8  25.6  27.1  28.6  33.2  34.2  33.8  33.0  31.1  30.2  28.0  27.9  28.6  29.5 
 25.2  25.1  25.2  24.7  24.7  24.2  24.8  24.6  24.3  24.3  24.3  24.2  24.0  24.0  24.4  24.2  24.2  24.1  25.0  25.6  26.3  26.7  30.1  30.8  31.3  31.1  30.0  29.6  27.8  27.6  29.9  30.1 
 25.6  25.5  24.9  25.3  24.6  24.4  24.6  24.8  24.5  24.2  24.4  24.8  24.2  24.2  24.3  24.3  24.2  24.2  25.2  25.2  25.3  25.9  27.7  28.3  28.9  28.9  29.0  28.7  27.7  28.2  30.2  32.1 
 26.5  24.9  25.3  25.1  24.6  24.5  24.7  24.6  24.7  24.4  24.7  24.6  24.4  24.0  24.6  24.2  24.5  24.1  25.2  25.2  25.4  25.5  27.4  27.6  28.2  28.0  28.1  28.3  28.0  28.9  31.4  33.2 
