 24.5  23.8  24.0  23.8  24.4  24.3  24.6  24.2  24.3  23.7  24.4  24.3  24.1  23.8  24.0  24.1  23.9  24.1  24.0  24.2  24.1  23.8  24.1  24.2  23.9  24.1  24.5  24.5  24.4  24.2  25.6  26.4 
 24.3  23.6  23.8  24.3  24.4  24.1  24.6  24.4  24.2  24.0  24.2  24.2  23.7  23.8  24.1  24.0  23.9  23.9  24.3  24.0  24.1  24.0  24.3  24.2  24.0  24.4  24.5  24.3  24.3  24.4  25.6  25.4 
 24.0  23.6  24.3  24.3  24.3  23.9  24.3  24.4  23.9  23.8  24.0  24.1  23.8  23.7  24.3  24.1  23.9  23.7  24.1  24.2  24.0  23.8  23.9  24.2  24.2  24.0  24.3  24.7  24.5  24.5  24.7  25.3 
 23.7  23.8  24.2  24.4  24.3  24.3  24.4  24.3  24.1  23.8  24.1  24.0  23.7  23.8  24.0  24.0  24.1  23.8  24.0  24.0  24.0  23.8  24.2  24.4  24.1  24.2  24.3  24.3  24.1  23.9  24.8  24.9 
 24.4  24.1  24.5  24.3  24.4  24.1  24.3  24.0  24.1  23.7  24.0  23.9  23.9  23.8  23.9  24.0  23.9  23.8  23.9  24.1  23.9  23.8  23.9  24.1  23.9  23.8  24.2  24.4  24.3  24.2  24.3  24.8 
 24.1  23.9  24.4  24.3  24.1  24.4  24.2  24.2  23.9  24.1  23.8  24.1  23.7  23.7  23.9  24.1  23.9  23.8  24.0  24.0  23.8  23.7  24.1  24.1  24.1  23.7  24.4  24.3  24.2  24.1  24.9  24.2 
 24.2  23.9  24.3  24.5  24.0  24.0  24.1  24.3  23.9  23.6  23.9  24.2  23.9  23.8  23.9  23.9  23.8  24.1  24.1  24.0  24.0  23.9  24.0  24.2  23.8  23.7  24.4  24.4  24.3  24.0  24.2  24.6 
 24.2  23.9  24.3  24.4  24.3  24.2  24.1  24.3  23.9  23.8  24.0  23.9  23.9  23.8  24.0  24.0  23.9  23.9  24.0  24.0  23.8  24.0  24.2  24.2  24.1  23.8  24.3  24.5  24.2  24.1  24.3  23.9 
 24.5  24.1  24.3  24.4  24.1  24.0  24.2  24.0  23.9  23.8  24.1  23.9  23.9  23.7  23.9  24.1  23.8  23.7  24.1  24.1  24.0  23.9  24.1  24.0  23.9  24.0  24.3  24.3  24.2  24.1  24.4  24.5 
 24.2  24.3  24.6  24.4  24.2  23.8  24.3  24.0  23.9  23.9  24.0  24.1  23.9  23.9  24.1  23.9  24.0  23.9  24.1  24.1  24.0  23.9  24.1  24.3  24.0  24.0  24.2  24.3  23.9  23.9  24.9  24.6 
 24.4  24.2  24.4  24.5  24.0  24.1  24.0  24.2  23.7  23.9  24.1  24.1  24.0  23.7  23.9  24.0  24.0  23.8  24.0  24.1  23.9  24.0  24.2  24.3  24.0  23.9  24.2  24.1  24.4  24.3  24.3  24.5 
 24.2  24.3  24.5  24.2  24.0  23.9  24.2  24.2  24.0  23.9  24.1  24.1  23.9  23.9  24.1  24.0  23.8  24.0  24.1  24.1  23.9  23.9  24.3 nan  24.0  24.0  24.2  24.3  24.2  24.0  24.4  24.8 
 24.5  24.1  24.4  24.5  24.1  24.0  24.0  24.2  23.8  23.8  24.0  24.1  24.0  23.9  24.1  24.0  23.9  23.8  24.1  24.1  23.9  23.9  24.3  24.5  24.4  24.0  24.7  24.6  24.6  24.4  25.4  25.3 
 24.4  24.3  24.5  24.6  24.0  24.0  24.2  24.1  23.8  23.7  24.2  24.2  24.0  23.8  24.2  24.0  23.9  23.9  24.1  24.1  24.2  24.0  24.4  24.5  24.4  24.3  24.8  25.0  25.0  24.9  25.4  25.6 
 24.4  24.1  24.6  24.5  24.2  24.0  24.2  24.1  24.0  23.8  24.1  24.1  23.9  23.8  24.1  24.0  24.0  23.9  24.1  24.3  24.5  24.8  29.7  31.0  30.8  29.9  27.5  27.2  26.6  26.3  26.6  26.2 
 24.5  24.2  24.9  24.6  24.1  24.1  24.2  24.3  24.0  24.0  24.1  24.0  24.0  23.8  24.0  24.0  23.9  24.0  24.3  24.3  25.2  28.7  45.3  47.4  44.4  39.3  30.9  29.3  27.5  26.8  26.9  26.4 
 24.4  24.3  24.6  24.4  24.3  24.1  24.4  24.2  23.8  23.7  23.9  24.1  23.9  23.9  23.9  24.0  23.9  23.9  24.2  24.5  31.9  44.7  70.4  73.5  69.7  60.6  36.3  33.0  29.0  28.0  27.4  27.5 
 24.4  24.2  24.7  24.6  24.2  24.0  24.3  24.2  24.0  23.9  24.0  24.0  24.0  24.0  24.1  24.0  24.0  23.8  24.4  24.4  34.6  48.9  74.9  77.5  71.6  61.6  37.0  33.4  29.5  28.6  27.9  27.6 
 24.8  24.3  24.9  24.5  24.2  24.1  24.3  24.5  23.9  24.0  24.2  24.1  23.9  24.0  24.1  24.2  24.0  23.9  24.5  24.6  33.5  42.4  65.0  68.0  59.0  50.1  34.7  32.4  29.4  28.5  27.8  27.9 
 25.0  24.6  24.8  24.8  24.4  24.1  24.4  24.3  24.1  24.2  24.2  24.2  24.1  24.1  24.3  24.1  24.1  24.1  24.6  25.0  31.1  36.2  51.8  54.0  47.0  41.8  32.9  31.4  28.9  28.0  28.1  28.2 
 25.0  24.7  25.1  25.1  24.7  24.1  24.4  24.5  24.3  24.0  24.2  24.3  24.2  23.9  24.2  24.2  24.1  24.1  24.6  25.4  27.3  28.5  33.1  34.3  33.7  32.5  30.5  30.1  28.0  27.9  28.2  29.6 
 25.0  24.8  24.9  24.7  24.3  24.4  24.4  24.5  24.3  24.1  24.2  24.2  24.0  24.1  24.3  24.3  24.0  24.2  25.1  25.4  26.2  26.8  30.1  31.0  31.1  31.1  30.0  29.5  27.8  27.6  29.5  30.2 
 25.8  24.9  25.1  25.1  24.8  24.4  24.5  24.5  24.4  24.2  24.3  24.6  24.1  24.2  24.3  24.3  24.4  24.0  25.3  25.2  25.3  26.0  27.7  28.4  28.9  28.8  28.8  28.6  27.5  28.0  30.6  32.1 
 26.3  25.7  25.5  25.1  24.6  24.3  24.6  24.5  24.1  24.1  24.5  24.6  24.1  24.3  24.2  24.4  24.5  24.1  25.1  25.3  25.3  25.4  27.3  27.9  27.8  28.0  28.3  28.3  27.8  28.2  31.5  32.8 
