 24.6  24.0  23.8  23.8  24.4  24.3  24.6  24.5  24.2  23.9  24.3  24.3  24.1  23.9  24.0  24.2  24.2  24.0  24.4  24.1  24.1  24.0  24.2  24.4  24.3  24.1  24.5  24.6  24.8  24.3  25.6  26.6 
 24.7  24.1  24.1  24.2  24.5  24.3  24.4  24.4  24.2  24.1  24.0  24.2  24.0  23.8  24.0  24.1  24.3  23.8  24.2  24.3  24.1  23.9  24.3  24.2  24.0  24.4  24.6  24.8  24.5  24.7  25.3  26.0 
 24.0  23.8  24.8  24.3  24.5  24.3  24.4  24.3  23.9  24.0  24.1  24.0  24.0  23.8  24.0  24.0  24.1  24.0  24.0  24.2  24.0  24.2  24.2  24.3  24.3  24.2  24.5  24.4  24.6  24.4  25.1  25.0 
 24.1  23.9  24.1  24.6  23.9  24.2  24.5  24.5  24.1  23.7  24.3  24.1  24.0  23.8  24.0  24.0  23.9  23.9  24.2  24.0  24.2  24.0  24.3  24.4  24.1  24.2  24.8  24.6  24.4  24.3  25.0  25.0 
 24.6  24.2  24.4  24.4  24.4  24.2  24.3  24.0  24.1  23.9  23.9  24.3  23.9  23.8  24.1  24.1  24.0  23.8  24.1  24.0  23.8  23.9  24.2  24.0  24.1  23.9  24.4  24.3  24.0  24.3  24.5  24.6 
 24.2  23.9  24.2  24.5  24.3  24.4  24.2  24.4  24.0  23.9  24.2  24.0  23.9  23.9  24.0  24.0  23.9  23.8  24.2  24.2  24.0  23.8  24.2  24.2  24.2  24.0  24.3  24.4  24.3  24.4  24.7  24.7 
 24.3  24.2  24.4  24.4  24.3  24.2  24.3  24.3  24.0  23.9  24.0  24.1  23.9  24.0  23.9  24.1  23.9  24.0  24.2  24.1  24.1  24.1  24.2  24.2  23.9  23.9  24.3  24.6  24.1  24.3  24.4  24.2 
 24.3  24.3  24.3  24.8  24.4  24.1  24.2  24.3  24.0  24.0  24.3  24.0  24.0  23.9  23.8  24.1  24.0  24.0  24.1  24.0  24.1  23.8  24.3  24.0  24.1  23.9  24.4  24.4  24.4  24.2  24.6  23.8 
 24.8  24.3  24.5  24.3  24.2  24.2  24.3  24.3  24.0  24.0  24.1  24.1  23.9  24.1  24.0  24.0  23.9  24.0  24.2  24.0  23.9  24.0  24.2  24.3  24.1  24.0  24.5  24.2  24.4  24.5  24.6  24.3 
 24.5  24.3  24.6  24.7  24.3  24.2  24.3  24.2  24.1  24.0  24.1  24.2  24.1  23.8  24.0  24.1  23.9  23.9  24.2  24.1  24.1  23.9  24.0  24.2  24.2  24.1  24.5  24.4  24.3  24.0  24.6  24.7 
 24.6  24.5  24.6  24.4  24.2  24.2  24.2  24.2  23.9  24.0  24.1  24.2  23.8  24.0  24.1  24.0  24.0  24.0  24.1  24.2  24.0  24.0  24.2  24.2  24.1  24.0  24.3  24.4  24.3  24.4  24.6  24.7 
 24.5  24.3  24.3  24.4  24.0  24.1  24.2  24.1  24.1  23.9  24.2  24.2  24.0  23.8  23.9  24.0  23.9  23.8  23.9  24.1  24.2  24.2  24.3 nan  24.3  23.9  24.3  24.5  24.2  24.0  24.7  24.8 
 24.5  24.2  24.5  24.4  24.3  24.1  24.3  24.4  23.9  24.0  24.2  24.1  24.0  23.9  24.0  24.2  24.1  23.9  24.1  24.3  24.1  24.1  24.4  24.4  24.2  24.2  24.9  24.7  24.4  24.7  25.2  25.3 
 24.4  24.5  24.4  24.6  24.4  24.1  24.3  24.4  24.2  23.9  24.1  24.1  24.0  24.1  24.1  24.2  24.0  24.0  24.3  24.1  24.3  24.1  24.4  24.5  24.6  24.4  24.8  24.8  25.0  25.2  25.2  25.3 
 24.6  24.4  24.6  24.5  24.5  24.3  24.2  24.4  24.2  24.1  24.2  24.2  24.0  23.9  24.2  24.2  24.1  24.0  24.2  24.3  24.5  25.1  29.8  31.1  30.8  30.0  27.4  27.2  26.6  26.6  26.3  26.4 
 24.6  24.3  24.5  24.7  24.3  24.1  24.3  24.2  24.1  23.7  24.0  24.0  24.1  23.9  24.2  24.1  24.0  23.9  24.1  24.3  25.4  28.9  45.2  47.5  44.4  39.3  30.8  29.2  27.8  27.4  26.7  26.9 
 24.6  24.3  24.7  24.3  24.3  24.1  24.2  24.3  24.2  24.1  24.2  24.1  24.0  23.9  24.1  24.1  23.9  24.0  24.3  24.5  32.1  44.7  70.4  73.5  69.8  60.8  36.3  32.9  29.0  28.5  27.7  27.5 
 24.8  24.3  24.7  24.6  24.3  24.1  24.4  24.5  24.2  24.0  24.0  24.1  24.1  24.0  23.9  24.3  24.1  23.7  24.4  24.6  34.6  48.9  74.9  77.5  71.5  61.6  37.3  33.4  29.7  28.6  28.1  27.7 
 24.8  24.6  24.9  24.8  24.6  24.2  24.6  24.5  24.3  24.2  24.3  24.2  24.2  24.1  24.4  24.5  24.4  24.3  24.4  24.8  33.5  42.7  65.0  68.0  59.2  50.1  34.8  32.6  29.5  28.7  27.8  28.2 
 24.8  25.0  24.8  25.0  24.6  24.3  24.4  24.5  24.2  24.1  24.3  24.3  24.1  24.1  24.2  24.2  24.3  24.0  24.8  25.0  31.5  36.6  51.9  54.1  47.0  42.1  33.1  31.5  29.1  28.4  28.4  28.4 
 25.2  24.8  25.3  24.9  24.6  24.5  24.5  24.5  24.3  24.2  24.3  24.2  24.1  24.1  24.3  24.4  24.1  24.2  24.8  25.4  27.5  28.8  33.1  34.3  33.8  32.7  31.0  30.2  28.2  28.1  28.7  29.2 
 25.1  25.0  25.2  24.9  24.7  24.3  24.5  24.7  24.2  24.4  24.3  24.4  24.1  24.0  24.1  24.5  24.3  24.1  25.1  25.7  26.3  27.2  30.0  30.9  31.2  31.1  29.9  29.4  28.0  27.7  29.6  30.8 
 26.4  25.2  25.1  25.2  24.8  24.2  25.0  24.5  24.4  24.5  24.5  24.5  24.4  24.1  24.7  24.6  24.4  24.2  25.3  25.4  25.5  25.8  27.9  28.4  28.9  28.8  28.7  28.6  27.9  27.9  30.7  31.8 
 25.8  25.8  24.7  25.3  24.9  24.4  24.6  24.9  24.3  24.4  24.5  24.6  24.2  24.3  24.6  24.6  24.4  24.3  25.3  25.3  25.3  25.7  27.1  27.8  28.1  28.1  28.4  28.4  28.1  28.7  31.6  32.9 
