 24.1  23.2  23.4  23.7  22.9  22.7  23.1  22.9  22.6  22.3  23.0  22.8  22.7  22.4  22.8  22.7  22.7  22.4  22.8  22.9  22.5  22.6  22.9  22.8  23.0  22.7  23.4  24.0  23.7  23.3  24.4  24.9 
 23.4  23.3  23.4  23.6  22.4  22.5  22.9  23.1  22.6  22.6  22.9  23.0  22.6  22.5  22.8  22.8  22.6  22.4  22.8  22.8  22.6  22.6  22.7  23.1  22.8  23.0  23.4  24.7  23.6  23.4  23.8  24.8 
 23.7  23.1  23.7  23.1  23.0  22.3  22.9  22.8  22.8  22.5  23.0  23.0  22.6  22.6  23.0  22.7  22.6  22.4  22.8  22.8  22.6  22.5  22.9  22.8  23.0  22.7  23.3  23.2  23.2  23.1  23.8  23.8 
 23.0  23.5  23.1  23.5  22.6  22.6  23.0  23.3  22.7  22.7  22.9  22.9  22.4  22.4  22.6  22.8  22.4  22.5  22.7  22.8  22.4  22.4  23.0  22.9  22.5  22.9  22.8  23.1  22.7  23.0  23.6  24.0 
 23.2  23.0  23.5  23.3  22.6  22.6  23.2  23.2  23.4  23.3  23.0  22.8  22.7  22.4  22.7  22.6  22.5  22.4  22.9  22.7  22.6  22.5  22.8  23.0  22.9  22.6  23.2  23.0  23.3  23.2  23.4  23.3 
 23.0  23.3  23.2  23.2  22.7  23.0  23.1  23.2  23.8  24.0  23.1  23.0  22.4  22.8  22.7  22.7  22.6  22.4  22.5  22.7  22.6  22.4  22.8  23.0  23.0  22.7  22.9  23.2  23.0  23.2  23.5  23.3 
 23.2  22.9  23.3  23.4  22.7  22.7  23.3  23.6  25.4  26.6  24.3  23.3  22.6  22.5  22.6  22.8  22.6  22.5  22.8  22.7  22.7  22.5  23.1  22.9  22.7  22.5  23.2  23.0  22.8  22.8  23.3  23.2 
 23.1  23.1  23.1  23.1  22.8  22.7  23.5  23.5  25.8  27.4  24.6  23.4  22.7  22.8  22.7  22.7  22.6  22.4  22.6  22.8  22.7  22.8  23.0  22.9  22.6  22.7  23.0  22.9  22.8  23.0  23.4  22.7 
 23.6  23.1  23.6  23.3  22.7  22.6  23.3  23.2  23.4  23.4  23.2  23.0  22.9  22.5  22.7  22.8  22.7  22.6  22.8  22.7  22.7  22.6  23.0  22.9  22.8  22.7  23.2  23.0  23.2  22.8  23.5  23.3 
 23.5  23.4  23.5  23.4  22.9  23.0  23.1  23.2  22.9  23.0  23.0  23.1  22.6  22.5  22.7  22.8  22.7  22.6  22.7  22.9  22.6  22.7  22.8  22.8  22.7  22.6  23.0  23.3  22.9  22.9  23.5  23.6 
 24.0  23.6  24.3  24.2  23.8  23.4  23.4  23.2  22.9  22.9  23.2  22.9  22.7  22.4  22.8  22.8  22.7  22.5  22.8  22.8  22.7  22.5  22.9  22.6  22.6  22.7  23.5  23.8  23.8  23.2  23.7  23.5 
 23.6  24.0  24.0  24.6  24.5  24.6  24.1  23.8  22.9  22.7  23.0  23.0  22.7  22.7  22.8  22.9  22.7  22.6  22.8  22.8  22.7  22.5  22.8 nan  22.8  22.8  24.4  25.3  23.7  23.1  23.5  23.6 
 24.5  24.2  25.6  25.8  27.1  27.6  32.8  34.8  33.1  29.2  23.4  23.1  23.0  22.5  22.9  22.8  22.7  22.4  22.9  22.7  22.9  22.6  23.0  23.0  22.9  22.6  24.1  24.7  23.8  23.3  23.7  23.8 
 24.7  25.0  25.9  26.9  28.3  30.0  41.4  48.9  53.5  47.4  24.6  23.4  22.8  22.9  22.8  22.9  22.5  22.6  22.8  22.9  22.7  22.5  22.8  23.1  22.6  22.9  23.2  23.7  23.4  23.2  23.6  23.6 
 25.2  25.4  27.0  27.6  30.6  33.7  54.8  63.0  74.8  71.3  35.2  25.7  22.9  22.6  22.9  22.9  22.7  22.7  23.0  22.7  22.7  22.6  22.9  22.8  22.7  22.5  23.2  23.0  23.3  23.1  23.6  23.7 
 25.1  25.4  27.0  27.7  30.7  34.2  53.5  62.7  78.5  79.3  37.7  26.3  22.8  22.6  22.7  22.9  22.7  22.5  22.7  22.8  22.6  22.7  22.7  23.1  22.7  22.9  23.2  23.2  23.1  23.3  23.6  23.9 
 25.4  25.4  27.0  27.0  29.8  31.6  44.3  53.4  73.5  70.7  30.5  24.4  23.0  22.8  22.9  22.8  22.8  22.5  22.9  22.8  22.6  22.4  23.2  22.9  22.9  22.7  23.4  23.2  23.0  22.8  23.7  23.9 
 25.3  25.4  26.4  27.3  28.6  29.7  37.2  42.3  54.3  50.3  25.9  24.0  22.9  22.8  22.9  22.9  22.6  22.6  22.8  23.0  22.7  22.8  22.9  23.2  22.6  22.7  23.3  23.3  23.2  23.1  23.6  23.8 
 25.4  25.4  26.7  26.8  27.1  27.2  29.0  29.8  29.9  28.2  24.1  23.5  23.0  22.7  23.1  22.9  22.9  22.7  23.1  23.1  23.0  22.6  23.1  23.2  22.9  22.8  23.6  23.3  23.5  23.1  23.6  24.0 
 25.3  25.4  26.1  26.6  26.4  26.2  27.5  27.7  27.2  26.3  23.7  23.5  22.9  23.0  23.2  23.0  22.7  22.7  22.9  23.0  22.8  22.7  23.1  23.2  22.8  22.9  23.4  23.3  23.1  23.3  24.2  24.3 
 25.6  25.2  26.3  25.8  25.8  25.5  26.2  25.9  25.3  24.6  23.8  23.5  23.1  22.9  23.0  23.2  22.9  22.8  23.1  23.1  22.9  22.7  23.3  23.2  23.1  22.9  23.7  23.8  23.7  24.1  25.4  25.6 
 25.1  25.7  25.5  25.6  25.5  25.5  25.5  25.6  24.7  24.3  23.7  23.6  22.9  23.0  23.1  23.4  22.7  22.7  23.1  23.3  22.8  22.8  23.0  23.4  22.6  23.1  23.4  24.1  24.7  24.7  25.9  26.9 
 26.5  25.5  25.6  25.6  25.3  24.6  25.0  24.9  24.1  23.9  23.9  23.6  23.4  23.0  23.3  23.1  23.1  22.8  23.3  23.1  23.2  23.0  23.6  23.7  23.7  23.7  25.5  25.6  25.9  25.6  27.6  27.7 
 26.0  25.9  25.5  25.5  24.7  24.7  24.9  24.9  24.1  23.7  23.9  23.8  23.1  23.2  23.2  23.3  22.8  23.1  23.2  23.5  23.4  23.4  23.5  24.2  24.2  24.7  26.4  27.0  26.1  26.1  27.6  28.2 
