 24.3  24.0  23.8  24.0  24.2  24.0  24.4  24.3  24.0  23.9  23.9  24.4  23.9  23.9  24.0  24.2  23.9  23.9  24.2  24.1  24.0  23.9  24.3  24.3  24.1  24.2  24.6  24.6  24.5  24.3  25.5  26.7 
 24.3  23.8  24.3  24.2  24.5  24.3  24.3  24.2  24.3  24.0  24.2  24.1  24.0  23.8  24.2  24.1  23.9  23.7  24.0  24.3  24.3  23.9  24.2  24.2  24.1  24.1  24.3  24.3  24.5  24.4  25.1  25.7 
 23.6  23.6  23.9  24.1  24.2  24.2  24.3  24.3  23.8  23.7  23.9  24.0  23.8  23.9  24.2  24.1  23.9  23.8  23.9  23.9  23.9  23.9  24.2  24.3  24.0  24.3  24.5  24.4  24.4  24.4  24.7  25.1 
 23.9  23.7  24.5  24.1  24.3  23.9  24.3  24.3  24.1  23.7  24.2  24.0  23.8  23.7  24.0  24.1  23.9  23.7  24.2  24.0  23.9  23.9  24.2  24.0  24.1  23.9  24.5  24.5  24.2  23.9  24.8  24.9 
 24.0  24.2  24.0  24.4  24.3  24.3  24.2  24.4  24.0  23.9  23.9  24.0  23.7  23.8  24.0  23.9  23.8  23.8  24.0  24.2  23.8  23.8  24.0  24.0  23.9  23.9  24.3  24.5  24.3  24.5  24.4  24.9 
 24.1  23.7  24.4  24.3  24.4  24.3  24.3  24.3  24.1  23.8  24.0  23.9  23.8  23.7  23.9  24.0  23.8  23.7  24.1  23.9  23.9  23.6  24.0  24.0  24.1  23.7  24.1  24.1  24.3  24.1  24.8  24.7 
 24.1  24.0  24.2  24.4  24.3  24.1  24.1  24.3  24.0  23.8  24.0  24.2  23.9  23.8  23.8  23.9  23.9  23.9  23.8  24.0  23.9  23.7  24.1  24.1  23.9  24.0  24.2  24.3  24.1  24.1  24.5  24.5 
 24.1  24.1  24.2  24.4  24.4  23.9  24.4  24.1  23.9  23.7  24.0  23.9  23.9  23.8  24.0  24.1  23.9  23.7  23.9  24.1  23.7  23.8  24.0  24.0  23.8  23.7  24.3  24.2  24.2  24.0  24.4  23.9 
 24.5  24.1  24.3  24.5  24.1  24.2  24.0  24.1  23.9  23.7  24.1  24.1  23.9  23.7  23.9  24.0  23.9  23.9  24.1  24.2  23.9  23.9  24.2  24.2  23.9  24.2  24.2  24.1  23.9  24.1  24.1  24.5 
 24.6  24.2  24.5  24.4  24.3  23.8  24.1  24.0  24.1  23.9  23.9  24.0  24.0  23.7  23.9  23.9  23.8  23.8  24.1  24.1  23.9  23.7  24.0  24.0  24.0  23.8  24.1  24.2  24.2  23.9  24.5  24.4 
 24.2  24.3  24.4  24.5  24.1  24.0  24.0  24.0  23.9  24.0  24.0  24.1  23.8  23.8  23.9  24.1  24.0  23.9  24.2  24.1  23.9  24.0  24.1  24.2  24.0  23.9  23.8  24.2  24.2  24.1  24.5  24.8 
 24.5  24.2  24.6  24.3  24.0  23.9  24.1  24.2  23.8  23.8  23.9  24.1  23.9  23.8  24.1  23.9  23.9  23.9  24.1  24.0  24.0  23.9  24.2 nan  24.1  23.9  24.1  24.4  24.2  23.9  24.7  24.6 
 24.2  24.3  24.3  24.6  24.1  23.9  24.1  24.1  23.7  23.9  24.0  24.1  23.9  23.9  24.0  24.1  24.1  24.0  24.2  24.2  24.1  24.0  24.3  24.5  24.3  24.3  24.4  24.7  24.5  24.4  25.0  24.9 
 24.4  23.8  24.4  24.3  24.3  24.0  24.3  24.1  23.9  23.8  24.1  24.1  24.1  23.8  24.0  24.1  24.0  23.8  24.2  24.1  24.0  24.0  24.5  24.4  24.4  24.4  24.9  24.9  25.1  24.7  25.1  25.4 
 24.2  24.5  24.3  24.5  24.2  24.1  24.4  24.2  24.1  23.8  24.1  24.0  23.9  24.0  24.0  24.2  24.0  24.0  24.1  24.3  24.3  24.7  29.6  31.0  30.7  29.6  27.4  27.3  26.6  26.5  26.2  26.4 
 24.4  24.2  24.7  24.4  24.1  23.9  24.3  24.2  24.2  23.8  24.1  23.9  23.9  23.8  24.1  24.0  24.0  23.8  24.1  24.1  25.2  28.8  45.2  47.3  44.5  39.2  30.8  29.0  27.6  27.1  26.7  26.5 
 24.4  24.4  24.5  24.4  24.2  23.9  24.3  24.3  24.0  24.0  24.0  24.1  23.9  23.9  23.9  24.0  23.9  23.9  24.2  24.5  32.0  44.6  70.4  73.6  69.8  60.6  36.0  32.6  28.8  28.4  27.5  27.5 
 24.7  24.2  24.7  24.5  24.1  23.9  24.4  24.2  24.0  23.8  24.3  24.0  24.0  24.0  24.0  24.1  23.9  23.8  24.4  24.5  34.7  48.9  75.1  77.5  71.7  61.5  36.8  33.3  29.5  28.4  27.6  27.3 
 24.6  24.6  24.7  24.8  24.3  24.3  24.6  24.5  24.1  24.0  24.2  24.2  24.0  23.9  24.1  24.2  24.0  24.1  24.5  24.8  33.4  42.5  65.0  68.0  59.0  50.0  34.7  32.4  29.5  28.7  27.8  27.9 
 24.8  24.4  24.8  24.5  24.5  23.9  24.4  24.3  24.1  23.9  24.3  24.0  24.1  23.7  24.1  24.2  24.1  23.9  24.6  25.2  31.3  36.1  51.9  54.0  46.9  41.8  33.0  31.3  28.9  28.3  27.9  28.4 
 25.0  24.7  25.1  25.1  24.4  24.5  24.4  24.6  24.2  24.1  24.2  24.2  24.0  24.0  24.1  24.3  24.0  24.2  24.6  25.7  27.2  28.6  33.0  34.1  33.7  32.6  30.8  30.3  28.1  27.9  28.2  29.5 
 25.4  24.6  24.9  24.5  24.5  24.2  24.6  24.6  24.4  24.0  24.3  24.1  24.1  23.8  24.4  24.3  24.1  24.1  25.0  25.4  26.3  26.7  30.1  30.7  31.2  31.0  30.1  29.3  27.6  27.8  29.4  30.4 
 25.3  25.5  24.9  25.1  24.6  24.4  24.6  24.6  24.3  24.5  24.4  24.5  24.2  24.1  24.3  24.6  24.3  24.1  25.1  25.3  25.4  25.8  27.6  28.4  29.0  28.8  28.8  28.4  27.9  27.9  30.9  32.5 
 26.2  25.4  25.1  25.1  24.8  24.3  24.6  24.6  24.4  24.1  24.3  24.6  24.3  24.0  24.4  24.3  24.3  24.1  25.3  24.9  25.4  25.4  27.2  27.8  27.9  28.1  28.2  28.1  27.7  28.1  31.4  32.3 
