 25.0  24.0  24.0  24.2  24.4  24.0  24.2  24.5  24.2  23.9  24.3  24.3  23.9  23.8  23.8  24.2  23.8  23.8  24.2  24.2  24.1  23.7  24.2  24.4  24.3  24.0  24.3  24.8  24.6  24.3  25.6  26.7 
 24.3  23.8  24.5  24.2  24.2  24.4  24.3  24.3  23.9  24.0  24.2  24.1  24.0  23.8  24.1  24.0  23.8  23.8  24.3  24.0  24.1  23.9  24.1  24.2  24.1  24.0  24.9  24.4  24.3  24.4  25.3  25.7 
 24.0  23.8  24.1  24.5  24.2  24.1  24.5  24.3  23.8  24.1  24.1  24.2  23.8  23.7  24.0  24.1  23.9  24.1  23.9  24.1  24.2  24.0  24.1  24.4  24.2  24.0  24.2  24.6  24.4  24.1  24.9  25.3 
 23.9  23.7  24.2  24.3  24.1  24.0  24.5  24.3  23.8  23.9  24.0  24.1  23.8  23.7  24.0  24.0  23.8  23.7  24.2  24.0  23.9  23.8  24.1  24.1  23.9  23.9  24.6  24.3  24.0  24.2  25.0  24.9 
 24.2  24.1  24.3  24.7  24.0  24.1  23.8  24.3  24.2  24.1  24.0  24.1  23.9  23.7  23.9  24.0  23.9  23.8  23.9  24.0  24.1  23.8  23.9  24.3  24.0  23.8  24.2  24.3  24.2  24.2  24.6  24.8 
 24.1  24.0  24.4  24.3  24.1  24.1  24.3  24.2  23.9  24.0  24.1  24.0  24.1  23.8  24.1  24.2  23.9  23.8  24.1  23.9  23.8  23.9  24.3  24.1  24.0  23.8  24.3  24.1  24.0  24.2  24.9  24.9 
 23.9  23.9  24.3  24.5  24.4  24.0  24.1  24.3  23.9  23.8  24.0  24.1  23.9  23.6  24.0  24.0  23.9  23.9  24.1  24.1  24.0  23.8  24.0  24.4  24.0  23.9  24.1  24.2  24.1  23.7  24.5  24.6 
 24.6  24.0  24.4  24.4  24.1  24.1  24.3  24.0  23.7  23.8  24.1  24.0  23.9  23.7  24.0  23.9  23.8  23.7  24.0  23.9  23.9  23.8  24.2  23.9  24.0  23.9  24.3  24.2  24.1  24.1  24.4  23.7 
 24.2  24.0  24.3  24.4  24.0  24.0  24.3  24.4  23.9  23.9  24.0  24.1  23.9  23.8  23.9  24.2  23.9  23.8  24.2  24.0  24.0  23.7  24.0  24.3  23.9  23.9  24.4  24.3  24.2  24.1  24.2  24.7 
 24.2  24.1  24.7  24.5  24.4  24.1  24.3  24.2  23.9  23.8  24.0  24.1  23.6  23.8  24.0  24.0  23.8  23.8  24.0  24.0  23.9  24.0  24.1  24.0  24.1  24.1  24.6  24.4  23.9  24.1  24.6  24.3 
 24.6  24.3  24.3  24.4  24.0  24.0  24.0  24.4  24.1  23.7  24.0  24.1  24.0  23.7  24.0  24.1  23.9  23.8  23.8  24.1  24.0  23.9  24.1  24.3  24.1  23.9  24.1  24.3  24.1  24.1  24.4  24.7 
 24.4  24.3  24.3  24.2  24.0  24.1  24.1  24.4  24.0  23.8  24.1  24.0  24.1  23.9  24.1  24.1  23.9  23.9  24.1  24.1  24.0  23.9  24.2 nan  24.0  24.1  24.2  24.4  24.2  24.3  24.7  24.8 
 24.5  23.9  24.5  24.7  24.1  23.7  24.2  24.3  23.8  23.8  24.1  24.1  24.0  23.8  24.1  24.2  24.0  23.8  24.2  24.0  24.1  24.0  24.3  24.6  24.3  24.3  24.9  25.0  24.6  24.5  25.2  25.3 
 24.3  24.6  24.4  24.6  24.3  24.0  24.4  24.1  23.9  23.6  24.1  24.1  23.8  23.9  24.1  23.9  24.0  23.7  24.1  24.1  24.0  24.0  24.4  24.4  24.4  24.3  24.9  25.0  24.9  25.0  25.4  25.3 
 24.2  24.2  24.6  24.7  24.2  24.1  24.2  24.2  23.9  23.8  24.0  24.1  23.9  23.8  24.1  24.1  24.0  23.9  24.1  24.4  24.4  24.8  29.7  31.3  30.8  29.7  27.5  27.3  26.6  26.3  26.3  26.5 
 24.5  24.3  24.5  24.3  24.1  24.1  24.2  24.2  23.9  23.9  24.3  24.1  23.9  23.9  24.1  24.1  23.8  23.8  24.2  24.4  25.3  28.9  45.1  47.4  44.2  39.2  30.9  29.2  27.6  27.1  26.9  26.4 
 24.4  24.1  24.4  24.6  24.2  24.0  24.2  24.2  23.8  23.8  24.0  24.3  23.9  23.9  24.0  24.0  24.0  23.9  24.2  24.5  32.3  44.6  70.3  73.5  69.8  60.5  36.3  32.9  29.0  28.2  27.9  27.5 
 24.5  24.1  24.9  24.6  24.0  24.0  24.4  24.5  23.9  23.9  24.1  24.0  23.9  24.1  24.2  24.1  23.9  23.9  24.4  24.5  34.5  48.9  75.0  77.5  71.6  61.5  36.9  33.5  29.7  28.4  27.8  27.5 
 25.0  24.6  24.7  25.1  24.3  24.2  24.7  24.5  24.0  23.9  24.1  24.1  23.9  23.9  24.2  24.3  24.1  24.0  24.3  24.9  33.4  42.4  65.0  68.0  59.0  50.1  34.8  32.6  29.6  28.7  27.8  28.1 
 25.0  24.9  24.8  25.1  24.3  24.3  24.6  24.4  24.3  24.1  24.2  24.2  24.0  24.0  24.3  24.1  24.2  24.1  24.6  25.0  31.3  36.3  51.9  53.9  47.0  42.0  32.9  31.4  28.8  28.3  28.1  28.0 
 25.0  24.7  25.0  25.2  24.4  24.3  24.4  24.6  24.2  24.0  24.3  24.4  24.1  24.0  24.0  24.4  24.0  24.0  24.6  25.5  27.2  28.6  33.0  34.1  33.7  32.8  30.8  30.4  28.2  27.6  28.4  29.6 
 24.4  25.1  25.1  25.0  24.5  24.5  24.6  24.6  24.3  24.1  24.3  24.3  23.8  23.9  24.3  24.2  24.1  24.1  25.2  25.5  26.2  26.9  29.9  30.9  31.1  31.1  30.0  29.2  27.8  27.8  29.2  30.2 
 26.1  25.1  24.9  25.1  24.5  24.4  24.7  24.8  24.4  24.1  24.4  24.5  24.1  24.1  24.3  24.6  24.2  24.0  25.2  25.5  25.4  25.6  27.5  28.6  28.8  28.7  28.8  28.6  27.5  27.6  31.0  32.5 
 25.7  26.0  25.1  25.1  24.6  24.5  24.8  24.5  24.1  24.3  24.5  24.4  24.2  24.1  24.4  24.3  24.2  24.3  25.2  25.3  25.5  25.7  27.3  27.6  27.8  28.0  28.3  28.2  28.0  28.7  32.3  33.3 
