 24.6  24.2  24.0  24.0  24.1  24.3  24.6  24.6  24.1  24.0  24.0  24.0  24.1  24.0  23.9  24.2  23.8  24.0  23.9  24.2  24.0  24.0  24.2  24.4  24.0  24.1  24.3  24.6  24.6  24.5  24.8  26.6 
 24.5  23.7  23.9  24.0  24.5  24.1  24.4  24.4  24.2  23.9  24.1  24.0  24.0  23.8  24.1  24.1  23.9  23.9  24.2  24.1  24.3  23.8  24.1  24.2  24.3  24.2  24.4  24.4  24.6  24.6  25.2  25.4 
 23.8  23.8  24.1  24.1  24.3  24.2  24.1  24.2  23.9  24.0  24.0  24.1  24.0  23.8  24.1  24.2  23.9  24.1  23.8  24.1  24.2  23.9  24.0  24.2  24.1  24.2  24.2  24.5  24.7  24.3  24.7  25.2 
 24.1  23.5  24.5  24.0  24.2  24.2  24.4  24.2  24.4  23.7  24.1  24.0  24.0  23.9  24.2  24.0  24.0  23.8  24.3  24.0  24.1  24.1  24.1  24.0  24.0  23.9  24.5  23.9  24.4  24.4  24.8  24.9 
 24.3  24.4  24.1  24.6  24.3  24.2  24.1  24.4  23.9  24.0  23.9  24.0  23.9  23.9  23.9  24.2  24.0  23.9  24.0  24.0  23.9  24.0  23.9  24.1  23.9  24.2  24.1  24.3  24.2  24.5  24.6  24.9 
 24.2  23.9  24.5  24.4  24.4  24.3  24.5  24.1  24.2  23.9  24.0  23.9  23.9  23.8  24.0  24.0  24.2  23.7  24.1  23.9  24.1  23.8  24.2  23.9  24.3  24.0  24.2  24.3  24.5  24.3  24.5  24.4 
 24.1  24.2  24.1  24.5  24.3  24.0  24.2  24.1  23.9  24.0  24.0  24.0  24.0  24.0  23.8  24.0  23.7  23.9  23.8  24.1  24.0  24.0  23.9  24.2  23.9  23.9  24.0  24.4  24.1  24.3  24.4  24.5 
 24.5  24.3  24.4  24.3  24.4  24.2  24.4  24.1  24.0  23.8  24.2  24.0  24.1  23.7  24.1  23.9  24.1  23.9  24.1  23.8  24.1  23.7  24.1  24.0  24.1  24.0  24.3  24.1  24.4  24.2  24.4  23.4 
 24.4  24.0  24.2  24.5  24.2  24.2  24.0  24.2  23.9  23.9  24.0  24.1  23.9  24.1  23.9  24.2  23.9  24.0  23.9  24.1  23.8  24.1  23.9  24.0  24.1  24.1  24.2  24.3  24.1  24.2  24.3  24.3 
 24.7  24.4  24.7  24.3  24.5  24.3  24.2  24.1  24.1  23.9  24.1  24.0  24.0  23.9  24.0  23.8  23.9  23.8  24.0  24.1  24.0  23.7  24.2  24.0  24.4  24.1  24.2  24.3  24.3  23.9  24.6  24.2 
 24.6  24.5  24.5  24.4  24.1  24.1  24.2  24.1  23.9  24.0  23.9  24.2  23.8  23.9  23.9  24.1  24.0  24.0  23.9  23.9  23.9  24.1  24.1  24.1  24.0  24.0  24.1  24.4  24.3  24.4  24.6  24.7 
 24.7  24.3  24.5  24.2  24.1  24.1  24.1  24.0  24.1  23.8  24.1  23.9  24.1  23.9  24.0  24.0  24.1  23.9  24.1  24.1  24.1  24.1  24.2 nan  24.1  24.0  24.2  24.2  24.3  24.0  24.8  24.7 
 24.5  24.1  24.3  24.4  23.9  24.0  24.1  24.3  23.8  24.0  24.0  24.1  24.0  23.9  24.0  24.1  24.0  23.9  24.2  24.2  24.0  24.1  24.1  24.4  24.3  24.4  24.4  24.7  24.4  24.6  25.1  25.3 
 24.5  24.2  24.4  24.4  24.4  24.1  24.2  24.1  23.9  23.7  24.2  24.1  24.0  23.9  24.1  24.0  24.1  23.8  24.1  24.2  24.4  24.1  24.4  24.5  24.6  24.4  24.9  24.6  25.0  24.9  25.2  25.1 
 24.2  24.5  24.5  24.5  24.1  24.1  24.1  24.4  24.0  24.1  23.8  24.2  23.9  23.9  23.9  24.2  24.0  24.0  24.1  24.3  24.6  24.9  29.7  31.1  30.8  30.0  27.4  27.4  26.5  26.6  26.1  26.0 
 24.5  24.3  24.5  24.3  24.1  24.1  24.2  24.2  24.1  23.8  24.0  23.9  24.1  23.9  24.3  23.9  24.2  24.0  24.1  24.3  25.4  29.0  45.2  47.4  44.5  39.2  30.7  29.3  27.6  27.1  26.9  26.6 
 24.4  24.6  24.4  24.6  24.1  24.1  24.2  24.3  24.1  23.9  24.2  24.1  23.8  23.9  24.1  24.1  23.9  24.0  24.1  24.4  32.0  44.7  70.4  73.8  69.8  60.7  36.1  32.7  29.0  28.7  27.4  27.3 
 24.8  24.1  24.4  24.3  24.4  24.2  24.3  24.3  24.4  24.0  24.1  23.9  24.2  23.9  24.2  24.1  24.0  23.8  24.3  24.5  34.8  49.0  75.1  77.7  71.7  61.7  37.2  33.2  29.7  28.5  28.1  27.3 
 24.7  24.4  24.7  24.7  24.4  24.2  24.2  24.6  24.1  24.2  24.2  24.1  24.0  24.1  24.1  24.3  24.2  24.3  24.3  24.9  33.3  42.7  65.1  68.1  59.1  50.2  34.8  32.6  29.1  28.7  27.6  28.1 
 25.0  24.5  25.1  24.7  24.6  24.4  24.5  24.4  24.2  24.0  24.2  24.2  24.2  24.0  24.3  23.9  24.1  24.2  24.7  24.9  31.6  36.5  52.1  54.0  47.2  42.0  33.1  31.2  29.1  28.5  27.9  28.0 
 24.8  24.8  25.0  25.1  24.5  24.5  24.4  24.6  24.2  24.4  24.2  24.4  24.2  24.1  24.0  24.3  24.1  24.1  24.5  25.4  27.2  28.8  33.1  34.2  33.5  32.9  30.8  30.1  28.0  28.1  28.2  30.0 
 25.1  25.0  25.0  24.6  24.8  24.3  24.6  24.6  24.2  24.1  24.5  24.1  24.4  23.9  24.3  24.2  24.3  24.0  25.0  25.4  26.3  26.9  30.1  30.7  31.5  30.9  29.9  29.2  28.1  27.8  29.4  30.2 
 25.9  25.4  25.0  24.9  24.5  24.4  24.5  24.7  24.5  24.2  24.3  24.5  24.1  24.2  24.1  24.5  24.4  24.4  25.2  25.4  25.3  26.0  27.8  28.3  28.9  29.1  28.4  28.6  27.7  28.1  31.0  31.8 
 26.4  24.9  25.3  25.1  24.9  24.7  24.8  24.4  24.3  24.0  24.4  24.5  24.3  23.9  24.4  24.2  24.5  24.2  25.2  25.1  25.5  25.4  27.1  27.8  28.3  28.1  28.2  27.9  28.1  28.7  31.6  31.9 
