 23.9  23.7  23.6  23.9  24.3  24.2  24.2  24.7  24.1  23.8  23.9  24.3  23.9  23.7  24.0  24.2  23.7  23.7  24.0  24.4  23.9  23.7  24.4  24.4  24.0  23.7  24.2  24.5  24.4  24.5  25.1  26.8 
 24.3  23.9  24.3  24.2  24.1  24.2  24.5  24.3  24.1  23.9  24.0  24.1  23.9  23.7  24.0  24.0  23.8  23.7  24.0  24.1  24.0  23.8  24.3  24.0  23.9  24.2  24.5  24.5  24.2  24.1  25.4  25.4 
 23.8  23.8  24.0  24.3  24.3  23.9  24.1  24.3  23.8  23.7  23.9  24.1  23.7  23.7  23.9  24.2  24.1  23.8  23.8  24.2  23.8  23.8  24.3  24.3  24.1  24.0  24.2  24.6  24.4  24.5  24.5  25.1 
 23.8  23.7  24.3  24.1  24.2  24.0  24.4  24.0  23.9  23.7  24.2  23.8  23.7  23.5  24.1  24.0  23.8  23.6  24.2  24.0  24.0  23.8  24.3  23.7  24.0  23.8  24.4  24.2  24.1  24.1  25.0  24.7 
 24.1  23.9  24.4  24.6  24.0  24.2  24.1  24.2  23.8  23.8  23.8  23.9  23.8  23.7  23.9  24.0  23.9  23.7  23.8  23.9  23.8  23.8  23.9  24.3  23.9  23.8  24.1  24.3  24.0  24.1  24.5  24.8 
 24.1  24.1  24.6  24.1  24.0  24.2  24.5  24.0  23.9  23.8  24.2  23.7  23.7  23.8  24.1  23.9  23.8  23.8  24.2  23.8  23.8  23.8  24.1  23.9  24.0  23.7  24.3  24.4  24.1  24.1  24.9  24.6 
 23.9  23.9  24.2  24.5  24.2  24.2  24.0  24.2  23.9  23.8  24.0  24.1  23.8  23.7  23.7  24.1  23.9  23.7  23.9  23.9  23.9  23.6  23.8  24.2  24.1  23.7  24.0  24.5  24.0  23.9  24.4  24.7 
 24.0  24.0  24.4  24.2  24.0  24.0  24.2  23.7  23.8  23.8  24.1  23.9  23.9  23.8  24.0  23.8  23.8  23.7  23.9  23.9  23.9  23.8  24.2  23.9  24.0  23.7  24.3  24.1  24.0  23.9  24.6  23.2 
 24.4  24.3  24.4  24.7  24.1  23.8  24.2  24.2  24.0  23.8  24.0  24.2  23.8  24.0  23.8  24.1  23.8  23.8  24.0  24.1  23.8  23.8  24.1  24.1  24.1  23.9  24.1  24.3  24.0  24.0  24.3  24.5 
 24.2  24.1  24.5  24.3  24.2  24.0  24.3  24.1  23.8  23.6  23.9  24.0  23.7  23.9  24.0  23.9  23.9  23.8  24.1  23.9  23.9  23.9  24.1  23.9  24.0  24.0  24.5  24.2  23.8  24.0  24.6  24.5 
 24.4  24.2  24.3  24.5  24.0  23.9  24.0  24.2  23.9  23.8  24.0  24.1  23.8  23.8  24.0  24.1  23.8  23.8  23.9  24.2  23.9  23.8  24.2  24.2  24.0  23.9  24.0  24.4  24.1  24.0  24.3  24.7 
 24.3  24.1  24.3  24.0  24.1  23.9  24.2  23.9  23.9  23.7  24.0  24.1  23.9  23.8  23.9  23.9  24.0  23.7  24.0  24.0  23.9  24.0  24.2 nan  23.9  23.8  24.3  24.3  24.3  23.9  24.9  24.5 
 24.2  24.0  24.1  24.6  24.1  24.0  24.0  24.4  23.8  23.7  24.1  24.2  23.7  23.7  23.9  24.1  23.9  23.7  24.0  24.2  24.0  23.9  24.1  24.5  24.3  24.0  24.7  24.7  24.5  24.5  24.9  25.3 
 24.4  24.2  24.6  24.4  24.2  23.9  24.4  24.1  23.9  23.6  24.0  23.9  23.8  23.8  24.0  23.9  23.9  23.7  24.1  24.1  24.0  24.1  24.4  24.3  24.2  24.2  24.8  24.8  24.9  24.5  25.4  25.3 
 24.2  24.3  24.3  24.7  24.1  24.0  24.2  24.3  23.9  23.8  23.8  24.2  23.9  23.8  23.9  24.0  23.8  23.8  24.2  24.2  24.2  24.9  29.6  31.0  30.9  29.7  27.5  27.2  26.6  26.5  26.1  26.6 
 24.3  24.2  24.6  24.3  24.3  24.0  24.3  24.1  24.0  23.8  24.1  23.9  23.9  23.7  24.0  24.1  23.8  23.8  24.2  24.2  25.0  28.7  45.2  47.3  44.4  39.3  31.2  29.1  27.5  27.0  26.9  26.2 
 24.4  24.5  24.3  24.7  24.3  23.8  24.1  24.3  24.0  23.8  24.1  24.1  24.0  23.8  24.1  24.0  24.0  23.8  24.2  24.4  32.0  44.7  70.5  73.7  69.7  60.7  36.3  33.0  29.2  28.3  27.6  27.5 
 24.4  24.3  24.6  24.4  24.3  23.9  24.3  24.2  23.9  23.7  24.3  24.0  24.0  23.8  24.2  24.0  23.9  23.7  24.4  24.3  34.7  48.8  75.2  77.6  71.7  61.6  37.2  33.2  29.5  28.6  27.8  27.5 
 24.7  24.5  24.6  24.8  24.2  24.1  24.4  24.5  24.2  24.1  24.1  24.2  23.8  23.9  24.0  24.3  24.2  23.9  24.2  24.8  33.4  42.5  65.1  68.1  59.0  50.2  34.6  32.6  29.4  28.4  27.8  28.3 
 24.3  24.5  24.6  24.5  24.4  24.0  24.6  24.2  23.9  23.8  24.1  24.2  24.0  23.9  24.1  24.1  24.1  24.0  24.6  24.9  31.3  36.3  52.0  54.1  46.9  41.9  33.1  31.3  28.6  28.4  28.1  28.6 
 24.7  24.7  24.8  24.9  24.6  24.3  24.1  24.6  24.1  24.0  24.1  24.5  23.9  24.0  24.1  24.4  23.9  24.1  24.5  25.7  27.1  28.6  33.1  34.4  33.7  32.6  30.8  30.1  27.7  27.4  28.4  29.6 
 25.0  25.0  25.1  24.6  24.3  24.1  24.7  24.3  24.2  24.0  24.4  24.1  24.2  23.9  24.2  24.2  24.1  24.1  24.9  25.4  26.3  26.8  30.1  30.8  31.1  31.1  30.0  29.4  27.7  27.8  29.5  30.2 
 25.6  24.9  24.8  25.3  24.8  24.0  24.5  24.4  24.3  24.0  24.0  24.7  24.3  24.0  24.1  24.5  24.4  24.2  25.3  25.4  25.2  25.6  27.6  28.5  28.8  28.7  28.6  28.6  27.5  27.8  31.0  33.0 
 25.7  25.0  25.2  25.0  24.7  24.2  24.9  24.5  24.2  24.3  24.6  24.3  24.0  24.0  24.6  24.1  24.3  24.0  25.1  24.9  25.3  25.4  27.3  27.5  27.9  27.8  28.3  28.0  28.0  28.2  31.9  32.8 
