 25.1  23.6  24.1  23.7  23.9  23.6  24.6  24.2  24.2  23.6  24.1  24.4  23.8  23.6  24.1  24.1  23.9  23.7  24.3  24.0  23.8  23.7  24.5  24.5  24.4  23.8  24.6  24.5  24.7  24.0  25.4  26.1 
 23.9  24.2  24.0  24.1  23.7  24.1  24.2  24.6  23.6  24.0  24.1  24.2  23.7  24.0  24.2  24.3  23.7  24.1  24.2  24.2  23.9  23.9  24.3  24.3  23.8  24.3  24.6  24.5  24.3  24.6  25.3  25.5 
 24.1  23.6  24.2  24.6  24.0  23.6  24.6  24.0  24.0  23.7  24.2  24.1  24.0  23.7  24.2  24.0  24.0  23.5  24.1  24.0  24.2  23.7  24.4  24.3  24.1  23.8  24.6  24.5  24.3  24.1  24.8  24.9 
 23.2  24.0  24.3  24.7  23.9  24.1  24.4  24.4  23.7  23.9  24.0  24.0  23.7  23.7  24.0  24.1  23.8  23.8  24.1  24.1  23.8  23.9  24.3  24.2  23.6  24.0  24.5  24.6  23.8  24.3  24.8  25.0 
 24.3  23.9  24.6  24.3  24.4  24.0  24.3  24.1  24.0  23.7  24.0  23.9  23.9  23.6  24.0  23.9  23.9  23.5  24.0  24.0  24.0  23.6  24.1  24.2  24.2  23.7  24.5  24.4  24.3  23.9  24.7  25.0 
 23.6  24.1  24.4  24.6  24.0  24.3  24.4  24.3  23.8  23.9  23.9  24.1  23.6  23.9  23.8  24.0  23.7  23.7  24.0  24.2  23.7  23.8  24.2  24.1  24.0  23.9  24.2  24.1  23.8  24.2  24.5  24.8 
 24.2  23.9  24.3  24.2  24.2  23.9  24.4  24.0  24.0  23.7  24.1  24.0  24.0  23.7  24.0  23.9  23.9  23.5  23.9  23.9  23.9  23.6  24.2  24.0  23.8  23.8  24.4  24.2  24.2  23.7  24.7  24.6 
 24.0  24.1  24.1  24.5  24.1  23.9  24.0  24.2  23.9  24.0  24.1  24.1  23.7  23.8  24.0  24.0  23.6  23.8  23.9  23.9  23.7  23.8  24.0  24.2  23.8  23.9  24.1  24.3  24.1  24.1  24.3  24.0 
 24.3  23.7  24.7  24.1  24.1  23.9  24.3  24.0  23.9  23.5  24.1  24.1  23.9  23.6  24.0  24.1  24.0  23.7  24.0  24.0  23.8  23.6  24.3  24.1  24.1  23.8  24.3  24.3  24.3  24.0  24.4  24.4 
 24.1  24.4  24.5  24.5  24.1  24.1  24.2  24.3  23.9  23.8  23.9  24.2  23.8  23.8  23.9  24.0  23.6  23.9  23.9  24.1  23.8  24.0  24.0  24.1  24.0  24.0  24.3  24.4  24.2  24.1  24.6  24.4 
 24.7  24.2  24.4  24.5  24.2  24.0  24.2  24.0  23.9  23.8  24.2  24.0  24.0  23.7  24.0  24.0  23.8  23.7  24.2  24.1  24.0  23.8  24.2  24.2  24.2  23.9  24.2  24.2  24.4  23.7  24.7  24.7 
 24.2  24.2  24.3  24.6  23.9  24.1  24.0  24.2  23.6  23.8  24.0  24.3  23.8  23.9  23.9  24.1  23.8  24.0  24.0  24.1  23.9  24.0  24.3 nan  23.8  24.1  24.2  24.5  24.2  24.3  24.8  24.8 
 24.6  23.8  24.6  24.5  24.1  24.0  24.4  24.3  24.0  24.0  24.2  23.9  24.1  23.7  24.1  24.1  24.0  23.9  24.2  24.0  24.2  23.9  24.4  24.3  24.4  24.0  24.7  24.5  24.6  24.0  25.3  25.0 
 24.2  24.4  24.5  24.7  23.9  24.2  24.2  24.3  23.8  23.8  24.1  24.2  23.9  23.9  24.0  24.0  23.7  24.0  24.1  24.2  23.9  23.9  24.5  24.4  24.1  24.3  24.8  24.9  24.7  25.1  25.2  25.6 
 24.3  23.9  24.4  24.4  24.2  24.0  24.3  24.1  24.3  23.7  24.2  24.1  23.9  23.7  24.2  24.0  23.9  23.7  24.2  24.4  24.6  24.6  29.8  31.0  30.8  29.7  27.6  27.2  26.7  26.2  26.5  26.4 
 24.2  24.0  24.6  24.5  23.8  24.1  24.3  24.4  23.6  23.9  24.1  24.1  23.8  24.0  24.0  24.1  23.8  23.8  24.1  24.4  25.0  28.8  45.1  47.5  44.2  39.2  30.8  29.3  27.4  27.1  26.9  26.5 
 24.7  24.1  24.5  24.3  24.3  23.9  24.3  24.2  24.3  23.6  24.2  24.2  24.1  23.7  24.1  24.0  24.0  23.6  24.4  24.3  32.1  44.5  70.5  73.7  69.8  60.5  36.3  32.9  29.1  27.8  27.5  27.5 
 24.4  24.0  24.6  24.4  23.8  24.1  24.4  24.5  23.9  23.9  24.2  24.1  23.9  23.9  24.2  24.3  23.8  23.9  24.4  24.5  34.4  49.0  74.9  77.7  71.5  61.6  37.0  33.6  29.3  28.7  27.9  27.7 
 24.8  24.1  25.0  24.7  24.4  24.2  24.4  24.4  24.2  23.8  24.3  24.1  24.0  23.8  24.3  24.1  24.4  23.8  24.4  24.7  33.5  42.4  65.1  68.0  59.1  50.0  34.8  32.6  29.3  28.4  27.9  27.9 
 24.1  24.7  24.8  25.2  24.3  24.2  24.4  24.4  24.0  24.2  24.2  24.2  24.0  24.0  24.1  24.2  24.0  24.0  24.6  25.2  31.1  36.5  52.0  54.1  46.8  42.1  33.0  31.3  28.8  28.5  28.3  28.3 
 24.9  24.5  24.9  24.8  24.6  24.3  24.5  24.5  24.3  23.9  24.4  24.3  24.1  23.8  24.3  24.2  24.1  23.9  24.7  25.5  27.5  28.5  33.1  34.1  33.7  32.5  30.7  30.2  28.3  27.4  28.5  30.1 
 24.2  24.9  24.9  24.8  24.1  24.4  24.5  24.6  23.8  24.1  24.5  24.3  24.0  24.0  24.3  24.4  23.8  23.9  25.0  25.6  26.1  26.9  29.9  30.9  31.1  31.2  29.9  29.5  27.7  27.9  29.2  30.3 
 25.4  25.1  25.2  24.9  24.7  24.1  24.6  24.5  24.1  23.8  24.4  24.4  24.4  24.0  24.3  24.3  24.6  23.9  25.3  25.2  25.6  25.5  27.9  28.6  29.0  28.5  28.8  28.6  27.8  27.3  31.1  33.0 
 25.4  25.6  25.3  25.1  24.3  24.6  24.6  24.7  23.9  24.3  24.2  24.7  23.9  24.1  24.3  24.3  24.0  24.5  25.3  25.2  25.0  25.7  27.2  27.9  27.7  28.1  28.3  28.3  27.8  28.8  31.9  33.4 
