 24.5  24.2  23.8  23.6  23.9  24.0  24.2  24.2  23.9  23.7  24.0  24.1  23.9  23.9  23.9  24.1  23.8  23.7  24.1  24.2  23.9  23.8  23.9  24.3  24.1  24.1  24.2  24.5  24.6  24.3  25.3  26.1 
 24.5  23.8  24.0  23.7  24.4  24.1  24.1  24.0  23.9  23.6  24.0  24.0  23.8  23.6  24.0  24.0  23.8  23.8  23.9  23.9  24.2  23.9  24.1  24.2  24.0  24.3  24.3  24.4  24.3  24.4  24.9  25.4 
 23.8  24.2  24.3  24.2  24.3  23.9  24.1  24.3  23.9  23.7  23.8  24.1  23.7  23.7  23.8  23.9  23.9  23.8  24.0  23.7  23.7  23.9  23.9  24.3  24.1  24.2  24.1  24.4  24.4  24.1  24.5  25.1 
 23.9  23.5  24.1  24.3  24.2  23.9  24.3  24.1  23.9  23.7  24.1  23.9  23.8  23.5  24.0  23.8  24.0  23.7  24.2  23.9  23.9  23.8  24.2  24.1  23.9  24.0  24.2  24.3  24.1  23.9  24.6  24.5 
 24.1  24.2  24.2  24.4  24.5  24.2  24.2  24.3  24.1  23.8  23.9  24.1  23.8  23.7  23.8  24.0  23.8  23.9  23.8  24.0  23.8  23.7  23.9  24.1  23.9  23.8  24.2  24.2  24.2  24.0  24.1  24.6 
 23.9  23.9  24.2  24.2  24.1  24.1  24.4  23.9  24.0  23.7  23.8  23.8  23.9  23.8  23.7  24.0  23.8  23.8  24.0  24.0  23.9  23.7  24.0  23.9  24.2  23.8  24.3  24.1  24.0  24.2  24.8  24.4 
 24.1  24.4  23.8  24.2  24.0  24.0  24.0  23.9  23.8  23.8  23.8  24.1  23.6  23.8  23.8  23.9  23.8  24.0  23.7  24.0  23.8  23.9  24.0  24.3  24.0  23.8  24.0  24.2  24.3  23.8  24.2  24.4 
 24.3  23.9  24.2  24.0  24.1  24.0  24.2  23.8  24.0  23.8  24.0  23.9  23.9  23.8  24.0  23.9  23.7  23.7  23.9  23.8  23.9  23.6  24.0  24.0  23.9  23.9  24.0  24.0  24.2  24.3  24.3  23.5 
 24.3  24.3  24.5  24.4  24.1  24.1  23.9  24.1  24.0  23.9  23.9  24.0  23.7  23.8  23.8  24.0  23.8  23.9  23.9  23.9  23.9  24.0  23.9  24.0  23.9  23.9  24.2  24.3  23.9  23.8  23.9  24.5 
 24.4  24.3  24.3  24.3  24.3  24.0  24.1  23.8  23.8  23.7  24.0  24.0  23.8  23.8  23.9  23.8  23.8  23.7  24.0  24.0  23.9  23.9  24.1  23.8  24.1  23.8  24.3  23.9  24.0  23.9  24.7  24.5 
 24.2  24.2  24.4  24.2  24.1  23.9  23.8  24.1  23.9  23.9  23.8  24.1  23.8  23.9  24.0  24.0  23.8  23.7  24.1  24.2  24.0  23.8  24.1  24.3  23.8  23.9  24.1  24.3  24.4  24.1  24.3  24.5 
 24.2  24.1  24.5  24.1  24.2  24.1  24.1  24.0  23.8  23.8  24.0  24.0  23.9  23.8  23.9  23.9  23.9  23.9  24.0  24.0  24.0  23.9  24.1 nan  24.0  24.1  24.0  24.1  24.3  24.0  24.5  24.3 
 24.4  24.2  24.1  24.3  24.0  24.0  24.2  24.2  23.7  23.9  23.8  24.0  23.9  24.0  23.9  24.1  24.0  23.8  24.2  24.1  24.2  23.9  24.3  24.4  24.2  24.4  24.5  24.7  24.3  24.4  25.1  24.9 
 24.5  24.1  24.5  24.3  24.1  24.0  24.1  24.0  23.7  23.7  24.1  23.9  23.8  23.8  24.0  23.9  24.0  23.8  24.0  24.1  24.0  24.0  24.5  24.5  24.4  24.3  24.9  24.8  24.8  24.9  25.2  25.6 
 24.4  24.2  24.2  24.4  24.2  24.1  24.2  24.2  24.1  23.9  23.9  24.0  23.9  23.8  24.0  24.1  23.9  23.9  24.1  24.3  24.4  24.9  29.6  31.1  30.8  29.9  27.5  27.1  26.4  26.4  25.9  26.2 
 24.5  24.0  24.6  24.5  24.0  24.1  24.3  24.2  24.1  23.8  24.0  23.9  23.8  23.9  24.0  24.1  23.9  23.6  24.0  24.1  25.2  28.8  45.2  47.4  44.5  39.2  30.8  29.2  27.5  27.3  26.7  26.4 
 24.4  24.4  24.7  24.6  24.0  24.1  24.1  24.4  23.9  23.8  24.0  24.1  24.1  23.9  23.9  23.9  24.0  23.9  24.1  24.3  32.1  44.6  70.2  73.6  69.7  60.6  36.0  32.9  29.0  28.3  27.4  27.0 
 24.5  24.2  24.4  24.3  24.4  24.0  24.2  24.1  24.0  23.9  24.1  24.0  24.0  23.8  24.2  24.0  24.0  23.8  24.3  24.4  34.6  48.8  75.0  77.5  71.6  61.6  36.8  33.1  29.2  28.7  27.7  27.3 
 24.6  24.8  24.9  24.8  24.3  24.2  24.1  24.4  24.3  24.0  24.0  24.2  24.0  24.0  24.0  24.2  24.1  24.1  24.2  24.7  33.4  42.5  65.1  67.9  59.0  50.1  34.7  32.3  29.6  28.5  27.6  27.9 
 24.8  24.6  24.5  24.6  24.5  24.1  24.2  24.3  24.0  24.1  24.1  24.0  24.1  23.9  24.1  23.9  24.0  23.9  24.5  24.9  31.3  36.4  51.8  53.9  47.0  41.9  32.8  31.3  28.9  28.5  28.1  27.8 
 25.0  24.9  25.0  24.8  24.3  24.4  24.2  24.4  24.2  24.1  24.1  24.5  24.1  23.9  24.0  24.1  24.0  24.1  24.4  25.5  27.2  28.6  33.0  34.1  33.6  32.6  30.7  30.2  28.0  27.6  28.0  29.3 
 25.2  25.1  25.0  24.7  24.2  24.2  24.5  24.3  24.1  24.1  24.2  24.2  23.9  24.0  24.1  24.3  24.0  24.1  25.0  25.4  26.0  26.8  30.0  30.7  31.1  30.8  29.9  29.1  27.8  27.8  29.7  29.9 
 25.6  25.1  24.6  25.3  24.6  24.6  24.2  24.4  24.4  24.2  24.3  24.5  24.0  24.1  24.1  24.4  24.2  24.1  25.0  25.1  25.4  25.8  27.5  28.3  28.8  28.8  28.8  28.6  27.7  28.2  30.6  32.9 
 25.6  25.5  25.3  25.1  24.6  24.3  24.7  24.3  24.4  24.3  24.4  24.2  24.3  23.9  24.1  24.2  24.3  24.4  25.2  25.0  25.1  25.4  27.2  27.2  28.0  28.0  27.9  28.2  28.0  28.2  31.9  32.8 
