 24.1  23.5  23.9  23.9  23.3  22.8  23.2  23.1  22.9  22.5  22.9  22.9  22.8  22.5  22.8  22.9  22.6  22.7  22.8  23.2  22.7  22.8  23.1  23.1  23.8  24.8  27.4  28.3  29.3  29.6  30.4  31.1 
 23.4  23.5  23.7  23.8  23.1  22.9  23.1  23.0  22.5  22.6  22.9  23.0  22.8  22.5  22.8  23.0  22.5  22.6  23.0  23.1  22.6  22.6  22.9  23.2  23.1  23.5  26.2  27.5  29.0  29.4  30.4  30.6 
 23.6  23.2  23.7  23.4  23.1  22.7  23.1  23.0  22.8  22.6  23.1  22.8  22.6  22.6  23.0  22.7  22.8  22.4  22.9  22.9  22.7  22.7  23.0  23.1  23.1  23.6  26.5  28.4  30.3  29.9  29.9  30.1 
 23.4  23.0  23.4  23.4  22.8  22.4  23.1  23.2  23.0  22.7  22.9  23.1  22.6  22.4  22.8  23.0  22.7  22.5  23.0  23.0  22.5  22.7  23.2  23.3  23.1  24.1  28.1  29.5  30.7  30.8  30.7  30.8 
 23.7  23.2  23.3  23.3  22.9  22.8  23.3  23.1  23.3  23.3  23.2  23.0  22.6  22.6  23.0  22.8  22.6  22.5  23.0  22.8  22.7  22.8  23.2  23.4  24.4  25.7  29.9  30.4  31.1  31.2  31.8  31.4 
 23.2  23.1  23.4  23.5  22.7  22.9  23.0  23.3  23.6  23.9  23.2  23.2  22.5  22.6  22.7  22.9  22.7  22.5  22.7  22.9  22.7  22.7  23.1  23.1  24.7  25.6  29.8  30.8  31.3  31.8  31.5  30.1 
 23.2  23.0  23.5  23.1  22.8  22.7  23.4  23.4  25.4  26.8  24.4  23.3  22.9  22.6  22.7  22.7  22.7  22.6  22.8  22.8  22.7  22.7  23.2  23.3  24.3  26.1  30.1  30.7  31.4  31.7  29.4  27.8 
 22.9  23.0  23.3  23.6  22.8  22.9  23.4  23.7  26.0  27.7  24.8  23.4  22.6  22.6  22.9  22.8  22.7  22.5  22.8  22.9  22.8  22.7  23.1  23.2  24.2  25.7  30.3  30.8  31.2  30.8  28.4  26.2 
 23.4  23.2  23.3  23.4  22.7  22.9  23.2  23.2  23.4  23.6  23.2  23.0  22.7  22.6  22.9  22.7  22.8  22.7  23.1  22.9  22.8  22.8  23.1  23.0  23.5  24.7  28.7  30.0  29.9  29.4  26.4  25.6 
 23.6  23.5  23.3  23.5  23.0  22.9  23.3  23.2  23.0  22.9  22.9  23.1  22.6  22.5  22.8  23.0  22.6  22.7  23.0  23.0  22.9  22.7  22.9  23.1  23.3  23.4  27.6  28.3  29.1  28.4  26.1  25.2 
 23.8  23.8  24.1  23.9  23.5  23.3  23.2  23.0  22.8  22.7  23.2  23.0  22.8  22.6  22.9  22.8  22.8  22.6  22.9  22.9  22.7  22.7  23.0  23.1  23.0  23.0  23.8  24.3  24.3  24.9  24.7  24.9 
 23.6  23.7  24.0  24.3  24.0  23.9  23.5  23.4  22.9  22.8  22.9  23.1  22.7  22.8  22.8  22.8  22.7  22.7  22.9  22.9  22.6  22.8  22.9 nan  22.9  23.0  24.5  25.5  24.5  23.8  24.5  24.5 
 24.2  24.3  25.2  25.7  26.1  26.6  29.2  29.6  27.6  26.0  23.4  22.9  22.8  22.6  22.9  22.9  22.7  22.5  23.0  22.9  22.7  22.7  23.1  22.9  23.1  23.0  24.7  25.5  23.9  23.5  24.1  24.2 
 24.7  24.6  25.7  26.2  27.6  28.7  36.6  42.3  44.8  39.4  24.0  23.6  22.8  22.8  22.8  23.0  22.6  22.5  22.7  23.0  22.8  22.8  23.0  23.0  22.9  23.1  23.5  24.1  23.8  23.5  23.7  24.1 
 25.1  25.5  26.6  27.2  29.9  32.6  51.5  59.9  70.9  67.4  34.3  25.7  22.9  22.7  22.9  22.9  22.7  22.5  22.9  22.8  22.6  22.6  23.1  23.0  22.9  22.7  23.5  23.4  23.3  23.4  24.1  23.9 
 25.2  25.6  26.8  27.5  30.4  33.3  51.9  60.7  76.0  75.6  38.9  26.7  23.0  22.9  22.9  22.9  22.7  22.6  22.8  23.1  22.7  22.8  23.1  23.3  22.7  22.8  23.5  23.3  23.2  23.2  23.9  24.0 
 25.3  25.5  27.1  27.1  29.5  31.9  45.7  55.0  78.3  78.2  34.0  25.5  22.8  22.6  23.1  22.9  22.8  22.8  23.0  22.8  22.9  22.7  23.1  23.2  23.1  22.9  23.5  23.4  23.2  23.2  24.1  24.0 
 25.4  25.6  26.4  27.1  28.8  30.0  38.7  44.8  60.9  58.3  28.0  24.5  23.1  22.8  23.0  23.3  22.8  22.7  23.0  23.2  22.9  22.9  23.1  23.4  22.9  22.9  23.6  23.6  23.3  23.4  23.9  24.0 
 25.6  25.4  26.5  27.0  26.9  27.2  29.6  30.8  32.3  30.4  24.5  23.6  22.9  22.9  23.3  23.1  22.9  22.9  23.1  23.1  23.0  22.8  23.1  23.4  23.0  23.0  23.5  23.7  23.3  23.5  23.8  24.1 
 25.4  25.7  26.2  26.7  26.3  26.4  27.9  28.2  28.2  27.2  24.1  23.5  23.1  23.1  23.0  23.1  22.9  22.7  23.2  23.3  23.0  22.8  23.4  23.4  23.0  23.1  23.3  23.6  23.4  23.6  24.0  24.7 
 25.7  25.4  26.0  25.9  26.0  25.8  26.2  26.3  25.7  25.1  23.9  23.9  23.1  23.0  23.3  23.2  23.0  22.9  23.2  23.3  23.0  22.8  23.5  23.4  23.2  23.1  23.7  23.7  23.4  23.7  24.7  26.0 
 25.2  25.6  25.9  25.9  25.6  25.4  26.0  25.8  25.0  24.6  23.8  24.0  23.2  23.1  23.2  23.5  22.9  22.9  23.2  23.4  22.9  23.0  23.4  23.3  23.2  23.0  23.6  23.9  23.8  24.2  25.3  26.5 
 26.6  25.8  26.0  25.8  25.2  24.8  25.2  25.2  24.7  24.1  23.8  23.9  23.5  23.3  23.5  23.5  23.3  23.1  23.4  23.5  23.1  22.8  23.6  23.8  23.3  23.5  24.8  24.8  24.9  25.0  27.3  27.0 
 26.8  26.2  25.6  25.9  25.1  25.0  25.0  25.2  24.2  24.1  23.8  24.0  23.4  23.2  23.7  23.5  23.3  23.1  23.4  23.8  23.2  23.4  23.6  23.9  23.7  23.8  25.0  25.3  24.8  24.7  26.9  27.9 
