 24.7  23.7  23.9  23.9  24.2  23.9  24.2  24.2  24.2  23.6  24.2  24.0  24.1  23.5  23.8  24.0  23.9  23.7  24.0  23.9  24.0  23.9  24.2  24.1  24.6  24.0  24.3  24.2  24.7  24.4  25.5  25.5 
 24.2  23.8  23.7  24.0  24.2  24.1  24.6  24.3  24.1  24.1  24.1  24.2  23.8  23.8  24.0  24.0  23.6  24.0  24.1  24.2  24.0  23.9  24.3  24.4  23.9  24.4  24.2  24.6  24.5  24.4  24.5  25.3 
 24.0  23.7  24.1  24.0  24.3  23.9  24.2  23.9  24.0  23.7  24.0  24.0  24.0  23.6  24.3  23.9  24.0  23.6  24.0  23.9  24.0  23.6  24.0  24.0  24.3  23.9  24.5  24.0  24.7  24.0  24.5  24.5 
 23.4  24.0  24.0  24.6  24.0  24.2  24.1  24.3  23.6  24.0  24.1  23.9  23.8  23.9  23.7  23.9  23.7  23.8  24.0  24.2  23.6  24.1  24.0  24.3  23.9  24.2  24.1  24.2  23.8  24.5  24.3  25.1 
 24.6  23.9  24.3  24.3  24.4  24.0  24.1  24.1  24.2  23.8  23.9  23.8  24.0  23.7  24.0  23.7  23.9  23.6  24.0  23.8  24.0  23.6  24.2  24.0  24.3  23.7  24.4  24.1  24.5  24.1  24.8  24.4 
 24.1  24.0  24.1  24.4  24.0  24.4  24.2  24.4  23.8  24.0  23.9  24.2  23.7  24.0  23.9  23.9  23.7  23.9  23.8  23.9  23.6  24.0  23.8  23.9  24.0  24.0  23.9  24.4  24.2  24.1  24.2  24.3 
 24.4  23.8  24.2  24.1  24.2  24.0  24.3  24.1  24.1  23.7  24.1  23.8  24.0  23.7  23.9  23.8  23.8  23.7  23.9  23.8  24.1  23.7  24.1  24.1  24.0  23.9  24.3  24.1  24.3  24.0  24.4  24.4 
 23.9  24.4  24.0  24.4  23.9  24.2  23.9  24.2  23.7  23.9  23.8  24.0  23.9  24.0  23.8  24.0  23.8  23.8  23.8  23.9  23.8  23.8  24.0  23.9  23.9  24.0  24.1  24.2  24.1  24.2  24.1  23.5 
 24.8  24.1  24.2  24.3  24.4  24.0  24.3  24.0  24.1  23.8  23.9  24.0  24.0  23.7  24.0  23.8  24.0  23.8  24.0  24.0  24.1  23.7  23.9  23.9  24.3  23.8  24.0  24.1  24.2  24.0  24.4  24.1 
 24.2  24.3  24.4  24.3  24.0  24.1  24.0  24.2  23.8  24.0  23.6  24.2  23.7  23.8  23.9  24.0  23.7  23.9  23.9  24.1  23.7  23.8  23.7  24.1  23.8  24.2  24.0  24.2  24.1  23.9  24.3  24.5 
 24.7  24.2  24.3  24.1  24.4  23.9  24.1  24.1  24.0  23.9  24.1  24.0  24.1  23.9  23.9  23.8  24.0  23.7  24.3  23.9  24.1  23.7  24.1  24.0  24.2  23.8  24.2  24.0  24.3  24.0  24.6  24.3 
 24.3  24.6  24.2  24.2  24.1  24.1  24.1  24.0  23.9  23.9  23.8  24.0  23.9  23.8  23.6  23.9  23.7  24.0  23.9  24.2  23.9  24.2  24.1 nan  23.8  24.0  23.9  24.4  24.1  24.2  24.6  24.7 
 24.5  24.0  24.5  24.4  24.3  23.8  24.4  24.0  23.9  23.7  24.1  24.0  24.0  23.8  24.0  23.9  24.1  23.8  24.2  23.7  24.3  23.9  24.3  24.2  24.3  24.1  24.6  24.4  24.7  24.1  25.1  25.0 
 24.1  24.3  24.4  24.3  24.2  24.3  24.1  24.3  23.8  23.9  23.8  24.1  23.9  24.1  23.8  24.1  23.9  24.0  24.0  24.3  24.1  24.1  24.2  24.3  24.3  24.4  24.9  24.9  24.8  25.0  25.1  25.3 
 24.5  24.3  24.3  24.3  24.4  23.9  24.1  24.0  24.0  23.7  24.0  24.0  23.9  23.7  24.0  23.9  24.0  23.7  24.4  24.2  24.4  24.7  29.7  30.9  30.9  29.7  27.6  27.3  26.8  26.3  26.3  26.1 
 24.3  24.5  24.1  24.4  24.0  24.1  24.0  24.1  23.8  23.9  23.8  24.1  23.9  24.1  23.9  24.0  23.9  23.9  23.9  24.2  25.3  28.9  45.0  47.6  44.4  39.4  30.6  29.1  27.4  27.3  26.6  26.5 
 24.6  24.3  24.4  24.2  24.2  23.8  24.4  24.2  24.1  23.6  24.1  23.9  24.0  23.7  24.0  24.0  23.9  23.8  24.3  24.2  32.2  44.5  70.6  73.6  70.0  60.4  36.5  32.7  29.0  28.4  27.2  27.0 
 24.4  24.7  24.3  24.4  24.1  24.1  24.2  24.4  24.0  23.9  23.9  24.1  23.8  23.9  23.9  24.0  23.8  24.0  24.1  24.4  34.5  48.9  75.0  77.7  71.6  61.8  36.8  33.3  29.2  28.6  27.5  27.4 
 24.8  24.3  24.9  24.7  24.5  24.1  24.5  24.3  24.2  23.9  24.2  24.0  24.2  23.8  24.0  24.2  24.3  24.0  24.3  24.3  33.5  42.5  65.0  68.0  59.1  50.0  34.8  32.2  29.5  28.6  28.1  27.8 
 24.3  24.8  24.5  24.8  24.3  24.4  24.4  24.4  24.1  24.1  24.0  24.2  24.0  24.0  24.2  24.4  23.9  24.1  24.4  24.8  31.4  36.6  51.9  54.2  46.9  41.9  32.8  31.5  28.8  28.6  27.8  28.2 
 25.4  24.7  25.0  24.6  24.6  24.4  24.5  24.4  24.5  23.8  24.4  24.1  24.1  24.0  24.3  24.1  24.1  23.9  24.6  25.2  27.3  28.6  33.1  34.1  33.8  32.6  30.7  30.1  28.1  27.5  28.8  29.1 
 24.8  25.1  24.8  24.7  24.3  24.4  24.4  24.5  23.8  24.1  24.2  24.6  24.0  23.9  24.0  24.2  24.1  24.1  24.8  25.5  26.0  27.0  29.8  30.7  31.2  31.2  29.9  29.4  27.7  27.8  28.8  30.1 
 26.0  25.3  25.3  24.8  24.6  24.4  24.5  24.3  24.5  24.1  24.3  24.1  24.3  23.9  24.1  24.3  24.4  24.2  25.4  25.0  25.7  25.7  27.5  27.9  29.1  28.7  29.0  28.0  27.7  27.8  31.1  32.1 
 25.4  25.6  24.8  25.3  24.5  24.2  24.5  24.8  24.3  24.3  24.0  24.5  24.2  24.3  24.1  24.4  24.3  24.4  24.9  25.1  25.2  25.6  26.8  27.8  27.9  28.3  27.8  28.3  27.6  28.6  31.1  33.0 
