 24.9  24.0  23.7  23.8  24.2  23.9  24.4  24.5  24.2  24.0  24.2  24.3  24.0  23.8  24.0  24.2  24.1  24.0  24.3  24.1  24.0  24.1  24.2  24.5  24.0  24.1  24.5  24.6  24.5  24.7  25.2  26.6 
 24.3  24.0  24.1  24.1  24.3  24.3  24.4  24.4  24.2  24.0  24.4  24.2  23.9  23.9  24.1  24.2  23.9  23.9  24.2  24.2  24.1  23.8  24.3  24.2  24.4  24.3  24.4  24.4  24.3  24.0  25.5  25.8 
 24.0  23.9  24.4  24.1  24.6  24.3  24.5  24.4  23.8  23.8  24.0  24.1  23.8  23.9  24.1  24.1  24.0  23.9  23.9  24.0  24.1  24.0  24.1  24.2  24.2  24.2  24.2  24.4  24.3  24.3  25.0  25.2 
 23.7  23.5  24.3  24.6  24.3  24.2  24.2  24.3  24.1  23.7  24.2  24.0  23.9  24.1  24.1  24.0  23.9  23.8  24.0  24.1  24.1  23.8  24.2  24.2  24.0  24.0  24.5  24.6  24.1  24.4  25.0  24.9 
 24.7  24.4  24.3  24.6  24.4  24.1  24.0  24.3  24.0  23.9  24.1  24.1  24.0  23.9  24.0  24.0  23.8  23.8  24.0  23.9  23.9  23.9  23.9  24.2  24.1  23.9  24.3  24.4  24.4  24.2  24.7  24.7 
 24.1  24.0  24.2  24.3  24.3  24.2  24.3  24.3  24.0  23.9  24.0  24.0  23.8  23.7  24.0  24.1  24.0  23.7  24.3  23.9  24.0  23.9  24.3  24.0  24.0  23.8  24.2  24.3  24.6  24.4  24.8  24.7 
 24.2  24.2  24.2  24.4  24.3  24.1  24.2  24.3  24.1  23.9  24.1  24.2  23.9  23.7  24.1  24.1  23.7  24.0  23.9  23.9  24.1  24.0  23.9  24.4  23.9  23.8  24.4  24.3  24.4  24.1  24.5  24.5 
 24.3  23.9  24.4  24.6  24.4  24.1  24.2  24.1  24.0  23.7  24.2  24.0  24.0  23.8  24.1  24.0  24.0  23.9  24.0  24.0  24.1  23.8  24.2  24.2  24.0  23.8  24.0  24.2  24.1  24.1  24.6  23.9 
 24.5  24.1  24.2  24.4  24.2  24.1  24.2  24.2  23.9  24.0  24.0  24.1  23.9  23.8  23.9  24.0  23.9  24.0  24.2  24.2  24.0  24.0  23.8  24.1  24.2  24.0  24.3  24.3  24.1  24.0  24.4  24.5 
 24.8  24.5  24.3  24.8  24.3  24.0  24.3  24.2  23.9  23.9  24.1  24.1  23.9  23.8  24.0  23.9  23.8  23.8  24.1  24.1  24.0  24.0  24.2  24.1  24.2  24.0  24.2  24.4  24.2  23.9  25.0  24.8 
 24.5  24.4  24.3  24.4  24.1  24.0  24.3  24.2  24.0  24.1  24.0  24.1  23.9  23.8  23.9  24.1  24.1  24.0  24.1  24.1  24.1  24.0  24.2  24.1  24.0  24.1  24.1  24.4  24.4  24.4  24.7  24.8 
 24.4  24.3  24.3  24.5  24.0  24.1  24.2  24.2  23.9  23.9  24.1  24.2  24.0  23.8  24.1  24.1  23.8  23.9  24.0  24.2  24.2  24.0  24.3 nan  24.2  24.0  24.3  24.4  24.7  24.3  24.5  24.9 
 24.5  24.2  24.2  24.3  24.3  24.1  24.3  24.2  24.1  23.9  24.0  24.1  24.1  23.9  24.0  24.1  24.1  23.9  24.1  24.2  24.1  24.1  24.3  24.4  24.5  24.3  24.4  24.8  24.5  24.6  25.2  25.3 
 24.5  24.1  24.7  24.6  24.3  24.1  24.4  24.2  23.9  23.9  24.1  24.2  24.0  24.0  24.1  24.2  24.0  24.0  24.2  24.2  24.3  24.2  24.4  24.5  24.4  24.4  24.9  25.0  25.0  25.0  25.1  25.4 
 24.4  24.5  24.5  24.4  24.6  24.3  24.2  24.2  24.1  24.0  24.0  24.2  24.1  23.9  24.1  24.2  24.2  23.9  24.4  24.3  24.6  24.9  29.7  31.0  30.9  29.9  27.6  27.4  26.7  26.6  26.2  26.3 
 24.8  24.3  24.6  24.7  24.1  24.2  24.2  24.1  24.1  23.9  24.1  24.2  23.9  23.9  24.2  24.1  23.8  24.0  24.2  24.3  25.3  28.8  45.2  47.5  44.4  39.2  30.7  29.2  27.8  27.1  26.9  26.5 
 24.5  24.4  24.8  24.7  24.3  24.1  24.5  24.4  24.1  23.9  24.0  24.2  24.0  24.0  24.1  24.2  24.0  24.0  24.3  24.5  32.2  44.8  70.4  73.6  69.9  60.7  36.4  32.9  28.8  28.5  27.5  27.5 
 24.7  24.5  24.7  24.6  24.2  24.1  24.3  24.5  24.1  24.0  24.3  24.2  24.1  24.0  24.1  24.2  24.1  23.9  24.5  24.5  34.6  49.0  75.0  77.5  71.7  61.6  37.0  33.5  29.7  28.6  28.2  27.4 
 24.9  24.6  25.0  25.0  24.5  24.2  24.2  24.5  24.1  23.8  24.2  24.2  23.9  24.0  24.2  24.4  24.0  24.3  24.4  24.8  33.7  42.6  65.0  67.9  59.0  50.2  34.9  32.4  29.3  28.7  27.6  28.0 
 24.6  24.8  24.8  24.9  24.3  24.3  24.6  24.4  24.2  24.0  24.1  24.4  24.2  24.1  24.3  24.3  24.2  24.1  24.7  25.1  31.4  36.3  52.0  54.2  47.1  42.2  33.2  31.6  29.0  28.6  27.9  28.4 
 25.0  24.8  25.0  25.1  24.4  24.4  24.4  24.6  24.3  24.0  24.3  24.3  24.3  24.2  24.2  24.4  24.2  24.2  24.5  25.4  27.1  28.7  33.1  34.1  33.8  32.5  30.7  30.2  28.1  27.9  28.3  29.4 
 24.9  24.7  25.0  25.0  24.4  24.4  24.5  24.7  24.2  24.2  24.4  24.3  24.1  24.1  24.2  24.2  24.3  24.3  24.9  25.6  26.1  27.0  30.0  30.9  31.2  31.0  29.9  29.5  28.1  27.6  29.4  30.6 
 26.0  25.2  24.9  25.1  24.6  24.7  24.7  24.5  24.4  24.2  24.3  24.8  24.5  24.1  24.4  24.5  24.5  24.2  25.2  25.5  25.7  25.7  27.7  28.6  29.2  28.8  28.5  28.6  28.0  27.7  31.1  32.2 
 25.8  25.6  25.5  25.3  24.6  24.6  24.9  24.5  24.4  24.3  24.6  24.6  24.1  24.0  24.5  24.6  24.5  24.2  25.3  25.1  25.4  25.4  27.2  27.8  28.1  28.0  28.4  28.5  27.9  28.6  31.2  33.9 
