 24.2  23.9  23.7  24.1  24.1  24.1  24.4  24.3  24.0  23.8  24.0  24.2  23.9  23.6  23.7  24.3  23.8  23.9  23.9  24.0  23.8  24.0  24.1  24.4  23.9  23.9  24.2  24.6  24.4  24.0  25.4  26.5 
 24.4  23.5  24.4  23.9  24.3  23.7  24.5  24.2  24.0  23.8  24.2  23.9  23.6  23.8  23.9  23.9  23.7  23.8  24.1  24.0  24.0  23.8  24.3  24.0  23.8  24.2  24.5  24.3  24.2  24.3  25.4  25.2 
 23.3  23.9  24.0  24.4  24.1  24.0  24.1  24.4  23.6  23.9  23.9  24.0  23.5  23.8  23.9  24.1  23.9  23.6  23.9  24.0  23.8  23.6  24.0  24.1  24.0  23.9  24.4  24.3  24.3  24.2  24.6  25.1 
 23.6  23.4  24.2  24.2  24.1  23.9  24.4  24.1  23.9  23.4  24.2  23.9  23.6  23.7  23.9  23.8  23.8  23.5  24.0  23.9  23.8  24.0  23.9  24.0  23.9  23.8  24.4  24.1  24.0  24.3  24.9  24.8 
 23.9  24.1  24.1  24.5  24.2  24.0  24.1  24.2  23.8  23.7  23.8  24.0  23.8  23.7  23.9  23.9  23.9  23.7  23.8  23.9  23.8  23.6  23.9  24.2  23.9  24.0  24.0  24.3  24.1  23.9  24.5  25.2 
 24.0  23.8  24.3  24.4  24.1  24.1  24.3  24.1  24.0  23.9  23.9  23.9  23.7  23.7  23.8  23.7  23.8  23.7  23.9  23.8  23.8  23.5  24.0  23.8  24.0  23.8  24.2  24.1  24.1  24.3  24.6  24.6 
 24.1  23.6  24.0  24.4  24.0  24.3  24.0  24.1  23.8  23.6  24.0  24.1  23.8  23.7  23.7  24.0  23.6  23.7  23.8  24.0  23.9  23.7  24.0  24.0  23.7  23.7  24.0  24.2  23.9  23.9  24.1  24.4 
 24.1  23.9  24.2  23.9  24.1  24.0  24.3  24.0  23.8  23.7  24.1  23.9  23.8  23.7  23.9  23.9  23.8  23.7  23.9  23.8  23.9  23.7  24.1  24.0  23.8  23.9  24.1  24.3  23.8  23.9  24.3  23.6 
 24.2  23.9  24.1  24.2  23.9  23.9  24.0  24.3  23.8  23.7  23.9  24.1  23.8  23.8  23.9  24.0  23.7  23.6  24.0  24.1  23.8  23.8  23.9  24.2  23.8  23.8  24.0  24.3  24.0  24.0  24.3  24.1 
 24.3  23.9  24.5  24.2  24.3  23.9  24.3  23.9  23.7  23.5  24.0  24.0  23.8  23.6  23.9  23.9  23.7  23.8  23.9  23.8  23.7  23.8  24.1  24.0  24.0  23.8  24.3  24.1  24.1  23.9  24.6  24.4 
 24.3  24.2  24.4  24.5  23.9  24.0  23.9  24.0  23.7  23.7  23.9  24.0  23.9  23.6  23.9  24.0  23.8  23.8  23.8  24.0  24.1  23.8  24.2  24.1  24.0  23.9  24.0  24.4  24.0  24.0  24.3  24.8 
 24.3  24.0  24.5  24.1  24.0  23.9  24.1  24.0  23.6  23.7  24.0  23.9  23.8  23.7  24.0  24.0  23.9  23.7  23.9  23.9  23.9  23.8  24.1 nan  24.0  24.0  24.2  24.3  24.5  23.9  24.9  24.4 
 24.3  24.0  24.4  24.3  23.9  23.9  24.1  24.1  23.7  23.7  23.9  24.0  23.9  23.9  24.0  24.0  23.9  23.7  24.0  24.1  23.9  23.9  24.1  24.5  24.1  24.1  24.5  24.8  24.3  24.4  25.1  25.2 
 24.5  23.9  24.3  24.2  24.0  23.9  24.2  23.8  23.7  23.6  24.1  23.8  23.8  23.9  24.0  24.0  23.9  23.7  24.2  24.1  23.9  23.9  24.6  24.3  24.6  23.9  24.7  24.7  24.7  24.5  25.2  25.3 
 24.0  24.1  24.1  24.6  23.9  23.9  24.1  24.3  23.9  23.7  23.9  24.2  23.8  23.9  23.8  24.0  23.7  23.8  24.2  24.3  24.3  24.8  29.7  31.2  30.8  29.8  27.3  27.4  26.5  26.4  26.0  26.4 
 24.5  24.1  24.5  24.3  24.1  23.9  24.3  24.0  23.8  23.7  24.1  23.9  23.8  23.8  24.1  23.8  23.9  23.8  24.1  24.1  25.2  28.8  45.3  47.6  44.3  39.2  30.8  28.9  27.4  27.0  26.9  26.5 
 24.5  24.2  24.5  24.2  24.1  23.9  24.3  24.4  24.1  23.7  23.9  24.2  23.7  23.7  23.9  24.2  23.8  23.9  24.2  24.5  31.9  44.6  70.5  73.6  69.8  60.5  36.1  32.8  28.7  28.2  27.5  27.2 
 24.4  24.1  24.6  24.6  24.0  23.9  24.4  24.4  23.9  23.7  23.9  24.0  23.9  23.8  24.3  23.9  23.9  23.9  24.3  24.6  34.5  48.8  75.1  77.8  71.4  61.7  37.0  33.3  29.3  28.6  27.7  27.4 
 24.5  24.4  24.6  24.6  24.3  24.0  24.3  24.3  24.0  23.7  23.9  24.2  23.9  24.0  24.0  24.3  24.0  23.9  24.1  24.7  33.3  42.5  65.2  68.1  59.0  50.0  34.4  32.6  29.4  28.4  27.7  28.2 
 24.7  24.7  24.7  24.6  24.2  24.1  24.7  24.3  24.0  23.9  24.1  24.1  23.9  23.8  24.3  24.2  24.1  24.0  24.6  24.8  31.4  36.3  51.9  54.1  46.8  41.8  32.9  31.5  28.7  28.2  28.2  28.1 
 24.9  24.4  24.7  25.0  24.1  24.2  24.3  24.4  24.1  23.9  24.2  24.2  23.9  24.1  24.0  24.1  23.9  24.1  24.5  25.6  27.1  28.6  33.1  34.2  33.4  32.5  30.7  30.1  28.1  27.6  28.5  29.4 
 24.4  24.8  24.8  24.5  24.6  24.2  24.4  24.4  24.0  24.0  24.4  24.2  23.9  24.0  24.2  24.3  24.0  23.9  24.8  25.4  26.1  26.8  29.9  30.5  31.0  30.9  30.1  29.1  27.6  27.2  29.3  30.5 
 25.4  24.7  24.6  25.3  24.4  24.0  24.6  24.6  24.2  24.2  24.2  24.6  24.2  24.0  24.1  24.6  24.3  24.1  25.2  25.4  25.3  25.6  27.5  28.6  28.8  28.7  28.4  28.5  27.4  27.6  31.0  32.6 
 25.7  25.5  25.0  25.2  24.4  24.4  24.7  24.5  24.2  24.2  24.3  24.3  24.0  24.0  24.3  24.3  24.2  24.0  25.4  25.0  25.2  25.5  27.4  27.6  27.7  28.0  28.3  27.9  27.6  28.2  32.0  32.9 
