 24.3  23.5  24.0  23.9  23.3  23.1  22.9  23.0  22.8  22.7  23.0  23.0  22.7  22.5  23.1  22.7  23.0  22.8  23.1  23.0  22.7  22.9  23.1  23.1  24.5  25.2  27.9  28.2  29.6  29.8  30.4  30.5 
 23.8  23.3  23.5  24.2  23.3  23.1  23.2  23.1  22.8  22.7  22.8  23.1  22.7  22.6  22.7  22.9  22.8  22.6  23.1  22.9  22.8  22.7  23.0  23.2  23.3  23.7  26.5  28.1  29.2  29.4  30.2  31.1 
 23.4  23.0  23.9  23.4  22.9  22.7  23.1  23.0  22.9  22.6  23.0  22.8  22.7  22.5  23.0  22.8  22.8  22.7  22.8  22.8  22.6  22.7  23.3  22.9  23.2  23.6  26.8  28.4  30.2  30.0  30.1  29.7 
 23.6  23.4  23.6  23.7  22.9  22.8  23.1  23.0  22.9  22.9  22.9  23.0  22.7  22.6  22.8  23.0  22.8  22.6  22.9  22.9  22.8  22.7  23.1  23.1  23.4  24.2  28.3  29.9  30.9  31.0  30.7  30.6 
 23.6  23.3  23.3  23.3  23.0  22.9  23.0  23.1  23.2  23.4  23.1  22.8  22.6  22.7  22.8  22.8  22.7  22.6  23.0  23.0  22.8  22.6  23.3  23.1  24.9  26.3  29.9  30.2  31.1  31.4  31.9  31.2 
 23.4  23.2  23.3  23.2  23.1  23.0  23.3  23.3  23.6  24.0  23.0  23.0  22.6  22.8  22.8  22.8  22.8  22.6  23.0  23.0  22.8  22.8  23.2  23.1  25.4  26.3  30.3  30.9  31.6  31.5  31.6  30.9 
 23.2  23.3  23.4  23.0  22.8  22.9  23.4  23.4  25.6  26.9  24.2  23.3  22.8  22.7  22.7  22.7  22.8  22.7  23.0  22.8  22.8  22.8  23.2  23.2  25.1  26.6  30.1  30.7  31.8  31.7  30.2  28.2 
 23.4  23.2  23.1  23.4  23.0  22.7  23.2  23.7  26.1  27.8  24.8  23.4  22.7  22.7  22.7  22.9  22.7  22.5  22.8  23.0  22.8  22.7  23.1  23.2  24.8  26.8  30.5  31.2  31.2  31.6  28.7  26.9 
 23.4  23.3  23.5  23.1  22.8  22.8  23.2  23.3  23.5  23.5  23.3  22.9  22.6  22.6  22.8  22.7  22.7  22.7  23.0  22.8  22.7  22.8  23.2  23.0  24.1  25.7  29.7  30.3  30.4  29.5  26.9  25.9 
 23.7  23.3  23.5  23.5  23.0  22.8  23.0  23.2  22.9  23.0  23.0  23.0  22.8  22.7  22.8  22.9  22.8  22.7  22.9  23.0  23.0  22.8  23.1  23.2  23.6  24.7  28.6  29.6  29.7  29.3  26.3  25.8 
 24.1  23.8  24.2  23.7  23.5  23.3  23.2  23.0  23.0  23.0  23.0  22.9  22.7  22.6  23.0  22.8  22.9  22.7  22.9  22.9  22.8  22.7  23.1  23.1  22.9  22.9  24.3  24.5  25.6  25.3  25.3  24.8 
 23.9  23.7  24.0  24.5  24.0  24.0  23.5  23.4  23.1  22.9  22.9  23.0  22.7  22.7  22.8  23.0  22.8  22.7  22.9  23.0  22.8  22.8  23.0 nan  22.9  23.0  24.5  25.6  24.7  24.0  24.4  24.7 
 24.5  24.3  25.0  25.3  26.3  26.5  29.2  29.5  27.6  26.2  23.2  23.1  22.8  22.6  22.8  22.8  22.7  22.6  23.0  22.9  22.8  22.7  23.0  23.1  23.1  23.1  24.8  25.3  23.9  23.5  24.3  24.1 
 24.5  24.8  25.6  26.3  27.6  28.8  36.6  42.2  44.8  39.5  24.0  23.5  22.8  22.8  22.7  23.0  22.7  22.5  22.6  23.1  22.5  22.6  23.1  22.9  23.0  23.0  23.6  24.1  24.2  23.3  24.0  24.2 
 25.1  25.5  26.5  27.2  30.0  32.7  51.5  59.9  70.9  67.5  34.1  25.7  23.0  22.9  22.9  22.9  22.9  22.7  22.7  23.0  22.8  23.0  23.2  23.0  22.9  22.9  23.4  23.4  23.6  23.4  24.0  24.0 
 25.4  25.4  26.9  27.5  30.3  33.2  52.0  60.7  76.0  75.7  38.9  26.7  23.0  23.0  22.9  22.9  22.9  22.6  22.7  23.0  22.8  22.8  23.0  23.1  22.9  22.9  23.2  23.5  23.3  23.5  23.8  24.0 
 25.4  25.7  26.9  27.1  29.6  31.9  45.6  55.0  78.3  78.3  34.3  25.6  22.9  22.9  23.0  22.8  22.9  22.8  23.2  22.7  22.9  22.6  23.1  23.0  22.9  23.1  23.5  23.4  23.5  23.5  24.2  23.8 
 25.6  25.6  26.7  27.3  28.8  29.9  38.6  45.0  61.0  58.3  27.8  24.5  23.0  22.8  23.0  23.1  22.8  22.8  22.9  23.0  22.9  22.8  23.0  23.3  23.2  22.8  23.3  23.6  23.4  23.4  23.8  24.4 
 25.4  25.4  26.5  26.7  27.1  27.5  29.7  30.8  32.4  30.3  24.5  23.6  23.0  23.0  23.1  23.1  23.1  22.9  23.1  23.1  23.1  23.0  23.5  23.3  23.3  23.0  23.6  23.4  23.6  23.2  23.6  23.9 
 25.5  25.7  26.3  26.7  26.4  26.4  28.0  28.5  28.0  27.1  24.1  23.6  23.1  23.1  23.4  23.2  23.1  22.8  23.3  23.2  22.9  23.0  23.2  23.6  23.1  23.1  23.4  23.3  23.5  23.4  23.9  24.7 
 25.9  25.4  26.0  26.0  25.9  25.9  26.3  26.1  25.8  25.2  24.1  23.6  23.1  23.0  23.2  23.2  23.0  22.9  23.2  23.3  22.9  22.8  23.5  23.3  23.2  23.0  23.6  23.7  23.6  23.7  25.2  25.7 
 25.8  25.4  25.8  25.9  25.8  25.5  25.8  26.0  25.0  24.7  24.1  23.9  23.3  23.0  23.2  23.4  23.0  23.0  23.1  23.5  23.1  23.0  23.4  23.6  23.3  23.1  23.4  23.7  24.2  24.2  25.3  26.5 
 27.1  26.0  25.7  25.7  25.5  25.1  25.5  25.3  24.7  24.1  24.0  24.0  23.4  23.2  23.4  23.4  23.2  23.2  23.5  23.3  23.4  23.2  23.6  23.7  23.5  23.5  24.5  24.7  24.9  25.0  26.6  27.5 
 26.8  26.7  25.4  26.1  25.1  25.0  25.1  25.2  24.3  24.2  24.0  24.0  23.4  23.3  23.5  23.5  23.3  23.3  23.4  23.4  23.4  23.1  23.7  24.2  23.9  23.9  25.0  25.5  25.2  25.2  26.5  27.9 
