 23.7  23.6  23.1  23.7  23.4  23.0  22.9  22.9  22.6  22.6  22.5  23.0  22.7  22.6  22.4  22.7  22.5  22.7  22.7  22.9  22.6  22.7  22.7  22.8  22.8  22.8  23.3  24.0  23.5  23.6  23.9  25.5 
 23.6  23.2  23.3  23.5  23.2  22.7  22.9  22.8  22.9  22.4  23.0  22.7  22.8  22.8  22.9  22.5  22.6  22.3  22.8  22.7  22.7  22.4  22.7  22.8  22.8  22.8  23.6  24.4  24.0  23.6  24.2  24.2 
 23.3  23.3  23.2  23.3  22.7  22.6  22.7  23.0  22.7  22.7  22.8  22.8  22.5  22.6  22.6  22.8  22.3  22.4  22.6  23.0  22.6  22.7  22.5  22.9  22.7  23.0  22.6  23.4  23.3  23.2  23.4  23.8 
 23.6  23.0  23.1  23.4  22.9  22.6  23.0  22.9  23.1  22.7  23.0  22.6  22.5  22.4  22.7  22.7  22.7  22.4  22.9  22.5  22.8  22.4  23.0  22.8  22.7  22.6  23.3  22.9  23.1  22.9  23.4  23.4 
 23.4  23.5  23.2  23.4  22.6  22.8  23.1  23.3  23.0  23.4  22.9  23.1  22.4  22.7  22.7  22.6  22.4  22.4  22.6  22.6  22.4  22.7  22.6  22.9  22.7  22.7  22.8  22.8  23.0  23.0  23.0  23.5 
 23.4  23.3  23.4  23.0  23.0  22.8  23.2  23.0  23.9  23.9  23.3  22.9  22.7  22.5  22.8  22.7  22.7  22.4  22.8  22.5  22.7  22.4  22.8  22.8  23.0  22.6  23.2  23.0  23.3  22.9  23.6  23.1 
 23.0  23.3  23.2  23.0  22.9  22.8  23.0  23.5  25.4  26.6  24.1  23.3  22.7  22.7  22.6  22.7  22.6  22.8  22.7  22.7  22.7  22.6  22.9  22.9  22.6  22.7  23.0  23.3  22.8  23.0  23.0  23.3 
 23.4  22.9  23.2  23.1  23.0  22.7  23.1  23.6  26.0  27.2  24.6  23.2  22.7  22.7  22.8  22.5  22.7  22.5  22.7  22.6  22.7  22.6  22.9  22.7  23.0  22.7  22.9  22.8  23.1  22.7  23.2  22.5 
 23.5  23.5  23.3  23.1  22.9  22.9  23.1  23.3  23.2  23.4  23.1  23.1  22.8  22.6  22.4  22.9  22.6  22.6  22.7  22.7  22.6  22.6  22.7  22.9  22.8  22.9  22.8  22.9  22.9  23.1  22.9  23.6 
 23.8  23.5  23.3  23.3  23.3  22.8  23.1  23.0  23.0  22.8  22.9  22.8  22.7  22.5  22.7  22.6  22.7  22.5  22.8  22.7  22.9  22.6  23.0  22.8  23.0  22.8  23.0  23.2  23.2  23.0  23.5  23.3 
 23.8  24.0  23.8  24.0  23.8  23.7  23.2  23.3  22.9  23.0  22.9  22.9  22.6  22.7  22.7  22.8  22.7  22.8  22.5  22.7  22.6  22.8  22.6  22.7  22.7  22.7  23.2  23.8  23.5  23.5  23.2  23.8 
 24.0  23.7  24.4  24.1  24.7  24.5  24.0  23.5  23.2  22.9  23.0  22.8  22.8  22.5  22.7  22.6  22.8  22.7  22.7  22.8  22.8  22.6  22.8 nan  22.8  22.7  24.3  25.1  24.2  23.1  23.5  23.3 
 24.2  24.4  25.4  25.7  27.0  27.7  32.5  35.0  32.9  29.3  23.4  23.1  22.8  22.8  22.8  22.9  22.6  22.7  22.8  22.8  22.6  22.5  22.7  22.9  22.7  22.9  23.7  24.7  23.7  23.3  23.3  23.9 
 24.9  24.7  25.9  26.5  28.5  30.0  41.5  48.5  53.5  47.2  24.6  23.3  23.0  22.6  22.9  22.7  22.8  22.5  22.8  22.7  22.7  22.5  22.8  22.8  22.9  22.7  23.3  23.2  23.5  23.0  23.6  23.3 
 25.0  25.5  26.7  27.4  30.6  34.0  54.6  63.2  74.6  71.4  35.0  25.6  22.9  22.7  22.8  22.8  22.7  22.9  22.6  23.0  22.5  22.8  22.9  22.8  22.7  22.8  23.0  22.9  23.2  23.3  23.2  23.5 
 25.6  25.5  27.0  27.5  30.9  34.2  53.5  62.5  78.6  79.4  37.6  26.1  22.8  22.9  22.7  22.7  22.8  22.7  22.9  22.8  22.7  22.6  22.9  22.8  23.0  22.6  23.1  22.9  23.3  23.1  23.5  23.7 
 25.5  25.7  26.6  27.1  29.6  32.0  44.3  53.4  73.5  70.8  30.5  24.6  22.8  22.7  22.7  22.8  22.7  22.7  22.9  23.0  22.8  22.7  22.9  22.9  22.8  22.9  23.2  23.3  23.1  23.3  23.6  24.1 
 25.6  25.2  26.4  26.9  28.9  29.7  37.1  42.2  54.5  50.2  25.9  23.9  23.0  22.7  22.9  22.8  22.8  22.7  22.9  22.7  22.9  22.7  22.9  22.9  23.0  22.7  23.1  22.9  23.5  22.8  23.9  23.8 
 25.4  25.9  26.5  26.8  26.6  27.3  28.8  29.7  29.9  28.3  24.0  23.5  22.9  22.9  22.9  23.1  22.8  22.9  22.9  23.2  22.9  22.8  22.8  23.2  22.9  23.2  23.2  23.3  23.4  23.6  23.2  23.8 
 25.4  25.5  26.3  26.1  26.4  26.4  27.5  27.3  27.4  26.2  23.8  23.4  23.0  22.9  23.0  22.7  22.9  22.9  23.0  23.0  22.9  22.6  23.1  23.1  23.1  22.9  23.2  23.3  23.3  23.1  24.5  24.3 
 25.4  25.6  26.2  25.8  25.7  25.9  25.7  25.9  25.3  24.7  23.6  23.5  23.0  23.1  23.0  23.1  22.9  23.1  23.0  23.1  22.9  22.9  23.3  23.2  23.2  23.0  23.1  23.6  23.7  24.6  24.9  25.6 
 25.5  25.2  26.1  25.4  25.7  25.2  25.6  25.1  24.9  24.4  23.9  23.5  23.2  23.0  23.3  23.2  23.1  22.8  23.2  23.1  23.0  23.0  23.3  23.3  23.1  23.0  23.4  23.5  24.7  24.9  25.9  25.9 
 26.0  25.8  25.5  25.6  25.0  25.0  24.8  24.8  24.4  23.9  23.8  23.8  23.3  23.1  23.1  23.3  23.1  22.8  23.1  23.3  23.3  23.3  23.3  23.4  23.4  23.9  25.2  26.0  25.9  26.0  26.2  26.4 
 26.8  26.4  25.2  25.3  25.0  24.7  24.7  24.5  24.1  23.7  23.7  23.4  23.3  23.1  23.4  23.2  23.2  22.8  23.6  23.1  23.5  23.0  23.8  24.0  24.5  24.6  26.6  27.0  26.7  26.3  28.1  27.2 
