 24.7  24.2  23.7  23.6  24.4  24.2  24.3  24.5  24.0  23.9  24.1  24.1  24.0  23.9  24.2  24.0  24.0  23.9  23.8  24.0  24.0  24.0  23.9  24.2  24.0  24.1  24.1  24.5  24.5  24.7  25.2  26.3 
 24.5  24.2  23.9  24.1  24.5  24.3  24.3  24.2  24.1  23.9  24.0  24.1  23.9  23.9  24.1  24.1  24.0  24.0  24.1  24.1  24.1  24.0  24.4  24.2  24.3  24.3  24.3  24.2  24.5  24.4  25.3  25.5 
 24.1  24.1  23.9  24.3  24.3  24.2  24.2  24.2  23.9  23.8  23.8  24.1  23.7  23.8  23.8  24.1  23.8  23.9  23.9  24.0  23.9  24.2  24.3  24.3  24.2  24.2  24.2  24.4  24.5  24.3  24.5  24.8 
 23.9  24.1  24.1  24.1  24.3  24.1  24.2  24.2  24.1  23.8  24.1  23.9  23.9  23.9  23.9  23.9  23.9  23.8  24.0  23.8  24.1  23.8  24.1  24.1  24.0  24.0  24.5  24.0  24.3  24.2  24.8  24.8 
 24.2  24.5  24.2  24.4  24.3  24.2  24.1  24.3  23.9  24.0  23.9  24.0  23.8  24.0  23.9  23.8  23.8  24.0  23.8  24.1  24.0  23.9  23.9  24.1  23.9  24.2  24.2  24.3  24.0  24.2  24.0  24.6 
 24.1  24.0  24.2  24.2  24.4  24.3  24.3  24.1  24.0  23.8  24.0  23.8  23.9  24.0  24.0  23.9  23.9  23.8  24.0  23.8  24.1  23.9  24.2  23.9  24.2  23.9  24.2  24.3  24.2  24.4  24.5  24.1 
 24.0  24.2  24.3  24.4  24.2  24.0  24.0  24.2  23.9  24.0  23.9  23.9  23.8  23.9  23.8  24.0  23.7  23.9  23.9  23.9  24.1  23.9  23.9  24.2  24.0  23.7  24.0  24.2  24.2  24.4  24.2  24.4 
 24.5  23.9  24.3  24.1  24.4  24.1  24.1  24.1  24.0  23.8  24.1  23.8  23.9  23.8  24.0  24.0  24.0  23.7  23.8  24.1  23.9  23.9  24.0  24.0  24.1  23.9  24.0  24.2  24.0  24.3  24.4  23.5 
 24.5  24.6  24.3  24.3  24.1  24.2  24.1  24.1  24.0  23.8  24.2  23.9  23.9  23.9  23.8  24.0  23.8  23.8  24.0  23.9  24.1  24.0  24.0  24.1  24.1  24.1  24.0  24.4  24.2  24.1  24.4  24.3 
 24.4  24.2  24.5  24.2  24.2  24.0  24.1  24.0  24.1  23.8  24.1  24.0  24.0  23.7  24.1  23.8  24.0  23.9  24.1  24.2  24.1  23.9  24.1  24.0  24.3  24.0  24.4  24.0  24.2  24.1  24.7  24.3 
 24.5  24.6  24.3  24.6  24.1  24.2  24.0  24.0  24.0  24.0  23.9  24.1  23.7  24.0  23.9  24.2  24.0  24.1  23.9  24.1  23.9  24.0  24.0  24.0  24.0  24.0  24.1  24.4  24.1  24.4  24.4  24.8 
 24.2  24.2  24.3  24.1  24.1  24.1  24.1  23.9  24.0  23.9  24.1  23.8  24.0  23.8  24.0  23.9  24.0  23.9  24.0  24.0  24.1  24.1  24.1 nan  24.1  23.8  24.2  24.3  24.4  24.1  24.4  24.3 
 24.5  24.2  24.2  24.3  24.0  24.0  24.1  24.1  23.9  24.0  24.0  24.1  23.8  23.8  23.8  24.0  24.0  23.9  24.1  24.0  24.1  24.1  24.1  24.3  24.4  24.3  24.3  24.6  24.5  24.7  25.0  24.9 
 24.5  24.4  24.6  24.1  24.3  24.1  24.2  24.1  24.0  23.7  24.0  24.1  24.0  23.9  24.0  24.0  23.9  23.8  24.1  24.1  24.3  24.0  24.3  24.3  24.6  24.3  24.7  24.9  25.2  25.0  25.4  25.2 
 24.5  24.5  24.2  24.5  24.2  24.3  24.2  24.1  24.1  23.9  23.8  24.0  23.9  23.9  23.9  24.0  24.0  23.8  23.9  24.3  24.5  24.9  29.6  31.0  30.6  30.0  27.3  27.2  26.6  26.3  26.1  26.0 
 24.5  24.1  24.6  24.5  24.0  24.1  24.0  24.2  24.1  23.9  24.0  23.9  24.1  24.0  24.1  23.9  24.1  23.9  24.1  24.1  25.3  28.7  45.1  47.4  44.5  39.3  30.6  29.0  27.8  27.1  26.7  26.5 
 24.5  24.3  24.5  24.3  24.2  24.1  24.1  24.2  24.0  24.1  23.9  23.9  24.0  23.9  23.9  24.1  24.0  24.0  24.4  24.4  32.1  44.8  70.4  73.6  69.9  60.8  36.2  32.8  29.1  28.3  27.4  27.5 
 25.0  24.0  24.6  24.4  24.3  23.8  24.3  24.4  24.2  24.0  24.0  23.9  24.2  24.0  23.9  24.0  24.1  23.8  24.3  24.5  34.7  49.0  75.1  77.8  71.8  61.7  36.9  33.1  29.5  28.6  27.6  27.2 
 24.8  24.6  24.5  24.8  24.3  24.6  24.3  24.5  24.2  24.2  24.0  24.2  24.1  23.9  24.1  24.3  24.3  24.2  24.1  24.7  33.4  42.4  65.1  67.9  59.1  50.1  34.5  32.3  29.3  28.7  27.4  27.9 
 25.0  24.6  24.8  24.6  24.7  24.3  24.5  24.2  24.2  24.0  24.1  24.1  24.1  24.0  24.3  24.1  24.1  24.0  24.3  24.9  31.6  36.4  52.0  53.9  47.1  41.9  32.8  31.3  29.1  28.3  27.9  27.9 
 24.9  25.0  24.8  24.8  24.4  24.3  24.1  24.3  24.2  24.1  24.2  24.2  24.2  24.1  24.1  24.3  24.2  24.2  24.5  25.5  27.3  28.9  33.0  34.1  33.8  32.7  30.7  30.1  28.0  27.9  28.1  29.5 
 25.1  24.9  24.9  24.7  24.5  24.5  24.5  24.3  24.4  24.1  24.3  24.1  24.4  24.1  24.1  24.3  24.3  24.1  24.9  25.6  26.3  26.8  30.0  30.7  31.2  31.1  29.9  29.0  28.1  27.7  28.9  30.0 
 25.2  25.5  24.9  24.9  24.7  24.4  24.5  24.2  24.4  24.5  24.3  24.4  24.4  24.1  24.2  24.2  24.3  24.4  25.0  25.4  25.5  26.0  27.6  28.3  28.9  28.8  28.5  28.3  27.8  27.9  30.0  31.8 
 26.4  25.3  25.1  24.9  24.8  24.5  24.6  24.6  24.5  24.1  24.4  24.6  24.4  24.3  24.4  24.4  24.4  24.3  25.1  25.0  25.4  25.5  27.2  27.5  28.1  28.1  28.2  28.0  27.9  28.3  31.7  32.5 
