 24.1  23.6  23.6  23.5  22.9  23.0  23.1  22.9  22.6  22.5  22.8  23.0  22.7  22.4  22.7  23.0  22.6  22.3  22.7  22.9  22.7  22.5  23.1  23.2  22.7  22.5  23.1  23.3  23.3  23.5  24.4  25.2 
 23.4  23.3  23.3  23.5  23.0  23.0  23.1  23.0  22.8  22.6  23.0  22.9  22.6  22.3  22.8  22.7  22.6  22.4  22.8  22.9  22.6  22.4  22.9  23.1  22.7  22.7  23.1  23.1  22.9  23.0  24.2  24.5 
 23.3  22.9  23.6  23.1  22.7  22.6  23.2  22.9  22.7  22.7  23.1  22.9  22.7  22.5  22.7  22.7  22.6  22.6  22.8  22.7  22.6  22.6  22.7  22.8  22.6  22.7  23.0  22.9  23.0  23.2  23.6  24.0 
 23.2  23.3  23.1  23.4  22.9  22.6  22.9  22.9  22.8  22.7  23.0  22.8  22.6  22.5  22.6  22.8  22.7  22.3  22.7  22.7  22.5  22.5  22.8  22.9  22.7  22.8  23.2  23.0  23.4  23.8  23.8  24.0 
 23.4  23.0  23.2  23.0  22.9  22.7  22.7  23.0  23.1  23.2  23.7  23.1  22.6  22.5  22.8  22.7  22.4  22.3  22.7  22.6  22.5  22.3  22.8  22.8  22.8  22.6  23.1  23.1  23.1  23.5  23.4  23.9 
 23.0  23.2  22.9  23.2  23.0  22.5  22.9  23.0  23.2  23.9  25.2  23.7  22.5  22.4  22.4  22.8  22.5  22.5  22.5  22.6  22.6  22.5  22.7  22.8  23.0  22.7  22.9  23.1  23.3  23.1  23.6  23.3 
 23.0  22.9  23.2  23.2  22.7  22.8  23.0  22.8  23.4  24.5  26.8  24.5  22.5  22.5  22.6  22.6  22.6  22.4  22.7  22.6  22.5  22.7  22.8  22.9  22.8  22.6  22.7  22.8  22.8  22.7  23.2  23.3 
 23.1  22.8  23.1  23.1  22.8  22.7  22.9  22.7  22.8  23.0  23.8  23.1  22.5  22.6  22.6  22.7  22.5  22.6  22.5  22.8  22.7  22.5  22.9  22.8  22.7  22.4  22.8  22.9  22.8  22.8  22.9  22.7 
 23.5  23.1  23.3  23.1  22.7  22.7  22.9  23.0  22.7  22.5  22.8  22.8  22.5  22.5  22.6  22.7  22.5  22.6  22.8  22.7  22.6  22.7  22.8  23.0  22.9  22.6  22.8  23.0  22.8  22.8  23.1  23.0 
 23.5  23.1  23.3  23.5  23.4  23.0  23.0  22.9  22.6  22.6  22.7  22.8  22.7  22.3  22.6  22.7  22.6  22.5  22.6  22.7  22.6  22.5  22.7  22.7  22.6  22.5  23.0  23.0  22.7  22.6  23.2  22.9 
 24.1  24.0  24.6  24.8  24.6  24.3  23.7  23.5  22.8  22.9  22.8  22.7  22.7  22.4  22.8  22.7  22.6  22.4  22.9  22.7  22.5  22.7  22.8  22.8  22.6  22.6  22.8  22.9  23.0  22.7  23.2  23.2 
 24.4  24.2  24.9  25.4  25.5  25.3  25.0  24.2  23.1  22.9  22.9  22.9  22.7  22.6  22.7  22.9  22.6  22.5  22.7  22.7  22.6  22.5  22.8 nan  22.6  22.6  22.7  23.0  22.6  22.7  23.2  23.1 
 25.1  25.1  26.3  26.6  28.3  29.4  37.7  41.8  39.5  33.6  23.5  23.1  22.8  22.8  22.7  22.8  22.6  22.4  22.9  22.6  22.6  22.4  23.0  22.7  22.7  22.5  23.0  23.3  23.1  23.0  23.4  23.4 
 25.5  25.6  26.8  27.2  29.7  32.3  47.5  54.0  58.6  51.5  24.6  23.4  22.9  22.7  22.7  22.8  22.5  22.3  22.7  22.7  22.5  22.4  22.8  22.8  22.7  22.7  23.7  23.8  23.4  23.0  23.3  23.4 
 25.8  25.7  27.4  28.2  32.3  36.3  57.2  66.2  77.3  73.0  30.4  24.6  22.9  22.7  22.9  22.8  22.6  22.6  23.0  22.9  22.5  22.4  23.0  22.9  22.7  22.7  25.0  24.7  23.2  22.9  23.3  23.0 
 25.7  25.9  27.4  28.4  32.4  36.4  56.7  68.5  86.9  81.6  30.1  24.6  22.9  22.8  22.7  22.7  22.7  22.6  22.7  22.9  22.6  22.6  22.8  22.9  22.7  22.7  23.8  24.3  23.2  22.9  23.5  23.5 
 25.9  26.0  27.4  27.6  29.7  31.5  45.2  55.1  67.1  56.5  25.2  23.6  22.9  22.8  22.7  22.9  22.6  22.5  22.9  23.0  22.6  22.6  22.9  22.7  22.8  22.6  22.9  23.6  23.0  23.1  23.6  23.4 
 25.9  26.1  26.9  27.1  28.5  29.4  37.3  42.5  45.8  38.5  23.8  23.4  23.0  22.7  22.9  22.9  22.7  22.7  22.8  22.9  22.9  22.8  22.7  23.0  22.7  22.6  23.1  23.2  23.4  23.1  23.6  23.8 
 25.8  26.0  26.9  26.8  26.7  27.1  28.6  29.1  27.9  26.0  23.6  23.5  22.8  22.8  23.2  23.0  22.9  22.8  23.1  22.8  22.7  22.7  23.1  23.0  22.9  22.8  23.3  23.3  23.2  23.2  23.7  23.8 
 25.6  25.9  26.3  26.4  26.4  26.3  27.3  27.5  26.4  25.2  23.5  23.5  23.0  22.8  22.9  22.9  22.9  22.7  23.0  22.9  22.7  22.7  23.0  23.0  22.8  22.8  23.1  23.3  23.3  23.4  23.8  24.1 
 26.0  25.8  26.0  25.6  25.5  25.9  26.0  25.6  24.7  24.2  23.4  23.5  23.1  23.0  23.2  23.2  22.8  22.9  23.0  23.0  22.9  22.8  23.2  23.1  22.8  22.9  23.4  23.5  23.4  23.2  24.1  24.5 
 25.7  25.9  25.8  26.1  25.8  25.3  25.5  25.7  24.6  24.2  23.7  23.6  23.2  22.9  23.2  23.1  22.9  22.8  23.2  23.1  23.0  23.0  23.1  23.2  23.0  23.1  23.3  23.6  23.2  23.1  24.2  25.3 
 26.5  26.2  25.8  25.4  25.4  25.0  25.3  24.8  24.1  24.0  23.7  23.6  23.5  23.2  23.3  23.3  23.0  22.9  23.3  23.3  23.2  23.0  23.5  23.5  23.3  23.0  23.9  23.7  24.0  23.9  25.8  26.4 
 27.4  26.4  25.5  25.8  25.2  25.2  24.9  24.8  23.9  23.9  23.9  23.9  23.4  23.4  23.3  23.3  23.0  22.8  23.3  23.2  23.3  23.0  23.5  23.5  23.3  23.0  24.3  25.0  24.6  24.6  26.3  26.7 
