 24.9  24.0  24.1  24.0  24.1  24.1  24.3  24.4  24.1  23.8  23.9  24.2  24.1  23.7  23.9  24.2  23.9  24.1  24.1  24.3  23.9  23.9  24.0  24.5  24.2  23.8  24.5  24.5  24.7  24.3  25.5  26.6 
 24.5  23.8  24.1  24.2  24.4  24.3  24.5  24.4  24.1  23.9  24.1  24.2  23.8  23.8  24.2  24.1  23.9  23.9  24.3  24.2  24.1  23.7  24.2  24.1  23.9  24.3  24.6  24.3  24.1  24.6  25.3  25.6 
 24.3  24.0  24.1  24.2  24.5  24.1  24.2  24.3  24.1  23.5  23.9  23.9  23.9  23.9  24.1  24.2  23.9  23.9  24.0  24.3  24.1  23.8  24.1  24.2  24.3  23.9  24.2  24.4  24.0  24.1  24.5  25.0 
 23.9  23.8  24.2  24.4  24.4  24.2  24.3  24.2  24.0  23.8  24.0  23.9  23.8  23.8  24.0  23.9  23.8  23.9  24.2  24.0  24.1  23.9  24.2  24.1  24.0  24.0  24.6  24.0  24.0  24.4  25.0  24.7 
 24.2  24.1  24.0  24.6  24.3  24.2  24.2  24.2  23.9  24.0  23.7  24.0  23.9  23.8  23.9  24.0  23.9  23.7  23.7  24.0  24.0  23.7  23.8  24.2  23.8  23.8  24.1  24.3  24.3  24.0  24.6  24.6 
 24.1  23.9  24.3  24.2  24.4  24.2  24.5  24.3  24.1  23.9  24.0  24.0  23.9  23.9  24.0  23.8  24.0  23.9  24.1  24.0  23.9  23.8  24.2  24.0  24.2  24.0  24.2  24.1  24.2  24.4  24.7  24.7 
 24.1  24.2  23.9  24.5  24.3  24.1  24.2  24.2  23.9  23.9  24.0  24.3  24.0  23.7  23.8  24.0  23.8  23.9  24.0  24.0  24.1  23.8  24.0  24.2  23.9  23.6  24.0  24.3  24.1  24.3  24.4  24.7 
 24.3  24.1  24.3  24.4  24.2  24.0  24.3  24.2  23.9  23.9  24.1  23.9  23.8  23.8  24.0  23.9  23.9  23.9  24.0  23.9  23.8  23.8  24.2  24.1  23.9  23.7  24.4  24.2  24.1  24.3  24.6  23.7 
 24.5  24.1  24.2  24.3  24.0  23.9  24.1  24.1  24.1  23.7  24.1  24.0  24.0  23.7  23.8  24.0  23.8  23.6  24.0  24.0  24.0  23.8  23.8  24.1  24.0  24.0  24.0  24.3  24.2  24.3  24.4  24.4 
 24.4  24.1  24.5  24.3  24.2  24.1  24.2  24.0  23.9  23.9  24.0  24.1  23.8  23.9  24.0  24.0  23.8  23.8  24.0  24.1  23.9  24.0  24.2  24.2  24.0  24.0  24.3  24.2  24.0  24.2  24.7  24.3 
 24.6  24.3  24.3  24.5  24.4  24.0  24.0  24.2  23.9  23.8  24.0  24.0  23.8  23.7  23.8  24.2  23.9  23.8  24.1  24.1  24.1  24.0  24.0  24.3  24.1  24.0  24.1  24.3  24.1  24.3  24.6  24.5 
 24.3  24.3  24.4  24.1  24.0  24.1  24.2  24.0  23.8  24.0  24.1  24.0  23.9  23.8  24.0  24.2  24.1  23.9  24.2  24.1  23.9  23.9  24.2 nan  24.0  24.0  24.1  24.7  24.2  24.0  24.7  24.6 
 24.8  24.2  24.5  24.4  24.2  24.0  24.1  24.3  24.1  23.8  24.0  24.2  23.9  23.9  24.0  24.0  24.0  23.8  24.0  24.3  24.2  23.9  24.1  24.2  24.3  24.3  24.6  24.6  24.7  24.5  24.9  25.3 
 24.3  24.4  24.4  24.2  24.3  24.0  24.1  24.1  23.9  23.8  24.0  24.1  24.0  24.0  24.3  24.0  24.0  23.9  24.1  24.1  23.9  24.1  24.5  24.5  24.4  24.4  24.7  24.8  25.1  25.2  25.3  25.1 
 24.5  24.3  24.5  24.7  24.1  24.0  24.1  24.3  24.0  23.9  24.1  24.2  24.0  23.8  24.0  24.1  24.1  23.9  24.2  24.3  24.3  24.8  29.7  31.2  30.9  29.8  27.4  27.3  26.6  26.2  26.3  26.2 
 24.6  24.5  24.6  24.5  24.4  23.9  24.2  24.2  24.0  23.9  24.2  24.0  24.0  24.1  24.1  24.1  24.0  23.9  24.3  24.3  25.1  28.8  45.2  47.4  44.6  39.2  30.9  29.3  27.7  27.1  26.9  26.5 
 24.7  24.4  24.2  24.3  24.4  23.9  24.1  24.5  24.2  23.9  23.9  24.2  24.1  23.9  23.9  24.1  24.1  23.8  24.3  24.4  32.2  44.5  70.4  73.6  69.8  60.6  36.2  32.7  29.1  28.1  27.4  27.5 
 24.9  24.4  24.6  24.4  23.9  24.1  24.4  24.4  24.2  24.2  24.1  24.0  23.9  23.8  24.1  24.1  23.9  24.0  24.3  24.5  34.7  49.0  75.0  77.6  71.7  61.8  37.1  33.2  29.1  28.7  27.8  27.3 
 25.0  24.6  24.6  24.8  24.5  24.2  24.4  24.6  24.3  23.9  24.0  24.2  24.1  23.9  24.1  24.2  24.3  24.1  24.1  24.8  33.6  42.5  64.9  67.9  59.2  50.1  34.7  32.3  29.5  28.7  27.8  28.1 
 24.6  24.6  24.8  24.8  24.6  24.2  24.5  24.4  24.2  24.3  24.2  24.2  24.1  24.0  24.2  24.2  24.2  24.0  24.7  25.1  31.3  36.4  52.0  54.0  46.9  42.0  33.1  31.3  28.8  28.5  28.1  28.4 
 25.2  24.5  25.1  24.9  24.3  24.3  24.1  24.6  24.3  24.0  24.2  24.3  24.3  24.1  24.2  24.3  24.2  24.1  24.6  25.7  27.3  28.6  33.2  34.2  33.7  32.7  30.6  30.2  28.0  27.8  28.1  29.5 
 24.9  25.1  24.9  24.9  24.4  24.3  24.7  24.2  24.2  24.1  24.5  24.6  24.0  24.2  24.3  24.3  24.0  24.1  25.0  25.5  26.2  27.1  29.9  30.7  31.2  31.0  30.0  29.4  28.0  27.6  29.2  30.3 
 26.0  25.0  24.9  25.1  24.8  24.3  24.5  24.4  24.6  24.1  24.3  24.6  24.3  24.0  24.3  24.5  24.5  24.1  25.2  25.4  25.5  25.9  27.8  28.5  28.8  28.8  28.8  28.4  27.7  27.7  30.1  32.3 
 26.2  25.6  25.3  25.3  24.8  24.4  24.6  24.5  24.3  24.6  24.5  24.5  24.2  24.0  24.3  24.5  24.5  24.2  25.2  25.0  25.3  25.7  27.2  27.8  28.1  28.0  28.4  28.2  28.1  28.3  31.7  33.0 
