 24.0  24.0  23.9  24.0  24.1  24.1  24.0  24.2  24.2  24.0  24.2  24.0  23.9  23.8  23.9  24.1  24.0  23.9  24.1  24.1  24.1  23.9  24.2  23.8  24.0  24.3  24.5  24.3  24.7  24.5  24.9  25.9 
 24.3  23.8  23.8  24.0  24.2  24.3  24.2  24.4  24.0  23.8  23.8  24.2  24.0  23.9  23.9  24.1  23.8  23.7  24.0  24.2  24.0  23.9  24.2  24.2  24.1  24.3  24.2  24.4  24.1  24.1  25.3  25.3 
 23.8  23.6  24.3  24.0  24.3  24.1  24.2  24.3  24.1  23.7  23.9  23.8  24.0  23.9  23.9  23.9  24.1  23.8  23.7  24.0  24.0  23.8  23.9  24.1  24.1  24.1  24.4  24.1  24.5  24.4  24.5  24.8 
 23.5  23.8  24.0  24.3  24.2  24.2  24.3  24.2  23.9  23.7  24.1  24.0  23.9  23.8  23.7  23.8  23.9  23.8  23.9  24.1  24.0  24.0  23.8  24.1  24.0  23.8  24.4  24.3  24.1  23.9  24.6  24.9 
 24.4  24.2  24.0  24.4  24.3  24.2  24.1  24.1  23.9  23.9  23.8  23.9  24.0  23.8  23.8  23.9  23.9  23.7  23.9  23.8  24.0  23.7  24.1  24.2  24.1  23.8  24.2  24.1  24.3  24.5  24.4  24.4 
 24.1  24.2  24.0  24.2  24.2  24.2  24.0  24.0  23.8  23.9  23.9  24.0  23.8  23.7  23.6  24.0  23.9  23.9  24.0  24.1  23.9  23.7  23.8  24.0  24.2  23.8  23.8  24.3  24.1  24.4  24.5  24.5 
 24.2  24.1  24.2  24.4  24.2  24.3  24.2  24.0  24.0  24.0  23.9  23.9  23.8  23.8  24.0  24.0  23.8  23.8  23.9  23.8  23.9  24.0  24.1  23.9  24.0  23.8  24.1  24.2  24.1  24.0  24.5  23.9 
 24.3  24.1  24.0  24.2  24.3  24.0  24.2  24.2  23.8  23.7  23.9  24.0  23.9  24.0  23.8  23.9  23.9  23.8  23.8  24.0  23.9  23.8  23.9  24.0  23.9  23.8  24.1  24.4  24.0  24.0  23.6  23.5 
 24.3  24.0  24.4  24.3  24.2  24.0  24.3  24.0  23.9  23.8  24.1  24.0  24.0  23.9  24.0  24.0  23.9  23.8  23.9  23.8  24.0  23.8  24.0  24.0  24.1  24.0  24.3  24.2  24.1  24.1  24.1  24.2 
 24.4  24.1  24.4  24.4  24.3  24.1  24.1  24.1  23.8  23.8  23.8  24.2  23.8  23.7  23.8  23.8  24.0  23.9  24.0  24.2  24.1  23.9  24.0  24.1  24.2  24.0  24.1  24.4  24.2  24.0  24.4  24.6 
 24.5  24.5  24.2  24.3  24.2  24.0  24.1  24.0  23.9  23.9  24.0  23.8  23.9  23.9  24.0  23.9  23.9  23.9  24.2  24.0  24.0  24.0  24.3  24.2  24.2  24.0  24.2  24.1  24.3  24.0  24.4  24.4 
 24.5  24.1  24.2  24.5  24.0  24.1  24.0  24.1  23.8  23.9  23.9  24.0  23.9  23.8  23.8  24.0  23.9  23.9  24.0  24.3  23.9  23.7  24.2 nan  23.9  24.0  23.9  24.3  24.3  24.2  24.4  24.6 
 24.4  24.2  24.2  24.2  24.1  23.8  24.3  24.1  23.8  23.9  23.8  23.9  23.9  23.9  24.0  24.0  24.0  23.8  24.1  23.9  24.2  24.0  24.3  24.2  24.2  24.2  24.6  24.4  24.5  24.5  25.2  25.0 
 24.1  24.4  24.2  24.5  24.2  24.0  24.1  24.1  23.8  23.6  24.0  24.2  23.9  23.7  23.8  24.0  24.0  23.8  24.0  24.1  24.1  24.1  24.5  24.5  24.6  24.2  24.7  24.8  25.1  25.0  25.1  25.3 
 24.4  24.4  24.2  24.3  24.2  24.0  24.3  24.0  24.0  23.9  24.1  23.9  23.8  23.9  24.0  23.9  24.0  23.9  24.2  24.2  24.5  24.9  29.7  30.9  30.9  29.9  27.5  27.0  26.4  26.3  26.2  26.2 
 24.3  24.3  24.3  24.4  24.2  24.1  24.1  24.2  24.1  23.9  23.9  24.1  24.2  23.9  23.8  24.0  24.1  24.0  24.1  24.3  25.3  28.8  45.1  47.6  44.6  39.1  30.7  29.3  27.7  27.0  26.6  26.5 
 24.2  24.6  24.6  24.3  24.3  24.2  24.2  23.9  24.1  24.0  24.0  23.9  23.9  23.9  24.1  23.9  23.9  23.9  24.1  24.3  32.0  44.6  70.4  73.6  69.9  60.7  36.4  32.8  29.1  28.5  27.5  27.0 
 24.4  24.4  24.4  24.4  24.3  23.9  24.2  24.4  24.2  23.9  23.8  24.0  24.2  23.9  24.0  24.2  23.9  24.0  24.3  24.5  34.7  49.0  75.0  77.7  71.6  61.7  37.0  33.3  29.7  28.4  27.4  27.4 
 24.6  24.5  24.7  24.6  24.6  24.5  24.4  24.4  24.3  24.0  24.2  24.0  24.0  24.0  24.1  24.2  24.3  24.1  24.4  24.6  33.6  42.5  65.1  67.9  59.1  50.2  34.7  32.2  29.6  28.7  27.8  27.9 
 25.0  24.8  24.5  24.9  24.3  24.3  24.3  24.4  24.2  24.0  24.0  24.2  23.9  23.9  24.0  24.2  24.1  24.1  24.2  24.7  31.4  36.5  51.9  54.1  47.1  41.9  32.8  31.6  28.8  28.5  27.7  28.6 
 25.2  24.5  25.0  24.5  24.5  24.4  24.3  24.2  24.2  24.0  24.1  24.2  24.0  24.1  24.1  24.2  24.1  24.1  24.5  25.6  27.6  28.5  33.0  34.1  33.7  32.4  30.7  29.8  28.1  27.6  28.6  29.0 
 24.9  24.7  24.9  24.9  24.4  24.4  24.3  24.5  24.3  24.1  24.1  24.2  24.1  24.0  24.1  24.2  24.2  24.1  24.8  25.5  26.2  27.0  29.8  30.9  31.2  31.2  29.9  29.3  27.8  27.6  28.9  30.3 
 25.5  25.2  24.9  24.6  24.8  24.4  24.7  24.4  24.4  24.1  24.2  24.3  24.4  24.0  24.3  24.4  24.5  24.3  25.2  25.1  25.5  25.7  27.6  28.1  28.9  28.7  28.5  28.3  27.9  27.9  30.8  31.0 
 25.5  25.6  24.8  25.1  25.0  24.7  24.3  24.8  24.4  24.3  24.3  24.5  24.2  24.3  24.2  24.4  24.3  24.3  25.0  24.9  25.4  25.7  27.0  27.5  28.0  28.3  28.4  28.3  27.9  28.6  31.6  32.1 
