 24.3  24.0  23.6  24.2  23.9  23.9  24.2  24.4  23.9  23.8  24.0  24.0  24.0  23.8  23.9  24.0  23.8  23.7  24.2  24.0  24.0  23.9  24.1  24.4  24.0  23.8  24.3  24.5  24.5  24.3  25.2  26.3 
 23.9  23.6  24.0  24.2  24.2  24.3  24.4  24.3  24.1  23.9  24.1  24.2  23.7  23.7  24.1  24.0  23.7  23.8  24.1  24.0  24.1  23.8  24.0  24.0  23.8  24.0  24.5  24.3  24.1  24.6  25.3  25.9 
 24.0  23.6  24.3  24.3  24.2  24.1  24.0  24.3  23.8  23.6  23.8  24.2  23.9  23.7  23.8  24.0  23.9  23.8  23.7  24.1  23.7  23.6  24.1  24.1  24.0  24.2  24.5  24.4  24.4  24.3  24.3  25.0 
 23.5  23.8  24.3  24.1  24.1  23.8  24.4  24.3  24.0  23.7  24.1  23.9  23.9  23.6  24.1  23.9  23.9  23.6  24.0  23.8  23.9  23.9  24.3  24.2  23.9  23.9  24.5  24.3  23.9  24.2  24.6  25.1 
 23.9  24.0  24.2  24.4  24.3  24.1  24.1  24.3  23.9  23.9  23.9  23.9  23.8  23.6  24.0  24.0  23.7  23.8  23.9  23.9  23.8  23.8  24.1  24.3  23.8  23.8  24.0  24.3  24.0  24.0  24.8  24.7 
 24.2  23.5  24.2  24.3  24.3  24.2  24.1  24.4  23.9  23.7  23.9  24.0  23.9  23.8  23.9  23.9  23.8  23.8  23.9  23.8  23.9  23.8  24.0  24.1  24.0  23.6  24.0  24.4  24.2  23.9  24.5  24.5 
 24.1  24.0  24.3  24.5  23.9  24.2  24.1  24.2  23.8  23.9  23.9  24.1  23.7  23.9  23.8  23.8  23.7  23.8  23.9  23.9  23.8  23.7  24.1  24.2  23.8  23.8  24.3  24.2  24.1  23.9  24.2  24.2 
 24.2  23.8  24.0  24.2  24.2  24.0  24.1  24.0  23.9  23.9  24.0  23.9  23.8  23.7  23.9  23.9  24.0  23.7  23.9  23.9  23.7  23.8  24.0  24.1  23.7  23.6  24.1  24.0  23.8  23.9  24.3  23.5 
 24.3  24.0  24.4  24.0  23.9  24.1  24.1  24.0  23.8  23.8  24.2  24.0  23.8  23.7  24.0  23.9  23.8  23.8  23.9  24.0  23.9  23.8  24.1  24.0  24.0  23.9  23.9  24.2  24.1  23.8  24.2  24.5 
 24.5  24.1  24.5  24.1  24.1  23.9  24.2  24.0  24.0  23.8  23.9  24.1  23.9  23.8  23.9  23.8  23.6  23.7  24.1  24.1  23.8  23.7  24.1  24.1  24.0  24.0  24.2  24.3  23.8  23.6  24.4  24.3 
 24.2  24.2  24.4  24.4  23.9  24.1  24.1  24.1  23.8  23.7  23.9  24.2  23.9  23.8  24.1  24.0  23.8  23.8  24.0  24.1  24.0  23.9  24.1  24.2  24.1  23.8  24.1  24.1  23.9  24.0  24.4  24.5 
 24.2  24.1  24.4  24.1  24.1  24.0  24.2  24.1  23.9  23.9  24.1  24.0  23.9  23.8  24.0  24.1  24.0  23.9  23.9  24.0  24.0  23.8  24.2 nan  24.0  24.1  24.0  24.5  24.2  23.9  24.5  24.6 
 24.2  23.9  24.2  24.3  24.0  23.9  24.2  24.1  23.9  23.9  24.1  24.1  23.9  23.9  23.9  24.1  24.0  23.9  24.2  24.1  24.0  23.9  24.2  24.3  24.2  24.2  24.6  24.6  24.5  24.3  25.1  25.0 
 24.4  24.0  24.4  24.6  24.3  24.1  24.1  24.1  23.9  23.7  24.0  24.0  24.0  24.0  24.0  24.0  23.9  23.8  24.2  24.2  24.2  24.0  24.3  24.5  24.4  24.5  24.7  24.9  24.9  24.9  25.1  25.4 
 24.1  24.1  24.3  24.4  24.1  24.0  24.3  24.0  23.9  23.7  24.0  24.2  23.9  23.7  24.0  24.1  23.9  23.7  24.2  24.3  24.3  24.7  29.7  31.1  30.7  29.8  27.4  27.2  26.6  26.3  26.4  26.2 
 24.3  24.2  24.3  24.4  24.1  23.9  24.1  24.2  24.0  23.8  24.0  24.0  23.9  23.9  24.0  23.9  23.9  23.8  24.2  24.3  25.2  28.7  45.2  47.4  44.4  39.2  30.8  29.3  27.4  26.9  26.6  26.5 
 24.4  24.4  24.4  24.4  24.3  24.0  24.1  24.1  24.0  23.9  23.9  24.0  23.8  23.8  24.1  24.0  23.8  23.8  24.2  24.5  32.1  44.7  70.4  73.6  69.8  60.5  36.3  32.7  29.0  28.3  27.2  27.0 
 24.7  24.2  24.4  24.3  24.1  23.9  24.5  24.3  24.0  23.9  24.0  24.0  24.1  23.7  24.0  24.0  23.9  23.9  24.5  24.5  34.6  48.9  74.9  77.7  71.4  61.7  37.1  33.3  29.1  28.7  27.7  27.8 
 24.6  24.3  24.6  24.7  24.2  24.2  24.4  24.5  24.2  24.0  24.0  24.2  23.8  24.0  24.2  24.2  24.1  23.9  24.2  24.8  33.4  42.5  64.9  68.0  59.0  50.1  34.5  32.4  29.2  28.5  27.6  27.9 
 24.5  24.6  24.6  24.9  24.4  24.0  24.6  24.3  23.9  23.9  24.1  24.2  24.0  24.0  24.3  24.2  24.0  23.8  24.6  24.9  31.5  36.3  51.9  54.1  46.8  41.9  32.9  31.6  28.8  28.2  27.9  28.2 
 24.8  24.1  25.0  24.9  24.2  24.3  24.3  24.6  24.2  24.0  24.2  24.2  24.1  24.1  24.1  24.2  24.1  24.0  24.6  25.7  27.3  28.5  33.0  34.1  33.6  32.7  30.7  30.1  28.1  27.7  28.1  29.5 
 24.9  24.4  24.9  25.0  24.3  24.0  24.4  24.3  23.9  24.1  24.4  24.3  24.1  24.0  24.1  24.3  24.2  23.9  24.9  25.5  26.2  26.7  29.8  31.1  31.2  31.0  29.7  29.5  27.8  27.6  29.4  30.6 
 25.7  25.2  24.7  25.1  24.5  24.4  24.7  24.5  24.4  24.0  24.3  24.4  24.2  24.0  24.2  24.3  24.1  24.1  25.3  25.2  25.3  25.7  27.5  28.5  28.5  28.5  28.7  28.4  27.5  27.9  30.1  31.9 
 25.5  25.1  24.9  25.3  24.5  24.3  24.6  24.5  24.3  24.2  24.3  24.5  24.2  24.2  24.4  24.4  24.3  24.4  25.4  24.9  25.2  25.3  27.2  27.7  27.8  28.0  27.9  28.3  27.7  28.3  31.7  33.0 
