 23.9  23.4  23.6  23.7  23.1  23.0  23.0  23.1  22.7  22.6  22.9  22.9  22.6  22.5  22.8  22.9  22.6  22.4  22.8  22.9  22.6  22.7  23.0  22.9  22.7  23.0  23.5  22.8  23.3  23.5  24.7  25.5 
 23.3  23.2  23.6  23.7  23.0  22.7  23.0  23.1  22.8  22.5  23.1  23.0  22.5  22.6  22.8  22.8  22.6  22.4  22.7  22.8  22.6  22.5  22.9  23.1  22.8  22.6  23.3  23.1  23.1  23.0  23.8  24.5 
 23.5  23.1  23.7  23.3  22.6  22.6  23.0  22.9  22.7  22.5  23.1  22.9  22.4  22.5  22.8  22.6  22.5  22.6  22.8  22.8  22.5  22.5  23.0  22.9  22.7  23.0  23.2  23.2  23.0  23.3  23.7  23.8 
 22.9  22.8  23.3  23.4  22.7  22.5  23.0  23.1  22.6  22.6  23.2  22.9  22.6  22.4  22.8  22.7  22.6  22.4  22.8  22.7  22.7  22.5  22.9  23.0  22.9  22.5  23.3  23.3  23.2  23.4  23.6  23.7 
 23.0  22.9  23.3  23.4  22.8  22.7  23.0  22.9  23.2  23.2  23.9  23.3  22.5  22.6  22.8  22.7  22.4  22.4  22.6  22.9  22.6  22.6  22.7  22.8  22.7  22.8  23.2  23.1  23.0  23.5  23.6  23.4 
 23.2  22.7  23.1  23.1  22.6  22.5  23.0  23.0  23.3  24.0  25.2  23.9  22.5  22.5  22.5  22.9  22.6  22.4  22.7  22.8  22.7  22.4  22.9  22.9  22.9  22.4  23.0  23.3  23.2  22.9  23.7  23.5 
 23.1  23.0  23.1  23.2  22.7  22.7  23.1  23.0  23.3  24.7  26.8  24.6  22.6  22.6  22.8  22.7  22.5  22.6  22.8  22.7  22.6  22.6  22.8  22.7  22.7  22.6  22.9  23.3  22.7  22.7  23.5  23.2 
 23.3  22.6  23.0  23.3  22.9  22.5  23.0  23.1  22.9  23.1  24.0  23.1  22.6  22.4  22.8  22.8  22.5  22.6  22.8  22.6  22.7  22.6  22.9  23.0  22.6  22.5  22.9  23.0  22.7  22.7  23.1  22.5 
 23.6  23.0  23.3  23.3  22.9  22.8  23.0  23.0  22.7  22.5  22.8  22.9  22.6  22.6  22.9  22.9  22.5  22.6  22.8  22.8  22.6  22.6  22.8  22.8  22.7  22.8  22.9  23.2  22.5  22.8  23.1  23.0 
 23.5  23.3  23.6  23.5  23.3  22.9  23.0  23.0  22.7  22.6  22.7  23.1  22.5  22.5  22.8  22.7  22.6  22.4  22.8  22.9  22.6  22.4  22.7  22.8  22.8  22.3  23.0  23.1  22.8  22.7  23.2  23.3 
 24.3  24.0  24.6  24.8  24.5  24.3  23.8  23.4  23.0  22.9  22.9  22.9  22.6  22.5  22.8  22.8  22.7  22.4  22.9  22.6  22.6  22.5  22.9  22.8  22.8  22.6  22.9  23.0  22.7  22.9  23.2  23.2 
 24.3  24.1  25.0  25.2  25.5  25.5  24.9  24.4  23.3  22.9  22.8  22.9  22.7  22.7  22.7  22.8  22.7  22.5  22.8  22.8  22.7  22.5  22.9 nan  22.9  22.4  22.9  23.0  22.8  22.8  23.2  23.5 
 25.3  25.1  26.2  26.7  28.2  29.5  37.8  41.8  39.6  33.5  23.5  23.2  22.7  22.5  22.7  22.9  22.7  22.5  23.0  22.8  22.6  22.6  22.7  22.9  22.6  22.6  23.1  23.0  23.0  22.8  23.4  23.5 
 25.2  25.3  26.9  27.5  29.8  32.1  47.3  54.0  58.5  51.4  24.7  23.4  22.9  22.7  22.9  23.1  22.6  22.4  22.9  23.0  22.6  22.5  22.9  23.0  22.7  22.6  23.8  23.9  23.3  22.9  23.2  23.3 
 25.3  25.9  27.5  28.5  32.1  36.3  57.0  66.0  77.1  73.0  30.5  24.6  22.8  22.8  23.0  22.8  22.8  22.6  22.9  22.7  22.6  22.5  23.0  22.8  22.6  22.8  25.1  24.8  23.2  22.9  23.5  23.5 
 25.7  25.7  27.6  28.4  32.4  36.4  56.7  68.4  86.8  81.6  30.0  24.6  23.0  22.6  22.8  22.8  22.6  22.6  23.0  23.0  22.4  22.6  22.8  22.9  22.6  22.6  23.9  24.4  23.1  22.8  23.7  23.5 
 25.6  25.9  27.2  27.6  29.7  31.5  45.3  55.1  67.0  56.5  25.3  23.8  22.8  22.7  22.9  23.0  22.7  22.7  22.8  23.0  22.8  22.8  22.8  22.7  22.8  22.6  23.2  23.6  23.2  23.2  23.6  23.6 
 25.6  25.7  26.8  27.2  28.4  29.3  37.4  42.6  45.7  38.5  23.9  23.6  23.0  22.8  23.0  23.0  22.8  22.5  22.8  23.1  22.7  22.5  22.7  22.9  22.9  22.4  23.2  23.3  23.3  22.9  23.8  23.7 
 25.4  25.9  26.6  26.7  27.0  27.2  28.7  29.1  27.8  26.0  23.6  23.5  22.8  23.0  23.1  23.1  22.8  22.8  22.8  23.1  22.8  22.7  23.2  23.1  22.9  23.1  23.4  23.5  23.2  23.1  23.8  24.0 
 25.6  25.4  26.4  26.5  26.3  26.3  27.5  27.7  26.2  25.1  23.7  23.4  23.0  22.8  23.0  23.1  22.8  22.7  23.1  23.1  22.9  22.6  23.3  23.2  23.1  22.6  23.2  23.4  23.0  23.0  24.2  24.3 
 25.3  25.6  26.0  25.6  25.4  25.9  25.9  25.8  25.0  24.2  23.5  23.5  23.0  22.9  23.2  23.3  22.8  23.0  23.1  23.1  22.9  22.8  23.4  23.3  23.0  22.9  23.6  23.8  23.1  23.4  23.8  24.5 
 25.5  25.2  26.0  25.9  25.7  25.2  25.6  25.6  24.4  24.1  23.7  23.8  23.2  22.8  23.2  23.2  23.0  22.8  23.1  23.2  22.8  22.8  23.1  23.2  23.2  22.7  23.3  23.8  23.5  23.5  25.0  26.0 
 26.5  26.2  25.7  25.6  25.1  24.9  25.2  24.7  24.0  24.0  23.7  24.0  23.4  23.1  23.4  23.2  23.0  23.1  23.3  23.2  23.1  23.1  23.3  23.4  23.0  23.1  23.9  24.2  23.9  23.7  25.8  27.3 
 26.6  25.9  25.6  26.0  25.2  24.9  24.8  24.9  24.1  23.5  23.9  24.0  23.7  23.1  23.5  23.3  23.1  23.0  23.2  23.3  23.4  22.8  23.6  23.6  23.4  23.2  24.5  24.8  24.6  24.4  26.8  27.2 
