 24.7  24.0  23.7  23.8  24.2  24.1  24.4  24.4  24.1  24.0  24.2  24.3  23.9  23.9  24.0  24.0  23.8  23.9  24.2  24.1  24.1  24.0  24.2  24.2  24.0  24.1  24.3  24.2  24.9  24.7  25.2  26.3 
 24.5  23.8  24.1  24.0  24.4  24.0  24.3  24.1  24.1  23.6  24.3  24.2  23.9  23.8  23.9  24.0  24.1  23.6  24.1  24.1  24.1  23.9  24.4  24.1  24.3  24.1  24.6  24.6  24.6  24.2  25.0  25.6 
 23.6  23.8  24.3  24.2  24.3  24.2  24.2  24.1  24.0  24.0  24.0  24.0  23.8  23.9  24.2  24.0  23.9  23.9  23.8  23.9  23.9  23.8  24.1  24.3  24.1  24.0  24.4  24.4  24.4  24.3  24.7  24.8 
 23.7  23.7  24.2  24.4  24.4  24.0  24.4  24.3  23.9  24.0  24.1  23.9  23.9  23.8  23.9  24.1  23.8  23.7  23.8  24.2  24.0  24.0  24.2  24.2  24.0  23.9  24.5  24.5  24.3  24.2  25.0  24.9 
 24.0  24.4  24.0  24.3  24.4  24.2  24.1  24.2  23.9  23.8  23.9  24.1  23.8  23.7  24.0  24.0  23.9  23.8  23.9  24.0  23.9  23.9  24.1  24.2  23.8  24.1  24.2  24.1  24.2  24.3  24.6  24.8 
 24.1  24.0  24.1  24.1  24.2  24.0  24.4  24.0  24.1  24.0  23.9  24.1  24.0  23.7  23.9  23.9  24.0  23.8  24.0  24.0  24.0  23.7  24.1  23.9  24.0  23.7  24.2  24.3  24.3  23.9  24.7  24.5 
 23.7  24.1  23.8  24.1  24.3  24.2  24.4  24.2  23.9  23.9  24.1  24.1  23.9  23.9  23.9  24.0  23.8  23.9  24.1  23.9  23.9  24.0  24.0  24.0  23.8  23.9  24.4  24.5  24.1  24.3  24.5  24.5 
 24.2  24.1  24.1  24.6  24.3  24.2  24.3  24.1  23.9  23.8  24.0  23.9  23.9  23.8  23.9  24.1  24.2  23.8  24.0  24.1  24.1  23.9  24.0  24.1  24.0  23.6  24.4  24.4  24.3  24.3  24.4  23.7 
 24.5  24.3  24.4  24.4  24.1  24.1  24.2  24.1  24.0  23.9  24.0  24.1  23.8  23.9  24.0  24.0  23.9  24.0  24.0  23.9  24.0  23.9  23.8  24.1  24.1  24.3  24.2  24.4  24.1  24.3  24.1  24.4 
 24.5  24.0  24.5  24.4  24.2  23.9  24.2  24.2  23.9  23.7  24.0  24.1  23.9  23.7  23.9  23.8  24.0  23.8  24.1  24.1  24.1  23.9  24.0  24.2  24.1  24.0  24.4  24.3  24.3  23.9  24.6  24.5 
 24.6  24.3  24.3  24.4  24.0  24.3  24.2  24.1  23.8  24.0  24.0  24.0  23.9  23.8  24.0  24.0  23.9  23.9  24.1  24.1  24.0  23.9  24.2  24.1  24.2  24.2  24.2  24.3  24.1  24.4  24.4  24.5 
 24.2  24.3  24.4  24.5  24.2  24.1  24.1  24.2  24.0  23.9  23.9  24.0  23.9  23.8  23.9  24.1  24.1  23.8  24.0  23.9  24.1  23.8  24.1 nan  24.1  23.9  24.3  24.4  24.3  24.2  24.8  24.6 
 24.4  24.4  24.3  24.4  24.0  24.2  24.1  24.2  23.7  23.9  23.8  24.0  23.9  24.0  24.0  23.9  24.0  24.0  24.1  24.1  24.1  24.1  24.2  24.3  24.2  24.3  24.5  24.6  24.5  24.6  25.1  25.0 
 24.4  24.3  24.3  24.6  24.2  24.0  24.3  24.2  24.0  23.7  24.0  24.1  24.1  23.8  24.0  24.1  24.2  23.9  24.2  24.3  24.1  24.2  24.5  24.6  24.4  24.3  24.9  24.8  25.2  24.8  25.3  25.6 
 24.2  24.4  24.6  24.4  24.2  24.2  24.2  24.2  23.9  23.7  24.1  24.1  23.9  23.8  24.0  24.0  23.8  23.9  24.1  24.4  24.3  24.9  29.9  30.9  30.8  29.9  27.3  27.1  26.5  26.5  26.3  26.2 
 24.5  24.3  24.5  24.4  24.3  24.0  24.1  24.1  23.9  23.8  24.0  24.2  24.0  23.9  24.1  24.0  24.0  23.8  24.2  24.2  25.2  28.9  45.2  47.5  44.4  39.4  30.8  29.2  27.8  27.0  26.4  26.7 
 24.4  24.7  24.3  24.3  24.3  23.9  24.1  24.2  24.0  23.9  24.3  24.0  23.8  23.8  23.9  24.1  24.0  23.8  24.2  24.3  32.1  44.8  70.6  73.7  69.9  60.7  36.3  32.9  29.2  28.5  27.5  27.0 
 24.9  24.4  24.6  24.6  24.2  24.0  24.4  24.3  24.2  23.8  24.0  24.1  24.1  23.8  24.2  24.1  24.0  23.9  24.2  24.8  34.6  48.9  75.1  77.7  71.8  61.6  37.1  33.4  29.8  28.4  27.8  27.6 
 24.8  24.3  24.9  24.7  24.6  24.5  24.4  24.3  24.2  24.1  24.1  24.3  24.0  24.0  24.2  24.2  24.1  24.1  24.3  24.8  33.5  42.7  65.1  68.0  59.2  50.2  34.5  32.7  29.5  28.7  27.8  28.1 
 24.8  24.6  24.8  24.8  24.6  24.4  24.4  24.3  24.1  23.9  24.2  24.2  24.0  24.1  24.2  24.3  24.2  24.0  24.5  25.0  31.4  36.4  52.0  54.2  47.1  42.0  32.7  31.2  28.9  28.5  28.1  28.4 
 25.0  25.2  25.0  24.8  24.3  24.4  24.4  24.5  24.3  24.2  24.1  24.4  24.1  24.1  24.4  24.1  24.0  24.1  24.6  25.3  27.4  28.6  33.2  34.1  33.7  33.0  30.7  29.9  28.1  27.9  28.3  29.5 
 24.9  24.9  24.7  24.7  24.6  23.8  24.5  24.5  24.2  24.1  24.3  24.4  24.2  23.8  24.1  24.3  24.2  23.9  24.8  25.5  26.2  27.0  29.9  30.8  31.2  31.0  29.9  29.5  28.1  27.6  29.4  30.3 
 25.5  25.7  25.1  25.1  24.6  24.6  24.7  24.4  24.2  24.3  24.2  24.4  24.4  24.0  24.2  24.5  24.3  24.4  25.1  25.0  25.4  26.0  27.6  28.3  29.1  29.0  28.7  28.3  27.9  28.1  30.1  32.3 
 26.4  25.6  24.9  25.3  24.8  24.3  24.6  24.6  24.6  24.2  24.3  24.3  24.3  23.9  24.2  24.5  24.4  24.4  25.1  25.0  25.3  25.5  27.1  27.5  28.0  28.0  28.4  28.0  27.9  28.1  31.7  32.5 
