 23.7  23.0  23.6  23.9  22.9  22.7  23.0  22.9  22.7  22.4  22.9  23.0  22.5  22.4  22.9  22.8  22.7  22.5  23.0  22.6  22.6  22.3  23.1  22.9  22.9  22.4  23.3  23.0  23.5  23.1  24.4  25.2 
 23.0  23.2  23.6  23.7  23.0  22.7  23.0  23.1  22.6  22.6  23.0  23.1  22.5  22.5  22.8  23.0  22.4  22.3  22.7  22.8  22.6  22.7  22.9  23.1  22.7  22.7  23.0  23.4  22.7  23.4  24.2  24.5 
 23.1  22.8  23.6  23.1  22.9  22.2  23.0  22.9  22.7  22.7  22.9  22.9  22.6  22.3  22.7  22.6  22.4  22.4  22.7  22.8  22.6  22.5  23.1  22.8  22.9  22.7  23.2  23.1  23.0  23.1  23.8  23.8 
 23.0  22.8  23.3  23.6  22.8  22.4  22.9  23.3  22.6  22.6  23.2  23.0  22.6  22.5  22.6  22.8  22.5  22.3  22.6  22.7  22.5  22.5  22.9  23.0  22.6  22.6  23.2  23.3  23.6  23.7  23.6  23.9 
 23.2  22.9  23.3  23.3  22.8  22.5  23.1  22.9  23.1  23.0  23.9  23.3  22.4  22.2  22.7  22.5  22.4  22.4  22.5  22.5  22.7  22.5  22.8  22.8  22.6  22.6  23.2  23.0  23.3  23.0  23.6  23.7 
 22.7  22.8  22.9  23.2  22.6  22.5  22.9  23.1  23.3  23.8  25.2  23.7  22.4  22.4  22.4  22.7  22.3  22.4  22.7  22.7  22.4  22.6  22.7  22.9  22.7  22.7  22.9  23.3  22.9  23.1  23.3  23.7 
 23.2  22.9  23.3  23.0  22.8  22.7  23.2  23.0  23.3  24.6  26.9  24.4  22.6  22.4  22.8  22.5  22.6  22.4  22.7  22.6  22.7  22.4  22.9  22.8  22.6  22.5  23.0  23.2  23.0  22.7  23.7  23.3 
 22.8  22.8  23.3  23.4  22.8  22.6  22.9  23.1  22.7  23.0  23.8  23.3  22.6  22.6  22.7  22.7  22.4  22.4  22.7  22.8  22.5  22.6  22.9  22.9  22.4  22.4  22.9  23.0  22.8  22.9  22.9  22.5 
 23.3  22.8  23.5  23.0  22.9  22.4  23.0  22.8  22.7  22.3  23.0  22.7  22.4  22.5  22.7  22.8  22.5  22.5  22.8  22.6  22.5  22.6  22.9  22.8  22.8  22.6  23.0  22.7  22.7  22.7  23.1  23.3 
 23.0  23.0  23.5  23.7  23.3  22.9  23.0  23.0  22.6  22.6  22.8  23.1  22.4  22.5  22.7  22.8  22.4  22.6  22.6  22.8  22.6  22.5  22.7  22.9  22.8  22.5  23.0  23.2  22.5  22.6  23.1  23.1 
 24.1  23.9  24.8  24.8  24.3  24.2  23.8  23.4  22.9  22.8  22.8  22.7  22.5  22.6  22.8  22.7  22.6  22.4  22.8  22.8  22.5  22.5  22.8  22.6  22.7  22.5  23.1  23.0  22.9  22.9  23.2  23.5 
 24.1  24.3  25.1  25.5  25.3  25.4  25.0  24.4  23.1  23.0  23.0  23.1  22.6  22.4  22.7  22.8  22.5  22.5  22.6  22.9  22.5  22.5  22.8 nan  22.6  22.4  22.7  23.2  22.7  22.9  23.4  23.6 
 25.0  24.8  26.1  26.4  28.1  29.2  37.9  41.7  39.5  33.4  23.5  23.2  22.8  22.6  23.0  22.7  22.7  22.5  22.9  22.8  22.6  22.5  22.9  22.7  22.7  22.4  23.1  23.2  23.0  22.8  23.7  23.5 
 25.0  25.3  26.5  27.6  29.7  32.3  47.3  54.0  58.3  51.3  24.7  23.6  22.7  22.6  22.7  22.9  22.5  22.5  22.8  23.0  22.5  22.6  22.9  23.0  22.7  22.7  23.4  23.8  23.0  22.9  23.3  23.6 
 25.6  25.7  27.7  28.6  32.4  36.1  57.2  66.1  77.2  73.0  30.5  24.7  22.8  22.7  22.8  22.7  22.7  22.4  22.8  22.6  22.5  22.4  23.1  22.9  22.7  22.5  25.0  24.9  23.2  22.8  23.5  23.5 
 25.4  25.7  27.3  28.4  32.3  36.2  56.7  68.5  86.8  81.8  30.0  24.7  22.9  22.9  22.7  22.8  22.5  22.7  22.6  22.9  22.5  22.6  22.8  22.8  22.7  22.7  23.8  24.3  22.9  23.1  23.2  23.4 
 25.8  25.7  27.6  27.9  29.7  31.6  45.2  55.1  67.1  56.7  25.3  23.7  22.8  22.6  22.9  22.9  22.7  22.5  23.0  22.8  22.7  22.6  22.8  22.9  22.7  22.6  23.1  23.2  23.0  22.9  23.6  23.6 
 25.8  25.5  27.1  27.4  28.4  29.4  37.4  42.7  45.7  38.6  23.9  23.3  22.9  22.7  22.9  23.1  22.6  22.5  22.9  23.0  22.6  22.7  23.0  23.1  22.7  22.6  23.1  23.2  23.1  22.8  23.6  23.8 
 25.8  25.5  26.6  26.7  27.0  27.0  28.8  29.1  27.9  25.9  23.7  23.4  23.0  22.8  23.2  22.9  22.9  22.8  23.0  23.1  22.7  22.5  23.2  23.1  22.7  22.7  23.2  23.3  23.2  22.8  23.9  23.5 
 25.6  25.6  26.0  26.5  26.2  26.5  27.5  27.2  26.2  25.1  23.5  23.7  22.9  22.9  23.1  23.1  22.8  22.8  23.2  22.9  22.5  22.7  23.0  23.3  22.8  22.7  23.2  23.4  22.8  23.3  23.8  24.1 
 25.8  25.2  26.2  25.9  25.7  25.7  26.1  25.8  25.0  23.9  23.6  23.6  23.1  22.9  23.4  23.1  22.9  22.8  23.0  23.0  22.8  22.6  23.2  23.3  23.1  22.6  23.7  23.5  23.1  22.9  24.1  24.2 
 25.5  25.5  25.8  25.9  25.4  25.2  25.5  25.8  24.2  24.1  23.7  23.9  23.1  23.0  23.1  23.3  22.9  22.8  23.0  23.3  22.8  22.8  23.1  23.4  22.7  22.9  23.4  23.8  23.3  23.3  24.2  25.0 
 26.8  25.5  25.8  25.5  25.0  24.9  25.4  24.7  24.2  23.9  23.9  23.8  23.4  23.0  23.4  23.1  23.1  22.9  23.3  23.0  23.2  22.7  23.3  23.6  23.3  23.1  24.1  24.2  23.7  23.7  25.8  26.9 
 26.3  26.1  25.5  25.5  25.0  24.7  24.9  25.1  23.9  23.5  23.8  23.8  23.3  23.4  23.2  23.5  23.1  23.0  23.5  23.6  23.0  22.9  23.5  23.6  23.2  23.2  24.3  25.2  24.4  24.9  25.9  27.7 
