 24.7  23.6  23.8  23.7  24.1  23.9  24.5  24.2  24.1  23.7  24.1  24.1  24.0  23.6  23.9  23.8  23.7  23.5  24.1  24.0  24.0  23.8  23.8  24.2  24.2  23.9  24.5  24.5  24.7  24.0  25.2  25.9 
 24.1  24.0  24.1  23.8  23.9  24.4  24.2  24.3  23.9  23.9  24.2  24.1  23.7  24.1  23.9  24.0  23.6  23.9  24.1  24.1  23.9  23.9  24.2  24.1  23.7  24.2  24.3  24.4  23.6  24.6  25.0  25.6 
 24.0  23.6  24.1  24.2  24.3  23.8  24.4  24.2  23.8  23.6  23.8  23.9  23.8  23.6  24.0  23.9  23.8  23.7  23.9  23.9  24.0  23.6  24.1  24.1  24.3  23.9  24.4  24.3  24.4  24.0  24.9  25.0 
 23.2  23.5  24.2  24.3  23.6  24.1  24.4  24.2  23.7  23.7  24.1  24.1  23.6  23.7  23.8  23.9  23.6  23.7  24.0  24.1  23.8  24.1  24.2  24.1  23.5  23.9  24.4  24.3  23.8  24.1  24.8  25.1 
 24.4  23.7  24.2  24.3  24.0  23.9  24.0  24.0  24.1  23.8  23.8  24.1  23.8  23.6  24.0  23.9  23.8  23.6  23.7  24.0  23.9  23.5  24.0  24.1  24.1  23.6  24.1  24.1  24.0  23.7  24.4  24.4 
 23.6  24.0  24.3  24.1  23.8  24.3  24.1  24.1  23.8  23.9  23.8  23.9  23.7  23.9  23.9  24.0  23.8  23.9  24.1  24.0  23.6  23.9  23.9  23.9  23.8  23.7  24.1  24.3  23.6  24.3  24.5  24.3 
 23.9  23.8  24.1  24.1  24.2  23.9  24.1  24.1  24.1  23.6  23.9  23.9  23.8  23.5  23.8  23.9  23.8  23.6  24.0  23.9  24.0  23.6  23.8  23.8  23.9  23.6  24.2  24.2  24.1  23.9  24.2  24.2 
 23.9  24.3  24.3  24.3  24.3  24.1  24.1  24.1  23.6  23.9  24.1  24.0  23.6  23.9  23.9  23.9  23.7  23.8  23.9  23.8  23.6  23.8  24.1  23.9  23.7  23.9  24.0  24.2  23.7  24.3  24.3  23.7 
 24.5  24.0  24.2  24.3  24.1  23.8  24.1  24.1  24.0  23.6  23.9  23.8  23.8  23.8  23.9  23.9  24.0  23.7  23.9  24.0  24.1  23.7  24.0  24.0  24.0  23.7  24.0  24.2  24.2  23.7  24.1  24.2 
 23.9  24.4  24.2  24.5  24.0  24.0  24.0  24.0  23.8  24.0  23.9  24.1  23.7  23.8  23.8  23.9  23.6  23.8  23.9  23.9  23.8  23.8  24.1  24.2  23.9  24.0  24.4  24.2  23.7  24.0  24.4  24.5 
 24.3  24.1  24.3  24.4  24.1  23.7  24.1  24.0  23.8  23.6  24.0  24.0  23.7  23.7  24.0  23.9  23.9  23.9  24.2  24.0  24.1  23.6  24.1  24.1  24.1  23.8  24.1  24.4  24.4  24.0  24.3  24.5 
 24.1  24.1  24.4  24.2  23.8  24.0  24.1  24.1  23.7  23.8  23.8  24.1  23.6  23.8  23.9  23.9  23.8  23.9  24.1  24.0  23.8  24.0  24.1 nan  23.8  24.2  24.2  24.3  24.0  24.2  24.7  24.8 
 24.4  24.0  24.4  24.3  24.2  23.8  24.0  24.2  24.0  23.8  23.9  24.1  24.0  23.7  24.0  24.0  24.1  23.7  24.1  23.9  23.9  23.8  24.1  24.2  24.0  24.0  24.6  24.6  24.6  24.2  25.1  25.0 
 24.0  24.3  24.5  24.4  24.0  24.2  24.2  24.1  23.7  23.8  24.1  24.1  23.7  23.9  24.0  24.0  23.7  23.9  24.0  24.1  23.9  23.9  24.4  24.4  24.3  24.6  24.6  25.0  24.7  24.9  25.1  25.4 
 24.1  24.0  24.2  24.2  24.4  23.7  24.1  24.2  24.0  23.7  23.8  24.0  24.1  23.6  24.1  24.0  24.0  23.8  24.1  24.3  24.4  24.6  29.7  31.0  30.8  29.7  27.4  27.3  26.7  26.2  26.1  25.9 
 24.0  24.5  24.6  24.4  23.8  24.1  24.1  24.2  23.7  24.0  24.0  23.9  23.7  23.8  23.9  24.0  23.8  23.9  24.1  24.2  25.0  28.9  45.2  47.5  44.4  39.3  30.9  29.3  27.1  27.4  26.4  26.6 
 24.6  24.0  24.3  24.2  24.1  23.7  24.3  24.5  24.1  23.7  24.2  23.9  24.0  23.8  24.0  24.0  24.0  23.6  24.1  24.3  32.1  44.5  70.6  73.9  70.1  60.7  36.3  32.8  29.0  27.9  27.4  27.2 
 24.0  24.2  24.3  24.5  23.8  24.1  24.1  24.2  23.8  23.9  24.0  24.0  23.9  24.0  24.1  23.9  23.7  24.0  24.3  24.5  34.4  49.1  75.2  77.8  71.6  61.8  37.0  33.2  29.3  28.7  27.8  27.5 
 25.1  24.2  24.7  24.6  24.6  24.0  24.4  24.3  24.2  23.9  24.0  23.9  24.1  23.8  24.0  24.1  24.1  23.8  24.4  24.6  33.7  42.3  65.1  68.1  59.2  49.9  34.6  32.3  29.4  28.5  27.6  27.9 
 24.1  24.6  24.3  24.9  24.0  24.4  24.4  24.2  24.0  23.9  24.0  24.2  23.9  24.1  24.1  23.8  23.9  23.9  24.5  25.0  31.2  36.3  51.8  54.1  46.9  42.0  33.0  31.5  28.6  28.5  27.9  28.4 
 24.8  24.5  25.1  24.9  24.3  24.2  24.4  24.4  24.5  23.8  24.4  24.0  24.1  24.0  24.2  24.1  24.0  23.9  24.5  25.5  27.4  28.4  33.2  34.2  33.9  32.5  31.0  30.0  28.2  27.4  28.4  29.0 
 24.5  25.1  25.1  24.9  24.1  24.3  24.4  24.5  23.7  24.2  24.1  24.1  23.8  24.0  24.1  24.2  23.9  23.9  24.8  25.4  25.9  26.9  29.9  30.6  30.9  31.1  29.8  29.2  27.5  28.0  28.9  30.0 
 25.7  24.8  24.9  24.9  24.8  23.8  24.7  24.6  24.5  24.0  24.2  24.5  24.4  23.9  24.2  24.5  24.3  24.0  25.1  25.3  25.7  25.4  27.5  28.5  28.9  28.4  28.7  28.1  27.9  27.5  30.8  32.3 
 25.2  25.6  24.9  24.9  24.3  24.7  24.6  24.4  23.8  24.2  24.4  24.5  23.8  24.2  24.4  24.1  23.9  24.3  25.1  25.1  25.1  25.6  27.1  27.7  27.6  28.1  27.9  28.2  27.3  28.8  31.2  32.5 
