 24.9  23.8  23.8  24.0  24.4  24.2  24.6  24.4  24.2  23.9  24.2  24.3  24.2  23.8  24.0  24.2  24.1  23.8  24.2  24.2  24.3  24.1  24.1  24.7  24.3  24.0  24.3  24.8  24.7  24.7  25.2  26.3 
 24.3  24.2  23.6  24.2  24.4  24.3  24.3  24.4  24.2  24.2  24.2  24.0  24.0  24.1  23.8  24.1  23.8  24.0  24.3  24.1  24.2  24.2  24.3  24.4  24.3  24.4  24.5  24.3  24.5  24.8  25.3  26.1 
 24.4  23.8  24.3  24.5  24.6  23.9  24.2  24.2  24.1  23.8  24.1  24.0  24.0  23.6  24.0  24.2  24.0  23.8  24.0  24.1  24.2  23.9  24.1  24.3  24.4  24.1  24.2  24.4  24.5  24.3  24.3  25.5 
 23.7  23.8  24.3  24.7  24.1  24.4  24.5  24.3  24.0  23.7  24.1  23.9  23.8  24.0  23.9  24.2  23.9  23.8  24.0  24.0  24.0  24.1  24.2  24.2  24.0  24.2  24.5  24.3  24.4  24.5  24.8  24.9 
 24.6  24.1  24.2  24.5  24.4  24.4  24.2  24.3  24.1  23.8  23.8  24.0  24.0  23.7  24.0  24.0  24.1  23.9  23.9  24.1  24.2  23.8  24.0  24.2  24.3  24.0  24.1  24.3  24.3  24.4  24.6  25.1 
 24.1  24.4  24.1  24.1  24.3  24.4  24.4  24.3  24.2  24.0  23.9  23.9  24.0  24.0  23.9  23.9  24.0  24.0  24.0  23.8  23.9  24.0  24.0  24.0  24.1  24.2  24.2  24.4  24.5  24.7  24.5  24.5 
 24.4  24.1  24.1  24.3  24.4  24.2  24.2  24.1  24.0  23.7  24.0  24.2  24.0  23.7  23.9  24.2  24.0  23.8  23.9  24.1  24.1  23.7  24.0  24.2  24.1  24.0  23.9  24.4  24.4  24.0  24.2  24.7 
 24.0  24.4  24.3  24.6  24.4  24.1  24.3  24.4  24.1  24.0  24.1  24.0  23.8  24.1  24.0  24.1  23.9  23.9  24.0  24.1  23.8  23.9  24.2  24.1  24.0  24.0  24.3  24.5  24.3  24.0  24.6  23.5 
 24.5  24.3  24.2  24.3  24.4  24.0  24.2  24.2  24.1  24.0  24.0  24.1  24.1  24.0  24.0  24.1  24.0  24.0  24.1  24.0  24.2  23.9  23.8  24.0  24.1  23.9  24.2  24.1  24.2  24.4  24.1  24.5 
 24.5  24.6  24.6  24.4  24.2  24.2  24.1  24.1  24.0  23.9  24.0  24.0  23.9  23.9  23.9  23.9  23.9  24.0  24.0  23.9  24.0  24.0  24.2  24.2  24.2  24.1  24.4  24.3  24.1  24.4  24.6  24.6 
 24.7  24.2  24.3  24.4  24.3  24.2  24.1  24.3  24.1  23.8  24.1  24.0  24.1  23.8  23.9  24.0  24.1  23.8  24.1  24.2  24.3  24.0  24.2  24.3  24.2  24.0  24.1  24.4  24.5  24.2  24.4  24.6 
 24.4  24.3  24.3  24.5  24.1  24.1  24.3  24.2  23.9  24.0  23.8  24.2  23.9  23.9  23.9  24.1  23.9  24.0  24.1  24.0  24.0  24.2  24.3 nan  24.2  24.1  24.2  24.4  24.3  24.6  24.5  24.8 
 24.8  24.1  24.3  24.3  24.3  24.0  24.2  24.3  24.2  23.9  24.1  24.1  24.1  24.0  24.0  24.2  24.1  23.9  24.1  24.0  24.2  24.0  24.3  24.1  24.4  24.4  24.7  24.6  25.0  24.5  25.2  25.3 
 24.7  24.7  24.6  24.8  24.2  24.3  24.2  24.1  24.0  23.9  24.1  24.2  24.0  24.0  24.1  24.0  24.0  24.1  24.1  24.2  24.0  24.1  24.6  24.4  24.5  24.4  25.0  25.0  25.1  25.2  25.4  25.4 
 24.7  24.4  24.5  24.6  24.1  23.9  24.2  24.2  24.2  24.0  24.0  24.2  24.1  23.9  24.1  24.3  24.0  23.8  24.2  24.3  24.6  24.6  29.8  31.1  31.0  29.8  27.4  27.4  26.7  26.3  26.3  26.2 
 24.3  24.5  24.5  24.7  24.1  24.2  24.1  24.2  24.2  24.0  24.1  24.1  23.9  23.9  24.2  24.0  24.0  24.1  24.3  24.3  25.3  28.9  45.3  47.6  44.5  39.4  30.7  29.3  27.5  27.3  26.7  26.4 
 24.9  24.5  24.7  24.3  24.4  24.2  24.4  24.2  24.2  23.9  24.0  24.1  24.0  23.9  24.1  24.0  24.1  23.9  24.3  24.3  32.1  44.8  70.5  73.7  70.1  60.6  36.3  32.9  29.5  28.3  27.6  27.5 
 24.9  24.6  24.6  24.7  24.1  24.1  24.4  24.5  24.1  24.1  24.1  24.2  24.1  24.0  24.2  24.1  24.0  24.0  24.2  24.5  34.6  49.0  75.2  77.8  71.7  61.8  37.2  33.3  29.7  28.9  27.9  27.3 
 25.0  24.5  24.7  24.7  24.5  24.3  24.4  24.5  24.2  24.0  24.2  24.2  24.1  24.0  24.2  24.3  24.3  24.0  24.4  24.8  33.8  42.7  65.1  68.2  59.3  50.3  35.0  32.7  29.5  28.5  27.9  27.9 
 24.8  24.8  24.7  24.7  24.3  24.3  24.3  24.6  24.1  24.2  24.1  24.1  24.1  24.0  24.3  24.1  24.1  24.2  24.5  25.1  31.4  36.6  52.0  54.1  46.9  42.1  33.1  31.5  28.8  28.5  27.9  28.2 
 25.2  24.9  24.8  24.9  24.7  24.3  24.4  24.6  24.4  24.2  24.2  24.3  24.1  24.2  24.2  24.3  24.3  24.2  24.8  25.6  27.4  28.6  33.2  34.3  33.7  32.7  30.7  30.1  28.3  27.8  28.4  29.7 
 25.2  25.3  24.9  25.0  24.4  24.4  24.4  24.5  24.3  24.1  24.2  24.3  24.1  24.2  24.2  24.2  24.3  24.4  24.8  25.6  26.2  27.1  29.9  30.7  31.4  31.4  30.0  29.4  27.8  28.3  29.4  30.3 
 26.3  25.3  24.9  25.1  24.8  24.3  24.7  24.6  24.4  24.1  24.3  24.4  24.5  24.3  24.2  24.4  24.6  24.2  25.3  25.1  25.4  25.9  27.8  28.5  29.1  28.7  28.7  28.4  28.0  28.1  31.5  32.7 
 26.2  26.1  24.8  25.3  25.0  24.7  24.5  24.8  24.3  24.4  24.4  24.6  24.2  24.3  24.4  24.4  24.1  24.4  25.3  25.1  25.4  25.7  27.2  27.7  28.1  28.1  28.3  28.3  27.7  28.8  31.3  32.5 
