 24.5  23.6  23.9  24.0  24.1  23.9  24.5  24.5  23.9  23.5  23.9  24.3  23.8  23.7  23.8  24.2  24.1  23.6  24.0  24.3  24.1  23.6  24.1  24.4  23.7  23.7  24.3  24.5  24.5  23.9  24.9  25.9 
 24.1  23.8  24.0  24.2  24.2  24.1  24.4  24.3  23.7  23.8  24.1  24.1  23.7  23.8  24.2  23.9  23.8  23.6  24.2  24.0  23.8  23.8  24.2  24.4  24.0  24.2  24.5  24.3  24.0  24.2  25.3  25.6 
 23.8  23.4  23.9  24.0  24.2  23.9  24.1  24.2  23.8  23.5  23.9  24.1  23.6  23.5  24.1  24.1  23.9  23.6  23.9  23.9  23.9  23.7  23.9  24.2  24.0  23.7  24.2  24.4  24.2  23.8  24.3  25.2 
 23.2  23.7  24.0  24.1  23.9  24.2  24.3  24.3  23.9  23.9  24.1  24.0  23.7  23.7  23.9  23.8  23.7  23.8  24.2  24.1  23.7  23.8  24.3  24.1  23.9  23.9  24.5  24.0  23.9  24.2  24.8  24.9 
 24.0  23.9  23.9  24.6  24.2  23.9  24.0  24.1  23.9  23.6  23.8  23.9  23.9  23.6  24.0  24.0  23.8  23.6  23.8  24.1  24.0  23.6  23.7  24.4  24.0  23.7  24.0  24.4  24.3  24.0  24.2  24.9 
 23.7  23.5  24.2  24.2  24.0  24.4  24.4  23.9  23.8  23.7  23.9  23.9  23.7  23.8  23.9  24.0  23.7  23.8  24.0  23.9  23.6  23.6  24.1  23.9  24.0  23.9  24.2  24.2  24.1  24.2  24.7  24.5 
 24.2  23.9  24.1  24.5  24.1  24.0  24.0  24.1  24.0  23.7  23.9  24.0  23.8  23.8  23.9  23.9  23.7  23.6  24.1  24.1  23.8  23.6  24.0  24.2  23.7  23.5  24.0  24.5  24.0  23.7  24.4  24.5 
 23.9  24.1  24.1  24.0  24.1  24.1  24.2  24.2  23.5  23.9  24.2  23.9  23.7  23.9  23.9  23.9  23.7  23.9  23.8  24.0  23.9  23.7  24.0  23.9  23.7  23.9  24.3  24.1  24.0  23.9  24.4  23.5 
 24.3  23.8  24.4  24.3  23.9  23.9  24.2  24.3  24.0  23.7  23.9  24.1  24.0  23.7  23.9  24.0  23.9  23.6  24.0  24.0  24.0  23.7  23.8  24.1  23.8  23.8  24.1  24.3  23.8  23.8  23.9  24.5 
 24.2  24.1  24.5  24.3  24.1  23.9  24.2  24.0  23.8  23.9  24.0  23.9  23.7  23.6  23.9  23.9  23.8  24.0  24.1  24.1  23.8  23.8  24.2  24.1  24.0  23.9  24.3  24.4  23.8  24.2  24.6  24.6 
 24.4  24.3  24.3  24.4  23.9  23.6  23.9  24.1  23.8  23.8  23.8  24.2  23.8  23.7  23.9  24.1  23.9  23.7  24.0  24.1  23.9  23.9  24.1  24.2  24.1  23.8  24.1  24.4  24.1  24.1  24.4  24.7 
 24.1  24.0  24.4  24.1  23.9  24.1  24.1  24.0  23.7  23.9  24.0  24.0  23.8  23.7  23.9  23.9  23.9  24.0  24.1  24.1  24.0  23.9  24.1 nan  24.0  23.8  24.3  24.3  23.8  24.2  24.4  24.8 
 24.5  23.9  24.3  24.4  24.0  23.8  24.3  24.1  23.7  23.6  23.9  24.1  24.0  23.6  23.9  24.1  24.1  23.8  24.0  24.1  24.0  23.7  24.2  24.3  24.1  24.1  24.3  24.5  24.6  23.9  24.9  25.3 
 24.3  24.3  24.6  24.5  23.9  23.9  24.1  24.1  23.7  23.7  24.0  24.0  23.8  23.7  24.1  24.1  23.9  23.9  24.1  24.2  23.9  24.1  24.4  24.2  24.2  24.2  24.8  24.7  24.8  24.9  25.6  25.3 
 24.5  24.1  24.5  24.8  24.2  23.7  24.2  24.4  23.9  23.6  24.1  24.2  23.8  23.7  24.0  24.1  23.9  23.8  24.1  24.3  24.4  24.8  29.5  31.1  30.8  29.8  27.3  27.4  26.5  26.3  26.1  26.4 
 24.5  24.2  24.6  24.5  24.0  24.1  24.2  24.1  23.8  23.9  24.2  24.1  24.0  23.9  23.9  23.9  23.7  23.8  24.1  24.2  25.1  28.9  45.3  47.5  44.4  39.2  31.0  29.1  27.3  27.0  26.7  26.7 
 24.6  24.0  24.4  24.5  24.1  23.7  24.1  24.3  24.0  23.7  23.8  24.2  24.0  23.7  24.0  24.1  23.9  23.8  24.2  24.4  32.0  44.5  70.4  73.6  69.8  60.6  36.2  33.1  28.8  28.1  27.2  27.3 
 24.4  24.2  24.4  24.6  23.9  24.1  24.2  24.2  24.0  23.9  24.1  24.0  23.9  23.9  24.1  24.1  23.8  23.8  24.2  24.4  34.4  49.1  75.1  77.6  71.6  61.6  37.0  33.2  29.3  28.4  27.8  27.3 
 24.8  24.3  24.4  24.7  24.4  24.1  24.3  24.4  24.1  23.9  24.2  24.2  23.8  23.8  24.1  24.1  24.0  23.8  24.4  24.8  33.3  42.4  65.0  68.0  59.1  50.0  34.6  32.2  29.4  28.1  27.8  28.1 
 24.5  24.6  24.9  24.8  24.2  24.3  24.5  24.3  23.9  24.1  24.1  24.0  23.9  24.0  24.2  24.0  23.9  24.0  24.5  24.9  31.1  36.2  52.0  54.0  46.8  41.9  32.8  31.5  28.6  28.3  28.1  28.2 
 24.6  24.3  25.1  24.9  24.5  24.1  24.0  24.5  24.4  23.9  24.1  24.3  24.0  23.7  24.1  24.4  24.0  23.9  24.3  25.4  27.3  28.5  33.0  34.2  33.6  32.6  30.8  30.1  28.1  27.4  28.4  29.7 
 24.7  24.7  24.9  24.9  24.3  24.3  24.5  24.5  23.8  24.1  24.4  24.3  24.0  24.1  24.1  24.3  24.0  24.0  24.9  25.4  26.0  26.7  30.0  30.8  31.0  31.0  29.9  29.1  28.1  27.4  29.2  30.3 
 26.3  25.2  25.1  25.3  24.6  24.3  24.7  24.5  24.3  24.0  24.3  24.6  24.3  24.0  24.2  24.5  24.4  24.1  25.2  25.4  25.3  25.5  27.6  28.5  28.8  28.4  28.5  28.4  28.0  27.5  30.4  32.3 
 25.5  25.1  24.9  24.9  24.5  24.5  24.6  24.8  24.0  24.2  24.4  24.5  23.9  24.1  24.5  24.5  23.9  24.3  25.2  25.0  25.1  25.3  27.3  27.8  28.0  28.0  28.1  28.0  27.5  28.6  32.0  32.1 
