 23.7  23.0  23.6  23.5  23.1  22.7  23.2  22.8  22.8  22.4  23.1  22.9  22.6  22.4  22.9  22.8  22.5  22.5  23.0  22.6  22.5  22.4  23.1  22.9  22.6  22.7  23.1  22.8  23.2  23.1  24.4  24.9 
 23.3  23.0  23.3  23.7  23.0  22.7  23.0  23.1  22.8  22.5  22.8  23.1  22.5  22.6  22.8  22.7  22.5  22.2  22.6  22.8  22.7  22.7  22.9  23.1  22.7  22.7  23.1  23.3  22.9  23.2  24.0  25.1 
 23.0  22.9  23.6  22.8  22.8  22.6  23.1  23.1  22.7  22.8  23.2  23.0  22.5  22.5  22.9  22.7  22.6  22.5  22.9  22.5  22.5  22.6  22.9  22.8  22.6  22.7  23.4  22.9  23.0  23.3  23.7  23.8 
 23.2  23.2  23.3  23.7  22.7  22.5  23.0  23.5  22.9  22.6  23.0  23.3  22.6  22.5  22.5  22.9  22.7  22.3  22.7  22.6  22.5  22.4  22.7  22.8  22.6  22.4  23.2  23.3  22.9  23.5  23.6  24.1 
 23.4  22.9  23.2  23.0  22.8  22.7  23.1  22.9  23.2  23.2  24.1  23.2  22.5  22.4  22.7  22.8  22.4  22.3  22.7  22.6  22.5  22.5  22.8  22.8  22.7  22.6  23.1  23.0  23.0  23.5  23.8  23.4 
 23.1  23.0  22.9  23.3  22.8  22.5  22.9  23.2  23.4  23.8  25.3  23.8  22.5  22.5  22.6  22.8  22.6  22.5  22.6  22.8  22.6  22.4  22.6  22.9  22.7  22.6  22.8  23.0  22.7  22.8  23.5  23.5 
 22.9  23.2  23.5  23.1  22.6  22.7  23.1  23.0  23.5  24.6  27.0  24.4  22.6  22.5  22.9  22.6  22.5  22.6  22.8  22.6  22.6  22.7  23.0  22.8  22.8  22.5  23.3  22.9  22.7  23.0  23.4  23.0 
 23.3  22.9  23.0  23.2  22.7  22.6  22.7  23.2  22.9  23.1  23.9  23.3  22.6  22.5  22.5  22.8  22.5  22.4  22.6  22.7  22.6  22.5  22.7  22.8  22.8  22.4  22.7  23.4  22.7  22.6  22.9  22.5 
 23.2  23.1  23.4  23.1  23.0  22.9  23.2  22.9  22.7  22.5  23.1  22.7  22.6  22.6  22.7  22.8  22.6  22.5  22.9  22.6  22.7  22.6  22.9  22.6  22.8  22.6  23.1  22.8  22.7  22.6  22.9  23.0 
 23.0  23.0  23.4  23.4  23.2  22.9  22.8  23.1  22.6  22.7  22.6  22.8  22.5  22.4  22.8  22.7  22.5  22.6  22.8  22.8  22.6  22.6  22.6  22.7  22.9  22.6  23.0  23.1  22.7  22.5  23.2  23.6 
 24.0  24.2  24.8  24.7  24.4  24.2  23.7  23.2  22.8  22.7  22.9  22.6  22.6  22.5  22.9  22.8  22.5  22.6  22.8  22.8  22.5  22.4  22.8  22.5  22.5  22.5  23.1  22.6  22.8  22.9  23.2  23.5 
 24.3  24.3  25.1  25.6  25.4  25.4  25.0  24.4  23.3  22.8  23.0  23.0  22.7  22.3  22.7  23.0  22.5  22.6  22.6  22.8  22.4  22.5  22.7 nan  22.6  22.4  22.6  23.2  22.9  22.8  23.2  23.5 
 25.0  24.8  26.2  26.7  28.2  29.3  37.9  41.6  39.5  33.5  23.5  23.1  22.9  22.6  23.0  22.7  22.6  22.7  22.9  22.8  22.7  22.4  22.7  22.7  22.6  22.8  23.1  23.0  22.7  22.9  23.4  23.1 
 25.0  25.3  26.6  27.5  29.8  32.3  47.3  54.0  58.3  51.3  24.6  23.6  22.7  22.6  22.8  22.8  22.6  22.5  22.6  22.9  22.7  22.4  22.8  22.8  22.9  22.6  23.7  23.9  23.3  22.9  23.2  23.4 
 25.5  25.9  27.8  28.0  32.5  36.2  57.2  65.9  77.2  73.0  30.5  24.8  22.9  22.8  22.9  22.8  22.8  22.7  23.0  22.7  22.5  22.5  22.8  22.7  22.6  22.6  25.3  24.9  23.2  22.9  23.5  23.5 
 26.0  25.7  27.4  28.4  32.3  36.2  56.8  68.6  86.7  81.8  30.0  24.7  22.8  22.8  22.9  22.9  22.6  22.5  22.7  22.9  22.5  22.5  22.8  22.9  22.5  22.4  23.9  24.4  23.1  22.8  23.5  23.5 
 25.6  25.6  27.6  27.5  29.8  31.5  45.3  55.2  67.2  56.8  25.3  23.6  22.9  22.9  22.9  22.9  22.7  22.7  22.9  22.8  22.7  22.5  23.0  22.9  22.9  22.5  23.2  23.0  23.3  23.0  23.8  23.6 
 25.8  25.6  26.8  27.3  28.5  29.3  37.5  42.5  45.9  38.6  23.8  23.6  22.9  22.7  23.0  22.9  22.7  22.7  23.0  22.9  22.8  22.7  22.7  23.1  22.9  22.5  23.0  23.1  23.3  22.9  23.6  23.9 
 25.6  25.6  26.8  26.5  26.7  27.4  28.9  29.2  27.9  26.0  23.8  23.3  23.0  22.9  23.2  23.0  22.8  22.7  23.1  22.9  22.9  22.5  23.2  23.0  22.8  22.7  23.4  22.9  23.2  23.1  23.8  23.5 
 25.6  25.7  26.3  26.8  26.5  26.5  27.4  27.6  26.2  25.1  23.5  23.5  22.8  22.8  23.0  23.3  22.8  22.9  23.1  23.0  22.7  22.5  23.0  23.4  22.8  22.8  23.2  23.4  22.8  23.0  24.0  24.5 
 25.5  25.4  26.0  25.9  25.7  25.8  26.1  25.7  24.7  24.1  23.7  23.5  23.1  22.9  23.3  23.1  22.9  22.7  23.0  22.9  22.9  22.6  23.4  23.0  23.0  22.8  23.4  23.6  23.3  23.2  24.3  24.3 
 25.5  25.0  25.7  26.2  25.4  25.2  25.5  25.9  24.4  24.1  23.5  23.9  23.1  22.8  23.2  23.2  23.1  23.0  23.0  23.2  22.8  23.0  23.2  23.3  22.9  23.0  23.6  23.8  23.3  23.5  24.7  25.4 
 26.3  25.8  26.0  25.5  25.0  24.9  24.9  24.9  24.0  23.8  24.1  23.7  23.3  23.0  23.5  23.4  23.1  23.1  23.3  23.2  22.9  23.1  23.5  23.6  23.2  23.1  24.1  24.0  23.9  23.9  26.2  26.4 
 27.2  26.1  25.6  25.9  25.0  25.2  24.8  25.1  23.9  23.6  23.8  23.8  23.3  23.3  23.4  23.5  23.0  23.1  23.5  23.5  23.0  23.2  23.2  23.6  23.2  23.2  24.0  25.2  24.6  24.4  25.5  27.2 
