 24.5  23.8  23.6  23.8  24.1  23.9  24.2  24.4  24.1  23.6  24.2  24.4  23.9  23.8  23.9  24.1  23.7  23.6  24.1  24.4  23.8  24.1  24.1  24.2  24.0  23.8  24.1  24.5  24.5  24.1  25.2  26.2 
 23.9  23.8  23.9  24.0  23.9  23.8  24.4  24.4  24.0  23.6  24.0  24.1  23.5  23.6  24.3  24.0  23.7  23.7  24.0  24.1  24.0  23.8  24.1  24.2  23.8  23.9  24.3  24.4  24.3  24.1  24.8  25.3 
 23.8  23.6  23.9  24.3  24.2  23.8  24.2  24.2  23.8  23.6  23.9  24.0  23.7  23.4  23.8  23.9  23.6  23.7  23.9  24.0  23.8  23.7  24.0  24.1  24.0  23.8  24.1  24.5  24.4  24.3  24.7  25.0 
 23.3  23.3  24.2  24.6  23.9  24.2  24.4  24.1  23.9  23.9  24.2  24.0  23.6  23.8  23.9  24.0  23.7  23.6  24.1  23.9  23.8  23.8  24.3  24.1  23.6  23.8  24.4  24.2  23.8  23.9  25.0  25.1 
 24.0  23.9  24.0  24.4  24.2  24.0  24.0  24.2  24.0  23.7  23.9  23.9  23.7  23.5  23.9  23.9  23.8  23.5  23.8  24.0  23.9  23.6  24.0  24.0  24.1  23.7  24.2  24.3  24.0  23.9  24.4  24.7 
 24.1  23.7  24.4  24.3  24.0  24.0  24.2  24.0  23.7  23.7  23.9  24.0  23.6  23.7  24.1  23.9  23.7  23.7  23.9  23.8  23.8  23.8  24.2  24.0  24.0  23.7  24.2  24.0  23.9  23.9  24.5  24.7 
 23.7  23.7  24.4  24.4  24.2  24.0  24.2  24.3  23.8  23.7  23.8  24.1  23.8  23.7  23.7  24.0  23.8  23.6  24.0  24.1  23.8  23.7  24.1  24.1  23.7  23.8  24.0  24.2  24.0  24.3  24.2  24.5 
 24.2  24.0  24.1  24.4  24.3  23.8  24.3  24.0  23.7  23.8  23.8  23.9  23.7  23.6  23.9  23.8  23.9  23.8  24.1  23.9  23.8  23.7  24.1  24.1  24.0  24.0  24.2  24.2  23.8  24.0  24.3  23.4 
 24.3  24.0  24.4  24.2  23.9  24.1  24.0  24.1  23.8  23.7  24.1  24.1  23.8  23.6  24.0  24.0  24.0  23.6  24.0  23.8  23.8  23.7  24.0  23.9  23.9  23.8  24.1  24.3  24.2  23.8  24.4  24.2 
 24.2  24.3  24.5  24.4  24.1  24.0  24.2  24.1  23.6  23.8  23.9  24.0  23.8  23.7  24.0  23.8  23.7  23.8  24.0  24.0  23.9  23.8  24.1  24.2  23.8  24.0  24.4  24.3  24.1  23.9  24.6  24.3 
 24.4  24.0  24.3  24.4  24.0  23.8  24.1  24.0  23.8  23.7  24.0  24.2  23.8  23.6  24.0  23.9  23.9  23.8  24.1  24.1  24.1  23.7  24.1  24.1  24.1  23.8  24.0  24.2  24.3  23.9  24.1  24.7 
 24.2  24.3  24.3  24.2  23.9  23.9  24.2  24.0  23.8  23.7  24.0  24.0  23.9  23.7  23.8  23.8  23.8  24.0  24.0  24.0  23.8  23.9  24.1 nan  23.9  23.8  24.3  24.3  24.1  24.0  24.8  24.6 
 24.2  23.7  24.4  24.3  24.0  23.8  24.1  24.2  23.9  23.8  23.9  24.1  24.0  23.8  24.0  24.1  23.9  23.7  24.0  24.1  24.0  23.9  24.3  24.2  24.0  24.0  24.5  24.4  24.5  24.5  24.9  25.0 
 24.1  24.3  24.4  24.2  24.0  23.8  24.2  24.2  23.7  23.6  23.9  24.0  23.9  23.9  24.0  23.9  23.7  23.7  24.0  24.2  23.9  24.0  24.4  24.4  24.4  24.3  24.7  24.7  24.8  24.8  25.4  25.4 
 24.4  24.1  24.3  24.3  24.2  24.0  24.1  24.2  24.0  23.5  24.1  24.1  23.8  23.8  23.9  24.2  24.1  23.6  24.0  24.3  24.4  24.8  29.6  31.1  30.7  29.6  27.4  27.1  26.5  26.0  25.9  26.5 
 24.3  24.3  24.6  24.1  23.7  23.9  24.2  24.1  23.9  23.8  24.1  24.1  23.8  23.9  24.2  23.9  23.8  23.8  24.2  24.1  25.2  28.7  45.1  47.5  44.5  39.2  30.8  29.2  27.4  27.0  26.9  26.4 
 24.2  24.1  24.7  24.6  24.0  23.9  24.0  24.2  24.0  23.7  23.9  24.0  24.0  23.7  23.9  24.1  23.9  23.9  24.1  24.4  32.2  44.7  70.5  73.6  69.9  60.6  36.4  32.9  28.8  28.2  27.4  27.1 
 24.5  24.1  24.6  24.6  24.2  24.0  24.3  24.2  23.8  23.8  24.0  23.9  24.0  23.9  24.3  24.1  23.9  23.9  24.3  24.4  34.5  49.0  75.1  77.6  71.7  61.8  37.1  33.3  29.4  28.4  27.7  27.4 
 24.6  24.5  24.6  24.7  24.2  24.0  24.5  24.5  24.1  23.8  24.1  24.1  24.0  24.0  24.0  24.2  24.1  23.8  24.4  24.7  33.6  42.5  65.0  68.0  59.0  50.0  34.7  32.3  29.6  28.2  27.4  27.9 
 24.4  24.6  24.8  24.5  24.2  24.2  24.4  24.3  24.0  24.0  24.0  24.1  23.8  23.8  24.4  24.1  24.0  23.8  24.6  24.9  31.5  36.2  52.0  54.0  46.8  41.8  32.9  31.3  28.6  28.0  27.9  28.0 
 24.6  24.7  24.6  24.9  24.3  24.1  24.4  24.5  24.2  24.0  24.3  24.2  24.1  24.0  23.9  24.2  23.9  23.9  24.6  25.5  27.3  28.5  33.1  34.3  33.6  32.6  30.4  29.9  28.1  27.2  28.4  29.7 
 24.7  24.7  24.9  24.9  24.1  24.1  24.7  24.5  23.9  24.0  24.2  24.2  24.0  23.7  24.2  24.3  24.1  24.0  24.8  25.4  26.1  26.7  30.1  30.7  31.2  31.1  29.9  29.1  27.6  27.4  29.4  29.7 
 26.0  24.8  24.7  24.9  24.5  23.9  24.5  24.5  24.0  24.3  24.1  24.4  24.3  23.8  24.0  24.4  24.3  23.8  25.1  25.2  25.3  25.6  27.6  28.5  28.7  28.8  28.7  28.3  27.5  27.7  30.4  32.2 
 25.8  25.1  24.9  25.1  24.3  24.3  24.8  24.6  24.1  24.3  24.5  24.2  24.0  24.0  24.4  24.2  24.2  24.2  25.2  25.1  25.0  25.6  27.1  27.5  28.0  27.8  28.2  28.1  27.7  28.3  32.0  32.1 
