 24.5  24.0  24.0  23.9  23.8  23.9  24.2  24.3  24.1  23.9  24.1  24.1  23.9  23.8  24.1  24.3  23.9  23.8  24.0  24.3  24.0  23.9  24.3  24.3  24.2  23.9  24.3  24.2  24.6  24.3  25.5  26.6 
 24.3  23.8  23.8  23.9  24.2  24.2  24.5  24.4  24.1  23.8  24.3  24.2  23.9  23.8  24.1  24.1  23.8  23.7  24.2  24.0  23.9  23.8  24.3  24.3  24.0  24.0  24.3  24.5  24.0  24.3  25.5  25.6 
 23.8  23.6  24.1  24.5  24.2  24.1  24.3  24.2  24.0  23.8  23.9  24.1  23.9  23.5  24.1  24.2  23.7  23.8  24.0  23.9  23.9  23.8  24.0  24.4  24.0  24.0  24.3  24.4  24.2  24.3  24.7  25.1 
 23.6  23.3  24.4  24.3  24.3  24.1  24.4  24.4  23.8  23.8  24.1  23.9  23.7  23.6  23.8  24.1  24.0  23.8  24.2  24.0  23.9  23.8  24.3  24.2  23.9  24.1  24.5  24.4  24.0  23.9  24.8  25.1 
 23.7  24.2  24.2  24.3  24.1  24.3  24.3  24.1  23.8  23.8  23.8  24.0  23.8  23.8  23.8  24.1  23.9  23.7  24.2  24.0  23.9  23.8  24.1  24.2  23.8  23.7  24.4  24.4  24.2  24.1  24.6  24.6 
 23.9  23.9  24.4  24.4  24.2  24.0  24.3  24.2  24.0  23.8  24.0  23.9  23.9  23.7  23.9  24.1  23.9  23.7  23.9  24.0  23.9  23.7  24.0  23.9  23.9  23.9  24.1  24.3  23.9  24.0  24.5  24.6 
 23.8  23.9  24.1  24.6  24.0  24.0  24.3  24.2  23.9  23.7  23.9  24.1  23.8  23.8  24.0  24.0  23.9  23.8  24.0  24.1  23.9  23.9  24.1  23.9  24.0  23.7  24.1  24.2  24.2  24.0  24.4  24.6 
 24.2  24.0  24.4  24.3  24.3  24.1  24.3  23.9  23.9  23.7  23.9  24.0  23.8  23.7  23.8  24.1  23.8  23.8  23.9  24.0  23.7  23.8  24.1  24.0  23.8  23.9  24.1  24.3  24.0  24.1  24.3  23.6 
 24.2  23.9  24.1  24.3  24.2  24.0  24.1  24.3  23.8  23.7  24.0  24.2  24.0  23.8  23.8  24.1  23.8  23.9  23.9  24.1  24.0  23.9  24.1  24.1  24.1  23.9  24.1  24.1  24.0  24.0  24.4  24.5 
 24.3  24.0  24.5  24.4  24.1  24.0  24.2  24.0  23.9  23.9  24.1  23.9  23.9  23.5  24.0  23.8  23.8  23.8  24.0  24.1  23.9  23.9  24.1  24.2  24.1  24.0  24.2  24.4  24.2  23.9  24.8  24.5 
 24.3  24.1  24.5  24.5  24.1  24.0  24.2  24.0  23.9  23.7  24.1  24.1  23.8  23.8  24.1  24.0  23.9  23.7  24.0  24.0  23.8  23.8  24.2  24.2  24.0  23.9  24.1  24.2  24.2  24.0  24.8  24.7 
 24.3  23.9  24.5  24.3  24.2  23.9  24.3  24.2  23.8  23.8  24.0  24.0  23.9  23.5  23.9  23.9  23.7  23.8  24.0  24.0  24.0  24.0  24.2 nan  24.0  24.0  24.3  24.5  24.4  23.9  24.6  24.7 
 24.6  24.0  24.3  24.5  24.0  23.9  24.0  24.3  23.8  23.9  24.0  24.0  23.7  23.7  24.1  24.1  23.9  23.8  24.1  24.1  24.0  24.0  24.1  24.5  24.1  24.2  24.5  24.5  24.4  24.5  25.1  25.2 
 24.4  24.2  24.5  24.4  24.2  23.9  24.2  24.1  23.8  23.8  24.1  23.9  23.8  23.8  24.0  24.1  23.8  23.8  24.2  24.2  24.1  24.1  24.4  24.6  24.3  24.3  24.9  25.0  25.0  24.9  25.4  25.5 
 24.4  24.3  24.5  24.6  24.2  24.0  24.4  24.3  24.1  23.8  23.9  24.0  23.9  23.7  24.0  24.1  23.9  23.7  24.2  24.1  24.4  24.7  29.8  31.1  30.7  29.8  27.6  27.2  26.5  26.3  26.1  26.6 
 24.5  24.2  24.5  24.6  24.3  23.7  24.1  24.3  23.9  23.8  24.1  24.0  23.9  23.9  24.0  24.0  23.9  23.8  24.3  24.2  25.4  28.8  45.3  47.5  44.5  39.3  31.0  29.3  27.7  27.0  26.9  26.6 
 24.4  24.3  24.8  24.5  24.2  23.9  24.3  24.3  24.1  23.9  24.1  24.2  24.1  23.8  24.2  24.1  23.8  23.9  24.2  24.5  32.1  44.6  70.5  73.8  69.9  60.7  36.3  33.1  28.9  28.1  27.6  27.4 
 24.7  24.4  24.6  24.5  24.1  24.2  24.4  24.4  23.9  23.8  24.1  24.1  23.8  24.0  24.3  24.2  24.0  23.8  24.5  24.6  34.7  48.8  75.2  77.8  71.7  61.8  37.0  33.2  29.4  28.5  27.6  27.5 
 24.5  24.5  24.9  25.0  24.4  24.3  24.3  24.6  24.2  23.8  24.2  24.3  24.0  23.9  24.1  24.3  24.0  23.9  24.4  24.7  33.4  42.6  65.2  68.0  59.0  50.1  34.6  32.5  29.1  28.4  28.1  27.9 
 24.5  24.6  24.8  24.8  24.2  24.1  24.6  24.3  24.0  24.1  24.2  24.1  24.1  23.9  24.2  24.2  24.1  23.9  24.4  25.0  31.5  36.3  51.9  54.1  46.9  42.0  33.0  31.5  28.7  28.2  28.3  28.4 
 25.0  24.5  25.0  25.1  24.4  24.0  24.4  24.4  24.3  23.9  24.2  24.4  24.0  24.0  24.2  24.4  23.9  24.3  24.8  25.5  27.3  28.5  33.2  34.3  33.8  32.6  30.7  30.1  28.0  27.8  28.6  30.0 
 24.8  24.8  25.2  24.9  24.3  24.3  24.7  24.4  24.2  24.2  24.3  24.4  24.1  23.9  24.3  24.4  23.9  24.0  24.8  25.4  26.2  26.7  30.1  30.9  31.3  30.9  29.9  29.4  27.7  27.5  29.4  30.4 
 25.3  25.3  25.1  25.3  24.7  24.0  24.8  24.6  24.3  24.0  24.4  24.5  24.1  24.1  24.3  24.4  24.2  24.0  25.2  25.2  25.2  25.5  27.5  28.1  28.7  28.7  28.7  28.5  27.3  27.7  30.5  32.7 
 25.6  25.7  25.0  25.0  24.7  24.4  24.8  24.7  24.3  24.2  24.6  24.8  24.3  24.1  24.7  24.3  24.3  24.3  25.3  25.1  25.3  25.4  27.2  27.6  27.9  28.0  28.4  28.0  28.0  28.1  31.3  32.6 
