 23.9  23.5  23.7  23.6  23.1  22.9  22.9  22.8  22.5  22.6  22.8  22.9  22.5  22.5  22.7  22.9  22.5  22.6  22.9  22.8  22.5  22.6  22.8  23.1  22.9  22.8  23.1  23.8  23.3  23.4  24.4  25.0 
 23.8  23.2  23.6  23.5  23.0  22.7  23.2  22.9  22.6  22.5  22.8  22.9  22.6  22.5  22.9  22.6  22.6  22.5  22.9  22.7  22.7  22.4  22.9  23.1  22.7  22.9  23.4  24.4  23.8  23.2  24.2  24.3 
 23.7  22.9  23.4  23.1  22.8  22.6  22.8  22.8  22.7  22.5  22.7  22.8  22.4  22.6  22.8  22.8  22.3  22.5  22.6  22.9  22.6  22.6  22.9  22.8  22.6  22.8  23.1  23.2  23.2  23.2  23.5  23.9 
 23.2  23.2  23.4  23.3  22.9  22.5  22.8  23.1  22.9  22.7  23.2  22.8  22.7  22.4  22.7  22.6  22.8  22.5  22.8  22.6  22.6  22.4  22.9  22.7  22.6  22.5  23.3  23.0  22.9  22.9  23.5  23.5 
 23.2  23.2  23.3  23.4  23.0  23.0  22.9  23.0  23.1  23.2  23.0  22.8  22.6  22.7  22.6  22.7  22.4  22.5  22.7  22.8  22.7  22.5  22.7  22.9  22.6  22.6  23.0  23.3  22.9  23.2  23.2  23.5 
 23.2  22.9  23.2  23.4  22.8  22.7  23.1  23.2  23.9  23.9  23.2  23.0  22.6  22.4  22.7  22.7  22.7  22.4  22.8  22.7  22.6  22.4  23.0  22.7  22.8  22.4  23.0  23.0  23.0  22.9  23.6  23.3 
 23.2  23.2  23.1  23.1  22.7  22.7  23.1  23.5  25.2  26.6  24.2  23.5  22.8  22.7  22.6  22.8  22.5  22.6  22.7  22.8  22.6  22.6  22.9  23.0  22.8  22.6  22.9  23.2  22.9  22.8  23.0  23.1 
 23.4  23.1  23.0  23.4  23.1  22.8  23.3  23.5  25.8  27.1  24.7  23.1  22.9  22.5  22.6  22.5  22.7  22.6  22.7  22.7  22.8  22.4  22.9  23.0  22.7  22.4  23.1  23.1  23.0  22.7  23.4  22.4 
 23.6  23.2  23.4  23.1  22.9  23.0  23.0  23.3  23.4  23.5  23.1  22.9  22.5  22.7  22.7  22.8  22.5  22.8  22.8  22.8  22.7  22.7  22.8  22.9  22.8  22.7  23.1  23.2  23.0  23.0  23.2  23.5 
 23.6  23.3  23.5  23.4  23.3  22.9  23.1  23.0  23.1  23.0  22.9  22.8  22.7  22.5  22.7  22.7  22.6  22.5  22.9  22.8  22.9  22.7  22.8  22.9  22.9  22.7  23.1  23.3  23.2  22.9  23.5  23.6 
 24.0  24.0  24.1  24.1  23.8  23.6  23.4  23.3  22.9  22.8  22.9  22.9  22.5  22.6  22.8  22.8  22.7  22.6  22.8  22.9  22.6  22.6  22.8  22.9  22.5  22.8  23.2  23.7  23.7  23.4  23.4  23.7 
 24.1  23.7  24.2  24.3  24.7  24.6  24.1  23.6  23.2  23.0  22.9  22.8  22.7  22.5  22.8  22.7  22.9  22.7  22.7  22.9  22.5  22.6  22.9 nan  22.7  22.5  24.6  25.2  24.0  23.0  23.3  23.3 
 24.4  24.4  25.5  26.0  27.0  27.5  32.6  34.9  32.9  29.4  23.2  23.2  22.6  22.7  22.9  22.9  22.8  22.8  22.7  22.9  22.6  22.6  22.9  22.9  22.7  22.8  24.0  24.8  23.5  23.3  23.6  23.6 
 24.9  24.7  25.9  26.5  28.6  30.0  41.5  48.7  53.4  47.2  24.9  23.5  23.0  22.9  23.0  22.8  22.8  22.6  22.9  22.9  22.8  22.5  22.8  22.9  22.9  22.6  23.1  23.6  23.4  23.1  23.4  23.6 
 25.0  25.6  26.8  27.6  30.5  33.8  54.6  63.0  74.5  71.5  35.0  25.8  22.8  22.8  22.8  22.9  22.6  22.8  23.0  22.9  22.5  22.6  22.9  22.9  22.6  22.9  23.1  23.2  23.1  23.1  23.4  23.5 
 25.3  25.2  26.9  27.7  30.8  34.1  53.5  62.6  78.6  79.4  37.7  26.2  23.0  22.7  23.0  22.8  22.8  22.6  22.9  22.8  22.7  22.6  23.0  23.1  22.9  22.6  23.2  23.1  23.1  23.0  23.6  23.6 
 25.5  25.7  26.5  27.0  29.5  31.9  44.3  53.3  73.4  70.9  30.5  24.7  22.8  22.8  22.9  22.8  22.8  22.6  22.9  23.0  22.8  22.8  22.7  22.8  22.8  22.8  23.1  23.2  23.0  22.9  23.8  23.8 
 25.6  25.3  26.8  27.0  28.7  29.9  37.1  42.3  54.5  50.1  26.3  23.9  23.0  22.8  23.1  22.8  22.7  22.7  23.1  23.0  22.7  22.6  22.9  22.9  23.0  22.5  23.4  23.5  23.2  22.8  23.7  24.0 
 25.5  25.4  26.8  26.8  26.9  27.4  28.9  29.7  30.0  28.2  24.1  23.4  22.6  23.0  23.0  22.9  22.7  22.9  22.8  23.2  22.7  22.8  23.1  23.2  22.8  22.9  23.4  23.5  23.1  23.2  23.8  24.0 
 25.3  25.6  26.4  26.5  26.6  26.2  27.4  27.5  27.3  26.4  23.7  23.5  23.0  22.8  23.0  22.9  23.0  22.7  23.0  23.0  22.9  22.8  23.1  23.3  23.0  22.8  23.3  23.5  23.3  23.3  24.7  24.3 
 25.5  25.6  25.9  25.9  25.7  25.6  25.8  26.0  25.2  24.9  23.8  23.7  23.1  23.0  22.9  23.2  22.8  22.8  23.1  23.1  22.7  22.7  23.3  23.4  23.1  22.9  23.4  23.5  23.8  24.2  25.2  25.2 
 25.4  25.2  25.6  25.8  25.5  25.1  25.6  25.4  24.9  24.2  23.7  23.6  23.0  22.7  23.2  23.0  23.0  22.9  23.3  23.1  22.8  22.8  23.2  23.5  23.1  23.0  23.4  23.8  24.6  24.7  25.9  25.7 
 26.5  25.7  25.5  25.4  24.8  24.9  25.1  24.6  24.3  24.0  23.8  23.7  23.2  23.1  23.2  23.4  22.9  23.0  23.2  23.4  23.2  23.1  23.6  23.3  23.2  23.9  25.5  25.8  25.9  25.8  26.9  26.6 
 26.4  25.6  25.7  25.7  25.0  24.9  24.9  24.9  24.2  23.7  23.6  23.7  23.3  22.9  23.4  23.2  23.3  22.9  23.2  23.1  23.2  23.1  23.8  23.6  24.5  24.8  26.3  26.8  26.4  25.9  27.0  27.7 
