 24.7  23.8  24.1  23.7  24.3  23.9  24.5  24.4  24.1  23.8  24.2  24.3  23.9  23.6  24.1  24.0  24.0  23.8  24.0  24.2  23.9  23.8  24.4  24.4  24.0  23.9  24.5  24.7  24.6  24.5  25.2  26.3 
 24.3  24.0  23.8  24.0  24.2  24.0  24.6  24.4  24.0  23.8  24.3  24.2  23.8  23.7  24.0  23.9  23.7  23.7  24.1  24.1  24.0  24.0  24.2  24.1  24.3  24.2  24.5  24.5  24.2  24.4  25.3  25.3 
 24.0  23.8  24.3  24.2  24.2  24.1  24.2  24.2  23.7  24.0  24.0  24.1  24.0  23.6  24.0  24.2  23.7  23.8  24.0  24.0  24.0  23.9  24.2  24.1  23.9  23.9  24.5  24.6  24.1  24.1  24.5  24.8 
 23.6  23.9  24.3  24.8  24.1  24.1  24.3  24.5  24.1  23.8  24.1  24.1  23.9  23.7  23.8  24.1  23.8  23.8  24.2  24.1  24.0  23.9  24.2  24.2  24.1  23.9  24.5  24.6  24.0  24.1  24.6  24.9 
 24.1  24.1  24.1  24.6  24.3  24.1  24.3  24.1  23.8  23.8  24.0  23.9  23.9  23.9  24.1  24.0  23.8  23.6  23.9  23.9  23.8  23.7  24.1  24.1  24.0  23.9  24.3  24.4  24.2  24.2  24.3  24.8 
 23.8  23.6  24.4  24.2  24.2  24.3  24.4  24.3  24.0  23.9  23.9  24.0  23.8  23.7  23.8  24.0  23.9  23.6  24.0  24.2  23.9  23.7  24.1  24.1  24.1  23.9  24.3  24.2  24.1  24.3  24.4  24.7 
 23.9  23.6  24.0  24.3  24.3  24.1  24.2  24.2  23.9  23.9  24.1  24.1  23.9  23.7  23.9  23.9  23.9  23.7  24.0  24.0  23.8  23.9  24.0  24.1  24.0  23.9  24.3  24.4  24.3  23.9  24.2  24.4 
 24.4  24.1  24.2  24.5  24.1  24.2  24.3  24.1  23.9  23.8  24.0  24.0  23.8  23.6  24.0  24.0  23.8  23.8  24.0  23.9  23.8  23.8  24.0  24.1  24.1  23.8  24.0  24.4  24.1  24.2  24.4  23.7 
 24.4  24.3  24.3  24.3  24.0  24.0  24.1  24.0  23.9  23.9  24.1  24.1  23.7  23.8  24.0  24.1  23.8  23.8  24.1  24.0  23.8  23.8  24.2  24.2  24.0  23.9  24.1  24.1  24.2  24.1  24.1  24.4 
 24.3  24.0  24.4  24.6  24.2  24.1  24.1  24.2  24.0  23.7  24.2  24.1  23.9  23.8  24.0  24.0  24.0  24.0  24.1  24.1  23.8  23.9  24.0  24.0  24.1  24.0  24.4  24.2  24.0  24.1  24.4  24.3 
 24.6  24.4  24.5  24.4  24.0  23.9  24.3  24.2  23.8  23.8  24.0  24.0  23.8  23.7  24.0  23.9  23.9  23.9  24.1  24.1  23.9  23.8  24.0  24.3  23.8  24.0  24.1  24.3  24.3  23.9  24.6  24.6 
 24.1  24.4  24.4  24.5  23.9  23.8  24.2  24.2  23.9  23.8  23.9  24.2  23.9  23.7  24.1  24.1  24.0  23.8  24.2  24.1  24.0  23.9  24.3 nan  24.1  23.9  24.2  24.3  24.2  24.1  24.7  24.8 
 24.5  24.0  24.5  24.5  23.9  23.9  24.3  24.1  23.8  23.8  24.0  23.9  23.9  23.7  24.1  24.0  24.0  23.8  24.2  24.1  24.0  23.9  24.3  24.5  24.3  24.1  24.4  24.9  24.4  24.5  25.2  25.3 
 24.1  24.3  24.5  24.8  24.1  24.0  24.1  24.2  23.9  23.6  24.1  24.1  24.0  24.0  24.1  23.9  24.0  23.8  24.1  24.1  24.0  24.0  24.3  24.5  24.5  24.5  24.9  24.7  25.1  24.9  25.4  25.5 
 24.2  24.6  24.4  24.5  24.2  23.9  24.4  24.4  23.9  23.7  24.1  24.1  24.0  23.7  24.1  24.2  24.0  23.9  24.1  24.4  24.4  24.8  29.7  31.1  30.8  29.8  27.3  27.3  26.5  26.5  26.3  26.4 
 24.2  24.3  24.4  24.6  23.9  24.0  24.1  24.2  24.0  24.0  24.2  24.2  23.8  23.9  23.9  24.1  23.9  23.9  24.2  24.3  25.2  28.8  45.3  47.5  44.5  39.2  30.8  29.2  27.5  26.9  27.1  26.6 
 24.6  24.5  24.3  24.5  24.3  23.9  24.3  24.4  23.9  23.9  24.1  24.1  24.1  23.9  24.0  24.0  24.0  23.9  24.2  24.3  31.9  44.8  70.6  73.7  69.9  60.6  36.3  32.9  29.1  28.2  27.6  27.4 
 24.6  24.3  24.5  24.6  24.2  24.0  24.4  24.5  23.9  23.8  24.0  24.2  24.1  23.8  24.2  24.1  23.9  23.8  24.4  24.5  34.6  48.9  75.3  77.9  71.7  61.9  37.3  33.3  29.3  28.6  27.9  27.5 
 24.8  24.7  24.9  24.7  24.4  24.4  24.4  24.6  24.2  23.9  24.3  24.2  24.0  24.0  24.3  24.1  24.0  24.0  24.3  24.7  33.6  42.6  65.3  68.1  59.1  50.0  34.7  32.5  29.5  28.4  27.6  28.3 
 24.8  24.8  24.5  25.0  24.6  24.2  24.6  24.3  24.0  23.9  24.2  24.2  23.9  23.9  24.3  24.0  24.2  23.9  24.7  25.2  31.3  36.3  51.9  54.3  47.0  41.8  33.1  31.6  29.0  28.2  27.9  28.4 
 25.0  24.5  25.2  25.0  24.5  24.3  24.6  24.5  24.3  24.2  24.3  24.5  24.1  23.8  24.2  24.1  24.0  24.2  24.5  25.6  27.3  28.6  33.1  34.3  33.8  32.7  30.7  30.3  28.0  27.9  28.6  29.8 
 24.8  25.0  24.9  24.9  24.4  24.1  24.6  24.5  24.0  24.2  24.3  24.4  24.0  24.0  24.1  24.4  24.1  23.9  24.8  25.7  26.2  26.8  30.1  30.7  31.1  31.0  30.2  29.4  27.7  27.5  29.4  30.1 
 25.5  25.5  25.1  24.8  24.3  24.4  24.6  24.4  24.4  24.2  24.5  24.5  24.2  24.2  24.4  24.3  24.3  24.2  25.1  25.4  25.4  25.6  27.7  28.5  29.0  28.7  28.9  28.5  28.1  27.5  30.8  32.3 
 25.6  25.1  25.3  25.1  24.7  24.4  24.8  24.8  24.2  24.3  24.4  24.6  24.4  24.2  24.4  24.3  24.2  24.1  25.3  25.0  25.3  25.4  27.2  27.5  27.7  28.2  28.0  28.2  27.8  28.4  31.7  33.0 
