 24.4  24.0  23.5  23.8  24.4  24.2  24.5  24.7  24.3  23.9  23.8  24.2  24.0  23.9  23.8  24.1  24.1  24.0  24.1  24.3  23.9  24.0  24.1  24.4  24.3  24.1  24.5  24.6  24.5  24.5  25.4  26.4 
 24.4  23.8  23.8  23.8  24.4  24.4  24.6  24.3  24.2  23.8  24.3  24.2  24.2  24.0  24.1  24.1  24.1  23.8  24.2  24.0  24.2  24.1  24.4  24.3  24.3  24.4  24.5  24.1  24.6  24.6  25.2  25.5 
 24.1  23.9  24.1  24.3  24.5  24.2  24.4  24.1  24.0  24.0  23.8  24.2  23.9  24.0  24.0  24.1  24.0  23.9  23.9  24.2  24.0  24.0  23.9  24.1  24.3  24.3  24.1  24.6  24.5  24.6  24.4  25.4 
 23.7  24.0  24.1  24.0  24.5  24.2  24.3  24.1  24.1  23.8  24.1  24.0  23.8  23.8  24.0  24.1  24.2  23.9  24.1  23.9  24.1  23.9  24.3  24.1  24.1  24.1  24.4  24.3  24.4  24.4  25.0  24.8 
 24.2  24.2  24.2  24.4  24.4  24.4  24.1  24.2  24.2  24.0  23.9  24.1  24.1  23.8  23.8  24.0  24.0  23.9  24.1  23.9  23.9  24.0  24.0  24.0  23.9  24.2  24.1  24.4  24.3  24.3  24.6  24.9 
 24.2  24.2  24.1  24.1  24.6  24.4  24.3  24.0  24.1  24.0  24.0  24.0  24.0  23.8  24.2  23.9  24.0  23.9  23.9  24.0  24.0  23.9  24.1  24.2  24.4  24.0  24.2  24.0  24.4  24.2  24.7  24.5 
 24.2  23.9  23.8  24.3  24.3  24.3  24.3  24.3  23.9  23.9  23.9  24.0  24.0  23.9  23.8  24.0  23.8  23.9  23.8  24.1  24.1  23.9  24.2  24.3  24.0  24.1  24.0  24.4  24.4  24.3  24.4  24.5 
 24.6  24.1  24.4  24.2  24.1  24.0  24.1  24.0  23.9  24.0  24.2  23.8  24.2  24.0  24.0  23.9  24.0  23.8  23.9  23.9  24.0  24.0  24.1  24.1  24.0  24.1  24.2  24.3  24.3  24.3  24.4  23.5 
 24.5  24.4  24.2  24.2  24.2  23.9  23.9  24.1  24.1  23.9  24.0  24.1  23.9  23.9  23.9  24.0  23.9  24.0  23.9  24.1  23.9  24.0  23.9  24.1  24.1  24.0  24.1  24.3  24.1  24.4  24.6  24.7 
 24.7  24.3  24.5  24.3  24.4  24.2  24.1  23.9  23.9  23.9  24.0  24.1  23.9  23.8  24.0  23.9  24.0  24.0  24.1  24.2  24.0  24.0  24.3  24.1  24.3  24.1  24.4  24.1  24.1  24.2  24.7  24.3 
 24.7  24.5  24.3  24.4  24.3  24.2  24.0  24.4  24.0  23.9  24.0  24.2  24.0  24.0  24.0  24.0  24.1  24.0  24.0  24.1  24.0  24.0  24.0  24.1  24.0  24.1  24.1  24.2  24.3  24.3  24.4  24.5 
 24.4  24.3  24.3  24.4  24.0  24.0  24.2  24.2  23.9  23.9  24.0  24.0  24.0  23.9  23.9  24.0  24.1  24.0  24.2  24.1  24.0  24.1  24.4 nan  24.2  24.1  24.2  24.2  24.5  24.2  24.8  24.6 
 24.7  24.5  24.1  24.6  24.3  24.0  24.1  24.3  24.1  24.1  24.1  24.0  24.2  24.1  24.1  24.1  24.1  24.0  24.1  24.2  24.2  24.1  24.2  24.5  24.4  24.5  24.5  24.6  24.6  24.5  25.1  25.1 
 24.7  24.3  24.3  24.5  24.2  24.3  24.2  24.0  23.9  23.9  24.2  24.0  24.0  24.1  24.1  24.1  24.0  24.0  24.2  24.3  24.2  24.2  24.6  24.4  24.5  24.5  24.7  25.0  25.3  24.9  25.7  25.3 
 24.4  24.5  24.4  24.6  24.5  24.0  24.2  24.3  24.3  24.0  23.9  24.3  24.1  23.9  24.2  24.1  24.1  24.1  24.1  24.3  24.5  25.0  29.7  31.1  30.9  30.1  27.4  27.4  26.7  26.7  26.2  26.2 
 24.6  24.5  24.5  24.3  24.2  24.1  24.3  24.3  24.1  23.9  24.2  23.9  23.9  24.0  24.2  23.9  24.0  23.9  24.2  24.2  25.4  29.1  45.4  47.6  44.5  39.4  30.9  29.2  27.8  27.3  26.7  26.7 
 24.5  24.7  24.4  24.6  24.5  24.3  24.2  24.4  24.2  23.9  24.1  24.3  24.2  23.9  24.0  23.9  24.1  24.0  24.1  24.5  32.1  44.7  70.5  73.8  70.0  60.8  36.5  32.7  29.3  28.6  27.5  27.3 
 24.7  24.4  24.6  24.3  24.2  24.1  24.5  24.2  24.1  24.1  24.0  24.2  24.2  24.2  24.2  24.1  24.1  24.0  24.5  24.3  34.6  49.1  75.2  77.7  71.9  61.8  37.1  33.3  29.7  28.9  27.7  27.3 
 24.6  24.5  24.6  24.8  24.4  24.3  24.4  24.7  24.2  23.9  24.2  24.2  24.0  24.0  24.2  24.2  24.3  24.2  24.3  24.8  33.4  42.8  65.2  68.1  59.3  50.3  34.9  32.5  29.5  28.7  27.4  28.0 
 24.6  24.9  24.8  24.7  24.6  24.3  24.4  24.3  24.3  24.3  24.2  24.2  24.3  24.1  24.3  24.0  24.1  24.1  24.6  25.1  31.4  36.3  52.1  54.1  47.1  42.1  33.0  31.3  29.1  28.6  27.7  28.1 
 25.3  24.8  24.8  25.1  24.5  24.4  24.2  24.5  24.6  24.2  24.0  24.3  24.1  24.1  24.2  24.3  24.4  24.4  24.5  25.4  27.4  28.9  33.2  34.1  33.9  32.7  30.8  29.9  28.0  27.9  28.3  29.9 
 25.3  25.3  25.0  24.7  24.6  24.5  24.5  24.6  24.3  24.4  24.4  24.1  24.0  24.1  24.1  24.4  24.2  24.1  25.2  25.4  26.2  27.1  30.0  30.9  31.3  31.1  29.9  29.2  28.1  27.8  29.5  30.2 
 25.9  25.6  24.9  24.9  24.9  24.4  24.4  24.7  24.5  24.3  24.4  24.6  24.3  24.3  24.3  24.4  24.5  24.4  25.1  25.3  25.7  25.9  27.8  28.3  29.1  28.8  28.8  28.4  27.6  28.3  30.9  32.9 
 26.6  25.8  24.9  24.9  24.6  24.7  24.8  24.5  24.4  24.2  24.4  24.4  24.1  24.1  24.5  24.3  24.3  24.3  25.4  25.0  25.6  25.9  27.2  27.7  28.1  28.0  28.2  27.8  28.1  28.7  31.4  32.7 
