 24.3  23.9  24.0  23.7  24.1  24.1  24.4  24.3  24.1  23.9  24.1  24.1  23.8  23.8  24.1  24.0  23.9  23.7  24.0  24.3  24.1  23.9  24.3  24.1  24.2  24.0  24.2  24.7  24.8  24.4  25.5  26.6 
 24.1  23.9  24.0  24.2  24.1  24.0  24.4  24.5  24.1  23.9  24.2  24.2  23.8  23.6  24.2  24.1  24.0  23.7  24.1  24.1  24.0  23.9  24.3  24.3  23.9  23.9  24.2  24.6  24.2  24.5  25.3  26.2 
 23.9  24.0  24.2  24.4  24.0  23.7  24.1  24.2  23.9  23.9  23.8  24.0  23.8  23.8  24.1  24.1  23.9  23.7  24.1  24.1  24.0  23.8  24.0  24.1  24.1  24.2  24.4  24.8  24.6  24.2  24.7  25.1 
 23.6  23.5  24.4  24.5  24.1  24.0  24.3  24.3  23.8  23.8  24.0  24.1  23.8  23.7  23.9  24.0  24.0  23.7  23.9  23.9  24.1  23.9  24.1  24.0  24.0  23.8  24.4  24.2  24.2  24.1  25.0  25.1 
 23.9  24.1  24.4  24.2  24.3  24.0  24.0  24.3  23.8  23.8  24.0  23.9  24.0  23.8  23.8  24.1  23.8  23.8  24.0  24.0  23.9  24.0  23.9  24.0  24.0  23.9  24.3  24.3  23.9  24.2  24.6  24.8 
 23.8  23.6  24.0  24.4  24.3  24.2  24.3  24.1  24.0  24.0  23.8  24.0  24.0  23.8  23.9  24.1  23.9  23.6  24.1  24.0  23.8  23.6  24.0  24.1  24.0  23.9  24.1  24.3  24.1  24.0  24.6  24.6 
 24.0  24.1  24.0  24.2  24.1  24.0  24.0  24.4  23.8  23.7  23.9  24.0  23.8  23.7  23.9  24.0  23.9  23.8  23.9  24.0  23.9  23.7  24.1  23.9  23.8  23.9  24.2  24.3  24.0  23.9  24.4  24.4 
 24.4  24.2  24.0  24.5  24.2  23.9  24.2  24.1  24.0  23.7  23.9  24.0  23.9  23.7  23.9  24.0  23.9  23.7  23.9  24.0  23.8  23.7  23.8  24.1  23.9  23.7  24.2  24.2  23.9  24.1  24.1  23.3 
 24.5  24.0  24.3  24.3  23.9  24.1  24.1  24.0  23.9  23.9  24.0  24.0  23.9  23.9  23.8  24.0  23.8  23.8  24.0  24.1  23.8  23.9  24.2  24.0  24.0  23.7  24.2  24.2  24.4  23.9  24.5  24.4 
 24.3  24.2  24.5  24.5  24.3  23.9  24.3  24.0  23.9  23.8  24.1  24.0  23.7  23.6  23.9  23.9  23.9  23.7  24.0  24.0  24.1  23.8  24.2  24.0  24.1  23.8  24.2  24.4  24.1  23.9  24.8  24.3 
 24.3  24.2  24.4  24.3  24.0  24.2  24.1  24.0  23.7  23.7  24.0  24.0  23.9  23.8  24.0  24.0  23.9  23.7  24.0  24.1  23.9  23.9  24.0  24.2  23.9  23.9  24.2  24.3  24.3  24.2  24.3  24.6 
 24.3  23.9  24.5  24.2  23.8  24.0  24.1  24.2  23.9  23.8  24.1  24.0  24.0  23.8  23.9  24.0  23.9  23.9  24.1  24.1  24.0  23.8  24.1 nan  24.0  23.9  24.1  24.2  24.1  24.2  24.4  24.9 
 24.3  24.0  24.3  24.4  24.1  23.9  24.3  24.3  23.7  23.8  24.0  23.9  23.8  23.9  24.0  24.0  24.0  23.8  24.0  24.1  24.1  24.0  24.3  24.4  24.1  24.2  24.6  24.5  24.5  24.4  25.0  25.5 
 24.3  24.1  24.6  24.6  24.1  24.2  24.0  24.1  23.9  23.8  24.1  24.1  23.9  23.8  24.1  24.1  23.8  23.9  24.1  24.1  24.2  23.9  24.4  24.3  24.2  24.3  24.8  24.9  25.1  24.9  25.2  25.3 
 24.3  24.4  24.3  24.6  24.2  24.0  24.1  24.2  24.0  23.9  23.9  24.1  23.9  23.8  24.0  24.0  23.8  23.9  24.2  24.2  24.4  24.9  29.8  31.1  30.7  29.9  27.5  27.3  26.6  26.4  26.3  26.1 
 24.5  24.4  24.7  24.7  24.1  23.8  24.2  24.2  24.0  23.7  24.1  24.2  23.9  23.8  24.0  23.8  23.9  23.8  24.2  24.2  25.2  28.8  45.1  47.5  44.5  39.3  30.7  29.4  27.6  27.1  26.8  26.4 
 24.3  24.5  24.5  24.4  24.0  23.8  24.2  24.3  23.9  23.9  24.0  24.1  23.9  23.9  24.0  24.0  23.9  23.9  24.2  24.4  32.0  44.5  70.5  73.8  70.0  60.7  36.2  32.8  29.0  28.5  27.6  27.2 
 24.7  24.1  24.6  24.4  24.2  24.0  24.4  24.4  24.0  23.8  23.9  24.0  24.0  23.7  24.0  24.1  24.0  23.7  24.5  24.6  34.4  48.9  75.1  77.9  71.8  61.7  37.1  33.5  29.7  28.5  27.6  27.5 
 24.5  24.7  24.8  24.5  24.4  24.4  24.3  24.5  24.0  24.0  24.1  24.1  23.8  24.0  24.1  24.0  24.1  24.1  24.2  24.5  33.5  42.5  65.1  68.2  59.1  50.3  34.9  32.4  29.4  28.7  28.0  28.1 
 24.5  24.7  24.5  24.7  24.6  24.1  24.3  24.4  24.0  23.9  24.2  24.1  23.9  23.9  24.2  23.8  24.1  24.1  24.5  24.9  31.3  36.3  51.9  54.2  47.0  42.2  33.0  31.5  28.7  28.2  27.8  28.2 
 25.0  24.9  25.0  25.0  24.2  24.2  24.4  24.5  24.1  24.1  24.3  24.4  24.1  23.9  24.2  24.4  24.0  24.1  24.6  25.5  27.2  28.9  33.0  34.0  33.7  32.7  30.9  30.0  28.0  27.8  28.6  29.3 
 25.2  25.0  24.9  24.8  24.6  24.2  24.6  24.7  24.0  24.1  24.4  24.4  23.9  23.9  24.0  24.3  24.1  24.0  25.0  25.5  26.1  26.8  30.0  30.7  31.2  30.9  29.8  29.4  27.9  27.7  29.2  30.1 
 25.8  25.5  25.0  25.1  24.4  24.5  24.6  24.4  24.0  24.3  24.1  24.5  24.1  24.1  24.4  24.3  24.2  24.2  25.2  25.3  25.5  25.9  27.7  28.2  28.7  28.7  28.7  28.5  27.5  28.2  30.9  32.8 
 25.6  25.2  24.8  25.3  24.7  24.4  24.5  24.7  24.3  24.1  24.3  24.7  24.4  24.1  24.3  24.5  24.4  24.2  25.2  25.1  25.1  25.4  27.3  27.7  28.0  28.0  28.0  28.4  28.0  28.4  31.7  33.1 
