 24.7  23.4  23.6  23.7  24.2  23.8  24.3  24.2  24.3  23.7  24.2  24.0  24.2  23.8  23.9  24.0  24.1  23.8  24.2  23.9  23.9  23.9  24.2  24.2  24.4  23.9  24.5  24.3  24.7  24.1  25.5  26.3 
 24.1  23.8  24.0  24.2  23.9  24.1  24.2  24.7  23.9  24.2  24.0  24.1  23.8  23.8  23.7  24.2  23.6  24.0  24.1  24.2  24.0  24.1  24.0  24.2  23.7  24.4  24.2  24.4  24.3  24.4  25.3  25.6 
 24.7  23.6  24.4  24.2  24.6  23.9  24.2  24.0  24.1  23.6  24.0  23.9  24.1  23.7  24.1  24.0  24.0  23.7  23.9  23.9  24.0  23.9  24.0  24.2  24.5  23.9  24.2  24.6  24.9  24.0  24.9  25.0 
 23.5  24.0  23.9  24.3  24.1  24.2  24.1  24.2  23.8  23.7  24.1  23.9  23.6  24.0  23.8  24.0  23.7  23.8  23.9  24.0  23.9  24.1  24.1  24.3  24.0  24.1  24.4  24.3  24.3  24.4  24.8  24.9 
 24.4  24.1  24.3  24.2  24.6  24.0  24.1  24.1  24.4  23.5  23.7  24.0  24.0  23.6  23.8  23.9  24.1  23.7  24.1  24.1  24.0  23.7  24.0  23.8  24.2  23.6  24.5  24.1  24.3  24.1  24.6  24.6 
 23.6  24.0  23.8  24.6  24.0  24.4  24.3  24.2  24.1  24.1  23.9  24.1  23.8  23.9  23.8  23.8  23.7  24.0  23.9  24.0  23.8  23.8  24.0  23.9  23.9  24.0  24.2  24.4  24.1  24.3  24.5  24.7 
 24.4  23.9  24.2  24.3  24.3  24.1  24.2  24.2  24.1  23.6  24.0  24.0  24.0  23.8  23.9  24.0  23.9  23.8  24.0  24.0  24.1  23.8  24.1  23.9  23.9  23.8  24.0  24.2  24.6  23.7  24.7  24.4 
 24.2  24.6  24.1  24.4  24.2  24.2  24.2  24.1  23.9  23.8  23.9  24.0  23.8  24.0  23.9  24.1  23.8  23.9  23.9  23.9  23.7  24.1  24.0  23.9  23.8  24.2  24.2  24.2  24.1  24.4  23.9  23.9 
 24.8  23.8  24.4  24.2  24.5  23.8  24.1  24.2  24.0  23.5  23.8  24.2  24.1  23.7  24.1  24.0  23.9  23.7  24.0  24.0  24.2  23.7  24.1  24.0  24.1  23.8  24.4  24.2  24.5  24.1  24.4  24.2 
 24.4  24.3  24.2  24.5  24.3  24.2  23.9  24.3  23.9  24.1  23.8  24.0  23.9  23.8  23.9  24.0  23.6  23.8  23.9  24.1  23.9  24.1  24.0  24.2  24.0  24.0  24.1  24.3  24.1  24.2  24.4  24.6 
 24.9  24.0  24.5  24.4  24.4  23.9  24.1  24.1  24.1  23.6  24.1  24.1  24.2  23.5  24.0  23.8  24.1  23.8  24.0  24.0  24.2  23.9  24.1  24.2  24.3  23.9  24.2  24.3  24.3  24.0  24.6  24.2 
 24.3  24.6  24.3  24.4  23.9  24.2  23.9  24.2  23.7  23.7  24.0  24.1  24.0  23.9  23.9  24.0  23.8  24.1  23.8  24.1  23.8  24.1  24.2 nan  24.0  23.8  24.2  24.3  24.3  24.4  24.5  24.7 
 24.8  24.1  24.3  24.2  24.2  23.8  24.2  24.1  24.1  23.7  23.9  24.0  24.0  23.8  24.1  24.1  24.2  23.8  24.1  24.0  24.3  23.8  24.4  24.2  24.4  24.0  24.7  24.6  24.8  24.3  25.1  25.1 
 24.3  24.6  24.5  24.8  24.0  24.3  24.2  24.2  23.7  23.8  24.0  24.2  23.8  24.0  24.1  24.0  23.9  24.0  24.0  24.1  24.1  24.1  24.5  24.4  24.3  24.6  24.6  25.0  25.1  25.0  25.3  25.4 
 24.5  24.1  24.5  24.4  24.5  24.0  24.2  24.1  24.2  23.8  24.2  24.1  24.0  23.8  24.0  23.9  24.1  23.8  24.1  24.1  24.5  24.6  29.8  30.9  31.1  29.7  27.4  26.9  26.9  26.2  26.4  26.2 
 24.3  24.6  24.4  24.3  24.1  24.2  24.1  24.3  23.9  24.1  24.0  24.1  23.9  24.1  23.9  24.0  23.9  23.9  24.1  24.2  25.2  29.0  45.0  47.6  44.3  39.5  30.7  29.3  27.5  27.3  26.6  26.6 
 24.9  24.3  24.7  24.2  24.6  23.9  24.4  24.1  24.3  23.8  24.1  24.0  24.0  23.7  24.0  23.9  24.1  23.7  24.3  24.2  32.4  44.6  70.5  73.7  70.0  60.6  36.3  32.7  29.4  28.2  27.7  26.8 
 24.4  24.6  24.6  24.5  24.2  24.2  24.3  24.3  23.9  24.1  24.0  24.1  23.9  24.0  24.1  24.2  23.9  23.9  24.3  24.5  34.4  49.0  75.0  77.8  71.7  61.8  37.0  33.4  29.3  28.9  27.6  27.5 
 25.1  24.3  24.9  24.6  24.6  24.1  24.5  24.2  24.3  23.8  24.2  24.1  24.1  23.9  24.3  24.1  24.4  24.0  24.5  24.7  33.7  42.5  65.2  68.0  59.4  50.1  34.9  32.5  29.5  28.2  27.8  27.5 
 24.5  24.9  24.6  24.9  24.2  24.4  24.2  24.3  23.8  24.1  23.9  24.3  24.1  24.0  24.2  24.3  24.0  24.2  24.4  25.1  31.3  36.5  51.9  54.1  47.0  42.2  32.8  31.5  28.6  28.5  27.7  28.6 
 25.4  24.3  25.3  24.6  24.7  24.2  24.4  24.4  24.4  23.8  24.3  24.2  24.1  24.0  24.3  24.2  24.1  23.9  24.6  25.5  27.5  28.6  33.3  34.2  33.9  32.5  30.8  30.1  28.5  27.4  28.4  29.5 
 24.5  25.5  25.1  24.7  24.3  24.7  24.4  24.5  23.8  24.4  24.2  24.3  24.0  24.3  24.2  24.3  24.0  24.2  24.9  25.3  26.0  26.9  29.9  30.8  31.1  31.4  29.6  29.5  28.0  27.8  28.9  30.6 
 26.5  25.0  25.3  24.9  24.8  24.3  24.7  24.4  24.8  24.0  24.5  24.3  24.4  23.9  24.3  24.3  24.5  24.1  25.2  25.3  25.7  25.6  27.6  28.1  28.9  28.3  28.8  28.3  28.0  27.9  30.8  32.3 
 25.5  25.9  25.0  25.3  24.3  25.0  24.4  24.8  24.4  24.4  24.2  24.4  23.9  24.2  24.3  24.5  24.1  24.3  25.1  25.1  25.2  25.7  27.1  27.8  27.7  28.0  28.3  28.2  27.9  29.1  31.7  33.0 
