 24.3  23.5  24.0  23.7  23.2  23.1  22.9  22.7  22.6  22.6  23.1  23.1  22.7  22.3  22.9  22.8  22.8  22.5  23.0  23.1  22.6  22.9  23.0  23.2  24.7  25.5  28.0  28.8  30.0  29.8  30.4  30.5 
 23.6  23.5  23.8  23.7  23.0  22.9  22.9  23.0  22.7  22.8  22.8  23.2  22.4  22.6  22.9  22.9  22.5  22.5  23.0  22.9  22.8  22.9  23.3  23.2  23.4  24.2  27.2  28.4  29.4  29.7  31.1  30.8 
 23.8  23.3  23.6  23.4  23.2  22.4  23.1  23.0  22.9  22.8  22.9  22.8  22.6  22.6  23.0  22.9  22.7  22.6  22.7  22.8  22.9  22.7  23.1  23.1  24.1  25.1  28.7  30.0  30.8  29.9  29.9  29.9 
 23.3  23.3  23.3  23.4  22.8  22.6  23.3  23.2  22.9  22.7  23.2  22.9  22.5  22.6  22.7  22.8  23.0  22.7  23.0  22.8  22.6  22.8  23.1  23.1  25.0  26.2  29.5  30.3  31.2  31.0  31.0  30.4 
 23.4  23.2  23.4  23.3  23.0  22.9  23.0  23.1  23.2  23.2  23.0  23.0  22.7  22.4  22.9  22.8  22.6  22.6  22.9  22.8  22.8  22.8  23.1  23.9  26.7  27.7  30.6  31.2  31.5  31.5  31.9  30.6 
 23.2  23.3  23.3  23.2  22.7  22.9  23.2  23.3  23.6  24.0  23.2  23.0  22.6  22.6  22.7  22.7  22.7  22.6  22.9  22.8  22.6  22.7  23.4  23.9  26.7  27.7  30.8  31.4  31.5  31.9  31.2  30.2 
 23.0  22.8  23.2  23.3  22.9  22.7  23.1  23.4  25.6  26.7  24.3  23.3  22.8  22.6  22.8  22.8  22.6  22.6  23.0  22.7  22.7  22.6  23.3  23.7  26.8  28.5  30.7  31.1  31.7  31.6  28.8  27.3 
 23.3  23.0  23.0  23.3  22.8  22.9  23.5  23.6  26.1  27.9  24.8  23.2  22.6  22.7  22.7  22.6  22.7  22.5  22.8  22.9  22.6  22.8  23.3  23.3  26.7  28.6  31.1  31.2  31.3  31.3  27.6  26.0 
 23.6  22.9  23.5  23.3  22.9  22.8  23.3  23.2  23.5  23.5  23.3  22.9  22.7  22.4  22.7  22.9  22.8  22.6  22.9  23.0  22.7  22.6  23.0  23.1  25.4  27.4  30.1  30.2  30.0  28.9  25.7  25.4 
 23.6  23.5  23.7  23.2  23.0  22.8  23.1  23.0  23.1  22.9  23.0  22.9  22.7  22.5  22.8  22.9  22.6  22.8  22.9  22.9  22.8  22.7  23.1  23.1  24.1  25.3  28.3  28.9  28.6  28.0  25.6  25.3 
 23.8  23.5  23.8  23.7  23.5  23.4  23.1  23.0  23.0  22.7  22.9  23.0  22.7  22.6  22.9  22.8  22.9  22.8  22.8  22.7  22.8  22.8  23.0  23.0  22.9  22.8  23.8  24.3  24.8  24.6  24.9  24.4 
 23.7  23.7  24.0  24.1  23.8  23.8  23.5  23.3  22.9  22.9  22.9  22.8  22.7  22.8  22.8  22.7  22.7  22.7  23.0  22.9  22.6  22.7  22.9 nan  22.7  22.9  24.5  25.4  24.6  24.1  24.2  24.4 
 24.3  24.4  25.0  25.4  26.2  26.6  29.2  29.5  27.8  26.2  23.3  23.0  22.7  22.6  23.0  22.7  22.7  22.7  22.9  22.7  22.8  22.6  23.1  23.1  23.1  23.0  24.7  25.5  24.1  23.5  24.0  24.1 
 24.4  24.9  25.9  26.1  27.5  28.8  36.6  42.2  44.7  39.4  24.1  23.3  22.7  22.8  22.9  22.8  22.7  22.6  22.8  22.8  22.7  22.6  23.0  22.9  23.0  22.9  23.7  23.8  23.6  23.6  23.9  23.6 
 25.4  25.2  26.5  27.2  30.0  32.5  51.3  60.0  70.7  67.3  34.4  25.8  23.0  22.7  22.7  22.8  22.9  22.5  22.9  23.0  22.8  22.6  23.0  22.9  22.9  22.9  23.2  23.6  23.5  23.5  23.9  24.0 
 25.1  25.7  26.9  27.5  30.2  33.3  51.9  60.5  75.8  75.6  38.9  26.6  22.9  22.9  22.9  22.7  22.6  22.7  22.8  22.8  22.7  22.5  23.2  23.1  23.0  22.9  23.4  23.6  23.3  23.5  23.9  23.9 
 25.6  25.5  26.9  27.1  29.7  31.9  45.4  55.0  78.3  78.3  34.1  25.4  23.0  22.7  23.1  23.1  22.9  22.7  23.1  23.0  23.1  22.6  23.1  23.0  23.2  22.9  23.4  23.4  23.2  23.2  24.1  24.1 
 25.3  25.6  26.4  26.8  28.6  30.1  38.8  44.9  60.9  58.3  28.2  24.3  23.0  22.9  23.0  23.2  22.7  22.7  23.0  23.2  22.8  22.9  23.1  23.1  23.0  23.0  23.6  23.6  23.3  23.3  24.1  24.0 
 25.6  25.5  26.5  26.7  27.1  27.3  29.5  30.8  32.3  30.2  24.4  23.7  22.9  22.9  23.1  23.2  22.9  22.8  23.1  23.2  23.0  22.9  23.3  23.2  23.2  23.1  23.5  23.7  23.4  23.4  23.8  24.5 
 25.3  25.7  26.3  26.4  26.3  26.7  27.9  28.3  27.9  27.2  24.1  23.6  23.0  23.0  23.2  23.2  22.8  22.9  23.2  23.1  23.0  22.8  23.2  23.4  23.0  23.1  23.6  23.2  23.2  23.6  24.2  24.7 
 25.7  25.4  26.3  26.0  25.9  25.9  26.3  26.1  25.8  25.1  23.9  23.6  23.3  22.8  23.2  23.4  22.8  22.9  23.1  23.1  23.0  22.8  23.5  23.4  23.3  22.9  23.7  23.7  23.7  23.9  24.7  25.4 
 25.4  25.6  25.6  25.7  25.6  25.5  25.8  25.8  25.1  24.7  24.0  23.9  23.0  23.1  23.3  23.3  22.9  22.8  23.2  23.4  23.2  23.0  23.3  23.5  23.2  23.2  23.5  23.6  24.0  24.2  25.0  25.6 
 26.3  25.8  25.7  25.7  25.2  25.1  25.4  25.1  24.7  24.2  23.8  23.7  23.4  23.0  23.4  23.5  23.3  22.8  23.3  23.3  23.3  22.9  23.7  23.6  23.5  23.4  24.7  24.7  24.7  24.7  26.2  27.0 
 27.1  26.5  25.6  25.9  25.3  25.0  24.8  25.0  24.2  24.2  23.8  23.8  23.1  23.3  23.5  23.5  22.9  23.0  23.3  23.5  23.4  23.4  23.8  23.8  23.6  24.1  25.0  25.5  25.2  25.2  27.0  27.9 
