 24.8  23.7  24.0  23.5  24.0  24.1  24.2  24.4  24.0  23.7  24.1  24.0  23.9  23.8  24.0  23.9  23.8  23.8  23.9  24.0  23.9  23.8  24.0  24.2  24.1  24.0  24.7  24.2  24.6  24.4  25.3  25.7 
 23.9  23.5  23.8  24.1  24.0  24.3  24.2  24.2  23.9  23.8  24.0  24.1  23.8  23.8  24.0  23.9  23.8  23.7  24.1  24.4  23.9  24.0  24.0  24.4  24.0  24.1  24.2  24.3  24.2  24.1  25.3  25.7 
 23.9  23.8  24.2  23.9  24.3  24.1  24.3  24.0  23.8  23.6  24.0  24.1  23.8  23.6  24.0  23.8  23.8  23.5  23.9  23.9  23.9  23.9  24.2  24.1  23.9  23.9  24.4  24.2  24.3  24.0  24.6  24.9 
 23.6  23.7  24.1  24.3  24.4  24.0  24.1  24.4  23.9  23.6  24.1  23.9  23.7  23.7  23.8  24.0  23.9  23.8  23.9  24.0  23.7  23.8  24.0  24.2  24.1  23.7  24.4  24.5  24.0  24.1  24.7  25.1 
 24.1  24.1  24.1  24.4  24.2  24.0  24.3  24.0  23.9  23.8  23.8  23.9  23.7  23.7  23.9  23.8  23.7  23.7  23.9  23.9  23.8  23.8  23.9  24.2  24.0  23.9  24.2  24.3  24.1  23.9  24.5  24.5 
 23.8  23.9  24.2  24.1  24.1  24.4  24.2  24.2  23.9  23.8  23.8  23.8  23.6  23.8  23.8  24.0  23.8  23.7  23.8  24.0  23.8  23.5  24.0  24.0  23.8  23.8  24.1  24.2  24.1  24.2  24.2  24.4 
 24.0  23.8  24.3  24.2  24.1  24.2  24.1  24.1  23.8  23.6  24.1  23.9  23.8  23.6  23.8  23.9  23.8  23.8  24.0  24.0  23.8  23.8  24.1  24.0  23.9  23.7  24.1  24.3  24.2  23.8  24.6  24.3 
 23.9  23.9  24.1  24.5  24.0  23.8  24.0  24.0  23.8  23.8  23.9  24.1  23.6  23.7  23.8  23.9  23.8  23.7  23.8  23.9  23.7  23.8  23.9  24.1  23.9  23.9  24.1  24.3  23.9  24.1  24.3  23.4 
 24.3  24.0  24.2  24.2  24.1  24.0  24.2  24.0  23.9  23.8  24.1  23.8  23.8  23.7  23.9  23.9  23.8  23.8  24.0  24.0  23.9  23.7  24.1  24.0  23.8  23.9  24.2  24.1  23.9  24.0  24.3  24.2 
 24.3  23.9  24.3  24.5  24.1  24.1  24.1  24.0  23.9  23.6  23.9  24.1  23.6  23.7  23.8  24.0  23.9  23.7  23.9  23.9  24.0  23.8  24.0  24.2  23.9  24.0  24.2  24.3  24.0  24.2  24.5  24.7 
 24.2  24.4  24.3  24.1  24.0  24.1  23.9  23.9  23.9  23.8  23.9  23.8  23.9  23.7  24.0  23.9  23.8  23.7  24.0  23.8  24.0  23.8  24.2  23.9  24.0  24.0  24.2  24.1  24.2  24.1  24.6  24.6 
 24.0  24.3  24.2  24.4  24.0  23.9  24.1  24.2  23.8  23.8  24.0  24.0  23.8  23.8  24.0  24.0  23.8  23.8  24.0  24.0  23.9  23.9  24.1 nan  24.0  23.9  24.1  24.5  24.1  24.0  24.4  25.0 
 24.3  24.0  24.3  24.5  24.1  23.9  24.1  24.1  23.9  23.8  23.8  24.0  24.0  23.7  24.0  23.9  23.9  23.7  24.1  24.0  24.0  23.9  24.1  24.1  24.2  24.1  24.3  24.6  24.4  24.3  25.1  25.0 
 24.3  24.2  24.4  24.4  24.1  24.1  24.1  24.2  23.8  23.7  24.0  24.0  23.9  23.9  24.1  24.0  23.9  23.9  23.9  24.3  24.2  24.0  24.2  24.3  24.3  24.3  24.7  24.9  25.0  24.8  25.2  25.3 
 24.0  24.5  24.4  24.4  24.1  23.9  24.2  24.0  24.1  23.7  23.9  24.0  23.9  23.7  23.9  23.9  23.9  23.8  24.1  24.2  24.3  24.8  29.6  30.9  30.7  29.9  27.5  27.2  26.4  26.1  26.2  26.1 
 24.4  24.2  24.5  24.3  24.0  23.9  24.1  24.1  23.8  23.8  23.9  24.1  23.8  23.9  23.7  24.1  23.8  23.8  24.0  24.3  25.1  28.9  45.1  47.5  44.5  39.2  30.5  29.2  27.4  27.1  26.9  26.8 
 24.5  24.3  24.6  24.2  24.1  23.7  24.3  24.2  24.0  23.7  23.9  24.0  23.9  23.8  24.1  23.8  23.9  23.9  24.2  24.4  32.2  44.7  70.6  73.6  69.9  60.7  36.4  32.7  29.0  28.4  27.6  27.1 
 24.4  24.3  24.4  24.6  24.0  23.9  24.4  24.3  23.9  23.7  24.0  24.1  23.8  23.8  24.0  23.9  23.9  23.8  24.3  24.4  34.5  48.9  75.1  77.8  71.6  61.7  36.8  33.6  29.6  28.7  27.5  27.3 
 24.9  24.4  24.5  24.6  24.6  24.0  24.4  24.5  24.2  24.0  24.1  24.0  23.9  23.8  24.2  24.3  24.2  23.9  24.2  24.5  33.4  42.6  65.1  67.8  59.2  50.1  34.8  32.4  29.1  28.3  27.8  27.8 
 24.5  24.5  24.5  24.7  24.2  24.0  24.4  24.5  24.2  24.0  23.9  24.1  23.9  23.9  24.0  24.0  24.1  23.9  24.4  24.9  31.4  36.5  51.8  54.2  47.0  42.0  32.9  31.4  28.5  27.9  27.8  28.2 
 25.0  24.6  24.9  24.8  24.5  24.1  24.5  24.3  24.2  24.0  24.3  24.2  23.9  24.0  24.1  24.2  24.0  24.1  24.6  25.4  27.1  28.5  33.0  34.0  33.7  32.5  30.6  29.7  28.1  27.5  28.2  29.8 
 25.0  24.6  24.9  24.8  24.2  24.5  24.6  24.4  24.0  24.0  24.2  24.3  23.8  23.8  24.3  24.3  23.9  24.1  24.9  25.5  26.2  26.9  29.7  30.7  31.2  30.8  29.8  29.4  27.7  27.7  29.2  30.1 
 26.1  25.1  24.8  25.0  24.7  24.2  24.6  24.3  24.4  24.1  24.4  24.4  24.2  24.0  24.3  24.3  24.2  24.1  25.3  25.0  25.4  25.3  27.7  28.1  28.9  28.5  28.8  28.3  27.6  27.6  30.9  31.5 
 25.9  25.2  24.8  25.2  24.5  24.6  24.7  24.9  24.2  24.2  24.2  24.3  24.2  24.0  24.3  24.3  24.2  24.2  24.9  25.0  25.2  25.5  27.1  27.6  27.9  27.9  28.0  28.2  27.8  28.4  31.7  32.6 
