 24.8  23.7  23.8  23.7  24.0  24.0  24.4  24.3  24.1  23.8  24.0  24.1  23.9  23.8  24.2  24.2  24.0  23.8  24.0  24.1  24.1  23.9  23.9  24.3  24.1  24.1  24.5  24.7  24.8  24.6  25.5  26.0 
 24.1  23.5  24.0  24.1  24.4  24.2  24.2  24.2  24.2  24.0  24.0  24.0  23.8  23.8  24.1  23.9  23.9  23.7  24.2  24.0  24.2  23.9  24.2  24.3  24.2  24.2  24.4  24.5  24.4  24.3  25.1  25.4 
 23.7  23.7  24.0  24.1  24.3  24.0  24.2  24.3  24.0  23.8  23.9  24.0  23.8  23.9  24.0  24.0  24.0  23.9  23.7  24.1  23.8  23.9  23.8  24.1  24.1  24.0  24.3  24.3  24.3  24.2  24.7  24.9 
 23.6  23.7  24.1  24.2  24.1  24.0  24.2  24.3  24.2  23.7  24.1  24.0  23.8  23.6  23.9  23.9  23.9  23.9  23.9  24.0  24.0  23.7  24.6  23.9  23.8  24.0  24.4  24.4  24.3  24.3  24.7  24.9 
 24.1  24.1  24.0  24.5  24.4  24.2  24.2  24.2  24.1  23.7  23.8  23.9  23.8  23.7  23.9  24.0  23.9  23.7  23.9  23.9  24.0  23.7  24.0  24.1  24.1  24.1  24.3  24.5  24.4  24.3  24.5  24.5 
 24.3  23.9  24.2  24.3  24.1  24.2  24.3  24.2  24.0  23.9  23.8  23.9  23.8  23.7  23.9  23.8  24.0  23.6  23.9  23.9  23.9  23.7  24.0  23.7  24.1  23.8  24.1  24.1  24.1  24.3  24.4  24.4 
 24.1  24.0  24.1  24.2  24.4  24.2  24.1  24.1  23.8  23.9  23.8  24.1  23.7  23.9  23.8  24.0  23.7  23.7  23.8  23.9  23.9  23.9  23.9  24.1  24.0  23.9  24.2  24.5  24.2  24.1  24.3  24.3 
 24.2  24.0  24.3  24.4  24.4  24.0  24.2  23.9  23.9  24.0  24.1  24.0  23.9  23.7  23.9  23.8  23.9  23.7  23.7  23.9  23.9  23.7  24.0  24.0  23.9  23.9  24.2  24.2  24.3  24.2  24.2  23.8 
 24.6  24.0  24.2  24.5  24.0  24.1  24.0  24.0  23.9  23.8  24.0  24.0  23.9  23.6  23.9  24.0  23.8  23.8  23.8  24.0  23.8  23.7  24.0  24.0  24.0  24.0  24.2  24.3  24.0  24.0  24.3  24.1 
 24.4  24.5  24.3  24.3  24.3  24.1  24.2  24.1  23.8  23.8  24.0  24.1  23.8  23.6  23.9  23.8  23.7  23.8  24.1  24.0  23.9  23.8  24.2  24.1  24.2  24.0  24.3  24.3  24.1  24.0  24.5  24.4 
 24.5  24.2  24.5  24.2  24.1  24.1  24.1  24.1  23.9  23.9  23.8  23.9  23.8  23.9  23.9  24.0  23.9  23.8  23.9  23.9  24.0  24.0  24.2  24.1  23.8  23.9  23.9  24.3  24.5  24.5  24.3  24.6 
 24.5  24.3  24.2  24.3  24.1  24.2  24.0  24.1  23.9  23.8  24.1  23.9  24.0  23.7  24.0  24.0  23.8  23.9  23.9  23.9  24.0  24.0  24.2 nan  24.1  24.1  24.1  24.1  24.3  24.1  24.7  24.4 
 24.6  24.2  24.3  24.1  24.1  24.1  24.1  24.2  24.0  23.9  23.8  24.0  23.8  23.7  23.9  23.8  24.1  23.9  24.0  24.1  24.2  23.9  24.2  24.3  24.2  24.4  24.5  24.6  24.4  24.5  25.0  25.2 
 24.3  24.4  24.5  24.6  24.0  24.0  24.1  24.1  23.9  23.7  24.0  24.1  24.0  23.9  24.1  24.1  23.9  23.9  24.1  23.9  24.2  23.9  24.4  24.5  24.4  24.5  24.8  24.9  25.1  25.0  25.3  25.2 
 24.3  24.3  24.3  24.4  24.3  24.1  24.1  24.2  24.0  23.9  23.9  24.2  23.9  23.8  23.9  24.0  24.1  23.9  24.2  24.2  24.4  24.7  29.7  31.0  30.7  30.0  27.2  27.3  26.8  26.2  26.3  26.1 
 24.4  24.5  24.4  24.2  24.2  23.9  24.0  24.0  23.8  23.9  24.1  24.0  23.9  24.0  24.0  24.0  23.9  23.9  24.1  24.1  25.4  28.7  45.1  47.4  44.6  39.3  30.9  29.1  27.7  27.2  26.5  26.4 
 24.5  24.3  24.5  24.3  24.3  24.1  24.0  24.4  24.1  23.8  24.0  24.0  23.8  23.9  24.2  24.0  23.9  23.9  24.3  24.4  31.9  44.7  70.4  73.6  70.0  60.7  36.1  32.8  29.2  28.4  27.5  27.2 
 24.3  24.3  24.7  24.5  24.4  23.9  24.4  24.3  24.0  23.9  24.1  24.0  23.9  23.9  24.0  24.1  24.1  23.9  24.3  24.5  34.6  48.8  74.9  77.6  71.9  61.6  37.0  33.2  29.5  28.5  27.7  27.2 
 25.0  24.7  24.8  24.8  24.4  24.4  24.2  24.4  24.3  23.8  24.2  24.0  23.9  24.1  24.2  24.1  24.3  24.1  24.2  24.6  33.5  42.7  64.9  67.9  59.2  50.2  34.7  32.4  29.4  28.5  27.8  28.1 
 24.7  24.7  24.7  24.7  24.5  24.1  24.6  24.1  23.9  24.1  24.2  24.0  24.0  24.0  24.1  24.1  24.1  24.0  24.6  24.8  31.4  36.4  52.0  54.1  47.1  42.0  32.9  31.4  29.0  28.4  28.1  28.0 
 25.0  24.6  24.9  24.8  24.4  24.3  24.2  24.2  24.2  24.1  24.1  24.2  24.2  24.1  24.2  24.1  24.0  24.1  24.6  25.4  27.2  28.5  33.1  34.2  33.7  32.7  30.9  30.1  28.2  27.6  28.2  29.3 
 25.2  25.2  24.8  24.6  24.3  24.3  24.2  24.4  24.1  24.0  24.2  24.2  24.0  24.1  24.3  24.1  24.1  23.9  24.8  25.5  26.1  26.9  30.0  30.7  31.4  31.1  29.8  29.0  27.9  27.7  29.0  30.4 
 25.8  25.3  24.8  25.1  24.7  24.2  24.4  24.3  24.2  24.1  24.3  24.4  24.2  24.2  24.3  24.2  24.3  24.0  25.3  25.3  25.6  25.7  27.4  28.3  29.0  28.7  28.6  28.5  27.7  28.2  30.8  32.4 
 26.2  25.4  25.0  25.0  24.7  24.7  24.7  24.7  24.4  24.2  24.3  24.5  24.3  24.2  24.2  24.2  24.1  24.1  25.2  25.1  25.2  25.5  27.3  27.3  28.1  28.0  28.2  28.4  28.0  28.6  31.7  33.1 
