 24.5  24.0  23.4  23.7  24.1  24.1  24.2  24.6  24.0  23.8  24.2  24.2  24.1  24.0  23.7  24.2  23.9  23.9  24.0  24.2  24.2  23.9  24.0  24.4  24.2  24.2  24.3  24.5  24.7  24.5  25.1  26.1 
 24.1  23.8  24.3  23.9  24.3  24.3  24.5  24.3  24.0  24.1  24.2  24.3  23.9  23.9  24.1  24.0  23.9  23.8  24.3  24.2  24.3  24.0  24.3  23.9  24.0  24.2  24.7  24.5  24.5  24.4  25.5  25.2 
 23.8  23.6  24.0  24.2  24.2  24.1  24.2  24.4  24.0  24.0  23.9  24.1  23.8  23.9  23.9  24.1  24.0  23.8  23.9  24.1  23.9  23.8  23.9  24.4  24.2  24.0  24.3  24.4  24.6  24.5  24.5  25.0 
 23.5  23.7  24.2  24.3  24.3  24.2  24.4  24.2  24.1  23.9  24.1  24.0  23.9  23.7  24.0  23.9  24.0  23.8  24.4  23.8  23.9  23.8  24.3  24.2  24.0  24.1  24.7  24.4  24.3  24.3  25.0  24.9 
 24.4  24.1  24.1  24.3  24.4  24.4  23.9  24.3  23.9  23.8  23.8  24.0  24.0  23.8  23.9  24.0  23.8  23.7  23.9  24.0  24.0  23.8  23.9  24.2  24.0  23.9  24.2  24.3  24.2  24.2  24.3  25.1 
 23.9  23.9  24.4  24.4  24.1  24.2  24.4  24.2  24.0  23.9  24.0  23.9  23.8  23.8  24.0  24.0  24.0  23.9  24.0  24.0  23.9  23.9  24.2  24.1  24.1  23.9  24.2  24.2  24.1  24.0  24.7  24.7 
 23.9  23.9  24.1  24.4  24.3  24.2  23.9  24.3  23.9  23.8  23.9  24.2  24.0  23.8  23.8  23.9  23.9  23.9  24.0  24.1  24.2  23.9  23.7  24.2  24.0  23.8  24.0  24.3  24.3  24.1  24.2  24.6 
 24.2  23.8  24.2  24.5  24.5  23.9  24.2  24.0  24.1  23.8  24.0  23.9  23.9  23.9  24.1  23.9  24.0  23.9  24.0  23.9  24.1  23.7  24.1  24.1  24.1  23.8  24.4  24.4  24.2  24.1  24.3  23.7 
 24.4  24.0  24.4  24.5  24.1  24.1  24.0  24.3  23.9  23.9  23.9  24.3  23.9  23.8  24.0  24.1  23.9  23.8  24.0  24.1  24.1  23.9  23.9  24.1  24.1  24.1  24.2  24.1  24.2  24.2  24.1  24.7 
 24.7  24.2  24.6  24.5  24.3  24.1  24.3  24.0  23.9  23.9  24.0  24.0  23.9  23.9  24.0  23.9  23.8  23.8  24.1  23.9  24.0  23.9  24.3  24.1  24.2  24.0  24.3  24.1  24.1  24.0  24.8  24.3 
 24.4  24.5  24.3  24.6  24.3  23.9  24.0  24.3  23.9  23.8  23.9  24.1  24.0  23.8  23.9  24.0  23.9  23.9  24.0  24.2  24.0  24.0  24.1  24.2  24.1  24.0  24.1  24.3  24.3  24.1  24.4  24.6 
 24.1  24.2  24.4  24.2  24.2  24.2  24.2  24.2  24.1  23.8  24.3  24.1  24.0  23.9  24.1  24.0  24.0  23.8  24.1  24.1  24.1  24.0  24.3 nan  24.1  23.9  24.1  24.4  24.3  24.1  24.6  25.0 
 24.7  24.3  23.9  24.5  24.2  24.0  24.1  24.3  23.9  23.8  23.9  24.1  24.0  24.0  24.1  24.2  24.1  23.9  24.1  24.2  24.1  24.2  24.1  24.5  24.2  24.4  24.5  24.8  24.5  24.4  24.8  25.2 
 24.6  24.5  24.6  24.4  24.2  24.2  24.4  24.0  24.0  23.8  24.0  24.0  23.9  24.0  24.2  24.1  23.9  23.9  24.2  24.2  24.2  24.1  24.5  24.3  24.5  24.3  24.8  24.9  25.1  24.9  25.1  25.3 
 24.6  24.3  24.1  24.5  24.2  24.0  24.1  24.1  24.1  23.8  24.0  24.1  24.0  23.9  24.2  24.2  24.0  23.8  24.0  24.3  24.6  24.9  29.5  31.1  31.0  29.8  27.5  27.4  26.6  26.4  26.1  26.4 
 24.4  24.1  24.7  24.5  24.1  24.0  24.4  24.0  24.1  24.0  24.2  24.1  23.9  23.8  24.2  24.0  24.1  24.0  24.3  24.2  25.1  28.9  45.2  47.6  44.6  39.5  31.0  29.3  27.6  27.1  26.6  26.4 
 24.4  24.5  24.3  24.4  24.3  24.1  24.2  24.3  24.1  24.0  24.1  24.3  23.8  23.9  23.9  24.3  24.0  23.8  24.2  24.4  32.0  44.6  70.5  73.7  70.0  60.8  36.2  32.7  29.3  28.5  27.3  27.5 
 24.6  24.6  25.1  24.6  24.1  24.1  24.7  24.3  24.2  23.9  24.1  24.1  24.0  24.0  24.3  24.0  24.1  24.0  24.4  24.5  34.6  49.0  75.1  77.6  71.7  61.7  37.0  33.5  29.6  28.6  27.8  27.3 
 24.8  24.7  24.8  24.7  24.4  24.3  24.4  24.6  24.3  24.1  24.1  24.2  24.0  24.0  24.0  24.4  24.1  24.1  24.1  24.8  33.4  42.6  65.1  68.0  59.2  50.4  34.5  32.4  29.4  28.6  27.6  28.3 
 24.8  24.6  24.8  24.6  24.6  24.2  24.4  24.2  24.2  24.0  24.3  24.2  24.0  24.1  24.3  24.1  24.0  24.0  24.7  24.9  31.4  36.4  52.0  54.1  47.0  42.0  33.0  31.2  28.8  28.2  28.1  28.4 
 25.2  24.9  24.8  25.0  24.5  24.2  24.3  24.5  24.2  24.3  24.2  24.3  24.2  24.0  24.1  24.5  24.1  24.0  24.5  25.6  27.2  28.8  33.0  34.2  33.8  32.7  30.8  30.1  28.2  27.6  28.1  29.7 
 25.1  24.8  25.2  24.9  24.6  24.4  24.6  24.4  24.1  24.1  24.5  24.3  24.1  24.1  24.0  24.2  24.2  24.1  24.9  25.5  26.2  26.9  30.0  30.7  31.4  31.1  29.9  29.6  28.2  28.0  29.1  30.0 
 25.7  25.7  24.6  25.1  24.7  24.5  24.4  24.7  24.4  24.2  24.0  24.6  24.4  24.3  24.2  24.5  24.4  24.1  25.1  25.3  25.4  25.7  27.7  28.5  28.9  28.4  28.6  28.5  28.2  28.1  30.6  32.1 
 26.1  25.3  25.3  24.8  25.0  24.6  24.7  24.7  24.5  24.5  24.7  24.5  24.4  24.1  24.7  24.3  24.4  24.3  25.2  25.2  25.5  25.7  27.3  27.6  27.9  27.9  28.3  28.0  28.1  28.8  32.3  31.4 
