 24.3  24.1  23.5  23.9  24.0  24.0  24.4  24.3  23.7  24.0  24.1  24.3  23.8  23.8  23.7  23.9  23.8  23.8  23.9  24.1  23.9  23.7  23.9  24.4  24.1  23.9  24.2  24.6  24.1  24.4  25.0  26.0 
 24.1  23.9  24.0  23.9  24.3  24.1  24.4  24.5  24.2  23.8  24.1  24.1  23.8  23.6  24.2  23.9  23.8  23.7  24.3  23.9  23.9  23.8  24.2  24.2  23.9  24.1  24.7  24.3  24.4  24.3  25.3  25.4 
 23.7  23.9  23.8  24.2  24.3  24.0  24.2  24.3  23.7  23.8  23.7  24.1  23.8  23.6  23.9  24.1  23.7  23.6  23.8  24.0  23.8  23.7  23.9  24.1  23.9  23.8  24.3  24.5  23.9  24.2  24.6  24.9 
 23.4  23.7  24.2  24.0  24.0  24.0  24.3  24.2  23.8  23.5  24.0  23.8  23.7  23.3  24.0  23.8  23.9  23.6  24.0  24.0  23.9  23.8  24.1  23.9  24.1  23.9  24.4  24.3  24.0  23.8  24.9  24.8 
 23.8  23.9  24.1  24.4  24.2  24.2  24.1  24.4  23.9  23.6  23.9  23.9  23.8  23.6  23.8  24.0  23.6  23.5  24.0  24.0  23.8  23.8  23.8  24.1  23.8  23.7  24.0  24.3  24.2  24.1  24.3  24.5 
 24.0  23.8  24.3  24.3  24.2  24.1  24.3  24.1  23.8  23.8  23.9  23.7  23.7  23.8  23.9  23.9  23.9  23.6  24.0  23.8  23.8  23.7  24.1  24.0  23.9  23.8  24.1  24.2  23.8  24.2  24.6  24.2 
 24.1  24.1  24.1  24.2  24.3  24.1  24.1  24.2  23.8  23.7  23.8  24.0  23.6  23.7  23.7  24.0  23.6  23.7  23.7  24.1  23.9  23.8  23.8  24.1  23.9  23.9  24.1  24.3  24.1  24.2  24.3  24.4 
 24.1  23.9  24.3  24.2  24.1  23.9  24.3  24.0  23.8  23.9  24.1  23.9  24.0  23.7  24.1  23.8  23.8  23.6  23.9  24.0  23.9  23.8  24.0  23.9  23.8  23.8  24.2  24.0  24.2  23.9  24.2  23.8 
 24.1  23.9  24.3  24.2  24.1  24.1  24.2  24.3  23.8  23.8  23.9  24.1  23.7  23.7  23.9  23.9  23.6  23.8  24.0  24.2  23.9  23.8  24.0  24.1  24.1  23.8  24.3  24.5  24.0  24.0  24.3  24.6 
 24.4  24.2  24.4  24.3  24.3  24.1  24.2  24.1  23.8  23.8  24.0  23.9  23.9  23.8  23.9  23.9  23.9  23.7  24.0  23.9  23.9  23.6  24.1  23.9  24.1  24.1  24.3  24.1  23.9  24.1  24.6  24.2 
 24.3  24.1  24.4  24.6  23.9  24.1  23.9  24.1  23.8  23.9  24.0  24.1  23.9  23.8  23.9  24.1  23.8  23.7  24.0  24.0  23.9  23.8  24.1  24.0  23.9  23.9  24.1  24.3  24.1  24.1  24.3  25.1 
 24.0  24.1  24.5  24.2  24.1  24.0  24.2  24.0  23.8  23.6  24.1  23.9  23.8  23.7  23.9  23.9  23.8  23.9  23.9  24.0  23.9  23.8  24.1 nan  24.0  23.8  24.2  24.2  24.1  23.8  24.6  24.4 
 24.4  24.0  24.1  24.6  24.0  23.8  23.9  24.2  24.0  23.8  24.1  24.1  23.8  23.8  23.9  24.1  23.9  23.8  24.0  24.1  23.9  23.8  24.2  24.3  24.1  24.2  24.4  24.7  24.4  24.4  25.0  25.0 
 24.5  24.1  24.5  24.3  24.1  23.9  24.2  24.0  23.7  23.6  24.1  24.0  24.0  23.9  24.0  23.9  23.9  23.8  24.0  24.1  24.1  24.0  24.4  24.1  24.2  24.3  24.9  24.8  25.0  24.7  25.6  25.2 
 24.3  24.5  24.3  24.4  24.2  23.9  24.2  24.1  23.9  23.8  23.8  24.2  23.8  23.9  24.0  24.0  24.0  23.8  24.1  24.2  24.2  24.8  29.6  31.0  30.7  29.9  27.2  27.4  26.7  26.4  26.2  26.4 
 24.2  23.9  24.5  24.2  24.0  24.1  24.1  24.2  24.1  23.7  24.1  24.0  23.9  23.8  24.0  23.8  23.9  23.8  24.1  24.2  25.1  28.7  45.2  47.5  44.4  39.2  30.8  29.0  27.3  27.1  26.6  26.8 
 24.3  24.3  24.4  24.7  24.3  24.0  24.1  24.3  24.0  23.8  24.0  24.2  24.1  23.8  24.1  24.1  23.8  23.9  24.2  24.4  31.9  44.6  70.3  73.6  69.8  60.7  36.3  32.7  28.9  28.4  27.3  27.2 
 24.6  24.1  24.5  24.2  24.1  23.7  24.3  24.1  24.0  23.8  24.1  23.9  24.0  23.7  24.1  24.0  23.8  23.7  24.3  24.4  34.4  48.9  74.9  77.4  71.8  61.7  37.0  33.5  29.5  28.4  28.0  27.5 
 24.7  24.7  24.6  24.8  24.3  24.1  24.4  24.5  24.1  23.7  24.0  24.3  23.8  24.0  24.2  24.2  24.2  23.9  24.2  24.6  33.4  42.5  65.0  68.0  59.1  50.2  34.7  32.2  29.4  28.4  27.8  27.8 
 25.0  24.5  24.7  24.9  24.4  24.1  24.4  24.3  24.0  24.0  24.2  24.0  23.9  23.9  24.2  24.0  23.9  24.1  24.4  24.9  31.3  36.5  51.9  54.0  47.1  41.9  32.9  31.4  28.8  28.1  28.1  28.2 
 24.9  24.6  24.9  24.8  24.2  24.3  24.3  24.5  24.2  24.0  24.1  24.4  23.9  23.7  24.0  24.4  24.0  24.2  24.7  25.4  27.1  28.4  33.1  34.3  33.6  32.4  30.6  30.1  28.1  27.6  28.4  29.5 
 25.2  24.8  24.8  24.8  24.3  24.0  24.6  24.3  23.9  23.9  24.2  24.2  24.0  23.8  24.1  24.3  24.0  24.0  24.9  25.5  25.8  26.8  29.8  30.8  31.1  30.8  29.8  29.4  27.6  27.5  29.7  29.8 
 25.6  25.3  24.8  25.1  24.5  24.2  24.5  24.7  24.1  23.9  24.2  24.5  24.4  23.8  24.2  24.3  24.1  24.0  25.0  25.3  25.1  25.7  27.4  28.3  28.7  28.6  28.4  28.3  27.6  28.0  30.2  31.9 
 26.2  24.9  25.2  25.0  24.7  24.7  24.8  24.6  24.2  24.1  24.3  24.4  24.3  24.0  24.2  24.1  24.2  24.1  25.1  25.1  25.2  25.4  27.4  27.5  27.8  27.8  28.0  28.2  27.4  27.9  32.1  32.6 
