 23.9  23.0  23.8  23.9  23.2  23.0  23.0  23.2  22.9  22.4  23.2  23.3  22.6  22.5  22.8  22.9  22.8  22.6  22.7  23.1  22.7  22.6  23.0  22.9  23.0  22.7  23.3  23.5  23.5  23.3  24.7  25.5 
 23.4  23.2  23.5  23.8  23.0  23.0  23.0  23.1  22.8  22.8  23.1  22.9  22.4  22.8  23.0  22.7  22.4  22.6  22.8  22.8  22.7  22.4  23.1  23.1  22.6  22.8  23.4  22.9  23.1  23.2  24.5  24.3 
 23.3  22.9  23.6  23.6  22.9  22.8  23.1  22.8  22.8  22.5  22.9  23.1  22.7  22.6  22.7  22.9  22.6  22.5  22.6  22.8  22.7  22.5  22.9  23.1  22.9  22.6  23.2  23.4  23.4  23.1  23.8  23.8 
 23.0  23.0  23.6  23.7  23.1  22.6  23.2  23.1  22.9  23.0  23.4  22.9  22.7  22.6  22.7  22.7  22.5  22.5  22.9  22.9  22.7  22.7  23.0  23.0  22.6  22.8  23.5  23.2  23.1  23.9  24.1  23.9 
 23.4  22.9  23.3  23.1  22.9  22.6  22.9  23.1  23.1  23.2  23.7  23.3  22.6  22.4  22.8  22.6  22.6  22.4  22.6  22.7  22.7  22.5  22.8  22.8  22.7  22.8  23.1  23.4  23.1  23.3  23.6  23.9 
 23.0  22.8  23.2  23.1  22.6  22.7  23.0  23.0  23.6  24.1  25.3  23.7  22.5  22.4  22.7  22.7  22.5  22.5  22.8  22.6  22.5  22.6  23.1  22.9  22.6  22.7  23.2  23.1  23.2  23.2  23.6  23.1 
 23.4  22.7  23.2  23.2  22.7  22.8  22.9  23.2  23.4  24.6  26.8  24.7  22.6  22.5  22.7  22.7  22.7  22.4  22.7  22.6  22.6  22.6  22.8  23.0  22.7  22.5  22.9  23.3  23.3  22.7  23.2  23.3 
 23.1  22.9  23.3  23.3  22.7  22.7  23.1  23.0  22.8  23.3  24.1  23.2  22.5  22.6  22.8  22.9  22.5  22.6  22.8  22.7  22.5  22.6  23.0  22.9  22.5  23.0  22.9  23.0  22.7  23.0  23.4  22.5 
 23.5  22.8  23.5  23.1  22.9  22.9  23.0  23.1  22.8  22.6  22.8  23.0  22.7  22.4  22.9  22.9  22.6  22.5  22.9  22.7  22.8  22.6  22.8  23.0  22.8  22.5  23.1  23.2  23.2  22.8  23.1  23.3 
 23.3  23.3  23.5  23.7  23.2  23.0  23.2  23.0  22.7  22.7  22.9  23.0  22.5  22.6  22.8  22.7  22.5  22.6  22.7  22.9  22.6  22.7  22.9  22.8  22.8  22.8  23.2  23.2  22.7  22.7  23.2  23.3 
 24.1  24.2  24.6  24.5  24.6  24.3  23.8  23.6  22.9  22.8  23.0  22.8  22.7  22.5  22.8  22.8  22.6  22.4  22.7  22.9  22.7  22.5  22.8  22.9  22.8  22.6  22.9  23.0  22.7  22.7  23.1  23.5 
 24.3  24.3  25.3  25.4  25.4  25.5  25.0  24.3  23.2  23.0  23.1  23.0  22.6  22.6  22.9  22.7  22.5  22.7  22.8  23.0  22.6  22.6  23.0 nan  22.7  22.6  23.0  22.9  22.7  22.8  23.7  23.6 
 25.2  25.1  26.1  26.8  28.5  29.4  37.8  41.8  39.5  33.5  23.4  23.2  22.9  22.6  23.0  22.9  22.8  22.5  22.9  22.8  22.6  22.6  22.9  23.0  22.7  22.7  23.2  23.1  22.8  23.0  23.6  23.6 
 25.3  25.6  26.9  27.3  29.8  32.1  47.3  54.0  58.3  51.4  24.9  23.4  22.8  23.0  22.9  22.7  22.6  22.5  22.8  22.9  22.6  22.5  22.9  22.8  22.6  22.8  23.8  23.8  23.3  23.2  23.6  23.3 
 25.8  25.8  27.5  28.4  32.5  36.2  57.2  66.2  77.3  73.0  30.6  24.8  23.0  22.7  22.8  22.9  22.7  22.6  23.0  22.9  22.7  22.5  22.8  23.0  22.7  22.7  25.1  25.0  23.2  23.1  23.5  23.9 
 25.7  26.0  27.7  28.5  32.4  36.6  57.0  68.4  87.0  81.9  30.3  24.6  22.9  22.9  22.8  22.8  22.6  22.6  23.0  22.9  22.5  22.7  23.0  22.8  22.6  22.7  24.1  24.4  23.1  23.1  23.8  23.4 
 25.9  25.7  27.2  27.9  29.8  31.5  45.3  55.4  67.4  56.8  25.3  23.7  23.1  22.7  22.9  23.0  22.9  22.7  23.0  23.2  22.9  22.7  22.9  22.9  22.8  22.5  23.2  23.5  23.3  23.2  23.6  24.0 
 25.8  25.9  27.2  27.3  28.2  29.4  37.5  42.6  46.1  38.9  23.9  23.5  23.1  22.8  23.2  22.8  22.7  22.8  23.0  23.0  22.9  22.8  23.0  23.0  22.7  22.7  23.2  23.0  23.1  22.9  23.6  23.8 
 26.1  25.5  26.6  27.1  27.1  27.3  28.7  29.3  28.1  26.2  23.7  23.4  23.0  22.9  23.0  23.2  23.0  22.7  23.0  23.1  22.9  22.7  23.1  23.1  23.2  22.9  23.1  23.3  23.5  23.1  23.6  24.2 
 25.5  25.7  26.3  26.8  26.4  26.6  27.6  27.6  26.3  25.2  23.6  23.5  23.0  23.1  23.2  23.1  22.9  22.9  23.1  22.8  22.7  22.7  23.2  23.3  22.8  23.0  23.3  23.4  23.1  23.3  23.8  24.3 
 25.8  25.4  26.2  25.9  26.0  25.7  25.9  26.1  25.2  24.2  23.8  23.8  23.3  23.0  23.2  23.4  23.0  22.7  23.1  23.0  22.9  22.7  23.4  23.4  23.2  22.9  23.3  23.6  23.3  23.4  24.1  24.8 
 25.5  25.5  26.3  25.8  25.5  25.6  25.7  25.6  24.4  24.4  23.8  23.9  23.0  23.0  23.3  23.4  23.0  23.0  23.1  23.2  22.9  22.9  23.5  23.1  22.9  23.1  23.6  23.6  23.5  23.5  25.0  25.7 
 26.8  25.8  25.7  26.0  25.3  24.9  25.4  25.1  24.3  23.9  23.8  24.0  23.5  23.0  23.2  23.6  23.2  22.9  23.3  23.4  23.3  22.8  23.5  23.6  23.4  23.0  23.9  24.3  24.1  24.1  25.8  26.4 
 26.9  26.4  25.7  25.7  25.0  25.2  24.9  24.9  23.9  24.1  24.0  24.0  23.3  23.2  23.5  23.3  23.0  22.9  23.5  23.2  23.3  23.2  23.5  23.6  23.3  23.5  24.7  24.8  24.6  24.9  27.7  26.7 
