 23.9  23.8  23.5  23.2  23.2  23.2  23.2  22.9  22.5  22.8  22.7  22.9  23.0  22.5  22.7  22.6  22.4  22.6  22.8  22.8  22.6  22.7  23.0  22.8  22.7  22.8  23.1  23.0  23.2  23.3  24.4  24.6 
 23.7  23.0  23.3  23.7  23.5  22.8  23.0  23.1  23.0  22.6  22.9  23.0  22.5  22.5  22.8  22.7  22.6  22.3  22.7  22.8  23.1  22.6  22.9  23.0  22.8  22.7  23.0  23.1  23.3  23.2  24.5  24.6 
 23.2  23.1  23.4  23.3  22.8  22.6  23.1  22.8  22.8  22.8  22.8  22.9  22.6  22.6  22.7  22.6  22.7  22.6  22.7  22.7  22.8  22.6  22.9  22.8  23.0  22.7  23.2  23.1  23.2  23.4  23.7  23.6 
 23.4  23.2  23.5  23.4  22.7  22.5  22.9  23.1  23.0  22.6  23.2  23.0  22.7  22.5  22.7  22.7  22.7  22.3  22.8  22.9  22.5  22.5  22.8  22.8  22.8  22.7  23.1  23.2  23.2  23.7  23.4  24.1 
 23.4  23.2  23.2  23.3  23.0  22.7  23.0  23.1  23.1  23.5  23.9  23.2  22.5  22.5  22.7  22.5  22.7  22.4  22.7  22.7  22.6  22.6  22.7  22.8  22.7  22.6  23.1  23.1  23.2  23.6  23.4  23.5 
 23.0  22.9  23.1  23.3  22.7  22.5  23.0  23.2  23.5  23.9  25.2  23.7  22.4  22.4  22.6  22.6  22.7  22.6  22.7  22.8  22.7  22.4  22.9  22.9  23.0  22.4  22.9  23.0  22.9  23.1  23.3  23.3 
 23.1  23.0  23.4  23.1  22.6  22.8  23.0  23.0  23.4  24.7  26.9  24.4  22.7  22.7  22.7  22.6  22.6  22.7  22.6  22.7  22.5  22.7  22.9  22.9  22.6  22.8  23.0  23.1  23.0  23.1  23.5  23.3 
 23.5  22.9  23.3  23.4  23.0  22.5  22.8  23.1  23.1  23.1  24.0  23.2  22.8  22.2  22.7  22.6  22.7  22.7  22.7  22.8  22.7  22.5  22.8  22.8  22.8  22.5  22.9  23.1  23.0  22.7  22.9  22.7 
 23.3  23.1  23.4  23.0  22.8  22.9  23.0  22.8  22.7  22.8  22.8  22.8  22.8  22.5  22.7  22.5  22.5  22.6  23.0  22.6  22.6  22.6  22.8  22.7  22.8  22.7  22.9  22.9  23.0  22.8  22.9  23.2 
 23.2  23.3  23.2  23.7  23.3  23.0  23.1  23.0  23.0  22.6  22.8  22.9  22.6  22.4  22.7  22.6  22.6  22.3  22.7  22.8  22.6  22.6  22.6  22.8  22.9  22.6  22.9  22.9  23.1  22.8  23.4  23.3 
 24.2  24.0  24.8  24.7  24.3  24.3  23.5  23.3  22.9  22.9  22.8  22.7  22.6  22.5  22.8  22.7  22.7  22.7  22.8  22.5  22.7  22.6  22.9  22.9  22.7  22.6  22.9  22.8  22.9  23.1  22.9  23.4 
 24.1  24.1  24.8  25.6  25.6  25.3  24.8  24.4  23.2  22.9  22.9  23.0  22.7  22.5  22.7  22.8  22.6  22.6  22.7  22.9  22.8  22.6  22.7 nan  22.6  22.5  22.7  22.8  23.2  22.5  23.1  23.5 
 25.2  25.2  26.2  26.6  28.4  29.4  37.8  41.4  39.5  33.7  23.4  23.0  22.8  22.7  23.0  22.7  22.7  22.6  22.8  22.6  22.7  22.8  22.8  22.7  22.8  22.7  23.0  23.1  23.0  23.0  23.4  23.3 
 25.3  25.4  26.6  27.4  29.8  32.5  47.3  54.0  58.5  51.3  24.6  23.5  23.0  22.8  22.7  22.8  22.7  22.6  22.8  23.0  22.8  22.5  22.8  22.9  22.6  22.7  23.7  23.8  23.3  22.9  23.2  23.3 
 25.5  25.9  27.5  28.5  32.5  36.4  57.2  66.1  77.2  73.1  30.4  24.5  22.9  22.9  22.9  22.7  22.8  22.6  22.8  22.7  22.6  22.6  22.7  22.8  22.9  22.7  25.1  24.8  23.2  22.9  23.2  23.5 
 26.0  25.8  27.6  28.4  32.6  36.4  56.9  68.4  86.9  81.9  30.1  24.7  22.8  22.8  22.8  22.9  22.7  22.7  22.8  22.9  22.7  22.4  22.9  23.0  22.8  22.7  24.1  24.4  23.5  22.9  23.3  23.6 
 25.6  26.2  27.2  27.9  29.8  31.5  45.3  55.2  67.4  57.0  25.3  23.5  22.8  22.7  22.9  22.8  22.7  22.8  22.9  22.7  22.8  22.8  22.9  22.7  22.7  22.8  23.2  23.2  23.2  23.2  23.8  23.4 
 25.8  25.7  26.7  27.3  28.6  29.2  37.4  42.6  46.1  38.8  24.1  23.5  23.2  22.8  22.9  22.9  22.8  22.7  22.8  23.0  22.8  22.7  22.8  23.0  23.0  22.6  23.1  23.4  23.4  22.9  23.8  23.7 
 25.9  25.7  26.5  26.7  26.8  27.3  28.7  29.1  27.9  26.1  23.7  23.4  23.0  23.1  23.0  23.1  22.9  22.9  23.0  23.1  23.1  22.8  23.3  22.9  22.9  22.9  23.2  22.9  23.5  23.3  23.6  23.5 
 25.6  25.7  26.3  26.7  26.6  26.5  27.2  27.6  26.4  25.0  23.5  23.4  23.0  23.1  23.1  23.1  22.9  22.7  23.1  22.9  23.0  22.6  23.1  23.3  23.1  22.9  23.3  23.4  23.6  23.3  24.0  24.5 
 25.5  25.4  26.2  25.8  26.0  25.9  25.8  25.8  25.1  24.2  23.7  23.5  23.3  23.1  23.2  23.1  22.9  22.8  22.9  23.0  22.9  22.8  23.3  23.1  23.1  23.1  23.3  23.6  23.3  23.8  24.1  24.5 
 25.7  25.7  25.7  26.1  25.5  25.2  25.5  25.9  24.6  24.1  23.7  23.8  23.3  23.2  23.2  23.3  23.0  22.9  23.2  23.2  23.1  23.0  23.1  23.3  23.2  23.0  23.3  23.7  23.7  23.2  24.5  25.7 
 26.3  26.4  26.0  25.3  25.3  25.1  25.1  24.8  24.0  24.0  24.0  23.7  23.5  23.1  23.3  23.2  23.1  23.1  23.2  23.2  23.1  23.0  23.5  23.4  23.3  23.0  23.6  24.2  24.1  24.1  25.8  26.0 
 26.6  26.1  25.4  25.7  25.2  24.6  24.6  24.8  24.2  23.8  24.0  23.8  23.2  23.2  23.4  23.5  23.3  23.3  23.5  23.3  23.3  23.1  23.4  23.6  23.4  23.2  24.3  25.2  24.8  24.1  26.0  27.2 
