 24.4  24.0  23.9  23.6  24.1  24.2  24.6  24.3  24.4  24.2  24.4  24.2  24.2  24.0  24.2  24.2  24.0  24.0  24.0  24.2  24.1  23.9  24.3  24.3  24.2  24.2  24.5  24.5  24.7  24.3  25.6  25.8 
 24.3  24.0  23.8  24.2  24.4  24.5  24.5  24.3  24.0  23.9  24.0  24.3  24.1  24.0  24.0  24.0  24.0  24.1  24.0  24.4  24.1  24.1  24.2  24.2  24.0  24.0  24.3  24.4  24.5  24.6  25.2  25.8 
 23.6  23.8  24.4  24.0  24.5  24.0  24.4  24.2  23.8  23.8  24.0  23.9  23.9  24.0  24.1  24.0  24.1  23.9  24.0  24.0  24.0  24.0  24.2  24.3  23.9  24.0  24.4  24.4  24.4  24.3  24.9  25.0 
 23.7  23.8  24.0  24.6  24.3  24.2  24.4  24.5  24.2  23.6  24.1  24.1  23.8  23.7  24.0  24.1  24.2  23.8  24.1  24.0  24.1  24.0  24.2  24.1  24.1  24.1  24.4  24.4  24.4  24.2  24.6  25.1 
 24.2  24.2  24.4  24.3  24.3  24.4  24.2  24.1  24.2  24.0  24.1  23.9  23.9  23.7  24.0  23.9  23.8  23.8  24.0  24.0  23.9  24.0  24.1  24.1  24.0  24.0  24.3  24.2  24.2  23.9  24.4  24.9 
 23.9  24.0  24.0  24.2  24.2  24.2  24.2  24.2  23.9  23.8  23.8  24.0  23.8  23.9  23.7  23.9  23.9  23.9  23.8  23.9  24.0  24.0  24.0  24.1  24.2  23.9  24.1  24.3  24.1  24.3  24.9  24.3 
 24.1  24.2  24.0  24.4  24.2  24.2  24.3  24.2  24.0  23.7  24.2  24.1  23.8  23.9  24.0  24.0  23.8  23.9  23.9  23.9  23.9  24.1  24.2  24.1  24.0  24.0  24.3  24.3  24.2  24.0  24.4  24.4 
 24.4  24.0  24.2  24.3  24.4  24.3  24.2  24.3  23.9  23.7  24.2  23.9  23.9  23.9  24.0  24.1  23.9  23.8  23.9  24.1  24.0  23.9  24.2  24.0  23.9  24.0  24.0  24.3  24.0  24.1  24.1  23.7 
 24.5  24.3  24.7  24.3  24.2  24.2  24.3  24.2  24.0  23.9  24.1  23.8  24.0  23.9  24.0  24.1  23.9  23.9  24.1  24.0  24.0  23.9  24.1  24.1  23.9  24.1  24.3  24.4  24.3  24.3  24.3  24.5 
 24.4  24.4  24.4  24.5  24.5  24.1  24.2  24.0  24.0  23.9  24.0  24.0  23.9  23.9  23.9  23.9  24.1  24.1  24.0  24.2  24.0  23.9  24.2  24.2  24.2  23.9  24.3  24.3  24.3  23.9  24.6  24.6 
 24.7  24.5  24.2  24.4  24.2  24.0  24.2  24.1  24.1  23.9  24.1  24.1  23.9  23.9  24.0  24.0  23.9  24.0  24.1  24.1  23.9  24.1  24.1  24.0  24.3  24.0  24.2  24.2  24.5  24.3  24.7  24.7 
 24.3  24.3  24.3  24.4  24.1  23.9  24.2  24.1  24.1  24.0  24.0  24.4  24.0  23.9  24.0  24.0  24.0  23.9  24.0  24.1  24.1  24.1  24.1 nan  24.2  23.9  24.2  24.4  24.4  24.3  24.4  24.7 
 24.3  24.3  24.3  24.4  24.2  24.1  24.2  24.3  23.9  24.1  24.0  24.0  24.0  24.0  24.1  24.0  24.1  24.1  24.0  24.0  24.1  24.1  24.3  24.3  24.4  24.3  24.7  24.7  24.5  24.8  25.2  25.1 
 24.3  24.3  24.5  24.7  24.3  24.3  24.1  24.2  24.0  23.9  24.1  24.1  24.1  24.0  23.9  24.1  24.2  24.0  24.1  24.2  24.1  24.0  24.4  24.2  24.6  24.4  24.7  24.9  25.2  25.1  25.3  25.5 
 24.6  24.3  24.5  24.3  24.3  24.4  24.3  24.0  24.1  23.9  24.0  24.1  23.9  23.9  24.1  24.1  24.2  23.9  24.1  24.4  24.5  24.9  29.8  31.0  30.8  30.1  27.6  27.2  26.6  26.5  26.1  26.2 
 24.5  24.4  24.4  24.3  24.2  23.9  24.1  24.3  24.1  23.8  24.0  24.1  24.0  24.0  23.9  24.1  23.9  24.1  24.2  24.3  25.2  28.9  45.3  47.6  44.6  39.4  30.7  29.4  27.7  27.0  26.6  26.4 
 24.6  24.6  24.6  24.6  24.3  24.2  24.3  24.3  24.0  24.1  24.1  24.1  23.8  24.1  24.0  23.9  24.1  23.8  24.4  24.4  32.1  44.7  70.5  73.5  69.9  60.7  36.5  32.7  29.1  28.4  27.6  27.0 
 24.7  24.4  24.6  24.5  24.2  24.0  24.4  24.3  24.0  24.1  24.3  24.2  23.9  23.8  24.1  24.2  24.1  24.1  24.4  24.6  34.7  49.1  75.1  77.7  71.9  61.8  37.1  33.2  29.4  28.8  27.6  27.5 
 25.1  24.6  24.9  24.7  24.5  24.3  24.5  24.4  24.3  24.0  24.3  24.1  24.0  24.0  24.2  24.2  24.3  24.4  24.3  24.6  33.6  42.6  65.2  68.1  59.2  50.4  34.7  32.5  29.3  28.6  27.8  27.9 
 24.5  24.9  24.7  25.0  24.5  24.5  24.5  24.4  24.3  24.1  24.3  24.1  24.1  24.2  24.2  24.3  24.2  24.0  24.5  25.0  31.5  36.4  51.9  54.1  47.0  42.1  32.8  31.4  28.8  28.8  27.7  28.6 
 25.2  24.7  25.1  24.8  24.5  24.3  24.6  24.4  24.3  24.0  24.4  24.4  24.1  24.0  24.3  24.3  24.2  24.3  24.6  25.4  27.4  28.7  33.1  34.3  33.8  33.0  30.9  30.1  28.2  27.9  28.5  29.4 
 25.1  25.1  24.9  24.9  24.3  24.4  24.4  24.7  24.4  24.4  24.2  24.3  24.2  24.1  24.2  24.4  24.2  24.0  24.9  25.7  26.2  27.1  30.1  30.5  31.4  31.0  29.8  29.4  28.0  28.0  29.3  30.2 
 25.7  25.7  24.9  25.1  24.6  24.6  24.7  24.6  24.4  24.4  24.5  24.4  24.2  24.1  24.3  24.6  24.3  24.2  25.4  25.2  25.6  25.9  27.4  28.4  28.7  28.9  28.7  28.3  28.0  28.1  31.0  32.1 
 26.4  25.8  24.9  25.1  24.8  24.5  24.7  24.7  24.5  24.5  24.3  24.8  24.2  24.2  24.4  24.4  24.3  24.4  25.3  25.1  25.4  25.6  27.4  27.8  28.0  28.2  28.3  28.0  28.1  28.0  31.0  32.7 
