 24.3  23.8  23.4  23.8  24.1  24.1  24.2  24.3  24.0  24.1  23.9  24.5  23.9  23.7  23.7  24.2  23.9  23.9  23.9  24.2  24.1  24.2  23.9  24.3  24.1  24.0  24.2  24.5  24.6  24.7  24.5  26.8 
 24.1  23.5  24.3  23.9  24.5  24.2  24.5  24.2  24.0  23.6  24.3  24.1  24.0  23.8  24.3  23.9  23.9  23.7  24.1  23.8  24.1  23.9  24.2  24.0  24.2  23.9  24.6  24.5  24.3  24.3  25.4  25.1 
 23.7  23.6  24.0  24.2  24.2  24.1  24.0  24.5  23.8  24.0  23.7  24.3  23.7  23.8  23.8  24.2  24.0  23.9  23.8  24.2  23.8  24.0  24.0  24.3  24.2  24.2  24.1  24.6  24.1  24.8  24.5  25.4 
 23.4  23.2  24.5  24.0  24.3  24.1  24.3  24.0  23.9  23.7  24.0  24.0  23.8  23.7  24.2  23.9  23.8  23.7  24.2  23.9  23.8  23.9  24.4  24.0  24.2  23.8  24.7  24.4  24.3  24.1  25.2  24.9 
 23.9  23.9  24.1  24.5  24.1  24.2  24.0  24.4  23.9  23.8  23.9  24.2  23.8  23.5  23.9  24.0  23.8  23.9  23.6  23.9  23.9  23.9  24.0  24.2  23.9  24.3  24.0  24.4  24.2  24.4  24.1  24.8 
 24.1  23.9  24.4  24.3  24.2  24.2  24.3  24.1  24.0  23.8  24.0  23.8  23.7  23.9  24.0  23.7  23.9  23.7  24.1  23.8  23.9  23.7  24.1  24.0  24.3  23.7  24.2  23.9  24.1  24.1  24.5  24.4 
 24.0  24.1  24.0  24.4  24.0  24.0  23.9  24.1  23.8  23.8  23.8  24.0  23.7  24.0  23.7  24.0  23.7  24.0  23.7  24.1  23.8  24.0  23.9  24.1  23.8  23.9  23.8  24.5  24.0  24.0  24.1  24.4 
 24.2  24.2  24.5  24.2  24.2  23.9  24.0  23.9  24.0  23.8  24.2  23.7  23.8  23.7  23.9  23.9  24.0  23.7  24.1  23.9  24.0  23.8  24.3  23.9  23.9  23.8  24.1  24.0  24.3  24.1  24.3  23.4 
 24.2  24.2  24.3  24.3  23.9  24.3  24.0  24.2  23.7  23.9  24.0  24.1  23.9  23.9  23.7  24.1  23.7  23.9  23.7  24.1  23.7  24.1  23.8  24.2  23.9  24.0  23.8  24.5  24.0  24.0  24.1  24.5 
 24.4  24.2  24.5  24.2  24.2  24.1  24.3  24.1  24.0  23.7  24.1  24.0  23.9  23.5  24.0  23.8  23.9  23.9  24.1  23.9  23.9  23.8  24.1  23.8  24.2  23.8  24.2  24.3  24.1  24.1  24.9  24.5 
 24.3  24.6  24.2  24.4  24.0  24.0  23.8  24.2  23.8  23.9  23.8  24.2  23.8  23.8  23.8  24.0  23.7  23.9  23.8  24.1  24.0  24.0  23.9  24.3  24.1  24.1  23.9  24.3  24.1  24.3  24.3  24.9 
 24.1  24.2  24.3  24.3  24.0  24.0  24.2  24.0  24.0  23.6  24.3  24.0  23.9  23.7  24.0  24.0  23.9  23.7  24.2  24.0  24.0  23.8  24.2 nan  24.1  24.0  24.2  24.4  24.4  24.0  24.7  24.7 
 24.6  24.3  24.0  24.4  24.1  24.0  24.1  24.2  23.8  23.9  23.9  24.0  23.9  23.9  23.9  24.1  23.9  23.9  23.9  24.2  24.0  24.1  24.0  24.3  24.1  24.4  24.2  24.8  24.3  24.5  24.7  25.3 
 24.4  24.2  24.7  24.4  24.0  24.0  24.5  24.0  23.9  23.7  24.2  24.0  23.9  23.8  24.3  23.9  23.9  23.8  24.2  24.1  24.1  23.9  24.5  24.3  24.3  24.3  24.9  24.5  24.9  24.9  25.4  25.2 
 24.3  24.6  24.4  24.5  24.2  23.9  24.1  24.1  24.1  23.8  23.8  24.2  23.8  24.0  23.8  24.1  23.9  23.9  24.3  24.4  24.4  25.0  29.5  31.1  30.8  30.0  27.2  27.4  26.2  26.2  26.0  26.5 
 24.5  24.1  24.5  24.3  24.2  24.2  24.3  24.1  24.1  23.8  24.1  23.9  24.0  23.9  24.1  23.9  23.9  23.8  24.2  24.0  25.2  28.8  45.2  47.5  44.5  39.2  30.9  29.1  27.4  26.8  27.1  26.4 
 24.3  24.6  24.2  24.4  24.1  24.1  24.0  24.4  23.9  23.9  24.0  24.1  23.9  23.9  23.9  24.1  23.8  23.8  24.2  24.5  32.1  44.7  70.3  73.7  70.0  60.6  36.1  33.1  28.9  28.2  27.4  27.5 
 24.5  24.3  24.6  24.5  24.2  24.0  24.5  24.1  23.9  23.9  24.1  24.0  24.1  23.8  24.2  24.0  23.9  23.8  24.5  24.2  34.6  48.9  75.1  77.6  71.8  61.6  37.2  33.1  29.6  28.5  27.8  27.3 
 24.7  24.8  24.6  24.9  24.3  24.4  24.2  24.6  24.0  24.0  24.0  24.2  23.9  24.0  24.0  24.3  24.3  24.3  24.2  24.7  33.6  42.6  65.0  68.2  59.2  50.2  34.5  32.4  29.4  28.7  27.5  27.9 
 24.6  24.7  24.8  24.8  24.2  24.2  24.4  24.1  23.9  23.7  24.2  24.0  24.0  24.0  24.3  23.9  24.2  24.0  24.5  24.9  31.5  36.3  51.9  54.0  47.0  41.9  33.2  31.5  28.7  28.2  28.1  28.2 
 25.2  24.9  24.9  25.1  24.2  24.3  24.3  24.4  24.2  24.0  24.2  24.4  24.1  24.0  24.1  24.3  24.0  24.0  24.5  25.5  27.2  28.7  33.1  34.3  33.4  32.6  30.8  30.4  28.2  27.9  28.4  29.4 
 25.1  24.8  24.9  24.6  24.3  24.2  24.6  24.3  24.4  24.1  24.1  24.3  24.1  24.0  24.2  24.2  24.2  24.0  25.1  25.2  26.3  26.8  30.1  30.8  31.3  31.0  30.1  29.4  28.0  27.7  29.3  30.1 
 25.8  25.6  24.6  25.3  24.5  24.6  24.3  24.7  24.2  24.3  24.0  24.5  24.1  24.1  24.0  24.6  24.0  24.2  25.1  25.4  25.1  25.8  27.4  28.5  28.9  28.7  28.6  28.4  27.4  27.7  30.5  32.0 
 26.3  25.7  25.3  25.0  25.0  24.4  24.7  24.7  24.1  24.1  24.6  24.2  24.0  23.9  24.4  24.3  24.2  24.2  25.3  24.9  25.4  25.3  27.4  27.3  28.0  27.9  28.3  28.0  28.1  28.1  31.9  32.1 
