 24.1  23.7  24.0  23.7  24.0  24.1  24.2  24.3  24.1  23.8  24.0  24.3  23.8  23.7  23.8  23.9  23.9  23.7  23.9  24.1  23.9  23.8  24.0  24.3  23.9  23.9  24.2  24.7  24.4  24.2  25.3  26.6 
 23.9  23.9  24.0  23.9  24.1  24.2  24.5  24.5  24.0  23.8  24.0  24.2  23.8  23.7  24.0  23.9  23.7  23.6  24.1  24.0  24.0  23.9  24.0  24.0  24.0  23.9  24.2  24.3  24.2  24.1  25.3  25.4 
 23.7  23.7  24.0  24.1  24.1  23.9  24.3  24.1  23.8  23.7  24.0  23.9  23.8  23.7  23.9  23.9  23.7  23.6  23.8  23.8  23.8  24.0  23.8  24.1  23.8  23.9  24.1  24.5  24.1  24.2  24.5  25.1 
 23.4  23.4  24.2  24.3  24.1  24.1  24.3  24.3  23.8  23.6  24.1  23.9  23.6  23.5  23.9  23.8  23.8  23.6  24.0  24.0  23.7  23.7  24.1  24.1  24.0  23.8  24.4  24.2  24.2  23.8  24.5  24.5 
 23.9  24.1  24.1  24.4  24.2  24.2  24.0  24.2  23.6  23.7  23.8  23.9  23.7  23.8  23.8  23.8  23.7  23.7  23.7  24.0  23.8  23.7  23.8  24.1  23.9  24.0  23.9  24.3  24.1  24.1  24.5  24.6 
 23.8  23.8  24.0  24.3  24.3  24.2  23.9  24.1  23.9  23.7  23.9  23.8  24.0  23.7  23.9  23.8  23.7  23.8  23.9  23.7  23.9  23.7  24.1  24.0  24.0  23.8  24.1  24.1  24.1  24.0  24.6  24.2 
 24.0  23.6  23.9  24.2  24.1  24.0  24.0  24.1  23.7  23.5  24.0  23.9  23.7  23.6  23.6  23.9  23.7  23.7  23.8  23.9  24.0  23.7  24.1  24.1  23.8  23.5  24.1  24.1  24.1  24.1  24.4  24.4 
 24.1  23.9  24.2  24.2  24.1  23.8  24.1  24.0  23.7  23.7  24.0  23.8  23.8  23.7  23.9  23.7  23.9  23.7  24.1  23.9  23.9  23.7  23.9  24.1  23.8  23.6  24.2  24.0  24.2  23.9  24.3  23.6 
 24.4  24.3  24.3  24.3  23.8  23.7  23.9  24.0  23.8  23.7  23.9  24.0  23.8  23.7  23.8  23.8  23.4  23.7  23.8  24.0  23.8  23.9  23.8  24.2  23.9  23.9  24.0  24.0  23.9  23.9  24.0  24.4 
 24.3  24.2  24.6  24.5  24.1  23.8  24.2  23.8  23.8  23.5  23.9  23.8  23.6  23.6  23.9  23.9  23.8  23.8  24.1  23.8  23.8  23.8  24.2  23.9  24.0  23.8  24.2  24.0  24.1  24.0  24.5  24.4 
 24.5  24.2  24.4  24.4  24.2  23.8  24.0  24.2  23.9  23.7  23.9  24.0  23.9  23.8  23.8  24.0  23.7  23.7  23.9  24.0  24.0  23.9  24.1  24.2  23.8  23.9  23.9  24.3  24.1  24.2  24.6  24.8 
 24.0  24.5  24.3  24.3  24.1  23.8  24.1  24.0  23.9  23.6  24.0  24.1  23.9  23.7  24.1  24.0  23.9  23.9  24.1  23.8  24.0  23.8  24.2 nan  24.0  23.9  24.2  24.4  24.0  24.0  24.4  24.5 
 24.3  24.1  24.3  24.4  24.1  23.8  24.1  24.2  23.8  23.8  23.7  24.0  23.8  23.6  24.0  23.9  24.0  23.8  24.0  24.1  23.9  23.8  24.2  24.3  24.1  24.1  24.4  24.3  24.5  24.5  25.0  25.2 
 24.3  24.4  24.2  24.3  24.1  23.8  24.2  24.0  23.8  23.5  23.9  24.0  23.9  23.8  23.8  23.9  23.9  23.9  24.0  23.9  24.0  23.9  24.4  24.4  24.3  24.3  24.8  24.8  25.0  24.8  25.6  25.3 
 24.3  24.2  24.5  24.5  24.1  23.8  24.0  24.2  23.8  23.7  23.8  24.2  24.0  23.7  23.8  24.0  24.0  23.9  24.0  24.2  24.1  24.6  29.7  30.9  30.7  29.8  27.2  27.3  26.8  26.1  26.2  26.1 
 24.5  24.2  24.5  24.2  24.2  23.9  24.3  24.1  24.1  23.8  23.9  24.0  23.8  23.9  24.1  23.9  24.0  23.8  24.1  24.3  25.2  28.6  45.2  47.5  44.4  39.3  30.9  29.1  27.6  26.9  27.1  26.3 
 24.5  24.2  24.5  24.4  24.0  23.7  24.2  24.2  23.9  23.7  23.8  23.9  23.9  23.7  23.9  23.9  23.8  23.7  24.2  24.3  31.9  44.7  70.4  73.6  69.9  60.6  36.1  32.8  28.9  28.3  27.4  27.4 
 24.8  24.1  24.5  24.5  24.1  23.8  24.5  24.3  23.9  23.7  24.1  24.0  24.0  23.8  24.2  24.1  23.9  23.9  24.2  24.4  34.6  48.8  75.1  77.6  71.7  61.7  37.0  33.2  29.5  28.2  27.8  27.5 
 24.5  24.5  24.5  24.8  24.2  24.0  24.2  24.4  23.9  23.8  24.1  24.1  23.8  23.9  24.1  24.2  24.1  24.1  24.1  24.5  33.4  42.5  64.9  68.1  59.2  50.2  34.7  32.4  29.3  28.3  27.6  27.9 
 24.9  24.7  24.7  24.6  24.2  24.1  24.4  24.1  24.1  23.9  24.2  24.0  24.1  23.8  24.1  23.9  24.0  24.0  24.5  24.9  31.4  36.4  51.9  54.0  47.0  41.9  32.9  31.2  28.7  28.4  28.0  28.0 
 25.2  24.7  25.0  24.8  24.2  24.3  24.2  24.5  24.2  24.0  24.2  24.3  23.9  24.0  24.0  24.3  23.9  24.0  24.5  25.4  27.2  28.5  33.0  34.3  33.6  32.4  30.8  30.0  27.9  27.8  28.4  29.0 
 25.0  24.8  24.9  24.8  24.3  24.0  24.5  24.5  24.1  24.2  24.4  24.2  24.1  23.9  24.1  24.2  24.0  24.1  24.8  25.5  26.2  26.7  29.7  30.5  31.2  30.9  29.8  29.0  28.0  27.5  29.5  30.1 
 25.8  25.1  24.8  24.8  24.2  24.3  24.4  24.5  24.3  24.1  24.3  24.4  24.1  24.0  24.2  24.3  24.1  23.9  25.1  25.2  25.4  25.7  27.4  28.4  28.7  28.6  28.6  28.5  27.7  28.0  30.1  32.3 
 26.2  25.4  25.2  25.0  24.4  24.4  24.7  24.6  24.1  24.1  24.3  24.3  24.3  24.1  24.3  24.3  24.2  24.0  25.2  24.9  25.2  25.4  27.3  27.6  27.8  27.7  28.3  28.0  27.8  28.9  31.7  32.1 
