 24.1  23.5  23.9  23.9  23.3  23.1  23.1  23.1  22.8  22.5  22.9  23.4  22.9  22.6  22.9  23.1  22.8  22.8  23.0  23.1  22.7  22.9  24.8  24.3  27.8  27.2  29.7  30.0  30.0  29.8  30.7  31.4 
 24.2  23.3  24.0  23.8  23.3  22.5  23.3  22.9  23.0  22.7  23.1  23.1  22.8  22.5  23.3  22.9  22.7  22.7  23.1  23.1  22.9  22.7  23.4  25.5  24.8  28.4  28.7  29.8  30.3  29.7  30.9  30.6 
 23.6  23.3  23.6  23.9  22.9  22.8  23.1  23.2  22.9  22.8  22.9  23.0  22.5  22.8  22.9  23.0  22.7  22.8  22.8  23.1  22.9  22.8  23.2  23.5  25.9  25.3  28.9  29.8  29.9  29.7  30.3  30.8 
 23.8  23.4  23.8  23.5  22.8  22.8  23.1  23.4  22.8  22.9  23.3  22.9  22.7  22.4  23.0  23.0  22.8  22.6  23.2  22.9  23.0  22.6  23.5  23.6  25.7  25.8  30.1  29.3  30.7  29.6  30.5  30.8 
 23.4  23.3  23.6  23.8  23.0  22.8  23.1  23.3  23.3  23.4  23.2  23.2  22.7  22.7  22.8  23.0  22.6  22.6  23.0  23.0  23.0  22.8  23.1  24.9  24.5  28.9  28.4  31.6  29.8  31.7  30.3  31.2 
 23.4  23.5  23.6  23.1  22.9  23.0  23.3  23.3  23.9  24.0  23.6  23.1  22.7  22.6  22.9  22.9  22.7  22.7  23.0  22.9  22.9  22.8  24.1  23.5  28.2  25.6  31.4  29.7  32.1  30.4  31.6  30.4 
 23.2  23.5  23.4  23.5  23.0  23.0  23.3  23.7  25.5  27.0  24.1  23.5  22.8  22.7  22.8  23.0  22.5  22.7  22.9  22.9  22.9  22.8  23.6  25.0  26.4  30.0  29.6  31.9  31.6  31.9  31.3  28.5 
 23.4  23.0  23.4  23.4  22.9  22.9  23.6  23.7  26.1  27.8  25.0  23.1  22.8  22.8  22.9  22.7  22.9  22.5  23.0  23.0  22.8  23.0  23.7  24.1  29.3  27.5  31.2  30.8  31.8  31.5  27.9  30.1 
 23.7  23.3  23.5  23.7  22.8  22.9  23.2  23.4  23.6  23.5  23.2  23.1  22.8  22.6  22.7  23.1  22.9  22.8  22.9  23.1  22.7  22.8  23.5  24.3  27.8  29.4  30.8  31.3  31.6  29.3  30.8  26.4 
 23.9  23.5  23.6  23.4  23.1  22.9  23.3  23.2  23.0  23.0  23.0  23.0  22.7  22.6  22.9  22.8  22.7  22.7  23.0  22.8  22.7  22.8  23.3  24.2  26.8  28.8  29.9  31.4  29.2  31.7  26.9  29.5 
 24.1  23.8  24.0  24.0  23.5  23.4  23.1  23.3  23.0  23.0  23.1  23.0  22.6  22.7  22.8  23.1  23.0  22.7  23.0  23.1  22.8  22.9  23.0  23.0  26.9  23.8  30.3  26.5  31.5  27.5  30.8  28.9 
 24.1  23.7  24.0  24.1  24.1  24.0  23.7  23.4  23.1  22.9  23.1  23.0  23.0  22.9  22.8  22.8  22.9  22.9  23.1  23.0  22.8  22.8  23.2 nan  23.0  27.7  25.3  30.7  27.5  30.7  29.5  30.9 
 24.5  24.7  25.3  25.5  26.5  26.6  29.0  29.7  27.6  26.3  23.3  23.1  22.9  22.8  22.9  23.1  22.7  22.8  22.9  22.9  22.7  22.7  23.1  23.2  24.1  23.1  27.9  25.6  29.8  26.7  30.8  28.3 
 25.1  24.8  26.2  26.2  27.9  28.6  36.8  42.3  44.9  39.0  24.2  23.3  22.9  22.7  23.0  22.9  22.6  22.5  22.9  22.8  22.8  22.7  23.1  23.1  23.1  24.1  24.0  26.4  24.8  29.0  27.2  28.9 
 25.0  25.5  26.6  27.3  29.9  32.6  51.6  60.1  70.8  67.5  33.9  25.9  23.0  22.7  23.0  22.9  22.8  22.8  22.9  23.1  22.8  22.8  23.1  23.2  23.1  22.9  23.6  23.5  25.2  24.0  26.4  26.5 
 25.7  25.4  27.3  27.4  30.4  33.4  52.0  60.8  76.0  75.6  39.0  26.6  23.1  22.9  23.1  22.9  22.9  22.7  22.9  22.9  22.8  22.9  23.2  23.2  22.9  22.9  23.5  23.5  23.7  24.8  25.5  25.4 
 25.4  25.7  26.9  27.4  29.6  31.9  45.8  55.1  78.5  78.5  33.8  25.7  23.0  22.9  23.0  23.1  22.9  22.8  23.1  23.2  23.0  22.7  23.1  23.1  23.3  22.9  23.5  23.7  23.2  23.7  24.7  25.0 
 25.4  25.7  27.0  27.1  28.9  30.2  38.9  45.3  61.1  58.2  28.2  24.4  23.1  22.7  23.2  23.2  22.9  22.7  23.3  23.2  22.9  22.8  23.1  23.2  23.2  23.1  23.7  23.8  23.7  23.4  24.6  24.6 
 25.8  25.7  26.7  27.0  27.2  27.7  29.5  31.0  32.5  30.5  24.4  23.8  23.0  23.1  23.2  23.2  23.2  22.9  23.2  23.3  23.1  22.8  23.4  23.5  23.2  23.2  23.4  23.8  23.8  23.8  24.2  24.7 
 25.8  26.0  26.6  26.6  26.6  26.7  28.3  28.2  28.4  27.3  24.2  23.7  23.2  23.1  23.3  23.1  22.9  22.9  23.3  23.1  22.9  22.7  23.5  23.4  23.5  23.1  23.6  23.5  23.5  23.6  24.6  24.9 
 25.9  25.5  26.0  26.3  25.9  25.9  26.2  26.5  25.8  25.4  23.9  24.0  23.1  23.2  23.2  23.5  23.0  23.0  23.1  23.5  23.1  23.2  23.7  23.8  23.6  23.1  23.6  23.9  23.6  24.1  24.9  26.5 
 25.6  25.4  26.3  25.9  25.9  25.5  26.0  25.8  25.2  24.9  24.1  23.9  23.5  23.0  23.4  23.4  23.1  23.0  23.5  23.3  23.3  23.0  23.7  23.5  23.5  23.3  24.1  23.9  24.2  24.4  26.0  26.5 
 26.6  26.0  26.0  25.7  25.5  25.5  25.4  25.5  24.5  24.2  23.8  24.0  23.3  23.4  23.4  23.6  23.4  23.2  23.3  23.6  23.5  23.2  23.3  23.7  23.5  23.5  24.5  25.2  24.7  25.0  27.3  27.5 
 27.1  26.2  26.0  25.5  25.3  25.1  25.5  25.3  24.2  24.1  24.4  23.9  23.5  23.2  23.8  23.6  23.2  23.0  23.7  23.3  23.6  23.3  23.7  23.9  23.9  24.2  25.3  25.3  25.4  25.4  27.8  27.9 
