 24.9  24.2  23.6  23.7  24.3  24.1  24.2  24.6  24.1  23.8  24.1  24.4  23.8  23.7  23.8  24.3  23.9  24.1  24.0  24.1  23.8  24.1  24.0  24.6  24.3  24.0  24.2  24.8  24.7  24.5  24.6  26.1 
 24.3  23.6  24.0  23.9  24.6  24.3  24.5  24.2  24.4  24.0  24.2  24.1  24.1  23.7  24.1  24.0  24.1  23.9  24.2  24.0  24.3  23.8  24.3  24.0  24.3  24.1  24.3  24.5  24.8  24.3  25.2  25.8 
 23.8  23.8  24.3  24.0  24.2  24.1  24.3  24.3  23.9  23.9  23.8  24.1  23.7  24.0  24.0  24.1  23.9  24.0  23.9  23.9  23.9  24.0  23.9  24.3  24.2  24.3  24.1  24.6  24.4  24.5  24.7  24.6 
 23.9  23.3  24.2  24.2  24.4  24.1  24.3  24.3  24.2  23.8  24.0  24.0  24.0  23.8  24.0  24.1  24.2  23.7  24.1  23.9  24.2  23.7  24.2  24.2  24.2  23.9  24.4  24.2  24.6  24.4  24.8  24.9 
 24.1  24.2  24.1  24.5  24.4  24.4  24.3  24.4  23.9  24.0  23.8  24.0  23.9  23.8  23.9  24.0  23.8  23.9  23.8  24.1  23.9  23.9  24.0  24.2  24.1  24.1  24.3  24.5  24.1  24.1  24.3  24.6 
 24.3  23.9  24.3  24.3  24.5  24.0  24.3  24.1  24.0  23.9  24.1  24.0  24.0  23.9  23.9  24.0  24.0  23.8  24.0  23.9  24.1  23.9  24.2  23.9  24.3  23.9  24.1  24.1  24.5  24.0  24.7  24.5 
 23.8  24.2  24.1  24.4  24.1  24.4  24.1  24.3  23.9  23.9  23.8  24.2  23.9  23.9  23.9  23.9  23.7  23.9  23.9  24.0  23.9  24.1  23.9  24.1  23.7  23.9  24.0  24.3  24.0  24.1  24.4  24.6 
 24.5  24.0  24.2  24.2  24.5  24.1  24.2  24.1  24.0  23.8  24.1  23.8  23.9  23.9  23.9  24.1  24.0  23.8  23.9  24.0  23.9  23.9  24.2  23.9  24.1  23.9  24.3  24.2  24.3  24.1  24.3  23.4 
 24.2  24.5  24.3  24.6  24.2  24.2  24.2  24.2  23.8  23.9  24.1  24.1  23.9  23.9  23.9  24.1  24.0  24.0  23.9  24.0  23.9  23.9  24.1  24.2  24.1  24.0  24.1  24.5  23.9  24.3  24.3  24.2 
 24.7  24.3  24.7  24.5  24.6  24.1  24.4  24.0  24.0  23.9  23.9  24.1  23.9  23.7  24.0  23.8  24.0  23.7  24.1  24.0  24.1  23.9  24.2  24.0  24.2  24.0  24.2  24.3  24.1  24.0  24.6  24.3 
 24.4  24.5  24.3  24.4  23.9  24.1  24.1  24.0  24.0  24.1  24.0  24.2  23.8  24.0  23.9  24.1  23.8  23.9  24.1  24.1  23.9  23.9  24.2  24.2  24.0  24.1  24.1  24.3  24.1  24.2  24.4  24.7 
 24.6  24.2  24.5  24.4  24.3  24.2  24.4  24.2  24.0  23.8  24.1  24.0  24.1  23.7  24.0  23.9  24.0  23.9  24.1  24.1  24.1  23.8  24.2 nan  24.2  23.9  24.2  24.5  24.4  24.1  24.9  24.7 
 24.4  24.1  24.4  24.6  24.0  24.1  24.1  24.2  24.0  24.1  23.9  24.2  23.9  23.9  24.0  24.1  23.9  24.0  24.0  24.2  24.2  24.1  24.3  24.3  24.1  24.3  24.4  24.7  24.4  24.5  24.8  25.2 
 24.9  23.9  24.8  24.3  24.4  24.0  24.3  24.2  24.0  23.8  24.0  24.1  24.1  23.9  24.0  24.2  24.1  23.8  24.2  24.2  24.2  24.1  24.5  24.4  24.4  24.3  24.9  24.7  25.1  24.9  25.4  25.3 
 24.1  24.7  24.3  24.7  24.2  24.2  24.1  24.1  23.9  23.9  24.1  24.3  24.0  23.9  24.0  24.0  23.9  24.1  24.1  24.3  24.4  24.9  29.6  30.9  30.8  30.0  27.6  27.2  26.5  26.8  26.3  26.4 
 24.7  24.2  24.7  24.5  24.2  24.1  24.3  24.2  24.2  24.0  24.2  23.9  24.1  23.7  24.0  23.9  24.1  23.9  24.2  24.2  25.2  28.9  45.3  47.5  44.6  39.2  30.9  29.1  27.7  27.3  27.1  26.6 
 24.4  24.6  24.3  24.5  24.4  24.2  24.3  24.3  24.1  24.0  24.0  24.0  23.9  23.9  24.0  24.0  24.0  24.1  24.2  24.5  32.2  44.6  70.3  73.5  69.8  60.6  36.2  33.0  29.3  28.5  27.4  27.3 
 24.9  24.4  24.5  24.5  24.3  24.2  24.5  24.1  24.3  23.8  24.1  24.0  24.2  23.9  24.2  24.1  24.1  24.0  24.4  24.4  34.8  48.9  75.0  77.7  71.8  61.5  37.0  33.2  29.7  28.5  27.8  27.3 
 24.7  24.5  24.6  24.7  24.2  24.7  24.4  24.4  24.2  24.2  24.1  24.1  23.9  24.0  24.2  24.4  24.2  24.1  24.2  24.9  33.6  42.7  65.0  68.0  58.9  50.1  34.9  32.5  29.6  28.6  28.0  28.3 
 25.0  24.6  25.0  24.7  24.6  24.1  24.6  24.3  24.4  24.1  24.4  24.2  24.2  24.0  24.3  24.2  24.3  23.9  24.6  25.0  31.7  36.4  52.0  54.0  47.1  42.0  33.1  31.4  28.8  28.4  27.9  28.4 
 24.8  25.1  24.7  25.0  24.5  24.7  24.1  24.5  24.2  24.5  24.1  24.3  24.0  24.1  24.0  24.5  24.1  24.3  24.6  25.5  27.2  28.7  32.9  34.4  33.9  33.0  30.6  30.1  28.0  28.1  28.3  29.7 
 25.3  24.9  25.2  24.9  24.6  24.0  24.6  24.5  24.5  24.0  24.6  24.2  24.1  24.1  24.3  24.3  24.3  24.0  25.0  25.4  26.4  26.9  30.1  30.7  31.4  30.9  29.8  29.4  28.2  27.5  29.3  30.0 
 25.7  25.9  24.8  25.1  24.5  24.6  24.6  24.6  24.2  24.2  24.2  24.4  24.1  24.2  24.3  24.5  24.1  24.3  25.3  25.3  25.5  25.9  27.6  28.6  29.0  29.0  28.6  28.6  27.5  28.1  29.9  32.9 
 27.0  25.3  25.0  25.1  25.0  24.7  24.8  24.7  24.6  24.5  24.6  24.3  24.4  24.0  24.5  24.3  24.5  24.1  25.2  25.0  25.6  25.5  27.1  27.7  28.2  27.9  28.3  28.0  27.9  28.5  31.9  33.2 
