 24.3  23.3  23.6  23.5  24.0  23.8  24.2  24.3  23.9  23.7  24.0  23.9  23.7  23.6  23.5  24.1  23.9  23.6  23.9  24.0  23.8  23.8  23.9  24.2  23.8  23.9  24.1  24.6  24.2  24.0  25.5  26.3 
 23.8  23.5  23.9  23.6  23.8  24.1  24.4  23.9  23.8  23.8  23.9  24.1  23.6  23.7  24.2  23.7  23.6  23.6  23.9  23.8  23.8  23.8  24.4  24.1  23.8  23.7  24.2  24.3  24.0  24.3  24.9  25.1 
 23.5  23.5  24.0  24.1  24.0  23.9  24.2  24.1  23.8  23.6  23.9  23.9  23.7  23.6  23.6  23.9  23.9  23.4  23.8  24.1  23.7  23.7  23.7  24.3  24.0  23.7  24.3  24.3  24.1  23.9  24.6  24.9 
 23.1  23.2  23.9  24.0  23.9  24.0  24.1  24.0  23.6  23.7  23.9  23.8  23.6  23.6  23.8  23.9  23.8  23.7  23.9  23.8  23.7  23.6  24.2  23.9  23.9  23.7  24.4  24.3  23.9  23.8  24.7  24.8 
 24.0  23.8  24.1  24.2  24.1  24.1  24.1  24.0  23.8  23.5  23.7  23.8  23.7  23.6  23.8  23.9  23.6  23.5  23.7  23.8  23.7  23.7  23.8  24.0  23.8  23.7  24.0  24.3  23.8  24.0  24.3  24.5 
 23.8  23.6  24.0  23.9  23.8  24.0  24.2  23.9  23.7  23.6  23.8  23.8  23.6  23.7  23.8  23.8  23.6  23.6  23.9  23.9  23.6  23.6  23.9  23.9  23.7  23.7  24.1  24.2  23.8  23.9  24.6  24.2 
 23.8  23.8  24.2  24.2  23.9  24.0  23.9  24.0  23.9  23.5  23.9  24.0  23.9  23.7  23.7  23.8  23.7  23.7  23.8  23.9  23.7  23.7  23.9  24.1  23.7  23.6  24.0  24.0  23.9  23.7  24.1  24.3 
 23.9  23.7  23.9  24.1  24.3  23.9  24.1  24.1  23.8  23.7  24.0  23.8  23.8  23.6  23.9  23.8  23.6  23.7  23.8  23.9  23.8  23.4  24.0  23.9  23.7  23.7  24.1  24.1  24.1  23.8  24.2  23.4 
 24.4  24.1  24.2  24.1  24.1  23.9  24.0  24.0  23.8  23.8  23.9  23.9  23.7  23.6  23.7  24.0  23.6  23.7  23.9  24.0  23.8  23.8  23.9  23.9  23.9  23.8  24.1  24.3  24.2  23.8  24.2  23.9 
 24.3  24.1  24.2  24.4  24.1  24.0  24.2  24.0  23.6  23.8  23.8  24.0  23.8  23.6  23.9  23.7  23.6  23.6  23.9  23.7  23.7  23.7  24.0  23.9  24.0  23.9  24.1  24.2  23.9  23.8  24.5  24.0 
 24.2  24.3  24.5  24.5  24.2  23.9  23.9  24.1  23.8  23.5  23.9  24.0  23.8  23.6  23.8  23.8  23.7  23.8  23.8  24.0  23.9  23.8  24.2  23.9  24.0  23.8  23.9  24.1  24.0  23.9  24.3  24.5 
 24.2  24.2  24.1  24.1  23.9  23.8  24.0  24.1  23.7  23.7  23.9  23.8  23.8  23.7  23.9  23.8  23.8  23.7  23.9  23.8  23.9  23.9  24.1 nan  23.9  23.8  24.2  24.0  24.1  23.7  24.6  24.3 
 24.3  24.0  24.1  24.3  24.0  23.7  24.0  24.1  23.5  23.6  23.8  24.2  23.8  23.6  23.9  24.0  23.8  23.7  24.0  24.1  24.0  23.9  24.1  24.2  24.1  24.0  24.4  24.5  24.4  24.4  24.7  25.0 
 24.3  24.1  24.3  24.5  23.8  24.0  23.9  23.9  23.7  23.6  23.8  23.8  23.8  23.9  23.9  23.9  23.7  23.8  23.9  23.9  24.0  23.9  24.3  24.3  24.4  24.2  24.9  24.7  24.8  24.7  25.2  25.2 
 24.0  24.0  24.3  24.4  24.1  23.8  24.0  23.8  23.8  23.8  23.8  24.0  23.9  23.7  23.8  24.0  23.8  23.7  24.0  24.2  24.3  24.8  29.6  31.0  30.6  29.8  27.3  27.1  26.4  26.1  26.3  26.3 
 23.9  24.3  24.6  24.4  23.8  23.7  24.0  24.0  24.0  23.6  23.9  23.9  23.7  23.7  23.9  23.8  23.7  23.7  24.1  24.2  25.0  28.8  45.1  47.4  44.3  39.1  30.7  29.1  27.3  26.9  26.5  26.3 
 24.3  23.9  24.2  24.0  23.9  23.9  24.0  24.3  23.9  23.6  23.8  24.0  23.7  23.7  24.0  24.1  23.8  23.7  24.2  24.4  31.9  44.5  70.2  73.5  69.7  60.4  36.2  32.6  28.9  28.1  27.1  27.4 
 24.1  24.2  24.4  24.3  24.0  23.8  24.4  24.1  23.7  23.8  23.9  23.8  23.8  23.7  23.9  24.0  23.8  23.8  24.1  24.5  34.5  48.7  74.8  77.4  71.5  61.5  36.8  33.3  29.4  28.2  27.5  27.4 
 24.4  24.5  24.5  24.6  24.0  24.1  24.3  24.4  24.0  23.7  24.0  24.1  23.9  23.8  24.2  24.1  24.1  23.8  24.1  24.6  33.4  42.4  64.8  67.8  58.9  50.0  34.4  32.5  29.2  28.2  27.7  27.8 
 24.4  24.3  24.7  24.6  24.3  24.0  24.1  24.3  23.9  23.9  24.0  24.0  23.9  23.9  24.2  23.9  23.9  23.8  24.4  24.6  31.2  36.3  51.8  53.8  46.9  41.6  32.8  31.3  28.6  28.1  28.0  27.9 
 24.7  24.1  24.7  24.7  24.1  24.1  24.0  24.4  24.0  24.1  24.0  24.1  23.9  23.8  23.9  24.2  23.9  23.7  24.4  25.4  27.1  28.6  32.9  34.2  33.4  32.5  30.8  29.9  27.9  27.7  28.0  29.6 
 24.8  24.8  25.0  24.5  24.2  24.0  24.5  24.3  24.0  24.0  24.1  24.2  24.0  23.7  24.2  24.3  24.1  23.8  24.9  25.5  26.0  26.7  29.9  30.6  31.1  30.8  30.0  29.3  27.4  27.3  29.2  29.8 
 25.6  24.9  24.6  25.2  24.5  24.0  24.3  24.3  24.1  24.0  24.2  24.5  24.1  23.9  24.1  24.3  24.1  24.1  25.1  25.2  25.4  25.4  27.5  28.3  28.7  28.3  28.3  28.3  27.6  27.8  30.2  31.9 
 25.6  25.2  24.8  25.0  24.4  24.3  24.4  24.4  24.1  24.2  24.2  24.4  24.2  24.0  24.2  24.2  24.0  23.9  25.2  24.9  25.3  25.5  27.2  27.6  27.6  27.8  28.2  27.9  27.6  27.9  32.2  32.6 
