 24.2  24.2  23.8  23.7  24.0  24.2  24.4  24.6  24.1  23.8  24.1  24.1  23.9  23.7  23.9  24.1  23.7  23.7  23.9  24.0  23.8  24.1  23.9  24.3  24.1  24.0  24.2  24.5  24.5  24.3  25.1  26.8 
 24.3  23.4  24.0  24.0  24.1  24.0  24.5  24.3  24.2  24.1  24.1  24.2  24.0  23.7  24.0  24.0  23.9  23.8  24.1  24.2  24.0  23.8  24.1  24.0  24.0  24.1  24.5  24.5  24.3  24.3  25.5  25.8 
 24.0  23.6  24.0  24.4  24.2  24.0  24.2  24.1  24.1  23.9  23.8  24.0  23.8  23.7  23.9  24.0  23.7  23.8  24.0  24.1  23.8  23.7  23.8  24.2  24.2  23.9  24.3  24.5  24.4  24.0  24.5  25.0 
 23.4  23.5  24.2  24.3  24.3  24.0  24.5  24.4  24.0  23.8  24.2  23.9  23.9  23.7  23.8  24.0  23.9  23.7  23.9  23.9  23.8  23.7  24.2  24.2  24.2  23.9  24.6  24.4  24.1  24.1  24.6  24.9 
 24.1  23.7  24.2  24.6  24.5  24.3  24.3  24.1  24.1  24.0  23.9  23.9  23.9  23.6  23.9  24.0  23.9  23.6  23.8  23.9  24.0  23.9  24.0  24.0  23.9  23.8  24.2  24.3  24.2  24.2  24.6  24.6 
 24.1  23.9  24.2  24.3  24.2  24.1  24.4  24.3  23.9  23.9  24.0  24.1  23.7  23.9  23.9  23.9  24.0  23.8  23.9  24.0  23.8  23.8  24.1  24.1  24.3  23.8  24.1  24.2  24.3  24.3  24.7  24.4 
 23.8  23.9  24.1  24.3  24.3  24.1  24.3  24.1  23.8  23.8  23.8  24.2  23.7  23.8  23.9  23.9  23.8  23.7  23.8  23.9  23.7  23.9  24.1  24.1  23.8  23.8  24.2  24.4  24.2  23.9  24.1  24.4 
 24.4  23.8  24.3  24.5  24.3  24.1  24.3  24.1  23.8  23.9  23.9  23.9  23.8  23.7  24.0  23.9  23.9  23.9  24.1  23.9  23.7  23.9  24.0  24.1  23.9  23.9  24.4  24.3  24.0  23.9  24.5  23.7 
 24.4  24.2  24.4  24.2  24.0  24.0  24.1  24.2  23.9  23.8  24.0  24.0  23.8  23.9  23.9  24.0  23.8  23.8  24.0  24.0  23.9  23.7  23.9  24.1  24.0  24.0  24.2  24.1  24.0  24.0  24.4  24.7 
 24.3  24.3  24.4  24.2  24.1  23.9  24.3  24.0  23.8  23.8  23.9  24.1  23.9  23.8  24.0  24.0  23.8  23.8  23.9  24.0  24.1  23.8  24.1  24.0  24.1  24.1  24.3  24.4  24.1  24.0  24.3  24.3 
 24.3  24.2  24.4  24.5  24.1  24.0  24.2  24.0  23.8  23.9  24.0  24.0  23.8  23.8  23.9  23.9  24.0  23.9  24.1  24.1  23.9  23.9  23.9  24.3  24.0  23.9  24.2  24.1  24.2  23.9  24.6  24.7 
 24.4  24.0  24.4  24.2  23.9  24.1  24.2  24.1  23.9  23.8  24.1  24.1  24.1  23.9  23.9  23.9  23.8  23.9  24.0  24.1  23.9  24.1  24.3 nan  23.8  24.1  24.2  24.2  24.4  24.1  24.6  24.7 
 24.6  24.0  24.2  24.2  24.1  24.1  24.0  24.3  23.8  23.8  24.0  24.0  23.9  24.0  24.1  24.1  23.9  23.9  24.1  24.0  23.9  23.9  24.4  24.3  24.2  24.3  24.4  24.5  24.6  24.5  24.9  25.0 
 24.3  24.2  24.8  24.4  24.2  24.0  24.4  24.2  23.8  23.9  24.1  24.1  23.8  23.9  24.1  24.2  23.9  23.9  24.1  24.2  24.1  24.0  24.4  24.5  24.5  24.2  24.8  24.9  25.0  24.7  25.3  25.5 
 24.1  24.4  24.3  24.6  24.2  24.1  24.2  24.3  23.9  23.7  24.0  24.2  23.9  23.9  24.0  24.1  23.9  23.9  24.3  24.4  24.4  24.7  29.7  31.1  30.7  29.9  27.5  27.2  26.4  26.5  26.3  26.1 
 24.5  24.2  24.7  24.5  24.1  24.1  24.2  24.1  24.1  23.9  24.1  24.0  23.8  23.7  24.0  23.9  23.8  23.9  24.4  24.2  25.2  28.8  45.1  47.5  44.4  39.2  30.7  29.3  27.6  27.1  26.9  26.4 
 24.3  24.5  24.6  24.4  23.9  24.0  24.2  24.1  23.9  24.0  23.9  24.1  23.9  23.8  24.1  23.9  23.9  24.1  24.3  24.5  32.1  44.6  70.5  73.7  69.8  60.6  36.1  32.9  28.8  28.2  27.4  27.4 
 24.7  24.6  24.5  24.4  24.3  24.1  24.3  24.5  24.1  24.0  24.0  24.1  23.9  24.0  24.0  24.2  24.0  23.8  24.3  24.4  34.5  48.8  74.9  77.7  71.5  61.5  37.0  33.2  29.5  28.6  27.8  27.5 
 24.7  24.5  24.8  24.8  24.5  24.2  24.3  24.7  24.1  24.1  24.2  24.1  23.9  24.0  24.0  24.2  24.2  24.2  24.2  24.7  33.4  42.5  65.0  67.9  59.0  50.1  34.5  32.2  29.4  28.4  27.6  27.9 
 24.5  24.6  24.7  24.7  24.2  24.2  24.5  24.4  24.1  24.0  24.3  24.1  23.9  24.1  24.3  24.1  24.1  24.0  24.5  25.0  31.3  36.3  51.9  54.0  46.8  41.9  32.9  31.5  28.8  28.5  27.9  28.2 
 25.0  24.9  25.0  25.0  24.2  24.3  24.3  24.3  24.3  24.0  24.2  24.3  24.0  24.1  24.3  24.4  24.0  24.1  24.7  25.4  27.2  28.7  32.9  34.2  33.8  32.5  30.9  30.1  28.0  27.6  28.3  28.9 
 25.1  24.9  25.1  24.6  24.5  24.2  24.5  24.4  23.9  24.1  24.4  24.4  23.9  24.0  24.1  24.2  24.0  24.1  24.9  25.5  26.1  26.8  29.9  30.9  31.2  30.9  30.1  29.4  27.7  27.6  29.1  30.0 
 25.4  25.4  24.9  24.8  24.5  24.5  24.7  24.7  24.1  24.2  24.3  24.3  24.1  24.0  24.2  24.3  24.2  24.3  25.1  25.2  25.4  25.6  27.6  28.4  28.7  28.5  28.7  28.3  27.5  27.9  30.6  32.5 
 25.5  25.3  25.1  25.1  24.4  24.4  24.7  24.6  24.4  24.4  24.5  24.4  24.3  24.0  24.3  24.6  24.1  24.0  25.2  25.0  25.1  25.6  27.1  27.7  27.9  28.0  28.1  28.2  27.9  28.3  31.5  32.8 
