 24.7  24.2  24.1  23.8  24.6  23.9  24.6  24.4  24.1  24.0  24.4  24.2  24.2  24.1  24.2  24.1  24.1  23.9  24.3  24.1  24.1  24.2  24.4  24.6  24.1  24.2  24.7  24.5  24.9  24.7  25.7  26.5 
 24.3  24.0  24.1  24.4  24.4  24.5  24.6  24.5  24.3  24.3  24.2  24.3  24.1  24.0  24.2  24.3  24.0  23.9  24.4  24.2  24.0  24.0  24.2  24.7  24.0  24.4  24.5  24.6  24.5  25.0  25.7  26.4 
 24.2  24.0  24.6  24.5  24.4  24.4  24.7  24.4  24.2  23.9  24.1  24.2  24.0  23.7  24.2  24.0  23.9  23.9  24.0  24.2  24.2  23.8  24.3  24.3  24.5  24.2  24.6  24.6  24.9  24.6  24.9  25.0 
 23.2  23.9  24.5  24.6  24.4  24.2  24.7  24.8  23.9  23.9  24.3  24.1  23.9  24.0  24.0  24.1  24.0  23.9  24.1  24.3  24.1  24.0  24.2  24.3  24.1  24.1  24.7  24.5  24.1  24.4  25.0  25.5 
 24.4  24.4  24.2  24.5  24.6  24.4  24.2  24.5  24.2  24.1  24.0  24.1  24.0  24.0  24.1  24.3  24.0  23.9  24.1  24.1  24.0  24.1  24.2  24.3  24.0  24.1  24.4  24.5  24.4  24.2  24.6  24.9 
 24.1  24.4  24.4  24.3  24.2  24.6  24.4  24.5  24.0  23.9  24.0  24.1  24.0  24.0  23.9  24.0  24.1  23.9  24.3  24.1  24.1  24.0  24.0  24.3  24.2  24.1  24.4  24.5  24.2  24.3  24.9  24.7 
 24.3  24.1  24.3  24.3  24.3  24.4  24.4  24.3  24.1  24.1  24.1  24.1  23.9  24.0  24.0  23.9  24.0  24.0  24.2  24.2  23.9  23.9  24.3  24.3  24.2  24.0  24.5  24.4  24.5  24.1  24.6  24.7 
 24.2  24.2  24.5  24.5  24.5  24.2  24.4  24.4  24.1  24.1  24.0  24.1  24.0  24.0  24.0  24.1  24.0  24.0  24.0  24.1  24.1  24.0  24.2  24.3  24.1  24.2  24.4  24.4  24.2  24.2  24.3  23.7 
 24.8  24.3  24.6  24.5  24.2  24.4  24.4  24.2  24.1  23.9  24.2  24.1  24.1  24.0  24.1  24.2  23.9  23.9  24.1  24.2  24.1  24.0  24.1  24.0  24.3  24.2  24.4  24.4  24.4  24.2  24.4  24.5 
 24.7  24.6  24.7  24.6  24.5  24.3  24.3  24.2  23.9  24.0  24.0  24.2  23.9  23.9  24.0  24.2  23.9  24.0  24.1  24.3  24.0  24.0  24.2  24.3  24.2  24.2  24.4  24.4  24.1  24.2  25.1  24.7 
 24.8  24.7  24.9  24.4  24.3  24.3  24.2  24.3  24.1  24.0  24.1  24.2  24.2  23.8  24.0  24.0  24.1  24.0  24.2  24.1  24.2  24.1  24.3  24.2  24.1  24.1  24.1  24.3  24.3  24.5  24.8  24.9 
 24.3  24.3  24.3  24.6  24.2  24.2  24.3  24.3  24.1  24.1  24.2  24.1  24.0  24.0  24.0  24.2  24.0  24.1  24.1  24.3  24.2  24.2  24.3 nan  24.2  24.2  24.4  24.6  24.5  24.4  24.7  25.0 
 24.4  24.3  24.6  24.6  24.2  24.1  24.4  24.4  24.2  24.0  24.3  24.3  24.1  24.0  24.2  24.2  24.2  24.1  24.2  24.2  24.3  24.1  24.5  24.3  24.3  24.5  24.8  24.7  24.7  24.4  25.4  25.5 
 24.6  24.6  24.6  24.5  24.4  24.2  24.4  24.3  23.9  23.7  24.1  24.4  24.1  23.9  24.2  24.2  24.0  24.0  24.1  24.2  24.2  24.2  24.4  24.5  24.7  24.6  24.9  25.1  25.3  25.2  25.6  25.8 
 24.6  24.4  24.7  24.7  24.4  24.1  24.5  24.3  24.2  24.0  24.1  24.2  24.1  23.9  24.1  24.1  24.3  24.1  24.3  24.5  24.6  24.9  30.1  31.2  31.2  30.0  27.6  27.2  26.8  26.4  26.5  26.4 
 24.7  24.5  24.8  24.6  24.3  24.2  24.4  24.2  24.1  24.0  24.2  24.2  24.1  24.1  24.1  24.1  23.9  24.0  24.1  24.3  25.2  29.0  45.4  47.7  44.6  39.5  31.0  29.5  27.8  27.3  26.8  26.9 
 24.8  24.5  24.9  24.8  24.3  24.2  24.3  24.4  24.4  24.0  24.1  24.0  24.1  24.1  24.2  24.0  24.1  24.1  24.3  24.5  32.1  44.7  70.4  73.9  70.1  60.7  36.3  32.7  29.4  28.8  27.9  27.3 
 24.6  24.8  24.6  24.8  24.3  24.3  24.4  24.4  24.3  24.0  24.2  24.1  24.1  24.0  24.3  24.2  24.1  24.1  24.3  25.0  34.8  49.0  75.2  77.9  71.8  61.7  37.1  33.5  29.7  28.8  27.9  27.8 
 25.0  24.8  25.1  25.0  24.7  24.4  24.6  24.7  24.4  24.3  24.2  24.3  24.2  24.2  24.4  24.3  24.6  24.1  24.4  24.7  33.7  42.6  65.2  68.2  59.3  50.2  34.9  32.5  29.4  28.7  28.1  28.1 
 24.8  24.8  24.8  24.9  24.8  24.4  24.4  24.5  24.2  24.2  24.4  24.4  24.2  24.2  24.3  24.2  24.3  24.2  24.7  25.1  31.4  36.6  52.0  54.3  47.2  42.2  33.0  31.8  29.0  28.7  28.4  28.4 
 25.4  25.1  25.2  25.0  24.8  24.5  24.6  24.4  24.4  24.2  24.2  24.3  24.1  24.1  24.4  24.4  24.2  24.3  24.9  25.6  27.5  28.8  33.2  34.3  34.0  32.9  30.9  30.0  28.5  28.1  28.3  29.7 
 25.3  25.5  25.6  25.1  24.8  24.5  24.5  24.9  24.3  24.3  24.3  24.4  24.2  24.4  24.3  24.4  24.2  24.1  25.2  25.8  26.4  27.1  30.1  30.9  31.3  31.2  30.2  29.7  28.0  27.8  29.1  30.9 
 26.2  25.7  25.3  25.3  24.8  24.6  24.9  24.7  24.6  24.3  24.5  24.5  24.5  24.3  24.5  24.7  24.5  24.4  25.3  25.4  25.6  25.9  28.1  28.2  28.9  29.2  29.0  28.6  27.9  28.3  31.7  32.1 
 26.4  25.3  25.3  25.3  24.8  24.7  24.8  24.9  24.5  24.5  24.5  24.8  24.4  24.3  24.6  24.6  24.5  24.4  25.3  25.4  25.4  25.8  27.4  27.9  28.2  28.3  28.3  28.5  28.1  28.6  32.3  33.7 
