 23.7  23.5  23.6  23.8  22.9  22.9  23.0  23.2  22.6  22.7  22.9  23.1  22.5  22.5  22.7  23.0  22.3  22.6  22.7  23.0  22.5  22.8  22.9  23.2  23.0  22.8  23.1  23.4  23.1  23.1  24.2  25.5 
 23.8  23.2  23.6  23.6  23.2  22.5  23.1  23.0  22.8  22.8  23.1  23.2  22.6  22.5  22.9  22.7  22.7  22.4  22.8  22.8  22.7  22.4  22.9  23.1  22.8  22.8  23.4  23.1  23.1  23.4  24.4  24.8 
 23.3  23.6  23.4  23.4  22.7  22.9  22.9  23.3  22.7  22.7  23.0  22.9  22.5  22.6  22.8  22.9  22.5  22.4  22.6  22.8  22.6  22.5  22.8  22.9  22.7  23.1  23.0  23.5  22.7  23.2  24.0  24.2 
 23.4  23.0  23.4  23.4  22.9  22.7  23.1  23.1  23.0  22.6  23.3  22.9  22.6  22.4  22.7  23.1  22.6  22.4  23.0  22.8  22.8  22.5  22.8  22.9  22.9  22.8  23.3  23.2  23.1  23.7  23.9  23.8 
 22.7  23.2  22.9  23.0  22.6  22.7  22.7  22.9  23.1  23.3  23.7  23.2  22.5  22.5  22.8  22.7  22.4  22.4  22.5  22.8  22.5  22.6  22.7  23.0  22.6  22.9  23.1  23.2  23.1  23.6  23.6  23.7 
 23.2  23.0  23.4  23.2  22.8  22.5  23.1  23.3  23.4  23.9  25.4  23.6  22.5  22.5  22.8  22.7  22.7  22.3  22.9  22.8  22.5  22.4  22.7  23.0  23.2  22.6  23.0  23.3  23.2  22.9  24.0  23.5 
 22.7  23.2  23.1  23.2  22.6  22.7  23.0  23.2  23.4  24.6  27.0  24.6  22.5  22.5  22.6  22.9  22.4  22.6  22.7  22.9  22.5  22.8  23.0  23.1  22.5  22.7  22.9  23.2  22.8  22.8  23.3  23.3 
 23.4  22.9  23.1  23.3  23.0  22.6  23.1  22.9  23.0  22.9  24.2  23.2  22.7  22.3  22.7  22.8  22.9  22.5  22.7  22.9  22.7  22.5  23.0  22.9  22.7  22.6  23.1  23.3  22.9  22.7  23.2  22.5 
 23.3  23.2  23.3  23.5  22.9  23.0  23.0  23.1  22.6  22.6  22.8  23.0  22.4  22.6  22.6  22.8  22.5  22.6  22.6  22.8  22.5  22.5  22.8  22.9  22.7  22.6  23.0  23.2  22.5  22.8  23.1  23.3 
 23.5  23.1  23.9  23.6  23.3  22.8  23.1  23.0  22.8  22.7  23.0  22.9  22.6  22.4  22.7  22.7  22.5  22.4  22.7  22.9  22.7  22.5  22.9  22.8  22.8  22.5  23.3  23.0  22.8  22.6  23.5  23.3 
 24.0  24.2  24.6  24.9  24.2  24.4  23.6  23.5  22.7  22.9  22.9  22.8  22.5  22.6  22.7  22.9  22.5  22.7  22.7  22.9  22.5  22.8  22.8  22.8  22.6  22.6  23.0  23.0  22.6  22.8  23.1  23.5 
 24.4  24.4  25.2  25.2  25.7  25.5  24.9  24.3  23.1  22.8  23.0  23.0  22.7  22.6  22.8  22.9  22.7  22.6  22.8  22.8  22.7  22.5  22.8 nan  22.6  22.5  23.0  23.0  23.2  22.6  23.5  23.5 
 25.0  25.1  26.2  26.8  28.2  29.3  37.7  41.9  39.4  33.7  23.4  23.2  22.7  22.6  22.8  22.9  22.4  22.6  22.9  22.6  22.5  22.5  22.7  22.9  22.6  22.6  23.2  23.2  22.8  23.0  23.1  23.6 
 25.5  25.3  27.0  27.4  29.8  32.2  47.4  53.9  58.5  51.4  24.9  23.5  22.9  22.8  23.0  22.7  22.5  22.6  22.9  22.8  22.7  22.5  22.9  22.8  22.8  22.7  23.7  23.9  23.4  22.9  23.4  23.4 
 25.3  26.0  27.4  28.5  32.2  36.4  57.2  66.2  77.1  73.2  30.4  24.8  22.8  22.7  22.9  23.0  22.7  22.6  22.9  23.0  22.5  22.6  22.9  22.9  22.7  22.8  24.9  25.1  23.2  23.2  23.3  23.8 
 25.7  26.0  27.5  28.4  32.4  36.4  56.9  68.4  87.0  81.8  30.4  24.6  23.1  22.8  23.0  22.8  22.7  22.4  22.9  22.9  22.6  22.6  22.8  22.9  22.7  22.6  24.0  24.3  23.3  22.9  23.5  23.5 
 25.6  25.8  27.2  27.9  29.8  31.5  45.2  55.5  67.4  57.0  25.3  23.7  22.8  22.9  22.9  23.0  22.7  22.6  22.9  23.0  22.6  22.6  22.9  23.0  22.7  22.8  22.9  23.6  23.1  23.1  23.7  23.9 
 26.1  25.5  27.0  27.3  28.5  29.3  37.5  42.6  46.1  38.8  24.0  23.5  23.2  22.9  23.2  23.0  22.7  22.7  23.1  23.0  22.9  22.7  23.1  22.9  22.9  22.6  23.2  23.1  23.2  22.8  24.1  23.7 
 25.9  25.7  26.6  27.1  26.7  27.3  28.7  29.3  27.9  26.1  23.6  23.4  22.9  23.0  23.0  23.1  22.6  22.9  22.8  23.1  22.7  22.7  23.2  23.2  22.7  22.9  23.1  23.5  23.2  23.2  23.6  24.0 
 25.8  25.5  26.3  26.7  26.6  26.2  27.5  27.5  26.3  24.9  23.6  23.5  23.2  22.9  23.4  23.1  23.0  22.6  23.2  23.0  22.9  22.6  23.1  23.2  22.9  22.8  23.4  23.4  23.3  23.1  23.8  24.3 
 25.3  25.7  25.8  26.4  25.5  25.9  25.8  25.8  24.8  24.4  23.6  23.8  22.8  23.1  23.1  23.3  22.8  22.9  23.1  23.0  22.8  22.9  23.3  23.2  23.2  23.0  23.5  23.8  22.9  23.4  23.8  24.8 
 25.7  25.3  26.3  25.9  25.5  25.2  25.6  25.5  24.5  23.9  23.8  23.7  23.3  22.8  23.2  23.2  23.1  22.7  23.2  23.4  22.9  22.6  23.3  23.3  23.0  23.0  23.6  23.8  23.1  23.1  24.9  25.3 
 26.0  26.2  25.8  25.9  24.8  25.0  25.1  25.0  24.4  24.0  23.8  23.9  23.3  23.1  23.3  23.6  22.9  23.0  23.2  23.5  22.9  23.0  23.3  23.8  23.2  23.0  24.1  24.6  23.8  23.9  26.1  26.8 
 27.1  26.1  25.9  25.7  25.3  24.9  25.0  24.9  24.0  23.7  24.1  23.9  23.4  23.0  23.6  23.5  23.3  23.0  23.3  23.2  23.4  23.0  23.7  23.5  23.3  23.4  24.6  24.8  24.6  24.1  26.3  27.7 
