 24.9  23.5  23.6  24.1  24.4  23.5  24.4  24.4  24.3  23.8  24.0  24.2  24.1  23.6  24.0  23.8  24.0  23.7  24.0  24.2  24.1  23.7  24.2  24.3  24.4  23.6  24.7  24.4  24.4  24.2  25.7  26.3 
 23.8  24.0  23.9  24.0  24.1  24.3  24.4  24.5  24.1  24.0  24.1  24.3  23.9  23.7  24.0  24.1  23.9  23.9  24.0  24.2  23.9  24.0  24.1  24.3  23.8  24.3  24.4  24.5  24.2  24.4  25.1  25.5 
 23.8  23.2  24.5  24.1  24.2  23.9  24.2  24.1  24.2  23.7  24.2  24.0  23.8  23.6  24.1  24.0  24.1  23.7  24.0  23.9  24.1  23.7  23.9  24.2  24.2  23.9  24.3  24.3  24.6  23.9  24.7  24.9 
 23.3  23.9  24.2  24.3  24.0  24.0  24.5  24.4  23.6  23.7  24.1  24.0  23.5  23.8  24.0  23.9  23.9  23.8  23.9  24.0  23.7  24.1  24.1  24.2  23.9  24.1  24.3  24.4  24.0  24.4  24.5  25.3 
 24.2  23.8  24.4  24.4  24.5  23.9  24.2  24.1  24.0  23.7  24.1  24.0  23.9  23.5  23.9  23.8  23.9  23.6  23.9  23.7  24.0  23.7  23.9  24.1  24.0  23.8  24.3  24.2  24.4  23.8  24.4  24.5 
 23.5  24.1  24.3  24.4  24.1  24.2  24.2  24.2  23.9  23.9  23.8  24.0  23.7  23.9  23.8  23.9  23.7  23.8  23.8  23.9  23.9  24.0  23.9  24.0  24.1  23.8  24.1  24.3  23.8  24.3  24.4  24.7 
 23.9  23.7  24.3  24.1  24.4  24.0  24.1  24.0  24.1  23.5  24.1  23.9  24.0  23.7  23.9  23.8  23.8  23.6  24.0  23.9  24.0  23.7  24.0  24.0  24.1  23.7  24.2  24.3  24.2  23.8  24.2  24.6 
 24.1  23.8  24.2  24.5  24.0  24.2  24.3  24.2  24.0  23.9  23.9  24.0  23.8  23.8  23.8  24.0  23.8  24.0  23.8  24.1  23.7  24.1  24.1  23.9  23.9  23.9  24.3  24.3  23.8  24.1  24.3  23.9 
 24.5  23.9  24.4  24.1  24.2  23.9  24.2  24.2  24.1  23.6  24.0  24.1  24.0  23.6  24.0  24.1  24.1  23.6  24.1  23.9  24.2  23.6  24.1  24.0  24.0  23.9  24.3  24.3  24.3  24.1  24.4  24.4 
 24.5  24.3  24.4  24.3  24.1  24.2  24.0  24.1  23.7  24.0  24.0  24.1  23.8  23.7  23.9  24.1  23.7  23.8  23.9  24.1  23.9  24.1  24.1  24.2  23.9  24.2  24.2  24.5  24.0  24.1  24.3  24.5 
 24.5  24.1  24.4  24.3  24.2  23.8  24.2  24.2  23.9  23.8  23.9  23.8  23.9  23.7  24.0  23.8  24.0  23.8  24.0  24.0  24.0  23.8  24.2  24.1  24.1  23.8  24.1  24.1  24.3  23.9  24.6  24.6 
 24.0  24.3  24.4  24.2  24.0  24.2  24.1  24.2  23.7  23.9  24.0  24.1  23.9  23.9  23.9  24.1  23.6  23.9  23.9  24.2  23.9  24.1  24.0 nan  23.9  24.1  24.2  24.3  24.1  24.4  24.8  24.9 
 24.4  23.9  24.3  24.1  24.1  23.7  24.4  24.2  23.9  23.7  24.1  24.0  24.0  23.8  24.1  24.1  24.0  23.7  24.2  24.1  24.2  23.8  24.3  24.3  24.3  24.1  24.3  24.6  24.6  24.5  25.0  25.2 
 24.2  24.2  24.5  24.6  24.0  24.0  23.9  24.1  23.8  23.8  23.9  24.1  24.0  24.1  24.0  24.1  23.8  23.9  24.2  24.2  24.1  24.1  24.5  24.5  24.1  24.4  24.6  25.0  25.0  25.2  25.3  25.3 
 24.3  24.0  24.7  24.6  24.3  24.0  24.4  24.1  24.1  23.8  24.1  24.0  23.9  23.8  24.2  23.9  24.0  23.8  24.2  24.3  24.6  24.7  29.9  30.9  31.0  29.8  27.6  27.2  26.7  26.4  26.1  26.0 
 24.4  24.4  24.4  24.3  24.0  24.2  24.1  24.3  23.9  24.1  23.9  24.2  23.9  24.2  23.9  24.1  23.8  23.9  24.1  24.4  25.1  28.8  45.2  47.4  44.5  39.4  30.7  29.3  27.5  27.1  26.8  26.7 
 24.4  24.4  24.8  24.7  24.4  24.0  24.2  24.3  24.3  23.8  24.1  23.9  23.9  23.8  24.0  23.9  24.0  23.6  24.3  24.3  32.2  44.4  70.6  73.7  69.9  60.6  36.3  32.9  29.2  28.3  27.3  27.1 
 24.4  24.4  24.4  24.4  23.9  24.2  24.2  24.4  23.8  24.0  24.1  24.0  23.9  23.9  23.9  24.2  23.8  23.9  24.4  24.5  34.5  49.0  75.0  77.6  71.6  61.8  36.9  33.4  29.3  28.6  27.7  27.5 
 24.8  24.5  24.9  24.8  24.4  24.2  24.3  24.4  24.3  23.7  24.2  23.9  24.0  23.8  24.2  24.1  24.3  24.1  24.2  24.6  33.7  42.4  65.0  68.0  59.2  50.0  34.7  32.4  29.4  28.3  27.8  28.0 
 24.5  24.8  24.7  24.8  24.4  24.2  24.4  24.4  24.0  24.3  24.0  24.3  23.9  24.2  24.2  24.3  24.0  24.2  24.4  25.1  31.3  36.4  51.9  53.9  46.8  42.1  32.7  31.5  28.9  28.2  28.0  28.2 
 25.0  24.8  25.2  24.7  24.5  24.2  24.5  24.4  24.3  23.9  24.3  24.1  24.2  24.0  23.9  24.1  24.2  24.0  24.8  25.5  27.3  28.4  33.4  34.2  33.8  32.8  30.6  30.2  28.2  27.7  28.3  29.6 
 24.8  25.1  24.8  24.9  24.3  24.6  24.2  24.6  24.0  24.2  24.2  24.3  24.0  24.0  24.2  24.3  23.8  24.1  24.8  25.6  26.3  27.1  29.6  30.9  31.3  31.1  29.8  29.6  27.9  27.8  29.2  30.3 
 25.7  25.1  24.9  25.2  24.7  24.2  24.6  24.8  24.5  24.1  24.3  24.4  24.4  23.7  24.3  24.3  24.3  24.1  25.3  25.2  25.5  25.4  27.4  28.4  29.0  28.8  29.0  28.3  28.1  27.6  30.3  32.4 
 25.9  25.6  25.0  25.1  24.6  25.0  24.6  24.6  24.0  24.5  24.5  24.4  24.3  24.2  24.2  24.2  24.1  24.5  25.2  25.0  25.1  25.7  27.0  27.9  27.6  28.0  28.0  28.2  27.8  28.5  30.9  32.3 
