 23.7  23.0  23.7  23.5  23.1  22.6  22.9  22.8  22.7  22.3  22.9  22.7  22.5  22.2  22.6  22.8  22.5  22.4  22.9  22.8  22.5  22.5  22.8  23.0  22.7  22.3  23.5  24.2  23.5  23.5  23.9  24.9 
 23.1  23.2  23.3  23.7  22.8  22.7  22.8  22.9  22.4  22.7  22.9  23.1  22.3  22.4  22.7  22.9  22.3  22.1  22.8  22.7  22.4  22.6  22.8  22.9  22.4  22.7  23.3  24.6  22.8  23.4  24.0  24.6 
 23.2  22.8  23.4  23.0  22.8  22.4  23.1  23.0  22.7  22.4  22.7  22.9  22.4  22.3  22.8  22.7  22.5  22.4  22.7  22.7  22.5  22.4  22.6  22.9  22.6  22.6  23.2  23.1  23.1  22.9  23.7  23.4 
 22.9  23.2  23.2  23.4  22.6  22.7  22.9  22.9  22.8  22.8  22.8  22.8  22.2  22.4  22.7  22.8  22.2  22.3  22.8  22.8  22.4  22.4  22.8  23.0  22.5  22.8  23.1  23.2  22.8  22.9  23.8  23.7 
 23.2  22.9  23.2  23.2  22.6  22.4  23.0  22.8  23.3  23.1  22.8  22.8  22.6  22.5  22.8  22.6  22.6  22.5  22.6  22.7  22.5  22.4  22.8  22.8  22.9  22.5  23.2  23.0  22.9  22.7  23.3  23.2 
 22.7  23.2  23.1  23.2  22.6  22.8  22.9  23.3  23.5  23.9  23.1  23.1  22.5  22.5  22.5  22.8  22.5  22.4  22.7  22.7  22.4  22.5  22.6  22.7  22.7  22.5  22.8  23.0  22.9  22.6  23.5  23.3 
 23.2  23.1  23.4  23.1  22.9  22.3  23.2  23.5  25.3  26.5  24.2  23.4  22.8  22.4  22.7  22.6  22.5  22.4  22.8  22.7  22.7  22.5  22.9  22.8  22.7  22.5  23.0  23.1  22.9  22.6  23.4  23.4 
 23.0  22.8  23.2  23.3  22.8  22.8  23.3  23.4  25.5  27.1  24.6  23.2  22.5  22.6  22.7  22.6  22.5  22.5  22.5  22.7  22.3  22.4  23.0  22.9  22.5  22.6  22.7  23.0  22.7  22.7  23.1  22.2 
 23.5  23.0  23.4  23.2  22.8  22.7  23.1  23.1  23.2  23.3  23.1  22.9  22.6  22.6  22.8  22.8  22.5  22.4  22.8  22.6  22.6  22.6  22.9  22.8  22.8  22.6  22.9  23.2  23.0  22.7  23.3  23.2 
 23.4  23.4  23.5  23.4  23.0  23.0  23.0  22.9  22.8  23.0  23.0  23.0  22.5  22.6  22.5  22.7  22.5  22.5  22.6  22.8  22.4  22.6  22.8  22.8  22.7  22.8  23.1  23.3  23.0  22.9  23.3  23.3 
 24.0  23.6  24.1  23.9  23.8  23.5  23.3  23.1  22.9  22.7  23.0  22.8  22.7  22.6  22.7  22.8  22.6  22.5  22.7  22.7  22.6  22.5  22.7  22.6  22.7  22.5  23.5  23.5  23.3  23.2  23.6  23.4 
 23.7  23.9  24.2  24.4  24.4  24.5  23.9  23.8  22.9  23.0  22.7  22.9  22.5  22.5  22.6  22.7  22.6  22.6  22.8  23.0  22.6  22.7  22.7 nan  22.6  22.6  24.1  25.1  23.7  22.9  23.2  23.7 
 24.4  24.4  25.3  26.0  27.0  27.4  32.7  34.9  32.9  29.1  23.4  22.9  22.8  22.5  22.9  22.7  22.7  22.6  22.9  22.7  22.5  22.4  22.9  22.9  22.7  22.7  24.1  24.6  23.6  23.1  23.6  23.6 
 24.6  24.6  25.9  26.5  28.1  30.0  41.4  48.7  53.2  47.4  24.7  23.5  22.7  22.8  22.9  22.9  22.7  22.6  22.7  22.9  22.6  22.6  22.9  22.7  22.6  22.7  23.2  23.5  23.2  23.1  23.5  23.5 
 25.1  25.0  26.8  27.3  30.3  33.7  54.6  63.0  74.6  71.4  35.0  25.8  22.8  22.7  22.8  22.8  22.8  22.6  22.9  22.8  22.6  22.5  22.8  22.7  22.8  22.5  23.3  23.1  23.1  22.8  23.5  23.6 
 24.7  25.4  26.9  27.8  30.6  34.1  53.3  62.3  78.4  79.4  37.5  26.2  22.8  22.8  22.8  22.9  22.7  22.6  22.8  22.9  22.4  22.7  22.9  23.1  22.5  22.7  23.2  23.2  22.8  22.8  23.7  23.6 
 25.3  25.4  26.8  26.9  29.6  31.4  44.4  53.2  73.4  70.8  30.6  24.7  22.9  22.4  22.9  22.6  22.6  22.5  22.8  22.8  22.8  22.3  22.8  22.7  22.9  22.6  23.2  23.1  23.0  22.9  23.8  23.6 
 25.0  25.4  26.4  26.9  28.4  29.8  36.9  42.1  54.4  50.2  26.0  23.7  22.9  22.9  22.6  22.9  22.6  22.7  22.9  22.9  22.7  22.6  22.9  23.1  22.6  22.6  23.3  23.4  23.1  23.1  23.6  23.5 
 25.6  25.1  26.6  26.4  26.9  27.0  28.8  29.7  30.0  28.2  24.1  23.3  22.9  22.6  22.9  22.9  22.9  22.6  22.9  23.0  22.8  22.5  23.0  23.1  23.0  22.7  23.3  23.1  23.3  23.0  24.0  23.9 
 24.8  25.6  26.2  26.4  26.1  26.5  27.3  27.5  27.1  26.3  23.7  23.3  22.8  22.9  23.0  22.9  22.6  22.9  22.9  22.8  22.7  22.6  22.8  23.2  22.6  22.9  22.9  23.3  23.0  23.3  24.2  24.4 
 25.7  25.3  25.9  25.7  25.6  25.4  25.8  25.9  25.6  24.6  23.7  23.6  23.2  23.0  23.1  23.1  22.8  22.6  22.9  23.2  22.9  22.6  23.3  23.0  23.1  22.8  23.4  23.7  23.9  23.8  25.0  25.3 
 25.1  25.2  25.5  25.6  25.1  25.3  25.4  25.5  24.5  24.5  23.5  23.6  23.0  22.9  23.0  23.1  22.7  22.7  23.1  23.1  22.7  22.8  23.1  23.5  22.8  23.0  23.3  23.8  24.4  24.9  25.7  25.7 
 26.3  25.4  25.7  25.5  25.0  24.5  25.1  24.8  24.2  23.8  23.6  23.6  23.2  23.0  23.2  23.2  22.9  22.8  23.4  23.2  23.1  23.0  23.4  23.5  23.5  23.5  25.4  25.7  26.1  25.7  27.3  26.9 
 26.0  26.2  25.4  25.7  24.7  24.8  24.8  24.8  23.7  23.8  23.8  23.5  23.1  23.2  23.2  23.4  22.9  23.1  23.4  23.1  23.2  22.9  23.5  23.9  24.1  25.1  26.2  26.8  26.1  26.1  26.8  28.2 
