 24.6  23.7  23.6  24.1  24.3  24.0  24.4  24.4  24.1  23.8  24.1  24.2  23.9  23.6  24.0  24.0  23.9  23.7  23.9  24.1  24.2  23.8  24.0  24.3  24.1  23.9  24.6  24.4  24.6  24.6  25.3  26.3 
 24.2  23.5  24.0  24.2  24.3  24.2  24.4  24.3  24.1  23.8  24.2  24.1  23.7  23.8  24.0  23.8  23.8  23.9  24.3  24.2  24.0  24.0  24.2  24.1  24.1  24.1  24.5  24.3  24.2  24.7  25.6  25.7 
 23.9  23.5  24.0  24.2  24.4  23.9  23.9  24.3  23.9  23.8  23.8  24.1  23.7  23.8  23.8  24.1  24.0  23.7  24.0  24.0  23.9  23.9  24.1  24.3  24.1  23.9  24.1  24.5  24.4  24.4  24.8  25.1 
 23.4  23.4  24.2  24.5  24.0  24.0  24.3  24.0  23.7  23.8  24.3  24.1  23.5  23.7  23.9  23.9  23.6  23.6  23.9  23.8  23.8  24.0  24.2  24.0  23.9  23.9  24.6  24.1  24.0  24.1  24.9  24.8 
 24.0  24.1  24.1  24.4  24.4  24.1  24.3  24.1  24.0  23.9  23.9  24.0  23.9  23.7  23.9  24.0  23.7  23.6  23.9  24.0  23.8  23.8  23.8  24.0  24.0  23.9  24.0  24.5  24.2  24.0  24.3  24.5 
 23.8  24.1  24.3  23.9  24.1  24.1  24.3  24.1  23.8  23.9  24.0  23.8  23.6  23.7  23.9  23.9  23.7  23.8  24.1  23.9  23.9  23.9  24.3  23.9  24.1  23.9  24.4  24.0  24.0  24.3  24.4  24.2 
 24.1  23.8  24.2  24.3  24.2  24.1  23.9  24.2  23.9  23.6  23.9  24.0  23.7  23.7  23.7  24.0  23.7  23.8  23.8  23.8  24.1  23.5  24.0  24.0  23.9  23.8  24.2  24.4  24.1  24.1  24.0  24.8 
 24.1  24.0  24.2  24.2  24.0  23.8  24.1  24.1  23.7  24.0  24.2  23.8  23.8  23.9  24.0  23.9  23.8  23.7  23.8  23.8  23.8  23.9  24.2  23.9  24.0  23.9  24.1  24.1  24.2  24.1  24.3  23.4 
 24.4  24.2  24.3  24.4  24.2  23.9  24.0  24.2  23.8  23.7  23.8  23.9  23.8  23.6  23.8  24.0  23.9  23.9  23.9  23.9  23.9  23.8  23.9  24.1  24.1  23.9  23.9  24.1  24.3  23.8  24.3  24.6 
 24.3  24.2  24.3  24.4  24.3  24.1  24.3  24.0  23.8  23.8  24.0  23.8  23.7  23.7  23.9  23.8  23.8  23.8  24.1  23.8  23.7  23.8  24.2  23.9  24.0  24.1  24.4  24.2  23.9  24.1  24.6  24.4 
 24.3  24.4  24.3  24.5  24.0  23.9  24.0  24.1  23.8  23.8  23.9  24.0  23.9  23.6  23.8  23.9  23.9  23.7  23.9  24.0  23.9  23.9  24.1  24.0  24.0  24.0  24.1  24.5  24.4  23.9  24.3  24.6 
 24.2  24.4  24.4  24.1  23.7  23.9  24.2  23.9  23.8  23.8  24.0  24.0  23.7  23.8  23.9  23.9  23.8  23.7  24.0  23.9  23.9  23.9  24.1 nan  24.1  24.0  24.4  24.3  24.1  24.1  25.1  24.6 
 24.8  24.0  24.2  24.5  24.0  23.9  24.1  24.1  23.8  23.9  24.1  24.1  23.9  23.7  23.9  24.0  24.0  23.7  24.0  24.0  24.3  23.9  24.1  24.4  24.1  24.0  24.5  24.5  24.6  24.5  25.0  25.4 
 24.2  24.2  24.5  24.5  24.3  24.1  24.3  24.1  23.7  23.7  24.1  23.8  23.8  23.8  24.0  23.9  23.9  23.9  24.0  24.0  24.0  24.1  24.5  24.4  24.5  24.3  24.9  24.7  25.0  25.2  25.3  25.2 
 24.5  24.3  24.3  24.5  24.2  24.0  24.1  23.9  23.9  23.7  23.9  24.1  23.8  23.7  24.0  24.2  24.0  23.9  24.0  24.3  24.5  24.7  29.7  31.1  30.8  29.8  27.3  27.2  26.7  26.3  26.2  26.5 
 24.7  24.1  24.8  24.2  24.1  24.1  24.2  24.0  24.0  23.9  24.1  24.0  23.9  23.9  24.0  23.8  24.0  24.0  24.2  24.1  25.1  28.9  45.1  47.5  44.3  39.3  30.9  28.9  27.3  27.1  26.7  26.3 
 24.6  24.4  24.1  24.4  24.0  24.0  24.0  24.2  24.1  23.7  23.9  24.1  23.9  23.8  23.9  24.0  23.9  23.9  24.2  24.4  32.1  44.5  70.4  73.5  69.8  60.6  36.3  32.7  29.1  28.1  27.3  27.2 
 24.4  24.5  25.0  24.1  23.9  24.1  24.4  24.0  23.7  24.0  24.1  23.9  23.8  23.8  24.1  24.0  23.8  23.9  24.4  24.2  34.6  49.0  75.0  77.6  71.5  61.7  37.0  33.0  29.1  28.5  28.0  27.2 
 24.9  24.4  24.7  24.8  24.4  24.2  24.6  24.4  24.1  23.8  24.1  24.0  23.9  23.8  24.1  24.3  24.2  24.0  24.1  24.7  33.5  42.4  64.9  68.1  59.1  50.0  34.6  32.3  29.3  28.6  27.8  28.1 
 24.4  25.2  24.7  24.6  24.6  24.2  24.5  24.2  24.0  24.0  24.2  24.0  24.0  24.0  24.1  24.2  23.9  23.9  24.5  24.9  31.4  36.4  52.0  53.8  46.9  42.0  33.0  31.3  28.7  28.4  28.3  28.1 
 25.1  24.8  25.0  24.8  24.5  24.2  24.3  24.4  24.2  24.0  24.1  24.4  24.0  23.8  24.0  24.3  24.1  24.1  24.5  25.4  27.2  28.5  32.9  34.1  33.6  32.5  30.6  30.2  28.4  27.7  28.2  29.6 
 24.6  25.2  24.8  24.8  24.2  24.3  24.6  24.4  24.1  24.3  24.2  24.1  24.0  23.9  24.2  24.2  24.1  24.3  25.0  25.3  26.1  26.9  30.0  30.8  31.1  30.8  30.0  29.1  27.7  27.7  29.7  30.1 
 26.1  25.3  25.0  25.0  24.7  24.2  24.5  24.5  24.3  23.9  24.3  24.6  24.2  23.9  24.2  24.3  24.3  23.9  25.2  25.3  25.4  25.7  27.3  28.5  29.0  28.5  28.5  28.5  27.6  27.8  30.9  32.8 
 26.5  25.4  25.2  25.0  24.7  24.7  24.7  24.6  24.2  24.5  24.5  24.4  23.8  24.0  24.5  24.1  24.1  24.1  25.4  25.0  25.1  25.4  27.2  27.5  27.9  27.9  28.2  28.1  27.8  28.7  32.2  32.2 
