 24.1  23.0  23.6  23.5  23.2  22.7  23.3  22.9  22.8  22.5  22.9  22.8  22.6  22.5  22.8  22.8  22.6  22.5  23.0  22.6  22.5  22.6  22.9  22.8  22.7  22.5  23.0  23.1  23.5  23.1  24.4  25.5 
 23.2  23.0  23.5  23.5  23.2  22.7  22.9  23.1  22.7  22.9  23.0  23.0  22.5  22.6  22.8  22.7  22.5  22.4  22.7  22.8  22.6  22.7  22.9  23.0  22.3  22.7  23.1  23.2  23.1  23.2  24.2  24.5 
 23.3  23.1  23.4  23.1  22.9  22.5  23.0  22.8  22.8  22.5  22.9  22.9  22.6  22.5  22.8  22.7  22.7  22.5  22.7  22.8  22.7  22.5  22.8  22.8  22.9  22.6  23.1  23.1  23.3  23.2  23.8  24.0 
 22.9  23.0  23.1  23.4  22.5  22.8  22.9  23.1  22.9  22.7  23.1  22.8  22.5  22.4  22.7  22.8  22.5  22.5  22.8  22.7  22.4  22.6  22.9  22.8  22.6  22.8  23.1  23.3  22.8  23.7  24.0  23.8 
 23.2  22.9  23.0  22.8  22.9  22.7  22.9  22.9  23.1  23.1  23.8  23.1  22.7  22.5  22.6  22.6  22.5  22.5  22.6  22.5  22.7  22.5  22.8  22.8  22.7  22.7  22.8  23.0  23.3  23.6  23.6  23.7 
 23.0  23.0  23.2  23.2  22.7  22.8  22.9  23.0  23.2  23.9  25.2  23.7  22.5  22.5  22.5  22.8  22.4  22.5  22.6  22.7  22.5  22.6  22.7  22.9  22.9  22.6  22.9  23.1  22.7  22.9  23.5  23.5 
 23.4  23.0  23.1  23.1  23.1  22.5  22.9  23.0  23.7  24.5  26.8  24.4  22.5  22.5  22.7  22.7  22.6  22.5  22.8  22.5  22.6  22.6  22.8  22.9  22.7  22.6  23.0  23.1  22.8  22.6  23.0  23.2 
 23.1  23.1  23.1  23.3  22.8  22.6  22.9  23.0  23.0  23.1  23.9  23.4  22.6  22.5  22.7  22.8  22.5  22.5  22.6  22.7  22.6  22.7  22.9  22.8  22.4  22.7  22.9  22.8  22.7  23.0  22.9  22.2 
 23.5  23.1  23.6  22.9  22.9  22.8  23.1  22.8  22.8  22.5  22.7  22.7  22.8  22.5  22.8  22.6  22.6  22.5  22.8  22.7  22.7  22.7  22.8  22.7  22.9  22.7  23.0  23.0  22.9  22.8  23.4  23.3 
 23.2  23.3  23.6  23.4  23.2  22.9  22.9  23.1  22.6  22.6  22.7  22.8  22.7  22.5  22.7  22.7  22.6  22.6  22.7  22.8  22.6  22.5  22.7  22.7  22.7  22.6  22.8  23.2  22.7  22.6  23.2  23.6 
 24.3  24.0  24.6  24.6  24.4  24.3  23.7  23.3  23.1  22.8  22.8  22.7  22.5  22.6  22.7  22.7  22.6  22.3  22.9  22.7  22.5  22.6  22.8  22.8  22.6  22.5  23.0  22.9  23.0  22.8  23.2  23.5 
 24.4  24.3  25.0  25.2  25.4  25.4  24.8  24.3  22.8  22.9  23.0  23.0  22.7  22.7  22.7  22.8  22.5  22.6  22.8  22.8  22.4  22.4  22.8 nan  22.7  22.5  22.7  23.0  22.8  22.9  23.0  23.3 
 25.1  24.8  26.2  26.6  28.1  29.3  37.8  41.6  39.6  33.5  23.4  23.1  22.9  22.8  22.8  22.8  22.6  22.4  22.9  22.7  22.6  22.5  22.9  22.8  22.7  22.5  23.2  23.2  22.8  22.9  23.1  23.3 
 25.3  25.7  26.6  27.5  29.8  32.3  47.3  53.9  58.5  51.5  24.8  23.5  22.9  22.8  22.7  22.8  22.7  22.6  22.7  22.7  22.7  22.5  22.9  22.7  22.7  22.7  23.6  23.9  23.0  23.3  23.3  23.4 
 25.6  25.7  27.6  28.1  32.5  36.2  57.3  66.1  77.4  73.1  30.6  24.5  22.8  22.7  23.0  22.9  22.7  22.5  22.9  22.7  22.7  22.5  22.8  22.9  22.8  22.7  25.1  24.8  23.3  23.1  23.5  23.2 
 25.6  26.0  27.2  28.1  32.2  36.5  56.9  68.6  87.0  81.9  30.0  24.7  22.8  23.0  22.6  22.9  22.6  22.6  22.7  22.9  22.6  22.4  22.7  22.8  22.5  22.6  23.6  24.3  23.1  22.9  23.3  23.5 
 25.8  25.9  27.4  27.6  30.0  31.4  45.2  55.4  67.4  57.0  25.4  23.6  23.0  22.7  23.1  22.9  22.8  22.5  22.8  22.7  22.8  22.6  22.8  22.7  22.8  22.5  23.2  22.9  23.3  23.3  23.6  23.6 
 25.4  26.0  26.8  27.5  28.4  29.5  37.5  42.6  45.9  38.8  23.8  23.4  23.1  22.9  22.9  23.0  22.7  22.7  23.0  23.2  22.7  22.8  22.7  22.9  22.8  22.7  23.2  22.9  23.2  23.2  23.2  23.7 
 26.1  25.5  26.5  26.5  27.1  27.0  28.9  29.4  28.0  26.0  23.8  23.3  23.0  22.9  23.2  22.9  22.9  22.8  23.0  22.9  23.0  22.6  23.2  22.9  22.9  23.1  23.1  23.1  23.4  23.2  23.6  23.8 
 25.3  25.9  26.1  26.4  26.3  26.6  27.3  27.6  26.4  25.0  23.6  23.3  23.0  22.9  23.3  22.8  22.8  22.7  23.1  23.2  22.6  22.8  23.2  23.4  22.7  22.9  23.2  23.4  23.3  23.4  23.6  24.1 
 25.8  25.2  25.9  25.8  26.0  25.5  25.9  25.9  25.0  24.3  23.9  23.5  23.1  23.0  23.2  23.1  22.9  22.8  23.1  23.1  22.9  22.7  23.3  22.9  23.1  22.7  23.3  23.3  23.4  23.2  24.1  24.5 
 25.5  25.7  25.8  26.1  25.5  25.5  25.5  25.6  24.4  24.1  23.6  23.8  23.0  23.1  23.1  23.2  23.0  22.8  23.2  23.2  23.0  23.0  23.2  23.3  22.9  23.0  23.6  23.8  23.3  23.3  24.7  25.0 
 27.0  26.0  26.0  25.8  25.3  24.8  25.1  24.5  24.3  23.9  23.9  23.7  23.5  23.1  23.4  23.2  23.2  22.9  23.3  23.2  23.0  23.0  23.6  23.4  23.4  23.1  24.1  24.2  24.2  23.5  25.4  26.0 
 26.6  26.1  25.7  25.7  25.0  25.2  24.8  24.9  23.9  23.9  23.7  23.7  23.1  23.4  23.4  23.5  23.0  23.2  23.5  23.3  23.0  23.2  23.5  23.8  23.2  23.2  24.5  24.8  24.6  24.6  26.4  27.2 
