 24.7  23.8  23.8  23.8  24.1  24.1  24.5  24.4  24.1  23.8  24.0  24.1  24.2  23.7  24.0  24.2  24.0  23.9  23.9  24.2  24.0  23.9  24.2  24.2  24.1  24.0  24.2  24.5  24.9  24.5  25.1  26.5 
 24.1  24.2  23.8  24.0  24.3  24.2  24.2  24.3  24.0  23.8  24.1  24.1  24.0  23.8  23.9  23.8  23.9  24.0  23.8  23.9  24.0  24.0  24.4  24.2  23.9  24.2  24.4  24.5  24.5  24.4  25.2  25.2 
 23.8  23.8  24.0  24.0  24.4  24.0  24.3  24.3  23.9  23.9  23.9  24.0  23.9  23.6  23.8  23.8  24.0  23.8  24.0  24.0  24.1  23.9  24.1  23.9  24.5  24.2  24.3  24.3  24.1  24.0  24.7  24.8 
 23.2  23.7  24.0  24.0  24.1  24.2  24.2  24.2  23.8  23.6  23.9  24.0  23.9  23.7  23.9  23.9  24.0  23.7  23.9  23.7  24.0  23.8  24.0  24.0  23.9  24.0  24.4  24.2  24.0  24.3  24.8  24.5 
 24.2  23.9  24.1  24.2  24.5  24.2  24.3  24.1  24.1  23.8  23.7  24.0  23.9  23.7  23.8  23.9  23.9  23.8  23.8  24.0  24.1  23.8  23.9  24.1  24.2  23.9  24.3  24.1  24.4  24.1  24.4  24.6 
 24.1  24.1  24.0  24.3  24.2  24.4  24.2  24.1  24.0  23.9  23.8  23.9  23.8  23.8  23.8  23.8  23.8  23.9  23.9  23.9  23.9  23.9  24.1  23.9  24.0  23.9  24.1  24.2  24.1  24.1  24.5  24.5 
 24.3  23.8  24.3  24.0  24.4  24.1  24.3  24.2  24.0  23.9  24.1  24.1  23.8  23.8  23.7  24.0  24.0  23.6  24.0  23.9  24.2  23.8  23.9  24.0  24.1  23.7  24.2  24.4  24.2  24.1  24.2  24.4 
 24.2  24.3  24.2  24.2  24.3  24.1  24.3  23.9  23.8  23.8  23.9  23.8  23.8  24.0  24.0  23.8  23.9  23.9  23.9  23.9  23.8  23.8  24.0  23.9  23.9  23.9  24.4  24.2  23.9  24.2  24.1  23.4 
 24.5  24.2  24.2  24.4  24.3  23.9  24.2  24.2  23.8  23.7  23.9  24.0  23.9  23.8  23.9  23.9  23.8  23.8  24.0  23.8  24.0  23.9  24.1  24.0  24.1  23.9  24.2  24.1  24.2  24.2  24.1  24.4 
 24.3  24.3  24.4  24.3  24.3  24.0  24.1  23.9  23.7  23.9  24.0  24.0  23.8  23.7  23.9  23.8  23.9  23.9  24.1  23.9  23.9  23.9  24.1  24.0  23.9  24.1  24.2  24.4  24.2  24.0  24.3  24.5 
 24.6  24.4  24.4  24.3  24.0  23.9  24.2  24.0  24.1  23.9  23.9  24.0  23.9  23.8  24.0  23.9  23.9  23.8  24.1  24.1  24.0  23.9  24.0  24.1  24.2  24.0  24.2  24.1  24.2  24.1  24.5  24.4 
 24.1  24.3  24.4  24.2  24.1  24.1  24.2  24.1  24.0  23.9  23.8  23.9  23.9  23.9  23.9  23.9  24.0  24.0  24.0  24.1  24.1  23.9  24.2 nan  24.0  23.9  24.3  24.1  24.3  24.2  24.4  24.5 
 24.4  24.3  24.2  24.1  24.1  24.1  24.1  24.2  23.9  23.9  23.9  24.0  24.0  23.8  24.0  24.1  23.9  23.9  24.2  24.0  24.1  24.0  24.4  24.1  24.3  24.2  24.4  24.7  24.4  24.5  25.0  24.8 
 24.2  24.4  24.4  24.3  24.2  24.1  24.2  24.1  23.9  23.7  24.1  23.9  23.8  23.9  24.1  23.9  23.8  23.9  24.1  24.1  24.1  23.9  24.3  24.4  24.4  24.5  24.8  24.8  24.9  25.1  25.1  25.3 
 24.7  24.3  24.4  24.5  24.3  24.1  24.1  24.1  23.9  23.9  24.0  24.2  24.1  23.8  24.0  24.0  23.9  24.0  24.0  24.2  24.6  24.8  29.7  31.3  30.9  30.0  27.4  27.2  26.7  26.2  26.1  26.4 
 24.5  24.2  24.5  24.5  24.2  24.0  24.2  24.1  24.0  23.9  24.0  23.9  23.9  24.0  23.9  24.1  23.9  23.9  24.1  24.2  25.2  28.9  45.1  47.4  44.3  39.3  30.7  29.0  27.5  27.3  26.5  26.3 
 24.6  24.5  24.6  24.5  24.3  23.9  24.2  24.3  24.1  23.9  24.2  24.1  24.0  23.9  24.1  23.9  24.0  24.0  24.2  24.5  32.2  44.5  70.5  73.6  69.8  60.6  36.2  32.9  28.9  28.3  27.6  27.2 
 24.6  24.3  24.6  24.5  24.1  24.2  24.3  24.4  23.9  24.0  24.0  23.9  23.7  24.0  24.1  24.2  24.1  24.0  24.3  24.3  34.6  48.9  75.0  77.6  71.5  61.7  37.0  33.3  29.3  28.5  27.5  27.1 
 25.0  24.5  24.8  24.5  24.4  24.3  24.5  24.3  24.3  24.1  24.0  24.2  24.0  23.9  24.0  24.3  24.2  24.0  24.2  24.7  33.6  42.5  64.9  67.9  59.1  50.2  34.8  32.4  29.6  28.3  27.8  28.1 
 24.7  24.5  24.8  24.7  24.4  24.4  24.5  24.3  24.1  24.1  24.1  24.1  24.0  24.0  24.2  24.1  24.0  24.1  24.3  24.9  31.6  36.5  52.0  53.9  47.0  42.0  32.9  31.3  28.7  28.4  28.1  27.6 
 25.2  24.5  24.9  24.8  24.5  24.5  24.5  24.4  24.4  24.0  24.1  24.2  24.1  24.0  24.1  24.3  24.1  24.1  24.7  25.3  27.3  28.7  33.2  34.3  33.8  32.6  30.8  30.0  28.2  27.5  28.3  29.2 
 24.7  25.1  24.8  24.6  24.5  24.6  24.5  24.0  24.1  24.1  24.2  24.2  24.2  24.0  24.2  24.2  24.1  24.0  24.9  25.4  26.2  26.9  29.9  30.7  30.8  30.9  29.7  29.1  27.7  28.0  28.9  30.0 
 25.7  25.2  24.6  24.8  25.0  24.3  24.4  24.6  24.6  24.2  24.4  24.5  24.4  24.0  24.3  24.2  24.3  24.3  25.2  25.2  25.5  25.7  27.4  28.3  28.6  28.6  28.7  28.5  27.7  27.9  30.3  31.6 
 26.1  25.8  24.8  25.1  24.5  24.6  24.5  24.6  24.2  24.4  24.3  24.3  24.3  24.2  24.2  24.0  24.4  24.4  25.1  25.0  25.4  25.5  27.0  27.6  28.0  28.0  28.1  27.9  27.7  28.5  31.5  32.8 
