 24.6  23.7  24.0  23.7  23.8  24.1  24.5  24.6  23.9  23.8  23.9  24.1  23.8  23.5  24.0  24.2  23.9  23.8  23.9  24.1  23.8  23.8  24.0  24.2  23.9  23.8  24.4  24.6  24.4  24.2  25.5  26.3 
 24.0  23.5  24.0  24.1  24.1  24.1  24.5  24.2  23.9  23.8  24.1  24.1  23.6  23.8  24.1  23.8  23.7  23.5  24.2  23.8  23.9  23.6  24.4  24.1  23.8  23.9  24.5  24.2  24.2  24.5  25.3  25.4 
 23.5  23.7  24.0  24.2  24.1  24.0  24.0  24.0  23.8  23.8  23.9  24.1  23.6  23.5  23.9  24.1  23.8  23.8  23.8  24.1  23.8  23.8  23.9  24.3  23.8  24.1  24.3  24.3  24.1  24.0  24.4  25.1 
 23.4  23.7  24.2  24.2  24.2  23.7  24.6  24.2  23.7  23.7  24.1  23.8  23.6  23.4  23.8  23.9  23.7  23.7  24.2  24.0  23.8  23.6  24.0  24.2  24.0  23.7  24.6  24.3  24.0  24.3  24.9  24.8 
 23.6  24.1  24.0  24.5  24.1  24.3  24.1  24.1  23.9  23.9  23.8  24.0  23.7  23.7  23.8  23.8  23.5  23.6  23.9  24.1  23.7  23.6  23.8  23.9  23.8  23.9  24.3  24.5  23.8  24.3  24.0  24.8 
 23.8  23.6  24.3  24.1  24.1  24.2  24.3  24.0  23.8  23.7  24.0  23.9  23.6  23.7  24.0  23.9  23.8  23.6  23.8  23.8  23.7  23.8  24.0  23.9  24.1  23.8  24.1  24.2  24.3  23.9  24.7  24.4 
 23.7  24.0  24.0  24.2  24.2  24.1  24.0  24.2  23.7  23.6  23.9  24.0  23.7  23.7  23.8  24.0  23.7  23.7  23.8  23.8  23.9  23.9  23.9  24.2  23.9  23.7  24.2  24.5  24.1  23.9  24.3  24.6 
 24.2  23.7  24.2  24.2  24.0  23.7  24.3  23.9  23.9  23.7  24.0  24.0  23.8  23.8  23.9  23.8  23.9  23.7  23.8  23.9  23.7  23.7  24.1  24.0  23.8  23.6  24.1  24.2  24.2  24.0  24.3  23.4 
 24.1  24.2  24.3  24.5  24.1  23.9  24.2  24.2  23.8  23.9  23.9  24.1  23.8  23.6  23.8  24.0  23.8  23.7  24.0  24.1  23.9  23.9  23.9  24.1  24.0  23.7  24.1  24.3  23.8  24.1  24.3  24.6 
 24.3  24.2  24.4  24.4  24.2  23.9  24.1  24.0  23.7  23.7  24.0  24.0  23.6  23.7  23.8  23.9  23.8  23.6  24.0  24.0  23.9  23.7  24.0  23.9  24.0  23.9  24.2  24.4  24.2  24.0  24.6  24.2 
 24.2  24.3  24.1  24.3  24.0  23.8  24.1  24.2  23.8  23.8  23.9  24.2  23.8  23.7  23.8  24.0  23.7  23.8  23.9  24.0  23.9  23.9  24.2  24.0  24.0  23.8  23.9  24.3  24.2  24.2  24.3  24.5 
 24.3  24.2  24.8  24.1  24.0  23.9  24.1  23.9  23.8  23.8  24.2  23.9  23.8  23.5  24.0  24.0  23.8  23.9  24.0  23.9  23.9  23.9  24.2 nan  23.9  23.8  24.2  24.3  23.9  23.8  24.8  24.3 
 24.5  23.9  24.2  24.4  24.0  24.0  23.9  24.2  23.7  23.6  24.1  24.1  23.9  23.7  23.9  24.1  23.8  23.9  23.9  24.0  23.9  24.0  24.1  24.3  24.1  24.0  24.3  24.5  24.3  24.4  24.8  25.4 
 24.6  24.1  24.5  24.5  24.0  24.0  24.4  23.9  23.7  23.6  24.2  23.9  23.8  23.9  24.1  23.9  23.8  23.8  24.2  24.1  24.1  23.8  24.5  24.3  24.4  24.2  24.9  24.7  24.9  24.6  25.3  25.2 
 24.3  24.3  24.4  24.5  24.1  24.1  24.1  24.2  23.9  23.7  23.9  24.1  23.7  23.7  24.0  24.0  23.9  23.8  24.1  24.3  24.2  24.6  29.6  31.0  30.7  29.8  27.4  27.3  26.4  26.4  26.2  26.1 
 24.6  24.0  24.4  24.4  24.1  24.0  24.2  24.2  23.8  23.8  24.2  23.9  23.9  23.9  24.1  23.9  23.8  23.8  24.1  24.1  25.0  28.7  45.1  47.3  44.3  39.3  30.9  29.0  27.3  26.9  26.6  26.3 
 24.3  24.2  24.7  24.4  24.0  24.0  24.2  24.4  23.9  23.8  24.1  24.1  23.8  23.9  24.0  23.9  23.7  23.8  24.2  24.2  31.9  44.5  70.3  73.5  69.6  60.5  36.2  32.7  28.8  28.3  27.5  27.2 
 24.4  24.2  24.8  24.5  23.9  24.1  24.3  24.4  24.0  23.8  24.1  23.9  24.1  23.8  24.1  24.1  23.8  23.8  24.3  24.3  34.5  48.8  75.0  77.6  71.5  61.5  37.0  33.3  29.3  28.4  28.0  27.2 
 24.5  24.4  24.8  24.5  24.3  24.2  24.3  24.5  23.9  23.8  24.0  24.2  23.9  23.9  23.9  24.3  24.1  24.0  24.1  24.6  33.5  42.5  65.0  67.9  59.0  50.0  34.6  32.4  29.3  28.3  27.5  28.3 
 24.9  24.7  24.9  24.7  24.4  24.1  24.2  24.2  23.8  23.9  24.1  24.1  23.9  23.9  24.3  24.1  23.9  24.0  24.7  24.9  31.1  36.3  51.9  54.1  46.8  41.8  32.9  31.3  28.7  28.1  28.1  28.3 
 24.9  24.6  24.9  25.0  24.3  24.2  24.3  24.6  24.1  24.0  24.3  24.3  24.0  23.9  24.0  24.2  23.9  24.0  24.5  25.3  27.2  28.4  32.9  34.2  33.6  32.4  30.8  30.2  28.1  27.3  28.2  29.3 
 24.8  24.6  24.8  24.8  24.3  24.2  24.3  24.6  24.0  24.0  24.3  24.3  24.1  23.9  24.2  24.2  23.9  23.9  24.9  25.2  26.2  26.7  29.9  30.6  31.1  30.8  30.1  29.1  27.7  27.5  29.0  30.4 
 25.6  25.1  24.8  25.2  24.4  24.2  24.6  24.6  24.2  24.2  24.3  24.4  24.1  23.9  24.1  24.6  24.1  24.3  25.2  25.2  25.3  25.4  27.6  28.4  28.7  28.6  28.6  28.5  27.4  27.8  30.2  32.8 
 25.6  25.4  25.0  25.2  24.6  24.4  24.6  24.6  24.0  24.0  24.5  24.4  24.1  24.0  24.3  24.1  24.2  24.1  25.2  24.9  25.1  25.4  27.2  27.7  27.8  27.9  28.3  27.9  28.0  28.4  32.1  32.6 
