 23.9  23.5  23.9  23.9  23.2  22.7  22.8  23.1  22.8  22.4  22.8  22.9  22.8  22.4  22.7  22.8  22.7  22.7  22.8  22.8  22.6  22.7  23.1  23.7  24.3  27.1  28.4  28.8  28.5  27.9  28.9  29.9 
 23.6  23.5  23.8  23.8  23.2  22.8  22.9  23.0  22.7  22.6  23.0  22.9  22.5  22.6  22.8  22.8  22.7  22.6  22.9  22.8  22.7  22.5  23.3  23.0  26.0  26.0  28.5  28.3  28.2  28.2  29.8  29.3 
 23.8  23.0  23.6  23.6  22.8  22.4  23.0  23.0  22.9  22.4  22.8  22.8  22.8  22.5  22.8  22.9  22.9  22.6  22.7  22.8  22.7  22.5  22.8  23.2  23.4  25.9  27.4  28.4  28.4  28.6  29.6  30.4 
 23.3  23.0  23.4  23.4  22.7  22.6  22.8  23.2  22.9  22.7  23.1  22.7  22.5  22.5  22.6  22.9  22.7  22.7  23.0  22.8  22.5  22.6  23.0  23.3  24.1  23.8  28.2  27.5  28.4  28.7  30.0  29.5 
 23.6  23.4  23.4  23.2  22.8  22.7  22.9  23.2  23.3  23.0  22.9  22.9  22.7  22.5  22.7  22.8  22.7  22.6  22.7  22.7  22.7  22.5  23.1  23.0  23.0  23.7  24.2  27.6  27.0  28.5  29.3  29.6 
 23.1  22.8  23.3  23.3  22.7  22.9  23.2  23.2  23.8  23.8  23.2  22.9  22.7  22.5  22.6  22.9  22.5  22.5  22.8  22.6  22.7  22.5  22.9  23.0  22.8  22.8  25.0  23.8  27.8  27.7  29.9  29.9 
 23.4  23.0  23.3  23.3  23.0  22.4  23.3  23.7  25.5  26.7  24.1  23.2  22.8  22.4  22.7  22.7  22.6  22.7  22.9  22.9  22.9  22.5  22.8  23.1  23.1  22.8  23.6  24.9  28.0  28.2  30.2  29.9 
 23.3  22.9  23.2  23.2  22.7  22.9  23.4  23.5  26.1  27.8  24.8  23.2  22.6  22.5  22.6  22.7  22.7  22.6  22.8  22.9  22.6  22.8  23.1  22.9  23.1  23.0  24.8  25.8  29.0  30.0  30.2  30.3 
 23.4  23.0  23.4  23.4  22.8  22.8  23.2  23.4  23.5  23.5  23.2  23.0  22.6  22.6  22.7  22.8  22.9  22.5  22.9  22.8  22.9  22.6  23.0  23.1  23.2  23.6  27.0  27.6  30.5  30.3  32.1  31.3 
 23.4  23.3  23.5  23.4  23.0  22.8  23.1  23.1  23.0  23.2  22.9  23.1  22.6  22.6  22.7  22.8  22.6  22.6  23.0  22.9  22.8  22.7  23.1  23.1  23.2  24.0  27.5  29.5  30.2  31.2  31.7  32.1 
 23.8  23.7  23.8  23.7  23.4  23.2  23.1  23.2  22.9  22.6  22.9  22.9  22.7  22.5  22.9  22.7  22.7  22.5  22.9  22.8  22.9  22.6  23.0  23.0  23.5  24.1  29.6  29.0  30.9  30.7  31.5  32.2 
 23.6  23.8  24.1  24.1  24.1  24.0  23.6  23.4  23.0  22.9  23.0  22.8  22.6  22.7  22.9  22.8  22.5  22.7  23.0  22.9  22.8  22.8  23.0 nan  23.2  25.1  28.1  30.8  30.5  30.8  32.1  31.7 
 24.4  24.1  25.2  25.7  26.3  26.5  28.9  29.4  27.3  25.8  23.2  23.1  22.6  22.6  22.8  22.8  22.8  22.6  22.7  22.7  22.7  22.5  22.9  23.2  23.6  23.5  29.8  29.8  31.1  30.6  31.5  31.9 
 24.4  24.8  25.7  26.2  27.5  28.6  36.5  42.1  44.2  38.7  24.1  23.1  22.7  22.7  22.8  22.7  22.6  22.6  22.7  22.9  22.6  22.5  23.1  23.1  23.0  24.4  27.7  29.8  30.2  30.2  30.7  30.5 
 25.0  25.1  26.5  27.2  30.1  32.7  51.7  60.2  70.7  67.0  33.5  25.6  22.9  22.7  22.7  22.8  22.9  22.6  22.9  22.9  22.7  22.6  23.0  23.0  23.0  22.7  24.5  25.0  26.0  26.3  26.2  28.1 
 25.2  25.3  26.9  27.8  30.3  33.3  52.3  60.9  75.9  75.4  38.1  26.4  22.8  23.0  22.8  22.9  22.6  22.5  23.0  22.9  22.6  22.7  22.9  23.2  22.7  22.8  23.6  23.8  24.4  24.5  25.5  25.2 
 25.6  25.4  26.7  27.4  29.8  32.0  45.9  55.5  78.6  78.1  33.4  25.4  23.0  22.6  23.0  23.0  22.7  22.7  23.0  23.0  22.9  22.6  23.0  23.0  23.0  22.8  23.5  23.5  23.9  23.4  24.4  24.7 
 25.3  25.5  26.6  26.9  28.8  30.0  38.9  45.2  61.2  58.2  27.9  24.3  23.1  22.8  23.0  22.9  22.7  22.8  23.0  23.0  22.9  22.8  23.1  23.2  22.8  22.8  23.7  23.5  23.3  23.6  24.4  24.6 
 25.4  25.1  26.1  26.7  27.2  27.3  29.5  30.9  32.4  30.3  24.1  23.5  23.0  22.8  23.3  23.0  23.1  22.7  23.0  23.1  23.1  22.8  23.1  23.3  23.2  23.0  23.5  23.8  23.6  23.2  23.8  24.5 
 25.5  25.7  26.2  26.4  26.3  26.8  28.0  28.3  28.2  27.2  23.9  23.6  22.9  23.0  23.2  23.2  22.8  22.9  23.1  23.0  22.8  22.9  23.2  23.2  22.8  23.0  23.2  23.5  23.4  23.4  24.4  24.5 
 25.5  25.3  26.2  25.9  26.0  25.4  26.0  26.2  25.7  25.0  23.8  23.7  23.2  22.7  23.4  23.3  23.0  22.9  23.1  23.2  23.1  22.7  23.5  23.3  23.1  23.1  23.3  23.4  23.4  23.9  25.0  25.4 
 25.4  25.8  26.0  25.6  25.4  25.6  26.0  25.7  25.0  24.8  23.9  23.7  23.0  22.9  23.2  23.3  22.9  22.9  23.4  23.3  23.1  23.1  23.3  23.2  23.1  23.0  23.5  23.8  24.2  24.1  25.5  25.9 
 26.4  25.8  25.7  25.7  25.4  24.7  25.1  25.1  24.7  24.0  24.0  24.0  23.4  22.9  23.1  23.4  23.2  23.0  23.4  23.2  23.3  23.1  23.4  23.5  23.1  23.4  24.4  24.8  24.9  24.3  26.2  26.6 
 26.2  26.0  25.6  25.5  24.8  25.0  24.8  25.1  24.2  24.1  23.7  23.7  23.3  23.3  23.4  23.2  23.2  23.1  23.3  23.3  23.1  23.2  23.7  23.7  23.6  24.1  25.1  25.3  24.4  25.2  26.5  27.5 
