 24.3  23.0  23.8  23.7  24.1  23.6  24.4  24.3  23.9  23.5  24.3  24.0  23.8  23.5  23.9  24.0  23.9  23.5  24.1  24.0  23.7  23.6  24.0  24.2  24.1  23.9  24.4  24.4  24.7  24.0  25.2  26.2 
 23.5  23.4  24.0  24.0  24.0  24.0  24.4  24.3  23.9  23.9  24.0  24.3  23.8  23.6  24.0  24.1  23.7  23.8  24.3  24.2  23.7  23.8  24.0  24.3  23.9  24.2  24.4  24.5  24.0  24.5  25.0  25.5 
 23.8  23.3  24.3  24.2  24.3  23.7  24.4  24.1  23.9  23.6  23.8  23.9  23.8  23.5  24.1  23.8  23.9  23.5  23.9  23.9  24.0  23.8  24.1  24.0  24.0  23.8  24.3  24.2  24.1  24.0  24.5  24.4 
 23.0  23.5  24.1  24.2  23.7  23.8  24.2  24.4  23.6  23.7  24.1  24.0  23.5  23.9  23.9  23.9  23.7  23.7  23.9  24.2  23.6  23.7  24.0  24.2  23.6  23.9  24.4  24.3  23.7  24.1  24.6  24.7 
 24.1  23.9  24.3  24.2  24.2  24.1  24.1  24.0  24.0  23.7  24.0  24.0  23.8  23.7  23.9  24.0  23.7  23.6  23.8  24.0  23.8  23.5  24.1  23.9  23.9  23.8  24.4  24.3  23.9  23.8  24.6  24.4 
 23.6  23.7  24.2  24.6  24.0  24.0  24.3  24.2  23.7  23.6  23.9  24.0  23.7  24.0  23.8  23.9  23.6  23.7  23.9  24.0  23.7  23.7  24.1  23.9  23.7  23.9  23.9  24.4  23.8  24.2  24.7  24.6 
 23.8  23.5  24.1  24.2  24.2  23.9  24.3  24.0  24.0  23.7  23.9  24.0  23.9  23.4  24.0  24.0  23.8  23.6  24.0  23.7  23.8  23.6  24.0  24.0  24.1  23.7  24.0  24.0  24.1  23.7  24.4  24.3 
 24.1  23.9  24.2  24.5  24.0  24.1  24.2  24.0  23.7  23.8  24.1  24.2  23.6  23.8  24.0  23.9  23.6  23.7  23.8  23.9  23.7  23.8  23.9  24.0  23.6  23.7  24.0  24.2  23.6  24.1  24.3  23.8 
 24.2  23.8  24.6  24.4  24.2  23.6  24.2  24.1  24.0  23.5  24.1  24.0  24.1  23.6  24.0  24.0  23.8  23.6  24.0  24.0  23.9  23.9  23.8  24.1  24.1  23.7  24.3  24.3  24.0  23.8  24.5  24.2 
 24.1  24.2  24.3  24.2  23.8  24.1  24.1  24.2  23.7  24.0  23.9  24.0  23.7  23.8  23.9  23.9  23.7  23.8  24.0  24.1  24.0  23.8  23.9  24.3  23.8  24.0  24.2  24.4  23.6  23.8  24.6  24.7 
 24.3  24.1  24.4  24.3  24.0  23.8  24.0  24.1  23.9  23.6  24.0  23.9  23.8  23.6  23.9  24.0  24.0  23.6  24.0  23.9  24.0  23.9  24.1  24.2  24.0  23.6  24.2  24.2  24.1  23.9  24.8  24.8 
 24.0  24.2  24.4  24.3  23.9  24.1  24.1  24.2  23.6  23.8  23.9  24.0  23.7  23.8  24.0  24.1  23.7  23.8  24.1  24.1  23.8  24.0  24.1 nan  23.8  24.0  23.9  24.4  23.9  24.1  24.4  25.0 
 24.6  23.9  24.3  24.3  23.9  23.8  24.2  24.2  24.0  23.7  24.0  24.0  23.9  23.7  23.8  24.0  23.9  23.7  24.2  24.0  24.0  24.0  24.1  24.2  24.1  24.1  24.5  24.3  24.4  24.3  25.0  25.0 
 24.0  24.4  24.4  24.6  23.8  23.9  24.2  24.3  23.8  23.8  24.0  24.1  23.8  23.8  24.0  24.2  23.8  23.7  24.0  24.2  24.0  23.9  24.4  24.6  24.2  24.2  24.7  25.0  24.6  25.0  25.5  25.6 
 24.3  24.0  24.4  24.4  24.1  24.0  24.1  24.2  23.8  23.7  24.0  24.0  23.9  23.6  23.9  24.0  24.0  23.7  24.1  24.1  24.4  24.8  29.8  30.9  30.8  29.7  27.6  27.1  26.8  26.0  26.3  25.9 
 24.2  24.1  24.6  24.4  23.9  24.2  24.2  24.2  23.8  23.8  24.2  24.0  23.7  23.7  24.0  24.1  23.8  23.8  24.1  24.3  24.9  28.7  45.1  47.3  44.3  39.2  30.7  29.4  27.5  27.1  26.5  26.8 
 24.3  24.0  24.6  24.5  24.4  23.8  24.1  24.4  24.0  23.7  24.0  24.1  24.0  23.6  24.0  24.0  23.9  23.9  24.3  24.5  32.1  44.4  70.4  73.5  69.8  60.4  36.5  32.8  28.9  28.1  27.4  27.2 
 24.4  24.3  24.4  24.8  23.9  24.1  24.5  24.3  24.0  23.9  24.0  24.1  23.7  23.8  24.1  24.0  23.9  24.1  24.4  24.4  34.4  48.8  75.0  77.7  71.5  61.6  36.9  33.5  29.2  28.5  27.8  27.7 
 24.8  24.4  24.6  24.5  24.4  24.2  24.3  24.3  24.2  23.6  24.2  24.0  23.9  23.9  24.2  24.2  24.1  23.8  24.7  24.6  33.3  42.5  65.0  68.0  59.1  49.9  34.7  32.4  29.4  28.0  27.8  27.9 
 24.2  24.7  24.4  24.7  24.1  24.2  24.3  24.4  23.9  24.0  24.1  24.3  23.9  24.1  24.2  24.1  24.0  23.9  24.2  25.0  31.2  36.3  52.1  54.0  46.7  41.9  32.9  31.7  28.4  28.4  27.8  28.4 
 25.0  24.5  24.9  25.0  24.4  24.2  24.4  24.6  24.3  23.9  24.3  24.3  24.3  23.9  24.0  24.3  24.2  23.9  24.5  25.3  27.2  28.5  33.1  34.2  33.3  32.5  31.2  30.1  28.0  27.0  28.1  29.4 
 24.4  24.8  24.6  24.6  24.1  24.2  24.3  24.6  24.2  24.1  24.3  24.2  23.8  23.9  24.2  24.2  23.9  23.9  24.9  25.7  26.1  26.8  29.9  30.8  31.1  30.9  29.8  29.6  27.4  27.8  29.4  30.6 
 25.7  24.8  25.1  24.9  24.7  24.0  24.6  24.5  24.3  24.0  24.4  24.4  24.0  23.6  24.2  24.5  24.2  23.9  25.3  25.2  25.4  25.6  27.6  28.3  28.7  28.6  28.7  28.3  27.7  27.5  30.7  31.7 
 25.2  25.6  25.0  25.3  24.2  24.4  24.7  24.6  24.0  24.3  24.4  24.2  24.0  24.1  24.4  24.3  24.0  24.2  25.2  25.0  25.0  25.7  27.2  27.7  27.8  27.9  28.0  28.4  27.5  28.1  31.5  32.8 
