 24.3  24.0  23.8  23.7  24.3  24.2  24.6  24.3  24.0  23.6  24.3  24.1  23.9  24.0  24.1  24.1  23.9  24.1  24.2  24.0  23.8  24.1  24.3  24.2  24.1  24.0  24.4  24.4  24.4  24.5  25.4  26.5 
 24.5  23.6  24.0  24.0  24.6  24.0  24.5  24.3  24.3  23.8  24.1  24.0  24.0  23.8  24.0  24.1  23.8  23.8  23.9  24.2  24.3  23.8  24.1  24.2  24.1  24.2  24.2  24.3  24.5  24.4  25.2  25.5 
 24.2  23.8  24.1  24.4  24.3  24.1  24.4  24.4  24.0  23.8  24.0  24.1  23.6  23.8  24.0  23.9  23.8  23.9  23.9  23.9  23.8  24.0  24.2  24.3  23.9  24.1  24.4  24.5  24.2  24.5  24.9  25.2 
 23.2  23.9  24.0  24.3  24.4  24.2  24.3  24.4  24.2  23.7  24.1  24.0  23.9  23.7  24.0  23.9  24.0  23.5  24.1  24.1  24.0  23.5  24.0  24.2  24.1  24.0  24.4  24.4  24.2  24.3  25.0  25.1 
 24.1  24.3  24.2  24.5  24.5  24.2  24.1  24.0  23.9  23.9  23.9  23.8  23.9  23.8  24.0  24.0  23.8  23.8  24.0  24.0  23.8  23.9  24.2  23.9  24.0  23.9  24.4  24.5  24.2  24.2  24.4  25.0 
 24.1  23.7  24.2  24.1  24.2  24.0  24.3  24.1  24.0  23.8  23.8  24.2  23.8  23.7  23.9  23.9  23.7  23.9  24.0  24.1  23.9  23.7  24.0  24.0  24.0  23.8  24.1  24.4  24.4  24.3  24.5  24.5 
 24.1  24.1  24.3  24.2  24.2  24.1  24.2  24.1  24.1  23.7  24.0  24.0  23.9  23.9  23.9  23.9  23.6  23.8  24.0  24.0  23.8  23.7  24.1  23.8  23.8  24.0  24.2  24.2  24.1  23.8  24.6  24.6 
 24.2  24.2  24.1  24.4  24.4  24.1  24.1  24.1  24.1  23.7  24.1  23.9  23.8  23.7  24.0  24.1  23.8  23.7  23.8  23.8  23.8  23.8  24.2  23.9  23.9  23.9  24.4  24.3  24.2  24.2  24.5  23.7 
 24.2  24.3  24.3  24.4  24.1  24.0  24.1  24.0  23.9  23.8  24.2  23.9  23.8  23.8  23.7  24.0  23.9  23.9  24.0  24.0  24.0  23.9  24.0  23.9  24.1  23.9  24.2  24.3  24.0  24.0  24.4  24.4 
 24.7  24.3  24.4  24.4  24.3  24.0  24.1  24.2  23.9  23.9  24.0  24.1  24.0  23.8  23.9  24.0  23.9  23.8  24.0  24.0  23.9  23.7  24.1  24.1  24.2  24.1  24.3  24.3  24.5  23.8  24.5  24.5 
 24.5  24.2  24.5  24.3  24.1  24.3  24.3  24.2  23.8  24.1  23.9  24.0  23.9  23.7  24.0  23.9  24.0  23.8  23.9  24.1  24.1  23.9  24.3  24.2  24.1  24.0  24.3  24.3  24.3  24.2  24.5  24.4 
 24.3  24.2  24.2  24.4  24.0  24.0  24.2  24.2  23.9  23.8  24.1  24.2  23.8  23.9  24.0  24.1  24.0  23.8  24.1  24.1  24.1  23.9  24.3 nan  24.1  24.0  24.0  24.4  24.1  24.1  24.7  24.7 
 24.4  24.4  24.3  24.4  24.0  24.1  24.3  24.2  23.9  23.8  24.1  24.1  24.1  24.0  24.0  23.9  23.9  23.9  24.2  24.0  24.0  23.9  24.3  24.3  24.1  24.3  24.4  24.6  24.6  24.5  25.3  25.2 
 24.3  24.4  24.5  24.5  24.3  24.0  24.2  24.2  23.9  23.7  24.0  24.2  23.9  23.8  24.0  24.1  24.0  23.8  24.0  24.1  24.1  24.1  24.5  24.3  24.5  24.3  24.7  24.8  25.0  25.1  25.2  25.5 
 24.1  24.2  24.5  24.4  24.2  24.1  24.2  24.2  24.0  23.8  24.2  24.1  24.0  24.0  24.0  24.0  24.0  23.9  24.1  24.3  24.5  24.8  29.8  31.1  30.7  29.9  27.5  27.3  26.5  26.7  26.1  26.4 
 24.7  24.4  24.4  24.4  24.2  24.1  24.3  24.0  24.0  23.9  24.2  23.9  24.0  23.7  23.9  24.0  23.8  23.8  24.1  24.2  25.3  28.9  45.2  47.3  44.6  39.1  30.8  29.3  27.7  27.2  26.8  26.4 
 24.1  24.5  24.5  24.5  24.2  23.9  24.2  24.4  24.0  24.1  24.2  24.0  23.9  23.8  24.0  23.9  23.9  23.9  24.2  24.4  32.1  44.7  70.5  73.5  69.8  60.7  36.5  32.7  28.9  28.4  27.4  27.2 
 24.9  24.4  24.5  24.6  24.3  24.1  24.4  24.4  24.1  23.9  24.0  24.0  24.1  23.8  24.1  24.1  24.0  23.9  24.3  24.4  34.5  48.9  75.1  77.7  71.8  61.6  37.3  33.3  29.7  28.6  27.6  27.5 
 24.8  24.3  24.9  24.8  24.4  24.3  24.5  24.4  24.2  24.1  24.3  24.1  23.8  24.0  24.0  24.2  24.0  24.2  24.3  24.5  33.5  42.6  65.1  68.0  59.1  50.2  34.7  32.4  29.4  28.7  27.6  28.3 
 24.8  24.5  24.8  24.9  24.5  24.2  24.4  24.5  24.3  24.0  24.1  24.3  23.9  24.1  24.3  24.2  24.1  24.0  24.6  25.0  31.6  36.5  51.9  54.0  46.9  42.0  32.9  31.7  28.8  28.5  28.1  28.4 
 24.8  24.9  25.2  24.7  24.5  24.1  24.3  24.4  24.2  24.1  24.4  24.2  24.0  24.0  24.1  24.3  24.2  24.0  24.7  25.5  27.4  28.7  33.0  34.1  33.7  32.6  30.8  30.1  27.9  27.8  28.6  29.7 
 25.2  24.8  24.9  24.8  24.6  24.2  24.3  24.6  24.1  24.1  24.3  24.3  24.1  24.0  24.2  24.4  24.1  24.1  24.8  25.5  26.3  26.8  30.0  30.7  31.6  30.9  29.8  29.4  27.9  27.6  29.4  30.6 
 25.4  25.5  25.1  24.9  24.7  24.2  24.4  24.5  24.3  23.9  24.4  24.5  24.4  24.2  24.2  24.3  24.2  24.4  25.2  25.3  25.4  25.8  27.6  28.5  28.6  28.7  28.6  28.5  27.3  28.1  30.3  32.1 
 26.4  25.8  25.2  25.0  25.0  24.7  24.7  24.7  24.4  24.4  24.4  24.2  24.2  24.1  24.4  24.2  24.5  24.3  25.1  25.0  25.4  25.5  27.0  27.6  28.2  27.9  28.3  28.2  27.9  28.3  31.9  33.7 
