 24.5  24.4  23.8  24.2  24.4  24.2  24.5  24.4  24.2  24.1  24.2  24.2  24.1  24.0  24.1  24.2  24.1  23.9  24.4  24.2  24.1  24.3  24.4  24.3  24.1  24.2  24.5  24.5  24.7  24.5  25.7  26.5 
 24.5  23.8  23.8  23.8  24.6  24.3  24.6  24.5  24.3  24.1  24.1  24.1  24.2  24.1  24.3  24.0  24.1  23.9  24.3  24.0  24.2  24.1  24.2  24.3  24.3  24.1  24.5  24.5  24.7  24.6  25.7  25.8 
 24.0  23.8  24.5  24.2  24.4  24.1  24.7  24.4  24.0  23.9  24.1  24.0  24.0  24.0  24.0  24.0  24.1  24.1  23.8  24.2  23.9  23.9  24.1  24.1  24.3  24.2  24.4  24.6  24.4  24.6  24.5  24.8 
 23.7  23.5  24.3  24.5  24.4  24.2  24.4  24.3  24.1  23.8  24.3  23.9  23.9  23.9  24.0  24.0  24.1  23.8  24.1  24.0  24.1  23.9  24.3  24.2  24.2  24.1  24.5  24.4  24.3  24.4  25.0  25.3 
 23.9  24.2  24.4  24.6  24.5  24.4  24.3  24.4  24.1  24.0  24.0  23.9  23.9  23.9  24.0  23.9  23.8  23.7  23.9  24.0  24.1  23.8  24.0  24.1  24.0  24.3  24.3  24.6  24.2  24.4  24.6  25.1 
 24.3  24.1  24.3  24.1  24.5  24.5  24.4  24.2  24.1  24.0  24.2  24.0  23.8  23.9  23.9  24.1  23.9  23.9  24.2  23.9  24.1  24.0  24.3  24.1  24.3  23.9  24.2  24.3  24.4  24.0  24.9  24.5 
 24.6  24.1  24.1  24.3  24.4  24.2  24.1  24.3  24.0  24.0  24.0  24.1  24.0  23.9  23.9  24.0  23.9  24.0  24.1  24.0  24.0  23.8  24.0  24.2  24.1  23.8  24.2  24.3  24.2  24.1  24.4  24.7 
 24.4  24.1  24.2  24.4  24.2  24.1  24.2  24.3  24.1  23.9  24.1  24.0  23.9  24.0  24.0  24.0  23.9  23.9  24.0  23.9  24.0  23.9  24.1  24.0  24.1  23.9  24.2  24.2  24.0  24.2  24.3  23.7 
 24.5  24.5  24.4  24.2  24.2  24.2  24.2  24.2  24.3  23.9  24.2  24.0  24.0  23.8  23.9  24.1  23.9  24.0  24.1  24.0  24.0  23.9  24.2  24.1  24.1  24.1  24.3  24.5  24.1  24.4  24.3  24.7 
 24.4  24.3  24.6  24.5  24.3  24.2  24.2  24.2  23.9  23.9  23.9  24.0  24.0  23.8  24.0  24.0  24.0  24.0  23.9  24.1  23.9  23.8  24.2  24.1  24.3  24.1  24.2  24.6  24.1  24.1  24.8  24.6 
 24.6  24.4  24.5  24.4  24.3  24.1  24.3  24.1  24.1  24.1  24.1  24.0  24.1  24.0  24.0  23.9  24.0  23.9  24.3  24.1  24.2  24.2  24.2  24.2  24.1  24.1  24.3  24.3  24.2  24.3  24.6  24.7 
 24.4  24.3  24.3  24.3  24.3  24.1  24.2  24.2  24.0  23.9  24.1  24.1  24.1  23.9  23.9  24.0  24.0  23.9  24.1  24.0  24.1  24.1  24.2 nan  23.9  24.0  24.2  24.4  24.5  24.4  24.6  24.7 
 24.6  24.3  24.3  24.5  24.1  24.1  24.2  24.1  24.0  23.9  24.1  24.1  24.0  23.9  24.1  24.0  24.0  23.8  24.3  24.1  24.1  24.1  24.4  24.4  24.3  24.5  24.6  24.7  24.7  24.5  25.3  25.1 
 24.6  24.5  24.8  24.6  24.4  24.0  24.4  24.1  24.0  23.9  24.0  24.1  24.2  24.1  24.2  24.0  24.1  23.8  24.1  24.4  24.0  24.0  24.5  24.4  24.6  24.5  24.9  25.0  25.3  24.9  25.6  25.5 
 24.6  24.6  24.7  24.6  24.4  24.2  24.3  24.1  24.1  24.0  24.0  24.0  24.0  23.9  23.9  24.2  23.9  23.9  24.2  24.2  24.5  25.0  29.7  31.1  31.0  30.0  27.5  27.3  26.6  26.6  26.3  26.2 
 24.5  24.2  24.7  24.6  24.3  24.3  24.3  24.2  24.2  23.9  24.2  24.0  24.1  24.1  24.0  24.1  24.1  24.0  24.3  24.4  25.3  28.8  45.2  47.5  44.6  39.4  30.8  29.3  27.7  27.2  26.9  26.7 
 24.8  24.6  24.5  24.6  24.3  24.1  24.3  24.3  24.3  24.1  24.1  24.0  24.1  23.8  24.1  24.1  24.0  23.8  24.2  24.5  32.2  44.7  70.5  73.5  69.9  60.7  36.3  32.9  29.2  28.5  27.6  27.3 
 24.7  24.4  24.8  24.5  24.5  24.3  24.4  24.5  24.2  23.9  24.1  24.1  24.2  24.0  24.1  24.0  23.9  24.0  24.4  24.7  34.6  49.0  75.1  77.7  71.7  61.7  37.0  33.4  29.7  28.6  27.8  27.6 
 24.8  24.8  24.8  24.7  24.3  24.3  24.4  24.4  24.3  24.1  24.2  24.4  24.1  24.1  24.2  24.3  24.3  24.2  24.4  24.7  33.8  42.7  65.1  68.0  59.0  50.3  34.8  32.5  29.6  28.7  28.0  27.9 
 24.7  25.0  25.0  24.7  24.6  24.5  24.6  24.5  24.3  24.0  24.1  24.2  24.1  24.1  24.2  24.2  24.2  24.1  24.6  24.9  31.2  36.5  52.0  54.2  47.0  42.0  33.1  31.6  29.1  28.4  28.1  28.8 
 25.0  24.9  25.2  25.1  24.5  24.6  24.6  24.5  24.4  24.2  24.3  24.3  24.3  24.1  24.2  24.4  24.2  24.3  24.7  25.5  27.3  28.8  33.0  34.3  33.6  33.0  30.9  30.3  28.2  27.9  28.3  29.7 
 25.1  24.9  24.9  24.8  24.7  24.3  24.5  24.8  24.4  24.1  24.5  24.3  24.2  24.1  24.2  24.5  24.2  24.0  25.0  25.6  26.4  26.7  30.0  30.8  31.3  31.1  29.9  29.5  28.2  27.8  29.1  30.2 
 25.9  25.7  24.8  25.1  24.8  24.8  24.7  24.4  24.4  24.3  24.4  24.4  24.2  24.1  24.3  24.4  24.4  24.2  25.4  25.3  25.6  25.8  27.8  28.1  29.0  28.7  28.9  28.3  27.7  28.3  31.3  32.0 
 26.0  25.6  25.1  25.1  24.7  24.7  24.7  24.7  24.3  24.5  24.5  24.4  24.2  24.0  24.6  24.3  24.3  24.5  25.3  25.1  25.2  25.5  27.3  27.7  28.2  28.2  28.4  28.2  28.3  28.8  31.9  33.2 
