 24.3  23.4  23.8  23.5  22.9  22.7  23.3  23.1  22.9  22.5  23.2  23.0  22.6  22.4  22.8  23.0  22.5  22.5  22.8  23.0  22.7  22.6  22.8  22.9  22.9  22.8  23.1  23.1  23.5  22.9  24.7  25.5 
 23.4  23.4  23.6  23.5  22.9  22.8  22.9  23.1  22.7  22.8  22.9  23.0  22.6  22.5  22.9  22.7  22.6  22.6  22.8  22.8  22.7  22.7  22.7  23.1  22.7  22.8  23.1  22.9  22.9  23.2  24.2  24.5 
 23.5  22.8  23.6  23.3  23.0  22.6  23.1  23.1  22.6  22.4  23.0  22.9  22.6  22.5  22.7  22.9  22.6  22.1  22.7  23.0  22.6  22.5  22.7  23.1  22.7  22.4  23.2  23.2  23.2  23.1  23.5  24.0 
 23.0  23.2  23.3  23.4  22.7  22.6  22.9  22.9  22.6  22.6  23.2  22.9  22.3  22.5  22.8  22.7  22.6  22.5  22.8  22.7  22.5  22.5  22.9  23.0  22.6  22.8  23.3  23.2  23.1  23.7  23.6  23.8 
 23.2  22.9  23.0  23.3  23.0  22.7  22.7  23.2  23.1  23.2  23.8  23.3  22.6  22.3  22.7  22.5  22.5  22.4  22.8  22.8  22.5  22.5  22.7  22.9  22.8  22.6  23.1  23.1  23.3  23.6  23.2  23.9 
 22.9  22.8  23.4  23.0  22.6  22.7  23.1  22.9  23.2  23.7  25.2  23.7  22.5  22.5  22.8  22.6  22.5  22.5  22.6  22.8  22.6  22.5  22.7  22.8  22.9  22.8  22.9  23.3  22.9  23.1  23.6  23.5 
 23.0  22.7  23.2  23.1  22.8  22.5  22.8  23.0  23.6  24.7  26.8  24.7  22.7  22.4  22.7  22.7  22.5  22.4  22.8  22.7  22.8  22.5  22.5  23.0  22.6  22.5  23.1  23.2  22.8  22.6  23.0  23.2 
 23.0  22.8  23.1  23.3  22.8  22.6  23.0  23.0  22.7  23.2  23.9  23.2  22.5  22.6  22.7  22.8  22.5  22.5  22.8  22.7  22.6  22.6  22.9  22.8  22.8  22.6  22.9  23.0  22.8  22.9  23.2  22.5 
 23.3  23.0  23.3  23.3  23.0  22.6  23.0  22.9  22.8  22.5  22.7  22.9  22.7  22.6  22.6  22.9  22.6  22.5  22.9  22.7  22.8  22.4  22.8  22.9  22.8  22.7  23.0  23.0  22.9  22.5  23.2  23.2 
 23.2  23.3  23.6  23.6  23.1  23.0  23.0  23.0  22.8  22.7  22.9  22.9  22.7  22.6  22.7  22.6  22.5  22.4  22.7  22.7  22.5  22.6  22.9  22.7  22.9  22.6  23.1  22.9  22.7  22.6  23.2  23.3 
 24.4  24.0  24.6  24.9  24.4  24.3  23.7  23.4  23.0  22.6  22.9  23.0  22.7  22.3  22.8  22.9  22.5  22.5  22.7  22.8  22.5  22.5  22.8  22.9  22.7  22.6  22.9  23.0  22.9  22.7  23.4  23.5 
 24.4  24.4  25.1  25.4  25.4  25.5  24.9  24.2  23.1  23.1  22.8  22.9  22.5  22.5  22.7  22.8  22.5  22.5  22.8  22.7  22.6  22.5  22.9 nan  22.5  22.5  22.8  23.0  22.9  22.6  23.2  23.5 
 25.1  25.1  26.2  26.9  28.3  29.2  37.8  41.6  39.5  33.6  23.4  23.2  22.8  22.7  22.8  22.8  22.6  22.4  22.8  22.7  22.6  22.6  22.8  22.8  22.7  22.7  23.1  23.2  23.1  22.9  23.4  23.6 
 25.2  25.6  27.0  27.4  29.8  32.2  47.3  53.9  58.3  51.3  24.7  23.5  22.7  22.7  22.9  22.8  22.5  22.6  22.7  22.7  22.6  22.5  23.0  22.9  22.5  22.8  23.6  24.1  23.3  23.1  23.2  23.3 
 25.8  25.7  27.6  28.4  32.4  36.4  57.2  66.3  77.4  73.2  30.5  24.7  22.9  22.7  22.7  22.8  22.9  22.5  22.9  22.9  22.7  22.5  22.8  22.8  22.7  22.6  25.1  25.0  23.2  23.1  23.7  23.5 
 25.4  25.7  27.6  28.1  32.5  36.5  57.1  68.5  87.1  82.0  30.1  24.5  22.8  22.8  22.8  22.8  22.7  22.7  23.0  22.9  22.6  22.7  22.8  22.9  22.5  22.7  23.7  24.4  23.1  23.1  23.5  23.7 
 25.8  25.9  27.3  27.8  29.9  31.4  45.3  55.2  67.5  56.8  25.5  23.8  22.9  22.8  23.0  22.9  22.8  22.6  22.9  23.0  22.8  22.7  22.9  22.9  23.0  22.6  23.2  23.3  22.9  22.9  23.6  23.8 
 25.8  26.0  26.9  27.0  28.5  29.4  37.5  42.6  46.0  39.0  23.8  23.5  22.8  22.9  22.9  22.8  22.7  22.6  22.9  23.1  22.7  22.8  22.7  22.8  23.0  22.6  23.1  23.2  23.2  22.9  23.6  23.7 
 25.8  25.7  26.6  26.7  27.0  27.1  28.7  29.4  28.0  25.9  23.6  23.5  22.8  22.9  23.0  23.1  23.0  22.8  22.9  23.2  22.8  22.6  22.9  23.1  22.9  22.8  23.4  23.2  23.5  22.9  23.7  24.2 
 25.8  25.9  26.3  26.5  26.3  26.3  27.5  27.5  26.2  25.1  23.5  23.4  22.8  23.0  23.1  23.2  22.9  22.8  23.1  23.0  22.7  22.8  23.1  23.1  23.0  22.9  23.4  23.3  22.8  23.3  23.8  24.3 
 25.4  25.4  26.2  26.1  25.8  25.7  25.8  25.8  25.1  24.3  23.6  23.5  23.1  22.9  23.0  23.3  22.8  22.9  23.1  23.1  22.8  22.8  23.0  23.4  23.1  22.9  23.4  23.6  23.2  23.2  24.1  24.5 
 25.5  25.5  26.1  25.9  25.5  25.4  25.6  25.6  24.4  24.3  23.7  23.5  23.1  22.9  23.1  23.3  22.8  22.8  23.3  23.4  22.7  22.9  23.5  23.1  22.8  23.0  23.7  23.8  23.7  23.7  25.0  25.3 
 26.8  26.0  25.8  25.8  25.4  24.9  25.1  24.9  24.4  23.9  23.8  24.0  23.5  23.0  23.2  23.5  23.4  22.8  23.2  23.4  23.3  23.0  23.5  23.4  23.3  23.1  23.9  24.0  24.4  23.5  25.4  26.4 
 26.9  26.1  25.9  25.9  24.9  24.9  25.3  24.8  23.7  23.5  23.8  23.8  23.2  23.3  23.5  23.3  23.0  23.0  23.3  23.3  23.1  23.4  23.6  23.6  23.1  23.4  24.2  24.8  24.4  24.6  26.4  27.2 
