 24.5  23.8  23.8  23.9  24.1  23.8  24.4  24.3  24.1  23.7  24.0  24.4  24.1  23.8  23.8  24.2  23.8  23.8  23.9  24.2  24.0  24.1  24.0  24.3  24.1  24.2  24.2  24.7  24.7  24.3  25.1  26.8 
 24.3  23.4  24.0  23.9  24.3  24.2  24.8  24.3  24.1  23.7  24.2  24.1  24.0  23.7  24.2  23.7  23.8  23.7  24.3  24.0  24.1  23.9  24.4  24.3  23.9  24.2  24.7  24.5  24.7  24.3  26.2  25.8 
 23.6  24.0  24.0  24.0  24.3  24.1  24.0  24.1  23.8  23.9  23.9  24.1  23.8  23.7  23.9  24.1  23.7  23.8  23.9  24.0  24.1  23.8  24.1  24.4  24.1  24.2  24.1  24.3  24.6  24.3  24.5  24.8 
 23.6  23.5  24.4  24.0  24.4  24.1  24.5  24.3  24.0  23.6  24.2  24.0  23.8  23.8  24.0  24.0  23.8  23.7  24.2  23.9  23.9  23.7  24.4  24.1  23.9  23.9  24.7  24.2  24.2  24.1  25.0  24.7 
 23.9  24.1  23.9  24.5  24.2  24.4  24.1  24.4  24.1  23.9  23.8  24.0  23.9  23.8  23.9  24.1  23.8  23.8  23.9  24.1  24.1  23.9  24.0  24.4  24.0  24.2  24.2  24.5  24.1  24.1  24.3  24.8 
 24.3  23.9  24.6  24.1  24.1  24.3  24.3  24.1  24.0  23.8  23.9  23.9  23.9  23.7  23.9  23.9  23.9  23.7  24.1  23.9  23.9  23.8  24.2  24.0  24.1  23.7  24.5  24.4  24.3  24.3  24.7  24.5 
 24.1  24.1  23.9  24.5  24.3  24.1  24.2  24.3  24.0  23.7  24.0  24.1  23.8  23.8  23.8  24.0  23.8  23.6  23.9  24.1  23.9  23.8  23.8  24.3  23.8  23.8  24.1  24.5  24.2  23.9  24.4  24.4 
 24.5  23.9  24.3  24.2  24.3  24.0  24.4  24.1  24.0  23.7  24.2  24.0  23.9  23.7  24.1  23.8  24.0  23.8  24.1  24.0  23.8  23.9  24.3  24.0  23.9  23.7  24.4  24.3  24.2  24.1  24.6  23.6 
 24.2  24.2  24.3  24.6  23.9  24.1  24.0  24.3  23.9  23.9  23.9  23.9  23.8  23.9  23.7  24.2  23.7  23.9  23.9  24.1  23.9  23.9  23.9  24.1  24.2  24.0  24.1  24.4  24.0  24.0  24.1  24.7 
 24.3  23.9  24.7  24.4  24.5  24.0  24.2  24.0  23.9  23.9  23.9  23.9  24.0  23.7  24.0  23.9  23.8  23.9  24.0  24.0  23.9  23.8  24.2  24.0  24.0  24.0  24.2  24.4  24.2  24.1  25.1  24.5 
 24.5  24.4  24.1  24.6  24.0  23.9  24.0  24.0  23.9  23.9  23.9  24.1  23.8  23.8  24.1  24.0  23.9  24.0  24.1  24.3  23.8  23.9  24.1  24.2  24.0  23.9  24.1  24.3  24.1  24.2  24.5  24.6 
 24.5  23.9  24.5  24.4  24.1  24.1  24.4  23.9  24.0  23.7  24.1  24.0  24.0  23.8  24.1  23.9  24.0  23.8  24.1  24.1  24.0  23.9  24.3 nan  24.0  23.8  24.4  24.4  24.1  24.1  24.9  24.7 
 24.3  24.4  24.2  24.6  24.1  24.1  24.0  24.4  23.8  23.9  24.0  24.1  23.8  23.8  23.9  24.1  23.9  23.9  24.2  24.0  24.0  23.9  24.3  24.2  24.3  24.2  24.4  24.7  24.6  24.5  25.0  25.3 
 24.6  23.9  24.8  24.5  24.2  24.0  24.2  23.9  24.0  23.7  24.1  24.0  23.9  23.8  24.2  24.1  24.1  23.9  24.2  24.1  24.0  24.1  24.5  24.4  24.5  24.5  24.8  24.7  25.1  24.8  25.5  25.3 
 24.6  24.5  24.3  24.6  24.2  24.0  24.2  24.2  24.0  23.8  23.9  24.2  24.0  23.9  23.8  24.1  24.0  23.9  24.1  24.3  24.5  24.9  29.8  31.1  30.8  29.9  27.5  27.1  26.5  26.7  26.1  26.4 
 24.5  24.1  24.7  24.4  24.1  24.0  24.1  24.0  24.0  23.9  24.4  24.0  24.0  23.8  24.1  24.0  23.9  23.8  24.2  24.3  25.3  28.8  45.2  47.3  44.6  39.1  31.0  29.1  27.5  26.9  26.9  26.4 
 24.4  24.3  24.4  24.7  24.2  24.0  24.1  24.4  23.9  24.1  24.0  24.1  24.0  24.0  24.0  24.1  24.0  23.9  24.1  24.5  32.0  44.5  70.5  73.5  69.8  60.6  36.2  32.8  28.9  28.3  27.4  27.5 
 24.7  24.4  24.9  24.4  24.0  24.0  24.6  24.2  24.2  23.7  24.2  24.1  24.1  23.8  24.2  23.9  24.0  24.0  24.4  24.4  34.6  48.9  75.2  77.6  71.7  61.4  37.3  33.4  29.6  28.6  27.8  27.5 
 24.7  24.5  24.5  24.8  24.3  24.2  24.3  24.6  24.0  24.1  24.1  24.4  23.9  24.0  24.1  24.3  24.1  24.0  24.4  24.7  33.7  42.6  65.0  68.0  59.1  50.2  34.6  32.4  29.4  28.6  27.8  28.1 
 24.8  24.6  24.7  24.9  24.5  24.0  24.7  24.3  24.2  24.1  24.4  24.1  24.1  24.1  24.3  24.1  24.1  23.9  24.7  24.9  31.5  36.2  51.9  54.0  46.9  41.9  33.1  31.5  28.7  28.4  28.5  28.4 
 24.8  24.7  24.9  25.0  24.4  24.6  24.2  24.6  24.0  24.1  24.1  24.3  23.9  24.2  24.3  24.3  24.0  24.1  24.5  25.6  27.4  28.8  32.9  34.1  33.8  32.5  30.5  30.3  28.2  28.0  28.4  29.9 
 25.0  24.6  24.9  25.1  24.5  24.3  24.6  24.4  24.0  23.8  24.4  24.2  24.2  24.0  24.4  24.2  24.2  24.0  25.2  25.4  26.2  26.6  30.0  30.8  31.2  30.8  30.2  29.6  27.7  27.6  29.6  30.0 
 26.0  25.2  25.0  25.1  24.7  24.5  24.6  24.7  24.5  24.2  24.4  24.5  24.3  24.1  24.2  24.5  24.2  24.3  25.0  25.3  25.6  25.6  27.6  28.4  28.9  28.7  28.7  28.5  27.9  27.7  30.7  33.3 
 26.4  25.3  25.3  25.0  24.7  24.6  25.0  24.7  24.2  24.4  24.6  24.4  24.3  24.1  24.5  24.2  24.4  24.0  25.4  25.2  25.4  25.7  27.3  27.7  28.2  27.9  28.1  28.0  27.9  28.6  31.9  32.8 
