 24.5  24.0  23.9  24.0  24.3  23.9  24.5  24.4  24.3  24.1  24.2  24.1  24.2  23.7  24.0  24.2  24.0  23.7  23.8  24.0  23.9  23.9  24.2  24.3  24.2  24.0  24.3  24.7  24.7  24.3  25.4  26.1 
 23.7  23.6  24.0  24.4  24.1  24.2  24.5  24.3  24.0  24.1  24.2  24.1  23.9  23.8  24.0  24.1  23.9  23.8  24.1  24.0  24.0  23.8  24.1  24.3  23.9  24.1  24.5  24.6  24.5  24.6  25.0  25.5 
 23.8  23.6  24.3  24.0  24.5  23.9  24.3  24.3  24.0  23.9  24.0  23.9  23.8  23.6  24.0  24.0  24.1  23.7  23.9  24.0  24.1  23.8  24.1  24.3  24.2  24.0  24.3  24.5  24.4  24.3  24.9  25.0 
 23.4  23.7  24.2  24.3  24.1  24.1  24.2  24.2  24.0  23.7  24.3  23.9  23.7  23.9  23.9  24.0  23.9  23.6  23.9  23.9  24.0  24.1  24.0  24.0  24.0  23.9  24.4  24.2  24.3  24.4  24.8  24.9 
 24.1  23.7  23.9  24.5  24.4  24.2  24.2  24.1  24.0  23.8  24.0  24.0  23.9  23.7  24.0  23.9  23.8  23.7  23.8  24.0  24.1  23.8  23.9  24.0  24.1  23.9  24.2  24.1  24.2  23.9  24.6  24.4 
 23.9  23.9  24.4  24.1  24.1  24.4  24.3  24.0  23.8  23.9  23.8  24.1  23.8  23.7  23.9  23.9  23.9  24.0  24.0  23.9  23.8  23.8  24.1  24.1  24.0  23.8  24.0  24.2  24.1  24.6  24.7  24.5 
 24.1  23.9  24.6  24.2  24.3  24.1  24.1  24.1  24.0  23.7  24.0  24.2  24.0  23.7  23.9  23.9  23.9  23.8  24.0  23.8  23.9  23.9  23.9  24.1  24.0  23.8  24.0  24.4  24.3  24.1  24.6  24.2 
 24.1  24.1  24.5  24.4  24.3  24.2  24.0  24.2  23.9  23.8  24.0  23.9  23.8  23.9  23.9  24.0  23.9  23.8  23.9  24.1  24.0  23.9  23.9  24.0  23.9  23.9  24.3  24.2  24.2  24.1  24.3  23.4 
 24.5  24.0  24.4  24.2  24.1  23.9  24.2  24.1  23.9  23.9  24.1  24.0  24.0  23.8  23.8  24.0  24.0  23.7  24.1  24.0  24.0  23.8  24.0  24.0  24.1  24.1  24.2  24.4  24.2  24.0  24.3  24.2 
 24.3  24.0  24.4  24.5  24.1  24.1  24.1  24.1  24.0  24.0  24.0  24.1  23.9  23.8  24.0  24.1  23.7  23.7  24.0  24.0  23.9  23.9  24.2  24.1  24.1  23.9  24.3  24.4  24.0  24.1  24.6  24.5 
 24.6  24.1  24.4  24.4  24.2  24.0  24.1  24.0  24.0  23.7  24.0  24.0  24.0  23.7  24.0  23.9  24.0  23.8  24.1  24.1  24.0  23.9  24.2  24.2  24.2  24.0  24.3  24.2  24.5  24.1  24.6  24.7 
 24.4  24.2  24.2  24.4  24.2  23.8  24.1  24.0  23.9  23.9  24.0  24.0  24.0  23.8  24.0  23.9  23.9  23.9  24.1  24.1  24.0  24.0  24.2 nan  24.0  24.0  24.2  24.5  24.5  24.1  24.9  25.0 
 24.6  24.1  24.3  24.5  24.1  24.0  24.3  24.2  24.0  23.8  24.0  24.1  23.9  23.6  24.0  24.0  24.1  23.7  24.1  24.1  24.1  23.9  24.3  24.5  24.3  24.1  24.5  24.6  24.8  24.5  25.1  25.3 
 24.2  24.3  24.5  24.6  24.3  24.1  24.2  24.2  23.8  23.8  24.1  24.2  23.8  24.0  24.0  24.0  23.9  24.0  24.2  24.1  24.1  24.1  24.5  24.3  24.4  24.3  24.9  24.8  25.0  25.0  25.3  25.5 
 24.4  24.4  24.1  24.2  24.2  24.1  24.2  24.1  24.0  23.7  24.0  24.3  23.9  23.8  24.1  23.8  24.1  23.9  24.2  24.3  24.4  24.8  29.8  31.1  30.8  29.8  27.5  27.2  26.8  26.2  26.1  26.1 
 24.7  24.2  24.5  24.6  24.2  24.1  24.3  24.0  24.1  23.9  24.2  24.0  24.0  24.0  24.1  23.9  23.8  24.0  24.1  24.2  25.1  28.9  45.2  47.4  44.5  39.0  30.9  29.3  27.6  27.2  26.8  26.7 
 24.6  24.3  24.5  24.4  24.3  24.0  24.2  24.4  24.1  23.7  24.0  24.1  24.0  23.8  24.0  24.1  24.0  23.9  24.4  24.2  32.1  44.6  70.5  73.6  69.9  60.5  36.3  32.9  29.2  28.2  27.3  26.9 
 24.2  24.3  24.5  24.4  24.3  24.2  24.4  24.3  24.0  24.0  24.1  23.9  23.9  24.0  24.2  24.0  24.0  24.0  24.3  24.6  34.6  48.9  75.0  77.7  71.5  61.6  37.1  33.4  29.5  28.6  27.5  27.5 
 24.8  24.3  24.9  24.7  24.4  24.2  24.4  24.4  24.2  24.0  24.1  24.1  24.2  24.1  24.2  24.2  24.2  24.1  24.2  24.6  33.5  42.5  65.1  67.9  59.1  50.0  34.7  32.4  29.4  28.6  27.6  28.1 
 24.8  24.6  24.7  24.7  24.5  24.4  24.5  24.4  24.1  24.3  24.0  24.2  24.1  24.0  24.3  24.2  24.1  24.0  24.4  25.1  31.4  36.4  52.0  54.0  47.0  42.1  33.0  31.4  28.8  28.5  27.9  28.2 
 25.2  24.5  24.8  24.8  24.5  24.5  24.5  24.4  24.3  24.2  24.3  24.4  24.2  24.2  24.2  24.5  24.0  24.1  24.6  25.5  27.3  28.7  33.3  34.2  33.4  32.6  30.8  30.0  28.0  27.8  28.1  29.4 
 24.9  25.1  24.9  24.8  24.6  24.3  24.6  24.6  24.1  24.3  24.4  24.2  24.2  24.0  24.2  24.4  24.1  24.0  24.9  25.5  26.1  27.0  30.2  30.8  31.2  31.1  29.9  29.3  27.9  27.5  29.1  30.3 
 25.7  25.2  24.9  24.8  24.7  24.3  24.6  24.4  24.4  24.3  24.3  24.3  24.4  24.2  24.3  24.5  24.3  24.0  25.3  25.1  25.3  25.4  27.7  28.3  29.0  28.9  28.7  28.5  27.9  27.9  30.6  31.6 
 26.4  25.6  25.3  25.5  24.8  24.6  24.7  24.6  24.2  24.4  24.5  24.4  24.3  24.2  24.3  24.4  24.2  24.0  25.3  25.2  25.4  25.4  27.3  27.7  27.9  28.2  28.3  28.2  28.1  28.8  31.5  32.3 
