 24.2  23.5  24.0  23.5  23.3  22.7  23.2  23.0  22.9  22.4  23.0  22.9  22.7  22.7  23.1  22.8  22.7  22.6  23.1  22.7  22.8  22.8  24.8  26.1  27.8  27.9  29.4  29.3  29.1  29.5  30.5  31.1 
 24.0  23.6  23.7  23.6  23.1  23.2  23.1  23.3  22.8  22.6  23.1  23.2  22.6  22.6  22.8  23.0  22.6  22.6  23.1  23.1  22.9  22.7  24.2  25.7  27.5  28.1  28.7  28.7  29.4  30.0  30.5  30.7 
 23.7  23.0  23.5  23.4  22.9  22.7  23.2  23.0  23.0  22.7  23.0  23.0  22.6  22.6  22.9  22.7  22.8  22.3  22.8  22.8  22.9  22.5  23.4  23.9  27.1  27.8  29.3  29.8  29.5  29.3  29.9  29.8 
 23.3  23.3  23.1  23.5  22.7  22.6  23.1  23.0  22.8  22.8  23.1  23.0  22.6  22.6  22.9  23.1  22.6  22.6  22.9  22.9  22.6  22.8  23.0  23.4  25.9  27.2  29.4  29.7  28.9  29.0  29.6  29.8 
 23.3  23.2  23.5  23.4  23.0  22.8  23.1  23.2  23.3  23.1  23.0  22.8  22.8  22.7  22.9  22.8  22.6  22.6  22.9  22.8  22.9  22.8  23.1  23.1  23.7  24.4  27.1  28.4  29.2  29.4  30.3  30.2 
 23.1  23.3  23.3  23.4  22.9  23.1  23.3  23.3  23.7  23.9  23.2  23.0  22.7  22.5  22.8  23.0  22.6  22.7  22.7  23.0  22.7  22.9  23.2  23.3  23.7  23.8  27.4  27.9  29.2  29.6  30.4  30.5 
 23.3  23.2  23.2  23.4  23.0  22.7  23.4  23.4  25.5  26.8  24.3  23.3  22.7  22.5  22.8  22.6  22.7  22.7  23.1  23.0  22.9  22.8  23.3  23.6  24.8  26.6  28.4  29.8  30.8  30.4  30.0  29.6 
 23.3  23.2  23.2  23.4  23.1  23.0  23.3  23.6  26.1  27.9  24.9  23.3  22.6  22.6  22.6  22.9  22.8  22.8  22.8  22.9  22.7  22.8  23.2  23.5  26.4  26.5  28.9  29.6  31.6  31.5  30.5  29.4 
 23.5  23.2  23.3  22.9  22.9  22.6  23.2  23.3  23.6  23.5  23.3  23.0  22.7  22.7  22.8  22.9  22.8  22.7  23.0  22.7  22.9  22.7  23.4  23.7  26.5  27.7  29.8  30.8  31.1  31.1  31.8  31.6 
 23.4  23.6  23.5  23.2  22.9  22.9  23.1  23.0  22.9  23.2  22.9  23.2  22.7  22.7  22.7  22.9  22.6  22.6  22.9  23.0  22.8  22.9  23.0  23.8  26.3  27.7  30.8  31.1  31.2  31.4  32.6  32.2 
 24.1  23.7  24.0  23.5  23.5  23.1  23.2  22.9  22.9  22.7  23.1  22.8  22.8  22.6  23.0  22.9  23.0  22.7  23.1  22.9  22.8  22.8  23.1  23.2  25.5  27.6  29.8  30.6  31.4  31.8  31.2  29.8 
 23.8  23.7  24.1  24.3  24.1  23.9  23.4  23.5  22.9  22.9  23.0  23.0  22.8  22.8  22.8  23.0  22.7  22.8  22.9  22.9  22.7  22.8  23.1 nan  25.3  27.0  30.1  30.6  31.4  31.7  29.6  29.6 
 24.5  24.0  25.2  25.4  26.4  26.5  29.0  29.4  27.5  25.7  23.2  23.1  22.8  22.7  22.8  22.7  22.9  22.7  22.9  22.7  22.8  22.6  23.0  22.9  23.5  23.8  28.6  28.4  30.5  29.9  30.6  28.2 
 24.7  24.9  25.7  26.2  27.6  28.8  36.5  42.2  44.5  38.9  23.9  23.4  22.8  22.8  22.9  23.0  22.6  22.8  22.7  22.9  22.8  22.7  23.0  23.1  23.1  23.4  25.1  27.6  29.1  30.3  30.0  30.7 
 25.4  25.3  26.6  27.2  30.1  32.8  52.0  60.2  70.8  67.1  33.8  25.7  23.0  22.7  22.9  22.9  22.9  22.7  23.0  22.9  22.9  22.6  23.2  23.0  23.0  22.8  23.9  25.0  29.7  29.6  30.6  30.6 
 25.5  25.4  26.8  27.9  30.4  33.4  52.3  61.1  76.0  75.4  38.1  26.6  22.9  22.8  22.8  22.9  22.7  22.7  22.9  23.0  22.8  23.0  22.9  23.0  23.0  23.0  23.5  24.1  27.0  27.6  28.0  27.9 
 25.6  25.8  27.1  27.0  29.6  31.9  46.2  55.5  78.7  78.2  33.6  25.2  23.0  22.8  23.1  23.0  22.8  22.7  23.2  23.0  23.0  22.7  23.1  23.1  23.3  22.9  23.7  23.6  23.7  24.0  25.5  25.3 
 25.4  25.5  26.7  26.9  28.8  30.1  39.1  45.4  61.2  58.4  27.8  24.4  23.2  23.0  22.9  23.1  22.8  22.9  23.1  23.2  22.9  23.0  23.1  23.2  23.1  23.0  23.5  23.7  23.3  23.6  24.6  25.2 
 25.7  25.5  26.8  26.9  27.4  27.3  29.7  31.1  32.4  30.4  24.5  23.5  23.1  22.9  23.1  23.0  23.2  22.8  23.1  23.2  23.0  22.7  23.4  23.2  23.3  23.0  23.5  23.5  23.6  23.5  24.3  24.7 
 25.5  25.8  26.4  26.8  26.3  26.6  27.9  28.4  28.2  27.2  23.9  23.6  23.0  23.1  23.2  23.2  22.8  23.0  23.3  23.1  23.0  22.9  23.1  23.4  23.0  23.2  23.2  23.6  23.1  23.5  24.4  24.8 
 25.8  25.3  26.1  25.9  26.0  25.9  26.3  26.3  25.8  25.1  24.1  23.7  23.0  23.0  23.4  23.3  23.1  22.9  23.3  23.2  23.3  22.9  23.4  23.5  23.3  23.0  23.4  23.9  23.9  23.6  25.1  25.2 
 25.4  25.7  25.6  26.0  25.6  25.4  25.9  26.0  25.0  24.8  24.0  23.8  23.2  23.3  23.3  23.5  22.8  23.2  23.2  23.3  22.9  23.1  23.3  23.5  23.1  23.2  23.5  23.9  24.0  24.3  25.3  26.3 
 26.7  25.5  25.6  25.7  25.4  24.7  25.1  25.3  24.7  24.1  24.0  23.7  23.6  23.1  23.5  23.3  23.2  23.0  23.5  23.4  23.4  22.9  23.6  23.7  23.6  23.5  25.0  24.7  24.8  24.3  26.3  27.1 
 26.5  26.4  25.6  26.0  24.8  25.1  25.0  25.1  24.2  24.3  23.9  24.0  23.1  23.3  23.4  23.7  23.1  23.2  23.3  23.6  23.2  23.1  23.5  23.9  23.6  24.0  24.8  25.3  25.0  25.3  27.0  28.1 
