 24.5  24.0  24.0  23.9  24.1  24.1  24.5  24.4  24.0  24.1  24.3  24.2  24.1  23.6  23.9  24.1  23.9  24.0  23.9  24.1  24.0  24.2  24.2  24.2  23.9  23.9  24.4  24.2  24.7  24.3  25.2  26.2 
 24.3  23.4  24.0  24.0  24.3  24.2  24.4  24.5  24.2  23.7  24.2  24.2  23.9  23.7  23.8  24.1  23.8  23.7  24.1  24.2  24.1  23.8  24.1  24.2  24.2  24.1  24.4  24.5  24.3  24.3  25.3  25.8 
 24.0  23.7  24.3  24.1  24.0  24.1  24.3  24.0  23.9  23.9  24.0  24.0  23.7  23.9  24.0  23.9  23.9  23.8  24.0  24.0  24.0  23.9  24.1  24.2  24.1  24.2  24.3  24.2  24.4  24.5  24.7  25.0 
 23.6  23.2  24.1  24.3  24.6  24.1  24.3  24.3  24.0  23.8  24.2  23.9  23.8  23.6  23.9  24.0  23.9  23.7  24.0  24.0  24.1  23.9  24.3  24.2  24.1  24.0  24.4  24.3  24.3  23.9  25.2  24.9 
 24.1  24.1  24.1  24.4  24.2  24.3  24.1  24.0  24.0  23.8  23.7  23.9  23.8  23.8  23.9  24.0  23.8  23.8  24.2  24.0  23.8  23.8  24.2  24.1  23.9  23.9  24.4  24.3  23.9  24.1  24.6  24.6 
 24.1  23.6  24.2  24.3  24.4  24.1  24.3  24.2  23.8  23.7  24.0  24.1  24.1  23.7  23.8  23.9  23.9  23.8  24.0  24.0  23.9  23.8  24.1  24.0  24.3  23.7  24.1  24.5  24.3  24.2  24.7  24.4 
 23.8  24.1  24.1  24.2  24.3  24.1  24.3  24.0  23.9  23.7  23.9  24.0  23.9  23.9  24.0  23.9  23.8  23.7  24.1  24.1  23.9  23.7  24.1  23.9  24.0  24.0  24.2  24.3  24.1  24.4  24.4  24.3 
 24.2  23.9  23.9  24.4  24.1  23.8  24.1  24.2  24.0  23.7  24.0  24.0  23.9  23.6  23.9  23.9  23.9  23.9  23.8  24.0  24.0  23.7  24.2  23.9  24.2  23.7  23.9  24.3  23.9  23.9  24.5  23.9 
 24.2  24.5  24.4  24.2  24.2  24.0  24.1  24.3  23.9  23.9  24.1  24.0  23.9  23.9  23.7  24.0  23.8  23.8  24.2  23.9  24.0  24.0  24.0  24.1  24.0  24.0  24.1  24.2  24.3  24.2  24.5  24.4 
 24.6  23.9  24.6  24.4  24.2  24.0  24.2  24.1  23.9  23.9  24.0  24.2  23.9  23.7  23.8  23.9  23.9  23.9  24.0  24.0  24.0  23.9  24.1  24.1  24.1  23.9  24.1  24.4  24.0  23.7  24.6  24.7 
 24.5  24.5  24.5  24.5  24.1  24.2  24.2  24.0  23.9  24.1  24.1  24.0  23.8  23.8  24.0  24.0  23.8  24.0  24.1  24.0  23.9  24.0  24.2  24.2  24.0  24.2  24.2  24.2  24.2  24.4  24.8  24.6 
 24.3  23.9  24.4  24.3  24.1  23.9  24.2  24.1  24.0  23.6  24.1  24.2  24.0  23.7  23.9  24.1  24.0  23.8  24.1  24.2  24.0  23.9  24.1 nan  23.9  23.9  24.0  24.3  24.3  24.0  24.6  24.5 
 24.4  24.2  24.3  24.4  24.1  24.1  24.4  24.0  23.8  23.9  24.0  24.0  23.9  23.8  24.1  23.9  23.9  23.9  24.1  24.0  24.0  24.0  24.5  24.3  24.2  24.2  24.4  24.5  24.3  24.7  25.1  25.2 
 24.3  24.1  24.5  24.6  24.3  24.0  24.4  24.2  24.1  23.8  24.1  24.1  23.9  24.0  24.0  24.0  24.0  23.7  24.1  24.2  24.1  24.1  24.5  24.4  24.5  24.3  24.8  24.9  25.1  25.0  25.5  25.5 
 24.3  24.3  24.3  24.5  24.2  24.1  24.3  24.2  24.1  23.8  23.9  24.1  23.9  23.8  24.0  24.0  24.0  24.0  24.2  24.2  24.5  24.8  29.8  31.0  30.9  30.0  27.5  27.3  26.8  26.4  26.2  26.4 
 24.5  24.1  24.7  24.6  24.3  24.1  24.3  24.3  23.9  23.9  24.0  24.1  23.9  23.9  24.0  24.0  24.0  24.0  24.2  24.3  25.3  28.7  45.2  47.5  44.6  39.3  30.7  29.3  27.7  26.9  26.6  26.6 
 24.1  24.5  24.5  24.3  24.0  24.0  24.2  24.2  24.0  23.9  24.0  24.1  24.0  23.9  24.1  23.9  24.0  24.0  24.3  24.3  32.0  44.7  70.4  73.5  69.7  60.7  36.4  33.0  28.8  28.4  27.8  27.5 
 24.7  24.0  24.4  24.5  24.3  23.8  24.3  24.5  24.1  23.9  24.1  24.0  24.1  24.0  24.2  24.1  24.1  23.8  24.5  24.5  34.6  48.8  75.0  77.7  71.6  61.5  37.2  33.3  29.6  28.5  27.5  27.5 
 24.8  24.7  25.2  24.6  24.2  24.5  24.5  24.5  24.0  24.0  24.0  24.0  23.9  24.0  24.0  24.4  24.1  24.1  24.2  24.8  33.5  42.6  65.1  67.9  58.9  50.1  34.7  32.5  29.3  28.6  27.6  27.7 
 25.0  24.7  24.7  24.9  24.5  24.0  24.4  24.4  24.2  24.0  24.1  24.1  24.1  24.0  24.2  24.1  24.1  23.9  24.5  25.3  31.5  36.3  51.9  54.0  46.9  41.8  32.9  31.4  29.1  28.4  27.6  28.4 
 25.2  24.7  25.2  25.1  24.4  24.4  24.4  24.4  24.2  24.2  24.3  24.3  24.1  24.0  24.3  24.3  23.9  24.1  24.7  25.5  27.4  28.8  33.1  34.2  33.7  32.8  30.9  30.0  27.9  28.3  28.6  29.4 
 25.0  24.8  24.8  24.6  24.8  24.0  24.5  24.7  24.2  24.0  24.3  24.3  24.0  23.9  24.2  24.3  24.2  23.9  25.0  25.6  26.2  26.7  30.0  30.8  31.4  30.8  29.8  29.4  27.9  27.5  29.4  30.9 
 25.4  25.2  24.8  25.1  24.7  24.6  24.6  24.6  24.3  24.3  24.6  24.3  24.0  24.4  24.4  24.4  24.2  24.2  25.3  25.2  25.4  25.8  27.8  28.5  28.9  28.6  28.6  28.2  27.5  28.1  30.7  31.7 
 26.1  25.3  25.3  25.3  24.7  24.4  24.7  24.6  24.4  24.3  24.5  24.6  24.2  24.3  24.6  24.5  24.1  24.3  25.3  25.0  25.4  25.7  27.2  27.9  28.2  27.9  28.0  28.0  28.1  28.3  31.5  33.2 
