 24.7  24.0  23.6  23.7  24.6  24.3  24.4  24.4  24.1  23.9  24.1  24.2  24.3  23.9  24.0  24.2  24.2  24.1  24.2  24.1  24.2  24.0  24.3  24.3  24.2  24.1  24.4  24.5  24.6  24.7  25.2  26.2 
 23.9  24.0  24.0  24.0  24.3  24.4  24.4  24.5  23.9  24.0  24.2  24.2  23.8  23.8  24.3  24.1  23.9  23.8  24.3  24.2  24.2  23.9  24.4  24.2  24.1  24.2  24.5  24.5  24.0  24.3  25.3  25.3 
 23.8  24.0  24.0  24.2  24.5  24.0  24.3  24.3  24.1  23.7  23.9  24.2  23.8  23.8  23.9  23.9  24.1  24.1  23.8  24.1  24.0  24.1  23.8  24.0  24.3  24.1  24.3  24.5  24.7  24.2  24.5  24.6 
 23.4  23.7  24.4  24.3  24.3  24.1  24.6  24.3  24.0  24.0  24.4  24.0  23.9  23.6  24.1  24.1  23.9  23.8  24.1  24.0  24.2  24.0  24.3  24.2  24.1  24.1  24.9  24.3  24.2  24.6  24.8  24.9 
 24.4  24.3  24.0  24.4  24.2  24.5  24.1  24.3  24.1  23.8  24.0  24.1  24.0  23.7  24.0  24.0  23.9  23.8  23.8  24.0  24.0  23.9  23.8  24.1  24.2  23.9  24.3  24.5  24.4  24.6  24.1  24.4 
 24.1  24.2  24.2  24.3  24.1  24.3  24.3  24.3  23.8  24.0  23.9  24.0  23.9  23.9  23.9  24.0  23.9  23.9  24.0  24.1  24.0  23.8  24.3  24.1  24.1  24.1  24.1  24.4  24.3  23.9  24.5  24.6 
 24.1  24.0  24.3  24.5  24.3  24.0  24.2  24.2  23.9  23.8  23.9  24.2  23.9  23.9  24.0  23.9  23.8  23.8  24.0  24.2  24.0  24.0  23.9  24.1  23.9  23.9  24.1  24.4  24.3  23.9  24.4  24.4 
 24.2  24.0  24.1  24.4  24.4  24.2  24.3  24.1  23.9  23.9  23.9  24.1  23.9  23.8  24.1  23.9  23.9  24.0  24.1  23.9  23.9  23.9  24.2  23.9  24.0  24.0  24.3  24.1  24.1  24.1  25.0  23.6 
 24.6  24.2  24.4  24.2  24.2  24.0  23.9  24.2  24.0  23.9  24.0  23.9  23.9  23.8  23.8  24.2  24.0  23.9  23.9  24.1  24.2  24.0  24.0  24.3  24.2  24.1  24.1  24.2  24.0  24.2  24.1  24.6 
 24.3  24.3  24.6  24.4  24.3  24.1  24.5  24.2  24.0  23.9  24.1  24.0  23.8  23.6  24.0  24.1  23.9  23.9  24.2  24.1  24.1  23.9  24.0  24.2  24.0  24.0  24.5  24.2  24.0  24.1  24.8  24.5 
 24.6  24.5  24.4  24.7  24.5  23.9  24.0  24.1  24.1  23.8  24.0  24.0  23.8  23.9  24.0  24.0  24.0  23.8  24.0  24.3  24.0  23.9  24.0  24.2  24.1  24.4  24.2  24.3  24.4  24.4  24.3  24.8 
 24.5  24.3  24.5  24.4  24.0  24.1  24.3  24.1  24.0  23.8  24.0  24.0  23.8  23.8  24.0  24.1  24.0  23.9  24.2  24.2  24.0  23.9  24.2 nan  24.0  24.1  24.3  24.3  24.2  24.4  24.7  24.9 
 24.6  24.2  24.2  24.3  24.1  24.0  24.3  24.1  23.9  24.1  24.1  24.3  24.1  23.9  23.9  24.1  24.0  23.9  24.1  24.1  24.3  24.0  24.3  24.4  24.2  24.2  24.4  24.7  24.7  24.4  25.1  25.5 
 24.3  24.4  24.5  24.3  24.4  24.0  24.2  24.1  24.1  23.9  24.2  24.1  23.9  23.8  24.0  24.0  23.9  23.9  24.2  24.1  24.2  24.0  24.5  24.5  24.5  24.4  25.0  24.9  24.9  24.8  25.5  25.3 
 24.4  24.5  24.4  24.4  24.3  24.1  24.1  24.1  24.0  23.9  23.9  24.2  24.1  23.9  24.0  24.0  23.9  23.9  24.1  24.4  24.5  24.9  29.6  31.1  31.0  29.9  27.3  27.2  26.7  26.5  26.2  26.4 
 24.5  24.4  24.6  24.5  24.1  24.2  24.1  24.1  24.0  23.8  24.2  24.2  24.0  23.9  24.1  24.0  23.9  23.8  24.4  24.3  25.2  29.1  45.3  47.4  44.5  39.4  30.8  29.3  27.5  26.9  26.9  26.6 
 24.8  24.5  24.4  24.5  24.3  24.0  24.4  24.4  24.2  24.0  24.0  24.2  23.9  24.0  24.0  24.0  24.0  24.0  24.3  24.4  32.2  44.6  70.4  73.5  69.9  60.7  36.2  32.9  29.3  28.4  27.6  27.2 
 24.7  24.3  24.7  24.5  24.2  24.0  24.5  24.3  24.0  23.8  24.1  24.1  24.0  24.1  24.1  24.2  24.0  24.0  24.4  24.4  34.6  49.0  75.1  77.5  71.7  61.7  37.2  33.3  29.3  29.1  28.0  27.7 
 24.9  24.7  24.7  24.8  24.3  24.3  24.4  24.6  24.2  24.0  24.1  24.3  24.1  24.1  24.1  24.3  24.3  24.0  24.3  24.8  33.6  42.6  65.0  68.0  59.1  50.1  34.7  32.4  29.7  28.6  27.6  27.9 
 24.9  24.7  24.7  25.0  24.7  24.2  24.4  24.5  24.2  24.0  24.2  24.0  24.1  24.0  24.3  24.0  24.1  24.1  24.7  25.1  31.3  36.4  51.8  54.0  47.0  42.0  33.2  31.7  28.8  28.6  27.9  28.4 
 25.0  24.7  24.9  25.1  24.8  24.5  24.5  24.7  24.3  24.0  24.1  24.4  24.2  24.0  24.3  24.4  24.1  23.9  24.5  25.7  27.3  28.8  32.9  34.2  33.8  32.8  30.8  30.0  28.2  27.8  28.4  29.4 
 25.2  25.3  25.1  24.6  24.3  24.3  24.7  24.4  24.2  24.2  24.3  24.3  24.1  24.2  24.4  24.2  24.2  24.0  24.9  25.3  26.3  27.0  30.1  30.9  31.2  31.0  30.1  29.6  28.2  28.0  29.1  30.6 
 26.0  25.0  25.1  25.1  24.5  24.5  24.7  24.5  24.5  24.3  24.2  24.6  24.3  24.1  24.4  24.4  24.4  24.2  25.2  25.3  25.6  25.8  27.7  28.5  29.0  28.8  28.4  28.5  27.9  27.9  30.3  32.1 
 25.8  25.6  25.0  25.0  24.9  24.6  24.7  24.6  24.2  24.4  24.6  24.4  24.2  24.3  24.4  24.3  24.4  24.3  25.3  25.1  25.4  25.5  27.2  27.6  28.1  28.2  28.3  28.2  27.9  28.6  31.9  32.3 
