 24.5  23.6  24.0  23.7  24.3  24.0  24.4  24.0  23.9  24.0  24.1  23.9  24.1  23.6  23.9  24.1  23.8  23.7  24.2  24.0  23.7  23.8  24.0  24.3  24.4  23.9  24.5  24.5  24.8  24.2  24.9  25.8 
 24.3  24.0  23.8  23.9  24.1  24.2  24.3  24.5  23.8  23.9  24.1  24.1  23.8  23.8  24.0  24.0  23.8  23.7  23.8  23.9  23.8  23.8  24.1  24.6  23.9  24.1  24.1  24.5  24.3  24.5  25.3  25.8 
 24.0  23.3  24.3  24.1  24.3  23.9  24.3  24.2  24.1  23.6  24.0  24.0  23.7  23.7  23.9  23.8  23.8  23.7  24.2  24.0  24.1  23.8  24.3  24.1  24.2  24.1  24.3  24.2  24.1  24.2  24.3  24.8 
 23.4  23.4  24.4  24.2  24.0  24.3  24.1  24.2  23.9  23.6  24.1  23.9  23.8  23.7  23.8  24.0  23.8  23.6  23.9  23.9  23.8  23.8  23.9  24.1  23.5  24.0  24.2  24.4  24.2  24.3  24.3  24.9 
 23.9  23.8  24.4  24.5  24.1  24.1  24.2  24.0  24.0  23.8  23.9  23.9  23.7  23.8  23.9  23.9  23.8  23.8  23.9  23.9  23.9  23.6  24.0  23.8  24.1  23.8  24.3  23.9  24.1  24.0  24.6  24.4 
 23.8  23.8  24.0  24.1  24.1  24.1  24.1  24.4  24.0  23.9  23.9  24.0  23.7  23.8  23.9  24.1  23.7  23.8  23.9  24.0  23.8  23.7  24.0  24.0  24.0  23.7  24.0  24.4  23.8  24.5  24.4  24.7 
 24.0  23.8  24.3  24.3  24.4  24.0  24.2  24.1  23.8  23.7  23.9  23.9  23.9  23.7  23.9  23.9  23.8  23.6  24.1  23.9  23.9  23.7  23.9  24.0  23.9  23.7  24.2  24.2  24.2  23.7  24.1  24.3 
 23.8  23.9  24.1  24.3  24.2  24.1  24.1  23.9  23.8  23.8  24.0  24.0  23.9  23.8  23.9  23.9  23.7  23.7  23.7  23.9  23.8  23.7  24.0  24.1  23.8  23.7  24.0  24.3  23.9  24.0  24.3  23.8 
 24.4  23.9  24.4  24.2  24.0  24.0  24.1  24.0  24.1  23.8  24.0  24.0  23.9  23.7  23.9  23.8  23.7  23.7  24.0  23.9  23.9  23.7  24.2  23.9  24.0  23.8  24.1  24.0  24.0  24.1  24.5  23.9 
 24.4  24.1  24.5  24.4  24.1  23.9  24.2  24.1  23.9  23.9  24.0  23.9  23.7  23.8  23.7  24.0  23.8  23.9  23.9  24.1  23.8  24.0  23.9  24.1  23.9  23.9  24.1  24.5  24.0  24.0  24.5  24.5 
 24.5  24.0  24.5  24.3  24.0  23.8  24.2  24.0  23.9  23.8  24.1  24.0  23.9  23.8  24.1  23.9  23.9  23.7  24.1  23.9  23.8  23.8  24.1  24.0  24.1  24.0  24.2  24.1  24.2  24.1  24.3  24.6 
 24.2  24.2  24.1  24.6  24.0  24.0  24.1  24.0  23.7  23.7  23.8  24.0  23.7  23.8  23.7  24.0  23.7  23.8  24.0  24.1  23.9  24.0  24.1 nan  23.9  24.0  24.2  24.3  24.0  24.3  24.3  24.7 
 24.6  23.9  24.2  24.3  23.9  24.0  24.2  24.1  23.9  23.9  24.0  24.0  23.9  23.8  24.0  23.9  24.0  23.8  24.1  24.0  24.1  23.9  24.2  24.2  24.1  24.1  24.6  24.5  24.3  24.4  25.1  25.0 
 24.2  24.4  24.4  24.5  24.0  24.0  24.0  23.9  23.8  23.9  24.1  24.0  24.0  23.8  24.1  23.9  23.8  23.9  24.1  24.1  23.9  24.0  24.2  24.5  24.3  24.3  24.6  24.9  24.9  24.8  25.2  25.3 
 24.3  23.9  24.7  24.4  24.4  23.9  24.1  24.2  23.9  23.8  24.2  24.0  23.9  23.7  24.1  24.0  24.0  23.7  24.2  24.1  24.4  24.7  29.9  30.9  30.8  29.8  27.4  26.9  26.4  26.3  26.3  26.1 
 24.4  24.2  24.4  24.6  24.1  24.0  24.1  24.2  23.8  23.9  24.0  24.1  24.0  24.0  23.9  24.2  23.8  23.8  24.1  24.1  25.0  28.7  45.1  47.4  44.3  39.4  30.8  29.0  27.3  27.0  26.6  26.6 
 24.5  24.3  24.5  24.1  24.2  24.1  24.3  24.2  24.1  23.7  24.1  24.0  24.0  23.8  23.9  23.9  23.9  23.7  24.3  24.3  32.0  44.5  70.3  73.4  69.7  60.5  36.3  32.8  28.9  28.3  27.4  27.0 
 24.4  24.3  24.4  24.4  24.0  23.8  24.3  24.3  24.0  23.7  24.0  24.1  23.9  23.8  24.0  24.1  23.9  23.9  24.2  24.4  34.4  48.8  74.9  77.5  71.5  61.6  37.1  33.0  29.4  28.5  27.5  27.3 
 24.9  24.5  25.0  24.8  24.3  24.1  24.4  24.3  24.1  24.0  24.3  24.1  24.1  23.9  24.3  23.9  24.1  23.9  24.5  24.6  33.6  42.4  65.1  67.8  59.1  50.1  34.7  32.3  29.2  28.6  27.8  27.7 
 24.7  24.7  24.7  24.9  24.3  24.1  24.4  24.2  23.9  24.1  24.2  24.1  24.0  23.8  24.2  24.0  23.9  24.1  24.3  25.0  31.3  36.4  51.7  54.0  46.7  42.1  32.8  31.7  28.6  28.3  27.8  28.0 
 25.0  24.7  25.0  24.7  24.4  24.1  24.4  24.5  24.3  24.0  24.2  24.1  24.2  24.0  24.4  24.1  24.0  24.0  24.6  25.2  27.3  28.6  33.1  34.1  33.6  32.4  31.1  29.9  28.1  27.6  28.2  29.2 
 25.0  24.8  24.6  24.6  24.4  24.3  24.5  24.4  24.2  24.2  24.0  24.2  23.9  24.0  24.1  24.4  24.2  24.1  24.8  25.4  26.1  27.0  29.6  30.7  31.1  31.2  29.8  29.6  27.6  27.8  28.9  30.9 
 25.7  25.0  25.1  24.8  24.7  24.2  24.6  24.3  24.3  24.0  24.3  24.3  24.3  23.9  24.1  24.2  24.2  24.0  25.3  25.2  25.5  25.6  27.6  28.4  28.6  28.5  28.4  28.2  27.7  27.7  30.7  31.2 
 25.5  25.6  25.0  25.2  24.4  24.6  24.6  24.7  24.2  24.1  24.2  24.6  24.1  24.0  24.4  24.3  24.0  24.3  25.2  25.1  25.1  25.6  27.2  27.6  27.8  27.9  28.0  28.0  27.5  28.3  30.7  33.3 
