 24.7  23.6  24.0  23.7  24.4  24.2  24.7  24.4  24.0  23.7  24.1  24.2  24.1  23.7  24.0  24.1  23.9  23.8  23.9  24.1  24.1  23.8  24.0  24.4  24.2  24.0  24.5  24.5  24.7  24.1  25.2  26.5 
 24.1  23.8  24.0  24.2  24.1  24.2  24.5  24.3  24.2  24.1  24.2  24.2  24.0  24.0  24.1  24.2  23.9  23.9  24.2  24.3  24.0  24.0  24.4  24.3  24.2  24.2  24.5  24.6  24.5  24.5  25.7  25.8 
 23.8  23.8  24.3  24.4  24.5  23.9  24.2  24.3  23.9  23.7  23.9  24.1  23.9  23.7  24.1  23.9  24.2  23.8  24.1  24.1  24.0  23.9  24.2  24.2  24.2  24.1  24.4  24.6  24.4  24.1  24.9  24.8 
 23.4  23.7  24.4  24.3  24.0  24.3  24.3  24.3  23.8  23.9  24.3  24.1  23.8  23.7  24.0  24.1  23.9  23.7  23.9  24.0  24.0  24.0  24.2  24.2  23.8  24.3  24.1  24.5  24.0  24.6  25.0  25.1 
 24.1  23.9  24.4  24.3  24.6  24.3  24.4  24.0  24.1  23.9  23.9  23.9  23.7  23.7  24.0  23.9  24.0  23.7  23.9  24.0  23.9  23.7  24.1  24.0  24.2  23.8  24.4  24.3  24.4  23.9  24.6  24.6 
 23.9  23.9  24.2  24.3  24.3  24.4  24.4  24.2  24.0  23.9  23.8  24.0  23.7  23.8  23.8  24.0  23.7  23.9  24.0  24.0  23.8  23.9  24.2  24.2  24.0  23.9  24.1  24.2  24.1  24.5  24.7  24.7 
 24.3  23.9  24.1  24.3  24.4  24.2  24.3  24.2  24.0  23.7  24.1  24.0  23.9  23.7  24.0  24.0  24.0  23.8  23.8  23.9  24.0  23.9  24.0  24.0  24.1  23.9  24.2  24.3  24.3  23.8  24.3  24.6 
 24.2  24.0  24.2  24.6  24.3  24.2  24.5  24.1  23.9  23.9  24.1  24.0  23.8  23.9  24.0  24.1  23.9  24.0  24.0  24.0  23.9  23.8  24.0  24.0  23.9  23.8  24.1  24.3  23.9  24.4  24.1  23.8 
 24.4  24.0  24.4  24.4  24.5  24.1  24.1  23.9  24.1  23.7  24.2  24.0  23.9  23.7  24.0  24.0  23.9  23.7  24.0  23.9  24.0  23.8  24.1  24.1  24.0  24.1  24.3  24.0  24.4  24.0  24.5  24.5 
 24.4  24.2  24.6  24.5  24.2  24.1  24.1  24.1  23.9  23.9  23.9  24.1  23.8  23.9  24.0  24.1  23.8  23.9  23.9  24.1  23.9  24.1  24.2  24.1  23.9  24.2  24.3  24.4  24.0  24.1  24.8  24.7 
 24.6  24.2  24.3  24.5  24.1  23.8  24.2  24.2  23.9  23.9  24.0  24.0  23.9  23.8  23.9  24.0  23.9  23.8  24.1  24.1  24.1  23.8  24.2  24.1  24.2  23.8  24.2  24.3  24.2  24.2  24.6  24.7 
 24.3  24.3  24.5  24.2  24.1  24.2  24.0  24.2  24.0  23.9  24.0  24.2  23.9  23.8  23.9  24.0  23.8  23.9  24.1  24.2  24.0  24.0  24.2 nan  24.1  24.1  24.2  24.6  24.1  24.1  24.4  24.7 
 24.4  24.3  24.5  24.5  24.1  24.0  24.1  24.1  23.8  23.6  24.1  24.0  23.9  23.8  24.0  24.0  24.1  23.7  24.3  24.0  24.0  24.0  24.3  24.4  24.3  24.0  24.7  24.6  24.7  24.5  25.1  25.0 
 24.3  24.2  24.6  24.3  24.0  24.1  24.4  24.1  23.8  23.8  24.1  24.2  24.0  24.1  24.1  24.1  23.9  23.9  24.0  24.1  24.1  24.0  24.5  24.4  24.3  24.4  24.4  25.2  24.7  25.0  25.3  25.7 
 24.6  24.3  24.5  24.5  24.3  24.0  24.1  24.4  24.0  23.9  24.1  24.0  24.1  23.8  24.0  24.0  24.1  23.8  24.1  24.3  24.6  24.8  29.7  31.1  30.9  29.7  27.6  27.3  26.8  26.4  26.3  26.2 
 24.4  24.2  24.7  24.6  24.0  24.1  24.2  24.2  24.0  24.0  24.0  24.1  23.9  23.9  24.1  24.0  23.8  23.9  24.1  24.3  25.2  29.2  45.2  47.5  44.4  39.3  30.9  29.3  27.6  27.2  26.6  26.6 
 24.8  24.3  24.5  24.5  24.4  23.9  24.2  24.3  24.1  23.8  23.9  24.1  24.0  23.8  24.0  24.0  24.1  23.9  24.3  24.3  32.1  44.6  70.3  73.5  69.8  60.6  36.2  32.9  28.9  28.3  27.8  27.0 
 24.6  24.5  24.4  24.4  24.3  24.1  24.4  24.4  24.0  24.0  23.8  24.1  24.0  24.1  24.0  24.1  24.0  24.0  24.3  24.5  34.5  48.9  74.9  77.6  71.5  61.7  36.8  33.4  29.6  28.9  27.8  27.7 
 24.8  24.3  24.8  24.6  24.3  24.3  24.6  24.5  24.2  24.0  24.1  24.3  23.9  23.9  24.3  24.1  24.2  24.1  24.4  24.6  33.6  42.5  64.9  67.8  59.1  50.1  34.7  32.4  29.6  28.4  27.8  28.1 
 24.8  24.8  24.7  24.9  24.4  24.2  24.5  24.4  24.2  24.1  24.1  24.3  24.0  24.0  24.2  24.2  24.3  24.1  24.5  25.1  31.4  36.4  51.8  54.0  46.7  41.9  33.1  31.5  28.8  28.4  28.3  28.2 
 25.2  24.5  25.0  24.8  24.5  24.2  24.5  24.2  24.4  24.0  24.4  24.3  24.2  24.1  24.2  24.3  24.2  24.0  24.6  25.3  27.4  28.6  33.2  34.2  33.8  32.4  30.9  30.1  28.0  27.6  28.6  29.9 
 24.9  25.1  25.1  24.8  24.5  24.5  24.5  24.4  24.0  24.1  24.4  24.4  24.2  24.0  24.2  24.4  24.1  24.1  24.8  25.5  26.2  27.0  29.9  30.8  31.3  31.2  29.7  29.4  27.9  27.7  29.1  30.9 
 25.7  25.4  25.1  25.1  24.4  24.2  24.6  24.3  24.2  24.1  24.3  24.5  24.3  24.0  24.3  24.3  24.5  24.1  25.4  25.1  25.5  25.7  27.6  28.3  28.9  28.5  28.7  28.3  28.1  27.9  31.4  31.2 
 25.7  25.6  25.0  25.3  24.7  24.6  24.5  24.7  24.4  24.4  24.3  24.3  24.2  24.1  24.5  24.5  24.4  24.4  25.1  25.2  25.4  25.5  27.1  27.9  28.0  28.0  28.1  28.2  27.9  28.3  31.5  32.8 
