 24.7  23.6  24.0  23.7  24.6  24.0  24.4  24.2  24.1  23.9  24.0  23.9  24.1  23.8  24.0  23.7  23.9  23.8  24.1  24.1  23.8  24.0  24.2  24.3  24.2  23.9  24.2  24.2  24.6  24.5  25.2  25.8 
 23.9  23.8  23.7  24.0  24.3  24.2  24.4  24.8  23.9  24.0  24.1  24.2  23.8  23.7  23.8  24.1  23.8  23.9  24.0  24.1  24.1  24.1  24.1  24.3  23.9  24.4  24.2  24.5  24.3  24.3  24.8  25.5 
 24.0  23.8  23.8  23.9  24.4  24.1  24.2  23.9  24.0  23.8  24.0  24.0  23.8  23.8  24.0  23.8  23.9  23.7  24.1  23.9  24.2  24.1  24.1  23.9  24.2  24.3  24.3  24.3  24.4  24.2  24.5  24.6 
 23.2  23.4  23.9  24.6  24.0  24.1  24.2  24.3  23.7  23.8  24.1  24.1  23.8  23.8  23.8  24.0  23.8  23.8  24.0  24.0  23.9  23.7  24.0  23.9  23.9  24.1  24.4  24.4  24.0  24.1  24.8  24.5 
 24.3  23.8  24.0  24.1  24.4  24.1  24.1  24.0  23.9  23.9  23.9  23.8  23.8  23.8  23.9  23.8  23.9  23.7  23.9  23.9  24.0  23.7  23.9  24.0  24.2  24.0  24.3  24.1  24.1  24.3  24.3  24.6 
 24.0  23.6  23.9  24.1  24.1  24.0  24.2  24.1  23.8  24.0  23.8  24.0  23.7  23.8  23.7  24.0  23.8  23.9  23.8  24.0  23.8  23.8  23.7  23.9  24.0  23.9  24.0  24.4  24.0  24.5  24.2  24.6 
 23.8  23.8  24.2  24.2  24.4  24.0  24.0  23.9  23.9  23.9  24.0  23.9  23.9  23.8  23.8  23.9  23.8  24.0  24.0  24.0  23.9  23.8  24.0  24.0  24.1  23.7  24.1  24.0  24.3  23.9  24.4  24.3 
 24.1  23.9  23.9  24.4  24.3  24.2  24.1  24.2  23.9  23.8  24.0  23.9  23.9  23.9  23.9  23.9  23.8  23.8  23.9  24.1  23.9  23.8  23.9  24.1  24.0  24.0  24.2  24.2  24.2  24.1  24.0  23.6 
 24.4  23.9  24.3  24.1  24.2  24.0  24.2  24.1  24.1  23.7  24.0  24.0  23.8  23.9  23.8  24.0  23.9  23.8  24.1  23.9  23.9  23.8  24.0  23.9  24.1  24.0  24.2  23.9  24.0  23.9  24.3  24.2 
 24.3  24.2  24.3  24.5  24.3  24.2  24.1  24.2  24.0  23.9  23.9  24.0  24.0  23.9  23.8  24.0  23.8  23.9  23.9  24.0  23.8  23.9  23.9  24.2  23.9  24.0  24.2  24.2  23.6  24.1  24.5  24.5 
 24.8  24.2  24.3  24.3  24.2  24.1  24.2  24.1  24.0  23.9  24.1  23.9  23.9  23.8  23.9  24.0  23.8  23.9  23.9  23.9  24.0  23.9  24.1  23.9  24.1  24.1  24.3  24.3  24.4  24.1  24.3  24.4 
 24.5  24.1  24.2  24.4  24.0  24.1  24.3  24.3  23.9  23.8  23.7  24.2  23.9  23.9  24.0  24.0  24.0  23.9  24.1  24.1  24.1  23.9  24.0 nan  24.1  24.0  24.1  24.3  24.3  24.1  24.4  24.9 
 24.6  24.2  24.3  24.4  24.0  24.1  24.3  24.1  23.8  23.9  23.9  23.8  24.0  23.8  23.9  23.9  23.9  23.9  24.2  24.1  23.9  23.8  24.2  24.2  24.3  24.3  24.7  24.5  24.6  24.5  25.3  24.7 
 24.3  24.5  24.3  24.5  24.1  24.1  24.1  24.1  23.8  23.7  23.9  24.2  24.0  24.0  24.0  24.1  23.9  23.8  24.0  24.1  24.0  24.0  24.3  24.4  24.3  24.3  24.8  24.9  24.9  24.7  25.3  25.3 
 24.4  24.3  24.5  24.4  24.1  24.1  24.1  24.1  24.2  23.8  23.9  24.0  24.1  23.6  24.0  24.0  24.0  23.9  24.3  24.2  24.2  24.7  29.6  30.9  31.0  29.8  27.3  27.2  26.4  26.3  26.3  25.9 
 24.2  24.1  24.6  24.5  24.0  24.0  24.2  24.2  24.1  24.1  24.0  24.1  23.9  23.9  23.9  24.1  23.9  23.8  24.0  24.2  25.3  28.8  45.1  47.5  44.4  39.4  30.6  29.0  27.6  27.4  26.5  26.4 
 24.3  24.3  24.7  24.3  24.2  24.1  24.1  24.2  24.1  23.9  24.0  24.0  24.1  23.7  23.9  23.9  23.9  24.0  24.2  24.3  32.2  44.5  70.4  73.4  69.7  60.5  36.2  32.6  28.9  28.3  27.3  26.9 
 24.4  24.3  24.2  24.4  24.3  24.2  24.2  24.3  23.7  24.0  24.0  24.1  24.1  23.9  24.0  24.1  24.0  23.8  24.4  24.5  34.6  48.9  74.9  77.7  71.6  61.7  37.0  33.4  29.5  28.7  27.8  27.3 
 24.7  24.5  24.8  24.6  24.6  24.2  24.5  24.4  24.1  24.0  24.1  24.0  24.0  24.0  24.1  24.3  24.0  24.0  24.4  24.7  33.4  42.6  65.0  67.8  59.1  50.2  34.7  32.4  29.6  28.5  27.8  27.9 
 24.7  24.7  24.7  24.9  24.3  24.1  24.4  24.3  23.7  24.1  24.0  24.2  24.1  24.0  24.1  24.1  24.1  23.9  24.5  25.1  31.4  36.4  51.8  54.0  46.8  42.1  32.9  31.5  29.0  28.2  27.8  28.0 
 24.8  24.6  25.0  24.7  24.5  24.2  24.5  24.3  24.3  24.1  24.2  24.2  24.2  24.1  24.3  24.2  24.2  24.0  24.7  25.2  27.3  28.5  33.2  34.1  33.7  32.8  30.9  29.9  28.2  27.6  28.4  29.2 
 25.0  24.8  24.6  24.8  24.3  24.5  24.5  24.6  24.3  24.0  24.1  24.3  24.0  23.9  24.1  24.2  24.1  24.0  24.8  25.3  26.0  26.8  29.9  30.7  31.2  31.1  30.0  29.4  28.0  27.5  29.1  30.6 
 25.5  25.5  24.6  24.9  24.5  24.3  24.7  24.3  24.3  24.2  24.3  24.4  24.4  23.9  24.3  24.4  24.2  24.0  25.0  25.2  25.5  25.6  27.6  28.3  28.9  28.6  28.6  28.5  27.9  27.7  30.7  32.1 
 25.8  25.6  24.8  25.2  24.2  24.6  24.4  24.6  24.1  24.3  24.5  24.7  24.2  24.1  24.2  24.3  24.1  24.3  25.1  24.9  25.1  25.7  27.0  27.6  28.1  28.0  27.8  28.4  27.9  28.3  31.5  32.8 
