 24.7  23.8  23.6  24.2  24.3  23.9  24.2  24.6  24.1  23.8  24.0  24.4  24.0  23.7  23.7  24.0  24.0  23.8  24.2  24.2  24.1  23.8  23.9  24.4  24.2  24.2  24.4  24.5  24.6  24.5  25.4  26.5 
 24.3  23.4  24.0  23.9  24.3  24.3  24.6  24.3  24.0  23.9  24.1  24.2  23.9  23.8  24.0  24.1  23.9  23.7  24.2  23.9  23.9  23.8  24.2  24.3  24.1  24.2  24.5  24.3  24.0  24.3  25.2  25.8 
 23.8  23.6  24.0  24.4  24.4  24.1  24.2  24.3  23.9  23.7  23.9  24.2  23.8  23.8  24.0  24.0  24.0  23.9  23.8  24.1  24.0  23.8  23.8  24.3  24.2  23.9  24.1  24.6  24.4  24.1  24.5  24.8 
 23.4  23.5  24.2  24.3  23.9  24.0  24.3  24.3  23.8  23.6  24.3  23.9  23.8  23.8  24.1  24.0  23.8  23.7  23.9  24.0  24.0  24.0  24.1  23.9  24.0  24.1  24.4  24.4  24.0  24.3  25.0  24.9 
 24.3  24.1  24.1  24.5  24.4  24.4  23.8  24.3  23.9  24.0  23.8  24.2  23.8  23.8  23.9  24.0  23.9  23.7  23.9  24.1  23.9  23.7  23.7  24.1  23.9  23.9  24.2  24.5  24.4  23.9  24.5  24.8 
 23.9  23.9  24.2  24.3  24.1  24.1  24.2  24.0  23.9  23.8  23.9  23.9  23.8  23.8  23.9  23.9  23.8  23.9  24.1  23.9  23.7  23.9  24.2  23.9  24.0  23.9  24.2  24.4  24.1  24.3  25.0  24.6 
 24.3  23.6  23.9  24.5  24.2  24.0  24.2  24.2  23.8  23.8  24.0  24.1  23.9  24.1  23.8  23.9  23.8  23.9  23.8  24.0  23.9  23.6  23.9  24.3  23.9  23.7  24.0  24.3  24.2  23.9  24.1  24.6 
 23.9  23.9  24.5  24.4  24.1  24.1  24.1  24.0  23.8  23.8  24.2  23.8  23.9  23.8  24.0  23.9  23.8  23.8  23.9  24.0  23.9  23.8  24.1  23.9  24.0  23.8  24.3  24.2  24.2  24.2  24.1  23.8 
 24.7  23.9  24.3  24.6  24.2  24.1  24.0  24.2  24.0  23.7  24.0  24.1  23.9  23.8  23.8  24.0  23.8  23.8  23.9  23.9  23.9  23.8  24.0  24.1  24.2  24.1  23.8  24.1  24.0  24.2  24.0  24.4 
 24.6  24.2  24.6  24.4  24.1  24.1  24.3  24.0  23.8  23.7  23.9  23.9  23.8  23.9  24.0  23.8  23.7  23.9  24.0  24.0  23.9  23.9  24.1  24.2  24.2  23.9  24.3  24.2  24.0  24.1  24.6  24.5 
 24.5  24.5  24.1  24.7  24.1  24.2  24.1  24.2  23.9  24.0  24.0  24.1  23.9  23.8  24.1  24.2  24.0  23.9  24.0  24.2  24.0  23.7  24.1  24.2  24.1  23.9  24.0  24.2  24.2  24.2  24.6  24.7 
 24.1  24.3  24.5  24.2  24.0  24.1  24.1  24.0  23.7  23.9  24.2  24.0  23.9  23.8  24.0  24.0  23.8  23.8  24.2  24.2  24.0  24.0  24.3 nan  24.2  24.0  24.4  24.3  24.3  24.0  24.6  24.5 
 24.7  24.3  24.2  24.5  24.2  24.1  24.1  24.3  24.0  23.9  23.8  24.0  24.0  23.8  24.0  24.2  24.0  23.8  24.2  24.0  24.1  24.0  24.2  24.2  24.2  24.2  24.6  24.5  24.7  24.7  25.0  25.3 
 24.2  24.2  24.5  24.3  24.2  23.9  24.4  23.9  23.9  23.6  24.1  24.1  24.0  23.8  24.0  24.0  23.8  24.0  24.1  24.1  24.1  24.0  24.4  24.2  24.5  24.3  24.7  24.9  25.0  25.0  25.5  25.5 
 24.3  24.0  24.3  24.5  24.3  24.1  24.1  24.2  24.0  23.9  24.0  24.1  24.1  23.8  23.9  24.0  24.1  24.0  24.2  24.4  24.6  24.8  29.7  31.1  30.8  30.1  27.3  27.3  26.5  26.5  26.0  26.4 
 24.4  24.2  24.7  24.5  24.0  24.0  24.2  24.1  23.8  23.9  24.2  24.0  24.0  23.9  24.2  24.1  24.0  23.8  24.2  24.2  25.2  28.8  45.2  47.5  44.4  39.3  30.8  29.2  27.5  27.1  26.9  26.6 
 24.8  24.5  24.4  24.7  24.2  23.9  24.2  24.3  24.0  23.8  24.0  24.1  24.1  23.9  23.8  24.2  24.1  23.9  24.3  24.5  32.2  44.5  70.3  73.5  69.7  60.6  36.0  33.0  28.8  28.4  27.1  27.5 
 24.6  24.1  24.6  24.7  24.0  24.1  24.7  24.3  24.0  23.9  24.2  23.9  24.1  23.9  24.2  24.0  24.0  23.9  24.4  24.6  34.5  48.9  75.1  77.5  71.6  61.6  36.9  33.3  29.5  28.5  28.0  27.5 
 24.7  24.3  24.6  25.0  24.4  24.3  24.3  24.6  24.2  24.0  24.0  24.1  23.9  24.2  24.2  24.4  24.1  24.1  24.1  24.8  33.6  42.6  65.0  68.0  59.0  50.1  34.6  32.5  29.3  28.6  27.5  28.1 
 24.7  24.8  24.7  24.9  24.2  24.1  24.5  24.3  24.0  24.1  24.1  24.1  24.0  24.1  24.3  24.2  24.2  23.9  24.6  25.1  31.5  36.3  51.9  53.9  46.9  41.9  33.0  31.4  28.7  28.4  28.1  28.2 
 25.2  24.5  24.9  25.0  24.5  24.2  24.2  24.6  24.3  24.0  24.1  24.3  24.3  24.1  24.1  24.3  24.2  23.9  24.6  25.4  27.3  28.6  33.1  34.3  33.6  32.6  30.6  30.0  28.0  27.8  28.4  29.4 
 24.9  25.0  24.9  24.5  24.3  24.2  24.5  24.4  24.1  24.0  24.4  24.2  24.1  23.9  24.2  24.3  24.1  24.1  24.9  25.3  26.2  26.8  30.0  30.7  31.3  31.0  29.9  29.3  27.9  27.5  29.3  29.7 
 25.4  25.4  25.0  25.3  24.7  24.5  24.5  24.6  24.2  24.3  24.3  24.5  24.3  24.2  24.2  24.6  24.2  24.1  25.0  25.5  25.4  25.9  27.3  28.3  28.9  28.7  28.4  28.6  27.9  27.9  30.7  32.0 
 26.0  25.3  25.3  25.0  24.8  24.4  24.8  24.6  24.2  24.1  24.6  24.2  24.2  24.0  24.5  24.2  24.2  24.2  25.4  25.0  25.4  25.5  27.0  27.7  27.9  27.8  28.3  28.2  27.9  28.1  32.7  31.9 
