 23.8  23.0  23.6  23.2  23.0  22.6  22.9  22.9  22.8  22.6  23.2  23.2  22.9  22.4  22.9  22.5  22.7  22.4  22.8  22.8  22.4  22.5  23.1  22.8  22.7  22.7  23.7  23.7  23.5  23.5  24.6  24.6 
 23.7  23.1  23.3  23.4  22.7  22.8  22.8  23.0  22.5  22.6  22.8  23.0  22.4  22.5  22.8  22.9  22.4  22.5  22.7  22.7  22.5  22.7  22.8  23.1  22.4  23.0  23.5  24.5  23.6  23.5  24.0  24.4 
 23.3  23.1  23.4  23.3  22.6  22.4  23.1  22.9  22.5  22.6  23.0  22.8  22.7  22.5  22.8  22.7  22.6  22.5  22.8  22.8  22.8  22.5  22.7  22.7  22.7  22.7  23.3  23.1  23.2  22.9  23.8  23.8 
 23.2  23.1  23.0  23.1  22.9  22.9  23.0  23.2  22.6  22.9  22.9  22.8  22.5  22.4  22.5  22.9  22.5  22.5  22.7  22.9  22.5  22.6  22.8  23.1  22.5  22.6  23.2  23.3  23.1  23.0  23.4  24.2 
 23.3  23.4  23.3  23.3  22.9  22.6  23.0  23.1  23.4  23.1  23.3  22.9  22.9  22.4  22.7  22.6  22.5  22.4  22.9  22.6  22.7  22.4  22.9  22.8  22.5  22.6  23.3  23.0  22.7  22.9  23.5  23.4 
 23.2  23.1  23.2  23.2  22.6  22.7  23.1  23.3  23.7  24.0  23.1  22.9  22.6  22.7  22.7  22.9  22.5  22.4  22.7  22.8  22.4  22.5  22.8  22.9  22.8  22.6  22.9  23.0  22.9  22.9  23.5  23.6 
 23.3  23.0  23.2  23.1  22.8  22.6  23.3  23.4  25.2  26.6  24.4  23.3  22.6  22.6  22.7  22.6  22.4  22.6  22.7  22.7  22.7  22.6  23.0  22.9  22.7  22.6  23.1  22.8  22.7  22.7  23.3  23.4 
 23.2  23.2  23.3  23.3  22.8  22.7  23.3  23.7  25.9  27.2  24.5  23.3  22.6  22.7  22.5  22.7  22.6  22.4  22.6  22.8  22.6  22.7  22.9  23.0  22.7  22.5  22.8  23.1  22.7  23.0  23.1  22.8 
 23.6  23.3  23.5  23.0  22.9  22.8  23.3  23.1  23.4  23.4  23.4  22.8  22.7  22.5  22.7  22.7  22.6  22.6  22.8  22.7  22.6  22.4  23.0  22.7  22.8  22.6  23.2  23.1  22.9  22.8  23.5  23.2 
 23.4  23.4  23.2  23.5  23.0  23.1  23.0  23.0  23.0  23.1  22.8  22.9  22.7  22.7  22.5  22.7  22.5  22.8  22.8  23.0  22.7  22.6  22.7  22.9  22.8  22.8  22.9  23.4  22.9  23.0  23.9  23.7 
 23.8  23.8  24.4  24.0  23.6  23.6  23.4  23.2  22.9  22.9  23.1  22.7  22.6  22.6  22.8  22.7  22.6  22.5  22.9  22.7  22.7  22.6  22.9  22.8  22.6  22.5  23.7  23.6  23.8  23.3  23.4  23.4 
 23.7  23.7  24.3  24.5  24.4  24.6  24.0  23.7  23.0  22.9  22.9  23.1  22.5  22.7  22.8  22.9  22.7  22.6  22.7  22.9  22.5  22.7  22.7 nan  22.7  22.6  24.3  25.3  23.8  23.0  23.4  23.6 
 24.4  24.2  25.4  25.7  27.1  27.5  32.7  34.8  33.0  29.3  23.4  23.0  22.9  22.5  23.0  22.8  22.7  22.5  22.9  22.8  22.7  22.4  22.9  22.7  22.8  22.8  24.2  24.7  23.6  23.2  23.2  23.5 
 24.7  24.6  25.9  26.6  28.4  30.3  41.6  48.7  53.2  47.4  24.8  23.6  22.7  22.7  22.7  22.8  22.6  22.6  22.7  23.0  22.7  22.6  22.9  22.9  22.6  22.7  23.0  23.7  23.4  23.3  23.5  23.4 
 25.3  25.1  26.7  27.3  30.8  33.7  54.7  62.8  74.7  71.3  35.1  25.7  23.1  22.6  22.9  22.7  22.8  22.6  23.1  22.7  22.7  22.6  22.9  22.8  22.6  22.6  23.1  23.1  22.9  23.0  23.6  23.6 
 25.3  25.2  27.0  27.8  30.7  34.3  53.3  62.6  78.3  79.4  37.6  26.3  22.8  22.9  22.7  23.1  22.6  22.7  22.7  23.0  22.6  22.8  22.9  23.1  22.7  22.7  23.2  23.1  23.1  23.2  23.4  23.7 
 25.4  25.6  26.6  27.0  29.8  31.6  44.5  53.2  73.5  70.7  30.7  24.6  22.9  22.7  22.7  22.6  22.9  22.6  22.9  22.5  22.8  22.5  23.0  22.9  23.1  22.7  23.1  23.2  23.0  23.2  23.7  23.8 
 25.5  25.5  26.1  27.0  28.6  29.8  37.0  42.3  54.4  50.1  25.9  23.9  23.0  22.8  22.8  23.0  22.5  22.6  22.9  23.0  22.6  22.8  22.8  22.9  22.9  22.9  23.4  23.3  23.1  23.1  23.6  24.0 
 25.6  25.4  26.6  26.7  26.8  27.0  29.1  29.7  29.8  28.1  24.1  23.5  22.9  22.9  23.1  23.1  22.9  22.7  23.1  23.0  22.9  22.8  23.1  22.9  22.9  22.8  23.4  23.4  23.4  23.1  23.7  24.1 
 25.1  25.7  26.0  26.4  26.5  26.5  27.4  27.7  27.0  26.4  23.7  23.4  22.8  23.0  22.9  22.9  22.9  22.9  23.0  23.0  22.7  22.8  22.9  23.1  22.8  22.8  23.2  23.4  23.2  23.2  24.0  24.5 
 25.4  25.3  26.0  25.9  25.8  25.6  25.9  25.8  25.4  24.4  23.8  23.4  23.1  22.9  23.2  23.0  22.8  22.9  23.2  22.9  22.9  22.7  23.4  23.2  23.2  22.5  23.4  23.7  23.7  24.4  25.1  25.1 
 25.3  25.3  25.5  26.1  25.4  25.4  25.5  25.6  24.5  24.4  23.5  23.8  23.0  23.1  23.2  23.3  22.7  22.9  23.1  23.1  22.9  22.9  23.0  23.4  22.9  23.0  23.6  23.9  24.4  25.0  25.7  26.4 
 25.9  25.8  25.4  25.3  25.1  24.8  25.1  24.8  24.2  23.9  23.8  23.4  23.3  23.0  23.3  23.0  23.3  22.9  23.3  23.1  23.3  23.1  23.5  23.3  23.6  23.6  25.5  25.8  25.9  25.6  27.0  26.9 
 26.6  26.0  25.4  25.6  24.9  24.7  24.6  24.9  24.1  23.8  23.6  23.7  23.2  23.0  23.1  23.4  22.8  22.9  23.1  23.3  23.0  23.3  23.9  23.8  24.1  24.6  26.5  26.9  26.3  26.0  27.3  27.8 
