 23.9  23.1  24.0  23.8  23.1  22.9  22.7  23.2  22.5  22.9  22.9  23.2  22.8  22.7  22.8  23.0  22.6  22.5  23.1  23.0  22.8  22.7  23.0  23.1  22.7  23.0  23.6  24.1  23.7  23.4  25.0  25.7 
 23.8  23.4  23.8  23.5  23.2  23.0  23.2  23.1  22.8  22.7  23.0  23.1  22.7  22.6  22.9  22.7  22.7  22.5  22.9  22.7  22.8  22.4  23.1  23.2  22.8  23.0  23.4  24.7  23.8  23.8  24.4  25.1 
 23.7  23.3  23.8  23.6  22.9  22.6  23.2  22.9  22.7  22.7  22.8  23.0  22.7  22.6  22.7  22.8  22.7  22.6  22.8  22.9  22.5  22.6  22.9  23.2  22.7  23.0  23.5  23.5  23.5  23.2  23.7  24.1 
 23.5  23.3  23.3  23.6  22.9  22.6  23.3  23.1  22.9  22.6  23.2  22.8  22.7  22.4  22.7  22.7  22.7  22.6  22.9  22.9  22.8  22.8  23.0  23.0  22.8  22.8  23.5  23.3  23.1  23.1  24.1  24.1 
 23.4  23.5  23.5  23.4  22.8  22.9  23.2  23.2  23.2  23.4  23.1  23.0  22.6  22.8  22.7  22.9  22.6  22.6  22.6  23.1  22.7  22.6  22.9  23.1  23.0  23.0  23.5  23.2  23.0  23.3  23.8  23.7 
 23.5  23.0  23.4  23.1  22.9  22.9  23.2  23.3  23.7  24.0  23.5  23.0  22.7  22.5  22.8  22.7  22.6  22.5  22.9  22.7  22.8  22.5  23.0  22.9  23.1  22.7  23.2  23.4  22.7  23.2  23.6  23.3 
 23.4  23.2  23.5  23.5  22.8  23.0  23.2  23.6  25.5  26.7  24.4  23.5  22.7  22.6  22.7  22.9  22.6  22.8  22.9  23.1  22.5  22.7  23.0  23.0  22.8  22.9  23.0  23.3  23.0  23.0  23.4  23.5 
 23.3  23.0  23.4  23.2  23.1  22.8  23.4  23.6  25.9  27.2  24.7  23.3  22.8  22.5  22.8  22.7  22.7  22.6  22.9  22.8  22.7  22.6  23.1  22.9  22.9  22.7  23.2  23.2  23.0  23.2  23.4  22.7 
 23.6  23.4  23.5  23.5  22.9  23.0  23.3  23.3  23.4  23.5  23.3  23.0  22.6  22.8  22.8  22.9  22.6  22.8  23.0  22.9  22.7  22.7  22.9  23.1  22.8  23.0  23.0  23.2  23.0  23.1  23.4  23.5 
 23.6  23.7  23.7  23.5  23.2  22.8  23.2  23.1  23.2  23.1  23.2  22.9  22.5  22.7  22.8  22.8  22.7  22.6  22.9  22.9  22.7  22.5  23.0  22.9  22.7  22.9  23.4  23.3  23.2  23.0  23.8  23.6 
 23.9  24.0  24.0  24.3  23.9  23.6  23.4  23.3  22.9  23.0  22.9  23.1  22.7  22.8  22.9  23.0  22.9  22.7  22.8  23.0  22.8  22.7  22.9  22.9  22.9  22.7  23.6  24.1  23.7  23.4  23.7  23.6 
 24.1  24.3  24.3  24.6  24.6  24.6  24.3  23.8  23.2  23.1  23.0  23.0  22.9  22.8  22.8  22.9  22.7  22.6  22.9  22.8  22.8  22.7  23.0 nan  22.8  22.8  24.6  25.3  24.1  23.2  23.6  23.6 
 24.6  24.8  25.6  26.2  27.1  27.8  32.7  35.0  33.0  29.3  23.4  23.4  23.0  22.7  22.9  22.8  22.7  22.7  22.9  22.9  22.7  22.6  23.1  23.2  22.8  23.0  24.3  24.8  23.8  23.6  23.4  23.9 
 24.7  24.9  26.1  26.5  28.7  30.2  41.4  48.6  53.4  47.4  24.9  23.4  23.0  22.8  23.0  22.9  22.8  22.6  23.0  22.9  22.9  22.6  23.0  22.9  23.0  22.7  23.5  23.6  23.7  23.2  23.8  23.3 
 25.6  25.7  26.8  27.7  30.5  33.9  54.7  63.2  74.8  71.6  35.1  25.9  23.0  22.9  23.0  22.8  22.6  22.8  23.0  23.0  22.6  22.7  22.9  23.1  22.9  22.9  23.2  23.2  23.5  23.2  23.7  23.8 
 25.7  25.4  27.2  27.8  31.1  34.1  53.5  62.8  78.7  79.5  37.7  26.3  23.0  22.8  23.0  22.8  22.8  22.6  22.9  22.9  23.0  22.7  22.9  23.0  22.8  22.8  23.3  23.3  23.2  23.2  24.0  24.1 
 25.5  25.7  26.8  27.3  29.5  31.9  44.4  53.5  73.4  70.7  30.5  24.7  22.9  22.9  22.9  23.0  22.8  22.9  23.0  23.0  22.8  22.7  22.9  22.9  23.0  22.9  23.6  23.2  23.2  23.3  23.9  23.9 
 25.6  25.6  26.7  27.2  28.8  29.9  37.2  42.2  54.6  50.3  26.3  24.0  23.0  22.9  23.0  22.8  22.8  22.7  23.0  23.2  23.0  22.8  23.1  23.0  23.1  22.9  23.5  23.2  23.5  23.2  24.1  23.9 
 25.6  25.7  26.8  26.8  27.1  27.1  29.0  29.7  29.9  28.3  24.0  23.6  22.9  23.0  23.2  23.2  22.7  22.9  23.1  23.2  22.7  22.7  23.3  23.3  22.9  22.8  23.5  23.6  23.2  23.2  24.1  24.0 
 25.4  25.7  26.6  26.4  26.7  26.6  27.8  27.7  27.3  26.2  24.0  23.5  23.1  22.8  23.2  23.1  22.8  22.7  23.1  22.9  22.9  22.8  23.0  23.3  23.0  22.9  23.6  23.7  23.6  23.4  24.5  24.6 
 25.3  25.4  26.0  26.1  25.8  25.7  26.1  26.0  25.3  24.7  24.0  23.8  23.2  23.1  23.3  23.4  22.9  23.0  23.1  23.4  22.9  22.8  23.4  23.4  23.2  23.0  23.6  23.6  23.6  24.2  25.6  25.7 
 25.6  25.9  25.9  25.8  25.5  25.2  25.7  25.8  25.1  24.4  24.0  23.7  23.2  23.1  23.1  23.3  23.0  22.9  23.5  23.1  22.9  23.1  23.4  23.3  23.3  23.3  23.7  24.1  24.8  24.9  25.9  26.3 
 26.3  26.1  25.5  25.8  25.0  25.2  25.2  25.2  24.4  24.1  23.8  23.9  23.4  23.4  23.1  23.6  23.1  23.2  23.3  23.4  23.2  23.1  23.6  23.7  23.5  23.6  25.7  26.1  26.1  26.2  26.9  27.9 
 27.0  25.6  25.5  25.5  25.2  24.9  25.2  25.1  24.3  24.0  24.0  23.8  23.3  23.3  23.5  23.5  23.4  23.1  23.5  23.5  23.4  23.1  23.9  24.1  24.5  24.9  26.6  27.0  26.8  26.1  27.4  27.7 
