 24.7  24.0  24.0  24.0  24.6  24.6  24.7  24.6  24.1  24.1  24.3  24.2  24.1  23.9  24.2  24.2  23.9  24.0  23.9  24.2  24.0  24.1  24.4  24.3  24.2  24.2  24.8  24.7  24.7  24.7  25.2  26.2 
 24.5  23.4  24.0  23.9  24.4  24.2  24.7  24.3  24.2  24.1  24.1  24.1  24.2  23.9  24.3  23.8  24.0  23.8  24.2  24.1  24.2  23.7  24.4  24.3  24.3  24.4  24.5  24.3  24.5  24.5  25.5  25.8 
 23.8  24.0  24.2  24.4  24.5  24.3  24.3  24.4  24.0  23.9  23.9  24.0  23.8  23.9  23.9  24.0  23.8  23.9  24.0  24.1  24.0  24.1  24.3  24.2  24.3  24.2  24.4  24.6  24.3  24.7  24.7  25.3 
 23.9  23.5  24.5  24.6  24.4  24.1  24.5  24.3  24.2  23.7  24.2  23.9  24.0  23.7  23.9  24.0  24.0  23.8  24.2  24.0  23.9  23.9  24.3  24.1  24.0  23.9  24.4  24.4  24.3  24.4  24.8  25.1 
 24.1  24.4  24.3  24.4  24.4  24.5  24.3  24.3  24.1  24.0  24.0  24.1  23.9  23.9  24.1  24.2  23.9  23.9  24.0  24.1  23.9  24.0  24.1  24.3  24.2  24.2  24.4  24.5  24.2  24.3  24.6  25.2 
 24.3  24.1  24.3  24.1  24.4  24.1  24.2  24.3  24.1  24.0  24.0  24.0  24.1  23.8  23.9  24.0  24.1  23.8  24.2  24.1  24.1  23.9  24.1  24.2  24.2  23.9  24.4  24.4  24.6  24.3  24.9  24.6 
 24.1  24.1  24.3  24.5  24.3  24.4  24.3  24.2  24.0  23.9  23.9  24.2  23.9  23.9  23.9  24.0  24.0  24.0  23.9  24.1  24.0  23.9  24.0  24.3  24.0  23.8  24.4  24.6  24.3  24.1  24.3  24.6 
 24.7  24.0  24.4  24.5  24.3  24.2  24.4  24.1  24.1  23.9  24.1  24.1  23.9  23.9  24.1  23.9  23.9  23.9  24.0  23.9  24.0  24.0  24.0  24.0  24.1  24.0  24.3  24.2  24.5  24.2  24.3  23.8 
 24.6  24.3  24.4  24.4  24.2  24.2  24.2  24.0  24.1  23.9  24.0  24.0  23.9  23.9  23.8  24.0  23.8  23.9  23.9  24.0  24.0  24.0  24.1  24.1  24.0  24.3  24.3  24.3  24.2  24.2  24.3  24.2 
 24.6  24.2  24.5  24.5  24.5  24.1  24.2  24.2  24.0  23.9  24.1  24.2  24.1  23.8  24.1  23.8  23.9  23.9  24.0  24.2  24.1  24.1  24.1  24.1  24.2  24.1  24.5  24.2  24.2  24.2  24.9  24.4 
 24.5  24.5  24.4  24.6  24.0  24.3  24.1  24.2  24.0  24.0  24.0  24.2  23.8  23.9  24.0  24.0  23.8  24.0  24.1  24.0  24.0  24.0  24.2  24.3  24.2  24.2  24.1  24.5  24.4  24.4  24.5  24.4 
 24.5  24.2  24.2  24.4  24.2  24.1  24.2  24.2  23.9  23.8  24.0  24.0  24.1  23.8  24.0  23.9  24.0  24.0  24.1  24.1  24.2  23.9  24.3 nan  24.3  24.0  24.4  24.3  24.5  24.1  24.7  24.4 
 24.7  24.2  24.5  24.5  24.0  24.1  24.3  24.3  24.0  24.0  24.1  24.2  23.8  23.8  24.1  24.1  24.1  24.1  24.2  24.1  24.0  24.0  24.3  24.3  24.3  24.3  24.6  24.6  24.6  24.5  25.0  25.2 
 24.5  24.5  24.7  24.5  24.4  24.0  24.3  24.2  24.0  23.8  24.1  24.1  24.2  23.8  24.1  24.0  24.1  24.1  24.2  24.1  24.3  24.1  24.6  24.4  24.7  24.4  24.9  24.8  25.1  25.0  25.5  25.3 
 24.6  24.5  24.3  24.6  24.2  24.2  24.2  24.3  24.0  24.0  23.9  24.1  24.1  24.1  24.0  24.1  24.0  24.0  24.1  24.3  24.4  24.8  29.7  31.1  30.9  30.0  27.6  27.3  26.5  26.5  26.2  26.3 
 24.7  24.2  24.7  24.5  24.1  24.1  24.1  24.2  24.2  24.0  24.1  23.9  24.1  24.0  24.0  24.0  24.1  24.0  24.2  24.2  25.3  28.8  45.2  47.6  44.6  39.4  30.8  29.4  27.9  27.1  26.9  26.8 
 24.5  24.8  24.4  24.8  24.4  24.1  24.2  24.4  24.1  24.1  24.1  24.2  24.1  24.1  24.2  24.1  24.2  24.0  24.1  24.7  32.2  44.6  70.4  73.4  69.8  60.6  36.4  33.0  29.0  28.7  27.4  27.0 
 24.9  24.5  24.7  24.5  24.4  24.1  24.6  24.3  24.1  23.8  24.1  24.1  24.2  23.9  24.3  24.2  24.2  24.1  24.5  24.5  34.7  48.8  75.1  77.6  71.7  61.7  37.0  33.4  29.6  28.7  27.8  27.3 
 24.8  24.5  24.9  24.6  24.6  24.6  24.5  24.6  24.2  23.9  24.2  24.3  24.0  24.2  24.3  24.4  24.2  24.3  24.4  24.9  33.5  42.6  64.9  68.0  59.1  50.1  34.7  32.5  29.4  28.7  27.5  27.9 
 24.9  24.8  24.6  24.7  24.7  24.1  24.6  24.4  24.3  24.2  24.1  24.1  24.3  24.0  24.3  24.3  24.2  23.9  24.6  25.0  31.4  36.3  51.8  53.9  47.2  41.9  33.0  31.4  29.0  28.7  27.9  28.4 
 25.0  24.9  25.0  25.0  24.5  24.4  24.2  24.6  24.2  24.2  24.2  24.3  24.1  24.1  24.4  24.3  24.1  24.2  24.4  25.5  27.1  28.7  33.1  34.3  33.8  32.8  30.6  29.9  28.2  28.0  28.6  29.7 
 25.2  25.1  24.9  24.8  24.6  24.3  24.6  24.8  24.3  24.1  24.3  24.1  24.1  23.9  24.3  24.3  24.3  24.1  25.0  25.5  26.3  26.8  30.0  30.8  31.3  31.0  30.1  29.3  28.2  27.7  29.4  30.3 
 25.7  25.5  24.8  25.1  24.7  24.5  24.7  24.6  24.3  24.3  24.3  24.5  24.4  24.4  24.2  24.4  24.4  24.4  25.2  25.5  25.4  25.8  27.6  28.5  28.9  29.0  28.6  28.3  27.7  28.1  30.3  32.9 
 27.0  25.6  25.4  25.2  24.9  24.6  25.1  24.9  24.4  24.5  24.6  24.3  24.3  24.3  24.4  24.5  24.5  24.3  25.5  25.2  25.6  25.4  27.3  27.5  28.1  28.0  28.3  28.0  28.4  28.6  31.9  32.8 
