 23.5  23.6  23.5  23.7  22.9  22.9  22.9  22.8  22.5  22.6  23.1  22.8  22.5  22.5  22.9  22.8  22.5  22.5  22.7  22.5  22.6  22.6  22.8  23.1  22.7  22.8  23.3  23.6  23.5  23.5  24.4  25.5 
 23.7  22.8  23.5  23.5  23.0  22.8  22.9  23.1  22.8  22.4  22.9  23.0  22.8  22.4  22.9  22.6  22.7  22.3  22.7  22.8  22.7  22.4  22.8  23.1  22.8  22.7  23.6  24.7  23.8  23.4  24.2  24.5 
 23.1  23.5  23.4  23.3  22.6  22.6  23.0  22.9  22.7  22.8  22.8  22.9  22.5  22.8  22.7  22.7  22.4  22.5  22.7  22.7  22.5  22.7  22.7  22.9  22.7  23.0  23.2  23.4  23.2  23.1  23.7  23.6 
 23.6  23.2  23.3  23.4  23.1  22.5  22.9  23.1  22.9  22.6  23.0  22.9  22.7  22.4  22.6  22.5  22.6  22.3  22.8  22.7  22.7  22.5  22.7  23.1  22.8  22.4  23.2  23.0  22.9  22.7  23.2  24.1 
 23.0  23.2  23.3  23.3  22.8  23.1  22.9  23.1  23.1  23.3  23.0  23.0  22.6  22.6  22.8  22.6  22.6  22.6  22.7  22.9  22.5  22.7  22.8  23.0  22.8  22.8  23.0  23.0  23.0  23.2  23.8  23.4 
 23.4  22.7  23.4  23.2  22.9  22.4  23.1  23.2  23.9  23.8  23.3  22.9  22.5  22.5  22.4  22.7  22.6  22.3  22.8  22.7  22.7  22.3  22.9  22.9  23.0  22.3  23.0  23.3  23.3  22.8  23.7  23.3 
 23.1  23.0  23.2  23.1  22.7  22.9  23.3  23.3  25.3  26.7  24.1  23.3  22.6  22.7  22.5  22.5  22.3  22.7  22.6  22.6  22.5  22.7  22.9  22.9  22.7  22.7  23.1  23.1  23.0  23.0  23.4  23.4 
 23.8  23.2  23.0  23.4  23.0  22.6  23.4  23.5  25.7  27.0  24.6  23.2  22.7  22.4  22.7  22.7  22.7  22.5  22.6  22.7  22.6  22.5  22.9  22.8  23.0  22.5  23.1  23.1  23.1  22.7  23.2  22.7 
 23.5  23.4  23.4  23.3  22.7  22.9  23.2  23.2  23.3  23.4  23.3  22.9  22.5  22.6  22.6  22.8  22.4  22.5  22.7  22.6  22.7  22.7  22.8  22.9  22.6  22.9  23.1  23.1  22.9  23.2  23.4  23.3 
 23.7  23.1  23.5  23.5  23.2  22.8  23.1  23.2  23.1  22.9  23.0  23.0  22.8  22.3  22.7  22.8  22.7  22.6  22.7  22.7  22.7  22.4  22.9  22.9  22.8  22.7  23.1  23.4  23.1  22.9  23.6  23.4 
 23.8  23.7  24.2  24.0  23.7  23.6  23.2  23.0  22.9  22.9  23.0  22.8  22.7  22.6  22.8  22.8  22.9  22.7  22.9  22.8  22.6  22.6  22.9  22.9  22.7  22.9  23.5  23.6  23.5  23.5  23.4  23.2 
 24.4  23.7  24.3  24.5  24.7  24.4  24.1  23.6  23.3  22.7  23.0  22.9  22.8  22.5  22.7  22.9  22.8  22.5  22.8  22.9  22.8  22.6  22.9 nan  22.7  22.3  24.3  25.1  24.1  23.0  23.2  23.8 
 24.3  24.4  25.5  26.0  27.0  27.8  32.5  34.8  32.9  29.3  23.3  23.1  22.7  22.8  22.9  22.9  22.6  22.7  22.9  22.8  22.5  22.6  22.8  22.7  22.7  22.7  24.3  24.6  23.5  23.2  23.6  23.6 
 24.9  24.6  26.0  26.5  28.5  30.0  41.5  48.6  53.4  47.2  24.9  23.5  23.0  22.6  22.9  22.9  22.7  22.6  22.8  22.8  22.7  22.5  22.7  22.8  23.0  22.5  23.4  23.5  23.7  23.2  23.5  23.8 
 25.0  25.7  26.6  27.6  30.4  33.9  54.7  63.0  74.6  71.4  34.9  25.7  22.8  22.7  23.0  22.9  22.7  22.7  22.9  22.8  22.4  22.7  22.8  22.9  22.8  23.0  23.0  23.1  23.1  23.2  23.5  23.7 
 25.6  25.2  26.9  27.7  30.9  34.0  53.4  62.5  78.5  79.2  37.7  26.4  23.0  22.7  22.8  22.8  22.8  22.5  23.0  22.9  22.8  22.5  23.1  23.1  22.8  22.6  23.0  23.1  23.5  22.7  23.7  23.7 
 25.3  25.7  26.9  27.3  29.5  31.9  44.3  53.3  73.3  70.8  30.5  24.6  22.8  22.7  22.9  22.8  22.6  22.7  22.9  22.9  22.8  22.8  22.9  23.0  22.8  22.9  23.2  23.2  22.9  23.3  24.3  23.8 
 25.6  25.1  26.5  26.8  28.9  29.6  37.0  42.3  54.5  50.1  26.1  24.0  23.1  22.6  22.8  22.9  22.7  22.5  22.9  23.1  22.7  22.6  23.0  23.1  23.0  22.6  23.2  23.2  23.3  22.9  23.4  23.9 
 25.3  25.7  26.6  26.7  26.8  27.2  29.0  29.7  29.8  28.3  24.1  23.4  22.8  23.1  23.1  23.1  22.7  22.9  22.9  23.0  22.7  22.6  23.2  23.0  22.7  22.9  23.2  23.2  23.1  23.6  23.4  23.9 
 25.6  25.4  26.3  26.4  26.5  26.3  27.5  27.8  27.5  26.2  23.8  23.5  23.2  22.9  23.0  23.0  23.0  22.5  22.8  23.0  22.9  22.6  23.1  23.3  23.1  22.8  23.2  23.4  23.3  23.1  24.2  24.3 
 25.5  25.2  25.9  25.6  25.7  25.8  25.8  26.0  25.2  24.8  23.9  23.5  23.0  23.1  22.9  23.0  22.9  22.9  23.1  23.1  22.8  22.9  23.2  23.3  23.1  23.2  23.6  23.5  23.6  24.4  25.2  25.3 
 25.3  25.2  25.8  25.8  25.5  25.1  25.5  25.8  24.7  24.3  23.7  23.6  23.2  22.8  23.0  23.2  22.9  22.7  23.1  23.0  22.9  22.6  23.1  23.2  23.1  22.9  23.3  24.1  25.0  24.7  25.2  26.6 
 26.0  25.6  25.5  25.6  25.0  25.1  24.9  24.9  24.3  23.9  23.8  23.8  23.3  23.0  23.3  23.2  23.1  23.2  23.3  23.3  23.2  23.1  23.3  23.4  23.3  23.7  25.7  26.0  25.9  26.1  26.9  27.3 
 26.9  25.6  25.6  25.7  25.2  24.7  24.8  24.6  24.1  23.7  23.6  23.8  23.2  23.0  23.3  23.3  23.1  22.8  23.2  23.5  23.3  22.9  23.5  24.0  24.5  24.4  26.3  27.0  26.3  25.9  28.1  27.7 
