 24.5  24.2  23.8  24.0  24.1  24.1  24.4  24.6  24.1  24.0  24.1  24.2  24.0  23.8  24.0  24.0  24.1  23.8  24.2  24.2  24.1  24.2  24.3  24.4  24.1  24.0  24.2  24.4  24.6  24.7  25.7  26.5 
 24.1  23.6  23.8  24.0  24.4  24.2  24.2  24.2  24.2  24.0  24.2  24.2  24.0  24.0  24.2  24.2  23.7  23.9  24.1  24.2  24.2  23.9  24.1  24.5  24.1  24.5  24.4  24.5  24.3  24.6  25.5  26.1 
 24.2  23.5  24.5  24.0  24.3  24.0  24.4  24.3  23.9  23.9  24.1  24.0  23.8  23.7  24.1  23.9  23.9  23.9  24.0  24.0  24.0  23.8  24.2  24.2  24.2  24.2  24.6  24.3  24.6  24.5  24.7  25.0 
 23.7  23.5  24.2  24.5  24.3  24.0  24.6  24.2  24.0  23.7  24.2  24.0  24.0  23.8  23.9  24.0  24.0  23.7  24.1  24.1  24.0  24.0  24.2  23.9  24.0  24.0  24.4  24.3  24.6  24.1  25.0  24.9 
 24.3  24.1  24.3  24.2  24.4  24.3  24.2  24.3  24.0  23.9  23.8  24.0  23.9  23.7  23.8  24.2  23.9  23.8  24.0  23.9  24.1  23.8  24.1  24.2  24.0  24.0  24.3  24.3  24.4  24.1  24.6  24.6 
 24.5  24.1  24.2  24.1  24.2  24.1  24.2  24.3  24.3  23.8  23.8  24.0  23.8  23.8  23.9  24.0  24.1  23.7  24.2  24.1  23.9  23.9  24.0  24.1  24.3  23.9  24.3  24.5  24.3  24.3  24.4  24.6 
 24.1  24.1  24.2  24.5  24.3  24.1  24.3  24.1  23.9  23.7  24.1  24.1  23.9  23.9  23.8  24.0  24.1  23.9  23.9  24.1  23.9  23.7  24.1  24.1  23.9  23.9  24.2  24.2  24.2  23.9  24.4  24.6 
 24.1  24.0  24.2  24.4  24.5  24.2  24.2  24.2  24.1  24.0  24.0  24.0  23.9  23.8  23.9  23.9  24.0  23.9  23.7  24.0  24.0  23.7  24.2  24.0  23.9  24.0  24.1  24.4  24.3  24.4  24.3  23.8 
 24.6  24.3  24.4  24.2  24.2  24.0  24.3  24.3  24.0  23.9  24.2  24.1  23.9  23.8  23.9  23.9  23.8  23.8  24.1  24.0  23.9  23.9  24.0  24.1  24.0  24.0  24.3  24.3  24.2  24.0  24.3  24.7 
 24.6  24.2  24.6  24.6  24.4  24.1  24.2  24.1  23.8  24.0  24.1  24.1  23.9  23.8  24.0  23.9  23.9  23.9  23.9  24.1  24.0  23.7  24.1  24.1  24.2  24.0  24.3  24.4  24.0  24.2  24.5  24.7 
 24.8  24.4  24.5  24.6  24.1  24.0  24.1  24.4  24.1  23.9  24.1  24.0  23.8  23.8  24.1  24.0  24.0  23.8  24.1  24.0  24.1  23.9  24.3  24.1  24.2  24.0  24.2  24.1  24.2  24.2  24.5  24.4 
 24.3  24.5  24.2  24.3  24.2  24.1  24.2  24.0  24.1  23.9  24.0  24.1  24.0  23.8  23.9  24.1  24.0  23.8  24.1  24.1  24.1  24.0  24.3 nan  24.0  23.9  24.1  24.4  24.4  24.1  24.6  24.6 
 24.7  24.3  24.5  24.4  24.1  24.0  24.2  24.0  23.9  23.8  24.1  24.0  24.0  23.8  23.9  24.0  24.0  23.9  24.2  24.1  24.0  24.0  24.2  24.2  24.3  24.3  24.7  24.6  24.4  24.7  25.1  25.2 
 24.6  24.7  24.5  24.6  24.2  24.3  24.3  24.1  23.9  23.8  24.1  24.0  24.0  23.8  24.2  24.1  24.1  24.0  24.0  24.1  24.2  24.0  24.5  24.5  24.4  24.2  24.7  24.9  25.0  25.0  25.2  25.2 
 24.4  24.5  24.4  24.5  24.2  24.2  24.2  24.3  24.0  24.1  24.0  24.1  24.1  24.0  24.1  24.0  24.1  23.9  24.2  24.3  24.6  24.7  29.9  31.2  30.9  30.0  27.5  27.2  26.7  26.5  26.3  26.3 
 24.7  24.2  24.6  24.5  24.2  24.0  24.2  24.1  24.1  23.9  24.2  24.1  24.1  24.0  23.9  24.0  24.0  23.8  24.2  24.3  25.3  29.1  45.0  47.4  44.4  39.3  30.8  29.4  27.7  27.1  26.8  26.6 
 24.1  24.2  24.4  24.5  24.2  24.1  24.4  24.3  24.1  23.9  24.1  24.1  24.0  24.0  23.8  23.9  24.0  24.0  24.2  24.4  32.0  44.5  70.3  73.4  69.9  60.7  36.4  32.6  29.1  28.4  27.6  27.0 
 24.7  24.3  24.4  24.5  24.4  24.1  24.2  24.3  24.1  24.0  24.1  24.0  24.0  24.0  24.2  24.1  24.0  24.1  24.3  24.5  34.6  48.9  75.0  77.7  71.5  61.7  37.0  33.5  29.5  28.7  27.6  27.5 
 24.8  24.5  24.9  24.6  24.3  24.3  24.5  24.4  24.2  24.1  24.3  24.3  24.0  24.0  24.2  24.2  24.3  23.9  24.5  24.7  33.5  42.5  64.9  67.8  59.1  50.2  34.8  32.5  29.4  28.6  28.0  27.9 
 25.0  24.5  24.7  24.7  24.5  24.2  24.4  24.4  24.1  24.1  24.1  24.2  24.2  24.0  24.3  24.2  24.1  24.0  24.6  25.1  31.3  36.4  51.7  54.0  46.9  42.0  33.0  31.5  28.7  28.4  28.1  28.4 
 25.0  24.9  25.2  25.0  24.4  24.5  24.6  24.3  24.2  24.0  24.3  24.4  24.1  24.1  24.2  24.3  24.1  24.1  24.5  25.4  27.4  28.7  33.3  34.2  33.7  32.6  30.9  30.0  28.2  27.8  28.4  29.2 
 25.2  24.6  24.9  24.6  24.6  24.2  24.2  24.4  24.0  24.4  24.4  24.4  24.2  24.2  24.2  24.4  24.2  24.1  24.9  25.5  26.4  27.0  29.9  30.9  31.2  31.1  29.8  29.3  28.0  27.8  29.1  30.0 
 25.2  25.5  25.1  24.9  24.5  24.5  24.7  24.5  24.5  24.2  24.3  24.4  24.3  24.1  24.2  24.4  24.4  24.3  25.0  25.1  25.4  25.9  27.8  28.4  28.9  28.9  28.7  28.3  27.7  27.7  30.7  32.5 
 25.8  26.1  25.2  25.2  24.5  24.7  24.6  24.7  24.4  24.5  24.6  24.7  24.2  24.1  24.4  24.3  24.2  24.3  25.2  25.3  25.4  25.7  27.3  27.6  28.2  27.8  28.1  28.4  28.1  28.1  31.1  32.8 
