 24.5  24.0  24.0  24.0  24.0  24.3  24.4  24.3  24.0  23.8  24.1  24.2  23.8  23.8  23.9  24.3  23.8  23.7  23.9  24.1  23.9  23.7  24.3  24.3  24.2  24.0  24.4  24.5  24.6  24.3  25.2  26.2 
 24.1  23.6  24.0  24.1  24.4  24.2  24.5  24.5  24.2  23.7  24.2  24.2  23.9  23.8  24.1  24.0  23.8  23.8  23.9  24.2  24.1  23.5  24.1  24.3  23.9  24.1  24.4  24.7  24.7  24.5  25.0  25.8 
 24.0  23.8  24.2  24.4  24.1  24.0  24.4  24.4  23.9  23.8  24.0  24.0  23.7  23.7  23.9  24.1  23.8  23.8  24.0  24.0  23.9  23.7  24.2  24.3  24.0  24.2  24.6  24.5  24.1  24.1  24.5  25.2 
 23.7  23.4  24.2  24.2  24.3  24.1  24.5  24.3  24.2  23.7  24.1  23.9  23.9  23.7  23.9  24.1  23.8  23.7  24.0  23.9  23.9  23.9  24.0  24.2  24.0  23.9  24.6  24.4  24.0  24.3  24.8  24.9 
 24.1  23.9  24.3  24.5  24.1  24.2  24.2  24.1  23.9  23.9  23.9  24.0  23.8  23.6  24.0  23.9  23.8  23.7  24.0  24.0  23.9  23.7  24.0  24.1  23.7  23.9  24.2  24.3  24.1  23.9  24.6  25.0 
 23.8  23.8  24.0  24.1  24.1  24.0  24.3  24.3  23.9  23.9  23.9  23.9  24.0  23.7  23.8  24.0  23.9  23.7  24.0  24.0  24.0  23.6  23.9  24.1  24.0  24.0  24.1  24.4  24.1  23.9  24.4  24.6 
 24.0  24.0  24.0  24.2  24.1  24.1  24.1  24.3  23.9  23.7  23.9  24.2  23.8  23.7  23.9  23.9  23.7  23.6  23.9  24.0  23.7  23.8  23.9  24.2  23.9  23.6  24.1  24.4  24.1  24.1  24.4  24.4 
 24.2  23.7  24.2  24.7  24.1  24.0  24.1  24.2  23.8  23.8  24.0  23.9  23.8  23.7  24.0  24.0  23.9  23.7  23.9  24.0  23.7  23.9  24.1  24.1  24.0  23.8  24.0  24.2  24.2  24.0  24.1  23.9 
 24.4  24.0  24.4  24.4  24.0  23.9  24.2  24.1  23.8  23.6  24.1  24.0  23.8  23.8  23.8  24.0  23.7  23.8  24.2  24.1  23.9  23.9  24.1  24.3  24.1  24.0  24.2  24.3  23.8  24.0  24.2  24.4 
 24.6  23.9  24.3  24.5  24.2  24.1  24.2  24.1  23.9  23.9  24.0  24.1  23.8  23.6  23.9  23.9  23.7  23.9  24.0  24.2  24.0  23.9  24.0  24.2  24.1  24.0  24.5  24.3  24.2  23.8  24.6  24.7 
 24.3  24.4  24.2  24.5  24.1  23.9  24.0  24.2  23.9  23.8  24.1  24.1  23.7  23.9  23.9  23.9  23.9  23.9  23.9  24.1  24.0  24.0  24.2  24.2  24.1  24.0  24.2  24.3  24.2  24.2  24.5  24.9 
 24.3  24.5  24.4  24.3  24.1  24.0  24.2  24.0  24.0  23.7  24.0  24.1  23.9  23.8  24.0  24.0  23.9  23.8  24.0  24.1  24.0  23.9  24.2 nan  23.9  23.9  24.1  24.3  24.1  24.1  24.6  24.9 
 24.3  24.2  24.2  24.4  24.1  23.9  24.2  24.1  23.8  23.8  24.0  24.0  24.0  23.7  24.0  24.0  23.9  23.8  24.3  24.1  24.0  24.0  24.3  24.1  24.2  24.1  24.8  24.6  24.3  24.4  25.1  25.3 
 24.5  24.4  24.4  24.5  24.1  23.9  24.4  24.1  23.9  23.8  24.1  24.0  24.0  23.8  23.9  24.0  23.8  23.9  24.2  24.2  24.0  24.1  24.4  24.4  24.6  24.3  24.9  24.7  24.9  25.0  25.3  25.5 
 24.3  24.3  24.4  24.5  24.1  24.0  24.2  24.2  24.0  23.7  23.9  24.2  23.8  23.9  24.0  24.1  23.8  24.0  24.2  24.3  24.5  24.7  29.7  31.1  30.7  29.8  27.4  27.3  26.5  26.2  26.5  26.3 
 24.4  24.1  24.6  24.4  24.2  24.1  24.1  24.2  23.9  24.0  24.0  24.0  23.9  24.0  24.0  24.1  23.8  23.8  24.2  24.3  25.3  28.6  45.1  47.5  44.4  39.1  30.7  29.2  27.5  27.0  26.6  26.6 
 24.5  24.3  24.4  24.3  24.2  24.1  24.3  24.3  24.0  23.8  24.0  24.1  23.7  23.8  24.1  24.0  23.9  23.9  24.3  24.4  32.1  44.5  70.3  73.6  69.7  60.6  36.4  33.0  29.1  28.4  27.4  27.4 
 24.6  24.5  24.4  24.7  24.1  24.0  24.4  24.3  24.1  23.9  24.2  24.1  24.0  23.8  24.1  24.1  24.0  23.9  24.3  24.5  34.6  48.8  74.9  77.6  71.6  61.6  37.0  33.5  29.5  28.5  27.8  27.3 
 24.5  24.3  24.8  24.6  24.2  24.2  24.5  24.5  23.9  23.8  24.2  24.2  24.0  23.8  24.1  24.2  24.2  24.1  24.4  24.8  33.5  42.5  65.0  68.0  59.0  50.0  34.7  32.4  29.3  28.6  28.0  27.9 
 24.5  24.7  24.7  24.6  24.2  24.1  24.6  24.3  24.1  24.1  24.1  24.1  24.0  23.9  24.1  24.1  24.0  24.0  24.5  25.2  31.3  36.4  51.8  53.9  47.1  41.9  32.8  31.4  28.8  28.4  28.1  28.2 
 24.6  24.7  25.0  24.8  24.4  24.3  24.5  24.7  24.3  23.9  24.1  24.3  24.0  23.9  24.1  24.3  23.9  23.9  24.6  25.4  27.3  28.4  33.1  34.2  33.6  32.4  30.8  29.9  27.9  27.6  28.4  29.4 
 25.0  25.0  24.9  25.1  24.5  24.2  24.3  24.3  24.1  24.2  24.1  24.4  24.0  24.1  24.1  24.4  24.1  24.1  24.9  25.6  26.1  27.0  29.9  30.8  31.0  30.8  29.8  29.3  27.9  27.5  29.4  30.0 
 25.2  25.2  25.1  25.1  24.5  24.3  24.6  24.5  24.5  24.2  24.3  24.5  24.2  24.1  24.3  24.3  24.1  24.3  25.4  25.5  25.4  25.6  27.6  28.3  28.9  28.6  28.6  28.5  27.3  27.7  31.0  32.1 
 26.4  25.3  25.2  25.2  24.9  24.4  24.7  24.6  24.1  24.3  24.5  24.3  24.1  24.0  24.2  24.5  24.0  24.2  25.3  25.1  25.5  25.6  27.0  27.6  27.9  27.9  28.1  28.0  28.1  28.6  31.5  33.3 
