 24.5  24.0  23.6  23.7  24.3  24.1  24.1  24.4  24.1  24.0  24.1  24.2  23.8  23.6  24.0  24.2  23.8  23.8  23.8  24.2  24.0  23.9  24.0  24.2  24.4  24.0  24.5  24.5  24.4  24.3  25.4  26.2 
 24.3  23.8  24.2  24.4  24.3  24.2  24.2  24.2  24.0  24.0  24.2  24.2  24.0  24.0  24.0  24.0  23.8  23.8  24.1  23.9  24.0  24.0  24.2  24.1  24.1  24.2  24.4  24.7  24.2  24.5  25.5  26.1 
 23.7  23.6  24.2  24.4  24.3  24.1  24.3  24.3  24.1  23.8  23.9  24.0  23.8  23.8  23.8  24.0  23.9  23.7  23.9  24.1  24.1  23.8  24.0  24.3  24.4  24.2  24.3  24.6  24.4  24.0  24.9  24.8 
 23.4  23.5  24.0  24.5  24.0  24.1  24.5  24.4  23.8  23.7  24.1  24.0  23.7  23.7  24.0  24.0  23.7  23.8  24.0  24.1  24.1  23.8  24.2  23.9  24.0  24.0  24.4  24.6  24.2  24.3  24.8  25.1 
 23.9  24.1  24.1  24.4  24.2  24.2  24.2  24.3  24.0  23.8  23.8  24.0  23.8  23.7  24.0  23.8  23.9  23.7  24.1  23.8  23.9  23.7  24.1  24.1  24.1  24.0  24.3  24.5  24.2  24.1  24.5  24.6 
 24.3  23.9  24.5  24.1  24.1  24.1  24.3  24.1  23.9  23.9  23.8  24.0  23.8  23.6  23.9  24.0  23.8  23.7  23.9  24.2  23.9  23.8  24.0  24.2  24.0  23.8  24.1  24.2  24.3  24.3  24.5  24.7 
 23.8  23.9  24.0  24.2  24.3  24.0  24.2  24.3  23.9  23.8  23.8  24.0  23.9  23.8  23.9  23.8  23.9  23.8  23.9  23.9  24.0  23.9  23.9  24.1  24.3  23.9  24.1  24.3  24.1  23.9  24.4  24.4 
 24.4  23.9  24.1  24.4  24.0  24.1  24.2  24.2  23.9  23.7  24.2  24.1  23.8  23.7  24.0  23.9  23.9  23.8  23.8  24.0  23.9  23.9  24.2  24.1  23.9  23.7  24.0  24.3  24.2  24.1  24.1  23.9 
 24.4  24.2  24.3  24.2  24.1  24.0  24.2  24.1  24.0  23.7  24.1  24.0  24.0  23.8  23.9  24.0  23.9  23.7  24.0  23.8  23.9  23.9  24.0  24.0  24.0  24.0  24.2  24.1  24.0  24.0  24.5  24.2 
 24.4  24.4  24.6  24.5  24.3  24.0  24.2  24.1  23.9  23.6  23.9  24.1  23.8  23.8  24.0  24.0  24.0  23.9  24.0  24.1  24.0  23.9  24.1  24.2  23.9  24.1  24.2  24.4  24.2  24.1  24.5  24.5 
 24.5  24.4  24.5  24.6  24.0  23.9  24.1  24.4  24.0  24.0  24.1  24.2  24.0  23.7  24.1  24.0  23.9  23.8  24.0  24.1  24.0  24.0  24.2  24.2  24.2  23.9  24.1  24.5  24.2  24.2  24.8  24.6 
 24.3  24.2  24.5  24.3  24.2  24.1  24.2  24.3  23.8  23.7  24.1  24.1  24.0  23.9  23.9  24.0  23.9  24.0  24.1  24.2  24.1  24.0  24.2 nan  24.1  23.9  24.1  24.5  24.3  24.3  24.6  24.9 
 24.6  24.1  24.6  24.5  24.1  24.0  24.2  24.2  23.9  23.8  24.0  24.2  24.0  23.7  24.0  24.0  24.1  23.8  24.2  24.1  24.1  23.9  24.1  24.6  24.1  24.1  24.6  24.7  24.6  24.5  25.1  25.2 
 24.3  24.1  24.6  24.6  24.2  24.0  24.3  24.1  23.9  23.9  24.1  24.1  23.9  23.9  24.1  24.2  23.9  23.8  24.0  24.2  24.1  24.1  24.5  24.5  24.5  24.4  24.7  24.9  24.9  25.1  25.6  25.5 
 24.4  24.3  24.4  24.5  24.2  23.9  24.2  24.2  24.0  23.9  24.0  24.1  24.0  23.9  24.1  24.1  24.0  23.9  24.1  24.3  24.5  24.7  29.8  30.9  30.8  29.9  27.4  27.2  26.7  26.2  26.2  26.1 
 24.5  24.4  24.5  24.5  24.1  24.0  24.3  24.3  24.0  23.9  24.1  24.2  23.8  23.9  24.1  24.1  23.9  23.8  24.3  24.3  25.2  28.8  45.1  47.4  44.4  39.2  30.7  29.3  27.6  27.0  26.6  26.8 
 24.5  24.5  24.5  24.5  24.4  24.1  24.4  24.3  24.1  23.9  24.0  24.0  24.1  23.9  24.1  24.0  24.0  23.9  24.4  24.6  32.3  44.6  70.4  73.6  69.9  60.5  36.4  32.7  28.9  28.5  27.6  27.4 
 24.2  24.3  24.7  24.5  24.1  24.1  24.6  24.3  24.2  23.9  24.0  24.1  24.1  23.9  24.1  24.1  24.1  23.9  24.2  24.5  34.6  49.0  74.9  77.7  71.7  61.7  37.1  33.4  29.5  28.5  27.6  27.7 
 24.7  24.3  24.8  24.8  24.3  24.3  24.4  24.5  24.1  23.9  24.2  24.0  24.0  24.1  24.3  24.1  24.1  24.1  24.4  24.8  33.7  42.6  65.0  68.0  59.1  50.2  34.6  32.5  29.4  28.7  28.0  28.1 
 24.7  24.7  24.7  25.0  24.6  24.2  24.4  24.3  24.1  24.1  24.2  24.2  23.9  24.0  24.2  24.2  24.0  24.0  24.6  25.2  31.5  36.2  51.9  54.0  47.1  42.0  33.0  31.4  28.8  28.3  27.9  28.4 
 25.0  24.7  25.2  25.1  24.4  24.2  24.5  24.6  24.3  24.1  24.2  24.3  24.1  24.0  24.1  24.2  24.1  24.0  24.6  25.4  27.4  28.7  33.0  34.3  33.6  32.6  30.8  30.0  28.0  27.8  28.4  29.2 
 24.9  25.2  24.9  25.0  24.6  24.5  24.6  24.7  24.0  24.2  24.5  24.4  24.1  24.2  24.4  24.2  24.1  24.1  24.9  25.6  26.2  27.0  29.9  30.8  31.2  31.0  29.9  29.4  27.9  28.2  29.1  30.6 
 26.0  25.2  25.0  24.8  24.8  24.3  24.7  24.5  24.3  24.1  24.7  24.3  24.3  24.0  24.3  24.5  24.4  24.1  25.2  25.2  25.5  25.8  27.3  28.5  28.6  28.6  28.6  28.5  27.7  27.7  30.7  32.5 
 26.1  25.6  25.0  25.3  24.7  24.3  24.5  24.7  24.2  24.3  24.5  24.4  24.1  24.2  24.2  24.3  24.5  24.3  25.2  25.3  25.4  25.7  27.0  27.6  27.8  28.1  28.0  28.2  27.9  28.3  31.9  32.8 
