 24.3  23.3  24.2  23.9  23.3  23.0  23.2  23.3  22.9  22.5  23.3  23.0  22.9  22.5  23.1  23.0  22.9  22.7  23.1  23.2  23.0  22.6  23.2  23.4  25.7  26.6  28.2  28.6  28.6  29.3  30.2  30.5 
 23.8  23.3  23.7  24.3  23.1  22.9  23.1  23.3  22.7  22.9  23.0  23.2  22.7  22.6  22.9  23.0  22.7  22.6  22.9  23.1  22.9  22.7  23.0  23.4  24.7  26.4  28.2  28.6  29.1  28.7  30.0  30.3 
 23.6  23.0  24.1  23.3  23.1  22.5  23.2  22.9  23.0  22.8  23.0  22.9  22.8  22.6  23.1  22.8  22.7  22.5  22.9  22.8  22.9  22.7  23.0  23.0  23.8  23.8  27.8  27.3  28.8  29.0  29.6  30.4 
 23.5  23.2  23.4  23.5  22.8  22.8  23.0  23.3  22.9  22.8  23.0  22.9  22.8  22.5  22.8  23.0  22.6  22.7  23.1  23.1  22.7  22.9  23.1  23.3  23.2  23.7  25.5  28.1  28.7  28.6  29.8  29.7 
 23.4  23.4  23.4  23.5  23.0  22.6  23.3  23.1  23.3  23.2  23.3  22.9  22.7  22.5  23.1  22.7  22.7  22.5  23.1  22.8  22.8  22.8  23.2  23.1  23.1  24.2  24.0  27.7  27.3  30.1  29.8  30.1 
 23.1  23.3  23.5  23.3  22.7  22.9  23.2  23.3  23.6  23.9  23.2  23.2  22.7  22.7  22.7  23.0  22.5  22.7  22.8  23.1  22.7  22.7  23.2  23.1  24.2  23.0  27.6  24.4  30.5  28.0  31.2  30.1 
 23.4  23.0  23.5  23.0  23.1  22.7  23.4  23.4  25.6  26.8  24.4  23.4  22.8  22.6  22.9  22.7  22.6  22.6  23.0  22.8  22.8  22.8  23.2  23.4  23.1  26.4  24.9  30.2  29.1  31.2  31.6  31.2 
 23.1  23.3  23.3  23.4  22.9  22.8  23.2  23.7  26.0  27.8  24.8  23.4  22.4  22.7  22.7  23.0  22.7  22.7  22.8  23.0  22.8  22.7  23.1  23.3  25.8  23.4  29.9  27.0  31.4  30.2  30.8  31.1 
 23.4  23.3  23.6  23.4  22.9  22.7  23.3  23.3  23.5  23.5  23.4  23.0  22.7  22.7  22.9  22.8  22.7  22.6  23.1  22.8  22.8  22.8  23.2  23.5  23.4  27.7  27.7  30.9  30.4  31.2  31.5  29.5 
 23.3  23.5  23.5  23.5  23.0  23.0  23.1  23.3  23.0  23.1  23.0  23.1  22.5  22.8  22.7  22.9  22.6  22.8  23.0  23.1  22.7  22.9  23.0  23.2  26.4  24.5  30.7  28.9  31.2  30.7  30.3  32.3 
 23.8  23.7  24.1  23.9  23.5  23.1  23.2  23.2  22.9  22.9  23.1  23.0  22.8  22.5  23.0  22.9  22.9  22.6  23.0  22.8  22.9  22.7  23.2  23.2  23.4  26.5  28.4  30.5  30.5  29.9  32.2  29.8 
 23.6  23.9  23.9  24.2  23.9  24.1  23.6  23.5  22.9  23.0  23.1  23.1  22.8  22.6  22.9  23.0  22.7  22.9  22.9  23.1  22.7  22.9  23.0 nan  24.0  23.8  29.0  30.3  29.4  30.8  29.3  32.2 
 24.5  24.1  25.4  25.6  26.4  26.3  29.2  29.5  27.5  25.7  23.4  23.1  22.8  22.7  23.1  22.8  22.8  22.6  23.1  22.8  22.8  22.5  23.3  23.0  23.1  23.2  27.9  26.8  30.4  26.6  31.7  30.1 
 24.5  24.8  25.9  26.2  27.6  28.7  36.6  42.4  44.6  38.8  24.0  23.5  22.7  22.7  22.9  23.1  22.6  22.6  22.8  23.1  22.8  22.7  23.0  23.0  23.1  23.1  24.2  27.7  25.1  29.2  29.0  31.2 
 25.4  25.2  26.8  27.0  30.2  32.6  51.9  60.1  70.8  67.3  33.7  25.6  23.0  22.7  23.1  22.9  22.8  22.4  23.1  23.0  22.7  22.6  23.1  22.8  22.9  22.8  23.7  23.3  24.5  24.0  27.5  26.6 
 25.1  25.6  26.7  27.8  30.3  33.3  52.2  61.2  76.0  75.5  38.5  26.5  22.9  22.9  22.9  22.9  22.7  22.7  22.7  23.0  22.6  22.7  23.1  23.3  22.9  23.1  23.4  23.6  23.5  24.1  25.4  25.9 
 25.4  25.2  27.1  27.3  29.9  31.8  46.2  55.4  78.5  78.2  33.8  25.5  23.0  22.7  23.1  23.0  22.8  22.7  23.2  23.1  23.0  22.6  23.2  23.1  23.2  23.0  23.8  23.3  23.5  23.4  24.8  24.8 
 25.3  25.4  26.7  27.3  28.9  30.3  38.7  45.5  61.0  58.3  27.8  24.6  23.0  22.9  23.0  23.2  22.7  22.8  23.1  23.3  22.9  23.0  23.0  23.4  23.1  23.1  23.6  23.6  23.6  23.8  24.4  24.8 
 25.8  25.5  26.7  26.7  27.3  27.3  29.9  30.9  32.4  30.2  24.5  23.5  23.0  22.8  23.3  23.1  23.0  22.8  23.2  23.1  23.1  22.7  23.4  23.4  23.3  23.0  23.9  23.7  23.8  23.2  24.0  24.5 
 25.5  25.9  26.2  26.9  26.6  26.8  27.8  28.4  28.0  27.4  24.1  23.7  23.1  23.1  23.0  23.2  22.9  22.8  23.3  23.4  23.0  22.9  23.3  23.4  23.1  23.1  23.5  23.8  23.4  23.7  24.6  24.9 
 25.9  25.5  26.3  26.0  25.7  25.5  26.5  26.2  25.8  25.1  24.0  23.7  23.2  23.1  23.4  23.3  23.2  22.9  23.3  23.2  23.3  23.0  23.7  23.5  23.5  23.0  24.0  23.7  23.9  23.9  25.4  25.7 
 25.6  25.6  26.0  26.1  25.7  25.6  25.9  25.9  24.9  24.8  23.9  23.9  23.2  23.1  23.3  23.6  23.1  23.0  23.3  23.4  23.1  23.3  23.3  23.7  23.2  23.4  23.7  23.9  24.0  24.2  25.3  26.2 
 26.6  25.8  26.2  26.0  25.2  25.0  25.4  25.1  24.7  24.3  23.9  23.7  23.4  23.1  23.6  23.3  23.3  23.0  23.5  23.4  23.4  23.1  23.8  23.9  23.5  23.4  24.8  24.8  24.9  24.8  26.9  27.1 
 26.8  26.7  25.6  26.1  25.1  25.0  25.0  25.1  23.9  24.2  24.0  24.2  23.3  23.6  23.4  23.7  23.2  23.1  23.3  23.7  23.2  23.4  23.8  23.7  23.7  24.1  25.2  25.5  25.0  25.2  27.0  28.0 
