 24.5  23.6  23.8  23.9  24.3  24.3  24.4  24.4  24.3  23.9  24.2  24.2  24.0  23.4  23.9  24.1  23.9  23.6  24.2  24.2  23.7  23.8  24.3  24.4  24.0  24.2  24.5  24.5  24.6  24.2  25.2  26.8 
 24.1  24.0  24.2  23.9  24.3  24.5  24.2  24.2  24.1  23.9  24.1  24.4  23.6  24.1  24.0  24.1  23.9  23.8  24.2  24.2  23.9  23.7  24.1  24.6  24.1  24.2  24.2  24.7  24.3  24.7  25.5  25.8 
 23.8  23.5  24.0  24.2  24.6  24.3  24.4  24.3  24.1  23.5  24.0  24.2  23.8  23.7  24.0  24.0  23.9  23.9  23.9  24.2  24.0  23.9  24.2  24.3  24.4  23.9  24.2  24.5  24.6  24.2  24.7  25.0 
 23.6  23.9  24.2  24.2  24.2  23.9  24.5  24.6  24.0  23.8  24.2  24.0  23.9  23.8  23.8  24.0  23.8  23.8  24.1  24.2  23.9  23.9  24.0  24.1  24.1  24.0  24.4  24.4  24.0  24.8  24.8  24.9 
 24.3  23.9  24.3  24.5  24.3  24.2  24.2  24.4  24.1  23.9  24.0  24.1  23.7  23.8  23.9  24.1  23.9  23.8  24.0  24.1  23.8  23.8  24.2  24.3  24.1  23.8  24.3  24.3  24.2  24.3  24.6  24.6 
 24.1  23.9  24.2  24.1  24.1  24.4  24.3  24.1  23.9  24.0  23.9  24.0  23.9  23.8  23.9  24.0  23.9  23.9  24.0  24.0  23.9  23.9  24.1  24.1  24.0  23.8  24.1  24.4  24.3  24.6  24.5  24.6 
 24.0  23.8  24.2  24.2  24.2  24.1  24.2  24.2  23.9  23.7  23.9  24.1  23.9  23.7  24.0  23.9  23.7  23.8  24.0  24.0  24.0  23.7  23.9  24.1  23.9  23.7  24.2  24.5  24.2  24.1  24.4  24.4 
 24.4  23.9  24.2  24.4  24.0  24.1  24.1  24.2  23.9  23.9  24.1  23.9  23.9  23.8  24.0  24.0  23.8  23.9  23.9  24.0  24.0  23.9  24.2  24.1  23.9  24.1  24.1  24.1  24.2  24.1  24.2  23.8 
 24.4  24.2  24.3  24.2  24.1  23.8  24.2  24.1  23.9  23.8  24.0  24.1  24.0  23.7  23.8  24.1  23.8  23.8  24.1  24.2  23.9  23.9  24.3  24.3  24.1  23.9  24.2  24.3  24.2  24.1  24.3  24.4 
 24.3  24.5  24.4  24.5  24.1  24.2  24.2  24.2  24.0  23.9  24.0  24.1  23.9  23.8  23.9  24.1  23.7  23.9  24.1  24.1  24.0  23.9  24.2  24.2  24.1  24.0  24.2  24.3  24.3  24.1  24.8  24.7 
 24.3  24.2  24.6  24.5  23.9  24.1  24.2  24.2  23.9  23.8  24.1  24.2  23.9  23.7  23.9  24.0  24.0  23.8  24.1  24.1  24.0  23.7  24.2  24.2  24.1  23.8  24.2  24.5  24.1  23.9  24.6  24.8 
 24.2  24.1  24.8  24.3  24.0  24.2  24.1  24.2  23.9  23.9  23.9  24.1  24.0  23.9  24.0  24.0  23.9  23.9  24.0  24.1  23.9  24.0  24.2 nan  23.9  24.2  24.0  24.5  24.3  24.4  24.7  24.7 
 24.5  24.0  24.3  24.4  24.3  24.0  24.2  24.2  24.0  23.9  24.2  24.0  23.9  23.8  24.0  24.1  24.0  23.8  24.1  24.1  24.1  24.0  24.2  24.3  24.2  24.2  24.4  24.7  24.6  24.5  25.3  25.5 
 24.6  24.5  24.5  24.3  24.1  24.2  24.2  24.2  24.0  24.0  24.1  23.9  23.9  24.0  24.0  24.1  23.9  23.9  24.0  24.2  23.9  24.1  24.4  24.4  24.5  24.7  24.7  24.9  25.0  25.0  25.3  25.5 
 24.0  24.3  24.3  24.6  24.4  24.1  24.2  24.3  23.9  23.8  24.1  24.1  24.0  23.7  24.0  24.0  24.1  23.9  24.2  24.4  24.6  24.8  29.7  31.0  30.9  30.0  27.5  27.3  26.5  26.1  26.3  26.3 
 24.4  24.4  24.6  24.6  24.1  24.2  24.1  24.3  23.9  24.0  24.2  24.2  23.9  24.0  24.1  24.1  23.9  23.9  24.2  24.4  25.2  29.0  45.1  47.6  44.6  39.2  30.9  29.3  27.5  27.4  26.8  26.6 
 24.5  24.2  24.8  24.5  24.4  23.9  24.3  24.3  24.0  23.9  24.0  24.2  24.0  23.7  24.1  23.9  24.2  23.9  24.2  24.5  31.9  44.6  70.4  73.6  69.9  60.6  36.4  33.0  29.1  28.3  27.6  27.2 
 24.4  24.5  24.4  24.8  24.2  24.1  24.2  24.5  23.8  24.0  24.2  24.0  24.0  23.9  24.1  24.1  24.0  24.0  24.3  24.5  34.6  49.0  75.0  77.7  71.7  61.7  37.0  33.3  29.5  28.7  27.8  27.7 
 24.9  24.4  24.8  24.8  24.4  24.2  24.6  24.4  24.0  23.9  24.3  24.2  23.9  24.0  24.3  24.3  24.1  23.9  24.4  24.7  33.5  42.5  65.0  68.0  59.1  50.3  34.7  32.5  29.4  28.3  28.0  28.3 
 24.7  24.8  24.6  25.0  24.4  24.1  24.4  24.5  24.1  24.2  24.1  24.2  24.0  24.1  24.3  24.1  24.0  24.2  24.6  25.3  31.3  36.4  51.9  54.0  47.0  42.1  32.9  31.8  28.8  28.6  27.9  28.2 
 25.2  24.5  24.9  25.0  24.5  24.2  24.5  24.4  24.1  24.1  24.3  24.1  24.2  24.1  24.4  24.3  24.1  24.1  24.8  25.5  27.3  28.4  33.2  34.2  33.7  32.5  30.9  30.1  28.4  27.3  28.4  29.4 
 24.8  24.8  25.3  24.8  24.3  24.3  24.6  24.5  24.2  24.1  24.3  24.2  24.1  24.1  24.1  24.3  24.1  24.0  25.0  25.5  26.1  27.1  29.9  30.8  31.2  31.1  30.1  29.4  27.7  28.0  28.9  30.3 
 25.5  25.0  25.1  25.1  24.4  24.3  24.6  24.5  24.5  24.2  24.4  24.5  24.3  24.0  24.3  24.5  24.2  24.0  25.3  25.3  25.6  25.7  27.5  28.4  28.7  28.6  28.8  28.5  28.1  27.7  31.0  32.1 
 26.1  25.9  25.2  25.3  24.7  24.4  24.7  24.6  24.2  24.3  24.4  24.7  24.1  24.3  24.4  24.3  24.1  24.5  25.2  25.2  25.3  25.4  27.2  27.7  28.1  28.1  28.0  28.2  27.9  28.3  31.9  33.3 
