 24.1  23.7  23.3  23.7  23.8  23.8  24.2  24.3  23.9  23.7  24.0  24.0  23.6  23.6  23.9  24.1  23.6  23.7  23.9  24.0  24.0  23.7  24.0  24.2  24.1  23.8  24.2  24.6  24.4  24.2  25.5  26.3 
 24.2  23.3  24.0  23.7  24.3  23.8  24.5  24.2  24.1  23.6  24.2  24.1  23.9  23.7  24.0  23.8  23.6  23.6  23.9  23.9  23.9  23.6  24.0  24.1  24.2  24.1  24.4  24.4  24.4  24.1  24.7  25.4 
 23.5  23.5  24.2  23.9  24.3  24.0  24.0  24.2  23.7  23.7  23.8  24.1  23.7  23.7  24.1  24.0  23.8  23.6  23.8  24.0  23.8  23.8  23.9  24.2  23.8  24.1  24.0  24.3  24.1  24.4  24.4  25.3 
 23.4  23.4  24.1  24.4  24.0  23.9  24.2  24.2  23.9  23.5  23.9  23.9  23.8  23.7  23.9  24.0  23.7  23.5  24.0  23.8  24.0  23.7  24.1  24.1  23.9  23.7  24.4  24.3  24.0  24.0  24.7  24.8 
 23.8  24.1  24.0  24.4  24.1  24.0  24.1  24.0  23.9  23.8  23.8  23.9  23.9  23.7  23.9  23.9  23.6  23.6  23.8  24.0  23.8  23.7  23.8  24.0  23.8  24.0  24.3  24.4  24.1  23.8  24.3  24.7 
 23.8  23.9  24.2  24.0  24.4  23.9  24.1  24.1  23.9  23.6  24.1  23.8  23.5  23.4  23.8  23.9  23.7  23.6  23.9  24.0  23.6  23.5  23.9  23.9  24.0  23.7  24.0  24.1  24.3  24.0  24.4  24.4 
 24.0  23.5  24.0  24.3  24.0  24.0  23.9  24.0  23.8  23.8  23.9  24.0  23.7  23.7  23.7  23.8  23.8  23.8  23.8  23.8  23.7  23.7  23.9  24.2  23.9  23.8  24.1  24.0  24.1  24.0  23.8  24.5 
 23.9  23.7  24.1  24.3  24.0  23.7  24.1  24.2  24.0  23.7  24.1  23.8  23.7  23.6  23.8  23.9  23.8  23.6  23.9  23.9  23.8  23.6  24.0  24.0  23.9  23.8  24.0  24.1  24.1  23.8  24.2  23.6 
 24.1  24.1  24.2  24.4  24.2  24.0  24.2  24.1  23.8  23.5  23.9  23.9  23.8  23.6  23.8  24.0  23.7  23.7  23.9  23.9  23.7  23.8  23.9  23.9  24.1  23.7  24.1  24.3  24.0  24.1  24.3  24.3 
 24.2  24.1  24.3  24.1  24.1  23.9  24.2  24.0  23.7  23.6  24.1  23.9  23.7  23.7  23.9  23.9  23.8  23.7  23.9  23.9  23.8  23.7  24.1  23.9  24.0  23.9  24.3  23.9  23.9  23.8  24.7  24.4 
 24.2  24.3  24.1  24.3  23.9  24.0  24.1  24.0  23.7  23.8  23.8  24.0  23.8  23.6  23.8  23.9  23.7  23.7  23.8  24.1  24.0  23.7  24.0  24.1  24.1  23.8  24.1  24.0  24.1  24.1  24.5  24.6 
 24.3  24.1  24.2  24.2  24.0  23.7  24.1  24.1  23.9  23.7  23.8  24.0  23.8  23.8  23.8  23.9  23.8  23.8  24.0  23.9  24.0  24.0  24.3 nan  23.8  23.7  24.1  24.4  24.4  23.9  24.6  24.7 
 24.2  24.2  24.2  24.3  24.0  24.1  24.1  24.3  23.9  23.9  23.9  24.1  23.7  23.7  23.8  24.0  23.9  23.9  24.0  23.8  23.9  23.7  24.2  24.3  24.0  24.0  24.5  24.6  24.3  24.4  24.8  25.4 
 24.2  24.1  24.5  24.5  24.3  23.9  24.2  23.9  23.6  23.6  23.9  24.0  23.9  23.8  23.9  24.0  23.9  23.7  24.0  24.2  23.9  24.0  24.4  24.2  24.4  24.1  24.8  24.8  24.9  24.8  25.2  25.2 
 24.2  24.2  24.2  24.5  24.2  24.0  24.1  24.1  23.9  23.8  23.8  24.0  23.8  23.7  24.0  24.0  23.8  23.8  24.0  24.3  24.3  24.6  29.8  30.9  30.8  29.8  27.4  27.1  26.5  26.4  26.2  26.1 
 24.4  24.1  24.6  24.5  23.9  24.0  24.2  24.2  23.7  23.8  24.1  23.9  23.7  23.8  24.0  23.9  23.8  23.7  24.2  24.1  25.0  28.6  45.0  47.4  44.4  39.2  30.7  29.3  27.3  26.8  26.7  26.3 
 24.3  24.5  24.5  24.4  24.0  23.9  24.1  24.4  23.9  23.8  23.9  23.9  23.8  23.6  24.0  24.0  23.8  23.8  24.2  24.3  31.9  44.4  70.2  73.4  69.7  60.6  36.0  32.8  28.8  28.3  27.5  27.4 
 24.1  24.0  24.5  24.4  23.9  24.1  24.2  24.1  23.9  23.7  23.9  24.0  23.9  23.7  24.1  24.0  23.9  23.9  24.1  24.5  34.5  48.7  74.8  77.5  71.4  61.4  36.9  33.3  29.4  28.2  27.8  27.2 
 24.7  24.4  24.7  24.8  24.3  24.3  24.3  24.4  24.0  23.8  24.0  24.1  23.9  23.9  24.0  24.1  24.1  24.0  24.1  24.7  33.4  42.4  64.9  67.9  58.9  50.0  34.6  32.5  29.3  28.5  27.7  28.0 
 24.7  24.5  24.6  24.9  24.3  24.0  24.5  24.3  24.2  23.8  23.9  24.2  24.0  23.9  24.1  24.2  24.0  23.7  24.5  24.9  31.4  36.1  51.7  53.9  46.8  41.8  32.8  31.5  28.9  28.1  28.0  28.5 
 24.7  24.6  24.9  25.2  24.5  24.2  24.5  24.3  24.2  23.9  24.2  24.3  23.8  23.9  24.1  24.3  24.1  24.0  24.6  25.4  27.0  28.6  32.9  34.1  33.6  32.5  30.7  30.2  28.1  27.5  28.0  29.3 
 24.6  24.5  25.0  24.6  24.2  24.2  24.6  24.3  24.0  23.9  24.1  24.3  24.0  23.8  24.1  24.3  24.1  23.9  24.9  25.5  26.1  26.7  29.6  30.9  31.0  30.7  29.7  29.3  27.6  27.5  29.0  30.1 
 25.6  25.1  24.7  24.8  24.7  24.0  24.5  24.5  24.2  24.0  24.2  24.4  24.3  23.9  24.2  24.3  24.1  24.0  25.3  25.0  25.6  25.6  27.5  28.4  28.9  28.2  28.8  28.4  27.4  28.0  30.9  31.9 
 25.9  25.5  25.0  25.0  24.6  24.6  24.9  24.7  24.2  24.1  24.5  24.1  24.2  24.0  24.4  24.2  24.2  23.9  25.0  25.2  25.1  25.4  27.2  27.6  28.1  27.8  28.0  27.9  27.6  28.2  31.3  32.6 
