 24.5  24.0  24.1  23.7  24.1  24.1  24.5  24.4  24.1  24.0  24.3  24.1  24.0  24.0  24.1  24.2  23.9  23.8  24.4  24.3  24.0  23.9  24.2  24.3  24.1  23.6  24.4  24.4  24.4  24.3  25.7  26.5 
 24.1  23.8  23.8  24.0  24.3  24.4  24.1  24.6  24.1  23.7  24.1  24.2  23.8  23.7  24.1  24.2  23.7  23.7  24.1  24.3  24.1  24.0  24.1  24.5  24.2  24.1  24.5  24.3  24.3  24.6  25.0  25.8 
 23.8  23.5  24.2  24.2  24.3  24.0  24.4  24.0  23.9  23.9  23.9  24.1  23.7  23.9  24.0  24.0  23.9  23.7  24.2  24.0  24.0  23.9  24.2  24.3  24.3  24.2  24.3  24.5  24.4  24.5  25.1  25.0 
 23.6  23.7  24.4  24.6  24.4  24.3  24.3  24.4  24.0  23.9  24.3  24.1  24.0  23.8  23.8  24.1  24.0  23.7  24.0  24.1  24.1  23.9  24.2  24.2  24.1  24.0  24.6  24.4  24.0  24.3  24.8  25.1 
 24.4  24.1  24.3  24.4  24.4  24.2  24.3  24.4  24.0  23.8  24.0  23.9  23.9  23.8  23.9  24.0  24.1  23.7  23.9  24.1  24.0  23.8  24.1  23.9  24.0  23.9  24.3  24.5  24.1  24.4  24.6  25.0 
 23.9  23.9  24.2  24.4  24.4  24.4  24.3  24.4  23.9  24.0  23.7  24.3  23.8  23.8  23.9  24.1  23.9  23.8  24.0  24.1  23.9  23.8  24.1  24.1  24.1  23.9  24.3  24.4  24.3  24.3  24.7  24.6 
 24.0  24.1  24.2  24.3  24.3  24.0  24.0  24.3  24.0  23.7  24.1  24.2  23.9  23.8  24.0  23.9  23.9  23.9  24.1  23.9  24.0  23.6  23.9  24.2  24.1  24.0  24.2  24.3  24.1  24.1  24.4  24.6 
 24.4  24.0  24.3  24.5  24.3  24.1  24.3  24.3  24.0  23.9  24.1  24.0  23.8  23.9  24.0  24.2  24.0  23.8  24.1  24.0  24.0  23.8  24.1  24.0  24.0  24.1  24.5  24.3  24.3  24.4  24.1  23.8 
 24.4  24.2  24.4  24.2  24.2  24.0  24.2  24.2  24.1  23.7  24.1  23.9  23.9  23.8  23.9  24.1  23.8  23.8  24.1  23.9  23.9  24.0  24.1  24.3  24.1  24.1  24.2  24.3  24.0  23.9  24.3  24.6 
 24.4  24.5  24.4  24.4  24.3  24.2  24.1  24.2  23.9  23.7  24.0  24.0  23.9  23.9  23.9  24.0  23.9  23.9  23.9  24.1  24.0  24.0  24.0  24.2  24.1  23.9  24.2  24.5  24.0  24.1  24.6  24.7 
 24.5  24.5  24.4  24.5  24.0  23.9  24.1  24.1  23.9  23.8  24.0  23.9  23.9  23.8  24.0  24.0  23.9  23.8  24.0  24.0  24.1  23.9  24.3  24.3  23.8  23.9  24.0  24.3  24.2  24.2  24.8  24.4 
 24.3  24.3  24.4  24.6  24.2  24.1  24.4  24.3  24.0  23.9  24.0  24.2  23.9  23.7  24.0  24.1  24.1  23.9  23.9  24.2  24.0  23.9  24.1 nan  24.0  24.0  24.3  24.3  24.5  24.3  24.9  24.7 
 24.4  24.3  24.5  24.6  24.1  23.9  24.1  24.3  23.8  23.9  24.0  23.9  23.9  23.7  24.1  24.2  23.9  23.8  24.2  24.2  24.1  24.0  24.2  24.4  24.3  24.2  24.7  24.7  24.6  24.8  25.3  25.3 
 24.3  24.5  24.5  24.7  24.4  24.0  24.3  24.1  24.0  23.8  24.2  24.2  23.9  23.9  24.0  24.1  23.9  23.8  24.2  24.2  24.0  24.0  24.6  24.5  24.4  24.3  25.0  25.2  25.0  25.1  25.6  25.5 
 24.4  24.3  24.4  24.4  24.2  24.3  24.3  24.2  24.1  24.0  24.2  24.1  23.9  23.8  24.0  24.1  24.1  23.9  24.2  24.2  24.6  24.7  29.8  31.2  30.9  30.0  27.5  27.3  26.5  26.5  26.3  26.3 
 24.4  24.2  24.8  24.8  24.2  24.2  24.2  24.3  23.9  24.0  24.2  24.2  23.9  23.9  24.1  24.1  24.0  24.0  24.2  24.3  25.3  28.9  45.3  47.5  44.6  39.4  30.7  29.4  27.5  27.2  26.9  26.6 
 24.6  24.5  24.5  24.5  24.3  24.0  24.2  24.3  24.0  23.9  24.2  24.1  24.0  23.9  24.1  24.2  24.0  23.8  24.3  24.3  32.0  44.6  70.5  73.5  69.9  60.6  36.4  33.0  29.0  28.4  27.6  27.5 
 24.4  24.5  24.8  24.7  24.3  24.1  24.5  24.4  24.2  23.9  24.2  24.1  24.0  23.9  24.2  24.0  24.1  24.0  24.4  24.7  34.6  48.8  74.8  77.6  71.5  61.7  37.2  33.5  29.6  28.5  28.0  27.7 
 25.0  24.5  24.8  24.9  24.4  24.3  24.5  24.6  24.2  23.9  24.2  24.3  24.1  24.2  24.2  24.2  24.2  24.0  24.5  24.9  33.7  42.5  65.1  68.0  59.1  50.2  34.8  32.5  29.1  28.3  28.2  28.3 
 24.7  24.8  24.8  24.9  24.4  24.5  24.5  24.5  24.2  24.0  24.2  24.3  24.1  24.0  24.3  24.1  24.1  24.0  24.6  25.0  31.5  36.2  51.9  54.0  46.9  41.8  33.0  31.7  28.7  28.7  28.3  28.8 
 24.8  25.1  24.9  25.1  24.4  24.2  24.4  24.6  24.2  24.0  24.4  24.3  24.2  24.2  24.2  24.3  24.2  24.0  24.5  25.5  27.3  28.6  33.1  34.2  33.7  32.8  30.9  30.1  28.2  27.8  28.8  29.2 
 25.2  25.0  25.1  24.9  24.6  24.3  24.6  24.7  24.3  24.0  24.4  24.4  24.0  24.2  24.4  24.3  24.1  24.0  25.0  25.7  26.3  26.7  30.1  30.9  31.3  31.0  30.0  29.4  27.9  27.7  29.4  30.6 
 25.4  25.0  25.0  25.1  24.7  24.0  24.7  24.7  24.5  24.2  24.4  24.4  24.3  24.1  24.4  24.5  24.1  24.2  25.2  25.1  25.4  25.6  27.7  28.5  28.9  28.8  28.9  28.3  28.1  27.7  31.0  32.9 
 26.1  25.3  25.0  25.3  24.7  24.6  24.7  24.9  24.5  24.3  24.6  24.7  24.2  24.3  24.2  24.7  24.3  24.3  25.2  25.2  25.5  25.7  27.4  27.7  28.1  28.3  28.0  28.4  27.9  29.0  31.9  32.3 
