 24.7  24.0  23.8  23.5  24.0  24.1  24.5  24.3  24.1  23.9  24.1  24.1  24.1  23.9  24.1  24.1  24.0  23.8  24.2  24.1  24.2  24.2  24.3  24.4  24.4  24.1  24.5  24.4  24.9  24.5  25.9  25.8 
 23.9  24.0  23.8  24.0  24.3  24.1  24.2  24.6  23.9  24.0  24.2  24.3  23.8  23.8  24.0  24.2  23.8  23.8  24.0  24.2  23.9  23.9  24.1  24.5  24.2  24.4  24.1  24.3  24.3  24.6  25.3  25.8 
 24.0  23.5  24.2  23.9  24.4  24.0  24.4  24.2  23.9  23.6  24.0  24.0  23.9  23.7  24.1  24.1  24.0  23.8  24.2  23.9  24.1  23.8  24.3  24.0  24.3  24.2  24.6  24.6  24.3  24.0  24.3  25.0 
 23.6  23.4  24.2  24.5  24.3  24.0  24.3  24.3  23.9  23.7  23.8  24.1  23.7  23.6  23.9  24.1  23.8  23.8  24.0  24.1  23.9  24.0  24.0  24.2  23.9  24.1  24.4  24.6  24.0  24.4  24.8  24.9 
 24.1  23.9  24.6  24.4  24.6  24.3  24.3  24.3  24.0  24.0  24.0  24.0  23.7  23.7  24.1  24.0  24.0  23.7  24.1  24.0  24.1  23.8  24.1  24.1  23.9  24.1  24.3  24.3  24.5  24.3  24.6  25.0 
 24.1  23.9  24.0  24.4  24.2  24.5  24.2  24.3  24.1  23.8  23.7  24.1  23.6  23.9  23.9  24.1  23.9  24.0  24.0  24.1  23.9  23.8  24.1  24.2  24.2  24.1  24.3  24.6  24.0  24.3  24.5  24.6 
 24.3  23.8  24.3  24.2  24.5  24.1  24.4  24.1  24.2  23.9  24.0  24.1  23.9  23.8  24.0  23.9  24.0  23.7  23.9  24.0  23.9  23.7  24.1  24.1  24.0  23.8  24.4  24.3  24.3  24.2  24.6  24.6 
 24.2  24.0  24.1  24.5  24.2  24.0  24.3  24.3  24.0  23.9  24.0  24.1  23.9  23.8  23.9  24.1  23.9  23.8  23.9  24.0  23.9  24.0  24.1  24.0  24.0  24.0  24.0  24.4  24.1  24.1  24.3  23.6 
 24.7  24.0  24.6  24.1  24.2  24.0  24.4  24.3  24.0  23.7  24.0  24.1  24.1  23.8  24.0  23.9  23.9  23.8  24.2  23.9  24.2  23.9  24.2  24.2  24.1  24.0  24.2  24.3  24.2  24.1  24.6  24.6 
 24.4  24.3  24.3  24.5  24.3  24.1  24.1  24.2  23.9  24.0  23.9  24.2  23.9  23.9  24.0  23.9  23.8  23.9  24.0  24.1  24.0  23.9  24.1  24.3  24.3  24.1  24.2  24.5  24.0  24.2  24.6  24.5 
 24.6  24.4  24.5  24.5  24.2  24.1  24.3  24.2  24.0  23.8  24.1  24.0  23.9  23.8  24.0  24.0  24.0  23.9  24.1  24.1  24.0  23.9  24.2  24.3  24.1  23.8  24.2  24.1  24.5  24.1  24.6  24.4 
 24.5  24.2  24.2  24.4  23.9  24.1  24.1  24.4  23.9  23.9  23.9  24.2  24.0  23.8  24.0  24.1  24.0  23.9  24.0  24.1  24.1  24.0  24.0 nan  24.2  24.1  24.2  24.5  24.2  24.3  24.6  24.9 
 24.7  24.3  24.3  24.1  24.3  24.0  24.3  24.2  24.1  23.9  24.1  24.2  24.1  23.7  24.1  24.0  24.1  23.8  24.2  24.1  24.2  23.9  24.4  24.2  24.2  24.3  24.8  24.6  24.6  24.4  25.3  25.2 
 24.5  24.4  24.4  24.5  24.1  24.3  24.1  24.1  24.0  24.0  24.2  24.1  23.9  24.0  24.0  24.0  24.0  24.0  24.2  24.2  24.2  24.2  24.4  24.4  24.4  24.5  24.8  24.9  25.1  25.1  25.3  25.7 
 24.1  24.6  24.6  24.5  24.3  24.1  24.2  24.2  24.0  23.9  23.9  24.1  24.0  23.8  24.2  24.1  24.1  23.9  24.1  24.1  24.5  24.7  29.9  31.0  30.9  29.9  27.6  27.2  26.8  26.5  26.5  26.3 
 24.7  23.9  24.4  24.6  24.3  24.1  24.1  24.1  24.1  24.0  24.1  24.1  24.0  24.0  24.0  24.2  23.9  24.0  24.1  24.4  25.3  29.0  45.1  47.6  44.4  39.3  30.8  29.5  27.5  26.9  26.8  26.8 
 24.6  24.3  24.9  24.5  24.3  24.1  24.4  24.2  24.1  24.0  24.2  24.2  24.1  24.0  24.1  24.0  24.0  23.9  24.3  24.3  32.2  44.6  70.4  73.6  69.9  60.7  36.2  33.0  29.1  28.3  27.8  27.0 
 24.3  24.5  24.7  24.8  24.5  24.0  24.2  24.5  23.9  24.0  24.2  24.3  24.1  24.0  24.1  24.2  23.9  24.0  24.3  24.4  34.6  49.0  75.0  77.7  71.7  61.9  37.0  33.4  29.6  28.7  27.5  27.5 
 25.0  24.8  24.9  24.8  24.6  24.3  24.5  24.6  24.4  24.0  24.4  24.1  24.0  23.9  24.3  24.3  24.3  24.0  24.5  24.7  33.5  42.6  65.0  68.1  59.2  50.0  34.6  32.4  29.4  28.5  27.8  28.1 
 24.7  24.8  24.6  24.9  24.4  24.4  24.3  24.4  23.9  24.1  24.1  24.3  24.2  24.1  24.2  24.1  24.1  23.9  24.5  25.2  31.4  36.4  51.9  54.2  47.0  42.1  32.9  31.5  29.1  28.7  27.9  28.4 
 25.2  24.7  25.0  25.0  24.5  24.2  24.4  24.6  24.3  24.0  24.3  24.3  24.0  24.0  24.3  24.4  24.1  24.0  24.8  25.3  27.4  28.7  33.1  34.1  33.7  32.7  31.0  30.2  28.4  27.8  29.0  29.4 
 25.2  25.3  24.9  24.9  24.3  24.3  24.4  24.7  24.2  24.2  24.3  24.2  24.0  23.9  24.2  24.3  24.2  23.9  24.9  25.5  26.3  27.1  29.6  30.9  31.3  31.1  29.8  29.6  27.7  27.8  29.4  30.6 
 26.0  24.8  25.0  24.8  24.8  24.0  24.7  24.5  24.7  24.2  24.4  24.3  24.6  24.0  24.3  24.4  24.4  24.0  25.3  25.1  25.4  25.6  27.7  28.4  28.9  28.8  29.1  28.2  27.7  27.7  31.7  31.7 
 26.1  25.9  24.8  25.3  24.7  24.6  24.7  24.9  24.2  24.4  24.5  24.7  24.2  24.0  24.2  24.5  24.3  24.3  25.2  25.2  25.0  25.7  27.2  27.7  28.1  27.9  28.2  28.2  27.7  28.6  31.5  33.3 
