 24.0  23.6  23.2  23.7  23.8  23.9  23.9  24.4  23.9  23.8  24.0  24.0  23.6  23.9  23.9  24.2  23.8  23.9  24.0  24.1  23.7  24.1  24.0  24.3  24.1  24.0  24.3  24.7  24.2  24.7  24.6  26.1 
 24.3  23.2  23.8  23.7  24.4  23.9  24.5  24.1  24.2  23.6  24.2  24.1  24.0  23.6  24.1  23.8  23.8  23.5  24.1  24.0  24.3  23.8  24.3  24.2  24.3  24.1  24.5  24.1  24.5  24.3  25.5  25.2 
 23.3  24.0  23.8  24.0  24.4  24.1  24.0  24.3  23.6  23.9  23.8  24.0  23.6  24.0  23.8  24.0  23.7  24.0  23.8  24.0  23.7  23.8  23.8  24.3  23.9  24.3  24.3  24.5  23.9  24.3  24.5  24.8 
 23.4  23.3  24.4  23.9  24.4  24.0  24.5  24.0  24.0  23.6  24.0  23.8  23.8  23.7  24.0  23.8  24.0  23.5  24.0  23.9  24.2  23.6  24.1  24.0  24.0  23.7  24.4  24.1  24.3  23.9  24.6  24.5 
 23.9  24.2  23.8  24.2  24.1  24.3  24.1  24.3  23.7  24.0  23.9  24.1  23.6  23.8  23.8  24.0  23.7  23.7  23.7  23.9  23.9  24.0  23.8  24.1  23.8  24.0  24.0  24.2  24.1  24.4  23.9  24.6 
 24.3  23.7  24.0  24.3  24.3  24.0  24.2  24.0  24.1  23.7  23.9  23.9  23.8  23.5  23.9  23.8  23.8  23.8  24.0  23.9  23.9  23.5  24.2  23.8  24.0  23.5  24.1  24.1  24.5  23.8  24.5  24.4 
 23.8  23.8  24.0  24.3  24.1  24.1  23.8  24.3  23.8  23.8  23.9  24.1  23.7  23.9  23.8  24.0  23.6  23.8  23.8  23.8  23.8  24.0  23.9  24.0  23.7  23.8  24.0  24.3  23.9  23.9  24.2  24.4 
 24.4  23.5  24.2  24.0  24.5  23.7  24.2  24.0  24.1  23.6  24.1  24.0  24.0  23.6  23.9  23.8  23.7  23.7  24.1  23.9  24.0  23.6  24.1  23.8  24.0  23.8  24.1  24.2  24.0  23.8  24.1  23.4 
 24.2  24.2  24.0  24.2  23.7  24.0  24.0  24.3  23.7  23.9  24.0  23.9  23.7  23.9  23.7  24.1  23.6  23.8  23.8  23.9  23.9  23.9  23.8  23.9  23.9  24.1  24.1  24.3  24.0  24.0  24.0  24.5 
 24.6  23.9  24.6  24.1  24.4  23.7  24.2  23.9  23.9  23.5  24.0  23.9  24.0  23.7  23.9  23.8  23.8  23.8  23.9  23.9  24.0  23.8  24.0  23.9  24.2  23.9  24.4  24.3  24.3  23.8  24.6  24.2 
 24.1  24.5  24.1  24.4  23.9  24.0  24.0  24.1  23.8  24.0  23.8  24.2  23.7  23.7  23.9  24.0  23.8  23.9  23.9  24.1  23.8  24.0  24.0  24.2  23.8  24.0  24.1  24.4  24.0  24.3  24.5  24.4 
 24.4  24.0  24.6  24.3  24.1  23.8  24.0  24.0  23.9  23.7  24.1  24.0  24.0  23.6  23.9  23.8  23.8  23.7  24.1  23.9  24.1  23.7  24.2 nan  24.0  23.6  24.0  24.0  24.5  24.0  24.7  24.5 
 24.3  24.1  24.1  24.2  24.0  24.2  23.9  24.1  23.5  23.8  24.0  24.0  23.8  23.9  23.8  24.0  23.7  23.9  24.1  24.1  24.0  23.9  24.2  24.4  24.1  24.3  24.3  24.6  24.4  24.5  25.0  25.2 
 24.5  23.9  24.5  24.3  24.2  23.9  24.3  24.1  24.1  23.7  24.1  24.1  23.9  23.7  24.1  23.9  24.1  23.7  24.1  24.0  24.2  23.9  24.5  24.3  24.6  24.0  24.7  24.5  24.9  24.5  25.4  25.2 
 24.0  24.3  24.3  24.6  24.1  24.2  24.0  24.2  23.9  23.9  23.8  24.2  23.7  23.9  23.9  24.0  23.9  23.9  24.0  24.4  24.4  24.9  29.7  31.1  30.8  29.8  27.1  27.2  26.5  26.8  25.8  26.2 
 24.8  23.8  24.4  24.2  24.2  23.7  24.3  24.1  24.1  23.8  24.1  23.7  24.1  23.8  24.1  23.9  23.9  23.8  24.2  24.2  25.3  28.5  45.1  47.4  44.5  39.1  30.7  28.9  28.0  26.8  26.9  26.1 
 24.1  24.3  24.2  24.5  23.9  24.0  23.9  24.3  23.8  24.1  24.0  24.0  24.0  23.9  24.0  24.1  23.8  24.0  24.0  24.4  31.9  44.6  70.2  73.5  69.7  60.5  36.1  33.0  29.0  28.7  27.1  27.5 
 24.9  24.1  24.4  24.4  24.3  23.9  24.5  24.1  24.0  23.7  24.0  23.8  24.1  23.8  24.1  24.1  24.0  23.6  24.3  24.4  34.5  48.8  74.8  77.3  71.6  61.5  37.0  33.2  29.9  28.4  27.8  27.5 
 24.3  25.0  24.5  24.6  24.2  24.3  24.2  24.5  24.1  24.0  23.9  24.1  23.8  24.1  24.0  24.2  24.0  24.2  24.0  24.8  33.3  42.6  64.9  67.9  58.7  50.2  34.3  32.5  29.0  28.7  27.4  28.1 
 24.7  24.5  24.8  24.7  24.6  24.1  24.5  24.2  24.2  24.0  24.3  24.1  24.0  24.0  24.1  24.0  24.3  23.7  24.6  24.9  31.4  36.1  51.8  53.8  47.0  41.9  32.9  31.2  29.0  28.2  27.9  28.0 
 24.4  24.7  24.4  24.8  24.2  24.5  24.0  24.6  24.0  24.0  24.1  24.3  24.0  24.2  24.0  24.3  24.0  24.2  24.5  25.5  27.1  28.7  32.9  34.2  33.4  32.8  30.4  30.0  27.9  27.8  28.1  29.4 
 24.9  24.6  24.9  24.4  24.6  24.0  24.7  24.4  24.1  23.9  24.4  24.2  24.2  23.9  24.1  24.0  24.2  23.8  25.0  25.4  26.2  26.7  29.9  30.7  31.4  30.8  29.9  29.3  28.0  27.0  29.6  30.0 
 25.4  25.4  24.8  24.9  24.4  24.3  24.4  24.4  23.9  24.3  24.3  24.4  24.1  24.1  23.9  24.5  24.1  24.3  25.0  25.3  25.4  25.8  27.4  28.3  28.6  28.7  28.4  28.5  27.7  27.9  29.9  32.1 
 26.4  25.6  25.1  24.8  24.5  24.2  24.8  24.4  24.5  24.0  24.2  24.3  24.3  23.9  24.3  24.1  24.2  23.9  25.1  25.0  25.6  25.4  27.0  27.6  28.0  27.7  28.1  27.9  28.3  28.1  30.6  31.9 
