 24.4  23.7  23.3  23.7  23.9  24.1  24.3  24.6  23.8  23.7  23.9  24.1  23.8  23.8  23.7  24.1  23.7  23.6  23.8  24.1  23.7  23.7  23.8  24.3  24.1  23.8  24.1  24.4  24.5  24.2  24.8  26.7 
 24.2  23.3  24.1  23.9  24.0  23.8  24.7  24.1  23.9  23.7  24.2  23.8  23.6  23.6  24.1  23.7  23.7  23.7  24.1  23.9  24.1  23.8  24.2  23.9  23.8  24.0  24.6  24.4  24.0  24.3  24.9  25.4 
 23.5  23.5  24.0  24.3  24.2  24.2  24.1  24.3  23.8  23.7  23.6  24.1  23.5  23.6  23.6  23.9  23.8  23.7  23.6  24.1  23.7  23.6  23.7  24.2  24.0  23.8  23.9  24.5  24.1  24.0  24.4  25.1 
 22.7  23.6  24.3  23.9  24.0  24.0  24.4  23.9  23.6  23.5  23.9  23.8  23.7  23.6  24.0  23.8  23.6  23.5  24.1  23.7  23.7  23.7  24.2  24.0  23.9  23.6  24.6  24.1  23.9  24.2  25.1  24.8 
 24.0  24.0  24.3  24.2  24.3  24.2  23.7  24.0  23.9  23.7  23.6  24.1  23.7  23.6  23.7  23.9  23.7  23.5  23.6  24.0  23.8  23.8  23.7  24.0  23.8  23.8  24.1  24.5  24.0  23.8  24.2  24.8 
 24.0  23.8  24.3  24.0  23.9  24.0  24.6  24.0  23.6  23.8  23.9  23.8  23.6  23.7  24.0  23.7  23.6  23.7  24.1  23.8  23.7  23.7  24.2  23.8  24.0  23.8  24.5  24.0  24.0  24.2  24.6  24.1 
 24.0  23.8  23.8  24.2  23.8  24.0  23.7  24.1  23.7  23.7  23.6  24.1  23.6  23.6  23.8  23.8  23.6  23.6  23.7  23.8  23.7  23.8  23.7  24.2  23.7  23.6  23.9  24.4  23.8  23.8  24.1  24.3 
 23.9  23.6  24.2  24.1  24.0  23.9  24.1  23.9  23.7  23.7  24.0  23.9  23.7  23.6  23.9  23.8  23.8  23.8  23.8  23.8  23.7  23.8  24.1  23.9  23.8  24.0  24.3  24.0  23.9  24.1  24.4  23.3 
 24.1  23.9  24.1  24.3  24.0  24.0  24.0  24.3  23.7  23.6  23.8  24.0  23.7  23.6  23.6  23.9  23.7  23.6  23.8  23.9  23.9  23.7  23.7  24.0  23.9  23.9  24.0  24.2  23.8  24.1  24.2  24.6 
 24.3  23.9  24.6  24.4  24.2  23.9  24.2  24.0  23.8  23.7  24.1  23.8  23.8  23.7  23.9  23.8  23.6  23.5  23.9  23.9  23.8  23.7  24.2  23.8  23.9  24.0  24.2  24.2  23.8  23.7  24.5  24.4 
 24.4  24.1  24.0  24.5  24.0  23.9  23.9  24.1  23.8  23.7  23.8  23.9  23.7  23.7  23.8  24.0  23.9  23.6  23.9  24.1  23.7  23.8  23.9  24.3  23.9  23.8  24.1  24.3  24.1  24.2  24.2  24.6 
 24.0  24.1  24.5  24.1  23.8  24.0  24.2  23.9  23.7  23.9  23.8  23.8  23.6  23.7  24.0  23.8  23.7  23.7  24.1  23.7  23.9  23.7  24.1 nan  23.8  23.8  24.3  24.2  24.2  23.9  24.6  24.8 
 24.2  24.0  24.1  24.7  24.0  23.8  23.7  24.2  23.5  23.6  23.9  24.1  23.9  23.5  23.8  24.1  23.8  23.7  24.0  24.0  23.8  23.7  24.0  24.3  24.1  23.9  24.4  24.6  24.5  24.3  24.9  25.2 
 24.2  24.3  24.3  24.2  24.1  24.0  24.3  23.9  23.7  23.6  24.0  23.8  23.8  23.7  24.1  23.7  23.7  23.8  24.0  24.0  23.9  23.8  24.4  24.1  24.3  24.2  24.8  24.7  24.9  24.7  25.5  25.1 
 24.3  24.0  24.2  24.7  24.1  23.9  23.9  24.2  23.8  23.8  23.7  24.2  23.6  23.7  23.8  23.9  23.9  23.8  23.9  24.3  24.3  24.7  29.6  31.0  30.7  29.7  27.3  27.2  26.4  26.3  26.0  26.3 
 24.3  24.0  24.6  24.3  23.8  23.9  24.1  23.9  23.9  23.6  24.2  23.8  23.8  23.7  24.1  24.0  23.8  23.8  24.3  24.1  25.1  28.5  45.2  47.3  44.4  39.1  30.8  28.9  27.4  26.8  27.0  26.3 
 24.3  24.2  24.1  24.4  23.9  23.9  24.0  24.3  23.9  23.7  23.6  23.9  23.9  23.7  23.8  23.9  23.9  23.8  24.0  24.5  31.8  44.4  70.3  73.5  69.7  60.4  36.1  32.8  28.9  28.1  27.2  27.3 
 24.1  24.3  24.5  24.3  23.9  23.7  24.6  24.3  24.1  23.7  23.9  23.8  23.8  23.8  24.0  23.9  23.9  23.8  24.2  24.4  34.4  48.7  75.1  77.5  71.6  61.5  37.0  33.3  29.2  28.5  27.5  26.9 
 24.6  24.6  24.2  24.8  24.5  24.0  24.2  24.4  23.9  23.9  24.0  24.2  23.9  23.9  23.8  24.1  23.9  23.8  24.2  24.7  33.3  42.5  64.8  68.0  59.0  49.9  34.2  32.5  29.5  28.2  27.5  28.3 
 24.7  24.4  24.9  24.5  24.3  24.0  24.5  24.3  23.8  23.8  24.2  23.9  23.9  23.8  24.4  24.1  23.9  23.8  24.6  24.9  31.1  36.3  52.0  53.9  46.8  41.9  33.0  31.3  28.6  28.6  28.2  28.1 
 24.9  24.3  24.4  25.0  24.1  24.2  24.0  24.6  24.1  23.9  24.1  24.3  23.9  23.9  23.9  24.2  23.9  24.1  24.4  25.3  27.1  28.6  32.8  34.2  33.5  32.4  30.5  29.9  27.8  27.4  28.2  29.6 
 24.8  24.7  25.0  24.5  24.1  23.9  24.6  24.2  23.9  24.0  24.3  24.1  24.0  23.7  24.3  24.0  24.1  23.9  24.9  25.2  26.1  26.6  29.9  30.6  31.1  30.7  30.0  29.0  27.6  27.5  29.2  29.6 
 25.3  24.7  24.7  25.2  24.4  24.2  24.2  24.5  24.0  24.1  23.9  24.4  24.0  23.9  24.1  24.5  24.0  24.3  24.9  25.5  25.5  25.6  27.4  28.4  28.6  28.8  28.2  28.5  27.6  27.6  29.8  32.8 
 25.6  25.2  25.2  24.9  24.4  24.6  24.7  24.3  24.0  24.1  24.6  24.3  24.0  23.8  24.2  24.2  23.9  24.3  25.3  24.8  25.3  25.6  27.3  27.4  27.8  27.8  28.5  27.9  27.6  28.0  32.6  32.2 
