 24.3  24.2  23.8  23.7  24.1  24.3  24.5  24.4  24.0  23.8  23.9  24.1  23.8  24.1  24.0  24.1  23.7  24.0  24.0  24.2  24.1  24.2  24.3  24.4  24.1  24.3  24.4  24.5  24.7  24.7  25.4  26.2 
 24.1  23.6  23.6  24.0  24.3  24.2  24.2  24.3  24.2  23.8  24.0  24.2  23.9  23.6  23.8  23.9  24.0  23.7  24.1  24.2  24.2  23.6  24.2  24.2  24.2  23.9  24.4  24.5  24.5  24.3  25.0  25.8 
 24.0  24.0  24.1  24.4  24.3  24.0  24.4  24.1  24.0  23.8  24.0  24.0  23.7  23.9  23.9  24.1  23.9  23.9  24.1  24.1  24.1  23.9  24.3  24.3  23.8  24.2  24.3  24.5  24.2  24.5  24.9  24.8 
 23.4  23.5  24.4  24.6  24.2  23.8  24.3  24.4  24.2  23.6  23.9  24.0  23.7  23.7  24.1  24.0  24.0  23.7  24.0  24.1  24.1  23.8  24.0  24.1  24.2  23.9  24.4  24.4  24.6  24.1  24.6  24.9 
 24.1  24.1  24.1  24.5  24.2  24.4  24.2  24.3  23.9  24.1  23.9  23.9  23.8  23.9  23.9  24.0  23.8  23.8  23.9  23.8  23.9  23.9  23.9  24.1  23.8  23.9  24.4  24.1  24.2  24.4  24.6  25.0 
 24.1  23.9  24.0  24.3  24.4  24.1  24.2  24.2  23.9  23.8  23.9  24.0  23.9  23.7  23.9  23.9  23.9  23.8  24.1  24.0  24.0  23.6  24.0  24.0  24.3  23.8  24.3  24.4  24.1  24.1  24.5  24.7 
 24.1  24.3  24.1  24.3  24.2  24.2  24.0  24.1  23.9  23.9  24.1  24.0  23.8  23.9  23.9  23.9  23.8  24.0  23.8  23.9  23.7  23.8  24.0  23.9  23.9  23.9  24.2  24.3  24.2  24.1  24.4  24.4 
 24.4  24.0  24.2  24.5  24.3  24.2  24.0  24.1  23.9  23.7  24.0  24.1  23.9  23.6  24.0  24.0  23.9  23.7  24.0  23.8  23.9  23.7  24.0  24.1  24.1  23.9  24.3  24.1  24.3  24.1  24.3  23.7 
 24.5  24.3  24.4  24.2  24.1  24.4  24.3  24.2  24.0  23.9  24.1  24.0  24.0  23.7  23.9  23.9  23.7  23.8  24.1  23.9  23.9  24.0  24.0  24.0  23.9  24.0  24.3  24.3  24.2  24.3  24.4  24.4 
 24.6  24.0  24.4  24.5  24.2  24.0  24.3  24.0  24.0  23.9  24.0  24.0  23.9  23.7  23.8  23.8  24.0  23.8  24.0  24.0  24.2  23.8  24.0  24.3  24.2  24.1  24.2  24.4  24.2  24.2  24.5  24.5 
 24.3  24.5  24.3  24.6  23.9  24.0  24.1  24.0  23.9  23.9  24.0  24.0  23.8  23.8  24.0  24.0  23.9  23.8  24.0  24.1  24.0  24.1  24.1  24.2  23.9  24.2  24.0  24.2  24.0  24.3  24.5  24.6 
 24.5  24.0  24.5  24.6  24.1  23.8  24.2  24.2  23.8  23.8  24.1  24.0  24.1  23.7  23.8  23.9  24.2  23.8  24.0  24.0  24.0  24.0  24.1 nan  24.2  23.9  24.3  24.3  24.5  24.0  24.9  24.9 
 24.6  24.3  24.6  24.4  24.1  24.2  24.2  24.1  23.8  23.9  24.0  23.9  23.9  23.8  24.0  24.0  24.0  23.8  24.1  24.0  24.0  23.9  24.3  24.3  24.1  24.3  24.7  24.5  24.6  24.5  25.1  25.2 
 24.3  24.1  24.5  24.6  24.5  24.1  24.1  24.2  24.0  23.7  24.1  24.1  24.1  23.8  23.9  24.0  24.0  23.7  24.1  24.1  24.1  23.9  24.4  24.4  24.6  24.2  24.7  24.8  25.0  25.0  25.3  25.6 
 24.3  24.6  24.3  24.5  24.2  24.1  24.4  24.2  24.2  24.0  24.0  24.1  23.8  24.0  24.1  24.0  24.0  23.9  24.2  24.3  24.5  24.9  29.6  31.1  30.9  29.9  27.6  27.2  26.4  26.5  26.5  26.4 
 24.8  24.1  24.7  24.4  24.4  23.9  24.1  24.1  24.0  23.8  23.9  23.9  24.0  23.9  23.9  24.0  24.0  23.9  24.2  24.2  25.4  28.7  45.0  47.3  44.7  39.2  30.9  29.1  27.6  27.1  26.6  26.6 
 24.6  24.6  24.5  24.5  24.3  24.2  24.2  24.3  24.0  24.1  24.1  24.0  24.0  23.9  23.9  24.0  23.9  24.0  24.1  24.4  32.0  44.6  70.4  73.4  69.9  60.7  36.2  32.9  29.0  28.4  27.4  27.2 
 24.4  24.1  24.5  24.4  24.1  24.2  24.3  24.4  24.2  23.9  24.1  24.1  23.9  24.0  24.1  24.3  24.1  23.9  24.3  24.5  34.6  48.9  75.0  77.7  71.8  61.6  37.2  33.5  29.6  28.6  27.6  27.5 
 24.7  24.5  24.8  24.6  24.4  24.4  24.5  24.5  24.1  24.0  24.3  24.2  23.9  24.1  24.1  24.3  24.1  24.1  24.5  24.6  33.4  42.6  65.0  68.0  59.0  50.1  34.7  32.3  29.3  28.7  27.8  28.1 
 24.8  24.6  24.8  24.7  24.6  24.2  24.6  24.3  24.1  24.0  24.1  24.1  24.0  23.9  24.2  24.2  24.1  23.8  24.5  25.0  31.3  36.5  51.9  54.1  47.1  41.9  32.9  31.5  29.3  28.5  27.9  28.4 
 24.8  24.9  25.0  25.0  24.4  24.3  24.3  24.6  24.3  24.1  24.1  24.3  23.9  24.1  24.1  24.2  24.1  24.1  24.7  25.3  27.1  28.8  33.2  34.2  33.7  32.8  30.6  30.0  27.9  28.3  28.6  29.4 
 25.2  25.0  25.1  24.9  24.6  24.2  24.5  24.4  24.4  24.1  24.3  24.2  24.1  23.9  24.1  24.3  24.2  23.9  24.9  25.3  26.3  26.9  30.1  30.8  31.3  31.1  29.9  29.4  27.7  27.6  29.1  30.3 
 26.0  25.5  24.6  25.3  24.7  24.3  24.7  24.5  24.5  24.3  24.3  24.4  24.1  24.1  24.3  24.3  24.2  24.2  25.3  25.2  25.5  25.9  27.6  28.3  28.7  28.7  28.7  28.5  27.9  28.3  31.0  32.1 
 26.7  25.6  24.8  25.1  24.7  24.4  24.7  24.6  24.4  24.1  24.5  24.4  24.2  24.0  24.4  24.2  24.2  24.2  25.3  24.9  25.4  25.5  27.2  27.6  28.2  27.9  28.1  28.0  28.3  28.3  31.5  31.8 
