 23.8  23.0  22.8  23.2  23.0  22.5  22.6  22.9  22.4  22.0  22.5  22.9  22.7  22.2  22.5  22.7  22.7  22.4  22.7  22.9  22.7  22.5  22.8  23.2  22.9  22.4  22.8  23.3  23.4  23.0  23.7  24.8 
 22.8  22.9  23.1  23.0  22.5  22.6  22.9  22.8  22.3  22.4  23.0  22.7  22.5  22.4  22.7  22.4  22.5  22.3  22.5  22.5  22.5  22.8  22.9  22.9  22.7  23.0  23.2  23.0  22.8  22.9  23.9  24.0 
 23.0  22.6  22.7  23.3  22.7  22.2  22.6  22.8  22.5  22.3  22.6  22.6  22.3  22.1  22.3  22.9  22.6  22.2  22.4  22.5  22.6  22.2  22.6  22.8  22.6  22.5  22.9  23.3  23.1  22.4  23.2  23.8 
 22.6  22.7  23.1  22.9  22.3  22.4  22.9  22.6  22.3  22.4  22.9  22.6  22.2  22.3  22.6  22.4  22.4  22.3  22.7  22.5  22.2  22.6  22.8  22.6  22.3  22.6  23.2  23.0  22.7  23.0  23.7  23.8 
 23.0  22.7  22.6  23.0  22.4  22.4  22.6  22.6  22.4  22.1  22.4  22.8  22.3  22.3  22.4  22.4  22.2  22.2  22.4  22.5  22.5  22.3  22.5  22.6  22.5  22.4  22.9  22.9  23.0  22.9  23.4  23.4 
 22.4  22.6  23.1  22.8  22.3  22.4  22.7  22.5  22.4  22.6  22.6  22.5  22.2  22.5  22.5  22.5  22.2  22.4  22.6  22.5  22.4  22.5  22.6  22.4  22.5  22.4  22.7  22.7  22.6  23.0  23.5  23.2 
 22.7  22.3  22.6  23.1  22.6  22.5  22.4  22.7  22.4  22.4  22.6  22.7  22.4  22.1  22.4  22.5  22.4  22.1  22.2  22.6  22.4  22.2  22.3  22.7  22.7  22.1  22.8  23.1  22.9  22.6  23.3  23.3 
 22.8  22.7  22.7  22.7  22.1  22.3  22.7  22.6  22.4  22.3  22.6  22.3  22.2  22.2  22.5  22.5  22.2  22.4  22.4  22.3  22.2  22.3  22.7  22.5  22.4  22.4  22.9  23.0  22.6  22.7  23.2  22.3 
 22.6  22.4  22.6  22.7  22.4  22.2  22.4  22.6  22.5  22.2  22.4  22.5  22.3  22.3  22.3  22.5  22.4  22.1  22.6  22.5  22.6  22.2  22.4  22.5  22.7  22.5  22.8  22.9  22.9  22.6  23.2  23.1 
 22.3  22.4  23.0  22.6  22.4  22.6  22.7  22.5  22.4  22.4  22.6  22.4  22.3  22.3  22.3  22.4  22.1  22.2  22.5  22.4  22.4  22.4  22.7  22.5  22.5  22.6  23.1  22.9  22.6  23.0  23.3  23.4 
 22.8  22.3  22.3  22.8  22.4  22.2  22.5  22.7  22.4  22.4  22.6  22.5  22.5  22.3  22.4  22.5  22.4  22.3  22.4  22.5  22.5  22.3  22.5  22.6  22.6  22.4  22.8  23.2  23.0  22.7  22.8  23.3 
 21.9  22.2  22.5  22.3  22.1  22.3  22.5  22.4  22.3  22.4  22.6  22.6  22.3  22.3  22.4  22.4  22.3  22.3  22.6  22.5  22.3  22.5  22.6 nan  22.4  22.4  22.9  22.9  22.7  22.8  23.3  23.2 
 22.5  22.2  22.4  22.7  22.6  22.3  22.7  22.7  22.5  22.4  22.4  22.7  22.5  22.3  22.6  22.7  22.6  22.3  22.3  22.5  22.4  22.2  22.6  22.8  22.6  22.5  22.9  23.0  23.0  22.6  23.0  23.2 
 22.2  22.7  22.9  22.6  22.4  22.5  22.8  22.7  22.5  22.4  22.6  22.6  22.2  22.3  22.6  22.4  22.2  22.3  22.5  22.5  22.4  22.5  22.7  22.5  22.6  22.5  23.1  22.8  22.8  23.0  23.2  23.1 
 22.8  22.5  22.6  23.1  22.7  22.4  22.6  22.8  22.8  22.4  22.6  22.8  22.5  22.5  22.4  22.8  22.5  22.3  22.5  22.7  22.4  22.2  22.6  22.8  22.7  22.5  22.8  23.0  23.0  22.6  23.3  23.7 
 22.7  22.7  23.0  22.8  22.5  22.5  22.8  22.7  22.4  22.5  22.8  22.4  22.2  22.5  22.5  22.5  22.3  22.4  22.7  22.7  22.4  22.5  22.9  22.9  22.6  22.6  22.9  22.9  22.9  22.6  23.4  23.2 
 22.8  22.6  22.8  23.1  22.9  22.5  22.5  23.0  22.6  22.5  22.5  22.7  22.6  22.3  22.5  22.5  22.5  22.3  22.6  22.8  22.7  22.3  23.0  22.9  22.9  22.6  22.9  23.4  22.9  22.9  23.4  23.6 
 22.6  22.8  22.8  22.9  22.6  22.6  22.8  22.6  22.6  22.6  22.9  22.6  22.4  22.5  22.5  22.7  22.3  22.5  22.8  22.9  22.5  22.7  22.9  22.8  22.5  22.5  23.4  23.1  23.0  23.1  23.7  23.5 
 23.6  22.6  23.1  23.2  23.0  22.6  22.7  22.9  22.7  22.4  22.6  22.6  22.4  22.4  22.8  22.8  22.7  22.3  22.5  22.9  22.7  22.4  22.8  23.1  22.9  22.7  23.0  23.3  23.4  22.9  23.3  24.0 
 22.9  23.2  23.2  23.2  22.7  22.5  22.9  22.6  22.5  22.7  22.9  22.6  22.6  22.6  22.8  22.6  22.6  22.6  22.9  22.7  22.5  22.6  22.9  22.9  22.4  22.8  23.1  23.3  22.7  23.4  24.1  24.1 
 23.3  22.6  23.1  23.4  23.1  22.7  22.9  23.2  23.0  22.5  22.7  22.9  22.9  22.5  22.7  22.9  22.7  22.4  22.6  22.9  22.7  22.5  23.0  23.2  23.0  22.4  23.0  23.5  23.1  22.9  23.9  24.5 
 23.1  23.2  23.5  23.2  22.8  22.8  23.2  23.0  22.5  22.7  22.8  22.9  22.4  22.6  22.8  22.9  22.5  22.6  22.9  22.8  22.7  22.8  23.2  22.9  22.6  23.0  23.2  23.2  23.0  23.0  24.4  24.6 
 24.7  23.2  23.6  23.0  23.2  22.7  23.1  23.2  23.0  22.7  22.9  23.1  22.7  22.5  22.6  22.9  22.8  22.3  22.9  23.1  23.0  22.3  23.0  23.2  23.0  22.9  23.4  23.5  23.8  23.1  24.7  26.2 
 23.7  24.3  24.0  23.4  23.0  23.2  23.3  23.0  22.9  22.9  22.9  23.1  22.7  22.6  22.8  22.7  22.6  22.9  23.1  22.8  22.6  22.9  23.2  23.3  22.8  23.0  23.5  23.6  23.4  24.1  26.6  26.1 
