 24.7  23.8  23.8  23.7  24.0  24.1  24.5  24.6  24.0  24.0  24.1  24.4  23.8  24.0  24.0  24.1  23.9  24.1  23.9  24.2  23.8  24.2  24.2  24.4  24.1  24.2  24.5  24.5  24.4  24.7  24.9  26.5 
 24.1  23.6  24.0  24.0  24.3  24.2  24.5  24.3  24.2  23.8  24.3  24.1  24.2  23.7  24.1  24.2  24.0  23.6  24.2  24.2  24.2  23.9  24.2  24.0  24.2  24.1  24.5  24.3  24.7  24.3  25.0  25.5 
 23.4  24.0  24.3  24.2  24.4  24.3  24.3  24.4  23.8  23.8  23.9  24.1  23.7  23.8  24.1  24.1  23.8  23.9  23.9  24.1  23.8  24.0  23.9  24.3  23.8  24.2  24.6  24.5  24.1  24.5  24.7  25.0 
 23.0  23.5  24.2  24.2  24.3  24.0  24.2  24.3  24.1  23.7  24.3  24.0  23.9  23.8  23.9  23.9  23.9  23.9  24.1  23.9  23.8  23.9  24.3  24.2  24.0  23.9  24.6  24.5  24.3  24.1  24.8  24.9 
 24.1  24.1  24.1  24.5  24.5  24.6  24.2  24.4  23.9  24.0  23.9  24.0  23.8  23.8  23.9  23.9  23.7  23.7  24.0  24.1  24.0  23.8  24.0  24.1  24.0  24.3  24.3  24.5  24.1  24.2  24.6  24.8 
 24.1  23.9  24.3  24.3  24.2  24.1  24.4  24.4  24.1  23.8  24.1  24.1  23.9  23.7  24.0  24.0  23.9  23.6  23.9  24.0  24.0  23.7  24.2  24.0  24.3  23.8  24.2  24.2  24.4  24.1  25.0  24.7 
 23.9  23.9  24.1  24.5  24.2  24.2  23.9  24.3  23.7  23.9  24.0  24.1  23.8  23.8  23.9  23.9  23.7  23.9  24.0  24.0  23.9  23.9  24.0  24.3  23.9  24.0  24.3  24.5  23.9  23.9  24.2  24.4 
 24.4  23.7  24.1  24.4  24.4  24.2  24.3  24.1  23.9  23.7  24.2  24.0  23.9  23.7  24.0  24.0  24.0  23.8  24.1  24.1  23.9  23.8  24.2  23.9  24.1  23.7  24.1  24.2  24.0  23.9  24.5  23.4 
 24.1  24.0  24.3  24.5  23.9  24.0  24.1  24.2  23.9  24.0  24.0  24.2  23.7  23.8  23.9  24.0  23.8  23.9  24.1  24.0  23.9  23.9  24.1  24.0  24.0  24.0  24.2  24.4  24.2  24.2  24.3  24.7 
 24.4  24.5  24.6  24.5  24.1  24.0  24.1  24.1  23.9  24.0  24.2  24.1  24.0  23.7  24.0  23.9  23.9  23.8  24.1  24.0  24.0  23.9  24.1  24.0  24.1  23.9  24.4  24.5  24.3  24.1  24.6  24.7 
 24.5  24.4  24.4  24.6  24.1  24.1  24.1  24.2  23.7  23.9  23.9  24.1  23.7  23.9  24.0  24.0  23.9  24.0  23.9  24.2  23.9  23.9  24.1  24.2  23.9  24.3  24.3  24.3  24.2  24.1  24.3  24.6 
 24.6  24.0  24.5  24.4  24.1  24.1  24.2  24.0  24.0  23.6  24.1  24.1  24.0  23.9  23.9  23.9  24.0  23.8  24.1  24.1  24.1  23.8  24.3 nan  24.0  24.0  24.2  24.3  24.4  24.1  24.6  24.7 
 24.4  24.3  24.5  24.5  23.9  24.1  24.2  24.4  23.8  23.9  23.9  24.0  23.7  23.9  24.1  24.1  23.9  23.9  24.1  24.2  24.0  23.9  24.2  24.4  24.2  24.3  24.7  24.7  24.4  24.7  24.8  25.3 
 24.5  24.5  24.4  24.2  24.3  23.9  24.2  24.2  24.0  23.7  24.1  24.1  24.1  23.8  24.1  23.9  24.0  23.7  24.2  24.2  24.0  23.9  24.5  24.4  24.4  24.4  24.9  24.8  25.1  25.0  25.6  25.2 
 24.3  24.6  24.4  24.5  24.3  24.2  24.0  24.1  23.9  23.8  24.1  24.1  23.9  23.9  23.9  24.1  23.9  23.9  24.1  24.2  24.4  24.7  29.8  31.2  30.8  29.9  27.5  27.3  26.9  26.5  26.3  26.4 
 24.4  24.1  24.5  24.3  24.5  24.0  24.2  24.2  24.1  23.9  24.2  24.1  24.1  24.0  24.1  24.0  24.0  23.7  24.3  24.2  25.2  28.7  45.3  47.5  44.6  39.2  30.8  29.3  27.5  27.1  27.1  26.4 
 24.6  24.5  24.4  24.5  24.2  24.1  24.2  24.3  24.0  24.0  24.0  24.2  23.9  24.0  24.0  24.2  24.0  23.8  24.1  24.3  32.0  44.5  70.3  73.4  69.7  60.6  36.2  33.0  28.9  28.4  27.4  27.7 
 24.4  24.1  24.6  24.5  24.1  23.8  24.4  24.3  24.1  23.9  24.2  24.0  24.2  23.9  24.2  24.2  24.1  24.0  24.5  24.4  34.6  48.7  74.9  77.5  71.7  61.5  37.0  33.2  29.6  28.4  27.8  27.3 
 24.7  24.7  24.6  24.8  24.4  24.2  24.3  24.5  24.0  24.1  24.1  24.2  23.9  24.0  24.1  24.4  24.1  24.1  24.3  25.0  33.4  42.6  64.9  67.9  58.9  50.2  34.8  32.6  29.4  28.7  27.8  27.9 
 24.7  24.6  24.8  24.9  24.6  24.2  24.6  24.2  24.3  23.9  24.5  24.0  24.0  24.0  24.3  24.1  24.0  24.1  24.6  25.0  31.6  36.2  52.0  54.0  47.0  41.8  33.0  31.3  28.8  28.4  28.1  28.6 
 24.8  24.7  25.0  25.1  24.2  24.3  24.3  24.6  24.1  24.1  24.3  24.4  24.1  24.1  24.1  24.3  24.0  24.1  24.7  25.5  27.2  28.6  33.0  34.2  33.6  32.9  30.8  30.0  28.2  27.9  28.1  29.2 
 24.9  25.0  24.9  24.9  24.6  24.3  24.7  24.4  24.4  24.0  24.4  24.3  24.2  24.0  24.4  24.2  24.2  24.0  24.9  25.5  26.2  26.7  29.9  30.8  31.3  31.1  30.2  29.4  28.0  27.6  29.6  30.3 
 25.7  25.2  25.0  25.1  24.4  24.2  24.6  24.6  24.2  24.3  24.4  24.6  24.1  24.2  24.3  24.3  24.0  24.3  25.0  25.4  25.4  25.8  27.4  28.4  28.7  28.7  28.7  28.5  27.7  27.9  31.0  32.5 
 26.4  25.3  25.2  25.0  24.7  24.2  24.7  24.8  24.2  24.1  24.7  24.6  24.3  23.9  24.5  24.3  24.2  24.1  25.1  25.2  25.4  25.5  27.3  27.6  28.0  27.9  28.3  28.2  28.3  28.3  31.9  32.8 
