 24.2  23.7  23.3  23.5  23.9  23.8  24.1  24.0  23.9  23.9  23.9  24.0  23.7  23.8  23.7  24.1  23.8  23.8  23.9  24.0  23.6  23.7  24.3  24.3  24.0  23.8  24.1  24.2  24.3  24.2  25.0  26.0 
 24.2  23.3  23.9  23.9  24.0  23.8  24.1  24.2  23.8  23.5  24.0  24.1  23.9  23.5  23.8  23.8  23.8  23.4  23.9  23.8  24.3  23.4  24.2  24.2  24.1  24.0  24.1  24.0  24.2  24.0  25.1  25.4 
 23.0  23.5  23.9  24.1  24.0  24.2  23.9  23.9  23.8  23.8  23.8  23.9  23.6  23.8  23.8  23.8  23.6  23.7  24.0  23.9  23.9  23.8  23.7  24.2  23.7  23.9  24.0  24.3  24.1  24.2  24.2  24.5 
 23.3  23.2  23.8  24.1  24.2  23.7  24.1  24.3  24.0  23.5  23.9  23.8  23.6  23.4  23.9  24.0  23.8  23.5  24.0  23.9  23.6  23.9  23.9  24.0  24.0  23.8  24.2  24.3  23.9  24.2  24.7  24.8 
 23.8  24.0  24.1  24.1  24.0  24.2  24.1  24.3  23.8  23.8  23.7  24.0  23.8  23.6  23.7  23.8  23.6  23.7  23.9  23.8  23.7  23.7  23.6  23.9  23.8  23.9  24.2  24.1  24.0  24.1  24.2  24.8 
 24.0  23.6  23.9  24.0  24.1  23.7  23.9  23.9  23.7  23.5  23.8  23.8  23.6  23.5  23.8  23.7  23.8  23.5  23.7  23.9  23.9  23.5  23.9  23.9  23.8  23.6  24.0  24.3  24.1  23.9  24.4  24.3 
 23.9  24.0  23.8  24.2  23.9  23.9  23.9  23.9  23.8  23.6  23.8  23.9  23.7  23.7  23.6  23.7  23.6  23.6  23.8  23.8  23.6  23.9  23.8  23.9  23.6  23.8  24.1  24.3  23.7  23.8  24.1  24.1 
 23.9  23.8  24.1  24.1  24.0  24.0  24.2  24.0  24.0  23.6  23.9  23.9  23.6  23.5  23.8  23.9  23.7  23.5  23.7  23.8  23.8  23.7  24.0  23.8  23.9  23.5  24.3  24.3  23.9  23.7  24.2  23.6 
 24.3  24.1  24.2  24.1  23.9  23.9  24.2  24.1  23.7  23.7  23.7  23.8  23.7  23.8  23.7  23.9  23.8  23.8  23.8  23.8  23.8  23.7  23.8  23.8  24.0  23.8  24.1  24.0  23.7  23.9  24.0  24.3 
 24.3  23.9  24.6  24.3  24.2  23.9  23.9  24.0  23.7  23.7  23.9  24.1  23.8  23.6  23.6  23.7  23.7  23.7  24.0  23.9  23.8  23.8  24.0  24.0  24.2  23.8  24.1  24.1  24.0  23.9  24.5  24.4 
 24.2  24.4  24.0  24.3  23.9  23.8  24.0  24.0  23.6  23.8  23.9  23.9  23.7  23.7  23.7  23.8  23.6  23.7  23.9  23.8  23.7  23.8  24.1  23.9  23.8  24.0  24.1  24.2  24.0  24.1  24.4  24.5 
 24.0  23.8  24.2  24.1  24.0  23.9  23.9  24.0  23.8  23.7  23.9  23.9  23.8  23.7  23.6  23.9  23.8  23.7  23.9  24.0  23.9  23.7  24.1 nan  24.0  23.8  24.0  24.3  24.2  23.9  24.3  24.6 
 24.2  23.9  24.1  24.4  23.7  24.2  24.0  24.0  23.6  23.7  23.9  23.9  23.6  23.5  23.7  24.0  23.8  23.9  24.1  23.9  23.8  23.9  24.1  24.1  24.0  24.1  24.4  24.3  24.5  24.4  25.0  25.2 
 24.2  24.0  24.4  24.4  24.2  23.7  23.8  24.0  23.8  23.4  23.9  24.0  23.8  23.7  23.9  23.9  23.9  23.6  23.9  24.2  23.9  23.8  24.2  24.3  24.5  24.2  24.6  24.8  25.0  24.5  25.2  25.1 
 24.2  24.3  24.3  24.5  23.9  24.2  24.0  24.0  23.7  23.7  23.8  24.1  23.9  23.8  23.9  23.9  23.8  23.9  24.1  24.2  24.2  24.7  29.6  31.1  30.7  29.8  27.4  27.1  26.2  26.4  26.2  26.3 
 24.6  24.0  24.3  24.4  24.1  23.8  24.1  24.1  23.9  23.5  24.0  24.0  23.9  23.7  23.8  24.0  23.7  23.7  24.0  24.2  25.1  28.6  45.0  47.3  44.4  39.0  30.7  29.1  27.5  26.8  26.7  26.5 
 24.3  24.7  24.4  24.1  24.1  24.0  24.1  24.1  23.8  23.9  23.8  23.9  23.9  23.8  23.8  23.8  23.8  23.7  24.1  24.3  31.8  44.4  70.3  73.4  69.6  60.6  36.3  32.6  28.8  28.3  27.2  26.9 
 24.4  24.2  24.2  24.5  24.1  24.0  24.3  24.2  24.0  23.7  23.9  23.9  23.9  23.7  23.9  23.9  23.9  23.6  24.3  24.4  34.4  48.7  75.0  77.5  71.6  61.4  36.9  33.2  29.4  28.4  27.3  27.4 
 24.2  24.4  24.4  24.6  24.1  24.1  24.4  24.4  24.2  23.8  24.0  24.0  23.8  24.0  24.1  24.2  24.0  24.1  24.2  24.5  33.2  42.5  65.0  68.0  58.9  50.1  34.6  32.1  29.2  28.6  27.7  27.8 
 24.5  24.4  24.3  24.6  24.4  23.9  24.4  24.2  24.2  23.9  23.9  24.1  23.9  23.7  24.0  24.0  24.1  23.7  24.4  24.8  31.3  36.2  51.8  53.9  46.8  41.8  32.7  31.3  28.7  28.0  28.0  27.9 
 24.9  24.8  24.6  24.9  24.1  24.4  24.2  24.3  24.0  24.1  24.1  24.2  23.8  23.9  24.2  24.2  23.8  23.8  24.2  25.2  27.1  28.6  33.0  34.1  33.6  32.4  30.5  30.0  27.9  27.8  28.2  29.3 
 25.0  24.5  24.6  24.7  24.4  23.6  24.3  24.3  24.1  24.0  24.1  24.1  23.8  23.7  24.0  24.2  24.3  23.7  24.9  25.3  26.1  26.6  29.8  30.5  31.2  30.7  29.5  29.6  27.7  27.2  29.2  30.5 
 25.3  25.3  24.8  25.2  24.6  24.3  24.5  24.2  24.0  24.2  24.1  24.3  24.2  24.0  24.1  24.3  24.1  24.0  25.1  25.0  25.0  25.5  27.4  28.3  28.6  28.6  28.6  28.2  27.2  27.8  30.9  31.5 
 25.9  25.0  25.0  24.7  24.6  24.1  24.6  24.5  24.1  23.9  24.4  24.2  24.1  23.9  24.2  24.1  24.4  24.1  25.1  25.1  25.3  25.3  27.0  27.6  27.9  27.6  28.0  28.1  27.6  28.2  31.3  33.1 
