 23.9  23.7  24.1  23.9  23.2  23.0  22.9  22.9  22.8  22.8  22.9  23.0  22.9  22.8  22.8  22.8  22.6  22.7  22.9  23.1  22.6  23.0  23.2  23.8  27.3  27.6  28.5  28.5  28.8  28.1  29.7  30.5 
 23.8  23.5  24.0  23.8  23.3  22.8  22.9  23.3  22.9  22.5  23.1  23.1  22.7  22.6  23.0  22.8  22.6  22.4  23.0  23.0  22.8  22.6  23.0  23.8  26.6  27.4  28.3  28.9  28.7  28.7  30.2  30.6 
 23.6  23.0  23.9  23.5  23.0  23.0  23.1  23.2  22.7  22.8  22.9  22.9  22.5  22.7  22.9  22.7  22.7  22.8  22.8  23.0  22.8  23.0  22.9  23.3  25.4  26.0  28.8  28.3  29.1  29.4  29.9  29.8 
 23.3  23.2  23.5  23.7  23.0  22.5  23.2  23.1  22.8  22.7  23.0  22.9  22.6  22.5  22.8  22.9  22.9  22.7  22.9  23.0  22.9  22.6  23.1  23.0  24.3  26.0  28.3  28.9  29.3  29.0  29.3  29.9 
 23.2  23.5  23.4  23.5  22.9  22.7  23.2  23.0  23.3  23.2  23.1  22.9  22.6  22.7  22.8  22.8  22.6  22.7  23.0  22.9  22.8  22.7  23.1  23.2  23.5  23.7  27.1  26.9  28.3  28.2  29.5  29.4 
 23.4  23.0  23.3  23.3  22.9  22.9  23.2  23.4  23.8  23.7  23.1  22.9  22.6  22.5  22.7  22.8  22.7  22.6  22.8  22.9  22.7  22.6  23.2  23.0  23.3  23.0  24.0  25.7  27.8  28.6  29.7  30.1 
 23.4  23.2  23.4  23.4  22.9  23.1  23.3  23.3  25.4  26.9  24.2  23.4  22.7  22.6  22.8  22.8  22.6  22.8  22.8  22.9  22.7  23.0  23.1  23.1  23.1  23.2  24.6  25.4  28.7  29.3  29.6  29.5 
 23.6  22.9  23.4  23.4  23.1  22.7  23.4  23.6  26.3  27.7  24.6  23.4  22.7  22.5  22.7  22.8  22.8  22.6  22.9  22.8  22.7  22.6  23.2  23.1  23.1  23.0  25.4  27.1  29.7  30.6  31.0  29.5 
 23.9  23.3  23.4  23.4  22.8  23.0  23.2  23.4  23.5  23.6  23.2  23.0  22.6  22.7  22.7  22.9  22.6  22.9  23.0  23.0  22.8  22.9  23.1  23.1  23.8  24.5  27.5  28.0  30.0  30.6  31.5  31.6 
 23.9  23.3  23.4  23.5  23.0  22.6  23.1  23.2  23.1  23.0  23.0  23.1  22.7  22.7  22.7  22.8  22.7  22.6  22.9  22.9  23.0  22.7  23.2  23.2  23.7  25.1  28.0  29.5  30.3  30.8  32.0  32.1 
 23.8  23.7  23.8  24.0  23.4  23.4  23.2  23.2  22.9  23.1  22.9  22.9  22.7  22.7  22.9  22.9  22.7  22.7  22.9  23.0  22.8  22.9  23.1  23.0  23.8  24.5  28.4  29.2  31.0  31.2  32.1  31.8 
 23.9  23.6  24.2  24.2  24.2  24.0  23.4  23.4  23.1  22.9  23.0  22.9  22.8  22.5  22.8  22.8  22.8  22.6  22.8  22.9  22.8  22.8  23.0 nan  23.5  24.5  28.0  29.4  30.7  30.8  32.3  32.2 
 24.4  24.4  25.3  25.6  26.2  26.5  29.0  29.4  27.3  26.1  23.3  23.1  22.7  22.6  23.0  22.8  22.8  22.9  22.9  22.8  22.7  22.8  23.0  23.2  23.3  23.7  29.0  29.9  30.3  30.7  32.0  31.6 
 24.7  24.4  25.8  26.4  27.9  28.4  36.7  42.1  44.7  38.6  24.0  23.3  22.7  22.7  23.0  22.8  22.9  22.6  22.8  23.0  22.7  22.5  23.0  23.2  23.3  23.3  27.3  29.4  30.0  30.3  31.0  31.4 
 25.3  25.5  26.8  27.2  29.9  33.0  51.7  60.2  70.7  67.1  33.7  25.6  22.9  22.8  22.8  22.9  22.7  22.7  22.9  22.9  22.8  22.9  23.2  23.1  22.9  23.1  24.0  24.5  25.7  25.9  29.3  29.0 
 25.4  25.3  26.8  27.5  30.4  33.2  52.4  61.1  76.1  75.4  38.2  26.4  23.0  22.9  22.9  22.9  22.8  22.8  22.8  22.9  22.9  22.6  23.0  23.1  22.9  22.9  23.7  23.9  24.2  24.5  26.3  26.8 
 25.5  26.0  27.1  27.3  29.7  32.2  46.0  55.6  78.5  78.2  33.5  25.4  23.1  23.0  22.9  23.0  22.7  22.7  23.0  23.1  22.8  22.9  23.2  23.0  23.0  23.1  23.3  23.7  23.4  23.7  24.6  24.5 
 25.8  25.2  26.7  27.0  28.9  30.1  39.1  45.4  61.2  58.2  27.7  24.3  23.1  22.9  22.9  23.1  22.9  22.9  23.2  23.1  23.0  22.8  23.3  23.4  23.2  22.9  23.5  23.6  23.3  23.6  24.4  24.4 
 25.8  25.7  26.7  27.0  27.2  27.7  29.6  31.1  32.2  30.5  24.5  23.5  22.9  23.2  23.2  23.2  22.9  23.1  23.1  23.1  22.9  22.9  23.3  23.4  23.1  23.1  23.8  23.5  23.5  23.8  24.5  24.5 
 25.6  25.7  26.4  26.6  26.7  26.6  27.9  28.3  28.3  27.1  23.9  23.6  23.1  23.0  23.2  23.1  23.1  22.9  23.2  23.1  22.9  22.8  23.3  23.4  23.2  23.0  23.5  23.6  23.6  23.3  24.4  25.3 
 25.5  25.6  26.0  25.9  25.9  25.8  26.3  26.3  25.9  25.3  24.0  23.7  23.2  23.1  23.3  23.4  23.0  23.1  23.2  23.1  22.7  23.2  23.4  23.3  23.4  23.3  23.8  23.7  23.7  24.1  25.0  25.5 
 25.8  25.2  25.8  25.9  25.7  25.4  25.9  25.7  25.1  24.6  24.1  23.8  23.4  23.0  23.2  23.3  23.2  22.9  23.3  23.3  23.2  22.9  23.4  23.7  23.2  23.3  23.7  23.9  24.2  24.4  25.6  26.8 
 26.6  26.2  25.9  25.8  25.3  25.5  25.4  25.0  24.6  24.4  24.0  24.0  23.5  23.4  23.5  23.2  23.1  23.0  23.3  23.4  23.2  23.3  23.6  23.9  23.4  23.7  24.4  25.0  25.1  25.2  26.6  27.5 
 27.1  26.0  25.6  26.1  25.3  25.0  24.8  25.1  24.5  23.9  23.9  23.8  23.5  23.1  23.4  23.4  23.4  23.0  23.5  23.5  23.6  23.0  23.8  24.1  24.0  23.9  25.3  25.7  25.2  25.4  27.4  28.4 
