 23.9  23.2  24.0  23.5  22.9  22.6  23.0  22.9  22.7  22.6  23.0  23.0  22.5  22.4  23.1  22.9  22.5  22.3  23.1  22.9  22.6  22.5  23.2  23.2  23.0  22.7  23.6  24.1  23.7  23.3  24.7  24.9 
 23.5  23.2  23.3  24.0  23.0  22.8  23.2  23.2  22.6  22.6  23.0  23.0  22.4  22.6  22.8  23.1  22.6  22.3  23.0  22.9  22.6  22.4  22.9  23.0  22.8  22.8  23.5  24.8  23.8  23.4  24.2  25.1 
 23.3  23.1  23.7  23.5  22.9  22.4  23.2  22.9  22.6  22.5  22.9  22.9  22.6  22.5  22.9  22.8  22.5  22.6  22.9  22.8  22.7  22.5  23.0  22.8  22.9  23.0  23.5  23.4  22.9  22.8  23.8  24.0 
 23.0  23.2  23.5  23.7  22.5  22.6  23.1  23.2  22.7  22.6  23.1  23.1  22.6  22.4  22.7  22.9  22.6  22.3  22.8  22.8  22.6  22.5  22.9  23.1  22.6  22.8  23.3  23.5  22.9  23.0  23.8  24.4 
 23.5  23.0  23.5  23.1  22.6  22.7  23.2  23.3  23.1  23.2  23.1  23.0  22.6  22.5  22.9  22.7  22.5  22.5  22.7  22.7  22.3  22.7  23.2  23.0  22.5  22.8  23.4  23.1  23.0  22.9  23.7  23.7 
 23.2  23.2  23.2  23.6  22.6  22.5  23.2  23.5  23.7  23.9  23.4  23.1  22.4  22.5  22.7  22.9  22.6  22.3  22.7  22.7  22.7  22.6  23.1  23.1  23.0  22.5  23.2  23.1  23.0  23.2  23.7  23.7 
 22.9  23.0  23.6  23.1  22.8  22.7  23.6  23.5  25.3  26.6  24.4  23.4  22.7  22.6  22.7  22.8  22.6  22.6  22.8  22.9  22.6  22.5  23.1  23.0  22.8  22.6  23.4  23.1  23.1  22.7  23.8  23.7 
 23.1  23.2  23.0  23.7  22.9  22.9  23.4  23.8  25.8  27.1  24.7  23.4  22.7  22.6  22.7  22.8  22.5  22.5  22.7  22.9  22.7  22.6  23.0  22.9  22.8  22.6  23.1  23.2  22.8  23.0  23.1  23.0 
 23.8  23.3  23.6  23.3  23.0  22.6  23.3  23.2  23.4  23.6  23.4  22.9  22.5  22.6  22.9  22.8  22.5  22.5  22.9  22.9  22.7  22.5  23.0  22.9  22.7  22.9  23.2  23.2  22.9  23.0  23.5  23.3 
 23.7  23.4  23.7  23.6  23.2  22.8  23.2  23.2  22.9  23.0  22.9  23.2  22.4  22.7  22.7  22.8  22.7  22.5  22.8  23.0  22.6  22.6  22.9  23.0  22.7  22.8  23.2  23.4  23.3  22.6  23.7  23.8 
 24.0  24.0  24.4  24.1  23.8  23.6  23.7  23.4  23.0  22.9  22.9  23.0  22.6  22.5  22.9  22.8  22.9  22.6  22.9  22.8  22.7  22.6  22.9  23.0  22.6  22.6  23.7  24.0  23.7  23.3  23.4  23.7 
 23.8  23.8  24.1  24.4  24.6  24.8  24.2  24.0  23.0  22.9  23.1  23.1  22.7  22.6  22.7  22.8  22.7  22.7  22.8  22.9  22.7  22.5  22.8 nan  22.7  22.5  24.4  25.3  24.0  23.3  23.4  23.9 
 24.4  24.7  25.7  26.1  26.9  27.6  32.8  34.7  32.9  29.4  23.6  23.3  22.8  22.8  22.9  22.9  22.7  22.6  22.9  22.8  22.6  22.6  22.9  22.9  22.7  22.7  24.1  24.9  23.7  23.2  23.7  23.6 
 24.7  24.4  25.9  26.8  28.5  30.3  41.4  48.8  53.4  47.4  24.8  23.5  22.8  22.8  22.9  23.1  22.7  22.6  22.9  23.1  22.7  22.5  23.0  23.0  23.0  22.9  23.4  23.7  23.4  23.2  23.5  23.4 
 25.2  25.4  27.0  27.5  30.7  33.8  54.9  63.1  74.7  71.4  35.2  25.7  22.8  22.7  23.0  22.9  22.8  22.6  23.2  23.1  22.7  22.6  23.0  23.0  22.7  22.5  23.2  23.3  22.9  23.2  23.8  24.0 
 25.4  25.2  27.0  27.9  31.0  34.0  53.5  62.6  78.5  79.4  37.7  26.3  23.0  22.6  22.7  22.9  22.6  22.6  22.9  23.1  22.8  22.5  23.0  23.0  22.7  22.7  23.2  23.4  22.9  23.2  23.7  23.9 
 25.3  25.6  27.0  27.3  29.7  31.9  44.4  53.4  73.4  70.7  30.6  24.6  22.9  22.6  23.1  23.0  22.6  22.5  23.1  22.8  22.8  22.7  22.9  23.0  22.8  22.7  23.3  23.2  23.0  22.9  23.9  24.1 
 25.5  25.4  26.5  27.2  28.7  29.7  37.1  42.4  54.5  50.1  26.2  24.1  22.7  22.8  23.0  22.9  22.7  22.5  23.0  23.0  22.8  22.6  22.8  23.1  22.9  22.7  23.2  23.3  23.3  22.9  24.1  24.2 
 25.3  25.2  26.9  26.7  26.7  27.0  29.0  29.7  29.9  28.2  24.1  23.5  22.8  22.8  23.1  23.2  22.9  22.7  23.0  23.1  22.7  22.7  23.3  23.3  22.9  22.9  23.8  23.6  23.4  23.1  23.9  24.4 
 25.1  25.7  26.1  26.7  26.2  26.3  27.4  27.8  27.2  26.3  23.8  23.6  22.9  22.9  23.0  23.0  22.9  22.6  23.1  23.1  22.7  22.7  23.0  23.2  23.0  22.9  23.4  23.4  23.1  23.4  24.2  24.5 
 25.4  25.2  26.0  26.1  25.7  25.6  26.1  26.0  25.4  24.6  23.8  23.6  23.1  22.8  23.3  23.2  22.8  22.9  23.4  23.1  22.9  22.8  23.3  23.1  23.2  23.0  23.5  23.9  23.6  24.1  25.6  26.1 
 25.5  25.2  25.8  25.9  25.2  25.5  25.6  25.6  24.8  24.3  23.7  23.8  22.9  22.7  23.1  23.4  22.9  22.6  23.1  23.4  22.9  22.8  23.2  23.6  22.9  23.0  23.4  24.1  24.5  24.7  26.0  26.9 
 26.3  25.8  25.6  25.8  25.1  24.5  25.4  25.2  24.4  24.0  23.7  23.7  23.3  23.1  23.4  23.5  23.2  22.9  23.6  23.3  23.2  23.0  23.5  23.7  23.4  23.6  25.8  25.8  26.1  25.9  27.6  27.3 
 26.6  25.9  25.6  25.7  25.0  24.7  24.9  25.1  24.2  23.9  23.6  23.8  23.2  23.3  23.5  23.3  23.1  23.0  23.5  23.6  23.0  23.0  23.8  24.0  24.4  24.4  26.4  27.0  26.1  25.8  27.7  28.2 
