 24.1  23.5  23.2  23.5  23.2  23.0  22.7  22.9  22.9  22.9  22.8  23.1  22.7  22.6  22.6  22.7  22.5  22.8  22.9  22.9  22.6  22.7  22.6  23.2  23.0  22.9  23.3  23.9  23.7  23.8  24.1  25.2 
 23.8  22.8  23.6  23.5  23.3  22.8  23.0  22.9  22.9  22.6  23.1  23.0  22.6  22.6  22.9  22.7  22.7  22.5  22.9  22.7  22.8  22.5  23.1  23.1  22.9  22.8  23.7  24.5  23.9  23.5  24.2  24.0 
 23.3  23.4  23.4  23.3  23.0  22.7  22.9  23.0  22.9  22.6  22.9  22.9  22.7  22.7  22.8  22.9  22.6  22.6  22.7  22.6  22.7  22.8  22.8  23.0  23.0  22.8  23.2  23.4  23.2  23.2  23.4  23.3 
 23.7  23.1  23.6  23.2  22.9  22.7  23.3  23.0  23.3  22.8  23.1  22.9  22.6  22.3  22.8  22.6  22.7  22.5  22.9  22.6  22.7  22.5  22.9  22.7  22.7  22.6  23.2  23.1  23.4  22.8  23.7  23.6 
 23.3  23.3  23.0  23.5  22.9  22.9  23.0  23.0  23.2  23.4  22.9  23.1  22.8  22.5  22.8  22.8  22.6  22.6  22.5  22.7  22.6  22.7  22.7  23.0  22.9  22.8  23.1  23.2  22.7  23.0  23.2  23.7 
 23.5  23.1  23.3  23.0  22.8  22.8  23.2  23.0  23.7  24.0  23.4  22.9  22.8  22.7  22.8  22.7  22.7  22.4  22.8  22.6  22.8  22.4  22.8  22.6  23.1  22.7  22.9  23.1  23.3  22.9  23.6  23.1 
 23.3  23.2  23.0  23.3  22.8  22.8  23.1  23.4  25.4  26.8  24.2  23.4  22.6  22.7  22.5  22.7  22.6  22.7  22.7  22.7  22.7  22.7  22.9  23.1  22.8  22.9  22.9  23.3  23.1  23.1  23.2  23.3 
 23.6  23.1  23.1  23.0  22.9  22.7  23.2  23.5  25.9  27.3  24.7  23.0  22.7  22.6  22.7  22.5  22.8  22.5  22.7  22.8  22.7  22.6  23.0  22.7  22.8  22.7  23.3  23.1  23.2  22.8  23.2  22.5 
 23.4  23.5  23.3  23.4  23.0  23.0  23.3  23.3  23.3  23.5  23.1  22.9  22.8  22.7  22.6  22.9  22.7  22.8  22.7  22.7  22.6  22.9  22.8  22.9  22.7  22.8  22.9  23.1  23.0  23.1  23.2  23.3 
 23.6  23.4  23.5  23.4  23.3  23.1  23.1  23.1  23.2  23.0  23.0  22.9  22.5  22.5  22.7  22.7  22.7  22.7  22.8  22.7  22.8  22.7  22.9  22.7  22.9  22.9  23.2  23.3  23.2  23.0  23.8  23.2 
 24.0  24.1  24.1  24.2  23.9  23.8  23.2  23.4  23.0  22.9  22.8  23.0  22.6  22.8  22.7  22.8  22.7  22.8  22.8  22.8  22.7  22.7  22.9  23.0  22.5  22.8  23.5  23.8  23.8  23.5  23.4  23.6 
 24.2  23.8  24.7  24.2  24.7  24.4  24.3  23.6  23.1  23.0  23.1  22.9  22.9  22.6  22.7  22.7  22.8  22.7  22.8  22.7  22.7  22.6  22.9 nan  22.8  22.7  24.7  25.2  24.2  23.3  23.6  23.4 
 24.4  24.6  25.3  26.0  27.2  27.9  32.6  35.0  33.0  29.4  23.3  23.2  22.7  22.7  22.8  22.8  22.7  22.8  22.8  22.7  22.7  22.5  22.7  23.0  22.9  22.8  24.1  24.9  23.7  23.4  23.2  23.7 
 24.8  24.8  26.1  26.5  28.7  30.1  41.6  48.8  53.5  47.3  24.8  23.6  22.8  22.6  23.0  22.9  22.8  22.6  23.0  22.8  22.7  22.5  23.0  22.9  22.8  22.8  23.4  23.5  23.6  23.2  23.4  23.4 
 25.5  25.7  26.7  27.6  30.7  33.8  54.5  63.2  74.7  71.4  34.9  25.9  23.1  22.8  22.8  23.0  22.9  22.7  22.9  22.9  22.8  22.7  22.9  22.8  22.8  23.0  23.0  23.0  23.0  23.5  23.5  23.5 
 25.5  25.2  27.1  27.6  31.0  34.1  53.4  62.6  78.6  79.4  37.7  26.1  23.0  22.7  22.9  22.6  22.7  22.6  22.9  22.7  22.7  22.8  23.0  22.9  22.9  22.6  23.2  23.0  23.2  23.0  23.5  23.5 
 25.6  25.7  26.7  27.2  29.9  31.8  44.4  53.3  73.5  70.9  30.4  24.6  22.9  22.9  22.8  22.8  22.8  22.7  22.7  22.8  22.9  22.5  22.8  23.0  23.1  22.9  23.0  23.2  23.0  23.3  23.7  23.6 
 25.6  25.2  26.6  26.7  29.0  29.7  37.1  42.1  54.6  50.2  26.2  23.8  23.0  22.7  22.9  23.0  22.8  22.5  22.9  22.8  22.8  22.7  22.9  22.9  23.1  22.8  23.3  23.1  23.4  23.0  23.7  23.8 
 25.2  25.7  26.3  26.8  26.9  27.3  28.9  29.8  30.1  28.4  23.8  23.5  22.9  22.8  23.0  23.0  23.0  22.9  22.9  23.1  22.9  22.9  23.0  23.0  22.9  23.0  22.9  23.6  23.2  23.2  23.4  24.0 
 25.4  25.4  26.5  25.9  26.5  26.3  27.4  27.7  27.3  26.4  23.9  23.3  23.1  22.8  23.2  22.8  23.0  22.7  23.1  23.0  22.8  22.7  23.0  23.1  22.9  22.9  23.1  23.1  23.6  23.4  24.3  24.1 
 25.6  25.7  25.8  25.9  25.8  25.7  25.9  25.9  25.4  24.8  23.7  23.6  23.1  23.0  22.9  23.1  22.8  22.9  22.9  23.2  22.8  22.8  23.0  23.2  23.2  23.1  23.2  23.6  23.9  24.2  24.9  25.5 
 25.7  25.5  25.9  25.7  25.5  25.2  25.6  25.5  24.8  24.2  23.9  23.4  23.1  22.9  22.9  23.2  23.0  22.8  23.2  23.1  23.1  23.0  23.3  23.3  23.0  23.0  23.7  23.8  25.0  24.7  25.9  25.9 
 26.2  26.2  25.4  25.4  25.4  25.0  25.2  24.8  24.4  24.1  23.5  23.6  23.2  23.3  22.9  23.2  23.0  23.0  23.2  23.4  23.3  23.1  23.4  23.5  23.4  23.7  25.3  25.9  26.1  26.2  26.5  27.3 
 27.1  26.1  25.7  25.3  25.1  24.7  24.9  24.7  24.0  23.8  23.8  23.7  23.5  23.1  23.3  23.2  23.1  23.0  23.2  23.2  23.5  23.3  23.7  23.7  24.6  24.6  26.4  26.6  26.5  26.3  27.2  27.2 
