 24.4  23.4  23.4  23.5  23.9  23.6  24.0  24.1  23.8  23.9  24.1  24.1  23.9  23.8  24.0  24.0  24.0  23.8  24.0  24.1  23.8  24.0  24.0  24.1  24.2  23.9  24.3  24.5  24.3  24.7  25.1  26.1 
 24.1  23.6  23.8  24.2  24.2  24.0  24.3  24.2  23.9  23.8  24.1  24.2  23.7  23.8  24.0  24.0  23.9  23.7  24.1  24.1  24.0  24.0  24.3  24.4  24.0  24.2  24.5  24.3  24.5  24.4  25.2  25.5 
 23.8  23.4  23.9  24.3  24.4  23.8  24.3  24.2  23.6  23.9  23.8  24.0  24.0  23.8  24.0  24.1  23.9  23.7  24.0  24.1  23.9  23.9  24.1  24.1  24.2  23.9  24.2  24.4  24.0  24.3  24.3  25.2 
 23.5  23.7  24.2  24.1  24.0  23.9  24.3  24.0  23.9  23.6  24.1  23.9  23.9  23.6  24.0  23.9  23.9  23.8  24.0  23.9  23.8  23.8  24.2  24.0  24.1  23.7  24.4  24.5  24.0  24.2  24.6  24.7 
 24.0  24.0  24.2  24.3  24.1  24.2  24.0  24.1  23.9  23.7  23.7  23.9  24.0  23.8  23.9  23.9  23.7  23.8  23.8  24.0  23.8  23.9  24.0  24.0  24.0  24.0  24.1  24.2  23.9  23.9  24.1  24.4 
 23.7  24.0  24.3  23.9  24.1  24.3  24.4  24.2  23.9  23.8  23.9  23.8  23.8  23.7  23.9  23.8  24.0  23.7  23.9  23.8  23.9  23.6  24.1  24.0  24.0  23.9  24.2  24.2  24.1  24.0  24.7  24.5 
 23.9  23.9  24.1  24.3  24.1  24.1  24.0  24.2  23.8  23.8  24.0  24.0  23.9  23.9  23.7  23.9  23.7  23.7  23.8  23.9  23.9  24.0  23.9  24.1  24.1  23.7  24.3  24.4  23.9  24.0  24.2  24.4 
 23.9  23.8  24.2  24.3  24.2  24.2  24.2  24.0  23.8  23.7  24.0  23.9  23.8  23.8  23.9  23.8  23.8  23.7  23.9  24.1  23.8  23.8  24.0  24.0  23.9  23.7  24.2  24.3  24.0  23.9  24.4  23.5 
 24.2  24.0  24.3  24.5  24.1  24.2  24.0  24.1  23.8  23.9  23.9  24.0  23.8  23.8  23.9  24.0  23.9  23.9  23.9  24.0  23.9  23.9  23.8  24.0  23.9  23.8  23.9  24.4  24.3  24.1  23.8  24.4 
 24.2  23.9  24.4  24.3  24.4  23.8  24.2  24.2  23.9  23.7  23.9  24.0  23.8  23.7  24.0  23.8  23.9  23.7  24.0  24.0  23.9  23.6  24.1  24.0  24.0  24.1  24.4  24.2  24.2  23.9  24.3  24.6 
 24.6  24.3  24.2  24.3  24.1  24.0  24.1  24.3  23.8  23.9  23.7  24.0  23.7  23.8  23.8  24.0  23.8  23.8  23.9  24.0  23.9  23.9  24.2  24.2  24.1  23.9  24.0  24.3  24.2  24.2  24.4  24.5 
 24.4  24.2  24.5  24.3  24.1  23.9  24.1  24.2  23.9  23.7  24.0  23.9  23.8  23.7  23.9  24.1  23.9  23.7  24.0  24.1  23.9  23.9  24.1 nan  24.0  23.8  24.3  24.5  24.2  23.9  24.5  24.7 
 24.4  24.1  24.2  24.5  24.0  24.1  24.1  24.2  23.8  23.9  24.1  24.0  23.8  23.7  23.9  24.1  23.9  23.8  24.0  24.0  24.0  23.8  24.2  24.3  24.4  24.2  24.4  24.5  24.1  24.4  25.1  25.3 
 24.3  24.2  24.5  24.4  24.2  23.9  24.2  24.0  23.9  23.7  24.0  24.1  24.1  23.8  24.0  24.0  24.0  23.6  24.3  24.1  23.9  23.9  24.4  24.4  24.3  24.3  24.8  24.7  25.1  24.7  25.4  25.4 
 24.4  24.3  24.1  24.6  24.2  24.2  24.1  24.2  23.9  23.7  23.8  24.1  23.8  23.7  23.9  24.2  23.8  23.9  24.2  24.1  24.4  24.8  29.7  31.1  30.7  30.0  27.5  27.2  26.8  26.6  26.1  26.0 
 24.2  24.0  24.6  24.4  24.0  23.8  24.2  24.1  24.0  23.8  24.1  24.0  24.0  23.9  24.0  24.0  24.0  23.8  24.2  24.3  25.2  28.8  45.1  47.5  44.6  39.2  30.7  29.2  27.4  27.0  26.7  26.4 
 24.4  24.1  24.3  24.2  24.1  24.2  24.1  24.4  24.1  24.0  24.0  24.1  23.9  23.9  24.0  24.0  24.0  23.9  24.0  24.4  32.1  44.4  70.3  73.5  69.8  60.6  36.2  32.8  28.7  28.4  27.1  27.2 
 24.4  24.4  24.5  24.6  24.2  23.9  24.4  24.2  24.0  23.8  23.9  24.0  24.1  23.9  24.2  24.1  23.9  24.0  24.4  24.4  34.5  48.8  74.9  77.5  71.6  61.6  36.9  33.3  29.6  28.3  27.9  27.4 
 24.6  24.5  24.6  24.6  24.4  24.3  24.4  24.6  24.0  23.9  24.0  24.1  23.8  23.9  24.1  24.2  24.2  24.2  24.3  24.7  33.5  42.5  64.9  67.9  59.1  50.0  34.6  32.3  29.2  28.4  27.8  27.7 
 24.6  24.4  24.7  24.5  24.5  24.1  24.5  24.4  24.1  23.8  24.1  24.0  24.1  23.7  24.1  24.2  24.0  23.8  24.5  24.9  31.4  36.3  51.9  54.0  47.1  41.9  33.0  31.2  28.8  28.0  28.1  28.2 
 25.2  24.7  24.7  24.9  24.5  24.2  24.2  24.5  24.2  24.0  24.0  24.3  23.9  24.0  24.2  24.3  24.1  24.0  24.5  25.3  27.4  28.5  32.9  34.1  33.7  32.6  30.6  30.1  28.0  27.7  28.3  29.1 
 25.1  25.1  24.9  24.6  24.4  24.3  24.4  24.4  24.1  24.0  24.2  24.2  23.9  23.8  24.3  24.4  24.3  23.9  25.0  25.7  26.4  26.8  29.8  30.8  31.3  30.9  29.8  29.2  27.8  27.8  29.3  29.9 
 25.4  25.6  25.1  24.7  24.6  24.3  24.6  24.6  24.6  24.3  24.3  24.5  24.2  24.0  24.2  24.3  24.4  24.1  25.4  25.3  25.2  25.8  27.4  28.2  28.8  28.4  28.7  28.4  27.7  27.5  30.6  31.2 
 26.3  25.6  24.9  25.1  24.7  24.2  24.7  24.5  24.3  24.1  24.2  24.3  24.1  23.9  24.4  24.2  24.2  24.2  25.2  25.0  25.3  25.2  27.4  27.7  27.7  28.0  28.1  28.2  28.3  28.3  32.2  32.3 
