 23.8  23.8  23.4  23.3  23.6  24.1  24.2  24.1  23.7  24.0  24.0  24.1  23.7  23.7  23.9  24.1  23.9  23.6  23.9  24.0  23.9  24.2  24.2  24.1  23.9  23.7  24.0  24.5  24.2  24.5  24.9  26.1 
 24.3  23.4  23.6  23.9  24.2  23.9  24.2  24.5  23.9  23.7  24.1  24.2  23.9  23.7  23.9  23.9  23.9  23.6  23.9  24.2  24.3  23.6  24.0  24.2  24.2  23.9  24.5  24.3  24.5  23.9  25.0  25.8 
 23.6  23.6  23.8  24.2  24.1  24.1  24.0  24.1  23.8  23.9  23.8  24.0  23.7  23.7  23.8  23.9  23.8  23.9  23.8  23.9  23.7  23.8  23.9  24.1  24.1  24.2  24.3  24.3  23.9  24.5  24.5  24.6 
 23.2  23.3  23.7  24.2  24.3  24.0  24.3  23.9  24.0  23.5  24.0  24.0  23.7  23.6  23.8  23.7  24.1  23.6  23.9  23.8  23.9  23.8  23.8  23.9  24.1  23.7  24.3  24.2  24.0  23.8  24.8  24.7 
 23.7  24.1  23.9  24.3  24.2  24.3  24.1  24.1  23.8  24.0  23.8  24.0  23.5  23.8  23.8  23.7  23.8  23.8  23.8  23.8  23.9  23.8  23.8  24.0  23.9  24.0  24.2  24.0  24.1  24.2  24.3  24.6 
 23.9  23.7  24.1  24.1  24.2  24.1  24.2  24.1  23.7  23.7  23.9  23.9  23.7  23.7  23.9  23.9  23.8  23.8  23.9  23.8  23.9  23.6  23.7  24.0  24.1  23.7  23.8  24.2  24.2  24.1  24.4  24.4 
 23.9  24.1  24.0  24.0  24.3  24.4  24.1  24.2  23.8  23.9  23.8  24.1  23.7  23.6  23.8  23.9  23.7  23.9  23.9  23.9  23.6  23.9  23.8  24.0  23.8  23.9  24.1  24.3  23.9  23.9  24.1  24.4 
 24.4  23.8  24.0  24.4  24.1  24.1  24.2  24.1  24.1  23.6  23.8  23.9  23.8  23.6  23.9  24.0  23.9  23.8  23.8  23.9  23.8  23.8  24.1  23.9  23.9  23.7  24.2  24.0  24.3  23.9  24.1  23.6 
 24.1  24.2  24.3  24.2  24.0  24.1  24.1  24.2  23.8  23.7  24.1  24.0  23.8  23.7  23.7  24.0  23.7  23.7  23.9  23.9  23.8  24.0  23.9  23.9  24.0  23.9  24.2  24.0  24.0  24.2  24.3  24.5 
 24.4  24.0  24.3  24.3  24.2  23.9  24.1  24.1  23.8  23.7  23.8  24.1  23.8  23.6  23.9  23.8  23.9  23.7  23.9  23.9  24.0  23.8  23.9  23.8  24.0  23.9  24.3  24.3  24.5  23.9  24.4  24.5 
 24.1  24.4  24.4  24.2  23.9  24.3  24.0  23.9  23.7  23.9  23.8  23.9  23.7  23.8  23.9  23.9  23.6  23.8  23.9  24.1  23.9  24.0  24.1  24.0  23.8  24.0  24.1  24.3  23.9  24.1  24.6  24.6 
 24.6  23.9  24.3  24.2  24.0  23.8  23.9  24.1  23.8  23.8  24.0  23.9  24.0  23.8  23.9  23.9  24.0  23.7  24.1  24.0  23.9  23.8  24.1 nan  23.9  23.8  24.0  24.1  24.3  24.0  24.6  24.5 
 24.4  24.0  24.3  24.5  23.9  24.1  24.1  24.2  23.8  23.9  23.9  24.0  24.0  23.8  24.0  24.1  23.8  24.0  24.1  23.9  23.8  24.0  24.1  24.3  24.0  24.2  24.3  24.4  24.4  24.4  24.9  24.8 
 24.6  24.2  24.5  24.3  24.2  24.0  24.2  24.0  23.8  23.7  24.0  23.9  23.8  23.9  24.2  23.9  23.9  23.7  24.1  24.0  24.1  23.8  24.3  24.3  24.5  24.2  24.8  24.7  25.1  24.7  25.3  25.1 
 24.0  24.1  24.4  24.4  24.1  24.1  24.1  23.9  23.8  23.8  23.9  24.0  23.7  23.9  23.9  24.0  23.9  23.8  24.0  24.2  24.3  24.8  29.7  31.0  30.7  29.8  27.1  27.2  26.3  26.2  26.0  26.2 
 24.5  24.1  24.5  24.1  24.1  23.8  24.3  24.2  23.9  23.7  24.1  24.0  24.1  23.8  23.8  24.0  24.0  23.7  24.1  24.2  25.2  28.8  45.0  47.5  44.5  39.0  30.7  29.1  27.7  27.1  26.8  26.6 
 24.3  24.5  24.2  24.5  24.3  24.0  24.2  24.3  24.0  24.1  24.0  24.1  23.7  23.8  24.0  23.8  23.9  23.8  24.0  24.2  31.8  44.5  70.4  73.5  69.8  60.7  36.2  32.6  28.6  28.5  27.3  27.0 
 24.7  24.3  24.5  24.4  24.3  24.1  24.2  24.3  24.2  23.9  23.9  24.0  24.0  23.7  24.1  24.0  23.9  23.7  24.3  24.2  34.4  48.6  75.0  77.6  71.7  61.6  36.9  33.1  29.5  28.5  27.8  27.3 
 24.7  24.5  24.6  24.7  24.4  24.3  24.2  24.5  24.0  23.9  24.0  24.1  23.8  24.1  24.1  24.2  24.0  24.1  24.3  24.7  33.3  42.5  65.0  67.9  59.1  50.0  34.4  32.4  29.1  28.6  27.3  28.1 
 24.8  24.6  24.5  24.7  24.4  24.1  24.5  24.3  24.0  23.9  24.0  24.2  23.9  23.8  24.1  24.2  24.0  23.9  24.5  24.9  31.4  36.2  51.7  54.0  47.0  41.9  32.9  31.4  28.8  28.1  27.5  28.0 
 24.8  24.9  25.0  24.8  24.2  24.5  24.3  24.3  24.1  24.1  24.1  24.2  23.7  24.1  24.1  24.2  24.0  24.0  24.3  25.6  27.1  28.7  32.9  34.3  33.6  32.6  30.8  30.0  27.7  27.9  28.1  29.1 
 25.1  24.8  24.7  24.8  24.5  24.3  24.2  24.5  24.1  24.0  24.2  24.1  24.1  24.0  24.2  24.1  24.2  23.6  24.7  25.5  26.3  26.7  29.9  30.7  31.2  30.9  29.9  29.3  27.7  27.6  29.1  30.2 
 25.7  25.4  24.4  24.9  24.5  24.5  24.4  24.4  24.3  24.3  24.2  24.5  24.1  24.1  24.2  24.2  24.3  24.2  24.9  25.1  25.4  25.8  27.3  28.2  28.4  28.7  28.3  28.3  27.5  28.1  30.3  31.6 
 25.4  24.8  24.9  25.1  24.8  24.4  24.7  24.4  24.5  24.2  24.2  24.5  24.2  23.9  24.1  24.3  24.2  24.0  25.2  24.9  25.2  25.4  27.3  27.4  28.0  27.9  27.8  28.0  27.7  28.1  31.0  32.3 
