 24.3  23.6  23.6  23.5  24.1  23.8  24.1  24.3  24.0  23.8  24.0  24.2  23.8  23.7  23.9  24.1  23.8  23.8  24.1  24.1  23.8  23.9  24.2  24.5  23.9  23.9  24.7  24.7  24.6  24.1  25.3  26.1 
 23.9  23.7  23.8  23.9  24.2  24.0  24.3  24.5  24.0  23.8  24.1  24.1  23.8  23.9  24.0  24.1  23.8  23.9  24.1  24.0  24.1  23.7  24.2  24.2  24.2  24.4  24.3  24.2  24.1  24.1  25.0  25.4 
 23.9  23.4  24.2  24.3  24.1  23.8  24.0  24.1  23.8  23.7  24.1  23.9  23.9  23.7  24.0  23.9  23.8  23.8  23.9  24.1  23.8  23.9  24.0  24.1  24.3  24.2  24.3  24.3  24.3  24.1  24.7  24.8 
 23.4  23.7  24.2  24.2  24.0  24.0  24.2  24.0  24.1  23.7  24.0  23.8  23.7  23.5  24.0  24.1  23.9  23.8  24.1  23.9  24.0  23.9  24.1  23.9  23.8  23.9  24.4  24.2  24.3  24.1  24.8  24.9 
 24.3  24.2  24.1  24.2  24.4  24.2  24.2  24.1  24.1  24.0  23.8  23.9  24.0  23.8  24.1  24.0  23.7  23.8  23.9  24.0  23.8  23.7  24.0  24.0  23.8  23.9  24.3  24.3  24.1  24.2  24.5  24.6 
 24.1  23.8  24.1  24.3  24.1  24.1  24.2  24.0  23.7  23.7  24.0  23.7  23.7  23.8  23.9  23.7  23.9  23.6  23.8  23.9  23.9  23.5  24.1  24.0  24.1  23.9  24.0  24.2  24.1  24.3  24.5  24.6 
 24.1  23.9  24.1  24.0  24.1  24.1  24.1  23.9  23.9  23.8  23.9  23.9  23.8  23.8  23.8  23.9  23.7  23.9  23.8  24.0  23.9  23.7  24.0  24.2  23.8  23.7  24.0  24.5  24.1  24.0  24.4  24.4 
 24.2  24.0  23.9  24.2  24.2  23.9  24.1  24.0  23.9  23.7  24.1  23.8  23.8  23.7  23.8  23.8  23.9  23.6  24.1  23.9  23.8  23.7  24.2  24.0  23.9  23.9  24.1  24.4  24.0  24.1  24.0  23.6 
 24.4  24.0  24.3  24.3  24.0  24.2  24.2  24.1  23.7  23.8  23.9  23.9  23.8  23.7  23.9  23.9  23.9  23.8  23.9  24.0  23.9  24.0  23.9  24.0  24.0  24.0  24.0  24.2  24.4  24.0  24.1  24.0 
 24.4  24.2  24.4  24.7  24.2  24.2  24.3  24.1  23.9  23.7  24.0  24.1  23.8  23.8  23.9  23.9  23.7  23.8  23.9  24.1  23.8  23.8  24.1  24.0  24.0  24.0  24.2  24.3  23.9  23.8  24.6  24.5 
 24.3  24.4  24.4  24.3  24.1  23.9  23.9  24.1  23.9  23.8  23.9  24.0  23.9  23.7  23.9  23.9  23.8  23.9  23.9  24.0  24.0  23.9  24.1  24.1  24.1  23.8  24.2  24.1  24.2  24.0  24.3  24.7 
 24.1  24.5  24.3  24.4  23.8  23.8  24.1  24.2  23.7  23.6  24.0  23.9  23.8  23.8  24.0  23.8  23.9  23.8  24.0  24.0  24.0  23.9  24.2 nan  24.1  24.0  24.1  24.5  24.4  24.1  24.7  24.7 
 24.4  24.0  24.3  24.4  24.1  23.8  24.1  24.2  23.8  23.8  24.0  24.0  23.8  23.9  23.9  24.1  24.0  23.9  24.1  24.0  23.9  24.0  24.1  24.4  24.4  24.2  24.4  24.4  24.7  24.4  25.0  24.8 
 24.4  24.4  24.4  24.6  24.1  24.1  24.2  24.2  23.8  23.9  24.0  24.0  23.9  23.9  24.0  24.0  23.8  23.9  24.0  24.1  24.1  24.2  24.3  24.4  24.5  24.3  24.7  25.0  25.1  24.8  25.3  25.3 
 24.4  24.3  24.5  24.6  24.4  24.1  24.2  23.9  23.9  23.7  23.8  24.1  23.9  23.8  23.9  24.1  24.0  23.8  24.0  24.2  24.4  24.9  29.5  31.0  30.8  29.8  27.4  27.3  26.3  26.2  26.0  25.9 
 24.5  24.1  24.3  24.6  24.2  23.9  24.1  24.3  23.9  23.8  24.1  24.0  23.8  23.9  23.9  24.1  24.0  23.9  24.2  24.2  25.2  28.7  45.0  47.5  44.5  39.2  30.7  29.2  27.6  27.3  27.1  26.8 
 24.6  24.2  24.5  24.4  24.1  24.0  24.1  24.4  24.0  23.9  23.9  24.2  23.9  23.8  23.9  23.8  23.9  23.9  24.2  24.4  32.1  44.5  70.2  73.5  69.8  60.5  36.1  32.6  28.9  28.4  27.5  27.2 
 24.5  24.3  24.5  24.5  24.1  23.8  24.3  24.2  24.0  23.8  24.1  24.0  24.1  23.8  24.1  24.2  23.8  23.8  24.5  24.5  34.4  48.7  75.0  77.6  71.6  61.6  37.0  33.2  29.4  28.5  27.6  27.3 
 24.9  24.5  24.8  24.7  24.2  24.3  24.4  24.5  24.0  23.9  24.1  24.4  24.0  24.0  24.1  24.4  24.2  24.3  24.2  24.6  33.4  42.4  64.9  67.9  59.0  50.3  34.7  32.4  29.4  28.4  27.8  28.1 
 24.6  24.7  24.5  24.7  24.5  24.3  24.4  24.3  23.9  24.0  24.0  24.2  23.9  23.8  24.1  24.1  24.2  23.9  24.6  25.0  31.5  36.4  51.9  53.9  47.0  41.8  32.9  31.5  28.8  28.4  28.1  28.2 
 24.7  24.7  24.9  24.9  24.4  24.3  24.6  24.2  24.3  24.1  24.2  24.2  24.0  23.8  24.1  24.3  24.1  24.1  24.5  25.5  27.2  28.5  33.0  34.2  33.6  32.5  30.5  30.0  28.2  27.6  28.4  29.1 
 25.3  25.0  24.7  24.8  24.5  24.5  24.4  24.4  24.1  24.0  24.2  24.4  23.9  23.9  24.1  24.2  24.3  24.0  24.9  25.4  26.3  26.7  30.1  30.9  31.2  30.9  29.9  29.4  27.8  27.7  29.1  30.4 
 26.1  25.2  24.8  25.1  24.5  24.4  24.4  24.4  24.2  24.2  24.3  24.6  24.3  23.8  24.3  24.3  24.3  24.0  25.3  25.3  25.6  25.5  27.7  28.4  28.6  28.7  28.4  28.3  27.7  27.9  30.5  31.6 
 25.7  25.7  24.8  25.2  24.7  24.6  24.7  24.6  24.3  24.4  24.3  24.4  24.0  23.9  24.4  24.2  24.2  24.2  25.2  25.1  25.2  25.8  27.1  27.4  28.0  27.7  28.1  28.2  27.9  28.6  32.3  33.1 
