 24.1  23.5  23.6  23.5  23.6  23.9  24.2  24.3  23.6  23.8  24.2  24.0  23.7  23.5  23.7  24.1  23.8  23.7  24.0  24.0  23.7  23.9  23.9  24.4  23.8  23.7  24.2  24.5  24.0  24.0  25.5  26.0 
 24.1  23.3  23.8  23.5  23.8  24.0  24.4  24.3  24.0  23.6  24.1  23.9  23.7  23.5  24.1  23.8  23.8  23.6  24.0  23.8  23.9  23.5  24.2  24.0  24.0  23.8  24.2  24.3  24.2  24.3  25.5  25.6 
 23.7  23.7  23.7  24.2  24.1  23.7  24.1  24.0  23.5  23.8  23.8  23.9  23.3  23.6  23.9  24.0  23.8  23.7  23.9  24.0  23.7  23.7  24.0  24.0  23.9  24.0  24.3  24.2  24.1  24.3  24.5  24.9 
 23.2  23.0  23.9  24.3  24.0  23.7  24.3  23.9  23.9  23.4  24.3  23.9  23.8  23.6  23.8  23.8  23.8  23.6  23.9  23.8  23.9  23.5  24.1  24.1  24.0  23.7  24.4  24.2  24.0  24.1  24.7  24.7 
 23.9  23.9  23.9  23.9  24.1  24.2  24.0  24.1  23.6  23.8  23.8  23.8  23.7  23.5  23.7  23.8  23.4  23.6  23.8  23.9  23.7  23.8  23.9  23.9  23.8  23.8  24.0  24.0  23.9  23.8  24.5  24.8 
 23.8  23.4  24.2  24.0  24.1  24.0  24.2  24.0  23.9  23.8  23.9  23.6  23.6  23.7  24.0  23.8  23.7  23.6  23.9  23.9  23.8  23.6  23.9  23.9  23.9  23.8  24.0  24.1  24.1  24.0  24.9  24.4 
 23.6  24.0  24.1  24.3  23.9  23.9  24.0  24.0  23.7  23.5  23.8  23.9  23.7  23.8  23.6  24.0  23.6  23.8  23.8  23.9  23.7  23.8  23.8  24.1  23.6  23.8  24.1  24.3  23.8  23.9  24.3  24.1 
 23.9  23.7  24.2  24.2  24.0  24.0  24.3  24.0  23.8  23.5  24.0  23.8  23.8  23.6  23.9  23.8  23.8  23.6  23.8  23.8  23.8  23.7  24.0  23.9  23.9  23.7  23.9  24.0  24.2  23.8  24.2  23.6 
 23.9  24.0  24.1  24.2  23.9  23.8  23.9  24.1  23.5  23.7  24.0  23.9  23.8  23.7  23.8  23.9  23.7  23.7  24.0  23.9  23.7  23.7  24.0  24.0  23.7  23.8  24.2  24.1  24.0  23.6  24.1  24.2 
 24.4  24.2  24.3  24.2  24.1  23.7  24.3  24.0  24.0  23.5  23.9  23.9  23.7  23.5  23.8  23.7  23.7  23.6  23.9  24.0  23.9  23.6  23.9  23.9  23.9  23.6  24.4  24.4  24.0  23.9  24.5  24.5 
 24.0  24.2  24.4  24.2  23.8  23.9  23.9  24.1  23.7  23.7  23.9  24.0  23.6  23.7  23.9  24.0  23.7  23.7  23.9  24.0  23.8  23.8  23.9  24.0  23.9  23.8  23.9  24.1  24.1  24.1  24.5  24.4 
 24.1  23.9  24.2  24.3  23.7  23.9  24.1  24.1  23.7  23.6  24.0  23.9  23.8  23.6  23.9  23.8  23.7  23.7  23.8  24.0  23.9  23.9  24.1 nan  23.9  23.7  24.2  24.3  24.1  24.1  24.4  24.7 
 24.3  24.0  24.2  24.2  23.9  23.9  23.9  24.0  23.7  23.9  24.0  24.0  23.7  23.8  23.8  24.0  23.8  23.7  23.9  23.9  23.8  23.9  24.0  24.3  23.9  24.2  24.4  24.3  24.1  24.5  24.8  25.0 
 24.5  24.2  24.5  24.3  24.0  23.9  24.3  23.8  23.7  23.6  24.1  23.9  23.9  23.8  24.0  24.0  23.9  23.8  24.0  24.2  24.0  23.9  24.2  24.3  24.2  24.1  24.8  24.8  24.9  24.7  25.2  25.3 
 24.1  24.3  24.4  24.5  24.1  24.0  24.2  24.3  24.0  23.7  23.8  24.1  23.7  23.6  23.8  23.9  23.8  23.8  24.2  24.2  24.4  24.7  29.6  31.0  30.7  29.7  27.3  27.3  26.2  26.2  26.1  26.3 
 24.4  23.9  24.5  24.3  24.1  23.8  24.2  23.9  23.9  23.7  24.0  24.0  23.8  23.8  24.0  24.0  23.9  23.7  24.2  24.1  25.1  28.5  45.2  47.4  44.5  39.2  30.8  29.1  27.6  26.9  26.8  26.6 
 24.1  24.3  24.3  24.2  23.9  23.8  24.2  24.3  23.8  23.7  23.9  24.0  23.8  23.8  24.0  23.9  23.8  23.8  24.1  24.3  31.8  44.5  70.2  73.3  69.7  60.5  36.1  33.0  28.9  28.0  27.3  27.2 
 24.4  24.1  24.5  24.4  24.0  23.9  24.4  24.2  23.9  23.9  24.1  23.9  23.9  23.8  24.2  24.0  23.7  23.7  24.3  24.3  34.4  48.6  74.7  77.3  71.4  61.6  37.0  33.1  29.6  28.5  27.8  27.5 
 24.5  24.2  24.6  24.6  24.1  24.2  24.2  24.5  24.0  23.9  24.0  24.0  23.8  23.9  24.1  24.2  24.0  24.0  24.1  24.7  33.2  42.4  64.8  67.7  58.8  50.0  34.6  32.2  29.1  28.3  27.3  27.6 
 24.7  24.5  24.7  24.8  24.2  23.8  24.5  24.2  24.0  23.8  24.0  24.0  23.9  23.9  24.2  24.0  24.0  23.9  24.6  25.0  31.2  36.2  51.8  53.9  46.9  41.8  32.9  31.4  28.4  28.5  28.1  28.0 
 24.7  24.6  24.7  24.8  24.1  24.1  24.2  24.3  24.2  24.0  24.0  24.2  23.8  24.0  24.1  24.5  23.9  23.8  24.5  25.3  26.9  28.5  33.0  34.0  33.5  32.5  30.7  29.7  27.9  27.8  28.2  29.5 
 24.6  24.6  24.9  24.6  24.5  24.0  24.6  24.4  24.1  24.0  24.3  24.0  23.9  23.7  24.2  24.2  23.8  24.1  24.9  25.5  26.0  26.7  29.8  30.5  31.0  31.0  29.7  29.3  27.9  27.3  29.2  30.4 
 25.5  25.1  24.8  25.0  24.2  24.2  24.4  24.5  24.2  24.1  24.1  24.1  24.1  23.8  24.3  24.4  24.1  24.2  25.1  25.3  25.2  25.7  27.4  28.4  28.6  28.5  28.6  28.5  27.4  27.8  30.8  31.5 
 25.6  24.9  25.0  25.0  24.5  24.2  24.5  24.5  24.3  23.8  24.3  24.4  24.0  24.0  24.4  24.2  24.2  24.0  25.0  24.9  25.0  25.3  27.1  27.3  27.6  27.7  28.3  27.9  27.8  28.4  31.7  32.6 
