 23.9  23.6  23.7  23.4  23.1  22.8  22.8  22.3  22.5  22.6  22.8  22.6  22.6  22.5  22.6  22.7  22.7  22.6  22.4  22.6  22.5  22.8  24.0  24.9  27.0  27.4  28.3  28.4  28.1  28.4  29.8  29.9 
 23.7  23.4  23.2  23.7  23.1  22.9  22.7  23.1  22.8  22.6  22.9  22.7  22.5  22.6  22.7  22.7  22.9  22.4  22.7  22.7  22.8  22.5  23.6  24.8  26.9  27.1  28.1  28.8  28.3  28.4  29.8  29.9 
 23.4  23.2  23.5  23.0  23.0  22.6  22.8  22.6  22.8  22.6  22.8  22.6  22.6  22.6  22.8  22.6  22.6  22.8  22.7  22.7  22.8  22.6  23.2  24.1  26.7  27.5  28.8  28.4  29.1  29.5  29.7  29.6 
 23.1  22.9  23.2  23.2  22.7  22.4  22.8  22.8  23.0  22.6  23.0  22.8  22.6  22.6  22.6  22.8  22.6  22.4  22.9  22.8  22.7  22.5  23.0  24.0  26.5  27.2  28.2  28.5  29.1  29.3  29.6  30.0 
 23.4  23.1  23.2  23.1  23.0  22.8  23.0  23.2  23.0  23.4  22.8  22.8  22.6  22.5  22.6  22.8  22.6  22.5  22.7  22.6  22.8  22.7  22.9  23.0  25.4  26.5  28.7  28.7  28.9  29.4  29.7  29.9 
 23.3  23.1  23.2  23.3  22.8  22.6  22.9  23.2  23.7  23.9  23.0  22.8  22.7  22.5  22.6  22.9  22.7  22.6  22.7  22.8  22.6  22.6  22.9  22.8  24.7  25.4  27.9  28.5  29.1  29.0  29.3  29.9 
 23.1  23.3  23.1  23.2  22.8  22.8  23.3  23.3  25.4  26.6  24.3  23.2  22.7  22.6  22.7  22.5  22.7  22.8  22.8  22.7  22.7  22.7  22.9  23.0  23.1  23.1  24.8  26.2  29.0  29.2  29.8  29.8 
 23.4  23.1  23.1  23.4  22.9  22.8  23.4  23.5  25.9  27.2  24.4  23.2  22.8  22.6  22.6  22.9  22.8  22.4  22.8  22.9  22.7  22.5  22.9  23.1  23.1  23.2  26.0  27.7  29.7  29.6  29.9  29.2 
 23.7  23.5  23.3  23.1  22.9  22.9  23.2  23.0  23.3  23.5  23.0  22.9  22.7  22.6  22.8  22.8  22.7  22.7  22.9  22.8  22.9  23.0  23.0  23.0  24.8  26.4  30.0  30.6  31.5  31.8  31.8  31.1 
 23.9  23.3  23.4  23.5  23.2  22.8  23.0  23.0  23.1  23.0  22.8  22.8  22.6  22.3  22.6  22.7  22.8  22.7  22.8  23.0  22.8  22.7  22.8  23.3  26.0  27.1  30.7  31.2  31.8  31.8  32.4  32.4 
 24.2  24.1  24.1  24.1  23.8  23.7  23.4  23.1  22.8  22.7  22.7  22.8  22.7  22.7  22.9  22.8  22.7  23.0  22.9  22.7  22.8  23.0  23.1  23.5  27.7  29.5  31.4  31.4  32.1  32.5  32.5  31.4 
 23.9  23.9  24.3  24.5  24.8  24.6  24.1  23.7  23.0  22.8  22.8  22.9  22.6  22.6  22.9  22.9  22.8  22.8  22.8  22.8  22.9  22.7  23.0 nan  28.3  29.8  31.4  31.6  32.3  32.4  32.5  31.5 
 24.6  24.4  25.5  25.9  27.2  27.9  33.6  36.1  34.0  29.8  23.1  23.0  22.7  22.5  22.9  22.8  22.7  22.8  23.0  22.7  22.7  22.8  23.0  24.0  28.8  30.3  31.5  31.6  32.0  31.9  33.2  33.5 
 25.1  24.8  26.1  26.7  28.8  30.5  42.6  49.9  54.4  47.8  24.8  23.5  22.8  22.7  22.8  22.8  22.8  22.6  22.7  22.7  22.8  22.7  23.1  23.7  28.8  30.2  31.2  31.6  31.7  31.4  32.7  33.0 
 25.2  25.6  26.7  27.5  31.0  34.2  55.2  63.4  74.7  71.3  33.6  25.2  22.9  22.8  22.7  22.7  22.7  22.8  22.8  22.8  22.7  22.8  23.1  23.0  26.5  28.3  31.2  31.3  31.6  31.4  31.4  31.4 
 25.6  25.7  27.0  27.7  30.9  34.5  53.8  63.2  79.1  79.4  35.4  25.6  22.9  22.7  22.7  22.8  22.8  22.7  22.6  22.8  22.8  22.7  22.7  23.2  24.4  25.5  28.5  29.2  29.6  29.7  29.2  28.2 
 25.4  25.8  26.8  27.0  29.6  31.8  44.2  53.5  72.3  68.0  28.9  24.2  22.9  22.7  22.8  22.7  22.6  22.6  23.0  22.8  22.8  22.8  23.0  22.9  23.2  23.3  24.3  24.6  25.0  25.3  26.1  25.5 
 25.5  25.3  26.3  27.1  28.7  29.7  36.8  42.1  53.0  47.5  25.3  23.7  23.0  22.9  22.9  22.9  22.9  22.6  22.9  23.1  22.8  22.7  22.9  23.1  23.1  22.9  23.7  24.1  24.5  24.5  24.8  25.4 
 25.8  25.6  26.7  26.7  26.9  27.2  28.8  29.4  29.4  27.6  23.8  23.3  22.9  23.0  23.1  22.8  22.8  22.9  23.0  23.0  22.9  22.8  23.2  23.3  23.1  23.0  23.4  23.4  24.0  23.9  24.3  24.8 
 25.7  25.6  26.2  26.3  26.5  26.3  27.2  27.5  27.0  25.8  23.5  23.4  22.9  22.8  23.2  23.0  22.9  22.7  23.0  23.0  23.0  22.7  23.0  23.1  23.2  23.1  23.2  23.5  23.7  23.6  24.4  24.5 
 25.5  25.8  25.8  25.5  25.8  25.7  25.6  25.5  25.2  24.6  23.6  23.4  23.2  23.1  23.0  23.0  22.7  22.8  22.9  23.0  22.8  22.7  23.4  23.0  23.2  23.0  23.5  23.6  23.8  24.5  25.4  25.8 
 25.5  25.2  25.4  25.8  25.6  25.4  25.4  25.5  24.8  24.2  23.7  23.7  23.1  22.9  23.0  23.1  23.1  23.0  23.0  22.9  23.0  23.0  23.2  23.4  23.2  23.2  23.5  24.0  24.7  24.9  25.9  26.8 
 26.5  25.8  25.5  25.3  25.2  25.0  25.0  24.9  24.2  24.1  23.7  23.6  23.5  23.3  23.4  23.2  23.1  23.0  23.4  23.3  23.1  23.1  23.6  23.1  23.4  23.8  25.2  25.5  25.8  25.8  26.4  27.1 
 26.8  26.1  25.4  25.7  24.9  24.8  24.7  24.6  24.3  23.9  23.6  23.8  23.4  23.1  23.3  23.4  23.5  23.1  23.2  23.3  23.4  23.3  23.6  23.8  24.3  24.5  25.9  26.5  26.1  25.8  26.2  28.4 
