 23.7  23.5  23.3  23.5  23.7  23.8  23.9  24.4  23.7  23.7  24.0  24.0  23.6  23.7  23.9  24.1  23.7  23.7  23.9  24.3  23.8  23.7  24.0  24.3  23.9  24.0  24.2  24.5  24.1  24.4  25.0  27.0 
 24.1  23.3  23.7  23.7  24.1  23.9  24.4  24.2  24.0  23.7  24.2  24.0  23.8  23.7  24.1  23.8  23.8  23.6  24.3  23.9  24.0  23.6  24.3  24.0  24.2  23.8  24.7  24.2  24.4  24.1  25.1  25.4 
 23.3  23.5  23.7  24.2  23.8  23.9  24.0  24.3  23.5  23.6  23.7  24.1  23.4  23.7  23.8  24.0  23.7  23.7  23.7  24.1  23.7  23.7  24.1  23.9  23.8  24.0  24.1  24.3  24.3  24.0  24.6  24.9 
 23.4  23.4  24.2  24.0  24.3  23.7  24.2  24.3  23.9  23.5  24.1  23.8  23.6  23.2  24.0  24.0  23.9  23.5  23.9  23.8  23.9  23.6  24.2  23.9  24.0  23.7  24.4  24.0  24.3  23.8  24.7  24.6 
 23.4  23.9  24.1  24.1  24.0  24.0  24.1  24.1  24.0  23.7  23.8  23.8  23.6  23.6  23.8  23.8  23.6  23.7  23.8  23.9  23.5  23.8  23.9  24.0  23.7  23.8  24.0  24.3  23.8  24.1  24.3  24.8 
 23.8  23.4  24.3  24.1  23.9  23.9  24.4  24.1  23.9  23.6  23.9  23.9  23.8  23.4  23.9  23.9  23.6  23.5  23.9  23.8  23.8  23.4  23.9  23.7  23.9  23.6  24.0  24.1  24.1  23.9  24.6  24.4 
 23.7  24.1  23.9  24.2  23.9  24.0  23.9  24.1  23.6  23.6  23.7  23.9  23.6  23.8  23.7  23.9  23.6  23.7  23.8  23.9  23.7  23.8  23.8  24.1  23.8  23.8  23.7  24.3  23.8  24.1  24.1  24.4 
 24.1  23.7  24.1  24.1  24.1  23.6  24.2  23.9  23.7  23.5  24.0  23.7  23.8  23.5  23.9  23.8  23.7  23.6  23.8  23.9  23.9  23.7  24.1  24.0  23.8  23.6  24.1  24.2  23.8  23.9  24.3  23.8 
 24.1  23.9  24.0  24.3  24.0  23.8  23.9  24.0  23.6  23.7  23.7  24.0  23.7  23.6  23.8  23.9  23.6  23.6  23.9  24.0  23.7  23.9  23.9  24.1  23.7  23.9  23.8  24.2  23.8  23.9  24.2  24.4 
 24.1  23.9  24.7  24.3  24.1  23.7  24.1  24.0  23.8  23.6  23.9  24.2  23.8  23.4  23.7  23.8  23.7  23.6  23.9  23.9  24.0  23.7  24.1  24.0  24.0  23.6  24.1  24.1  23.9  23.8  24.9  24.7 
 24.2  24.4  24.0  24.3  23.6  23.9  24.1  24.1  23.7  23.8  23.9  23.9  23.7  23.7  23.8  23.7  23.8  23.8  23.9  23.9  23.7  23.9  24.1  24.1  23.8  23.9  23.9  24.3  24.0  24.1  24.3  24.4 
 24.5  23.9  24.3  24.2  24.0  23.7  24.0  24.0  23.8  23.6  24.0  24.0  23.8  23.6  24.0  24.0  23.8  23.6  24.1  23.8  23.9  23.9  24.1 nan  23.8  23.8  24.0  24.2  24.1  23.7  24.6  24.4 
 24.1  24.1  24.1  24.4  23.8  23.7  24.0  24.2  23.7  23.7  23.8  23.8  23.7  23.6  23.9  23.9  23.7  23.8  23.9  24.0  23.7  24.0  24.0  24.3  24.0  24.2  24.5  24.6  24.4  24.5  25.0  25.2 
 24.0  24.1  24.5  24.4  24.1  23.9  24.1  24.2  23.9  23.5  24.0  24.0  23.9  23.7  24.0  23.9  24.0  23.6  24.0  23.9  24.0  23.8  24.3  24.2  24.3  24.0  25.0  24.8  24.7  24.7  25.3  25.2 
 24.1  24.6  24.1  24.4  23.9  23.9  24.1  24.0  23.7  23.6  23.8  24.2  23.7  23.8  23.7  24.1  23.6  23.7  24.1  24.2  24.1  24.6  29.4  31.0  30.6  29.9  27.4  27.3  26.4  26.4  26.3  26.1 
 24.5  23.9  24.4  24.6  23.9  23.7  24.2  24.2  23.8  23.5  23.9  24.0  23.9  23.6  24.1  23.9  23.8  23.6  24.0  24.1  25.0  28.7  45.1  47.5  44.4  39.1  30.7  29.1  27.4  26.8  26.6  26.3 
 24.1  24.2  24.4  24.4  23.8  23.9  23.9  24.1  23.9  23.6  23.9  24.0  23.7  23.6  24.0  24.0  23.7  23.8  24.1  24.3  31.8  44.4  70.4  73.5  69.7  60.5  36.4  32.7  28.8  28.3  27.6  27.4 
 24.4  24.0  24.4  24.4  23.9  23.8  24.4  24.1  23.9  23.6  24.2  23.8  23.9  23.7  24.1  24.1  23.8  23.7  24.2  24.3  34.4  48.6  74.9  77.6  71.6  61.5  36.8  33.2  29.6  28.2  27.8  27.5 
 24.4  24.5  24.7  24.9  23.9  24.2  24.1  24.6  23.8  23.8  24.0  24.1  23.7  23.8  24.1  24.1  23.8  24.0  24.2  24.5  33.3  42.5  64.9  68.1  58.8  50.0  34.4  32.4  29.1  28.1  27.5  27.9 
 24.7  24.3  24.8  24.7  24.2  23.8  24.6  24.1  24.1  23.7  24.2  24.1  23.9  23.8  24.0  24.1  24.0  23.7  24.4  24.8  31.3  35.9  51.8  54.0  46.9  41.8  32.9  31.3  28.7  27.8  28.1  28.4 
 24.3  24.6  24.7  24.8  24.2  24.1  24.3  24.4  24.1  24.0  24.1  24.2  23.8  23.8  24.2  24.3  23.7  23.9  24.4  25.2  27.1  28.3  32.9  34.0  33.3  32.6  30.6  30.1  27.6  27.3  27.8  29.8 
 25.0  24.6  24.9  24.8  24.2  23.9  24.6  24.4  24.1  23.9  24.3  24.1  24.0  23.8  24.1  24.1  23.8  23.8  24.8  25.5  26.2  26.6  29.8  30.7  31.1  30.7  29.8  29.4  27.9  27.7  29.2  29.5 
 25.3  25.1  24.8  25.0  24.4  24.5  24.5  24.5  24.2  24.1  24.0  24.5  23.9  24.0  24.1  24.4  23.9  24.0  25.1  25.2  25.2  25.5  27.6  28.4  28.5  28.3  28.6  28.3  27.2  27.4  30.5  31.9 
 26.5  25.2  24.8  25.2  24.5  24.1  24.5  24.6  24.2  23.8  24.3  24.3  24.3  23.8  24.3  24.2  24.1  23.9  25.2  25.0  25.1  25.1  27.3  27.6  27.9  27.8  28.2  28.2  27.8  28.2  31.3  32.6 
