 24.1  23.3  23.8  23.3  23.2  22.7  23.0  22.9  22.7  22.5  23.0  22.7  22.8  22.4  22.9  22.8  22.5  22.6  23.0  22.7  22.6  22.6  23.3  22.9  22.7  22.6  23.7  23.9  23.8  23.8  24.9  25.2 
 23.4  23.1  23.4  23.8  23.0  22.9  23.0  23.3  22.7  22.6  22.8  23.1  22.5  22.3  22.9  22.8  22.6  22.4  22.8  22.9  22.9  22.5  22.8  23.3  22.8  22.9  23.6  24.8  23.9  23.7  24.2  25.3 
 23.3  23.1  23.5  23.4  22.9  22.5  23.0  23.0  22.8  22.7  23.1  22.9  22.7  22.6  23.1  22.7  22.6  22.4  23.0  22.8  22.5  22.6  23.0  22.9  22.8  22.9  23.4  23.2  23.3  23.2  24.4  23.5 
 23.2  22.9  23.3  23.5  22.8  22.6  23.0  23.3  22.9  22.9  22.9  22.9  22.5  22.4  22.8  22.9  22.6  22.5  22.7  22.9  22.6  22.7  22.9  23.0  22.6  22.9  23.2  23.6  22.7  22.7  23.5  24.2 
 23.3  23.1  23.3  23.2  22.7  22.9  23.2  23.3  23.3  23.3  23.2  22.7  22.6  22.5  22.9  22.5  22.4  22.6  22.8  22.5  22.7  22.7  23.0  23.0  22.8  22.7  23.2  23.2  23.1  23.1  23.7  23.5 
 23.3  23.3  23.2  23.3  22.7  22.9  23.0  23.3  23.7  24.0  23.1  23.1  22.6  22.7  22.7  22.8  22.5  22.6  22.8  22.9  22.6  22.5  22.8  23.0  22.8  22.6  22.9  23.1  23.0  23.2  23.6  23.6 
 23.2  23.0  23.6  23.2  22.8  23.0  23.5  23.3  25.4  26.5  24.4  23.3  22.8  22.6  22.7  22.6  22.5  22.5  22.9  22.5  22.8  22.7  23.2  23.1  23.0  22.7  23.5  23.2  23.1  22.8  23.8  23.3 
 23.3  23.0  22.9  23.2  22.9  22.8  23.3  23.6  25.7  27.1  24.4  23.5  22.7  22.6  22.6  22.7  22.7  22.5  22.6  22.7  22.5  22.7  22.9  23.0  22.8  22.7  23.1  23.3  22.8  22.8  23.0  22.8 
 23.6  23.4  23.7  23.2  23.0  23.1  23.3  23.0  23.4  23.5  23.2  22.8  22.7  22.8  22.8  22.7  22.6  22.6  23.0  22.8  22.7  22.6  23.3  23.0  22.8  22.7  23.3  23.0  23.2  23.1  23.3  23.4 
 23.5  23.6  23.6  23.7  23.1  22.9  23.2  23.3  23.0  23.0  22.9  23.0  22.8  22.5  22.6  22.7  22.7  22.6  22.8  23.0  22.8  22.7  22.8  22.8  22.8  22.7  23.3  23.5  23.0  23.2  23.5  23.7 
 23.9  23.6  24.3  24.2  23.8  23.6  23.6  23.4  22.9  23.1  23.2  23.0  22.8  22.7  23.1  22.7  22.6  22.6  22.9  22.8  22.6  22.7  22.9  22.7  22.8  22.8  23.5  23.7  23.7  23.1  23.7  23.5 
 23.9  23.9  24.3  24.7  24.4  24.6  23.9  23.9  23.2  23.1  23.0  23.2  22.7  22.7  22.7  22.9  22.7  22.6  22.8  22.9  22.7  22.5  22.8 nan  22.6  22.5  24.3  25.4  24.0  23.2  23.5  24.1 
 24.5  24.6  25.5  25.9  27.0  27.7  32.8  35.0  33.1  29.4  23.6  23.1  22.9  22.7  22.9  22.8  22.8  22.5  22.9  22.5  22.7  22.5  22.8  22.9  22.8  22.8  24.1  24.8  23.6  23.1  23.7  23.3 
 24.7  24.7  25.7  26.6  28.8  30.0  41.4  48.9  53.4  47.3  24.8  23.6  23.0  22.7  22.9  23.0  22.7  22.6  22.7  22.8  22.7  22.6  22.9  23.2  22.8  22.7  23.3  23.5  23.6  23.3  23.6  23.9 
 25.4  25.4  27.1  27.7  30.8  33.9  54.9  63.1  74.7  71.5  35.1  25.7  22.9  22.8  23.0  22.8  22.8  22.8  23.0  23.0  22.7  22.5  23.2  22.8  22.7  22.7  23.2  23.1  23.4  23.2  23.6  23.8 
 25.5  25.6  26.9  28.0  30.8  34.3  53.5  62.8  78.6  79.5  37.6  26.4  22.9  22.8  22.8  23.0  22.8  22.7  22.9  22.9  22.8  22.6  22.9  23.0  22.8  22.7  23.2  23.1  23.0  23.2  23.6  24.0 
 25.4  25.5  27.0  27.0  29.7  31.8  44.7  53.3  73.5  70.9  30.7  24.7  23.0  22.8  22.8  22.8  22.7  22.6  23.0  22.8  22.8  22.7  23.0  22.8  22.9  22.9  23.4  23.2  23.0  23.1  23.7  23.9 
 25.6  25.3  26.5  27.2  28.8  29.7  37.0  42.3  54.5  50.1  26.1  24.1  22.8  22.8  22.9  23.1  22.7  22.6  22.7  23.0  22.6  22.7  22.9  23.1  23.1  22.7  23.2  23.3  23.4  22.9  23.7  24.0 
 25.6  25.7  26.4  26.6  26.9  27.3  28.8  29.5  29.9  28.3  24.0  23.4  22.9  22.7  23.1  23.2  22.7  22.8  23.1  22.8  22.8  22.8  23.0  23.1  23.1  22.9  23.3  23.3  23.2  23.2  23.7  24.0 
 25.2  25.5  26.4  26.8  26.4  26.3  27.6  27.9  27.1  26.3  23.7  23.5  22.9  22.9  23.0  22.9  22.9  22.7  22.9  23.0  22.9  22.8  23.1  23.4  22.8  22.8  23.3  23.4  23.1  23.2  24.1  24.5 
 25.6  25.4  26.1  25.7  25.9  25.7  26.1  25.8  25.4  24.7  23.8  23.6  23.1  22.9  23.2  23.3  23.0  22.7  23.1  23.1  23.0  22.9  23.4  23.2  23.1  22.8  23.4  23.6  23.9  24.0  25.3  26.1 
 25.7  25.5  25.8  26.0  25.5  25.3  25.4  25.7  24.7  24.4  23.6  23.8  23.1  22.9  23.0  23.3  22.8  23.0  23.1  23.2  23.0  23.1  23.2  23.4  22.9  22.9  23.5  24.2  25.0  24.8  25.9  26.8 
 25.9  25.5  25.6  25.4  25.2  25.0  25.3  24.9  24.4  24.0  23.9  23.7  23.2  23.0  23.4  23.3  23.2  22.9  23.3  23.0  23.1  22.9  23.6  23.5  23.5  23.8  25.8  25.8  26.4  25.8  27.2  26.8 
 26.5  25.8  25.5  25.8  25.1  24.7  24.9  25.2  24.2  23.9  23.6  24.2  23.4  23.1  23.2  23.3  23.1  23.1  23.3  23.5  23.1  23.1  23.9  24.1  24.5  24.7  26.4  26.8  26.4  26.3  27.2  27.2 
