 23.5  22.7  22.6  23.2  22.6  22.6  22.7  22.6  22.4  22.1  22.7  22.9  22.3  22.2  22.5  22.7  22.2  22.4  22.4  22.8  22.3  22.4  22.7  22.9  22.7  22.5  22.7  23.4  23.2  23.0  23.9  24.8 
 23.0  22.7  23.3  23.1  22.8  22.5  22.7  22.8  22.3  22.3  22.8  22.7  22.4  22.2  22.8  22.5  22.3  22.2  22.6  22.6  22.5  22.4  22.9  22.8  22.5  22.7  23.2  23.0  22.9  23.1  24.3  24.0 
 22.8  22.8  23.3  22.7  22.4  22.0  22.4  22.5  22.3  22.4  22.5  22.7  22.3  22.3  22.4  22.5  22.5  22.5  22.4  22.7  22.4  22.4  22.4  22.9  22.7  22.7  23.0  23.1  23.1  22.5  23.4  23.6 
 22.7  22.6  23.1  22.8  22.2  22.0  22.7  22.4  22.4  22.1  22.7  22.5  22.2  22.2  22.4  22.3  22.4  22.3  22.7  22.4  22.4  22.5  22.8  22.4  22.6  22.6  23.1  23.0  22.7  23.0  23.7  23.8 
 22.7  22.6  22.7  23.0  22.2  22.4  22.3  22.6  22.4  22.5  22.3  22.6  22.2  22.1  22.5  22.4  22.3  22.5  22.3  22.5  22.5  22.4  22.6  22.7  22.4  22.3  22.9  23.0  22.5  22.7  23.2  23.2 
 22.7  22.8  22.8  22.6  22.3  22.4  22.9  22.6  22.5  22.4  22.6  22.5  22.3  22.2  22.4  22.4  22.3  22.0  22.6  22.4  22.3  22.2  22.8  22.4  22.6  22.3  22.9  22.9  22.7  22.8  23.6  23.3 
 22.5  22.5  22.4  22.8  22.4  22.4  22.4  22.6  22.5  22.2  22.6  22.8  22.2  22.3  22.4  22.4  22.3  22.4  22.4  22.5  22.4  22.2  22.5  22.7  22.6  22.5  22.7  22.9  22.8  22.5  23.1  23.5 
 22.9  22.5  22.8  22.5  22.2  22.3  22.8  22.5  22.5  22.5  22.6  22.5  22.2  22.3  22.5  22.4  22.4  22.2  22.4  22.3  22.4  22.2  22.6  22.4  22.4  22.5  23.0  22.6  22.7  22.5  23.3  22.3 
 22.7  22.4  22.6  22.5  22.3  22.2  22.5  22.5  22.5  22.2  22.5  22.5  22.2  22.2  22.4  22.5  22.2  22.3  22.4  22.5  22.5  22.3  22.4  22.6  22.4  22.4  22.9  23.0  22.7  22.6  22.8  23.3 
 22.6  22.4  22.8  22.5  22.4  22.3  22.5  22.4  22.3  22.4  22.6  22.6  22.2  22.1  22.6  22.3  22.3  22.4  22.4  22.6  22.4  22.2  22.6  22.6  22.7  22.6  23.0  22.9  22.5  22.8  23.4  23.2 
 22.5  22.4  22.5  22.5  22.3  22.2  22.4  22.7  22.4  22.4  22.4  22.4  22.2  22.2  22.4  22.5  22.2  22.3  22.4  22.5  22.3  22.3  22.5  22.8  22.6  22.5  22.8  22.8  22.9  22.8  23.3  23.4 
 22.3  22.4  22.6  22.2  22.1  22.4  22.6  22.5  22.3  22.1  22.5  22.3  22.3  22.3  22.5  22.4  22.4  22.3  22.5  22.5  22.5  22.2  22.7 nan  22.6  22.6  22.8  23.1  22.8  22.4  23.2  23.2 
 22.6  22.3  22.6  22.6  22.5  22.3  22.5  22.7  22.3  22.4  22.3  22.5  22.3  22.3  22.5  22.6  22.4  22.3  22.4  22.4  22.4  22.2  22.6  22.7  22.6  22.6  22.9  22.9  22.7  22.8  23.1  23.2 
 22.3  22.4  22.8  22.7  22.6  22.4  22.6  22.6  22.4  22.2  22.5  22.4  22.4  22.3  22.5  22.4  22.4  22.2  22.5  22.6  22.5  22.3  22.9  22.6  22.5  22.5  22.9  23.0  23.0  22.8  23.3  23.4 
 22.5  22.8  22.8  22.9  22.7  22.4  22.7  22.8  22.6  22.4  22.6  22.7  22.5  22.4  22.5  22.7  22.3  22.4  22.5  22.6  22.5  22.4  22.8  22.8  22.6  22.8  22.8  23.3  22.8  22.7  22.9  23.3 
 22.5  22.4  23.1  22.9  22.4  22.5  22.7  22.7  22.6  22.5  22.7  22.5  22.5  22.5  22.7  22.5  22.3  22.4  22.6  22.5  22.4  22.3  22.7  22.7  22.5  22.5  23.0  22.9  22.8  22.9  23.6  23.1 
 23.0  22.7  22.9  22.8  22.8  22.5  22.9  22.7  22.6  22.4  22.4  22.7  22.4  22.4  22.7  22.7  22.4  22.3  22.7  22.8  22.5  22.3  22.6  22.9  22.7  22.7  23.0  23.3  23.0  22.8  23.5  23.4 
 22.8  22.9  23.2  22.9  22.6  22.5  23.0  22.7  22.6  22.5  22.7  22.4  22.4  22.4  22.6  22.7  22.5  22.3  22.8  22.7  22.6  22.5  22.8  22.8  22.7  22.5  23.5  22.9  22.9  22.8  23.7  23.3 
 23.0  22.9  23.0  23.2  22.7  22.4  22.8  22.9  22.6  22.6  22.6  22.6  22.3  22.5  22.6  22.7  22.6  22.6  22.5  22.8  22.7  22.4  22.7  22.9  22.6  22.9  23.0  23.1  23.2  23.0  23.4  23.9 
 22.9  22.9  23.3  23.0  22.8  22.3  23.1  22.6  22.5  22.5  22.9  22.5  22.4  22.6  22.9  22.5  22.5  22.4  22.9  22.7  22.6  22.4  23.1  22.8  23.0  22.7  23.3  23.1  22.8  23.2  24.0  23.9 
 23.1  23.0  23.2  23.5  22.8  22.6  22.6  23.2  22.6  22.7  22.6  22.9  22.6  22.5  22.7  22.7  22.4  22.6  22.7  22.7  22.6  22.6  22.9  22.9  23.0  22.8  22.9  23.5  23.2  23.0  23.5  24.5 
 23.4  23.0  23.1  23.0  22.8  22.6  23.0  22.9  22.6  22.6  23.0  22.7  22.6  22.5  22.8  22.7  22.6  22.6  23.0  22.8  22.7  22.6  23.1  22.9  22.8  22.7  23.1  23.1  22.8  23.0  24.2  24.2 
 23.9  23.6  23.5  23.5  23.2  23.1  23.0  23.3  22.7  22.5  22.8  23.0  22.7  22.8  22.8  22.9  22.7  22.6  23.0  22.8  22.8  22.4  23.0  23.5  23.0  22.7  23.3  23.5  23.4  23.3  24.3  25.3 
 24.2  23.5  23.6  23.7  23.2  23.0  23.3  23.0  23.0  22.8  23.1  22.9  22.9  22.6  23.0  22.8  22.6  22.8  23.1  22.9  22.9  22.6  23.1  23.1  23.0  22.9  23.6  23.6  23.3  24.0  26.1  26.1 
