 24.3  23.5  23.8  23.2  24.1  23.7  24.1  24.2  23.9  23.6  23.9  23.9  23.8  23.6  23.7  23.8  23.8  23.7  24.0  24.0  23.8  23.6  24.0  24.0  24.1  23.8  24.2  24.4  24.4  24.4  25.3  25.7 
 23.8  23.7  23.5  23.5  24.0  23.9  24.1  24.2  23.7  23.8  24.0  24.0  23.7  23.7  23.8  23.8  23.5  23.6  23.9  24.1  23.9  23.7  24.1  23.8  23.8  23.9  24.2  24.2  24.0  24.3  24.9  25.4 
 23.7  23.2  24.2  23.9  24.4  23.9  24.0  24.0  23.8  23.5  23.9  23.9  23.7  23.6  23.8  23.7  23.7  23.5  23.8  24.0  23.8  23.5  23.9  24.0  24.1  23.8  24.1  24.2  24.4  24.0  24.7  24.7 
 23.1  23.4  23.7  23.9  23.7  23.7  24.2  24.2  23.5  23.5  23.7  23.7  23.5  23.4  23.7  24.0  23.7  23.6  23.9  23.8  23.6  23.9  24.0  24.0  23.8  24.0  24.3  24.3  23.9  23.8  24.7  24.7 
 23.9  23.6  23.8  24.2  24.0  23.9  24.1  24.0  23.9  23.5  23.7  23.7  23.8  23.6  23.9  23.8  23.7  23.6  23.8  23.7  23.7  23.5  23.7  23.9  23.8  23.8  24.0  24.1  24.1  24.1  24.1  24.3 
 23.5  23.6  23.9  24.1  23.8  24.1  24.2  24.2  23.6  23.7  23.8  23.7  23.4  23.6  23.8  23.9  23.7  23.6  23.7  23.9  23.8  23.5  23.8  24.0  23.8  23.7  24.1  24.1  23.8  24.0  24.7  24.2 
 23.8  23.7  24.0  24.1  24.1  23.9  23.9  24.1  23.8  23.6  23.9  23.8  23.7  23.4  23.7  23.8  23.7  23.7  23.8  23.7  23.8  23.7  23.9  23.9  23.8  23.7  24.1  24.3  23.8  23.7  24.3  24.3 
 23.8  24.0  23.8  24.2  24.0  23.8  24.0  23.9  23.6  23.7  23.8  23.8  23.5  23.7  23.8  23.9  23.8  23.6  23.7  23.9  23.9  23.7  24.0  23.9  23.7  23.7  24.0  24.2  23.6  23.8  24.3  23.6 
 24.1  23.8  24.2  24.1  24.0  23.7  24.2  23.7  23.8  23.6  23.8  23.7  23.9  23.7  23.7  23.9  23.7  23.5  23.9  23.9  23.8  23.7  23.9  23.7  23.7  23.8  24.3  24.3  24.2  24.0  24.2  24.1 
 24.1  23.9  24.2  24.3  24.2  23.8  24.1  23.7  23.7  23.7  23.8  24.1  23.6  23.6  23.7  23.7  23.8  23.8  23.8  24.0  23.6  23.5  24.0  24.0  23.8  23.8  24.1  24.1  23.9  23.8  24.5  24.5 
 24.2  24.1  24.3  24.5  23.7  23.8  24.0  24.0  23.7  23.7  23.8  23.8  23.6  23.5  23.8  23.8  23.7  23.8  23.9  23.8  24.1  23.8  24.0  23.8  24.0  23.8  24.1  24.2  24.2  23.9  24.2  24.4 
 24.0  23.9  24.0  24.0  23.7  23.9  23.9  23.9  23.5  23.6  23.9  23.7  23.9  23.7  23.8  23.9  23.8  23.7  23.8  24.0  23.7  23.8  23.8 nan  23.7  23.9  24.0  24.2  24.1  24.0  24.4  24.6 
 24.3  24.0  24.2  24.1  24.0  23.5  24.1  24.1  23.8  23.7  23.9  23.8  23.8  23.8  23.8  23.8  23.8  23.7  23.9  23.9  24.0  23.6  24.0  24.2  24.1  24.0  24.6  24.4  24.4  24.3  24.8  24.9 
 23.9  24.1  24.4  24.4  23.9  23.9  24.0  24.1  23.7  23.5  23.8  24.1  23.7  23.7  24.0  23.9  23.8  23.7  24.0  24.0  23.9  23.8  24.2  24.1  24.1  24.1  24.7  24.5  24.7  24.5  25.2  25.3 
 24.3  24.0  24.3  24.2  24.1  24.0  24.2  24.0  23.9  23.7  23.8  23.9  23.7  23.8  23.9  23.7  23.7  23.6  24.1  24.0  24.4  24.7  29.6  30.8  30.8  29.8  27.4  27.0  26.5  26.1  26.2  26.0 
 24.2  23.9  24.4  24.3  23.9  23.9  24.0  24.1  23.7  23.7  24.0  23.9  23.7  23.7  23.8  24.0  23.6  23.7  24.0  24.0  25.0  28.7  45.0  47.3  44.4  39.2  30.7  29.1  27.3  26.9  26.5  26.8 
 24.3  24.2  24.5  24.3  24.0  23.6  24.0  24.3  24.0  23.6  23.8  23.9  23.8  23.6  24.0  23.7  23.9  23.7  24.0  24.4  31.9  44.3  70.2  73.4  69.8  60.6  36.1  32.7  29.0  28.1  27.5  27.1 
 24.3  24.3  24.4  24.4  23.8  23.9  24.2  24.2  23.8  23.8  24.0  24.0  23.8  23.7  23.8  24.0  23.7  23.8  24.1  24.3  34.3  48.7  74.8  77.4  71.4  61.6  37.0  33.4  29.3  28.4  27.7  27.3 
 24.7  24.5  24.5  24.5  24.0  23.9  24.1  24.4  24.1  23.7  23.9  23.9  23.8  23.8  24.1  24.0  24.1  23.9  24.1  24.5  33.5  42.3  64.9  67.8  58.9  49.9  34.7  32.3  29.1  28.0  27.7  27.8 
 24.0  24.2  24.4  24.7  24.2  24.0  24.0  24.3  23.9  23.8  24.0  24.0  23.7  23.8  24.2  24.0  23.7  23.8  24.3  24.8  31.2  36.3  51.9  53.8  46.6  41.8  32.9  31.3  28.7  28.1  28.0  28.2 
 24.7  24.4  24.9  24.5  24.2  24.1  24.2  24.3  24.3  23.9  24.1  24.1  24.0  23.6  24.0  24.1  23.9  23.9  24.5  25.2  27.2  28.4  33.0  34.1  33.6  32.4  30.8  29.7  28.1  27.3  28.2  29.5 
 24.8  24.6  24.5  24.8  24.1  23.9  24.2  24.4  23.8  24.0  24.1  24.1  23.7  23.7  24.1  24.3  23.8  23.9  24.7  25.4  25.9  26.9  29.6  30.7  31.1  30.8  29.8  29.1  27.6  27.8  29.2  30.4 
 25.5  24.6  24.6  24.5  24.2  24.3  24.6  24.3  24.1  23.9  24.0  24.4  24.2  23.9  24.3  24.1  24.2  23.9  25.0  25.0  25.5  25.4  27.3  28.3  28.7  28.5  28.6  28.0  27.6  27.8  30.5  31.1 
 25.0  25.2  25.0  25.0  24.6  24.6  24.6  24.3  24.0  24.1  24.3  24.3  24.1  24.0  24.2  24.1  24.0  24.0  25.1  24.9  25.0  25.4  27.0  27.4  27.8  27.6  28.2  27.9  27.8  28.2  31.3  33.1 
