 24.3  23.6  23.4  23.5  24.1  23.6  24.2  24.3  23.7  23.7  24.1  24.0  23.8  23.7  23.8  23.9  23.6  23.8  24.0  23.9  23.9  23.8  24.1  24.3  24.1  23.7  24.4  24.2  24.2  24.4  25.5  26.3 
 23.9  23.3  23.8  23.9  24.3  23.7  24.2  24.2  23.9  23.7  23.9  24.1  23.8  23.8  23.9  23.9  23.8  23.6  24.1  24.1  23.9  23.7  24.2  24.3  24.0  24.1  24.2  24.5  24.3  24.1  24.9  25.4 
 23.5  23.7  23.8  24.2  24.2  23.8  24.1  24.2  23.8  23.7  23.6  23.9  23.5  23.5  24.0  24.0  23.7  23.7  23.9  24.1  23.9  23.8  24.0  24.1  24.1  24.0  24.1  24.3  24.2  24.0  24.7  25.1 
 23.4  23.4  24.0  24.3  24.1  23.7  24.4  24.3  23.8  23.6  24.1  23.9  23.6  23.6  24.0  23.9  23.7  23.6  24.1  23.9  23.8  23.7  24.1  24.1  23.9  23.8  24.4  24.2  24.2  24.1  24.9  24.9 
 23.6  23.9  24.1  24.1  24.1  24.2  24.2  24.1  23.8  23.7  23.8  23.9  23.8  23.6  23.8  23.9  23.6  23.7  23.7  23.9  23.8  23.7  24.0  24.0  23.8  23.8  24.3  24.0  24.2  24.1  24.6  24.6 
 24.0  23.4  24.3  24.3  24.2  23.7  24.3  24.1  23.7  23.7  23.9  23.9  23.6  23.6  23.9  23.8  23.7  23.7  23.9  23.8  23.6  23.7  24.0  23.9  23.9  23.7  24.1  24.3  24.2  24.1  24.9  24.7 
 23.8  23.8  24.0  24.2  24.0  24.1  23.9  24.1  23.6  23.6  23.8  24.0  23.7  23.7  23.9  24.0  23.7  23.6  23.8  24.0  23.7  23.8  24.1  23.9  23.9  23.6  24.2  24.3  24.0  23.9  24.3  24.8 
 24.2  23.5  24.2  24.2  24.0  23.8  24.2  23.9  23.8  23.7  23.9  23.9  23.7  23.6  23.9  24.1  23.8  23.6  24.0  23.8  23.8  23.5  24.0  24.0  23.8  23.7  24.1  23.9  24.0  23.8  24.0  23.8 
 24.4  24.3  24.0  24.3  23.9  24.1  24.1  24.1  23.7  23.6  23.8  23.9  23.7  23.7  23.8  23.9  23.7  23.9  24.0  24.0  23.7  23.8  23.9  24.1  23.8  23.9  24.0  24.2  23.9  23.9  24.1  24.6 
 24.4  24.0  24.4  24.2  24.1  24.2  24.0  24.0  23.8  23.5  23.9  24.0  23.9  23.6  23.8  23.8  23.6  23.7  23.8  24.1  23.9  23.8  24.0  23.9  24.1  23.9  24.4  24.4  24.0  23.9  24.6  24.2 
 24.3  24.4  24.2  24.3  23.8  23.8  23.8  24.2  23.8  23.7  23.8  24.0  23.8  23.6  23.9  24.0  23.8  23.7  23.9  23.9  23.9  23.9  23.9  24.0  23.9  23.8  24.1  24.3  24.2  24.1  24.5  24.4 
 24.3  23.7  24.5  24.3  23.8  23.8  24.1  24.2  23.6  23.6  23.9  24.0  23.8  23.6  23.9  23.9  23.6  23.8  23.9  23.9  23.8  23.8  23.9 nan  23.9  23.9  24.0  24.2  24.2  23.9  24.9  24.7 
 24.3  24.1  24.3  24.5  24.1  23.8  24.0  24.1  23.6  23.6  23.9  23.9  23.8  23.7  23.9  23.9  23.8  23.7  24.1  24.0  23.8  24.1  24.0  24.3  24.1  24.0  24.6  24.5  24.4  24.2  25.1  25.0 
 24.2  24.1  24.5  24.4  23.9  24.0  24.1  24.0  23.9  23.7  24.1  23.8  23.9  23.8  24.0  23.9  23.8  23.8  24.0  24.1  23.8  24.0  24.5  24.3  24.3  24.2  24.9  24.9  24.9  24.5  25.3  25.2 
 24.1  24.1  24.2  24.3  24.2  24.0  24.2  24.2  24.0  23.8  23.8  24.1  24.0  23.9  24.0  23.8  23.9  23.8  23.8  24.0  24.3  24.6  29.6  30.9  30.8  29.8  27.2  27.1  26.4  26.2  26.3  26.4 
 24.5  24.2  24.4  24.5  24.0  23.9  24.2  24.2  23.8  23.6  23.8  23.9  23.9  23.7  23.9  23.9  23.9  23.8  24.0  24.3  25.0  28.7  45.0  47.5  44.3  39.2  30.8  29.1  27.4  27.1  26.8  26.4 
 24.4  24.2  24.5  24.4  24.1  23.7  24.2  24.2  23.9  23.8  24.1  24.1  23.8  23.8  24.0  24.2  23.8  23.7  24.1  24.3  31.9  44.4  70.1  73.3  69.6  60.4  36.3  32.7  28.8  28.1  27.4  27.2 
 24.6  24.1  24.6  24.5  24.2  23.9  24.2  24.2  23.9  23.7  24.0  24.1  23.9  23.7  24.2  24.0  23.8  23.7  24.3  24.3  34.2  48.7  74.7  77.3  71.4  61.4  36.8  33.2  29.3  28.4  28.0  27.5 
 24.3  24.5  24.6  24.5  24.1  24.3  24.1  24.5  24.1  23.8  24.1  24.0  23.8  23.9  23.9  24.1  24.1  24.0  24.1  24.5  33.3  42.4  64.9  67.7  58.9  50.0  34.6  32.4  29.4  28.3  27.8  27.4 
 24.5  24.7  24.7  24.7  24.5  24.1  24.3  24.4  24.0  24.2  24.2  24.1  24.0  23.8  24.3  23.9  23.9  23.9  24.5  24.8  31.2  36.3  51.8  53.8  46.7  41.7  32.9  31.2  28.7  28.2  27.6  28.6 
 24.8  24.4  25.0  24.8  24.4  24.0  24.2  24.4  24.0  24.1  24.1  24.4  23.9  23.9  24.2  24.2  24.1  24.0  24.6  25.3  27.1  28.3  33.1  34.0  33.3  32.4  30.7  30.0  28.2  27.5  28.4  29.8 
 25.2  24.6  24.9  24.8  24.3  24.2  24.6  24.4  24.1  24.1  24.2  24.0  24.0  23.9  24.1  24.3  23.9  23.9  24.8  25.5  26.3  26.8  29.7  30.6  31.2  30.9  29.9  29.3  27.7  27.7  29.4  30.4 
 25.3  25.3  24.8  25.1  24.4  24.5  24.4  24.4  24.4  24.0  24.3  24.6  24.2  24.0  24.1  24.2  24.2  24.1  25.0  25.2  25.2  25.8  27.4  28.2  28.7  28.6  28.7  28.2  27.7  27.6  31.2  31.9 
 25.6  25.2  25.0  25.3  24.5  24.4  24.5  24.7  24.2  24.1  24.2  24.4  24.1  24.0  24.4  24.3  24.1  24.0  25.0  24.9  25.0  25.6  27.1  27.6  27.8  27.7  28.0  28.2  27.8  28.2  31.7  32.6 
