 24.3  23.6  23.6  23.5  24.0  23.9  24.4  24.3  23.7  23.8  24.0  24.1  23.9  23.6  23.7  24.0  23.9  23.7  23.9  23.8  23.8  23.9  24.0  24.3  24.1  23.9  24.4  24.4  24.4  24.4  25.5  26.3 
 24.1  23.7  23.8  24.1  24.1  24.0  24.4  24.0  23.9  23.7  24.1  23.9  23.8  23.7  24.1  23.9  23.9  23.6  24.1  24.1  23.9  23.9  24.1  24.2  24.0  24.2  24.2  24.5  24.2  24.5  25.1  25.6 
 23.5  23.3  23.8  24.2  24.2  24.0  24.0  24.1  23.8  23.7  23.7  24.0  23.7  23.8  24.0  23.9  23.8  23.7  23.9  23.9  23.9  23.9  23.9  24.1  23.9  23.9  24.6  24.2  24.3  24.2  24.7  24.7 
 23.6  23.4  24.0  24.2  24.3  24.0  24.3  24.1  24.2  23.6  24.1  23.9  23.6  23.6  23.9  24.0  24.0  23.7  24.1  23.9  23.9  23.8  24.0  24.0  23.8  23.8  24.4  24.4  24.2  24.3  25.0  24.9 
 23.9  23.9  24.4  23.9  24.3  24.0  24.0  24.2  23.9  23.8  23.8  23.9  23.9  23.8  23.9  23.9  23.6  23.7  24.1  23.8  23.7  23.9  23.9  23.9  23.9  23.9  24.3  24.3  24.1  24.1  24.5  24.6 
 24.0  23.8  24.1  24.3  24.2  23.9  24.3  24.1  24.1  23.8  23.7  23.9  23.8  23.8  23.9  24.0  23.8  23.8  23.9  23.8  23.7  23.5  24.0  24.1  24.0  23.7  24.2  24.2  24.2  23.8  24.5  24.4 
 24.0  23.9  24.0  24.3  24.1  23.9  24.0  24.2  23.8  23.6  23.8  23.9  23.7  23.7  23.9  23.8  23.8  23.6  23.8  23.8  23.8  23.8  23.9  23.9  23.8  23.6  24.2  24.1  24.0  23.9  24.3  24.3 
 24.1  23.9  24.2  24.5  24.1  24.0  23.9  24.1  23.8  23.8  24.1  23.9  24.0  23.7  23.8  23.9  23.8  23.6  23.8  23.8  23.8  23.6  24.0  24.0  23.9  23.8  24.1  24.3  24.3  24.1  24.1  23.6 
 24.4  24.0  24.4  24.1  24.1  23.9  24.0  24.0  23.8  23.9  24.1  23.9  23.8  23.9  23.9  23.9  23.7  23.6  24.0  23.8  23.8  23.8  24.0  24.0  23.9  23.8  24.3  24.2  24.1  24.0  24.1  24.1 
 24.4  24.0  24.4  24.5  24.1  23.9  24.0  24.1  23.9  23.7  23.8  24.1  23.7  23.6  23.9  23.8  23.7  23.6  23.8  23.9  23.8  23.6  24.1  24.1  24.2  23.8  24.1  24.1  23.9  24.1  24.6  24.5 
 24.3  24.2  24.5  24.3  24.1  24.0  24.0  23.9  23.9  23.7  24.0  24.0  23.8  23.7  23.7  23.8  23.8  23.7  23.9  24.0  23.9  23.8  24.1  24.1  23.9  23.9  24.3  24.1  24.2  24.2  24.3  24.4 
 24.1  23.9  24.5  24.3  23.8  23.9  24.0  24.2  24.0  23.6  24.0  23.8  23.8  23.7  23.8  24.0  23.8  23.8  24.0  24.1  24.0  23.7  24.1 nan  23.9  23.9  24.1  24.4  24.1  24.1  24.9  24.9 
 24.4  24.0  24.3  24.4  24.0  24.0  24.1  24.2  23.7  23.7  23.9  24.0  23.7  23.8  23.9  23.9  24.0  23.7  24.3  24.0  24.1  23.7  24.3  24.3  24.1  24.2  24.5  24.7  24.4  24.2  25.1  25.0 
 24.3  24.5  24.4  24.3  24.1  23.8  24.1  23.9  23.8  23.7  24.0  24.0  23.9  23.7  23.9  23.9  23.9  23.7  24.0  24.2  23.9  24.0  24.4  24.5  24.4  24.2  24.9  25.0  25.1  24.8  25.3  25.5 
 24.1  24.3  24.5  24.3  24.1  23.9  24.2  24.1  23.8  23.9  24.0  24.1  23.7  23.7  24.0  24.0  24.1  23.6  24.1  24.1  24.3  24.7  29.7  30.9  30.6  29.9  27.5  27.1  26.5  26.2  26.3  26.1 
 24.5  24.1  24.3  24.5  24.1  23.8  24.2  24.2  23.9  23.7  24.2  24.0  23.9  23.8  24.0  23.9  24.0  23.8  23.9  24.3  25.2  28.8  45.2  47.5  44.4  39.2  30.7  29.1  27.6  27.2  26.8  26.4 
 24.3  24.2  24.6  24.4  24.0  24.0  24.2  24.3  24.1  23.8  24.0  24.1  23.8  23.7  23.9  23.9  24.0  23.9  24.2  24.4  32.1  44.4  70.3  73.4  69.7  60.5  36.3  32.7  29.2  28.1  27.4  27.2 
 24.4  24.1  24.5  24.4  24.4  24.0  24.4  24.1  23.9  23.9  24.0  23.9  23.8  23.8  24.1  24.0  23.9  23.8  24.4  24.2  34.5  48.7  74.7  77.6  71.5  61.5  36.8  33.2  29.6  28.4  27.8  27.5 
 24.9  24.3  24.8  24.5  24.4  24.0  24.3  24.5  24.0  23.9  24.1  24.0  23.8  23.8  24.3  24.0  24.2  24.0  24.6  24.5  33.4  42.4  64.8  67.8  59.0  49.9  34.5  32.4  29.1  28.4  27.6  27.6 
 24.7  24.5  24.7  24.9  24.6  24.2  24.3  24.2  24.3  23.9  24.0  23.9  24.0  23.7  24.1  24.0  24.0  23.9  24.5  25.0  31.3  36.2  51.8  54.0  47.0  41.9  32.9  31.6  28.8  28.2  28.1  28.4 
 24.9  24.7  25.0  24.8  24.4  23.9  24.5  24.3  24.2  24.0  24.2  24.4  24.1  24.0  24.1  24.2  24.1  24.1  24.7  25.4  27.3  28.5  33.0  34.1  33.7  32.5  30.6  30.0  28.4  27.6  28.6  29.3 
 24.8  24.8  24.9  24.5  24.6  23.9  24.4  24.4  24.2  24.1  24.2  24.2  24.0  23.9  24.1  24.2  24.0  23.9  25.0  25.4  26.1  26.8  30.1  30.8  31.2  30.9  29.9  29.1  27.9  27.7  29.2  30.4 
 25.6  25.3  25.0  25.0  24.7  24.3  24.4  24.6  24.3  24.2  24.3  24.4  24.0  23.8  24.2  24.2  24.3  24.2  25.2  25.1  25.5  25.4  27.6  28.1  28.6  28.4  28.7  28.2  27.7  27.8  30.8  31.5 
 26.2  25.2  25.0  25.4  24.7  24.4  24.4  24.7  24.2  24.1  24.2  24.3  24.3  24.0  24.2  24.1  24.1  24.0  25.0  25.1  25.1  25.5  27.3  27.6  27.8  27.7  28.3  28.2  27.4  27.9  30.9  33.5 
