 24.1  23.5  23.7  24.1  23.2  22.8  22.5  23.1  22.9  22.6  22.9  23.0  22.7  22.5  22.7  22.9  22.7  22.5  22.8  23.1  22.7  22.7  23.4  25.1  27.0  27.5  28.3  28.6  30.1  29.6  29.9  30.8 
 23.6  23.3  24.0  23.7  23.1  23.1  23.2  22.7  22.7  22.7  23.1  22.8  22.7  22.6  22.8  22.7  22.7  22.7  23.0  22.8  22.8  22.7  23.3  23.8  26.6  27.6  28.9  29.0  29.5  29.4  29.8  29.8 
 23.8  23.2  23.4  23.4  23.1  22.7  22.9  22.9  23.0  22.7  22.8  22.9  22.6  22.7  22.6  22.8  22.7  22.5  22.8  22.9  22.6  22.6  22.9  23.3  24.9  26.1  28.3  28.7  28.8  28.8  29.7  29.8 
 23.3  23.2  23.6  23.4  22.9  22.8  23.2  23.2  23.0  22.6  23.2  22.8  22.6  22.7  22.7  22.8  22.7  22.7  22.8  22.6  22.6  22.6  23.1  23.0  23.6  24.3  26.8  27.4  28.7  29.3  30.5  30.2 
 23.4  23.5  23.1  23.4  22.9  22.8  22.8  23.2  23.2  23.4  22.8  22.9  22.7  22.6  22.6  22.6  22.7  22.7  22.8  22.8  22.8  22.7  22.8  22.9  23.0  23.0  24.7  26.4  28.7  28.8  29.7  30.4 
 23.4  23.2  23.6  23.2  22.9  22.9  23.2  22.9  23.4  23.8  23.2  22.9  22.7  22.7  22.7  22.6  22.7  22.6  22.9  22.8  22.6  22.7  23.1  23.0  23.1  23.1  26.2  27.8  30.0  30.3  29.6  29.4 
 23.2  23.0  23.1  23.3  22.6  22.9  23.0  23.5  25.5  26.7  24.0  23.4  22.6  22.7  22.5  22.7  22.7  22.7  22.7  22.8  22.9  22.7  22.8  23.3  23.4  24.4  27.9  29.2  30.7  30.8  31.4  31.2 
 23.3  23.0  23.3  23.2  23.0  22.7  23.1  23.5  26.1  27.8  24.8  23.1  22.7  22.7  22.8  22.7  22.7  22.7  22.8  22.8  22.8  22.8  23.1  22.9  23.8  24.9  28.8  29.7  30.8  30.8  31.7  31.0 
 23.7  23.0  23.3  23.4  23.0  22.8  23.1  23.3  23.3  23.8  23.2  22.9  22.6  22.7  22.6  22.7  22.7  22.6  22.7  22.9  22.8  22.7  23.0  23.2  23.8  25.0  29.1  30.3  31.0  31.3  31.7  31.2 
 23.4  23.2  23.6  23.2  23.1  23.0  22.9  22.8  23.0  22.9  23.1  22.9  22.6  22.5  22.8  22.7  22.7  22.6  22.9  22.8  22.7  22.7  23.0  23.2  23.6  24.7  28.7  29.8  31.0  31.6  31.3  30.0 
 23.9  23.7  24.0  23.9  23.4  23.4  23.0  23.2  22.9  22.7  22.8  22.9  22.6  22.7  22.7  23.0  22.9  22.5  22.8  23.1  22.8  22.6  22.8  23.0  23.2  24.0  28.3  30.1  31.4  31.5  31.4  28.9 
 23.8  23.9  24.0  24.0  24.2  23.9  23.6  23.3  23.0  22.9  23.0  22.9  22.8  22.7  22.8  22.7  22.8  22.8  22.8  22.9  22.7  22.9  23.0 nan  23.1  23.2  27.6  29.3  31.3  31.3  30.7  30.0 
 24.6  24.3  25.0  25.5  26.4  26.5  29.1  29.4  27.4  25.9  23.2  23.0  22.8  22.7  22.8  22.7  22.7  22.6  22.8  22.8  22.8  22.5  22.9  23.2  23.0  23.0  24.8  25.8  28.4  29.2  31.5  31.5 
 24.7  24.6  26.0  26.1  27.6  28.8  36.7  42.1  44.6  39.0  24.0  23.2  22.8  22.7  22.9  22.7  22.6  22.6  22.9  22.7  22.5  22.6  23.1  22.8  23.0  22.8  23.6  24.0  25.7  27.5  30.6  30.8 
 25.1  25.5  26.6  27.3  30.2  32.6  51.6  60.4  70.9  67.2  33.6  25.5  23.0  22.8  22.7  22.8  22.8  22.4  22.7  22.8  22.8  22.7  22.8  22.9  23.0  23.0  23.3  23.6  23.6  23.7  25.0  25.8 
 25.5  25.7  27.2  27.5  30.3  33.4  52.4  60.9  76.1  75.7  38.3  26.3  22.8  23.0  22.8  22.9  22.8  22.7  22.7  22.7  22.7  22.6  23.0  23.0  23.0  22.7  23.5  23.3  23.2  23.5  24.4  24.7 
 25.4  25.5  26.7  27.1  29.9  31.9  45.8  55.5  78.5  78.3  33.5  25.4  23.1  22.8  22.9  23.0  22.9  22.7  23.0  23.0  22.9  22.7  22.8  23.1  23.2  22.9  23.3  23.6  23.3  23.5  24.1  24.1 
 25.4  25.5  26.7  26.5  28.8  30.1  38.9  45.0  61.1  58.3  27.8  24.1  23.1  22.8  23.1  22.8  22.7  22.7  23.0  23.1  22.9  22.8  23.0  23.2  23.0  22.9  23.3  23.3  23.4  23.1  23.9  24.4 
 25.8  25.5  26.2  26.7  27.1  27.6  29.4  31.0  32.4  30.5  24.3  23.6  22.9  23.0  23.0  23.1  22.9  22.9  22.9  23.2  23.1  22.8  23.0  23.4  23.2  22.9  23.2  23.4  23.6  23.4  23.6  24.5 
 25.5  25.5  26.5  26.4  26.4  26.6  28.1  28.4  28.2  27.3  24.1  23.4  23.0  23.0  23.2  23.0  22.8  22.8  23.2  23.1  22.8  22.8  23.4  23.0  23.0  23.1  23.5  23.5  23.2  23.4  24.2  24.1 
 25.7  25.5  25.3  26.0  25.9  25.6  25.9  26.3  25.7  25.1  23.6  23.7  23.2  22.9  23.2  23.3  23.1  22.9  23.1  23.2  23.0  22.8  23.4  23.3  23.5  23.0  23.3  23.9  23.7  24.1  24.7  24.9 
 25.2  25.6  25.8  25.6  25.7  25.5  25.7  25.7  25.1  24.7  24.0  23.7  23.2  23.0  23.4  23.3  23.0  22.9  23.1  23.2  23.1  23.1  23.4  23.5  23.1  23.3  23.7  23.7  24.0  24.4  25.5  25.9 
 26.6  26.0  25.7  25.7  25.4  25.3  25.0  25.3  24.5  24.3  24.0  23.7  23.4  23.2  23.0  23.3  23.3  23.1  23.3  23.5  23.4  23.1  23.3  23.9  23.6  23.4  24.5  24.7  24.9  24.8  25.8  27.1 
 26.8  26.5  25.6  25.7  25.1  25.1  25.1  24.7  24.5  24.2  24.0  23.5  23.4  23.4  23.5  23.3  23.1  23.0  23.6  23.4  23.5  23.3  23.8  23.8  23.9  24.1  25.1  25.3  24.8  25.6  27.0  27.0 
