 24.8  23.4  23.3  23.5  24.1  23.9  24.2  24.4  24.1  23.6  24.1  24.1  23.9  23.7  23.8  24.0  23.8  23.8  23.9  24.2  24.1  23.8  23.9  24.0  24.2  24.0  24.2  24.5  24.8  24.4  25.3  26.3 
 23.7  23.7  24.0  23.7  24.4  23.9  24.4  23.9  23.9  23.7  24.2  23.9  23.6  23.8  24.0  23.9  23.8  23.7  23.9  23.9  23.9  24.0  24.1  24.3  24.0  24.2  24.2  24.0  24.0  24.3  25.3  25.6 
 23.7  23.5  23.8  24.1  24.1  23.8  24.1  24.1  24.0  23.8  23.7  23.9  24.0  23.6  23.9  24.1  23.9  23.5  23.7  24.1  23.9  23.7  24.0  24.3  24.3  23.8  24.0  24.5  24.6  24.0  24.5  24.7 
 23.6  23.5  24.1  24.2  24.0  24.1  24.4  24.1  23.9  23.6  24.1  23.9  23.8  23.8  24.0  23.8  23.9  23.8  23.9  23.9  23.6  23.8  24.3  24.0  24.0  24.1  24.5  23.9  24.0  24.1  24.9  24.9 
 24.3  23.8  23.9  24.3  24.2  24.0  24.0  24.2  24.3  23.9  23.7  23.9  24.0  23.7  23.6  23.8  23.8  23.6  23.9  24.0  23.8  23.9  23.6  24.1  23.9  23.9  24.2  24.0  24.2  24.1  24.3  24.6 
 23.8  23.9  24.3  24.0  24.2  24.3  24.3  24.0  23.9  23.9  23.9  23.9  23.8  23.8  24.0  23.8  23.9  23.7  23.9  23.8  23.7  23.8  24.1  23.8  23.9  24.0  24.2  24.2  24.1  24.3  24.9  24.4 
 24.1  23.8  24.1  24.2  24.1  23.9  23.9  24.3  23.9  23.7  23.9  23.9  23.7  23.7  23.8  23.9  23.8  23.7  23.8  23.9  24.0  23.6  23.9  23.8  23.9  23.8  23.9  24.4  24.0  23.9  23.9  24.3 
 24.1  23.9  24.3  23.8  24.1  24.0  24.2  23.9  23.6  23.9  24.0  23.8  23.8  23.7  24.0  23.8  23.8  23.6  23.9  23.8  23.8  23.8  23.9  23.9  23.9  23.9  24.2  24.0  23.9  24.1  24.1  23.4 
 24.5  24.0  24.3  24.3  24.1  24.1  23.9  24.1  23.8  23.7  24.0  24.0  24.0  23.7  23.7  23.8  23.9  23.8  23.9  24.1  24.0  23.9  23.7  24.0  24.0  24.0  24.0  24.2  24.0  24.0  24.0  24.6 
 24.1  24.2  24.5  24.2  24.1  24.1  24.3  23.8  23.9  23.8  24.0  23.9  23.6  23.7  23.9  23.8  23.8  23.8  23.9  23.9  23.9  23.9  24.1  24.0  24.0  23.9  24.3  24.1  23.9  24.1  24.8  24.3 
 24.6  24.2  24.2  24.4  24.2  23.9  23.7  24.2  23.8  23.8  24.0  24.0  23.9  23.8  23.9  23.8  23.9  23.7  23.9  24.0  24.1  23.8  24.0  24.0  23.9  23.9  23.9  24.2  24.3  23.9  24.2  24.6 
 24.1  24.2  24.5  24.2  24.1  23.9  24.3  24.0  23.7  23.8  24.0  24.0  23.9  23.7  23.8  23.8  23.8  23.8  23.9  23.9  23.8  24.0  24.0 nan  23.9  24.1  24.0  24.4  24.2  24.0  24.7  24.5 
 24.4  24.1  24.2  24.2  24.0  23.8  24.0  24.2  23.7  23.7  23.9  24.0  23.9  23.8  23.9  23.9  24.0  23.8  23.9  23.9  24.1  23.8  24.0  24.3  24.4  24.3  24.5  24.7  24.7  24.4  25.1  25.0 
 24.5  24.2  24.4  24.3  24.1  24.0  24.2  23.9  23.7  23.7  24.2  24.0  23.9  23.8  23.8  23.9  23.8  23.8  24.0  24.2  24.2  24.0  24.2  24.4  24.2  24.3  24.6  24.8  25.0  24.9  25.5  25.2 
 24.6  24.2  24.1  24.5  24.2  23.9  24.1  24.3  24.1  23.9  23.9  24.1  23.9  23.8  23.8  24.1  24.0  23.9  24.1  24.1  24.3  24.7  29.4  30.8  30.6  29.9  27.2  27.1  26.8  26.0  26.3  26.4 
 24.5  24.2  24.5  24.3  24.1  23.9  24.2  24.1  24.0  23.8  24.0  23.9  23.9  23.9  24.0  23.8  23.7  23.9  24.2  24.0  25.1  28.8  45.1  47.3  44.4  39.3  30.6  29.2  27.4  27.3  27.1  26.4 
 24.3  24.2  24.2  24.4  24.3  24.0  24.1  24.3  24.1  23.7  23.9  24.1  24.1  23.8  23.8  23.9  23.9  23.8  24.1  24.4  31.9  44.4  70.0  73.3  69.8  60.4  36.0  32.8  29.0  28.1  27.3  27.2 
 24.3  24.3  24.5  24.4  24.1  24.0  24.4  24.2  23.8  24.1  24.0  24.0  24.0  24.0  24.2  24.0  24.0  23.7  24.5  24.2  34.4  48.7  74.6  77.2  71.4  61.5  37.0  33.1  29.6  28.6  27.6  27.2 
 24.7  24.4  24.5  24.6  24.1  24.0  24.3  24.5  24.1  23.9  24.0  24.1  24.1  24.0  24.1  24.0  24.2  24.0  24.1  24.6  33.3  42.4  64.7  67.7  59.1  50.0  34.3  32.4  29.3  28.4  27.6  28.1 
 24.5  24.8  24.5  24.6  24.1  24.0  24.5  24.2  24.0  24.1  24.1  24.0  24.1  23.9  24.2  24.0  24.0  23.9  24.5  24.9  31.2  36.4  51.8  53.7  46.7  41.8  33.2  31.4  28.5  28.2  28.1  28.0 
 24.8  24.4  24.9  24.8  24.5  24.2  24.5  24.3  24.4  23.8  24.0  24.2  24.0  23.8  24.1  24.2  24.0  24.1  24.5  25.3  27.3  28.4  32.8  34.3  33.8  32.5  30.5  30.1  27.9  27.6  28.2  29.3 
 24.8  25.0  25.1  24.5  24.2  24.2  24.6  24.4  24.0  24.1  24.3  24.1  24.0  24.0  24.3  24.2  24.0  24.1  24.7  25.4  25.9  26.8  29.7  30.5  30.9  30.9  29.8  29.3  27.5  27.7  29.2  30.1 
 25.8  25.3  24.8  24.8  24.8  24.2  24.2  24.4  24.3  23.9  24.0  24.5  24.0  24.0  24.0  24.2  24.2  24.0  25.1  25.3  25.4  25.3  27.4  28.2  28.7  28.3  28.6  28.3  27.7  27.8  30.5  31.9 
 25.9  25.4  25.2  25.2  24.4  24.7  24.7  24.4  24.1  24.5  24.3  24.4  24.2  24.1  24.2  24.2  24.3  24.2  25.3  25.0  25.1  25.4  27.3  27.3  27.8  27.9  28.0  28.0  28.0  28.4  32.1  32.6 
