 24.3  23.4  23.3  23.5  24.1  23.9  23.9  24.1  23.7  23.8  24.0  24.1  23.9  23.5  23.7  23.9  23.9  23.6  23.7  23.9  23.8  23.8  23.7  24.1  23.9  23.9  24.2  24.5  24.4  24.4  25.0  26.0 
 23.7  23.7  23.5  23.7  23.8  23.9  24.1  24.5  23.8  23.7  23.9  24.1  23.6  23.4  23.9  23.9  23.7  23.6  23.8  23.9  23.7  23.5  24.1  24.0  23.6  24.1  24.0  24.2  24.2  24.1  25.1  25.6 
 23.7  23.5  23.8  24.2  24.1  23.8  24.1  24.0  23.8  23.7  23.7  24.0  23.8  23.6  24.0  24.0  23.9  23.6  23.9  23.9  23.8  23.7  23.9  23.8  24.1  24.0  24.3  24.2  24.3  24.2  24.3  25.1 
 23.2  23.2  24.0  24.0  24.1  24.0  24.2  24.1  23.7  23.8  23.8  23.9  23.5  23.7  23.9  23.9  23.7  23.8  23.8  23.9  23.8  23.8  24.1  23.9  23.8  23.8  24.1  24.4  24.3  23.9  24.8  24.9 
 24.1  24.1  23.6  24.3  24.2  24.2  24.0  24.2  23.9  23.6  23.7  23.8  23.9  23.5  23.8  23.8  23.8  23.6  23.7  23.9  23.9  23.5  23.9  23.9  23.8  23.9  24.3  24.3  23.9  23.8  24.1  24.3 
 23.8  23.8  24.1  24.3  24.1  24.1  24.1  24.0  23.8  23.7  23.9  23.8  23.4  23.8  23.8  23.9  23.7  23.6  23.9  24.1  23.7  23.6  23.9  24.2  23.9  23.7  24.1  24.2  24.0  24.1  24.5  24.6 
 23.6  23.8  24.0  24.3  24.1  24.2  24.0  24.2  23.7  23.6  23.9  23.9  23.8  23.7  23.8  23.9  23.7  23.7  23.7  23.8  23.9  23.7  24.0  23.9  23.8  23.6  24.1  24.3  23.9  23.9  24.3  24.3 
 23.9  23.7  24.0  24.2  24.1  23.8  24.0  24.1  23.7  23.6  23.9  23.8  23.8  23.6  23.9  23.9  23.8  23.6  23.7  23.8  23.8  23.6  23.7  24.1  23.6  23.6  24.1  24.2  24.2  23.9  24.0  23.9 
 24.4  23.9  24.3  24.2  24.1  23.9  24.0  24.0  23.8  23.6  24.0  23.9  23.9  23.6  23.8  23.8  23.7  23.7  23.9  23.9  23.8  23.8  24.1  23.8  23.8  23.9  24.3  24.4  24.1  23.9  24.1  24.4 
 24.0  23.9  24.2  24.3  24.1  24.3  24.0  24.2  23.7  23.7  23.8  24.0  23.6  23.7  23.7  24.0  23.8  23.8  23.8  23.9  23.7  23.7  23.9  24.0  23.8  23.9  24.1  24.1  24.0  24.1  24.5  24.2 
 24.2  24.1  24.2  24.2  24.0  23.9  24.2  23.8  23.8  23.6  23.6  24.0  23.7  23.8  23.9  23.8  23.8  23.7  23.8  24.1  23.9  23.8  24.0  24.1  23.8  23.8  24.2  24.2  24.2  24.1  24.5  24.6 
 24.0  24.2  24.1  24.2  23.9  24.0  23.9  24.1  23.6  23.7  23.9  24.1  23.7  23.7  23.6  23.9  23.7  23.8  23.8  23.9  23.6  23.8  24.0 nan  23.8  23.8  24.0  24.2  24.1  24.0  24.4  24.5 
 24.6  24.0  23.9  24.2  24.0  23.7  24.1  24.1  23.7  23.7  23.8  23.9  23.9  23.8  24.0  23.9  23.9  23.8  23.9  23.9  24.1  23.8  24.1  24.3  24.3  23.9  24.5  24.4  24.4  24.5  25.3  24.8 
 24.3  24.2  24.4  24.4  24.0  24.0  23.9  23.7  23.7  23.6  24.0  24.0  23.8  23.9  23.9  23.9  23.7  23.8  23.9  24.2  24.0  23.8  24.2  24.5  24.4  24.2  24.5  24.8  24.7  24.9  25.3  25.5 
 24.1  24.1  24.3  24.3  24.0  23.9  24.2  24.1  24.0  23.8  23.9  24.0  24.0  23.7  23.8  24.0  24.0  23.7  24.0  24.2  24.6  24.7  29.6  30.7  30.7  29.7  27.2  27.2  26.4  25.9  26.2  26.3 
 24.2  23.9  24.5  24.2  23.9  23.8  24.1  24.1  23.7  23.7  24.0  24.0  23.9  23.8  23.8  23.9  23.9  23.9  24.0  24.3  24.9  28.7  45.1  47.3  44.3  39.1  30.7  29.1  27.4  27.1  26.8  26.3 
 24.1  24.2  24.6  24.4  24.2  24.0  24.1  24.1  23.8  23.7  23.9  23.9  24.0  23.7  23.9  23.9  24.0  23.8  24.1  24.2  32.1  44.3  70.2  73.4  69.7  60.5  36.1  32.7  29.0  28.2  27.6  27.2 
 24.4  24.3  24.5  24.2  23.9  23.9  24.4  24.3  23.9  23.8  23.9  24.2  23.7  23.8  24.0  24.0  23.9  23.8  24.2  24.2  34.3  48.7  74.6  77.4  71.4  61.5  36.8  33.3  29.2  28.5  27.5  27.2 
 24.9  24.5  24.6  24.7  24.3  24.2  24.3  24.6  23.9  23.8  24.0  23.9  23.9  23.8  24.1  24.2  24.1  23.8  24.1  24.5  33.3  42.5  64.8  67.8  58.9  49.9  34.5  32.2  29.3  28.6  27.8  27.7 
 24.5  24.5  24.5  24.6  24.4  24.2  24.5  24.5  23.9  23.9  24.0  24.1  23.8  24.1  24.1  23.9  23.8  24.0  24.3  24.7  31.1  36.3  51.7  54.0  46.7  41.8  32.9  31.2  28.7  28.4  27.9  28.0 
 24.7  24.7  24.9  25.0  24.2  24.2  24.2  24.4  24.2  23.8  24.0  24.4  24.0  23.9  24.0  24.2  23.9  24.0  24.4  25.4  27.2  28.5  33.0  33.8  33.4  32.4  30.5  29.8  27.7  27.5  28.2  29.3 
 24.6  24.8  24.8  24.8  24.2  24.0  24.3  24.4  24.0  24.2  24.1  24.1  23.9  24.0  24.0  24.2  23.8  24.1  24.7  25.4  26.1  26.8  29.8  30.8  31.0  30.7  29.7  29.3  27.4  27.5  28.5  30.1 
 25.5  25.5  24.8  24.8  24.4  24.2  24.6  24.4  24.2  24.2  24.4  24.4  24.2  24.0  24.2  24.3  24.2  23.9  25.0  25.2  25.4  25.5  27.4  28.2  28.9  28.7  28.7  28.2  27.4  27.8  30.1  31.0 
 25.9  25.9  24.8  25.2  24.4  24.2  24.4  24.6  24.2  24.2  24.3  24.4  24.1  23.9  24.2  24.2  23.8  24.1  25.0  24.9  25.2  25.4  27.0  27.3  27.8  28.0  28.0  28.2  27.6  28.2  31.3  33.1 
