 24.1  24.2  24.0  24.2  24.0  24.1  24.2  24.2  23.8  24.1  24.1  24.3  23.7  23.8  23.8  24.2  23.6  23.9  24.1  24.3  23.5  23.9  24.0  24.4  24.1  23.9  24.2  24.5  24.4  24.3  25.5  26.4 
 24.0  23.1  23.9  23.9  24.2  24.0  24.3  24.3  23.9  23.7  24.1  24.1  23.8  23.5  24.1  24.1  23.9  23.3  24.4  23.9  24.0  23.6  24.2  24.0  24.0  23.6  24.3  24.5  24.1  24.1  25.2  25.4 
 23.7  23.6  23.8  24.2  24.2  24.0  24.3  23.8  23.9  23.8  23.9  24.1  23.5  23.8  24.1  24.0  23.6  23.8  24.0  24.2  23.8  24.0  24.1  24.2  23.8  24.0  24.5  24.4  23.9  24.1  24.5  25.0 
 23.5  23.2  24.2  24.5  24.0  23.7  24.3  24.3  23.8  23.6  24.1  24.0  23.8  23.4  23.9  23.9  24.0  23.5  24.0  23.8  23.9  23.8  24.0  24.0  23.9  23.6  24.5  24.2  24.3  24.1  24.6  24.5 
 23.9  24.0  24.2  24.5  24.1  24.1  24.0  24.2  23.6  23.8  24.1  24.1  23.6  23.7  23.8  23.9  23.6  23.9  23.8  23.9  23.8  23.8  24.0  24.0  23.9  24.1  24.1  24.3  23.8  24.2  24.3  24.9 
 24.1  23.6  24.1  24.1  24.2  23.7  24.3  24.2  23.9  23.6  24.1  23.7  23.8  23.6  23.8  24.0  23.8  23.4  24.0  23.9  24.0  23.6  24.1  23.8  23.9  23.8  24.3  24.2  24.2  24.0  24.7  24.4 
 23.6  23.9  24.1  24.3  23.9  24.1  24.1  24.2  23.7  23.6  23.8  24.1  23.7  23.8  23.8  23.9  23.6  23.8  23.9  24.0  23.8  23.9  23.9  24.2  23.8  23.8  24.2  24.4  23.8  24.0  24.4  24.7 
 24.2  23.5  24.2  24.2  24.1  23.7  24.2  24.1  23.8  23.6  24.1  23.9  23.8  23.6  23.9  23.8  23.9  23.7  23.9  23.8  23.8  23.7  24.1  23.9  23.8  23.4  24.0  24.1  24.3  23.9  24.3  23.4 
 24.1  24.1  24.3  24.2  23.9  24.0  24.1  24.2  23.7  23.9  24.0  24.1  23.7  23.9  23.8  24.1  23.6  23.9  24.0  23.9  23.6  23.8  24.0  24.2  23.8  23.9  24.0  24.3  24.0  24.3  24.6  24.3 
 24.4  23.9  24.4  24.3  24.1  23.9  24.2  23.9  23.9  23.5  24.0  24.1  23.8  23.7  23.9  23.8  24.0  23.6  24.0  24.1  23.7  23.7  24.1  23.9  24.0  23.7  24.4  24.5  23.8  23.7  24.6  24.3 
 24.1  24.2  24.4  24.3  23.9  24.1  23.9  24.0  23.5  23.8  24.1  23.9  23.6  23.8  23.9  24.1  23.6  23.8  23.9  24.1  23.8  23.9  24.0  24.0  23.9  24.0  24.0  24.4  23.9  24.2  24.5  24.9 
 24.4  23.9  24.3  24.4  23.9  23.8  24.1  24.2  23.9  23.7  24.1  24.0  23.8  23.7  24.0  23.9  23.8  23.7  24.1  23.8  23.9  23.7  24.2 nan  24.1  23.7  24.2  24.2  24.1  23.9  24.5  24.7 
 24.3  24.1  24.4  24.5  24.0  23.9  24.2  24.2  23.6  23.8  23.9  24.1  23.7  23.8  24.0  24.2  23.9  23.9  24.0  24.1  24.0  24.0  24.2  24.2  24.1  24.3  24.6  24.7  24.4  24.5  25.1  25.1 
 24.6  24.1  24.1  24.2  24.1  23.9  24.2  24.1  23.9  23.5  24.0  23.9  24.0  23.8  24.0  23.9  23.8  23.7  24.2  24.1  24.1  23.9  24.4  24.4  24.5  24.2  24.9  24.7  25.0  24.7  25.6  25.5 
 24.0  24.3  24.4  24.5  24.1  23.9  24.2  24.2  23.7  23.9  24.0  24.3  23.8  23.8  23.8  24.0  23.9  23.9  24.1  24.2  24.1  25.0  29.6  31.1  30.6  29.8  27.3  27.2  26.4  26.6  26.1  26.2 
 24.3  23.8  24.8  24.3  24.2  23.7  24.2  24.0  23.9  23.6  24.2  23.9  24.1  23.6  24.1  24.1  23.8  23.8  24.2  24.2  25.1  28.5  44.9  47.4  44.5  39.1  30.9  29.1  27.7  26.9  26.7  26.6 
 24.1  24.4  24.6  24.3  24.0  24.0  24.3  24.2  23.9  24.0  23.9  24.1  23.8  23.9  23.9  24.1  23.6  24.0  24.1  24.3  31.8  44.6  70.3  73.4  69.6  60.5  36.4  32.8  28.9  28.4  27.6  27.2 
 24.5  23.8  24.6  24.5  24.2  23.7  24.5  24.3  23.8  24.0  24.1  24.0  23.9  23.7  24.1  24.0  23.8  23.6  24.4  24.3  34.5  48.7  74.9  77.4  71.6  61.5  37.1  33.2  29.6  28.3  28.1  27.5 
 24.7  24.6  24.6  24.7  24.1  24.4  24.4  24.6  24.0  24.0  24.2  24.1  23.8  24.1  24.1  24.2  24.0  24.0  24.2  24.7  33.2  42.4  64.9  67.8  58.8  50.2  34.6  32.5  29.1  28.5  27.6  28.0 
 24.8  24.5  24.8  24.8  24.3  23.8  24.5  24.2  24.1  23.7  24.3  24.0  23.9  23.6  24.2  23.9  24.0  23.8  24.5  25.0  31.3  36.3  51.9  53.9  47.0  41.7  33.1  31.4  28.8  27.9  28.1  28.0 
 24.5  24.7  24.5  24.9  24.2  24.4  24.3  24.5  24.2  24.2  24.0  24.3  23.7  24.0  24.1  24.3  23.7  24.2  24.7  25.5  27.1  28.6  33.2  34.2  33.3  32.6  30.7  30.1  27.9  27.9  28.8  29.6 
 25.1  24.4  24.9  24.6  24.6  24.0  24.4  24.5  24.2  23.8  24.3  24.2  24.1  23.6  24.2  24.1  24.1  23.8  25.1  25.5  26.3  26.6  29.8  30.8  31.3  30.8  29.6  29.5  27.8  27.3  28.8  30.7 
 25.5  25.0  25.0  25.1  24.2  24.3  24.9  24.6  24.3  24.5  24.5  24.6  23.9  24.2  24.4  24.4  24.1  24.3  25.2  25.5  25.2  25.8  27.6  28.4  28.6  28.7  28.7  28.4  27.4  28.1  30.8  32.0 
 26.0  24.9  25.1  25.0  25.0  24.2  25.1  24.5  24.3  24.0  24.6  24.3  24.3  23.9  24.4  24.4  24.1  23.9  25.2  25.0  25.1  25.2  27.1  27.7  28.0  27.7  28.4  28.0  28.1  27.9  31.8  32.6 
