 24.1  23.6  23.3  23.5  24.0  23.8  24.2  24.0  24.1  23.7  24.0  24.0  23.8  23.6  24.0  23.8  23.6  23.8  23.9  23.9  23.8  23.9  23.7  24.0  24.1  23.7  24.0  24.5  24.4  24.7  25.3  26.0 
 23.7  23.3  23.7  23.9  24.0  24.0  24.4  24.0  23.8  23.6  23.8  23.9  23.6  23.8  24.3  23.8  23.7  23.4  23.9  24.0  24.0  23.7  24.1  24.0  23.9  24.1  24.2  24.2  24.2  24.3  24.9  24.8 
 23.7  23.5  23.8  23.6  24.0  23.8  24.0  24.2  23.8  23.8  23.7  24.1  23.7  23.8  24.0  23.9  23.7  23.7  23.7  23.8  23.7  23.8  24.0  24.0  24.2  24.0  24.0  24.3  24.3  24.0  24.2  25.1 
 23.2  23.4  23.9  24.0  24.0  24.0  24.2  24.1  23.9  23.7  23.9  23.8  23.6  23.5  23.9  23.8  23.8  23.7  24.1  23.9  23.9  23.7  24.1  23.9  23.8  23.8  24.3  24.2  23.8  24.1  24.5  24.5 
 23.9  24.1  23.6  24.2  24.1  24.0  23.9  24.1  23.7  23.8  23.8  24.0  23.8  23.7  23.8  23.8  23.8  23.8  23.8  23.8  23.8  23.8  23.7  24.1  24.0  23.9  24.2  24.2  24.1  23.8  24.1  24.3 
 23.8  23.6  23.9  24.1  23.9  24.1  24.2  24.0  23.9  23.6  23.7  23.9  23.8  23.5  23.9  23.8  23.6  23.6  23.8  24.0  23.7  23.4  23.8  23.7  23.9  23.8  24.1  24.3  24.0  23.8  24.4  24.4 
 23.8  23.8  24.0  23.9  24.0  24.0  24.0  24.0  23.8  23.6  23.8  24.0  23.8  23.7  23.7  23.9  23.6  23.8  23.8  23.8  23.8  23.9  23.9  23.8  23.8  23.9  24.1  24.3  24.3  24.1  24.1  24.3 
 23.9  23.7  23.9  24.4  24.1  24.0  24.0  24.0  23.8  23.6  23.9  23.8  23.8  23.6  23.7  23.7  23.8  23.5  23.7  23.7  23.8  23.6  23.9  24.0  23.8  23.8  24.1  24.3  23.9  23.9  24.3  23.4 
 24.4  24.0  24.3  24.2  23.9  24.1  24.0  24.0  23.8  23.7  23.9  23.9  23.8  23.8  23.7  23.8  23.7  23.6  23.8  23.9  23.7  23.8  23.8  24.1  23.8  23.8  23.9  24.2  24.0  24.0  24.0  24.2 
 24.4  24.0  24.3  24.2  24.3  23.9  24.0  23.9  23.8  23.6  23.8  24.0  23.8  23.5  23.8  23.8  23.7  23.5  23.7  24.1  23.7  23.7  24.1  23.9  24.1  23.9  24.3  24.1  24.0  23.8  24.8  24.3 
 24.3  24.4  24.4  24.3  23.8  23.9  23.8  23.9  23.8  23.8  23.8  24.0  23.8  23.6  23.9  24.0  23.7  23.8  24.0  23.9  23.7  23.8  24.0  24.2  23.8  23.9  23.9  23.9  24.1  24.2  24.5  24.4 
 24.3  24.2  24.3  24.3  24.1  23.8  23.9  24.0  23.7  23.7  23.9  24.0  23.7  23.7  23.9  23.9  23.7  23.8  23.9  23.8  23.9  23.8  24.1 nan  24.0  23.6  24.1  24.2  24.2  23.8  24.4  24.4 
 24.3  23.9  24.2  24.4  23.9  23.7  24.0  24.1  23.7  23.9  23.9  23.9  23.7  23.8  23.8  24.0  23.7  23.8  24.0  23.8  24.0  23.9  24.1  24.3  24.1  24.0  24.3  24.4  24.3  24.5  24.7  25.0 
 24.2  24.3  24.4  24.3  24.0  23.9  24.1  23.9  23.8  23.7  24.0  23.9  23.9  23.8  23.8  23.9  23.9  23.8  24.0  24.1  24.0  23.9  24.3  24.2  24.2  24.4  24.6  24.5  24.7  24.9  25.5  25.5 
 24.3  24.4  24.3  24.5  24.1  24.0  24.2  24.0  23.9  23.9  23.9  23.9  23.9  23.9  23.9  24.0  23.8  23.8  24.0  24.0  24.2  24.7  29.4  30.9  30.6  29.9  27.1  27.2  26.4  26.6  25.8  26.1 
 24.4  24.1  24.7  24.2  24.1  23.8  24.2  24.1  23.9  23.7  23.9  23.9  23.9  23.9  23.9  24.0  23.9  23.7  24.2  23.9  24.8  28.6  45.1  47.4  44.4  39.0  30.7  29.0  27.4  27.1  26.8  26.3 
 24.3  24.5  24.2  24.4  24.0  24.0  24.2  24.2  23.8  23.8  23.9  24.0  23.9  23.7  24.0  24.0  24.0  23.7  24.1  24.2  32.0  44.4  70.0  73.4  69.5  60.6  36.2  32.7  28.8  28.1  27.3  27.2 
 24.4  24.0  24.4  24.2  24.0  23.9  24.2  24.2  23.9  24.0  23.8  24.0  23.9  23.8  24.0  24.0  23.9  23.8  24.3  24.3  34.3  48.7  74.7  77.2  71.5  61.5  37.0  33.2  29.2  28.4  27.5  27.3 
 24.7  24.7  24.5  24.7  24.0  24.2  24.2  24.3  24.0  23.9  24.1  24.0  23.9  23.7  24.1  24.2  24.0  24.1  24.2  24.7  33.3  42.5  64.7  67.8  58.9  50.1  34.7  32.6  29.1  28.4  28.0  27.9 
 24.7  24.7  24.4  24.6  24.4  24.1  24.3  24.1  24.0  24.1  24.0  23.9  24.0  23.8  23.9  23.8  24.0  23.8  24.5  24.7  31.4  36.1  51.7  53.9  46.9  41.8  33.0  31.2  28.5  28.1  27.9  28.2 
 24.8  24.6  24.9  24.8  24.2  24.5  24.2  24.4  24.2  24.1  23.9  24.3  24.0  24.0  24.1  24.4  23.9  24.0  24.5  25.4  27.2  28.5  33.0  34.0  33.7  32.5  30.6  30.0  27.9  27.8  28.0  29.8 
 25.2  24.6  24.8  24.6  24.5  24.0  24.3  24.4  24.0  24.0  24.1  24.3  23.8  23.7  24.0  24.3  24.0  23.8  24.7  25.5  26.1  26.7  29.7  30.8  31.2  30.8  29.8  29.3  27.4  27.5  29.2  29.8 
 25.3  25.3  24.6  25.1  24.4  24.2  24.4  24.4  24.0  24.3  24.1  24.4  24.2  24.2  24.3  24.3  24.1  24.0  25.2  25.1  25.4  25.9  27.3  28.1  28.4  28.6  28.4  28.3  27.4  27.8  30.8  31.5 
 25.9  25.4  25.2  24.8  24.4  24.1  24.4  24.6  24.3  24.1  24.3  24.0  24.1  23.9  24.2  24.3  24.3  24.1  24.8  24.8  25.2  25.5  27.1  27.3  27.6  27.9  28.3  28.0  27.8  27.9  31.7  32.1 
