 24.2  23.2  23.7  23.7  24.2  23.8  24.5  24.1  23.8  23.4  24.1  24.1  24.0  23.5  24.1  24.0  23.7  23.7  24.2  24.1  23.8  23.6  24.4  24.0  24.0  23.7  24.3  24.4  24.3  24.2  25.6  26.3 
 23.9  23.4  23.5  24.3  23.9  24.0  23.8  24.3  23.9  23.8  23.8  24.3  23.7  23.9  23.7  24.1  23.6  23.7  24.0  24.1  23.5  23.8  23.9  24.1  24.0  24.3  24.3  24.4  24.3  24.6  24.8  25.7 
 23.4  23.3  24.3  24.0  24.2  23.8  24.1  24.0  23.7  23.5  23.9  24.1  23.9  23.4  24.0  23.8  23.9  23.5  24.0  23.8  23.9  23.7  24.1  24.1  24.0  23.9  24.5  24.3  24.2  24.0  24.8  24.6 
 23.0  23.5  24.0  24.4  23.8  24.1  24.3  24.4  23.6  23.5  24.2  24.1  23.6  23.6  23.7  23.9  23.8  23.7  23.9  24.1  23.7  23.8  24.1  24.2  23.9  23.9  24.3  24.3  24.1  24.2  24.7  25.2 
 24.0  23.6  24.2  24.2  24.3  24.0  24.4  24.2  24.1  23.6  24.1  23.7  23.9  23.5  23.9  23.8  23.8  23.5  23.8  23.8  23.8  23.6  24.1  24.0  24.0  23.5  24.2  24.0  24.2  24.1  24.4  24.4 
 23.6  23.9  24.0  24.2  23.9  24.2  23.9  24.3  24.0  23.9  23.8  23.9  23.6  23.7  23.7  24.1  23.5  23.8  23.8  24.2  23.5  23.6  23.9  23.9  23.8  23.8  24.1  24.3  23.9  23.9  24.5  24.5 
 23.7  23.6  24.2  24.3  24.1  23.8  24.1  23.8  23.7  23.7  24.0  24.0  23.9  23.6  23.8  23.8  23.6  23.7  24.0  23.9  23.8  23.6  24.2  23.8  23.9  23.8  24.0  24.1  24.3  23.8  24.4  24.2 
 23.9  23.8  23.9  24.5  24.2  24.0  24.1  24.0  23.6  23.8  23.7  23.8  23.7  23.7  23.9  23.9  23.7  23.7  23.8  23.9  23.7  23.8  23.8  24.0  23.6  23.8  24.0  24.3  24.0  24.0  24.0  23.7 
 24.3  23.9  24.4  24.1  24.2  23.8  24.1  24.0  23.9  23.7  24.0  23.9  23.9  23.6  24.0  23.9  23.8  23.7  24.0  23.9  23.9  23.7  24.0  24.1  24.1  23.8  24.1  24.1  24.2  23.7  24.4  24.2 
 24.3  23.8  24.3  24.4  24.2  23.9  24.0  24.1  23.8  23.6  23.8  24.1  23.5  23.5  23.8  23.9  23.7  23.6  23.9  24.2  23.7  23.7  23.9  24.1  23.9  23.8  24.1  24.2  24.0  23.9  24.3  24.3 
 24.4  24.1  24.3  24.3  24.1  23.8  24.1  24.1  23.8  23.6  24.0  23.9  23.8  23.6  23.9  23.9  23.9  23.8  24.0  23.8  24.0  23.7  24.2  24.0  24.1  23.8  24.1  24.0  24.3  23.8  24.6  24.1 
 23.8  24.0  24.1  24.4  23.7  23.8  24.0  24.2  23.6  23.8  23.8  23.9  23.7  23.7  23.8  24.1  23.5  23.9  23.9  24.0  23.7  23.9  24.2 nan  23.7  23.7  24.1  24.4  24.0  24.1  24.4  24.8 
 24.4  23.8  24.4  24.1  24.0  23.8  24.1  24.0  23.9  23.8  24.1  23.9  23.9  23.7  24.2  24.0  23.9  23.7  24.1  23.9  24.0  23.8  24.2  24.2  24.2  24.0  24.5  24.4  24.2  24.4  25.2  24.8 
 24.1  24.3  24.5  24.4  24.0  24.0  24.0  24.3  23.7  23.8  23.9  24.1  23.7  23.9  23.9  24.0  23.8  23.8  23.9  24.2  23.9  24.0  24.3  24.5  24.2  24.3  24.6  25.0  24.7  24.6  25.3  25.1 
 24.5  24.3  24.5  24.1  24.3  24.1  24.4  24.0  24.0  23.6  24.0  24.1  23.7  23.6  24.0  23.9  23.9  23.7  24.2  24.0  24.4  24.5  29.5  30.9  30.9  29.6  27.4  27.3  26.5  26.1  26.2  25.9 
 24.1  24.0  24.4  24.6  23.8  23.9  24.0  24.2  23.7  23.8  23.9  24.1  23.9  24.0  23.8  24.1  23.6  23.7  24.0  24.3  24.9  28.6  45.0  47.6  44.2  39.3  30.5  29.1  27.3  27.2  26.8  26.7 
 24.4  24.0  24.6  24.2  24.2  23.7  24.3  24.2  23.8  23.8  24.2  23.9  23.9  23.6  24.1  23.9  23.8  23.7  24.2  24.2  32.0  44.3  70.1  73.1  69.6  60.3  36.4  32.6  28.9  28.1  27.5  27.2 
 24.2  24.1  24.3  24.6  24.0  24.1  24.2  24.3  23.8  24.1  23.9  24.1  23.9  23.9  24.0  24.2  23.9  23.8  24.1  24.5  34.1  48.7  74.5  77.2  71.2  61.5  36.9  33.3  29.4  28.5  27.3  27.4 
 24.4  24.5  25.0  24.6  24.4  24.2  24.5  24.2  24.1  23.9  24.1  24.1  23.8  23.7  24.3  23.9  24.2  23.9  24.3  24.5  33.3  42.3  64.8  67.6  58.8  49.8  34.7  32.1  29.4  28.4  27.9  28.1 
 24.5  24.4  24.4  24.7  24.5  24.2  24.2  24.3  23.9  24.0  24.1  24.2  23.8  24.0  24.0  24.1  23.9  23.9  24.3  25.0  31.2  36.3  51.7  54.1  46.6  41.9  32.9  31.3  28.7  28.5  27.8  28.3 
 24.9  24.4  25.0  24.8  24.5  24.0  24.5  24.4  24.0  23.8  24.2  24.3  24.1  23.7  24.2  24.1  23.9  23.9  24.5  25.4  27.2  28.5  33.1  33.9  33.5  32.6  30.4  29.8  28.1  27.5  28.1  29.3 
 24.8  24.9  24.8  25.2  24.3  24.3  24.4  24.6  24.0  23.9  24.1  24.5  23.9  23.9  24.1  24.4  23.9  23.9  24.6  25.3  25.9  26.9  29.8  30.7  30.8  30.6  29.9  29.4  27.4  27.3  29.2  30.2 
 25.4  25.1  25.1  24.8  24.5  24.1  24.7  24.6  24.3  24.2  24.5  24.4  24.3  23.8  24.4  24.3  24.2  23.9  25.2  24.9  25.4  25.5  27.5  28.2  28.7  28.6  28.7  28.1  27.5  27.5  30.9  31.0 
 25.6  25.3  24.8  25.3  24.5  24.7  24.4  24.7  24.1  24.2  24.3  24.4  23.9  24.1  24.3  24.4  24.1  24.1  24.9  25.0  25.1  25.5  26.9  27.7  27.6  27.5  28.1  28.0  27.8  28.3  31.7  32.2 
