 23.2  23.1  23.6  23.6  23.1  23.0  22.9  23.0  22.7  22.7  22.8  22.8  22.8  22.6  22.7  22.9  22.6  22.5  22.9  22.9  22.7  22.6  22.7  23.0  22.6  22.9  23.4  24.4  24.0  23.2  24.3  25.1 
 23.8  23.1  23.7  23.6  23.3  22.6  22.9  22.9  22.7  22.3  22.9  23.0  22.7  22.6  22.8  22.5  22.6  22.4  22.9  23.0  22.9  22.5  23.1  22.9  22.9  22.9  23.5  24.3  23.7  23.7  24.4  23.9 
 23.4  23.2  23.3  23.4  23.1  22.8  22.9  23.0  22.6  22.6  22.9  23.1  22.4  22.6  22.7  22.8  22.5  22.5  22.8  22.9  22.7  22.6  22.9  22.9  22.8  22.8  23.1  23.6  23.3  23.5  23.6  23.9 
 23.1  23.1  23.5  23.2  23.0  22.4  23.0  23.0  23.0  22.8  23.0  22.8  22.6  22.5  22.8  22.8  22.5  22.4  22.7  22.8  22.7  22.6  22.8  22.9  22.9  22.7  23.3  23.2  23.0  23.3  23.9  23.4 
 23.3  23.4  23.2  23.2  23.1  22.9  22.9  23.2  23.5  23.4  22.8  23.0  22.7  22.7  22.6  22.7  22.6  22.6  22.7  22.7  22.7  22.6  22.9  23.0  22.7  22.7  23.0  23.4  22.9  23.2  23.3  23.6 
 23.1  23.1  23.2  23.1  22.9  22.8  23.5  23.2  23.8  23.8  23.2  23.0  22.7  22.5  22.7  22.7  22.6  22.6  22.8  22.7  22.6  22.6  22.9  22.9  23.1  22.8  23.0  22.9  23.1  23.3  23.4  23.4 
 23.0  23.3  23.1  23.3  23.0  22.8  23.0  23.5  25.5  26.7  24.2  23.4  22.7  22.6  22.7  22.8  22.5  22.8  22.8  22.7  22.4  22.6  22.9  22.8  22.7  22.6  23.1  23.2  22.9  22.8  23.1  23.4 
 23.4  23.5  22.9  23.1  23.1  22.9  23.4  23.4  26.0  27.3  24.7  23.1  22.8  22.6  22.8  22.6  22.7  22.5  22.8  22.7  22.6  22.6  23.1  22.8  22.9  22.8  23.2  23.1  23.2  22.9  23.3  22.8 
 23.7  23.5  23.3  23.5  22.9  22.9  23.0  23.2  23.4  23.5  23.2  23.0  22.7  22.7  22.7  22.9  22.6  22.6  22.7  22.7  22.6  22.7  22.8  22.9  22.9  22.9  22.9  23.2  23.0  23.2  23.3  23.2 
 23.7  23.6  23.8  23.3  23.2  22.9  23.1  23.0  23.1  23.1  23.1  23.0  22.8  22.6  22.7  22.7  22.7  22.6  22.8  22.9  22.7  22.7  22.8  22.8  22.8  22.8  23.2  23.2  23.2  23.1  23.6  23.5 
 23.9  23.8  23.9  24.2  23.6  23.9  23.4  23.2  23.0  23.0  22.9  22.9  22.7  22.6  22.9  22.8  22.6  22.5  22.7  22.9  22.7  22.7  22.7  22.8  22.8  22.9  23.5  23.9  23.7  23.6  23.6  23.4 
 24.0  23.8  24.4  24.3  24.7  24.6  24.2  23.8  23.3  23.0  23.1  23.0  22.9  22.5  22.7  22.6  22.8  22.7  22.9  22.7  22.8  22.5  23.0 nan  22.8  22.6  24.5  25.2  24.1  23.2  23.6  23.2 
 24.3  24.6  25.5  26.1  27.3  27.7  32.7  35.0  32.8  29.3  23.4  23.1  22.8  22.7  23.0  22.8  22.8  22.7  22.9  22.8  22.7  22.6  22.8  23.0  22.7  22.9  24.1  24.7  23.7  23.4  23.3  23.5 
 24.8  24.6  26.1  26.6  28.6  30.2  41.6  48.8  53.4  47.5  24.8  23.5  22.9  22.7  23.0  23.0  22.7  22.7  22.9  22.8  22.8  22.7  22.9  22.7  22.8  22.7  23.3  23.4  23.7  23.1  23.4  23.5 
 25.1  25.5  26.7  27.8  30.7  33.9  54.8  63.2  74.9  71.7  35.0  25.8  22.8  22.8  22.8  22.9  22.8  22.8  22.9  23.0  22.7  22.8  22.9  23.0  22.9  22.9  22.9  23.2  23.4  23.3  23.4  23.6 
 25.8  25.3  27.1  27.6  31.0  34.2  53.5  62.7  78.7  79.6  37.6  26.2  22.9  22.8  22.8  22.8  22.8  22.6  22.9  22.9  22.9  22.7  23.0  23.0  22.8  22.7  23.1  23.0  23.4  23.1  23.6  23.6 
 25.4  25.8  26.6  27.2  29.9  31.7  44.5  53.5  73.6  71.0  30.5  24.6  22.9  22.7  22.7  22.9  22.7  22.8  22.9  23.1  22.9  22.7  22.8  23.1  23.0  22.8  23.1  23.4  23.1  22.9  23.7  23.9 
 25.5  25.5  26.6  26.8  28.9  29.8  37.2  42.1  54.7  50.3  26.1  23.7  23.1  22.8  23.0  22.8  22.9  22.7  23.2  23.0  22.8  22.8  23.0  22.9  23.2  23.0  23.3  23.1  23.2  23.0  23.7  23.8 
 25.5  25.6  26.4  26.9  27.0  27.1  28.7  29.6  29.9  28.3  24.1  23.5  22.8  23.0  23.1  22.9  22.9  22.8  23.0  23.2  22.9  22.7  22.9  23.1  23.0  23.0  23.2  23.3  23.4  23.3  23.7  24.0 
 25.2  25.8  26.5  26.4  26.4  26.5  27.7  27.6  27.3  26.3  23.9  23.4  23.1  22.9  23.0  23.0  22.9  22.7  23.2  22.8  23.0  22.8  23.1  22.9  23.1  22.9  23.1  23.4  23.4  23.5  24.5  24.5 
 25.6  25.5  25.8  26.0  25.9  25.7  25.9  25.9  25.3  24.8  23.7  23.7  23.3  23.1  22.9  23.2  22.8  22.7  22.9  23.1  22.8  23.0  23.2  23.3  23.1  23.1  23.3  23.7  23.8  24.2  25.1  25.2 
 25.2  25.4  25.9  25.7  25.4  25.3  25.5  25.7  24.6  24.3  23.7  23.7  23.2  23.1  23.1  23.2  23.0  22.8  23.1  23.0  22.9  22.9  23.3  23.2  23.4  22.9  23.6  23.7  24.6  25.0  26.1  26.2 
 26.4  25.9  25.6  25.9  25.2  25.0  25.1  25.0  24.2  24.2  23.6  24.0  23.4  23.2  23.2  23.4  23.2  23.1  23.1  23.3  23.1  23.1  23.3  23.6  23.7  23.8  25.6  25.7  26.0  26.2  26.8  28.1 
 26.5  26.0  25.8  25.4  25.1  25.0  25.0  24.7  24.1  24.1  23.9  23.7  23.4  22.9  23.3  23.3  23.3  23.1  23.4  23.2  23.3  23.1  23.7  24.0  24.6  24.7  26.5  26.9  26.6  26.0  27.1  27.1 
