 24.1  23.6  23.6  23.8  23.6  23.9  24.4  24.2  23.6  23.5  24.1  23.9  23.8  23.6  24.0  24.0  23.6  23.8  24.1  23.8  23.8  23.6  24.0  24.4  23.8  23.7  24.4  24.5  24.4  24.3  25.5  25.6 
 23.9  23.1  23.6  24.0  23.9  23.9  24.3  24.0  23.9  23.4  23.9  23.9  23.9  23.6  24.2  23.8  23.6  23.4  24.1  23.9  24.1  23.7  24.0  24.2  24.0  23.6  24.2  24.3  23.8  24.1  25.1  25.6 
 23.5  23.3  23.8  23.9  24.0  23.8  24.3  24.1  23.8  23.6  23.8  24.1  23.5  23.6  24.0  23.7  23.7  23.6  23.9  24.0  23.6  23.9  23.8  24.1  24.0  23.7  24.1  24.4  24.1  24.0  24.5  25.1 
 23.4  23.2  23.9  23.9  24.0  23.7  24.2  24.3  23.8  23.6  24.0  24.0  23.5  23.4  23.7  24.0  23.7  23.4  23.7  23.9  23.8  23.6  24.2  24.3  23.9  23.6  24.2  24.2  24.1  23.9  24.5  24.9 
 23.9  23.6  24.1  24.2  23.9  24.3  24.2  24.1  23.7  23.6  23.8  23.7  23.6  23.6  23.8  23.7  23.5  23.5  23.9  24.0  23.7  23.6  23.9  24.1  23.8  23.9  24.3  24.3  24.1  23.9  24.6  24.4 
 23.9  23.9  24.1  24.0  24.0  24.0  24.1  24.1  23.9  23.5  23.8  23.8  23.9  23.6  23.7  23.8  23.6  23.6  23.9  23.9  23.8  23.5  24.0  23.8  23.8  23.7  23.9  24.3  23.9  23.8  24.7  24.4 
 23.6  23.3  23.8  24.1  24.0  24.0  24.0  24.0  23.6  23.5  23.9  24.0  23.5  23.6  23.7  23.9  23.5  23.6  23.9  23.9  23.7  23.7  24.1  23.8  23.6  23.7  24.1  24.2  23.8  23.6  24.2  24.2 
 24.0  23.7  24.0  24.3  24.1  23.9  24.0  24.1  23.7  23.6  24.1  23.8  23.8  23.7  23.9  23.7  23.7  23.5  23.8  23.9  23.7  23.7  23.9  23.9  23.7  23.7  24.2  23.9  24.0  23.9  24.0  23.6 
 23.9  24.0  24.4  24.2  24.1  23.9  23.9  24.0  23.7  23.6  23.9  23.9  23.7  23.8  23.8  23.9  23.7  23.6  23.9  23.9  23.7  23.7  24.0  24.0  23.7  23.8  24.3  24.1  24.0  23.6  24.3  24.2 
 24.4  23.9  24.5  24.3  24.0  23.8  24.0  23.8  23.7  23.6  23.9  24.0  23.7  23.5  23.8  23.9  23.7  23.7  23.9  23.8  23.7  23.6  23.9  24.0  23.9  23.8  24.2  24.4  24.0  23.8  24.3  24.5 
 24.1  24.2  24.1  24.3  23.8  23.9  24.0  24.0  23.7  23.6  24.0  23.8  23.7  23.7  23.8  23.9  23.6  23.6  23.9  23.9  23.8  23.6  24.2  24.1  23.8  23.7  24.3  24.2  24.1  23.9  24.5  24.2 
 24.1  23.9  24.2  24.3  23.9  23.7  24.0  24.1  23.8  23.6  23.8  23.9  23.7  23.6  23.9  23.9  23.8  23.8  23.9  23.9  23.9  23.9  24.2 nan  23.9  23.6  24.0  24.2  24.2  23.9  24.4  24.7 
 24.0  24.1  24.2  24.3  23.8  23.9  24.1  24.1  23.7  23.8  23.7  24.1  23.7  23.7  23.9  23.9  23.9  23.7  24.0  23.9  23.8  23.9  23.9  24.3  24.0  23.8  24.4  24.4  24.1  24.5  25.0  25.0 
 24.0  24.1  24.5  24.3  24.0  23.9  24.3  24.0  23.8  23.5  23.9  23.9  23.8  23.6  23.9  23.9  23.7  23.5  24.0  24.1  24.0  23.8  24.4  24.3  24.3  24.2  24.9  24.9  25.0  24.7  25.3  25.2 
 24.1  24.1  24.2  24.6  23.9  23.9  24.3  24.2  23.7  23.7  23.8  24.0  23.7  23.7  24.0  23.9  23.7  23.6  24.2  24.0  24.2  24.7  29.6  30.9  30.8  29.6  27.3  27.0  26.2  26.2  26.1  26.1 
 24.2  23.9  24.2  24.3  23.8  23.6  23.9  24.2  23.9  23.6  24.0  23.9  23.8  23.9  23.9  23.8  23.8  23.7  24.0  24.1  24.9  28.6  45.0  47.4  44.2  39.1  30.6  29.1  27.3  26.9  26.3  26.4 
 24.1  24.3  24.2  24.3  24.1  23.8  24.0  24.3  23.7  23.8  24.0  24.1  23.8  23.7  24.0  24.0  23.8  23.8  24.1  24.1  31.7  44.3  70.1  73.1  69.5  60.3  36.2  32.7  28.9  28.2  27.3  27.2 
 24.4  24.1  24.5  24.2  24.0  23.8  24.4  24.1  23.9  23.9  24.0  23.9  23.8  23.8  24.0  24.1  23.8  23.7  24.3  24.3  34.3  48.7  74.6  77.4  71.2  61.2  36.8  33.0  29.4  28.1  27.6  27.3 
 24.3  24.5  24.6  24.7  24.1  24.1  24.3  24.4  24.0  23.8  24.1  24.1  23.9  23.8  24.1  24.2  23.8  23.9  24.4  24.6  33.2  42.4  64.6  67.7  58.6  49.9  34.6  32.3  29.1  28.4  27.6  27.9 
 24.5  24.5  24.5  24.7  24.2  23.9  24.2  24.2  24.0  23.7  24.0  24.0  24.1  23.7  24.1  23.9  23.8  23.9  24.3  24.9  31.2  36.1  51.6  53.6  46.7  41.7  32.7  31.2  28.5  28.1  27.9  28.2 
 24.3  24.9  24.9  24.6  24.4  24.3  24.2  24.5  24.0  23.9  24.0  24.3  24.0  23.8  24.1  24.0  23.8  23.8  24.5  25.4  27.1  28.3  32.9  34.1  33.4  32.3  30.7  30.0  28.0  27.6  28.2  29.8 
 24.6  24.6  24.9  24.8  24.6  24.0  24.3  24.5  24.1  23.8  24.1  24.0  23.9  23.8  24.1  24.3  23.9  23.6  24.8  25.5  26.0  26.6  29.7  30.6  31.0  30.8  29.8  29.1  27.7  27.3  29.4  30.1 
 25.8  25.3  24.8  24.9  24.4  24.0  24.3  24.3  24.2  24.0  24.3  24.2  24.3  23.9  24.3  24.3  24.2  24.0  25.0  25.0  25.1  25.4  27.7  28.0  28.6  28.6  28.7  28.5  27.5  27.5  30.8  31.9 
 25.9  24.9  25.0  25.0  24.7  24.4  24.5  24.4  24.0  24.1  24.6  24.4  24.0  23.9  24.2  24.2  24.2  24.1  24.9  25.2  25.5  25.2  26.8  27.3  27.9  27.7  28.0  28.0  28.0  27.9  31.7  32.1 
