 24.1  23.2  23.4  23.3  23.8  23.8  23.9  24.0  23.8  23.6  23.9  24.1  23.6  23.4  24.0  23.9  23.6  23.6  23.9  24.1  23.8  23.8  23.9  24.3  23.8  23.6  24.0  24.4  24.2  24.0  25.2  26.0 
 23.9  23.9  23.8  23.5  24.0  23.6  24.1  24.0  23.6  23.7  24.1  24.1  23.7  23.6  24.1  23.9  23.6  23.7  23.9  23.9  24.0  23.7  23.8  24.3  23.6  23.9  24.0  24.5  23.8  24.1  25.1  25.4 
 23.7  23.7  23.8  24.2  24.0  23.6  24.0  24.1  23.5  23.8  23.8  23.9  23.8  23.6  23.7  23.8  23.8  23.6  23.9  24.0  23.7  23.6  24.0  24.1  24.2  23.6  24.5  24.0  24.2  23.8  24.5  24.7 
 23.0  23.2  23.7  24.0  23.6  23.8  24.2  24.3  23.6  23.7  23.9  23.8  23.5  23.5  24.0  23.8  23.7  23.5  23.9  23.9  23.7  23.6  24.0  24.0  23.6  24.0  24.3  24.2  23.7  24.1  24.7  24.7 
 23.7  23.9  23.9  23.9  24.1  23.9  24.0  24.4  23.7  23.5  23.7  23.9  23.7  23.6  23.9  23.8  23.4  23.6  23.8  23.8  23.8  23.5  23.9  23.9  23.9  23.9  24.1  24.2  23.9  23.8  24.6  24.4 
 23.6  23.6  24.3  24.0  23.9  24.1  24.4  24.0  23.7  23.7  23.9  23.9  23.5  23.7  23.6  23.9  23.6  23.6  24.0  23.9  23.5  23.5  23.9  23.8  23.7  23.7  24.0  24.1  24.0  24.0  24.6  24.2 
 23.8  23.5  24.0  24.0  23.9  24.0  24.0  23.9  23.6  23.6  23.8  24.0  23.7  23.5  23.6  23.8  23.7  23.6  23.8  23.8  23.9  23.6  23.8  24.2  23.8  23.5  24.2  24.0  23.9  23.5  24.4  24.1 
 23.8  23.7  24.2  24.1  24.0  23.9  24.2  23.8  23.5  23.6  23.8  23.8  23.6  23.6  23.8  23.8  23.8  23.6  23.7  23.8  23.7  23.7  23.9  24.0  23.7  23.7  24.0  24.0  23.8  23.8  24.0  23.2 
 23.9  23.7  24.3  24.1  23.7  23.8  23.9  23.9  23.6  23.6  24.0  23.9  23.7  23.6  23.8  23.8  23.6  23.5  23.8  23.7  23.6  23.6  24.1  24.0  23.9  23.6  24.2  24.0  24.0  23.9  24.1  24.2 
 24.0  23.7  24.4  24.1  24.0  23.8  23.9  23.8  23.5  23.6  23.8  24.0  23.6  23.6  23.8  23.7  23.6  23.6  23.9  24.0  23.7  23.8  24.1  23.9  23.9  23.8  24.1  24.1  23.9  23.8  24.5  24.2 
 24.3  24.2  24.2  24.3  23.7  23.8  24.0  24.1  23.7  23.7  24.0  24.0  23.7  23.7  24.0  23.8  23.7  23.6  23.8  23.8  23.8  23.7  23.9  23.9  23.7  23.9  24.0  24.1  24.2  23.8  24.5  24.6 
 24.1  24.0  24.0  24.2  23.8  23.9  24.0  24.0  23.7  23.7  23.8  23.8  23.7  23.6  23.8  23.8  23.7  23.8  23.9  23.8  23.6  23.7  24.1 nan  23.7  23.7  24.0  24.2  24.0  23.8  24.4  24.9 
 24.3  23.9  23.9  24.5  23.9  23.7  24.0  24.2  23.7  23.7  23.9  23.9  23.7  23.6  23.8  23.9  23.7  23.7  24.0  24.1  24.0  23.6  24.0  24.1  24.1  24.1  24.5  24.6  24.3  24.3  25.0  25.0 
 24.2  23.8  24.5  24.2  23.8  24.0  24.1  23.9  23.6  23.6  24.0  23.9  23.7  23.7  23.9  23.9  23.5  23.7  24.0  24.1  24.0  23.8  24.2  24.4  24.1  24.3  24.6  24.6  24.9  24.8  25.3  25.2 
 24.1  24.0  24.2  24.5  23.9  23.9  24.2  24.0  23.8  23.6  23.7  24.0  23.7  23.5  24.0  23.9  23.9  23.5  24.2  24.1  24.3  24.7  29.6  30.9  30.5  29.7  27.3  27.2  26.6  26.0  26.1  26.3 
 24.2  24.1  24.5  24.5  23.9  23.8  23.8  23.9  23.8  23.7  23.9  23.9  23.8  23.8  23.9  23.9  23.7  23.8  24.0  24.0  24.9  28.6  45.0  47.4  44.3  39.1  30.3  29.0  27.3  26.8  26.6  26.4 
 24.1  23.9  24.6  24.2  24.0  24.0  24.2  24.2  23.9  23.7  23.9  23.9  23.8  23.6  23.9  23.9  23.7  23.7  24.2  24.3  31.9  44.2  70.1  73.3  69.6  60.5  36.2  32.6  28.9  28.1  27.4  27.0 
 24.3  24.1  24.4  24.4  24.0  24.0  24.3  24.3  23.7  23.8  24.0  24.0  23.8  23.5  24.0  24.0  23.7  23.8  24.2  24.2  34.2  48.7  74.7  77.3  71.3  61.4  36.7  33.1  29.2  28.5  27.6  27.0 
 24.7  24.0  24.5  24.5  24.1  24.0  24.1  24.5  24.1  23.7  24.0  24.1  24.0  23.7  24.2  24.0  24.1  24.0  24.2  24.5  33.4  42.4  64.8  67.8  58.8  49.7  34.4  32.4  29.1  28.3  27.6  27.8 
 24.2  24.7  24.5  24.7  24.0  23.9  24.3  24.2  23.9  23.8  24.1  24.0  23.8  23.8  24.0  24.0  24.0  23.8  24.4  25.0  31.3  36.3  51.8  53.9  46.8  41.9  32.9  31.1  28.4  28.2  27.9  28.4 
 24.7  24.6  24.7  24.7  24.2  23.9  24.4  24.3  23.9  23.7  24.1  24.0  24.0  23.7  24.1  24.3  23.9  23.9  24.7  25.4  27.1  28.3  33.1  34.0  33.4  32.4  30.6  29.8  28.0  27.3  28.8  29.0 
 24.6  24.8  24.8  24.6  24.3  23.9  24.5  24.7  23.9  23.8  24.2  24.2  23.8  23.8  24.0  24.2  23.9  23.8  24.9  25.6  26.0  26.7  29.7  30.5  30.9  30.8  29.8  29.3  27.4  27.5  29.0  29.8 
 25.5  24.8  25.0  24.8  24.4  24.2  24.3  24.3  23.9  23.9  24.1  24.2  24.2  24.1  24.1  24.3  24.1  24.0  25.2  24.8  25.1  25.7  27.3  28.1  28.7  28.3  28.7  28.2  27.5  27.3  30.5  31.9 
 25.6  24.9  24.8  24.8  24.4  24.4  24.5  24.4  23.9  24.1  24.3  24.3  24.0  23.9  24.2  24.4  24.1  24.0  25.0  25.0  25.0  25.2  26.9  27.0  27.5  27.7  28.0  27.9  27.6  28.1  31.3  32.6 
