 24.5  23.4  23.6  23.7  24.0  23.8  24.4  24.1  23.7  23.7  24.0  23.9  23.8  23.6  23.8  24.0  23.8  23.7  23.8  24.0  23.8  23.6  24.0  24.3  23.9  24.0  24.2  24.3  24.6  24.2  25.0  26.3 
 23.9  23.3  23.6  23.9  23.9  24.0  24.2  24.2  23.7  23.7  23.9  23.9  23.7  23.8  23.8  23.9  23.6  23.6  23.9  24.0  23.9  23.8  24.0  24.2  23.7  24.2  24.3  24.5  23.8  24.3  24.8  25.6 
 23.5  23.5  23.5  23.9  24.1  23.8  24.1  24.1  23.6  23.8  23.8  23.8  23.7  23.6  23.5  24.0  24.0  23.6  24.0  23.8  23.8  23.8  23.7  24.1  23.9  23.9  24.1  24.0  24.2  24.1  24.1  24.8 
 23.2  23.4  24.0  24.3  23.8  24.0  24.3  24.1  23.8  23.7  24.0  23.9  23.7  23.7  23.7  23.8  23.6  23.6  24.0  24.1  23.9  23.8  24.2  24.0  23.7  24.0  24.2  24.2  24.0  24.1  24.5  24.9 
 23.9  23.7  24.1  24.2  24.1  23.9  24.0  24.2  23.8  23.6  23.7  23.8  23.8  23.7  23.6  23.9  23.7  23.6  23.7  23.8  23.8  23.7  23.8  23.8  23.9  23.6  24.0  24.3  24.1  24.1  24.5  24.6 
 23.8  23.4  24.1  24.1  23.9  24.0  24.1  24.1  23.7  23.7  23.6  23.8  23.7  23.6  23.7  23.8  23.7  23.7  24.0  23.8  23.7  23.6  23.8  23.9  23.9  23.8  24.1  24.1  23.8  24.1  24.4  24.2 
 23.6  23.9  24.0  24.4  23.9  24.1  24.0  24.1  23.9  23.7  23.8  23.9  23.6  23.6  23.7  23.8  23.7  23.6  23.7  23.8  23.8  23.5  23.8  23.9  23.9  23.6  24.2  24.1  24.0  23.9  24.3  24.2 
 23.9  23.8  24.0  23.8  24.0  24.0  24.0  24.1  23.6  23.7  23.9  23.9  23.8  23.6  23.9  23.8  23.7  23.7  23.7  23.7  23.6  24.0  24.0  24.0  23.6  23.7  24.0  24.0  23.9  23.8  24.4  23.2 
 24.2  24.0  24.0  24.3  24.1  24.0  24.2  23.9  23.7  23.6  24.0  23.9  23.7  23.7  23.7  23.9  23.6  23.7  23.8  23.9  23.8  23.8  24.0  24.0  23.9  23.9  24.0  24.2  24.1  23.9  24.1  24.4 
 24.1  24.0  24.3  24.2  24.0  24.0  24.1  24.0  23.9  23.7  24.0  24.0  23.8  23.5  23.9  23.8  23.7  23.7  23.8  23.9  23.9  23.9  23.9  23.9  23.9  23.7  24.2  24.5  24.0  23.8  24.3  24.5 
 24.1  24.1  24.2  24.4  23.8  23.9  24.0  23.9  23.7  23.8  24.1  24.0  23.7  23.7  24.0  23.9  23.8  23.6  23.9  24.0  23.9  23.6  24.0  24.2  24.0  23.8  24.1  24.2  23.9  24.0  24.3  24.2 
 24.1  24.2  24.3  24.2  23.8  24.0  24.1  24.1  23.7  23.7  24.0  24.0  23.6  23.6  23.8  23.9  23.7  23.9  24.0  24.0  24.0  23.8  24.0 nan  24.0  23.6  24.0  24.2  24.1  23.9  24.6  24.5 
 24.4  24.0  24.0  24.2  24.2  23.7  24.2  24.0  23.8  23.9  24.0  23.9  23.7  23.7  23.9  23.7  23.8  23.7  24.1  23.8  24.0  23.8  24.0  24.3  24.1  24.0  24.4  24.3  24.3  24.2  24.8  25.0 
 24.1  24.2  24.6  24.4  24.1  24.0  24.1  24.0  23.9  23.5  24.1  24.0  23.7  23.8  23.9  23.9  23.8  23.8  24.1  24.2  23.9  24.0  24.2  24.4  24.2  24.4  24.6  24.7  24.8  24.8  25.3  25.2 
 24.1  24.3  24.0  24.3  24.2  24.0  23.9  24.0  23.8  23.7  23.8  24.0  23.8  23.8  23.9  23.9  24.0  23.8  24.2  24.2  24.3  24.6  29.6  30.9  30.6  29.8  27.3  27.0  26.4  26.3  26.1  26.1 
 24.3  23.9  24.4  24.3  23.9  23.9  24.0  24.2  23.9  23.7  23.9  24.0  23.8  24.0  23.9  23.8  23.8  23.8  24.2  24.4  25.1  28.5  45.0  47.4  44.2  39.2  30.8  29.0  27.4  27.1  26.6  26.6 
 24.3  24.2  24.3  24.1  24.1  23.9  24.1  24.1  24.0  23.8  24.0  24.0  23.9  23.8  23.8  23.8  24.0  23.9  24.0  24.4  32.0  44.3  70.0  73.1  69.5  60.3  36.0  32.7  28.6  28.2  27.6  26.8 
 24.1  24.3  24.3  24.4  24.0  24.0  24.3  24.2  23.8  24.0  24.0  24.1  23.9  23.8  23.8  24.2  23.8  23.6  24.2  24.2  34.4  48.7  74.4  77.0  71.4  61.3  36.9  33.1  29.3  28.9  27.6  27.2 
 24.7  24.5  24.3  24.6  24.3  24.0  24.3  24.4  24.0  23.9  24.1  24.1  23.9  23.8  24.0  24.2  24.2  23.8  24.2  24.6  33.5  42.4  64.7  67.5  58.8  49.9  34.3  32.2  29.1  28.4  27.5  27.7 
 24.3  24.3  24.7  24.5  24.2  24.1  24.3  24.2  24.0  23.9  24.0  24.0  23.9  23.9  24.1  24.0  23.9  23.9  24.4  24.8  31.1  36.3  51.6  53.7  46.6  41.9  32.9  31.2  28.5  28.4  27.9  28.0 
 24.7  24.5  24.7  24.6  24.4  24.2  24.4  24.5  24.3  23.8  23.9  24.1  24.1  23.8  24.0  24.2  24.2  23.8  24.6  25.3  27.3  28.3  32.9  34.0  33.7  32.2  30.3  29.7  27.9  27.6  28.0  29.5 
 24.8  24.8  24.9  24.9  24.0  24.2  24.6  24.4  24.1  23.9  24.1  24.2  24.0  23.9  24.2  24.3  24.0  23.9  24.8  25.5  25.9  26.9  29.7  30.5  30.8  30.7  29.6  29.1  27.5  27.5  29.2  30.4 
 25.8  25.0  25.0  24.8  24.5  24.1  24.4  24.3  24.2  24.0  24.1  24.3  24.3  24.0  24.1  24.3  24.2  24.0  25.0  25.2  25.3  25.5  27.6  28.1  28.6  28.4  28.4  28.3  27.7  27.5  30.5  31.9 
 25.3  25.2  25.0  25.2  24.2  24.4  24.5  24.4  24.0  23.8  24.3  24.1  24.1  24.1  24.2  24.2  23.9  24.0  25.0  24.9  25.1  25.4  27.0  27.4  27.9  28.2  28.0  28.0  27.5  27.9  30.9  32.2 
