 24.3  23.8  23.6  23.7  24.0  24.1  24.2  24.3  23.8  23.7  24.0  24.1  23.8  23.7  23.7  23.9  24.0  23.8  23.9  24.0  23.9  24.1  24.1  24.1  24.1  24.0  24.2  24.4  24.2  24.3  25.0  26.3 
 23.9  23.5  24.0  24.0  24.2  24.3  24.1  24.3  24.0  23.7  24.0  24.1  23.8  23.6  24.1  24.0  23.8  23.6  24.0  23.8  24.2  23.7  24.2  24.0  24.0  24.2  24.3  24.2  24.5  24.5  25.1  26.2 
 23.7  23.6  24.0  24.0  24.0  24.0  24.0  24.2  23.8  23.7  23.8  24.1  23.7  23.6  23.9  23.9  23.8  23.8  23.9  23.9  23.8  23.6  23.9  24.0  23.9  24.1  24.3  24.6  24.4  24.1  24.5  24.6 
 23.4  23.4  24.0  24.0  24.4  24.0  24.3  24.1  23.9  23.7  24.1  24.0  23.7  23.6  23.9  23.9  23.9  23.8  24.0  23.8  24.0  23.7  24.1  24.0  23.9  23.8  24.5  24.2  24.3  24.1  24.6  24.9 
 23.6  24.1  23.9  24.3  24.1  24.3  23.9  24.2  23.7  23.8  23.8  23.9  23.8  23.7  23.7  23.8  23.6  23.7  23.8  23.8  23.8  23.7  23.7  24.1  23.8  23.7  24.3  24.4  24.1  24.2  24.6  24.8 
 24.3  23.6  24.0  24.1  24.3  24.0  24.0  24.1  24.1  23.7  23.9  23.9  23.7  23.6  23.8  24.0  23.9  23.6  24.0  23.8  23.9  23.5  24.0  23.8  23.9  23.7  24.2  24.2  24.2  23.8  24.5  24.4 
 23.6  24.1  24.1  24.3  23.9  24.2  24.0  24.0  23.7  23.9  23.8  24.0  23.7  23.7  23.9  23.9  23.7  23.7  23.8  23.8  23.9  23.9  23.9  23.9  23.8  24.1  24.1  24.0  24.0  24.2  24.3  24.4 
 24.4  23.7  24.2  24.3  24.1  23.9  24.3  24.0  23.7  23.5  24.0  23.8  23.8  23.6  23.8  23.8  23.8  23.6  23.9  23.9  23.8  23.5  23.9  23.9  23.8  23.8  24.1  24.2  24.0  24.1  24.3  23.6 
 24.2  24.0  24.3  24.2  24.1  24.0  23.8  24.1  23.8  23.6  24.0  23.8  23.7  23.7  23.8  24.0  23.6  23.8  23.9  24.0  23.9  23.8  24.0  24.0  24.0  23.9  24.0  24.2  24.0  24.1  24.1  24.4 
 24.3  24.2  24.7  24.1  24.4  23.9  24.0  24.0  24.0  23.8  24.0  24.0  23.9  23.7  23.8  23.8  23.7  23.8  23.9  23.9  23.7  23.8  23.9  24.1  24.1  23.8  24.2  24.2  24.1  23.8  24.4  24.3 
 24.1  24.4  24.2  24.3  23.9  24.1  24.0  24.1  23.6  23.8  23.9  23.9  23.8  23.7  23.8  24.0  23.9  23.7  23.9  23.8  23.9  23.9  23.9  24.0  23.8  23.8  24.1  24.2  24.3  24.2  24.5  24.7 
 24.6  24.0  24.2  24.0  24.0  23.8  24.2  24.1  23.9  23.5  24.0  23.8  23.9  23.7  23.8  23.9  23.9  23.8  24.1  23.9  24.0  23.7  24.1 nan  24.0  23.7  24.0  24.3  24.2  23.9  24.7  24.7 
 24.3  24.3  24.3  24.3  24.0  23.9  24.1  24.0  23.8  23.8  23.8  23.9  23.9  23.8  23.9  23.8  23.9  23.7  24.1  24.0  24.0  24.0  24.2  24.3  24.2  24.1  24.5  24.5  24.3  24.5  25.0  25.0 
 24.3  24.1  24.5  24.3  24.1  24.1  24.1  24.0  23.7  23.6  23.9  23.9  23.8  23.9  23.9  23.8  23.9  23.7  24.0  24.2  24.0  23.9  24.5  24.4  24.4  24.2  24.6  24.7  24.8  24.7  25.1  25.3 
 24.1  24.4  24.2  24.6  24.1  24.0  24.2  24.2  24.1  23.8  23.8  24.0  23.9  23.8  23.9  23.9  23.7  23.8  24.1  24.3  24.4  24.9  29.4  30.9  30.6  29.9  27.3  27.3  26.6  26.3  26.3  26.2 
 24.4  23.9  24.5  24.3  24.2  24.0  24.1  24.1  23.9  23.8  23.9  23.9  23.9  23.6  23.9  23.9  23.8  23.8  24.3  24.1  25.1  28.5  45.0  47.3  44.4  39.0  30.7  29.2  27.6  26.9  26.9  26.4 
 24.3  24.5  24.2  24.2  24.1  24.1  24.0  24.2  24.0  23.8  24.0  24.0  23.9  23.8  24.0  23.9  23.9  23.8  24.2  24.4  31.8  44.3  70.1  73.2  69.7  60.4  36.2  32.7  28.9  28.2  27.1  27.2 
 24.4  24.1  24.5  24.6  24.1  24.0  24.4  24.2  23.9  24.0  24.0  24.0  24.0  23.8  24.1  24.2  23.9  23.7  24.2  24.3  34.4  48.7  74.5  77.1  71.4  61.4  37.0  33.3  29.3  28.5  27.5  27.5 
 24.3  24.7  24.6  24.9  24.4  24.3  24.3  24.3  23.9  23.9  24.2  24.1  23.9  23.8  24.0  24.2  23.9  23.9  24.1  24.8  33.4  42.3  64.6  67.7  58.7  49.9  34.6  32.2  29.1  28.4  27.6  27.7 
 24.7  24.8  24.7  24.7  24.3  24.2  24.3  24.4  24.0  23.9  24.2  23.9  24.2  23.7  24.1  24.0  24.0  23.9  24.5  24.7  31.1  36.3  51.7  53.8  46.8  41.6  33.0  31.2  28.7  28.2  28.1  28.0 
 24.8  24.9  24.9  24.6  24.4  24.2  24.4  24.4  24.0  23.9  24.3  24.2  23.9  24.0  24.0  24.2  24.1  24.0  24.5  25.4  27.1  28.7  33.1  33.9  33.5  32.5  30.7  29.7  27.9  27.6  28.4  29.5 
 25.0  24.6  25.1  24.5  24.3  24.2  24.6  24.5  24.1  23.9  24.1  24.0  24.0  23.9  24.1  24.1  24.0  23.9  24.9  25.5  26.1  26.7  29.7  31.0  31.2  30.8  30.1  29.4  28.0  27.7  29.0  30.1 
 25.5  25.5  25.0  24.9  24.4  24.4  24.6  24.3  24.4  24.2  24.3  24.1  24.0  24.1  24.1  24.4  24.3  24.2  25.2  25.2  25.5  25.8  27.6  28.4  28.6  28.7  28.6  28.5  27.5  28.0  31.2  32.3 
 26.2  25.4  25.0  25.0  24.5  24.2  24.7  24.4  24.1  24.1  24.4  24.4  24.3  24.0  24.4  24.2  24.3  24.1  25.3  24.9  25.1  25.5  27.1  27.6  27.9  27.9  28.0  28.0  27.8  28.4  31.3  32.6 
