 23.7  23.4  24.0  23.7  23.5  23.9  24.1  24.4  23.6  23.7  24.0  24.1  23.7  23.5  23.8  24.2  23.5  23.7  24.0  24.2  23.7  23.8  24.2  24.3  23.9  23.7  24.4  24.5  24.0  24.0  25.0  26.6 
 24.1  23.3  23.8  23.7  24.3  23.6  24.4  24.0  23.8  23.4  24.3  24.1  23.8  23.5  24.2  23.9  23.7  23.5  24.1  24.0  24.1  23.6  24.3  24.0  24.0  23.6  24.3  24.2  24.2  23.9  25.5  25.4 
 23.1  23.5  24.0  24.0  23.8  24.0  24.0  24.2  23.5  23.5  23.7  24.0  23.3  23.6  23.9  24.1  23.6  23.5  23.7  24.2  23.7  23.7  23.8  24.2  23.8  24.0  24.3  24.4  23.9  23.8  24.5  25.1 
 23.2  23.4  24.2  24.2  24.1  23.8  24.4  24.0  23.9  23.6  24.3  23.8  23.6  23.4  23.8  23.8  23.7  23.5  24.1  23.7  23.8  23.5  24.0  24.0  23.7  23.7  24.3  24.2  23.8  23.9  24.7  24.9 
 23.6  23.9  23.8  24.5  23.9  23.9  24.0  24.3  23.6  23.5  23.9  23.9  23.5  23.7  23.9  23.9  23.5  23.6  23.8  24.1  23.8  23.5  24.0  24.0  23.7  23.8  24.0  24.6  23.8  23.9  24.5  24.4 
 23.9  23.8  24.1  24.3  23.9  23.9  24.2  24.0  23.7  23.6  23.9  23.8  23.4  23.6  23.9  23.9  23.7  23.3  23.9  23.8  23.7  23.5  23.9  23.7  23.9  23.4  24.4  24.3  23.8  24.0  24.5  24.6 
 23.5  23.8  24.1  24.2  23.9  24.0  23.8  24.1  23.7  23.5  23.7  24.0  23.6  23.7  23.6  24.0  23.6  23.7  23.8  24.0  23.8  23.8  23.9  24.0  23.5  23.5  24.1  24.3  23.8  23.6  24.4  24.4 
 23.9  23.4  24.0  24.1  24.1  23.8  24.2  24.0  23.7  23.5  23.9  23.8  23.6  23.6  23.7  23.8  23.7  23.7  23.9  24.0  23.8  23.6  24.0  23.9  23.9  23.6  24.3  24.0  23.9  23.6  24.3  23.6 
 23.9  23.9  24.1  24.5  23.7  23.8  24.1  24.0  23.6  23.6  24.0  24.1  23.6  23.7  23.7  23.9  23.6  23.7  23.9  24.0  23.7  23.7  24.0  24.1  23.7  23.8  23.9  24.5  23.9  23.9  24.3  24.6 
 24.1  23.9  24.4  24.1  24.0  23.7  24.1  23.9  23.9  23.5  24.0  24.0  23.6  23.5  24.0  23.7  23.7  23.5  23.9  24.1  23.7  23.7  24.1  24.0  24.0  23.7  24.3  24.1  23.7  23.5  24.9  24.5 
 24.2  24.1  24.2  24.7  23.8  23.9  24.0  24.1  23.8  23.6  23.9  24.0  23.4  23.7  23.9  24.0  23.6  23.6  23.9  24.0  23.5  23.8  24.0  24.1  23.8  23.7  23.9  24.3  23.8  24.0  24.2  24.7 
 24.0  24.2  24.3  24.4  23.9  23.7  24.3  24.0  23.8  23.4  24.0  23.8  23.7  23.6  23.9  23.9  23.8  23.5  24.1  23.9  23.8  23.7  24.2 nan  23.8  23.8  24.1  24.4  24.2  23.6  24.7  24.7 
 24.0  24.0  24.2  24.4  23.6  23.7  24.1  24.3  23.6  23.8  23.9  24.0  23.7  23.7  23.8  24.0  23.8  23.7  23.8  24.0  23.8  23.9  24.1  24.4  23.8  24.2  24.4  24.5  24.0  24.2  24.7  25.3 
 24.1  23.9  24.6  24.4  23.9  23.8  24.4  23.9  23.7  23.6  24.0  24.0  23.8  23.6  24.0  24.0  23.8  23.6  24.2  24.0  23.9  23.8  24.3  24.4  24.3  24.0  24.9  24.8  24.8  24.8  25.4  25.3 
 24.0  24.1  24.3  24.5  24.0  24.0  24.0  24.2  23.8  23.8  23.8  24.0  23.7  23.6  23.9  24.1  23.6  23.7  24.2  24.3  24.1  24.7  29.6  31.0  30.4  29.7  27.3  27.3  26.5  26.1  26.2  26.3 
 24.1  23.9  24.5  24.3  24.0  23.7  24.1  24.1  23.8  23.6  24.0  23.9  23.9  23.6  24.0  23.9  23.7  23.6  24.1  24.2  25.0  28.6  45.2  47.3  44.3  39.1  30.8  29.1  27.2  26.8  26.5  26.4 
 24.0  24.2  24.3  24.4  24.1  23.8  24.1  24.3  23.9  23.7  23.9  23.9  23.6  23.7  24.0  24.0  23.6  23.7  24.1  24.4  31.7  44.4  70.0  73.4  69.6  60.4  36.2  32.7  28.8  28.0  27.4  27.4 
 24.4  24.1  24.6  24.4  24.0  23.7  24.4  24.3  24.0  23.6  24.2  24.0  23.9  23.6  24.1  24.0  23.8  23.9  24.4  24.2  34.2  48.5  74.6  77.2  71.4  61.3  37.1  33.2  29.3  28.2  27.6  27.2 
 24.3  24.3  24.5  24.7  24.0  24.2  24.2  24.3  23.8  23.7  24.2  24.1  23.6  23.8  24.1  24.1  23.9  23.8  24.2  24.5  33.1  42.4  64.7  67.8  58.6  49.8  34.4  32.5  29.0  28.4  27.5  27.7 
 24.5  24.3  25.0  24.6  24.5  23.8  24.7  24.1  23.9  23.8  24.0  24.0  24.1  23.7  24.2  24.0  24.0  23.7  24.5  24.7  31.2  36.2  51.8  53.7  46.8  41.8  33.0  31.2  28.7  28.1  28.1  27.8 
 24.5  24.4  24.7  25.1  24.1  24.3  24.2  24.5  23.9  23.8  24.3  24.4  23.8  23.8  24.0  24.3  23.6  24.0  24.6  25.5  27.1  28.4  33.0  34.1  33.3  32.5  30.9  30.3  27.7  27.8  28.0  29.0 
 24.8  24.4  25.3  24.6  24.2  23.9  24.7  24.3  24.1  23.7  24.3  24.2  23.9  23.8  24.4  24.1  23.8  23.9  25.0  25.4  25.9  26.7  30.1  30.5  31.2  30.5  29.9  29.1  27.5  27.2  29.4  30.4 
 25.3  24.8  25.0  25.3  24.4  24.2  24.4  24.6  24.0  24.0  24.0  24.6  23.9  23.8  24.2  24.4  23.8  23.9  25.0  25.3  25.1  25.5  27.6  28.2  28.6  28.6  28.7  28.5  27.4  27.3  30.8  32.7 
 25.3  25.4  25.4  24.8  24.4  24.2  24.8  24.7  23.9  24.1  24.4  24.2  24.1  23.9  24.4  24.0  24.1  24.0  25.3  25.0  25.0  25.4  27.3  27.6  27.9  27.7  28.1  27.9  27.6  27.9  32.1  32.1 
