 24.5  23.4  24.0  23.9  23.8  23.6  24.4  24.3  24.0  23.6  24.0  24.1  23.8  23.5  23.8  24.2  23.9  23.7  24.0  24.1  23.8  23.8  24.3  24.3  24.1  23.7  24.5  24.4  24.4  24.0  25.5  26.3 
 23.7  23.3  23.6  23.9  23.9  23.9  24.5  24.6  23.6  23.7  24.1  24.3  23.6  23.8  24.1  24.1  23.5  23.6  24.1  24.1  23.9  23.6  24.3  24.3  23.6  24.1  24.2  24.6  24.0  24.5  24.8  25.9 
 23.8  23.3  24.1  24.2  24.1  23.7  24.3  24.1  23.9  23.5  24.1  24.0  23.8  23.5  24.1  24.0  23.9  23.5  24.0  24.0  23.9  23.8  24.0  24.1  24.2  23.8  24.4  24.6  24.2  24.0  25.1  24.9 
 23.4  23.4  24.0  24.3  23.8  23.8  24.2  24.3  23.8  23.7  24.1  24.1  23.7  23.5  23.8  24.1  23.6  23.7  24.0  24.2  23.8  23.8  24.1  24.1  23.8  24.0  24.4  24.4  23.5  24.3  24.7  24.9 
 23.8  23.6  24.2  24.0  24.1  24.2  24.0  24.1  24.1  23.6  23.9  23.9  23.7  23.6  23.8  23.9  23.7  23.4  24.0  23.9  23.8  23.6  24.0  24.1  23.9  23.5  24.4  24.0  23.9  24.1  24.6  24.6 
 23.8  23.7  24.1  24.1  23.9  24.0  24.0  24.2  23.7  23.8  23.8  24.0  23.7  23.7  23.7  23.9  23.7  23.5  23.9  24.0  23.6  23.6  24.0  24.1  23.9  23.9  24.0  24.5  23.9  23.8  24.5  24.6 
 24.0  23.6  24.1  24.2  23.9  23.7  24.2  24.0  23.9  23.6  23.9  23.9  23.8  23.5  23.9  23.8  23.6  23.7  24.0  23.9  23.9  23.5  23.9  24.0  23.8  23.5  24.3  24.1  23.9  23.8  24.4  24.6 
 23.9  24.2  24.0  24.3  24.0  24.0  24.2  24.2  23.7  23.7  23.9  24.0  23.5  23.6  23.9  23.9  23.7  23.7  24.0  24.1  23.5  23.7  23.8  24.1  23.7  23.8  24.1  24.3  24.0  23.9  24.1  23.6 
 24.1  23.9  24.3  24.2  23.9  23.9  24.2  23.9  24.0  23.8  24.1  23.9  23.8  23.4  23.8  24.1  23.7  23.6  24.1  24.0  23.7  23.7  24.1  23.9  23.8  23.8  24.0  24.2  24.0  23.9  24.6  24.1 
 24.3  23.9  24.4  24.3  24.1  23.8  24.0  23.9  23.7  23.7  23.8  24.0  23.7  23.8  23.9  23.9  23.5  23.7  24.0  24.1  23.7  23.7  24.1  24.2  23.8  23.9  24.2  24.2  23.9  23.9  24.6  24.7 
 24.5  24.1  24.4  24.2  24.2  23.8  24.1  24.1  23.7  23.8  24.0  24.0  23.7  23.6  23.9  23.8  23.7  23.6  23.9  23.9  23.9  23.7  24.2  24.0  23.9  23.7  24.3  24.2  24.3  24.2  24.5  24.4 
 23.8  24.2  24.3  24.4  23.9  23.9  24.2  24.2  23.6  23.6  23.9  24.1  23.6  23.7  23.9  23.9  23.7  23.8  24.0  24.1  23.9  23.9  24.1 nan  23.9  23.7  24.1  24.3  24.1  23.8  24.7  25.0 
 24.3  23.8  24.3  24.5  24.0  23.7  24.3  24.0  23.6  23.8  23.9  23.8  23.8  23.7  23.9  23.9  23.9  23.6  24.2  23.8  23.9  23.8  24.2  24.4  24.2  23.8  24.6  24.4  24.5  24.2  25.1  25.0 
 24.3  24.3  24.5  24.4  23.9  24.0  24.1  24.2  23.7  23.7  24.0  24.0  23.8  23.7  23.9  24.0  23.8  23.8  24.0  24.1  24.0  23.9  24.4  24.4  24.1  24.3  24.9  24.9  24.6  24.5  25.0  25.5 
 24.3  24.1  24.5  24.3  24.3  24.0  24.2  24.1  23.9  23.8  24.1  23.9  23.8  23.6  24.1  24.0  24.1  23.6  24.1  24.3  24.2  24.6  29.6  31.0  30.7  29.7  27.5  27.2  26.4  26.2  26.5  26.2 
 24.4  24.1  24.7  24.6  23.7  23.9  24.2  24.2  23.9  23.7  24.0  23.9  23.7  23.8  23.9  24.1  23.9  23.7  23.9  24.3  25.1  28.5  45.0  47.4  44.3  39.3  30.7  29.2  27.4  27.1  26.6  26.8 
 24.4  23.9  24.5  24.4  24.1  23.7  24.2  24.3  23.8  23.7  24.1  24.0  23.9  23.7  24.0  23.9  23.8  23.7  24.1  24.3  31.9  44.2  70.1  73.2  69.7  60.4  36.4  32.7  28.9  28.2  27.3  27.2 
 24.2  24.3  24.5  24.6  24.0  24.2  24.3  24.3  23.7  23.9  24.0  24.1  23.7  23.9  24.1  24.1  23.8  23.7  24.2  24.5  34.4  48.7  74.6  77.3  71.3  61.5  36.9  33.3  29.2  28.5  27.6  27.7 
 24.7  24.2  24.9  24.4  24.5  23.9  24.4  24.5  24.2  23.8  24.3  24.1  23.9  23.7  24.2  24.2  24.2  23.9  24.3  24.5  33.2  42.2  64.8  67.8  58.7  49.9  34.6  32.4  29.3  28.1  28.0  28.1 
 24.5  24.3  24.7  24.8  24.3  24.2  24.5  24.2  23.9  23.7  24.2  24.2  23.8  23.8  24.1  24.2  23.9  24.1  24.5  25.1  31.0  36.3  51.5  53.9  46.6  41.9  32.9  31.5  28.7  28.2  28.1  28.4 
 24.7  24.4  25.2  25.0  24.4  24.2  24.6  24.3  24.2  23.7  24.1  24.0  24.2  23.6  24.3  24.4  24.1  23.8  24.7  25.3  27.1  28.3  33.3  34.0  33.5  32.5  30.9  29.8  28.0  27.1  28.4  29.3 
 25.0  24.8  24.8  24.6  24.2  24.3  24.6  24.9  24.0  24.1  24.2  24.3  23.9  23.9  24.1  24.4  23.9  24.0  24.8  25.5  25.9  26.8  29.8  30.9  30.9  30.8  29.9  29.6  27.5  27.5  29.2  30.4 
 25.3  24.6  25.0  25.1  24.7  24.1  24.7  24.6  24.3  23.9  24.3  24.2  24.2  23.8  24.3  24.1  24.3  23.8  25.4  25.1  25.3  25.5  27.7  28.1  28.8  28.4  28.9  28.1  27.4  27.3  31.2  31.9 
 25.9  24.9  25.2  25.5  24.5  24.4  24.7  24.8  23.9  24.2  24.4  24.5  24.0  24.1  24.4  24.4  24.0  24.2  25.3  25.0  25.0  25.4  27.1  27.7  27.6  28.2  28.0  28.2  28.0  28.6  31.7  33.1 
