 24.7  23.6  23.8  23.7  24.1  23.8  24.2  24.5  23.7  23.8  24.3  24.2  24.0  23.7  23.7  24.1  23.7  23.5  24.0  24.0  23.8  23.9  24.1  24.5  24.2  24.0  24.5  24.7  24.4  24.2  25.5  26.6 
 23.7  23.5  24.2  23.7  24.1  23.9  24.3  24.3  24.0  23.9  24.2  24.0  23.7  23.6  24.3  23.9  23.9  23.5  24.1  23.8  23.8  24.0  24.3  23.9  23.9  23.9  24.5  24.1  24.3  24.3  25.1  25.3 
 23.6  23.5  24.1  24.2  24.1  23.8  24.3  24.2  23.8  23.4  23.8  24.3  23.9  23.6  23.9  24.0  23.7  23.6  23.9  24.0  23.8  23.8  23.8  24.4  23.9  23.9  24.4  24.4  24.2  24.3  24.3  25.1 
 23.2  23.5  24.0  24.2  24.1  23.9  24.3  24.2  23.8  23.8  24.1  24.0  23.6  23.6  24.1  23.9  23.7  23.7  24.1  23.9  23.7  23.8  24.4  23.9  23.9  23.7  24.7  24.2  24.0  24.3  25.0  24.7 
 24.1  23.9  24.2  24.3  23.9  24.0  24.0  24.1  23.9  23.6  23.9  23.9  23.7  23.6  23.7  24.0  23.8  23.6  24.0  24.0  23.9  23.6  23.9  24.0  23.8  23.9  24.3  24.4  24.0  23.9  24.1  25.1 
 23.8  23.6  24.4  24.0  24.1  24.0  24.5  24.1  23.8  23.9  23.9  23.9  23.6  23.4  24.0  23.9  23.7  23.7  24.0  24.0  23.8  23.6  24.0  23.9  24.0  23.8  24.3  24.3  24.4  24.0  24.9  24.7 
 23.8  23.9  24.0  24.3  24.2  24.0  24.0  24.1  23.8  23.7  23.9  24.2  23.9  23.7  23.7  24.0  23.8  23.6  23.9  23.9  23.8  23.6  23.9  24.0  23.7  23.5  24.1  24.1  24.0  23.9  24.4  24.6 
 23.9  23.5  24.0  24.2  24.0  23.8  24.1  23.9  23.7  23.7  24.1  23.9  23.9  23.5  23.8  23.8  23.8  23.6  23.9  23.8  23.8  23.6  24.0  24.0  23.8  23.8  24.2  24.3  24.2  23.9  24.5  23.7 
 24.2  24.0  24.1  24.3  24.0  24.0  23.9  24.2  23.6  23.6  24.0  24.0  23.9  23.7  23.7  24.1  23.6  23.7  23.9  24.0  23.8  23.7  23.8  24.0  23.9  23.8  24.0  24.5  23.7  24.1  24.3  24.2 
 24.1  24.0  24.5  24.3  24.1  23.7  24.2  24.1  23.8  23.8  24.0  24.1  23.6  23.6  23.9  23.7  23.7  23.7  24.0  23.8  23.8  23.9  24.1  24.0  24.0  23.8  24.3  24.4  24.0  23.8  24.8  24.3 
 24.1  24.2  24.2  24.4  23.8  23.8  24.1  24.3  23.7  23.7  23.9  24.0  23.8  23.8  23.9  24.0  23.8  23.6  23.9  24.0  23.8  23.8  24.0  24.4  24.0  23.9  24.1  24.2  24.0  24.2  24.6  24.9 
 24.1  24.2  24.3  24.3  23.8  24.0  24.2  24.2  23.7  23.7  23.9  24.0  23.7  23.7  23.9  23.9  23.7  23.7  24.1  24.0  23.9  23.9  24.2 nan  23.9  23.8  24.4  24.3  24.2  23.8  24.7  24.7 
 24.6  24.0  24.4  24.5  24.2  23.8  24.2  24.1  23.8  23.7  23.9  24.0  23.8  23.7  23.9  24.1  23.9  23.7  24.1  24.1  23.9  24.0  24.2  24.4  24.2  24.1  24.6  24.4  24.5  24.4  24.8  25.3 
 24.3  24.2  24.5  24.2  24.0  24.0  24.3  23.9  23.8  23.6  24.1  24.1  23.9  23.7  24.0  23.9  23.8  23.7  24.1  24.0  24.1  24.0  24.4  24.2  24.3  24.0  24.9  24.7  24.8  24.7  25.3  25.3 
 24.3  24.3  24.5  24.6  24.2  23.9  24.1  24.3  24.0  23.8  24.0  24.2  23.9  23.7  23.8  24.0  24.0  23.8  24.1  24.2  24.4  24.7  29.6  31.0  30.7  29.8  27.3  27.4  26.4  26.1  26.1  26.4 
 24.0  24.2  24.5  24.3  24.0  23.9  24.3  24.0  23.7  23.8  24.1  23.9  23.8  23.7  24.0  24.0  23.8  23.8  24.0  24.2  25.2  28.6  45.0  47.4  44.3  39.3  30.9  29.1  27.4  26.8  27.1  26.4 
 24.3  24.5  24.3  24.4  24.0  23.9  24.3  24.5  23.9  23.8  23.9  24.1  23.9  23.7  23.9  24.1  24.0  23.9  24.2  24.5  31.9  44.4  70.1  73.1  69.6  60.4  36.2  32.8  28.9  28.4  27.4  27.2 
 24.4  24.1  24.6  24.3  24.0  23.9  24.3  24.3  23.8  23.7  24.2  23.9  23.9  23.9  24.3  24.0  24.0  23.8  24.4  24.4  34.4  48.6  74.5  77.1  71.3  61.4  37.0  33.1  29.2  28.6  27.6  27.5 
 24.8  24.3  24.6  24.6  24.4  24.2  24.3  24.4  24.1  23.8  24.1  24.1  23.8  23.8  24.0  24.2  24.1  23.8  24.4  24.8  33.4  42.3  64.7  67.7  58.9  49.9  34.5  32.5  29.0  28.4  27.8  28.1 
 24.7  24.8  24.8  24.8  24.2  23.9  24.3  24.1  24.0  23.8  24.3  23.9  24.0  23.8  24.1  24.1  24.0  23.9  24.4  24.9  31.0  36.2  51.7  53.8  46.6  41.7  33.1  31.4  28.8  28.2  28.1  27.8 
 25.0  24.5  24.8  24.6  24.5  24.2  24.3  24.5  24.2  23.9  24.2  24.2  24.0  23.9  24.0  24.4  24.1  23.8  24.7  25.6  27.3  28.5  33.0  34.2  33.5  32.5  30.7  30.1  28.0  27.5  28.4  29.8 
 25.2  24.8  24.9  24.4  24.3  24.1  24.4  24.4  24.1  24.1  24.2  24.3  23.9  23.9  24.2  24.1  23.9  24.0  24.9  25.3  26.1  26.8  29.7  30.5  31.0  30.9  29.9  29.4  27.7  27.6  29.2  30.4 
 25.8  25.1  25.0  24.9  24.6  24.3  24.7  24.6  24.3  24.0  24.5  24.5  24.1  24.1  24.0  24.3  24.3  23.9  25.1  25.5  25.1  25.6  27.4  28.1  28.6  28.6  28.7  28.6  27.7  28.0  30.5  33.2 
 25.9  25.1  25.2  25.0  24.7  24.5  24.7  24.4  24.2  24.1  24.7  24.3  24.1  24.1  24.4  24.3  24.2  24.2  25.0  24.9  25.1  25.5  27.2  27.3  27.7  27.7  28.1  28.0  27.6  28.1  32.1  32.1 
