 23.9  23.2  23.6  23.5  23.6  24.2  24.3  23.9  23.6  23.8  24.0  23.9  23.7  23.7  23.7  24.0  23.5  23.6  24.0  24.0  23.7  23.9  24.0  24.0  23.9  24.0  24.3  24.2  24.2  24.3  25.5  25.9 
 23.9  23.3  23.6  24.2  24.1  23.7  24.2  24.0  23.9  23.7  24.0  24.0  23.9  23.4  23.8  23.9  23.7  23.6  23.9  24.1  24.0  23.5  24.0  24.1  24.1  23.9  24.0  24.3  24.0  24.3  24.8  25.6 
 23.3  23.4  24.0  23.8  23.9  23.9  23.9  24.1  23.5  23.9  23.9  23.9  23.5  23.7  24.0  24.0  23.7  23.7  24.0  23.8  23.7  23.6  23.9  24.2  23.8  24.0  24.2  24.1  24.1  24.1  24.5  24.8 
 23.4  23.3  23.7  24.0  24.1  23.8  24.3  24.1  23.9  23.3  24.0  23.9  23.6  23.5  23.8  24.0  23.8  23.5  23.8  23.9  24.0  23.8  23.8  24.0  23.9  23.6  24.2  24.1  24.1  24.1  24.6  24.9 
 23.9  24.1  23.9  23.9  24.1  24.2  24.0  24.1  23.6  23.7  23.9  23.8  23.5  23.6  24.0  23.9  23.7  23.6  24.0  24.0  23.6  23.7  24.0  23.9  23.7  23.8  24.3  24.3  23.7  24.0  24.8  24.4 
 23.7  23.4  24.0  24.1  24.2  23.8  24.0  24.0  24.0  23.6  23.6  23.9  23.8  23.4  23.7  23.9  23.7  23.4  23.8  23.9  23.8  23.6  23.8  23.9  23.9  23.6  24.1  24.2  24.1  23.8  24.3  24.4 
 23.8  23.9  23.8  24.1  23.9  24.1  24.2  24.1  23.6  23.8  23.7  24.1  23.6  23.8  23.9  23.8  23.7  23.6  23.8  23.9  23.8  23.7  23.9  24.1  23.7  23.7  24.2  24.2  23.7  23.9  24.2  24.4 
 24.2  23.7  24.0  24.2  24.1  24.0  24.0  24.1  23.9  23.6  23.9  23.8  23.7  23.6  23.9  24.0  23.9  23.6  23.9  24.0  23.8  23.7  23.8  24.0  23.7  23.7  24.1  24.3  24.0  23.8  24.1  23.7 
 24.2  23.8  24.4  23.9  23.8  23.8  24.1  24.0  23.8  23.6  24.0  23.8  23.7  23.7  23.8  24.1  23.5  23.6  24.1  23.8  23.7  23.8  23.9  23.9  23.7  23.8  24.3  24.1  24.1  23.8  24.1  24.4 
 24.2  24.2  24.1  24.2  24.2  23.8  24.2  24.0  23.8  23.4  23.7  23.8  23.8  23.5  23.9  23.9  23.7  23.6  23.8  24.0  23.8  23.7  23.9  24.2  23.9  23.7  24.0  24.1  23.8  23.8  24.4  24.5 
 24.1  24.0  24.2  24.4  23.8  24.0  24.1  24.0  23.6  23.9  23.9  23.9  23.5  23.7  23.9  23.9  23.7  23.8  23.9  24.0  23.8  23.7  24.0  24.0  23.8  23.8  24.0  24.0  23.8  24.0  24.4  24.5 
 24.1  23.7  24.2  24.1  24.0  23.7  24.1  24.1  23.7  23.6  24.0  23.9  23.9  23.5  23.8  23.8  23.8  23.7  23.9  23.9  23.9  23.9  24.1 nan  23.9  23.6  23.8  24.3  24.2  23.8  24.4  24.7 
 24.1  24.2  24.2  24.2  24.0  23.9  24.4  24.1  23.7  23.7  23.9  24.0  23.7  23.6  23.8  23.7  23.8  23.7  24.1  23.9  23.9  23.8  24.1  24.1  24.2  24.0  24.6  24.5  24.0  24.3  24.8  25.1 
 24.3  23.7  24.3  24.4  24.1  23.7  24.0  24.0  23.8  23.6  23.9  24.0  23.9  23.7  24.0  23.8  23.9  23.6  24.0  24.1  23.9  23.8  24.3  24.3  24.3  24.1  24.7  24.6  24.8  24.5  25.1  25.3 
 24.1  24.3  24.4  24.3  23.9  23.9  24.1  24.1  23.8  23.8  24.0  24.1  23.6  23.8  23.9  24.0  23.7  23.8  24.0  24.1  24.5  24.6  29.5  30.9  30.6  29.7  27.2  27.0  26.4  26.3  26.0  26.2 
 24.2  23.9  24.6  24.4  24.0  23.8  24.1  24.0  24.1  23.7  23.9  24.0  23.9  23.8  23.8  24.1  23.8  23.8  24.0  24.1  25.1  28.4  44.9  47.4  44.3  39.0  30.5  29.1  27.3  26.8  26.6  26.6 
 24.1  24.4  24.6  24.3  23.9  23.9  24.3  24.2  24.0  23.8  23.8  23.9  23.7  23.9  24.0  23.9  23.9  23.8  24.1  24.4  31.8  44.3  70.0  73.0  69.5  60.4  36.1  32.6  28.7  28.5  27.4  27.2 
 24.5  24.0  24.5  24.6  24.1  23.8  24.5  24.3  23.9  23.5  24.0  23.8  24.1  23.6  24.0  24.0  23.9  23.7  24.2  24.3  34.3  48.5  74.4  77.1  71.3  61.2  36.9  33.0  29.4  28.2  27.4  27.3 
 24.5  24.3  24.9  24.6  24.1  24.1  24.5  24.2  24.0  23.9  24.2  24.1  23.8  24.0  24.2  24.1  24.0  24.0  24.3  24.7  33.2  42.4  64.7  67.4  58.7  49.8  34.6  32.3  29.1  28.4  27.8  27.7 
 24.6  24.5  24.6  24.2  24.2  23.8  24.4  24.3  23.9  23.6  23.9  24.1  23.9  23.8  23.9  24.1  24.2  23.9  24.4  24.8  31.1  36.2  51.5  53.6  46.8  41.6  32.7  31.2  28.8  28.1  27.7  28.0 
 24.6  24.5  24.8  24.8  24.2  24.1  24.3  24.4  24.1  24.0  24.1  24.2  23.9  24.0  24.1  24.0  23.7  23.8  24.4  25.3  27.0  28.5  32.7  34.0  33.3  32.3  30.6  29.9  27.7  27.6  28.2  29.2 
 25.2  24.6  24.6  24.6  24.3  24.0  24.4  24.4  23.9  23.8  24.2  24.3  24.0  23.8  24.1  24.3  23.9  23.8  24.8  25.3  26.0  26.8  29.6  30.6  31.0  30.8  29.8  29.4  27.7  27.3  29.2  30.4 
 25.3  25.5  25.1  24.9  24.2  24.1  24.3  24.4  24.2  24.0  24.4  24.4  24.0  24.1  24.2  24.1  24.1  24.0  25.2  25.0  25.0  25.7  27.4  28.2  28.3  28.4  28.6  28.3  27.5  27.5  30.8  32.3 
 25.5  25.4  25.0  25.3  24.5  23.9  24.5  24.5  24.3  24.1  24.3  24.1  24.1  23.7  24.3  24.4  24.3  23.9  25.0  24.9  25.1  25.4  27.0  27.6  27.7  27.6  28.1  28.0  27.7  27.9  30.8  32.6 
