 24.1  22.8  23.8  23.3  23.8  23.5  24.2  24.1  23.6  23.7  24.1  23.9  23.8  23.4  23.7  23.8  23.5  23.7  23.9  24.0  23.9  23.8  24.3  24.1  24.0  23.6  24.3  24.3  24.2  24.0  25.2  25.6 
 24.1  23.4  23.8  24.0  24.1  24.0  23.9  24.1  23.9  23.7  23.8  24.0  23.8  23.7  23.6  24.1  23.5  23.8  24.1  24.1  23.9  23.5  23.9  24.5  23.6  23.9  24.2  24.4  24.1  24.3  25.1  25.6 
 23.4  23.3  24.0  23.9  24.3  23.9  24.1  24.1  23.6  23.5  23.9  23.9  23.5  23.4  24.0  23.8  23.6  23.6  23.8  23.8  23.7  23.7  23.9  24.1  24.0  24.0  24.1  24.3  24.1  24.1  24.7  24.8 
 23.2  23.5  23.9  24.3  23.8  23.8  24.0  24.1  23.7  23.5  23.9  24.0  23.6  23.6  23.8  23.9  24.0  23.7  23.8  23.9  23.7  23.8  23.8  24.1  23.9  23.8  24.1  24.4  23.8  24.1  24.4  24.9 
 23.9  23.7  24.1  24.2  24.0  23.9  24.2  24.2  23.8  23.6  23.8  24.0  23.6  23.6  24.0  23.8  23.6  23.4  23.8  23.8  23.8  23.5  24.1  23.9  23.7  23.7  24.3  24.0  23.9  23.9  24.6  24.6 
 23.8  23.6  24.3  23.9  23.8  24.1  24.1  24.2  23.6  23.8  23.7  23.9  23.7  23.6  23.9  23.9  23.7  23.8  24.0  23.8  23.7  23.6  23.8  24.0  23.7  23.6  24.2  24.0  23.9  24.1  24.3  24.4 
 23.6  23.9  24.1  24.0  24.1  23.8  24.1  23.9  23.7  23.6  24.0  23.9  23.8  23.8  24.0  23.7  23.6  23.7  23.9  23.9  23.7  23.6  23.8  23.8  23.7  23.4  24.2  24.4  24.0  23.7  24.4  24.2 
 23.9  24.0  23.7  24.3  24.0  23.9  23.9  24.0  23.8  23.7  23.8  23.9  23.8  23.5  23.7  23.9  23.6  23.7  23.8  24.0  23.7  23.7  23.9  24.0  23.7  23.6  23.8  24.3  23.7  24.2  24.1  23.4 
 24.5  24.0  24.1  24.2  24.0  23.8  24.2  24.1  23.8  23.4  24.0  23.8  23.7  23.6  23.8  23.8  23.7  23.6  24.1  23.8  23.7  23.9  23.9  23.9  23.9  23.7  24.2  24.1  24.1  23.6  24.3  24.2 
 24.4  24.1  24.4  24.2  24.0  24.0  24.2  24.0  23.8  23.7  23.7  24.0  23.8  23.6  23.8  23.9  23.6  23.7  23.9  24.1  23.7  23.8  24.1  24.0  23.9  23.8  23.9  24.2  24.1  23.9  24.6  24.6 
 24.4  24.1  24.2  24.1  23.9  23.7  24.0  24.0  23.9  23.6  24.0  23.8  23.7  23.6  24.0  23.8  23.9  23.5  23.9  23.8  23.7  23.5  23.9  23.9  23.8  23.8  24.1  24.0  24.2  23.9  24.3  24.4 
 24.1  24.0  24.2  24.3  23.8  24.0  24.1  24.2  23.7  23.8  23.8  24.1  23.8  23.7  23.8  24.0  23.8  23.7  23.9  24.0  23.8  23.8  24.0 nan  23.8  23.8  24.1  24.4  24.0  24.2  24.4  24.8 
 24.2  23.8  24.3  24.3  23.7  23.8  24.2  24.0  23.7  23.7  23.9  23.9  23.6  23.6  24.0  23.9  23.8  23.6  24.1  24.0  23.8  23.9  24.3  24.1  24.1  23.7  24.5  24.3  24.4  24.2  25.1  25.1 
 24.3  24.0  24.3  24.5  24.0  23.7  24.3  24.0  23.9  23.6  23.9  24.1  23.8  23.6  23.9  24.1  23.8  23.7  24.0  24.0  23.9  23.9  24.4  24.4  24.2  24.2  24.5  25.0  24.8  24.8  25.0  25.3 
 24.1  24.4  24.4  24.3  24.0  23.8  24.1  23.9  23.8  23.7  24.0  23.9  23.8  23.6  24.1  23.8  23.8  23.7  24.1  24.2  24.2  24.6  29.7  30.8  30.6  29.7  27.4  27.1  26.5  26.1  26.0  26.1 
 24.2  23.9  24.4  24.3  23.9  24.0  24.0  24.3  23.8  23.8  23.8  24.0  23.8  23.8  23.8  24.0  23.7  23.8  24.0  24.3  24.9  28.8  45.0  47.4  44.2  39.0  30.5  29.3  27.3  27.0  26.6  26.6 
 24.1  24.0  24.6  24.3  24.1  23.8  24.1  24.2  24.0  23.7  24.0  24.0  23.9  23.6  23.9  23.8  23.9  23.7  24.4  24.1  31.9  44.3  70.1  73.1  69.5  60.3  36.2  32.3  28.6  28.2  27.4  27.0 
 24.4  24.1  24.6  24.5  23.8  23.9  24.1  24.2  23.9  23.9  24.0  24.0  23.9  23.8  24.0  24.2  23.8  23.8  24.4  24.5  34.2  48.5  74.5  77.1  71.2  61.4  37.1  33.3  29.3  28.6  27.6  27.5 
 24.5  24.3  24.6  24.6  24.2  24.1  24.2  24.4  24.0  23.7  24.2  24.1  23.9  23.7  24.1  24.0  24.1  23.8  24.3  24.5  33.4  42.2  64.7  67.6  58.8  49.9  34.5  32.2  29.2  28.3  27.6  27.5 
 24.5  24.3  24.7  24.8  24.3  23.8  24.3  24.2  23.9  24.0  24.0  24.2  23.8  23.8  24.0  23.9  23.9  23.8  24.4  25.0  31.2  36.1  51.5  53.7  46.6  41.7  32.7  31.5  28.5  28.2  27.6  28.2 
 24.2  24.5  24.8  24.6  24.1  24.2  24.3  24.5  24.0  23.8  24.2  24.2  23.9  23.7  24.2  24.0  23.9  24.0  24.4  25.4  27.2  28.4  32.9  34.0  33.5  32.3  30.9  29.8  27.9  27.4  28.4  29.2 
 24.6  24.9  24.7  24.7  24.3  24.1  24.4  24.6  24.1  23.9  24.2  24.4  23.9  24.0  24.1  24.4  24.0  23.9  24.6  25.3  26.0  26.8  29.7  30.6  30.9  30.8  29.3  29.4  27.7  27.6  29.2  30.7 
 25.5  24.8  24.9  25.1  24.3  24.0  24.5  24.1  24.0  23.8  24.2  24.3  24.1  23.9  24.1  24.3  24.2  24.0  25.0  25.2  25.3  25.4  27.5  27.9  28.7  28.4  28.7  28.3  27.5  27.1  30.5  31.9 
 25.3  25.4  24.8  25.0  24.5  24.5  24.6  24.5  24.0  24.2  24.2  24.4  24.0  23.9  24.4  24.4  24.1  24.1  25.0  24.9  25.1  25.3  26.8  27.9  27.9  28.0  28.0  28.3  27.3  28.1  30.9  32.6 
