 24.3  24.1  24.1  23.9  23.2  23.0  23.1  23.3  22.9  22.6  22.9  23.1  22.7  22.8  23.0  23.0  22.9  22.8  22.9  23.0  23.0  22.8  23.4  24.3  26.4  27.1  29.1  28.7  29.6  30.0  30.4  30.8 
 24.0  23.7  24.0  24.0  23.5  22.9  23.2  23.0  22.8  22.7  23.1  23.2  22.8  22.5  22.9  23.0  22.7  22.4  23.0  23.0  23.0  22.6  23.1  23.5  26.0  27.1  28.6  28.7  29.9  29.9  30.5  30.6 
 23.8  23.3  23.7  23.6  22.7  22.7  23.1  23.0  22.7  22.7  22.8  23.0  22.6  22.7  22.9  22.9  22.7  22.8  22.8  22.9  22.8  22.9  23.0  23.2  24.7  25.7  28.9  29.4  29.0  29.1  29.8  30.2 
 23.6  23.0  23.6  23.8  23.1  22.8  23.2  23.0  23.2  22.9  23.1  22.9  22.7  22.6  22.8  22.9  22.9  22.7  22.9  22.9  22.9  22.5  23.2  23.3  23.7  24.3  27.6  28.2  29.0  29.3  30.0  30.2 
 23.2  23.5  23.4  23.2  23.2  22.8  23.2  23.2  23.3  23.2  23.1  23.0  22.7  22.7  22.7  22.8  22.6  22.8  22.9  22.8  22.5  22.8  23.2  23.1  23.6  23.7  26.4  27.2  28.7  29.4  30.0  30.7 
 23.4  23.0  23.5  23.5  23.1  22.9  23.3  23.3  23.8  23.8  23.4  23.0  22.8  22.5  22.8  22.9  22.7  22.7  22.9  22.9  22.9  22.5  23.1  23.4  24.0  25.0  27.3  28.9  30.0  30.0  30.1  30.1 
 23.2  23.2  23.1  23.4  22.8  22.7  23.2  23.7  25.3  26.8  24.2  23.5  22.6  22.8  22.8  22.9  22.5  22.8  22.9  23.0  22.8  22.9  23.3  23.6  26.4  27.2  29.4  29.9  31.3  31.7  32.2  31.5 
 23.6  23.2  23.4  23.3  23.0  22.8  23.4  23.7  26.2  27.8  24.8  23.2  22.9  22.5  22.7  22.7  22.8  22.6  22.8  23.0  22.9  22.8  23.6  24.2  27.1  27.6  30.0  30.9  31.4  31.4  32.0  31.5 
 23.3  23.3  23.5  23.3  23.1  22.9  23.2  23.3  23.5  23.6  23.3  23.1  22.7  22.7  22.8  22.8  22.8  22.8  22.9  22.8  22.9  22.7  23.5  24.2  26.9  28.1  30.5  31.0  31.5  31.8  32.3  32.2 
 23.9  23.2  23.5  23.5  23.1  22.7  23.0  23.1  23.1  23.1  23.2  23.1  22.8  22.6  22.9  22.8  22.8  22.8  23.0  23.1  23.0  22.7  23.3  24.0  27.5  29.0  31.1  31.1  31.5  31.7  32.3  30.5 
 23.9  24.0  24.0  24.0  23.4  23.4  23.2  23.6  22.8  22.9  22.9  23.1  22.5  22.6  22.9  22.8  22.6  22.7  23.0  22.9  22.8  22.9  23.2  23.8  27.7  29.7  31.3  31.5  31.6  32.0  30.1  28.5 
 24.1  23.6  24.1  24.2  24.4  24.1  23.6  23.5  23.1  22.8  23.0  22.8  22.7  22.6  22.9  22.9  22.9  22.7  22.9  22.9  22.9  22.9  23.1 nan  27.4  28.8  31.0  31.4  31.5  30.8  29.1  27.8 
 24.5  24.3  25.2  25.7  26.3  26.5  28.9  29.6  27.4  26.0  23.4  23.1  22.7  22.6  23.0  22.9  22.8  22.8  23.1  23.0  22.7  22.7  23.1  23.2  23.6  25.5  27.6  28.6  30.2  30.8  30.7  29.8 
 25.1  24.5  25.9  26.4  27.8  28.6  36.6  42.4  44.6  38.9  24.0  23.5  22.9  22.7  22.9  22.8  22.7  22.5  22.8  22.8  22.9  22.5  23.0  23.0  23.3  23.3  25.4  25.6  29.4  30.3  31.3  31.2 
 25.3  25.5  26.6  27.2  29.9  33.0  52.0  60.4  70.9  67.3  33.8  25.7  22.8  22.9  23.0  22.9  22.8  22.7  22.9  23.0  22.7  23.0  23.1  22.9  22.9  23.2  23.5  23.8  25.6  28.2  31.4  31.5 
 25.7  25.3  26.9  27.6  30.6  33.3  52.6  61.2  76.3  75.6  38.2  26.3  22.9  22.7  22.9  22.8  22.8  22.7  22.9  22.9  23.0  22.5  23.2  23.0  23.0  22.7  23.5  23.8  24.8  26.7  30.7  30.2 
 25.6  25.8  26.9  27.5  29.8  32.2  46.2  55.7  78.5  78.3  33.6  25.6  22.9  22.9  22.9  23.0  22.7  22.7  23.0  23.0  22.9  22.8  23.0  23.2  22.8  23.1  23.7  23.6  23.5  24.0  25.7  25.8 
 25.6  25.2  26.7  27.0  29.0  30.1  39.2  45.3  61.3  58.3  27.9  24.4  23.1  22.8  23.2  23.2  23.0  22.7  23.2  23.1  22.9  22.7  23.2  23.0  23.2  22.9  23.5  23.5  23.6  23.5  24.9  25.1 
 25.4  25.7  26.7  26.7  27.2  27.6  29.6  31.1  32.3  30.4  24.6  23.5  23.0  23.1  23.2  23.3  22.9  23.2  23.1  23.3  23.2  23.1  23.3  23.3  23.1  23.3  23.5  23.4  23.5  23.8  24.2  24.5 
 25.8  25.7  26.7  26.7  26.7  26.6  28.1  28.2  28.4  27.2  24.1  23.6  23.2  22.8  23.2  23.1  23.2  22.9  23.2  23.1  23.2  22.8  23.4  23.3  23.3  23.0  23.6  23.6  23.5  23.6  24.6  24.5 
 25.3  26.0  26.3  26.2  25.9  25.9  26.3  26.3  25.8  25.1  23.9  23.8  23.0  23.1  23.3  23.5  23.0  23.0  23.1  23.4  23.1  23.1  23.4  23.5  23.2  23.3  23.6  23.9  23.6  24.1  25.2  25.7 
 26.0  25.8  25.8  25.9  26.1  25.4  25.9  25.9  25.4  24.6  24.0  23.8  23.4  23.0  23.2  23.3  23.2  22.9  23.4  23.3  23.3  23.0  23.6  23.4  23.2  23.3  23.7  23.8  24.3  24.4  25.5  26.5 
 26.9  26.2  25.7  26.2  25.2  25.2  25.3  25.3  24.7  24.5  24.0  24.1  23.6  23.3  23.4  23.7  23.3  23.1  23.5  23.4  23.3  23.2  23.5  23.9  23.7  23.7  24.7  25.2  24.9  25.2  26.6  27.1 
 27.4  26.5  26.0  25.7  25.1  24.8  25.3  25.0  24.5  24.1  24.0  24.0  23.5  23.2  23.6  23.5  23.4  23.2  23.4  23.4  23.6  23.3  23.5  23.9  24.0  23.9  25.0  25.7  25.6  24.9  27.4  27.9 
