 24.5  23.2  24.3  23.8  24.1  23.9  24.5  24.1  24.1  23.4  24.1  23.8  23.8  23.3  23.9  24.0  23.8  23.7  24.0  24.0  24.0  23.8  24.3  24.3  24.0  23.7  24.7  24.4  24.7  24.3  25.5  26.3 
 23.9  23.6  23.8  24.2  23.9  24.2  23.9  24.3  23.8  23.7  24.0  24.2  23.6  23.6  24.1  24.1  23.6  23.7  24.0  24.2  24.0  23.7  24.1  24.3  24.0  24.0  24.3  24.8  24.3  24.1  25.1  25.6 
 24.0  23.5  24.1  23.9  24.1  24.0  24.3  24.0  24.0  23.6  24.2  23.9  23.8  23.6  24.0  24.0  23.7  23.7  24.0  23.8  24.0  23.6  24.1  24.0  24.0  23.7  24.5  24.1  24.4  24.0  24.9  25.1 
 23.4  23.5  23.5  24.6  24.1  23.8  23.9  24.4  23.4  23.5  24.0  24.2  23.6  23.6  23.8  24.0  23.7  23.6  23.6  23.9  23.8  23.8  24.1  24.1  23.9  23.9  24.1  24.7  23.8  24.2  24.5  24.9 
 24.2  23.6  24.4  24.2  24.2  23.9  24.3  24.2  23.9  23.6  23.8  23.9  23.7  23.6  24.0  23.7  23.8  23.6  23.8  23.9  23.8  23.6  24.0  24.0  23.7  23.9  24.3  24.0  24.0  23.8  24.8  24.4 
 23.6  23.7  24.0  24.2  23.9  24.0  24.3  24.3  23.8  23.8  23.8  24.1  23.6  23.7  23.7  24.1  23.7  23.7  23.9  24.1  23.6  23.6  23.8  24.0  24.0  23.8  24.2  24.4  23.9  24.1  24.5  24.7 
 23.8  23.9  24.1  24.1  24.1  24.1  24.1  23.9  23.8  23.7  24.1  24.0  23.8  23.6  23.9  23.9  23.8  23.7  24.1  23.7  23.9  23.5  24.1  24.0  24.0  23.5  24.0  24.2  24.0  23.6  24.4  24.2 
 24.0  24.0  24.0  24.6  24.1  24.0  24.1  24.2  23.8  23.8  23.9  24.1  23.8  23.9  23.9  23.9  23.6  23.7  23.7  24.0  23.7  23.7  23.9  24.2  23.7  23.8  24.0  24.4  23.9  24.0  24.0  23.9 
 24.4  23.9  24.4  24.2  24.2  23.8  24.3  24.1  23.9  23.6  24.2  23.9  23.9  23.6  24.0  23.8  23.7  23.7  24.1  23.9  23.9  23.7  24.1  24.0  23.9  23.8  24.3  24.1  24.1  24.0  24.4  24.5 
 24.1  24.2  24.0  24.6  24.0  24.0  24.0  24.0  23.8  23.9  23.8  23.9  23.5  23.7  23.7  24.0  23.7  23.8  24.0  24.1  23.7  23.7  23.9  24.1  23.9  23.8  24.2  24.3  24.1  24.1  24.4  24.6 
 24.4  24.1  24.5  24.4  24.0  23.9  24.0  23.9  23.8  23.6  24.0  23.9  23.8  23.5  24.0  23.8  23.8  23.6  24.0  23.9  23.8  23.7  24.1  23.9  24.0  23.9  24.1  24.2  24.3  23.9  24.6  24.4 
 24.1  24.3  24.1  24.5  23.6  23.8  24.1  24.2  23.6  23.8  23.8  24.2  23.8  23.7  23.8  24.2  23.7  23.8  24.0  24.1  23.8  23.9  24.0 nan  23.8  23.9  24.0  24.3  24.1  24.1  24.6  24.8 
 24.4  24.0  24.4  24.2  24.2  23.8  24.4  24.1  23.8  23.7  24.0  23.8  23.8  23.6  24.0  24.0  23.9  23.8  24.2  23.9  24.0  23.9  24.2  24.3  24.2  23.9  24.6  24.5  24.5  24.4  25.1  25.0 
 24.0  24.5  24.2  24.7  23.9  24.0  23.9  24.2  23.8  23.8  23.9  24.1  23.7  24.0  23.9  24.1  23.8  23.9  23.9  24.2  24.0  24.0  24.3  24.4  24.2  24.3  24.5  24.9  24.7  24.9  25.0  25.6 
 24.4  24.0  24.4  24.3  24.4  23.9  24.2  24.1  24.1  23.7  24.0  24.0  24.0  23.6  24.1  23.9  24.0  23.7  24.3  24.2  24.4  24.6  29.7  30.8  30.8  29.6  27.3  26.9  26.6  26.2  26.4  26.1 
 24.2  24.4  24.2  24.6  23.9  24.0  24.2  24.2  23.9  23.8  24.2  24.0  23.7  23.8  23.8  24.0  23.6  23.9  24.2  24.3  25.0  28.7  45.0  47.5  44.2  39.3  30.6  29.2  27.3  26.9  26.6  26.7 
 24.4  24.0  24.7  24.4  24.3  23.9  24.3  24.2  24.0  23.6  23.9  24.0  24.0  23.6  23.9  23.9  23.9  23.7  24.2  24.2  31.8  44.4  70.2  73.3  69.6  60.3  36.2  32.8  28.9  28.2  27.6  27.0 
 24.4  24.3  24.2  24.6  24.0  24.0  24.3  24.4  23.9  23.9  24.0  24.2  23.8  23.9  24.0  24.1  23.9  23.9  24.2  24.4  34.5  48.7  74.6  77.3  71.3  61.4  36.8  33.4  29.0  28.5  27.5  27.5 
 24.7  24.3  24.6  24.6  24.1  24.0  24.6  24.2  24.1  23.8  24.4  24.0  24.1  23.6  24.3  24.1  24.1  23.9  24.4  24.6  33.3  42.1  64.9  67.7  58.9  49.8  34.8  32.0  29.5  28.3  27.8  27.7 
 24.3  24.6  24.7  25.0  24.2  24.2  24.3  24.6  23.9  24.0  24.3  24.1  23.7  24.0  24.0  24.3  23.9  24.0  24.6  25.2  31.2  36.3  51.7  53.8  46.6  42.0  32.7  31.3  28.2  28.4  27.7  28.4 
 25.0  24.2  25.2  24.8  24.5  24.0  24.6  24.4  24.5  23.8  24.2  24.1  23.9  23.9  24.3  24.1  24.1  23.9  24.7  25.1  27.2  28.3  33.1  34.1  33.5  32.4  30.7  30.0  28.2  27.4  28.4  29.2 
 24.8  25.0  24.8  24.9  24.3  24.3  24.4  24.8  24.0  24.2  24.2  24.4  24.0  23.9  24.0  24.5  23.8  23.7  24.8  25.4  26.0  26.9  29.8  30.7  31.0  31.0  29.6  29.4  27.4  27.6  29.2  30.7 
 25.5  24.8  25.0  24.8  24.6  24.1  24.7  24.3  24.5  24.0  24.5  24.5  24.1  23.8  24.4  24.2  24.4  23.7  25.2  25.3  25.3  25.3  27.7  28.2  28.8  28.4  28.7  28.3  27.9  27.5  30.8  31.5 
 25.3  25.4  24.8  25.5  24.4  24.4  24.5  24.7  23.8  24.3  24.2  24.5  23.8  24.0  24.3  24.5  24.1  24.2  25.0  25.4  25.0  25.5  26.8  27.7  27.7  28.0  27.8  28.0  27.8  28.4  31.7  33.5 
