 24.1  23.2  23.8  23.5  24.1  23.9  24.3  24.2  23.8  23.5  23.9  24.2  23.6  23.7  23.9  24.2  23.8  23.8  24.1  24.2  23.9  23.8  24.1  24.4  24.0  24.2  24.5  24.3  24.4  24.1  26.0  26.6 
 23.5  23.2  24.0  24.0  23.6  23.9  24.3  24.4  23.6  23.4  24.2  24.1  23.5  23.6  24.1  24.1  23.7  23.7  24.1  24.1  23.9  23.6  24.3  24.3  23.7  23.9  24.5  24.6  24.3  24.4  25.5  25.6 
 23.4  23.3  24.3  24.2  24.2  23.7  24.2  24.1  23.6  23.8  23.9  23.9  23.7  23.5  24.0  23.9  23.8  23.6  23.9  24.0  23.8  23.6  24.0  24.1  24.0  24.0  24.4  24.4  24.2  24.3  24.3  25.3 
 23.4  23.7  24.2  24.5  23.7  24.1  24.2  24.4  23.9  23.4  24.1  24.0  23.6  23.6  24.0  24.1  23.6  23.6  24.0  24.1  23.7  23.8  24.1  24.3  23.7  23.7  24.4  24.5  23.8  24.2  24.6  25.1 
 23.7  23.6  24.4  24.2  23.9  24.0  24.1  24.1  23.9  23.8  23.7  24.1  23.6  23.5  23.9  23.9  23.7  23.5  24.0  23.9  23.7  23.6  24.2  24.1  23.7  23.6  24.3  24.2  24.3  23.9  24.8  24.4 
 23.8  23.9  24.0  24.2  23.9  23.9  24.3  24.2  23.6  23.8  23.9  23.9  23.6  23.7  23.9  23.9  23.8  23.7  24.0  24.1  23.8  23.5  24.0  24.0  23.9  23.6  24.1  24.4  23.8  24.0  24.7  24.4 
 23.9  23.8  24.4  24.3  24.1  23.8  24.2  24.1  23.7  23.6  24.0  24.0  23.7  23.5  23.9  24.0  23.6  23.6  24.0  24.1  23.7  23.8  23.9  24.0  23.8  23.5  24.0  24.4  23.9  24.0  24.2  24.7 
 24.0  23.7  24.0  24.3  24.1  23.9  24.3  24.1  23.7  23.5  24.0  24.1  23.6  23.5  24.0  24.0  23.6  23.6  23.9  24.0  23.6  23.8  24.1  24.1  23.7  23.6  24.2  24.3  24.0  23.8  24.1  23.9 
 24.4  24.0  24.4  24.2  23.8  23.9  24.1  24.1  23.7  23.4  24.0  24.0  23.6  23.7  24.0  24.0  23.5  23.7  24.1  24.0  23.7  23.7  24.1  23.9  23.8  23.8  24.1  24.0  23.8  23.9  24.4  24.2 
 24.2  24.1  24.4  24.3  24.1  24.0  24.1  24.1  23.8  23.7  23.9  24.0  23.7  23.6  23.9  23.8  23.5  23.6  24.0  24.2  23.8  23.8  24.1  24.1  24.1  23.9  24.2  24.5  23.7  23.9  24.6  24.6 
 24.3  24.1  24.2  24.4  23.9  23.7  24.1  24.1  23.9  23.5  24.1  24.2  23.7  23.5  23.9  23.9  23.7  23.6  24.0  24.1  23.7  23.8  24.0  24.1  23.9  23.6  24.1  24.2  24.2  23.9  24.4  24.7 
 24.0  24.1  24.4  24.4  23.8  24.0  24.1  24.0  23.6  23.6  24.0  24.1  23.8  23.7  23.9  23.9  23.7  23.7  24.0  24.0  24.0  23.8  24.2 nan  23.7  23.7  24.3  24.3  24.1  23.9  24.9  25.0 
 24.2  23.8  24.3  24.5  24.1  23.8  24.1  24.2  23.7  23.7  24.0  23.9  23.7  23.7  24.1  24.1  23.8  23.6  24.1  24.0  23.8  23.7  24.3  24.3  24.1  24.0  24.4  24.5  24.2  24.4  25.2  25.3 
 24.1  24.3  24.6  24.5  24.1  23.9  24.2  24.1  24.0  23.7  23.9  23.9  23.7  23.7  24.0  24.0  23.8  23.8  24.1  24.1  23.9  23.8  24.5  24.4  24.2  24.2  24.7  24.8  24.8  24.6  25.6  25.5 
 24.2  24.3  24.4  24.6  24.1  23.9  24.1  24.2  23.9  23.8  23.9  23.9  24.0  23.6  24.1  23.8  23.9  23.7  24.1  24.1  24.3  24.6  29.7  31.0  30.7  29.6  27.5  27.2  26.5  26.2  26.3  26.4 
 24.2  24.2  24.4  24.4  23.7  23.8  24.1  24.0  23.8  23.7  24.0  24.0  23.8  23.7  24.0  24.0  23.8  23.6  24.1  24.2  25.1  28.6  45.0  47.4  44.3  39.0  30.8  29.2  27.4  27.0  26.6  26.7 
 24.3  24.1  24.7  24.5  24.2  23.9  24.4  24.5  24.0  23.7  24.1  24.1  23.9  23.6  24.0  23.9  23.9  23.8  24.2  24.2  32.0  44.3  70.1  73.1  69.5  60.5  36.3  32.8  28.7  28.2  27.4  27.2 
 24.4  24.1  24.6  24.6  24.1  23.9  24.4  24.5  23.8  23.8  24.1  23.9  23.8  23.8  24.1  24.1  23.8  23.7  24.2  24.4  34.4  48.6  74.6  77.2  71.3  61.4  37.0  33.2  29.3  28.3  27.5  27.6 
 24.7  24.3  24.7  24.7  24.2  23.8  24.5  24.4  24.0  23.8  24.2  24.3  23.9  23.7  24.1  24.1  24.0  23.9  24.2  24.8  33.3  42.2  64.7  67.6  58.9  49.8  34.7  32.3  29.4  28.4  27.8  27.9 
 24.3  24.5  24.8  25.0  24.3  24.0  24.3  24.2  24.0  23.8  24.0  24.1  23.9  24.0  24.3  24.2  23.9  23.8  24.6  24.9  31.2  36.2  51.7  53.9  46.7  41.7  32.8  31.3  28.5  28.2  28.1  28.2 
 24.6  24.5  24.7  25.1  24.1  24.0  24.3  24.8  24.0  23.9  24.3  24.2  24.1  23.9  24.2  24.2  23.9  23.9  24.4  25.5  27.1  28.4  33.0  34.1  33.3  32.3  30.6  30.1  28.0  27.4  28.4  29.5 
 24.4  25.1  25.1  24.9  24.4  24.1  24.4  24.5  24.2  23.8  24.2  24.2  23.8  23.9  24.1  24.4  24.0  23.9  24.9  25.5  26.1  26.5  29.9  30.7  30.9  30.9  29.9  29.2  27.7  27.6  29.4  30.4 
 25.5  24.8  25.1  25.3  24.5  24.0  24.5  24.4  24.0  23.9  24.5  24.3  24.1  23.9  24.4  24.5  24.0  23.9  25.3  25.2  25.3  25.4  27.5  28.3  28.8  28.4  28.9  28.6  27.5  27.3  31.2  32.3 
 25.9  25.4  25.0  25.1  24.5  24.4  24.8  24.7  24.0  24.2  24.4  24.5  24.1  23.8  24.4  24.3  24.2  24.0  25.3  25.0  25.1  25.3  27.1  27.5  27.6  28.0  28.1  28.3  27.7  27.9  31.7  33.5 
