 24.3  23.8  23.6  23.5  24.1  23.9  24.2  24.2  24.0  23.8  24.0  24.2  23.8  23.7  23.6  23.8  23.7  23.9  23.8  24.0  23.8  23.6  24.1  24.2  23.9  24.0  24.5  24.7  24.6  24.3  25.0  26.3 
 24.1  23.6  23.8  23.9  24.2  24.0  24.2  24.0  23.9  23.8  23.9  23.9  23.8  23.6  23.9  24.0  23.6  23.8  24.2  23.9  24.1  23.6  23.9  24.0  24.0  24.3  24.3  24.5  24.5  24.1  25.5  25.4 
 23.5  23.6  23.8  24.0  24.2  23.9  23.9  24.1  23.6  23.9  23.7  24.0  23.7  23.7  23.9  24.1  23.7  23.6  23.9  23.9  24.0  23.7  24.0  24.1  24.0  23.9  24.2  24.3  24.1  24.1  24.5  24.8 
 23.6  23.3  24.0  24.2  24.1  23.8  24.2  23.9  23.9  23.5  24.0  24.0  23.8  23.4  23.9  24.0  23.9  23.8  24.0  24.0  23.9  23.8  23.9  24.0  24.0  23.8  24.2  24.2  24.1  24.1  24.8  24.9 
 24.1  23.7  24.2  24.6  24.2  24.1  24.1  24.3  23.7  23.7  23.7  24.0  23.6  23.7  23.9  24.0  23.7  23.7  23.8  23.9  23.7  23.8  23.9  24.2  23.9  24.0  24.1  24.3  24.0  23.9  24.5  24.8 
 24.1  23.7  24.1  24.1  24.0  24.1  24.4  24.2  23.9  23.7  23.7  23.7  23.9  23.7  23.8  24.1  23.8  23.7  24.0  24.0  23.8  23.7  24.0  23.9  24.1  23.9  24.1  24.2  24.2  24.3  24.5  24.2 
 23.9  23.4  24.1  24.3  24.0  23.9  24.1  24.0  23.9  23.8  23.9  23.9  23.9  23.7  23.8  23.7  23.8  23.7  23.7  24.0  23.8  23.5  23.9  24.0  23.9  23.7  24.1  24.2  24.0  23.9  24.4  24.2 
 24.0  23.7  24.0  23.9  24.3  23.9  24.3  24.0  23.8  23.7  23.9  23.9  23.8  23.6  23.9  24.0  23.7  23.7  23.9  23.8  23.7  23.8  23.8  23.9  23.8  23.8  24.0  24.1  24.1  24.1  24.1  23.7 
 24.5  23.8  24.3  24.2  24.0  23.9  23.9  24.2  23.8  23.8  23.9  23.8  23.6  23.7  23.7  24.0  23.6  23.8  23.9  23.8  23.7  23.9  24.0  24.2  23.9  23.9  24.1  24.2  24.0  24.0  24.0  24.2 
 24.1  23.9  24.5  24.2  24.1  24.0  24.2  23.8  23.9  23.5  24.0  24.0  23.8  23.6  23.9  23.8  23.7  23.7  23.9  24.0  23.9  23.9  24.0  23.8  24.2  23.9  24.3  24.4  23.8  23.7  24.6  24.5 
 24.1  24.2  24.2  24.5  24.0  24.0  24.0  23.8  23.7  23.8  24.0  24.0  23.7  23.7  23.8  23.9  23.8  23.7  23.9  24.1  24.0  24.0  24.0  24.2  23.8  23.9  24.0  24.3  24.0  24.2  24.4  24.7 
 24.3  24.0  24.2  24.1  23.9  23.9  24.1  23.9  23.9  23.7  23.9  23.9  23.8  23.7  23.7  23.9  23.8  23.8  23.9  24.0  23.9  23.9  24.3 nan  23.9  23.8  24.2  24.3  24.2  23.9  24.7  24.7 
 24.3  24.1  24.0  24.2  24.1  24.0  24.2  24.0  23.7  23.8  24.0  24.0  23.7  23.8  23.8  24.1  23.9  23.8  24.1  23.9  24.0  23.9  24.1  24.3  24.2  24.1  24.4  24.4  24.4  24.4  24.8  25.1 
 24.4  24.0  24.5  24.4  24.1  24.0  24.0  24.0  24.0  23.8  24.0  24.0  23.9  23.7  23.9  23.8  23.8  23.7  24.0  24.2  24.0  24.0  24.2  24.3  24.3  24.3  24.6  24.7  24.8  24.9  25.3  25.3 
 24.3  24.1  24.4  24.3  24.0  24.0  24.1  24.2  23.8  23.6  24.1  24.1  23.8  23.8  23.9  23.9  24.0  23.8  24.0  24.2  24.4  24.6  29.6  30.9  30.8  29.8  27.4  27.0  26.6  26.2  26.1  26.4 
 24.5  24.1  24.4  24.6  24.1  24.0  23.9  24.0  23.9  23.9  24.1  24.0  23.8  23.8  24.0  23.9  23.7  23.8  24.2  24.1  25.2  28.7  45.0  47.2  44.3  39.2  30.6  29.0  27.5  27.0  26.9  26.4 
 24.4  24.1  24.2  24.5  24.1  23.9  24.2  24.3  23.9  23.9  23.9  24.0  23.9  23.8  23.9  23.9  23.9  23.7  24.0  24.3  31.9  44.5  70.0  73.2  69.6  60.4  36.0  32.8  29.3  28.1  27.4  27.0 
 24.4  24.6  24.7  24.3  24.1  24.0  24.3  24.3  24.1  23.8  24.0  24.0  23.9  24.0  24.1  24.0  23.9  23.9  24.3  24.4  34.4  48.6  74.6  77.1  71.4  61.4  36.9  33.1  29.3  28.5  27.6  27.3 
 24.5  24.6  24.6  24.4  24.4  24.3  24.2  24.5  24.1  24.0  24.1  24.1  24.0  23.9  24.1  24.2  24.1  24.0  24.1  24.8  33.4  42.4  64.6  67.7  58.8  50.0  34.5  32.2  29.4  28.4  27.8  28.3 
 24.8  24.5  24.8  24.5  24.3  24.1  24.3  24.2  24.2  23.8  24.0  24.0  24.1  23.9  24.1  24.1  24.0  23.9  24.4  25.0  31.2  36.3  51.7  53.7  46.6  41.8  32.7  31.2  28.6  28.4  27.7  28.2 
 25.0  24.5  24.7  24.9  24.5  24.4  24.3  24.4  24.1  24.2  24.0  24.3  24.1  24.0  24.0  24.3  23.9  24.0  24.6  25.4  27.3  28.4  33.0  34.0  33.5  32.6  30.5  30.1  27.9  27.8  28.2  29.5 
 24.8  24.6  24.9  24.4  24.4  24.1  24.4  24.4  24.0  24.1  24.2  24.3  23.9  23.9  24.2  24.1  24.1  24.1  24.8  25.4  26.0  26.8  29.7  30.6  31.1  31.0  29.6  29.1  27.8  27.5  28.9  30.4 
 25.5  25.5  25.0  24.8  24.3  24.3  24.6  24.6  24.4  24.3  24.2  24.3  24.0  23.9  24.3  24.4  24.1  24.1  25.1  25.3  25.5  25.6  27.5  28.3  28.6  28.7  28.7  28.4  27.5  27.9  30.8  31.5 
 25.9  25.4  24.8  24.8  24.7  24.2  24.5  24.4  24.2  24.2  24.4  24.6  24.1  24.0  24.0  24.3  24.1  24.1  25.0  24.9  25.2  25.4  27.1  27.6  27.9  28.0  28.0  28.0  27.9  28.4  31.7  33.1 
