 24.7  23.4  23.6  23.7  23.8  23.8  24.2  24.1  24.1  23.7  23.8  24.0  23.9  23.4  23.8  24.1  23.8  23.8  24.1  24.1  23.8  23.9  23.8  24.2  24.2  23.7  24.3  24.3  24.2  24.1  25.5  26.3 
 23.9  23.3  23.8  24.0  23.9  23.9  24.3  24.3  23.9  23.9  24.0  23.9  23.7  23.7  23.9  24.0  23.6  23.9  24.1  24.0  24.0  23.8  24.2  24.3  24.1  24.2  24.2  24.3  24.5  24.4  25.5  25.3 
 23.6  23.4  24.0  24.0  24.1  23.8  23.9  24.0  23.7  23.5  23.6  24.0  23.7  23.7  23.9  24.0  23.7  23.6  23.9  23.8  24.0  23.7  23.9  24.1  24.2  23.9  24.2  24.3  24.4  24.0  24.7  25.3 
 23.5  23.3  24.0  24.1  24.1  23.9  24.3  24.1  23.8  23.4  24.2  23.7  23.6  23.7  24.0  24.0  23.6  23.6  23.8  24.0  23.8  23.7  24.0  24.0  23.8  23.8  24.5  24.1  24.1  23.9  24.4  25.3 
 23.7  23.7  24.1  24.3  23.9  24.0  23.9  24.1  23.9  23.7  23.8  23.9  23.7  23.6  23.7  23.9  23.8  23.7  23.8  24.0  23.9  23.7  23.8  23.9  23.9  23.7  24.1  24.3  24.2  24.1  24.1  24.4 
 23.9  23.6  23.8  24.2  23.9  23.9  24.3  24.1  23.7  23.8  23.9  24.0  23.7  23.7  23.8  23.9  23.7  23.7  23.9  23.9  23.8  23.6  24.0  23.9  23.9  23.8  24.3  24.0  24.1  24.3  24.5  24.4 
 23.8  23.8  24.1  24.1  24.2  24.1  24.1  24.2  23.7  23.7  23.9  23.9  23.8  23.5  23.6  23.9  23.6  23.7  23.7  23.9  23.9  23.8  23.8  24.1  23.8  23.6  24.0  24.3  24.2  23.7  24.1  24.4 
 23.9  23.7  24.1  24.1  24.3  23.9  24.2  24.2  23.7  23.7  23.9  24.0  23.7  23.8  23.9  23.8  23.8  23.7  23.9  23.8  23.6  23.8  24.0  23.9  23.8  23.8  24.3  24.1  24.0  24.0  24.3  23.6 
 24.2  24.0  24.0  24.4  24.0  23.9  23.8  24.3  23.7  23.7  23.9  24.0  23.8  23.7  23.7  23.9  23.8  23.6  23.9  24.0  23.8  23.7  24.0  24.0  24.1  24.1  23.9  24.2  24.0  23.9  24.1  24.4 
 24.1  23.9  24.5  24.3  24.1  23.9  24.1  23.9  23.9  23.8  24.1  23.9  23.7  23.6  23.9  23.8  23.7  23.7  24.0  23.9  23.7  23.6  23.9  23.9  23.8  23.9  24.3  24.3  24.1  23.9  24.6  24.5 
 24.4  24.3  24.3  24.3  23.9  24.0  24.0  24.1  23.6  23.7  23.9  23.8  23.9  23.7  23.8  24.0  23.9  23.7  24.0  23.9  23.9  23.6  23.9  24.1  24.0  23.9  24.0  24.4  24.3  24.0  24.4  24.7 
 24.3  24.0  23.9  24.1  23.8  23.9  24.1  23.9  23.9  23.7  24.0  24.1  23.8  23.7  23.9  24.0  23.8  23.7  24.1  24.0  23.7  23.9  24.2 nan  23.9  23.7  24.2  24.3  24.1  24.1  24.5  24.8 
 24.4  24.1  24.0  24.2  23.9  23.9  24.2  24.0  23.9  23.7  24.0  24.0  24.0  23.7  23.9  24.1  23.9  23.6  24.0  24.0  24.1  23.8  24.0  24.3  24.1  24.0  24.5  24.5  24.6  24.2  24.8  25.1 
 24.3  24.2  24.6  24.3  24.0  23.8  24.2  24.0  23.7  23.7  24.0  24.1  23.6  23.7  24.0  23.8  24.0  23.7  24.0  24.1  24.0  23.9  24.5  24.3  24.5  24.2  24.6  24.7  24.9  24.9  25.6  25.3 
 24.4  24.4  24.4  24.3  24.3  23.8  24.0  24.2  24.0  23.7  23.8  23.9  23.9  23.7  23.8  24.0  23.9  23.7  24.1  24.3  24.4  24.8  29.6  30.8  30.7  29.7  27.2  27.4  26.5  26.2  26.1  26.4 
 24.2  24.2  24.8  24.2  24.0  24.0  24.2  24.1  24.1  23.9  23.9  24.0  23.8  23.7  23.9  24.0  23.8  24.0  24.0  24.2  25.1  28.8  45.1  47.4  44.4  39.1  30.9  29.0  27.4  27.3  26.9  26.6 
 24.6  24.3  24.5  24.2  24.1  23.8  24.2  24.1  23.9  24.0  24.0  24.0  23.9  23.7  24.0  24.0  23.9  23.8  24.2  24.1  32.0  44.3  69.9  73.2  69.6  60.3  36.2  32.7  28.9  28.2  27.4  27.0 
 24.2  24.1  24.5  24.3  24.0  24.0  24.3  24.3  23.9  23.7  24.0  24.0  23.9  23.8  24.1  24.0  23.9  23.8  24.4  24.4  34.3  48.6  74.5  77.1  71.4  61.5  37.0  33.4  29.3  28.3  27.6  27.5 
 24.7  24.5  24.8  24.7  24.2  24.1  24.4  24.4  24.0  23.8  23.8  24.2  23.9  23.8  24.0  24.2  24.1  24.0  24.2  24.7  33.4  42.4  64.6  67.6  58.9  50.0  34.4  32.3  29.4  28.2  27.8  27.9 
 24.3  24.5  24.8  24.7  24.2  24.2  24.4  24.2  24.1  24.0  24.0  24.1  24.1  23.9  24.2  24.0  23.9  24.0  24.4  25.0  31.3  36.2  51.6  53.8  46.6  41.8  32.8  31.5  28.5  28.4  28.1  28.2 
 24.6  24.3  25.0  25.1  24.3  24.3  24.3  24.5  24.3  23.9  24.1  24.3  24.2  23.7  24.1  24.1  24.0  23.9  24.6  25.3  27.2  28.6  33.0  34.1  33.5  32.3  30.7  30.0  28.2  27.6  28.4  29.2 
 25.0  25.0  24.7  24.6  24.4  24.3  24.4  24.4  24.1  24.2  24.3  24.1  23.9  23.7  24.1  24.4  24.0  24.2  24.9  25.4  26.1  26.7  29.8  30.6  30.9  30.6  29.8  29.2  27.5  27.8  29.2  30.4 
 25.5  24.8  24.8  24.9  24.6  24.3  24.4  24.7  24.3  24.1  24.2  24.4  24.3  23.9  24.2  24.4  24.3  24.1  25.0  25.1  25.4  25.6  27.7  28.5  29.0  28.4  28.7  28.6  27.5  27.7  30.8  32.3 
 25.9  25.7  25.1  24.8  24.5  24.5  24.9  24.5  24.2  24.2  24.7  24.4  24.1  23.9  24.3  24.3  24.1  24.3  25.0  25.1  25.1  25.4  27.2  27.5  27.9  27.6  28.3  28.0  27.7  28.4  32.5  32.6 
