 24.3  23.6  23.4  23.8  24.1  23.6  24.1  24.4  23.8  23.5  24.1  23.9  24.0  23.6  23.7  23.9  23.6  23.5  23.9  24.2  23.9  23.5  24.3  24.4  24.0  23.7  24.5  24.5  24.4  24.1  25.2  26.3 
 23.5  23.5  23.8  24.0  23.9  23.9  24.1  24.3  23.9  23.7  24.0  24.0  23.7  23.5  23.9  23.9  23.6  23.7  23.9  24.1  23.9  23.7  24.0  24.3  23.9  24.0  24.3  24.1  24.0  24.3  24.8  25.9 
 23.8  23.5  23.8  24.0  24.2  23.7  24.3  24.2  23.8  23.3  23.8  23.8  23.8  23.5  23.8  23.8  23.9  23.7  23.7  23.8  23.8  23.8  24.0  24.2  24.2  23.7  24.3  24.3  24.2  24.0  24.7  24.6 
 23.4  23.0  24.0  24.0  23.8  23.8  24.2  24.0  23.6  23.8  24.1  23.8  23.6  23.6  23.8  23.9  23.6  23.6  23.9  23.9  23.7  23.8  24.3  24.1  23.7  24.0  24.4  24.4  23.8  24.3  24.8  24.7 
 24.1  23.6  23.9  24.2  24.3  23.9  24.0  24.2  23.8  23.5  23.8  23.9  23.7  23.4  23.7  23.8  23.8  23.6  23.9  23.9  23.8  23.5  23.8  23.9  23.9  23.6  24.1  24.2  23.9  23.9  24.3  24.6 
 23.4  23.6  24.0  24.1  23.9  24.1  24.0  24.1  23.8  23.7  23.9  23.8  23.7  23.7  23.9  23.9  23.5  23.7  24.0  24.0  23.7  23.6  23.9  23.9  23.9  23.8  24.2  24.2  23.8  24.1  24.7  24.4 
 23.6  23.8  24.0  24.3  24.1  23.9  24.1  24.0  23.9  23.6  23.8  24.1  23.7  23.5  23.9  23.9  23.7  23.7  23.7  23.9  23.8  23.5  23.9  23.9  24.0  23.5  23.9  24.1  24.0  23.5  24.2  24.4 
 23.7  23.8  24.0  24.5  24.1  24.0  24.2  24.0  23.5  23.7  23.9  24.0  23.6  23.6  23.9  24.0  23.7  23.6  23.9  23.8  23.6  23.6  24.0  24.0  23.7  23.8  24.1  24.1  23.7  23.9  24.3  23.6 
 24.4  24.0  24.3  24.3  24.0  23.9  24.1  24.0  23.8  23.5  24.0  23.9  23.7  23.7  23.8  24.1  23.6  23.7  23.9  23.9  23.8  23.8  23.9  24.0  24.0  23.7  24.0  24.1  24.1  23.7  24.1  24.2 
 23.9  24.3  24.4  24.4  24.1  23.9  24.1  24.0  23.6  23.5  23.8  24.1  23.6  23.7  24.0  24.0  23.6  23.5  24.0  24.0  23.7  23.7  23.9  24.1  24.0  23.7  24.2  24.1  24.0  23.9  24.6  24.3 
 24.3  24.1  24.1  24.3  23.8  23.9  24.0  24.0  23.9  23.5  23.9  23.9  23.8  23.6  23.8  23.9  23.7  23.5  23.9  23.9  23.8  23.5  24.0  24.0  24.0  23.6  24.0  24.3  24.2  24.0  24.6  24.6 
 24.1  23.9  24.2  24.3  23.8  23.8  24.0  24.2  23.8  23.7  24.0  24.0  23.7  23.6  23.9  23.9  23.6  23.8  23.9  24.0  23.8  23.9  24.0 nan  23.9  23.9  24.2  24.5  24.0  24.1  24.5  24.7 
 24.4  24.0  24.3  24.3  24.1  23.8  24.0  24.1  23.7  23.8  24.0  23.9  23.7  23.7  23.9  23.8  23.9  23.6  24.0  24.0  24.0  23.7  24.2  24.3  24.2  23.8  24.5  24.4  24.4  24.2  24.8  25.0 
 24.1  24.3  24.5  24.3  24.0  24.0  24.1  24.1  23.8  23.5  24.0  23.9  23.7  23.7  23.9  23.9  23.6  23.8  24.1  24.1  23.9  23.9  24.2  24.5  24.3  24.3  24.6  24.7  24.8  24.9  25.3  25.3 
 24.1  24.0  24.2  24.4  24.2  23.8  24.0  24.1  23.8  23.5  23.9  24.0  23.8  23.7  24.1  23.8  24.0  23.7  24.1  24.1  24.4  24.6  29.5  30.8  30.7  29.5  27.3  26.9  26.5  26.1  26.1  25.9 
 24.3  24.1  24.4  24.2  23.8  23.9  24.1  24.0  23.9  23.8  23.9  23.8  23.8  23.8  24.0  23.9  23.8  23.7  23.9  24.3  25.1  28.8  45.0  47.4  44.1  39.3  30.6  29.2  27.2  26.8  26.6  26.4 
 24.6  24.5  24.5  24.5  24.1  23.8  24.1  23.9  24.0  23.6  24.0  24.1  23.8  23.6  23.9  23.8  23.8  23.6  24.0  24.3  31.9  44.3  69.8  73.0  69.5  60.2  36.3  32.7  29.0  27.9  27.4  27.0 
 24.2  24.3  24.3  24.5  24.0  24.0  24.3  24.4  23.8  23.7  24.0  24.0  23.9  23.7  24.1  24.1  23.9  23.9  24.2  24.4  34.2  48.6  74.3  77.1  71.2  61.4  36.6  33.2  29.2  28.3  27.6  27.3 
 24.8  24.3  24.9  24.6  24.3  24.0  24.2  24.3  23.8  23.9  24.2  24.0  23.9  23.8  24.0  24.1  24.0  24.1  24.2  24.8  33.3  42.2  64.6  67.7  58.9  49.8  34.3  32.2  29.4  28.3  27.6  27.9 
 24.5  24.5  24.8  24.8  24.2  23.9  24.4  24.3  24.0  23.8  24.2  24.2  24.0  23.9  24.0  24.0  24.0  23.9  24.5  25.1  31.2  36.2  51.6  53.7  46.7  41.9  32.8  31.4  28.5  28.4  27.9  27.8 
 24.6  24.5  24.7  24.6  24.6  24.2  24.2  24.5  24.2  23.8  24.0  24.1  24.2  23.7  24.2  24.2  23.8  23.7  24.6  25.4  27.1  28.4  32.9  34.2  33.5  32.5  30.6  30.0  27.7  27.3  28.4  29.2 
 24.6  25.0  24.9  24.8  24.0  24.3  24.6  24.6  24.0  24.1  24.1  24.0  23.9  23.8  24.1  24.5  23.8  24.0  24.7  25.4  25.9  26.8  29.7  30.6  30.8  31.0  29.5  29.4  27.0  27.5  29.4  30.1 
 25.5  24.8  24.8  24.9  24.7  24.1  24.4  24.3  24.2  23.8  24.2  24.5  24.2  24.0  24.0  24.4  24.2  24.0  25.2  25.2  25.6  25.4  27.4  28.2  28.8  28.3  28.7  28.3  27.7  27.5  30.5  31.9 
 25.9  25.4  25.3  25.0  24.5  24.4  24.6  25.0  24.0  24.2  24.4  24.4  23.9  24.0  24.2  24.4  24.2  24.2  25.1  25.0  25.1  25.4  27.2  27.6  27.7  27.9  28.0  28.2  27.5  28.4  30.8  32.1 
