 24.1  23.6  23.6  23.7  24.0  24.1  24.1  24.4  24.0  23.9  23.8  24.2  23.8  23.6  23.7  23.9  23.9  23.8  23.5  24.1  23.5  23.9  24.0  24.1  23.8  23.9  24.3  24.4  24.2  24.4  25.0  26.3 
 24.3  23.3  24.0  23.5  24.1  23.7  24.3  23.9  23.9  23.7  23.9  23.9  23.8  23.6  24.1  23.8  24.0  23.5  23.9  23.9  24.1  23.6  24.2  24.3  24.0  23.9  24.3  24.1  24.2  24.3  25.1  25.4 
 23.3  23.5  24.0  24.2  23.9  23.8  24.0  24.1  23.8  23.4  23.7  24.1  23.8  23.8  23.7  23.9  23.8  23.8  23.8  24.0  23.7  23.8  23.8  24.2  23.9  24.0  24.1  24.4  24.4  24.3  24.3  25.1 
 23.8  23.2  23.9  24.0  24.3  23.8  24.2  23.9  23.8  23.5  24.2  23.8  23.8  23.4  23.9  24.0  23.7  23.4  23.9  23.9  23.8  23.6  24.2  24.0  24.1  23.7  24.3  23.9  24.1  23.9  24.8  24.9 
 23.9  24.1  23.9  24.2  24.1  24.2  23.9  24.0  23.9  23.9  23.8  23.8  23.5  23.7  23.8  23.8  23.6  23.7  23.7  23.9  23.7  23.9  23.8  24.1  23.9  23.8  24.0  24.3  24.0  24.1  24.5  24.6 
 24.1  23.6  24.0  24.1  24.1  24.0  24.3  24.0  23.6  23.6  23.8  23.8  23.7  23.8  23.7  23.7  23.9  23.6  23.8  23.9  23.7  23.7  23.9  23.9  23.9  23.3  24.2  23.9  24.1  24.0  24.7  24.2 
 23.6  23.8  23.7  24.2  24.0  24.1  23.9  24.0  23.7  23.7  23.7  23.9  23.8  23.6  23.7  23.8  23.6  23.8  23.8  23.9  23.8  23.8  23.9  23.9  23.6  23.6  23.9  24.2  23.9  23.9  24.1  24.2 
 24.1  23.5  24.0  23.9  24.3  23.9  24.2  24.0  23.7  23.8  24.0  23.9  23.8  23.5  23.9  23.7  23.8  23.6  23.9  23.8  23.7  23.7  24.1  24.0  23.7  23.7  24.1  24.1  24.0  24.2  24.1  23.2 
 24.2  24.0  23.9  24.1  23.8  24.0  24.1  24.0  23.6  23.8  23.7  24.0  23.7  23.9  23.7  23.9  23.7  23.7  23.9  23.9  23.8  23.9  23.9  24.0  23.9  24.0  23.9  24.1  23.9  24.0  24.1  24.4 
 24.4  23.9  24.4  24.3  24.2  23.9  24.0  23.9  23.8  23.6  24.0  24.1  23.7  23.6  23.9  23.7  23.7  23.8  24.0  23.8  23.9  23.7  24.0  24.0  24.0  23.8  24.1  24.2  23.9  23.8  24.6  24.2 
 24.3  24.1  24.2  24.5  23.9  23.9  23.9  24.1  23.7  23.8  23.8  24.0  23.8  23.7  23.7  24.0  23.6  23.9  23.8  23.9  23.8  23.7  23.8  24.0  24.0  24.0  24.0  24.2  24.2  24.2  24.4  24.6 
 24.3  23.9  24.3  24.3  24.0  23.8  24.1  24.0  23.9  23.6  23.9  23.9  23.8  23.5  23.9  23.9  23.9  23.7  24.1  23.9  23.8  23.7  24.1 nan  23.9  23.7  24.0  24.2  24.2  23.7  24.6  24.5 
 24.4  24.0  24.0  24.3  23.8  23.9  24.1  24.1  23.7  23.9  23.8  23.9  23.8  23.8  23.8  23.9  23.9  23.7  23.9  24.1  24.0  24.0  23.9  24.2  24.1  24.1  24.4  24.5  24.3  24.5  24.9  24.8 
 24.3  23.9  24.5  24.3  24.1  23.9  24.1  23.9  23.7  23.6  23.9  23.9  23.9  23.7  23.9  23.8  24.0  23.7  24.1  24.0  24.1  23.9  24.3  24.3  24.3  24.3  24.7  24.6  25.0  24.7  25.4  25.2 
 24.1  24.1  24.2  24.3  24.1  24.0  24.3  24.0  23.9  23.8  23.9  24.1  23.8  23.8  23.9  24.0  23.7  23.8  24.0  24.0  24.2  24.8  29.5  30.9  30.5  29.7  27.2  27.3  26.2  26.5  26.0  26.4 
 24.4  24.2  24.4  24.2  24.2  23.8  24.0  24.0  24.0  23.8  24.0  23.8  23.9  23.9  24.0  23.9  23.7  23.8  24.2  24.2  25.1  28.6  44.9  47.4  44.4  39.0  30.5  29.1  27.4  26.6  26.8  26.4 
 24.1  24.3  24.3  24.4  23.9  24.0  24.2  24.2  23.9  23.8  23.8  24.1  24.1  23.8  23.9  24.0  23.8  23.8  24.2  24.2  31.8  44.3  69.8  72.9  69.5  60.4  36.1  32.7  28.7  28.4  27.3  27.2 
 24.6  23.8  24.5  24.2  24.1  23.9  24.3  24.0  24.0  23.7  24.0  24.0  23.9  23.8  24.1  24.1  24.1  23.6  24.3  24.2  34.4  48.6  74.4  76.9  71.2  61.3  37.0  33.2  29.3  28.2  27.8  27.1 
 24.5  24.7  24.5  24.6  24.1  24.3  24.1  24.3  24.1  23.9  24.1  24.1  23.8  23.9  24.1  24.1  24.0  24.0  24.3  24.5  33.3  42.3  64.5  67.5  58.6  49.8  34.5  32.2  29.1  28.4  27.3  27.7 
 24.7  24.5  24.5  24.4  24.3  24.1  24.5  24.3  24.1  23.9  24.1  24.0  24.2  23.7  24.2  23.9  24.1  23.8  24.4  24.9  31.2  36.0  51.6  53.8  46.8  41.8  32.9  31.4  28.5  28.1  27.8  28.2 
 24.6  24.7  24.8  24.8  24.2  24.2  24.3  24.5  24.0  24.1  24.0  24.1  23.9  24.0  24.1  24.0  24.0  23.9  24.2  25.4  26.9  28.5  32.8  34.1  33.5  32.6  30.6  30.1  27.7  27.9  28.2  29.3 
 25.2  24.6  24.8  24.6  24.3  24.1  24.6  24.4  24.1  23.9  24.2  24.3  24.0  23.7  24.1  24.0  24.0  24.0  24.7  25.2  25.9  26.6  29.8  30.5  31.0  30.7  29.9  29.2  27.9  27.3  29.4  29.8 
 25.8  25.5  24.8  24.8  24.3  24.5  24.1  24.6  24.0  24.0  24.1  24.5  23.9  23.9  24.0  24.4  23.9  24.2  24.9  25.2  25.2  25.5  27.4  28.2  28.7  28.6  28.4  28.5  27.7  27.8  31.2  32.7 
 26.2  25.1  25.0  24.8  24.7  24.2  24.5  24.4  24.3  24.2  24.3  24.1  23.9  24.0  24.3  24.2  24.3  24.1  25.2  25.0  25.2  25.2  27.0  27.6  27.9  27.7  28.1  28.0  27.8  28.1  31.3  32.6 
