 24.3  23.6  23.8  23.6  24.1  23.7  24.3  24.1  23.9  23.5  23.9  24.0  23.7  23.5  23.8  24.1  23.7  23.8  23.8  24.1  24.0  23.9  24.2  24.2  24.3  23.8  24.3  24.5  24.7  24.5  25.5  26.3 
 24.1  23.6  23.6  23.7  23.8  23.8  24.2  24.1  24.0  23.8  23.9  24.1  23.7  23.6  24.0  23.7  23.7  23.7  23.9  24.1  24.0  23.9  24.0  24.1  24.1  24.0  24.2  24.6  24.1  24.6  25.0  25.3 
 24.0  23.4  23.9  24.2  24.2  23.9  24.1  23.8  23.7  23.6  23.9  24.0  23.7  23.6  24.0  23.8  23.8  23.7  23.8  24.1  23.7  23.7  24.1  24.2  24.1  24.0  24.2  24.3  24.2  24.1  24.7  24.6 
 23.2  23.7  23.8  24.1  23.9  23.8  24.1  24.2  23.8  23.6  24.1  23.9  23.6  23.7  23.8  24.0  23.8  23.7  23.9  24.0  23.8  23.6  24.0  24.0  24.0  24.1  24.4  24.3  24.1  24.1  24.4  24.9 
 23.9  23.7  24.0  24.2  24.2  24.0  24.1  24.1  23.9  23.9  23.8  23.9  23.8  23.5  24.0  23.8  23.6  23.5  23.8  23.9  23.8  23.7  24.1  23.9  24.0  23.7  24.1  24.1  24.0  24.0  24.2  24.4 
 23.7  23.9  24.0  24.2  23.9  24.0  24.2  24.0  23.8  23.8  23.8  23.9  23.7  23.8  23.8  23.9  23.7  23.7  23.9  23.9  23.8  23.9  24.0  23.9  24.1  23.5  24.2  24.4  24.2  23.9  24.3  24.5 
 24.1  23.7  23.9  24.1  24.2  23.8  23.9  24.1  24.0  23.7  23.8  24.0  23.8  23.6  23.8  23.9  23.7  23.7  23.9  23.8  23.8  23.6  24.0  23.9  23.7  23.7  24.1  24.3  24.1  23.9  24.0  24.4 
 24.0  24.0  23.9  24.3  23.9  24.1  24.2  24.0  23.8  23.7  23.9  23.9  23.7  23.7  23.9  23.9  23.8  23.7  24.0  23.9  23.7  23.7  23.9  23.8  23.9  23.6  24.1  24.1  24.0  23.9  24.1  23.7 
 24.5  23.8  24.4  24.0  24.0  23.8  24.2  24.0  23.8  23.7  24.0  23.9  23.9  23.7  23.7  23.8  23.5  23.7  24.0  24.0  24.0  23.8  23.9  23.9  23.8  23.9  24.0  24.2  24.2  24.1  24.1  24.2 
 23.9  24.1  24.5  24.3  24.1  24.2  24.0  24.0  23.7  23.6  23.9  24.1  23.8  23.7  23.8  23.9  23.7  23.6  23.8  24.1  23.7  23.7  24.0  24.0  24.0  23.8  24.0  24.3  24.1  23.9  24.4  24.3 
 24.6  24.0  24.3  24.1  24.1  23.8  24.0  24.0  24.0  23.7  24.0  23.9  23.8  23.6  23.8  23.8  23.9  23.8  24.0  24.0  24.0  23.8  24.1  24.2  24.0  23.8  24.0  24.3  24.1  24.0  24.6  24.2 
 24.2  24.0  24.2  24.4  23.9  23.8  23.9  24.2  23.8  23.7  23.8  24.0  23.7  23.7  23.8  23.9  23.7  23.9  24.0  23.9  24.0  23.9  24.0 nan  24.1  23.9  24.1  24.4  24.2  23.9  24.5  24.5 
 24.4  24.2  24.1  24.2  24.2  23.8  24.3  24.1  23.7  23.8  23.9  23.9  23.9  23.8  24.0  24.0  23.8  23.6  24.0  23.9  23.9  23.7  24.1  24.2  24.0  24.0  24.6  24.4  24.6  24.6  24.6  25.0 
 24.4  24.3  24.3  24.3  24.1  24.0  24.1  24.1  23.7  23.8  23.9  24.0  23.8  23.8  24.1  23.9  23.9  23.8  24.1  24.0  23.9  24.0  24.3  24.4  24.4  24.3  24.7  24.7  24.7  24.8  25.3  25.4 
 24.4  24.4  24.5  24.3  24.2  23.9  24.1  24.1  23.9  23.6  23.9  23.9  23.8  23.8  24.0  23.9  23.8  23.7  24.1  24.2  24.3  24.6  29.7  31.0  30.7  29.6  27.3  27.1  26.5  26.2  26.1  26.0 
 24.5  24.0  24.2  24.4  24.2  24.0  24.2  24.2  23.8  23.9  24.0  24.1  23.9  23.8  23.8  23.9  23.7  23.7  24.1  24.2  25.1  28.7  44.9  47.3  44.5  39.0  30.6  29.1  27.5  26.7  26.7  26.4 
 24.4  24.3  24.3  24.3  24.2  23.8  24.1  24.3  24.0  23.7  24.0  24.0  23.9  23.7  23.9  23.7  23.9  23.8  24.3  24.2  31.8  44.4  70.2  73.2  69.7  60.4  36.3  32.7  29.0  28.2  27.4  27.2 
 24.4  24.1  24.3  24.3  23.9  24.2  24.2  24.3  24.0  23.9  24.0  24.0  23.8  23.8  24.0  24.0  23.9  24.0  24.2  24.3  34.3  48.6  74.6  77.4  71.5  61.3  36.7  33.2  29.4  28.4  27.8  27.4 
 24.6  24.3  24.6  24.4  24.4  24.2  24.4  24.3  24.1  23.8  24.2  24.0  23.8  23.8  24.1  24.1  24.0  24.0  24.3  24.6  33.4  42.3  64.7  67.6  58.8  49.9  34.5  32.2  29.5  28.4  27.6  27.5 
 24.5  24.8  24.6  24.8  24.4  24.0  24.4  24.4  24.0  24.0  23.8  24.1  23.9  24.0  24.0  24.2  24.0  23.8  24.3  24.9  31.2  36.2  51.7  53.7  46.7  41.8  32.8  31.6  28.8  28.3  27.9  28.4 
 24.8  24.7  24.8  24.9  24.6  24.3  24.4  24.5  24.1  24.3  24.0  24.1  24.1  23.9  24.2  24.1  23.9  23.9  24.4  25.4  27.0  28.6  32.9  34.0  33.5  32.6  30.6  29.7  28.0  27.7  28.6  29.2 
 24.9  24.6  24.7  24.7  24.3  24.3  24.3  24.5  23.8  24.0  24.0  24.3  23.9  23.9  24.1  24.1  24.1  23.8  24.8  25.2  26.1  26.7  29.9  30.7  31.1  31.0  29.6  29.4  27.5  27.6  28.9  30.6 
 25.5  25.2  24.9  24.7  24.5  24.3  24.2  24.4  24.3  24.0  24.1  24.2  24.2  23.9  24.2  24.4  24.3  24.1  25.1  25.1  25.4  25.5  27.5  28.2  28.8  28.8  28.5  28.3  27.5  27.5  30.8  32.3 
 26.2  25.6  24.8  25.1  24.5  24.4  24.9  24.5  24.2  24.2  24.3  24.5  24.1  23.8  24.2  24.1  24.2  24.2  25.1  25.0  25.2  25.5  27.1  27.5  27.8  28.0  27.9  28.0  27.9  28.3  31.3  33.0 
