 24.4  23.7  23.9  23.4  23.5  22.9  22.9  22.9  22.8  22.5  22.9  22.8  22.9  22.6  22.9  22.7  22.8  22.6  22.8  22.9  22.7  22.6  23.4  24.0  26.9  27.5  28.4  28.5  29.5  30.0  30.7  30.2 
 24.0  23.5  23.5  23.5  23.3  22.9  22.8  23.0  23.0  22.9  22.9  23.2  22.6  22.9  23.0  23.0  22.6  22.6  22.8  22.7  22.8  22.9  22.9  23.7  26.1  27.5  28.2  28.6  29.6  29.7  30.0  30.1 
 23.6  23.5  23.6  22.8  23.2  22.8  23.0  22.8  22.9  22.8  22.9  22.8  22.6  22.5  22.8  22.7  22.7  22.6  22.6  22.7  22.8  22.7  23.1  23.1  24.7  25.4  28.8  29.0  29.0  28.8  29.6  29.8 
 23.5  23.0  23.3  23.4  23.0  22.7  22.7  23.2  22.9  22.7  22.9  22.8  22.6  22.7  22.7  22.8  22.8  22.5  22.7  22.8  22.8  22.8  22.7  22.9  23.6  24.1  27.0  27.8  28.8  29.4  30.2  30.1 
 23.6  23.2  23.4  22.9  23.0  22.9  23.1  23.0  23.4  23.2  23.0  22.7  22.8  22.7  22.8  22.8  22.6  22.4  22.8  22.7  22.7  22.9  23.0  22.9  23.4  23.8  26.1  27.2  29.0  29.3  30.3  30.4 
 23.3  23.3  22.9  23.3  23.0  22.8  23.1  23.2  23.8  23.8  23.2  22.8  22.7  22.6  22.6  22.8  22.8  22.8  22.7  22.7  22.8  22.8  22.8  22.9  24.0  24.7  27.3  28.8  30.3  30.3  29.9  29.9 
 23.4  23.0  23.4  23.0  22.8  22.9  23.1  23.6  25.6  26.9  24.1  23.2  22.7  22.7  22.7  22.6  22.7  22.7  22.8  22.7  22.8  22.9  23.1  23.2  26.0  26.9  29.7  30.1  31.3  31.4  31.9  31.5 
 23.3  23.2  23.2  23.3  23.0  22.9  23.3  23.4  26.2  27.7  24.6  23.2  22.7  22.8  22.7  22.9  22.7  22.7  22.7  22.8  22.8  22.8  23.2  23.5  26.4  27.6  30.1  31.2  31.6  31.9  31.9  31.7 
 23.9  23.4  23.4  22.9  22.8  22.8  23.3  23.0  23.7  23.6  23.3  22.9  22.7  22.8  22.8  22.7  22.9  22.8  22.9  22.7  22.8  22.9  23.3  23.3  27.2  28.5  30.7  30.9  31.7  32.1  32.1  31.8 
 23.6  23.5  23.5  23.3  23.0  22.8  23.0  23.1  22.9  23.1  22.8  23.1  22.6  22.7  22.7  22.8  22.8  22.8  22.8  23.0  22.9  22.8  23.0  23.4  27.4  29.5  31.0  31.3  31.8  32.1  31.4  30.5 
 24.0  23.7  23.7  23.5  23.7  23.3  23.3  22.9  22.8  22.8  22.8  22.7  22.8  22.5  22.7  22.9  22.7  22.8  22.8  22.9  22.9  22.7  23.0  23.0  27.5  29.1  31.0  31.0  31.5  31.8  29.1  27.6 
 23.8  23.8  23.8  24.1  24.0  23.8  23.5  23.3  23.0  22.9  22.7  22.8  22.8  22.6  22.5  22.9  22.8  22.8  22.7  23.0  22.9  22.7  22.9 nan  26.4  28.5  30.4  31.2  31.2  30.5  28.6  27.6 
 24.8  24.0  25.3  25.6  26.5  26.5  29.1  29.3  27.5  25.9  23.1  23.0  22.8  22.7  22.9  22.7  22.8  22.7  23.0  22.7  22.9  22.7  23.2  23.0  23.2  24.2  27.3  28.1  30.8  31.1  31.0  30.0 
 24.5  24.7  25.5  26.0  27.8  28.9  36.6  42.3  44.6  39.0  24.0  23.3  22.8  22.7  22.7  22.8  22.8  22.7  22.7  22.9  22.7  22.6  22.9  22.9  23.1  23.0  24.5  26.5  29.7  31.0  31.3  31.4 
 25.3  25.4  26.6  27.1  30.2  32.7  51.9  60.2  71.0  67.4  33.7  25.5  23.0  22.7  22.8  22.6  22.7  22.6  22.9  22.9  22.8  22.8  23.0  22.8  23.1  23.0  23.6  23.5  27.5  28.7  31.6  31.1 
 25.7  25.5  26.7  27.5  30.4  33.5  52.3  61.2  76.3  75.7  38.1  26.4  23.0  23.0  22.8  22.9  22.7  22.8  23.0  22.8  22.7  22.7  23.1  23.0  22.9  22.9  23.4  23.7  24.8  28.1  29.7  30.2 
 25.5  25.7  26.8  26.9  29.8  32.0  46.0  55.6  78.6  78.3  33.5  25.2  23.0  22.8  23.0  22.8  22.8  22.7  22.9  22.8  22.9  22.6  23.0  22.9  23.1  23.0  23.4  23.3  23.6  23.8  25.9  25.5 
 25.8  25.5  26.2  27.2  28.9  30.3  38.9  45.2  61.2  58.2  27.7  24.2  23.1  23.0  23.0  23.0  22.8  22.8  22.9  23.0  23.1  23.0  23.0  23.1  23.0  22.9  23.5  23.5  23.5  23.5  24.5  25.5 
 26.0  25.7  26.4  26.5  27.4  27.5  29.4  30.9  32.2  30.3  24.4  23.5  23.1  23.1  22.9  23.0  22.9  23.0  23.0  23.0  23.1  22.9  23.3  23.3  23.2  23.1  23.7  23.5  23.8  23.5  24.2  24.4 
 25.7  25.7  26.1  26.6  26.5  26.8  27.8  28.3  28.2  27.4  23.9  23.5  23.2  22.9  23.1  23.0  23.1  22.9  23.2  23.2  23.0  22.9  23.0  23.3  23.3  23.2  23.2  23.5  23.6  23.7  24.1  24.7 
 25.7  25.5  25.7  25.9  26.0  25.8  26.3  26.2  25.7  25.2  23.7  23.6  23.1  23.0  23.1  23.1  23.0  22.9  23.2  23.0  23.1  23.0  23.5  23.1  23.6  23.0  23.5  23.3  23.8  23.9  25.0  25.2 
 25.5  25.8  25.7  25.9  25.7  25.7  25.6  25.7  25.1  24.7  23.5  23.8  23.3  23.1  22.9  23.3  23.1  22.9  23.2  23.3  23.2  23.2  23.3  23.3  23.2  23.3  23.2  24.1  24.4  24.2  25.3  25.9 
 27.1  25.6  25.9  25.7  25.6  25.0  25.6  24.7  24.6  24.4  23.8  23.9  23.5  23.3  23.5  23.4  23.3  22.9  23.4  23.3  23.4  23.2  23.4  23.5  23.7  23.7  24.7  24.5  24.9  25.0  26.6  27.1 
 27.1  26.2  25.3  25.7  25.5  25.2  24.9  24.9  24.4  24.1  23.8  23.7  23.4  23.4  23.3  23.2  23.2  23.4  23.1  23.3  23.4  23.3  23.4  23.7  23.9  24.1  25.0  25.3  24.8  25.2  26.6  28.0 
