 24.1  23.4  23.0  23.8  23.8  23.6  24.0  24.2  23.9  23.8  23.8  24.2  23.9  23.6  23.8  24.1  23.7  23.8  23.6  24.3  23.9  23.8  23.8  24.1  23.9  23.9  24.0  24.7  24.5  24.3  24.7  26.3 
 23.9  23.4  23.8  23.7  24.1  24.0  24.5  24.1  23.9  23.8  24.0  23.9  23.8  23.6  23.9  24.0  23.6  23.6  24.1  23.7  24.0  23.8  24.3  24.0  23.7  24.0  24.2  24.1  24.0  24.4  25.3  25.0 
 23.6  23.5  23.6  24.0  23.8  23.8  23.8  24.3  23.8  23.5  23.7  24.1  23.7  23.6  23.8  24.1  23.6  23.6  23.9  24.0  24.0  23.6  23.6  24.3  23.9  23.9  24.2  24.3  24.5  23.8  24.1  25.1 
 23.6  23.3  24.2  24.0  24.0  23.6  24.2  24.1  23.9  23.7  24.0  23.6  23.8  23.6  23.9  23.5  23.7  23.6  24.1  23.6  23.8  23.8  24.2  24.0  23.8  23.8  24.5  24.0  24.1  24.1  24.6  24.5 
 23.9  23.9  23.6  24.2  23.9  24.0  23.8  24.2  23.8  23.8  23.6  24.0  23.7  23.5  23.7  23.9  23.7  23.6  23.6  24.0  23.8  23.6  23.5  24.1  23.8  23.5  23.8  24.3  24.0  24.1  23.9  24.8 
 23.6  23.5  24.1  23.8  23.9  23.8  24.1  23.9  23.8  23.5  23.9  23.8  23.7  23.5  23.9  23.7  23.8  23.7  24.0  23.7  23.7  23.6  24.0  23.7  24.0  23.6  24.1  23.9  23.9  24.1  24.7  24.3 
 23.8  23.5  23.8  24.3  24.1  24.1  24.0  24.1  23.7  23.5  23.7  24.0  23.7  23.5  23.6  23.9  23.7  23.7  23.5  24.0  23.7  23.7  23.7  24.1  23.8  23.5  23.8  24.2  23.9  23.8  24.0  24.4 
 23.9  23.7  24.2  23.9  24.1  23.8  24.2  23.9  23.6  23.6  24.0  23.8  23.8  23.5  23.8  23.8  23.8  23.7  23.9  23.8  23.8  23.7  24.0  23.7  23.8  23.5  24.1  24.0  23.9  23.9  24.3  23.2 
 24.3  23.9  24.1  24.2  23.9  23.9  23.8  24.2  23.7  23.5  23.9  23.8  23.7  23.7  23.8  23.8  23.7  23.7  23.7  24.0  23.7  23.7  23.8  24.2  23.9  23.8  24.1  24.2  23.8  24.0  23.9  24.2 
 24.2  24.0  24.5  24.2  24.0  23.9  24.2  23.9  23.8  23.6  24.0  23.9  23.6  23.5  23.9  23.6  23.6  23.6  24.0  23.8  23.8  23.8  23.9  24.1  24.0  24.0  24.4  24.1  23.8  23.9  24.7  24.0 
 24.3  24.2  24.2  24.4  23.9  24.0  23.8  24.1  23.7  23.6  23.8  23.9  23.7  23.7  23.8  23.9  23.9  23.5  23.7  24.0  23.9  23.7  23.7  24.2  23.9  23.8  23.9  24.4  23.9  24.0  24.3  24.6 
 24.1  24.0  24.2  23.9  23.7  23.9  24.2  23.8  23.8  23.8  24.0  23.8  23.7  23.7  23.9  23.7  23.8  23.7  24.0  24.0  23.8  23.8  24.2 nan  23.8  23.8  24.4  24.4  24.0  23.9  24.6  24.3 
 24.1  23.8  23.9  24.3  23.9  24.1  24.1  24.3  23.7  23.8  23.8  24.2  23.9  23.6  23.8  24.1  23.7  23.7  23.9  24.0  23.9  23.9  24.1  24.3  24.0  24.1  24.1  24.6  24.5  24.1  24.6  25.1 
 24.3  24.2  24.6  24.3  24.0  24.0  24.1  23.9  23.8  23.6  24.0  23.7  23.9  23.7  24.0  23.7  23.8  23.7  24.1  24.1  24.0  23.9  24.4  24.2  24.2  24.1  24.7  24.6  24.7  24.6  25.1  25.1 
 23.9  24.0  24.2  24.5  24.1  24.0  24.0  24.2  23.9  23.6  23.8  24.1  23.8  23.6  23.7  24.0  23.8  23.7  23.8  24.2  24.6  24.6  29.3  31.0  30.7  29.9  27.2  27.3  26.7  26.3  26.0  26.1 
 24.2  24.0  24.5  24.2  23.9  23.9  24.1  24.0  23.8  23.8  24.1  23.9  23.8  23.7  24.0  23.9  23.8  23.8  24.0  24.1  25.1  28.6  45.0  47.2  44.3  39.0  30.8  29.1  27.7  27.0  26.8  26.2 
 24.2  24.2  24.2  24.5  24.1  23.8  24.1  24.5  23.9  23.8  23.7  24.1  23.8  23.8  23.9  23.9  23.9  23.7  24.1  24.4  31.9  44.3  69.8  73.0  69.6  60.4  36.3  32.8  28.8  28.1  27.1  27.2 
 24.6  23.6  24.5  24.2  24.1  24.0  24.3  24.1  23.9  23.8  24.0  23.9  23.9  23.8  24.1  23.9  23.8  23.8  24.3  24.3  34.3  48.6  74.5  76.9  71.3  61.4  37.0  32.9  29.3  28.5  27.9  27.3 
 24.6  24.3  24.3  24.6  24.2  24.1  24.1  24.3  24.0  23.8  23.9  24.1  23.9  23.7  23.9  24.1  24.1  23.8  24.1  24.7  33.2  42.2  64.6  67.6  58.9  49.9  34.4  32.6  29.1  28.3  27.1  27.9 
 24.5  24.4  24.8  24.5  24.2  24.2  24.6  24.3  24.0  24.0  24.2  24.0  23.9  23.9  24.2  23.8  23.9  23.8  24.4  24.7  31.3  36.1  51.7  53.6  46.8  41.6  33.0  31.2  28.5  28.2  27.9  28.0 
 24.8  24.7  24.7  25.1  24.3  24.3  24.0  24.6  24.0  23.8  24.1  24.3  23.9  23.9  24.0  24.3  24.0  23.8  24.3  25.3  27.0  28.6  32.9  34.1  33.4  32.3  30.4  30.0  27.8  27.4  28.2  29.2 
 25.0  24.8  24.9  24.4  24.2  23.8  24.4  24.4  24.0  24.0  24.2  24.3  23.8  23.7  24.1  24.0  24.0  24.0  25.0  25.4  25.8  26.5  29.8  30.4  31.0  30.8  29.9  28.9  27.8  27.6  29.2  29.8 
 25.5  25.3  24.6  25.1  24.3  24.1  24.4  24.6  24.1  23.9  24.0  24.5  24.1  24.0  23.9  24.3  24.1  24.0  24.8  25.4  25.4  25.4  27.0  28.2  28.8  28.7  28.1  28.6  27.5  27.7  30.1  31.9 
 25.3  25.4  25.2  24.8  24.4  24.2  24.7  24.2  24.2  24.2  24.7  24.1  24.1  23.9  24.3  24.0  24.1  24.1  25.3  25.1  25.1  25.5  27.1  27.5  27.7  27.7  28.1  27.8  27.8  28.4  31.7  31.6 
