 24.3  23.6  23.4  23.7  23.9  23.8  24.2  24.1  23.7  23.7  23.7  23.9  23.5  23.7  23.8  23.7  23.8  23.5  24.0  23.9  23.9  23.6  24.0  24.4  23.9  23.7  24.5  24.3  24.5  24.1  25.2  26.0 
 24.1  23.4  23.6  24.0  24.1  23.7  24.2  24.1  23.9  23.7  23.8  23.9  23.7  23.6  23.9  23.8  23.7  23.5  24.0  24.1  24.0  23.6  24.2  24.1  24.0  23.9  24.2  24.3  24.1  24.3  25.3  25.3 
 23.6  23.1  23.9  23.7  24.1  23.5  24.2  23.9  23.8  23.5  23.8  23.9  23.6  23.6  23.7  23.9  23.7  23.8  23.9  23.9  23.8  23.9  24.0  24.1  24.1  23.9  24.1  24.4  24.1  24.1  24.1  24.8 
 23.2  23.2  23.8  24.1  23.8  23.6  24.1  24.3  23.9  23.7  24.0  23.8  23.6  23.5  23.8  24.0  23.7  23.5  23.9  24.1  23.8  23.5  24.2  23.9  23.8  23.7  24.2  24.3  24.1  24.1  24.4  24.7 
 23.7  23.7  24.1  24.0  24.0  24.0  23.9  24.3  23.8  23.7  23.7  23.9  23.6  23.6  23.9  23.9  23.7  23.5  23.7  23.9  23.8  23.6  23.9  23.9  24.0  23.8  24.2  24.1  23.9  24.2  24.8  24.4 
 23.6  23.5  24.1  24.1  23.9  24.1  24.0  23.9  23.8  23.6  23.8  23.8  23.7  23.5  23.9  23.8  23.6  23.6  23.9  23.9  23.7  23.6  23.8  23.9  24.0  23.6  24.1  24.0  24.2  24.1  24.5  24.4 
 23.8  23.6  23.7  24.3  24.0  24.1  24.0  24.0  23.8  23.8  23.8  24.0  23.7  23.5  23.7  23.7  23.7  23.7  23.8  23.9  23.8  23.6  23.9  24.0  23.7  23.5  23.9  24.1  24.0  24.0  24.2  24.4 
 24.0  23.8  23.9  24.2  24.1  24.0  24.1  23.9  23.8  23.7  24.0  24.0  23.7  23.6  23.8  23.8  23.7  23.7  24.0  23.9  23.8  23.7  24.1  23.9  23.8  23.9  24.1  24.1  24.0  24.0  24.3  23.6 
 23.9  23.8  24.1  24.0  23.8  23.9  24.0  24.0  23.8  23.7  23.9  23.9  23.8  23.6  23.7  24.0  23.7  23.6  23.8  23.9  23.8  23.8  23.9  24.0  23.8  23.7  24.1  24.1  24.1  24.0  24.1  24.4 
 24.4  24.0  24.4  24.2  24.0  23.8  24.2  23.9  23.7  23.7  24.0  24.1  23.6  23.6  23.9  23.8  23.8  23.7  23.8  24.0  23.8  23.8  23.9  23.9  24.0  23.9  24.1  24.2  24.0  23.9  24.4  24.1 
 24.3  24.0  24.2  24.4  23.9  23.9  24.0  24.0  23.7  23.7  23.9  24.0  23.8  23.6  23.9  24.0  23.8  23.6  24.0  24.0  23.9  23.8  24.1  24.0  24.0  23.7  24.0  23.9  24.0  23.7  24.3  24.5 
 24.0  23.9  24.3  24.4  23.9  23.8  24.1  24.0  23.8  23.7  24.0  24.0  23.9  23.6  23.8  23.8  23.8  23.6  23.9  24.0  23.8  23.8  24.1 nan  24.0  23.8  24.2  24.6  24.2  24.0  24.5  25.0 
 24.2  24.0  24.0  24.4  23.8  23.8  24.0  24.1  23.8  23.8  23.9  23.9  23.8  23.7  23.8  23.9  23.7  23.7  24.0  23.9  23.8  23.8  24.2  24.2  24.0  24.0  24.4  24.4  24.6  24.3  24.9  24.8 
 24.3  23.9  24.3  24.3  24.0  23.9  24.2  24.0  23.9  23.7  23.9  23.9  23.9  23.9  23.9  24.0  23.9  23.6  24.0  24.0  24.0  23.9  24.3  24.4  24.2  24.1  24.8  24.8  24.9  24.5  25.1  25.3 
 23.9  23.8  24.5  24.6  24.0  24.0  24.0  24.1  23.8  23.7  24.1  24.1  23.8  23.7  24.0  23.9  23.8  23.8  24.2  24.1  24.3  24.7  29.5  31.0  30.6  29.6  27.4  27.1  26.1  26.0  26.1  26.1 
 24.2  23.9  24.4  24.4  23.9  23.9  24.0  24.1  23.7  23.8  24.1  24.2  23.9  23.7  24.0  23.9  23.7  23.8  24.0  24.2  25.0  28.6  44.9  47.3  44.3  39.0  30.7  29.2  27.1  26.9  26.6  26.4 
 24.1  24.1  24.4  24.3  24.1  23.9  24.2  24.2  23.8  23.6  23.7  24.0  23.8  23.8  23.8  24.0  23.8  23.8  24.2  24.3  31.8  44.3  70.1  73.1  69.4  60.3  36.3  32.4  28.9  28.1  27.2  27.0 
 24.4  24.2  24.7  24.3  24.1  23.9  24.1  24.3  23.8  23.6  24.0  24.1  23.8  23.8  24.0  24.1  23.9  23.8  24.3  24.4  34.3  48.5  74.6  77.2  71.4  61.4  37.0  33.2  29.1  28.0  27.9  27.3 
 24.5  24.1  24.7  24.7  24.2  24.3  24.1  24.4  23.9  23.9  24.1  24.1  23.7  23.9  24.2  24.2  24.1  24.0  24.3  24.5  33.3  42.1  64.6  67.6  58.8  49.8  34.4  32.3  29.2  28.4  27.6  27.7 
 24.6  24.5  24.5  24.7  24.3  24.0  24.3  24.3  23.9  23.9  24.1  24.1  24.0  23.8  24.1  24.0  24.0  23.8  24.5  25.0  31.1  36.2  51.7  53.8  46.5  41.8  33.0  31.2  28.8  28.2  27.7  28.2 
 24.6  24.5  24.8  24.8  24.2  24.3  24.4  24.4  23.9  23.8  24.2  24.2  24.1  23.9  24.1  24.2  23.8  24.1  24.5  25.3  27.3  28.5  33.0  34.1  33.4  32.5  30.6  29.7  28.2  27.6  28.4  29.5 
 24.5  24.4  24.6  24.7  24.3  24.0  24.3  24.4  24.0  23.9  24.2  24.2  23.9  23.8  23.9  24.0  23.9  23.7  24.8  25.4  26.1  26.9  29.8  30.7  31.0  30.9  29.8  29.4  27.7  27.6  28.9  29.8 
 25.2  25.0  24.8  24.9  24.5  24.0  24.3  24.5  24.0  24.3  24.2  24.2  23.9  23.8  24.2  24.2  24.3  23.8  25.0  25.1  24.9  25.6  27.5  28.2  28.7  28.4  28.5  28.4  27.7  27.5  30.4  32.3 
 25.9  25.1  25.0  25.3  24.3  24.2  24.5  24.7  24.3  23.8  24.4  24.4  24.2  23.9  24.3  24.1  24.2  24.0  25.0  25.0  25.1  25.5  27.1  27.5  27.7  28.0  28.1  28.2  28.1  28.4  31.7  32.6 
