 24.1  23.6  23.9  23.8  23.9  23.9  24.0  24.2  23.8  23.7  23.8  24.0  23.6  23.7  24.0  23.9  24.0  23.8  23.9  24.0  23.9  23.9  24.2  24.4  24.0  23.8  24.2  24.5  24.4  24.3  25.2  26.3 
 23.9  23.4  23.6  24.0  24.1  23.9  24.3  24.1  23.7  23.8  24.1  23.9  23.8  23.8  23.8  23.9  24.0  23.8  24.0  24.0  23.9  23.9  24.3  24.0  24.0  24.0  24.3  24.4  24.1  24.4  25.0  25.3 
 23.4  23.6  24.0  23.8  24.1  23.8  24.2  23.9  23.9  23.5  24.0  23.8  23.7  23.6  23.9  23.8  23.8  23.7  23.9  24.0  23.7  23.7  24.0  24.2  24.2  24.1  24.2  24.3  24.2  24.3  24.5  25.0 
 23.5  23.5  24.2  24.3  24.0  24.2  24.3  24.2  23.8  23.6  23.9  23.9  23.6  23.8  23.9  24.0  23.8  23.8  23.8  24.1  24.1  23.7  24.3  24.1  24.0  23.9  24.2  24.4  24.1  24.4  24.6  24.7 
 24.1  24.1  24.1  24.4  24.0  24.1  24.0  24.0  23.8  23.9  23.9  23.9  23.8  23.7  23.8  24.1  23.7  23.7  24.0  23.9  23.8  23.8  23.9  23.9  24.0  24.0  24.1  24.1  24.3  24.0  24.4  24.4 
 23.9  23.7  24.1  23.8  24.3  24.1  24.1  24.2  24.0  23.9  23.9  23.9  23.8  23.8  23.8  23.9  23.8  23.6  23.9  23.9  23.8  23.8  24.0  23.9  24.1  23.8  23.9  24.3  24.1  23.7  24.3  24.2 
 23.8  24.1  24.0  24.1  24.1  23.9  24.2  24.1  23.6  23.9  23.9  24.2  23.8  23.7  23.8  24.0  23.7  23.8  23.8  23.8  23.8  23.8  23.9  24.0  23.8  23.8  24.2  24.5  24.4  24.0  24.4  24.6 
 24.0  23.8  24.0  24.2  24.2  24.0  24.0  24.0  23.8  23.9  23.9  23.9  23.7  23.6  23.9  24.0  23.7  23.8  24.0  23.9  23.9  23.7  24.0  24.0  24.0  23.9  24.2  24.3  24.0  24.0  24.1  23.7 
 24.4  24.1  24.4  24.3  24.0  23.8  24.0  24.2  23.8  23.6  24.1  24.0  23.8  23.6  23.9  23.9  23.8  23.8  23.9  23.8  23.9  23.8  24.1  24.1  23.9  24.0  24.0  24.1  24.2  24.1  24.3  24.5 
 24.2  24.0  24.4  24.4  24.2  23.9  24.2  24.1  23.9  23.8  24.0  23.9  23.9  23.7  23.9  23.7  23.6  23.7  23.9  23.9  23.8  23.9  24.0  24.0  23.9  23.9  24.3  24.2  23.8  23.9  24.6  24.5 
 24.4  24.5  24.2  24.3  23.9  24.0  24.0  23.9  23.7  23.6  23.9  24.0  23.9  23.8  24.0  24.0  23.9  23.7  24.0  24.0  23.8  23.7  24.0  24.1  23.8  23.9  24.1  24.1  24.3  24.1  24.4  24.5 
 24.3  24.1  24.3  24.4  23.9  24.1  24.1  24.2  24.0  23.8  24.0  24.0  23.8  23.9  23.8  24.0  23.9  23.8  24.1  24.1  23.9  23.9  24.0 nan  23.9  23.8  24.1  24.3  24.1  24.1  24.5  24.5 
 24.4  24.1  24.4  24.2  24.1  24.0  23.9  24.1  23.8  23.7  24.0  24.1  24.0  23.9  23.9  23.8  23.9  23.7  24.0  23.9  23.9  23.9  24.1  24.3  24.1  24.1  24.5  24.4  24.5  24.3  25.2  25.1 
 24.4  24.2  24.3  24.3  24.1  24.1  24.1  24.0  23.7  23.7  24.0  24.1  24.0  24.0  24.0  23.9  23.9  23.8  24.0  24.0  23.9  23.9  24.4  24.3  24.3  24.3  24.7  25.0  24.9  24.9  25.3  25.3 
 24.4  24.3  24.2  24.4  24.3  24.0  24.0  24.2  23.8  23.8  24.1  23.9  23.9  23.8  24.0  23.9  23.9  23.7  24.2  24.1  24.3  24.8  29.5  30.8  30.6  29.8  27.5  27.3  26.6  26.3  26.3  25.9 
 24.5  24.2  24.4  24.3  24.2  23.9  24.1  24.1  23.8  23.9  24.0  24.1  23.9  23.8  24.0  24.0  23.9  23.9  24.0  24.2  25.2  28.7  45.0  47.3  44.4  39.0  30.6  29.2  27.5  27.0  26.7  26.6 
 24.1  24.1  24.5  24.3  24.0  23.9  24.3  24.2  24.1  23.8  24.0  23.9  24.0  23.8  23.9  23.9  24.0  23.8  24.2  24.4  31.9  44.4  69.9  73.2  69.6  60.4  35.9  32.7  29.0  28.2  27.6  27.0 
 24.7  24.3  24.5  24.2  24.1  24.1  24.4  24.3  23.9  23.8  24.0  24.0  23.9  23.8  24.0  24.0  24.0  23.9  24.2  24.5  34.4  48.8  74.4  77.1  71.2  61.5  36.9  33.2  29.5  28.5  27.6  27.5 
 24.5  24.6  24.7  24.4  24.4  24.0  24.4  24.3  24.1  23.8  24.1  24.1  24.0  24.0  24.1  24.2  24.1  24.1  24.3  24.5  33.2  42.5  64.7  67.6  58.9  49.9  34.9  32.3  29.4  28.4  28.0  27.9 
 24.6  24.6  24.9  24.5  24.3  24.2  24.4  24.3  24.1  24.0  24.1  24.0  24.0  23.9  24.1  23.9  24.0  24.1  24.5  25.0  31.2  36.3  51.6  53.7  46.9  41.8  32.8  31.3  28.6  28.2  27.7  28.0 
 24.8  24.5  25.0  24.8  24.3  24.3  24.3  24.5  24.3  23.9  24.1  24.2  24.0  24.1  24.3  24.2  23.9  24.0  24.4  25.6  27.3  28.4  33.1  34.2  33.7  32.5  30.9  29.9  28.0  27.8  28.4  29.5 
 25.2  24.8  24.9  24.7  24.6  24.3  24.4  24.4  24.1  24.2  24.3  24.2  24.0  23.6  24.2  24.1  24.0  23.9  24.8  25.5  26.0  26.9  29.8  30.6  31.1  30.9  30.0  29.4  27.7  27.8  28.7  30.1 
 25.8  25.0  24.8  25.1  24.6  24.4  24.4  24.3  24.4  24.0  24.2  24.4  24.2  24.0  24.2  24.2  24.2  24.0  25.2  25.1  25.3  25.5  27.4  28.2  28.7  28.6  28.4  28.3  27.5  27.7  30.5  32.3 
 26.2  25.7  25.0  25.5  24.6  24.4  24.6  24.5  24.2  24.2  24.3  24.4  24.0  24.1  24.2  24.4  24.3  24.2  25.0  24.9  25.3  25.5  27.1  27.5  27.9  28.0  28.3  28.2  27.9  28.1  31.7  33.0 
