 24.3  23.6  23.2  24.0  24.1  23.9  23.9  24.2  23.8  23.5  23.8  23.9  23.9  23.5  23.5  23.9  23.8  23.5  24.0  24.0  24.0  23.7  24.0  24.5  24.0  23.7  24.0  24.3  24.5  24.1  25.2  26.6 
 23.7  23.6  23.8  23.8  23.7  24.1  24.3  24.0  23.6  23.6  24.1  23.9  23.7  23.7  24.1  23.6  23.7  23.7  24.2  23.7  24.0  23.8  24.3  24.0  23.7  24.3  24.3  24.3  24.1  24.1  25.3  25.3 
 23.4  23.6  23.9  23.8  24.0  23.9  24.0  24.1  23.7  23.8  23.6  24.0  23.6  23.6  23.6  23.9  23.9  23.6  23.6  24.1  24.1  23.6  23.7  24.2  24.0  23.8  24.1  24.3  24.2  23.9  24.3  25.2 
 23.7  23.6  24.0  24.0  23.9  23.8  24.3  23.8  23.5  23.7  24.0  23.8  23.4  23.7  23.9  23.7  23.7  23.7  24.0  23.7  23.6  23.7  23.9  23.8  23.9  23.8  24.6  23.9  23.9  24.4  25.0  24.3 
 24.0  23.7  23.7  24.3  24.1  24.0  24.0  24.2  23.9  23.7  23.6  23.9  23.9  23.5  23.6  23.9  23.7  23.3  23.6  24.0  24.0  23.7  23.7  24.0  23.8  23.8  24.4  24.1  24.3  23.9  24.4  24.4 
 23.6  23.7  24.1  23.6  24.0  24.3  24.4  24.0  23.7  23.7  23.9  23.7  23.6  23.7  23.7  23.6  23.6  23.7  24.1  23.6  23.5  23.7  24.1  23.7  24.0  23.7  24.2  24.1  23.9  24.2  24.7  24.3 
 23.7  24.0  23.5  24.2  24.2  24.0  23.9  24.0  23.9  23.6  23.8  24.2  23.7  23.5  23.7  23.9  23.7  23.7  23.7  23.9  23.9  23.7  23.7  24.1  23.8  23.5  23.9  24.2  24.1  23.9  24.0  24.5 
 23.8  23.6  24.0  24.0  23.9  24.0  24.1  23.9  23.7  23.7  23.9  23.7  23.6  23.8  23.9  23.7  23.7  23.7  23.9  23.7  23.5  23.8  24.0  23.7  23.8  23.7  24.3  24.0  23.7  23.9  24.4  23.5 
 24.3  24.0  24.1  24.2  24.1  23.9  23.9  24.1  23.9  23.5  23.9  23.9  23.9  23.6  23.6  23.9  23.7  23.6  23.7  23.9  23.9  23.7  23.7  24.0  23.9  23.8  23.9  24.3  23.9  24.0  24.1  24.3 
 24.2  24.1  24.4  24.3  24.2  24.2  24.3  23.8  23.7  23.9  23.9  23.8  23.7  23.7  23.9  23.8  23.5  23.6  24.1  23.9  23.7  23.7  24.2  23.8  24.0  24.3  24.2  23.9  23.7  24.0  24.6  24.1 
 24.5  24.0  24.1  24.4  24.1  23.9  23.8  24.2  23.7  23.8  23.6  24.0  23.8  23.5  23.8  24.0  23.9  23.8  23.9  24.0  24.1  23.8  23.9  24.2  23.9  23.7  24.1  24.2  24.1  24.0  24.1  24.7 
 23.9  24.3  24.4  24.2  23.7  24.0  24.1  23.8  23.8  23.8  24.0  23.7  23.6  23.7  23.8  23.6  23.7  23.8  23.9  23.9  23.7  24.0  24.1 nan  23.9  23.8  24.2  24.0  23.9  23.9  24.7  24.2 
 24.7  23.9  24.1  24.2  24.0  23.8  23.8  24.2  23.7  23.7  23.7  24.0  23.9  23.8  23.9  24.1  23.9  23.7  23.9  23.9  24.0  23.8  24.1  24.3  24.3  24.1  24.2  24.5  24.3  24.5  24.7  25.3 
 24.3  24.1  24.3  24.1  24.0  24.0  24.3  23.8  23.7  23.7  24.0  23.8  23.9  23.9  24.2  23.9  23.7  23.7  24.1  23.7  23.8  23.9  24.4  24.2  24.1  24.4  24.7  24.4  24.8  24.9  25.4  25.3 
 24.4  24.2  24.1  24.6  24.1  23.9  23.9  24.0  23.9  23.7  23.9  23.9  24.0  23.5  23.8  23.9  23.8  23.6  23.9  24.2  24.4  24.7  29.4  30.9  30.7  29.6  27.2  27.2  26.7  26.2  25.9  26.2 
 24.3  24.0  24.5  24.1  23.9  24.0  24.3  24.0  23.8  23.9  24.0  23.8  23.7  23.8  24.1  23.7  23.8  23.8  24.1  24.0  25.0  28.8  45.0  47.2  44.2  39.2  30.6  28.8  27.3  27.0  26.9  26.2 
 24.5  24.0  24.1  24.2  23.9  23.8  24.0  24.2  24.2  23.8  23.9  24.2  23.8  23.6  23.9  23.9  24.0  23.9  24.1  24.3  32.0  44.3  69.9  73.2  69.5  60.4  36.0  32.7  29.0  28.2  27.2  27.3 
 24.0  24.4  24.3  24.3  23.8  24.2  24.2  24.2  23.9  23.7  24.0  23.9  23.9  24.0  23.9  23.8  23.8  23.9  24.2  24.3  34.4  48.6  74.5  77.1  71.2  61.4  37.0  32.9  29.4  28.3  27.6  27.1 
 24.6  24.1  24.4  24.5  24.3  24.1  24.1  24.3  24.2  23.9  23.9  24.1  23.9  23.8  24.0  24.2  24.2  23.8  24.1  24.8  33.3  42.1  64.5  67.7  58.7  49.8  34.4  32.3  29.4  28.4  27.2  28.1 
 24.5  24.4  24.3  24.3  24.0  24.3  24.4  24.1  23.7  23.9  24.2  23.9  23.7  24.0  24.2  23.9  23.8  23.8  24.5  24.8  31.0  36.2  51.7  53.6  46.6  41.9  32.7  31.2  28.3  28.2  28.2  27.8 
 25.0  24.3  24.8  25.1  24.5  24.0  23.9  24.4  24.2  23.8  24.0  24.2  23.9  23.8  23.9  24.1  23.9  23.8  24.5  25.4  27.1  28.4  32.7  34.1  33.7  32.4  30.4  29.9  28.1  27.4  27.9  29.2 
 25.1  24.7  24.9  24.4  24.3  24.2  24.4  24.2  23.7  24.0  24.2  24.1  23.8  23.9  24.0  24.0  23.8  24.1  24.9  25.1  25.8  26.8  29.8  30.6  31.0  30.9  29.9  29.1  27.5  27.8  29.2  30.0 
 25.5  25.0  24.6  24.9  24.6  23.9  24.4  24.5  24.2  24.0  24.0  24.3  24.4  24.0  23.9  24.5  24.1  23.9  25.1  25.2  25.2  25.6  27.4  28.5  28.8  28.4  28.5  28.3  27.5  27.7  30.4  31.8 
 25.8  25.1  25.1  24.9  24.2  24.3  24.6  24.2  23.9  24.2  24.3  24.1  23.7  24.0  24.3  24.1  23.9  24.2  25.1  24.8  25.0  25.3  27.2  27.4  27.7  27.8  27.9  27.7  27.7  28.3  31.2  31.6 
