 24.5  23.8  23.6  23.6  23.9  24.2  24.3  23.9  24.2  23.8  23.9  23.9  23.9  23.5  23.9  23.9  23.7  23.8  24.2  23.9  24.0  24.0  24.0  24.0  23.9  24.0  24.3  24.5  24.2  24.3  24.9  25.6 
 24.1  23.4  23.6  24.2  24.1  24.0  24.0  24.3  24.0  23.6  23.9  24.0  23.7  23.6  24.0  23.9  23.9  23.7  24.0  24.0  24.2  23.8  24.0  24.1  23.9  24.0  24.2  24.3  24.5  24.4  24.8  25.6 
 23.6  23.6  23.8  23.7  24.2  23.8  24.1  23.8  23.8  23.6  23.9  23.8  23.6  23.7  23.8  23.8  23.8  23.8  24.0  23.8  23.7  23.8  23.9  24.0  24.0  24.3  24.1  24.1  24.0  24.3  24.3  25.0 
 23.5  23.5  24.0  24.3  24.2  23.8  24.1  24.2  23.9  23.5  23.9  23.9  23.9  23.6  23.8  23.9  23.9  23.6  23.8  23.9  23.9  23.6  23.9  24.1  24.2  23.8  24.1  24.5  24.1  23.9  24.4  24.9 
 24.0  23.9  24.2  24.0  23.9  24.2  24.1  23.8  23.7  23.7  23.8  23.8  23.8  23.6  23.8  23.8  23.8  23.5  23.7  23.9  23.9  23.8  23.8  23.9  23.7  23.8  24.4  24.1  24.2  24.2  24.4  24.2 
 23.9  23.4  23.8  24.2  24.2  24.0  23.9  24.2  23.8  23.6  23.7  23.9  23.7  23.5  23.7  23.9  23.8  23.7  23.8  23.7  23.8  23.8  24.0  23.9  24.2  23.6  24.1  24.3  24.2  24.1  24.5  24.2 
 23.9  23.9  24.2  24.0  24.1  24.0  24.3  24.1  23.7  23.9  23.8  23.8  23.8  23.8  23.9  23.7  23.5  24.0  23.9  23.7  23.7  23.8  23.9  23.7  23.7  23.8  24.0  24.1  24.1  23.9  24.4  24.4 
 24.3  23.5  24.0  24.2  24.3  24.0  24.0  24.1  24.0  23.6  24.0  23.9  23.9  23.7  23.7  24.0  24.0  23.8  23.8  24.0  23.8  23.6  23.9  23.9  23.9  23.6  23.9  24.4  24.1  23.9  24.1  23.9 
 24.3  24.0  24.2  24.0  23.9  24.1  24.2  23.9  23.9  23.8  23.9  23.9  23.7  23.6  23.7  23.9  23.9  23.8  23.9  23.9  23.8  23.8  24.0  23.7  23.7  23.9  24.0  24.1  24.2  24.0  24.2  24.2 
 24.2  24.0  24.2  24.5  24.3  23.9  24.0  24.2  23.7  23.6  23.7  23.9  23.8  23.5  23.8  23.9  23.7  23.7  23.8  23.9  24.1  23.8  23.7  24.1  24.0  23.6  24.0  24.3  24.1  23.8  24.6  24.3 
 24.3  24.2  24.3  24.3  24.0  24.1  24.1  23.8  23.6  23.9  24.0  23.8  23.7  23.7  23.8  24.0  23.7  23.7  24.0  23.8  23.9  23.9  24.1  24.1  23.9  24.0  24.0  24.1  24.0  24.3  24.4  24.4 
 24.2  24.1  24.4  24.2  24.1  23.8  24.0  24.1  23.9  23.7  24.0  24.1  23.8  23.6  23.9  23.9  23.9  23.6  24.0  23.9  24.1  23.9  24.1 nan  24.0  23.7  24.1  24.2  24.3  23.9  24.7  24.3 
 24.4  24.1  24.3  24.1  24.0  23.9  24.2  24.2  23.8  23.9  23.8  23.8  23.6  23.7  23.9  23.9  23.9  23.9  24.0  23.9  23.8  23.9  24.1  24.1  24.0  24.2  24.6  24.3  24.4  24.5  25.1  25.0 
 24.3  24.0  24.2  24.4  24.1  23.7  24.0  24.1  23.9  23.6  24.0  24.0  23.9  23.9  23.7  23.9  24.0  23.7  24.0  24.2  24.1  23.9  24.3  24.3  24.5  24.1  24.5  24.8  24.9  24.9  25.3  25.6 
 24.2  24.1  24.5  24.3  24.1  24.1  24.1  24.0  23.9  23.8  24.0  24.1  23.8  23.8  24.0  23.7  23.8  23.8  24.0  24.1  24.3  24.7  29.5  30.8  30.7  29.8  27.2  27.1  26.5  26.5  26.1  25.9 
 24.5  24.0  24.1  24.3  24.2  23.9  24.0  24.1  24.1  23.7  23.9  24.0  23.8  23.8  23.9  23.8  23.9  23.6  24.0  24.3  25.2  28.7  44.9  47.4  44.3  39.0  30.8  29.2  27.8  26.9  26.6  26.5 
 24.2  24.4  24.7  24.3  24.2  23.9  24.3  24.1  23.9  23.8  24.0  23.9  23.8  23.7  23.9  23.8  23.9  23.9  24.1  24.3  31.9  44.3  70.0  73.2  69.6  60.5  36.2  32.7  28.7  28.3  27.2  27.0 
 24.9  24.2  24.5  24.4  24.3  24.0  24.2  24.3  23.9  23.7  23.9  23.8  23.9  23.8  23.9  24.1  23.9  23.9  24.3  24.5  34.4  48.4  74.4  77.2  71.4  61.4  36.8  33.2  29.4  28.3  27.3  27.4 
 24.6  24.5  24.6  24.7  24.4  24.2  24.3  24.3  24.2  24.0  23.9  24.1  23.9  23.9  24.1  24.1  23.9  24.0  24.2  24.6  33.4  42.4  64.6  67.5  58.8  50.2  34.6  32.1  29.1  28.4  27.6  28.1 
 24.5  24.4  24.5  24.7  24.3  24.2  24.2  24.2  24.0  23.9  24.1  24.2  23.9  23.6  24.1  24.1  24.0  23.9  24.3  25.0  31.4  36.1  51.6  53.8  46.8  41.6  32.8  31.5  28.8  28.2  27.9  28.4 
 24.8  24.5  25.1  24.8  24.3  24.1  24.4  24.4  24.1  23.9  24.1  24.2  24.2  23.9  23.9  24.0  23.8  23.9  24.4  25.3  27.0  28.5  33.1  34.0  33.3  32.8  30.6  29.9  27.7  27.9  28.4  29.2 
 25.0  24.6  24.7  24.7  24.3  24.3  24.4  24.5  24.2  23.8  24.1  24.0  24.1  23.7  24.1  24.3  24.0  23.8  24.5  25.5  26.1  26.5  29.8  30.7  31.2  30.6  29.8  29.4  27.7  27.4  28.9  30.1 
 25.2  25.5  24.7  24.6  24.5  24.1  24.5  24.4  24.0  24.1  24.1  24.2  24.4  24.1  24.2  24.1  24.0  24.2  25.0  24.9  25.2  25.5  27.4  28.2  28.7  28.7  28.7  28.1  27.7  28.1  30.8  31.9 
 25.9  25.1  25.3  25.1  24.8  24.4  24.3  24.6  24.3  24.0  24.3  24.4  24.2  23.9  24.2  24.2  24.3  24.1  24.9  25.0  25.4  25.3  27.0  27.4  28.0  27.8  27.8  28.3  28.1  28.6  31.3  32.6 
