 24.3  23.8  23.4  24.0  24.1  24.0  24.2  24.4  24.1  23.6  23.9  24.1  23.9  23.9  23.9  24.1  23.9  23.7  24.1  24.4  24.0  24.1  24.1  24.6  24.0  24.0  24.1  24.8  24.5  24.5  24.9  26.3 
 24.1  23.6  24.1  24.0  24.4  24.0  24.4  24.1  23.8  23.8  24.1  23.9  24.0  23.7  24.0  24.0  23.9  23.6  24.1  24.2  24.1  23.7  24.3  24.2  24.3  23.9  24.5  24.3  24.8  24.4  25.3  25.6 
 24.0  23.8  23.8  24.5  24.0  24.2  24.0  24.2  23.8  23.7  23.8  24.0  23.8  23.9  23.8  24.1  23.7  24.1  24.0  24.2  23.9  23.9  23.9  24.2  24.1  24.4  24.4  24.5  24.2  24.4  24.5  24.8 
 23.9  23.7  24.1  24.1  24.3  23.8  24.2  24.1  24.2  23.6  24.1  23.8  23.9  23.4  24.0  23.9  23.8  23.5  24.0  24.0  24.0  23.7  24.1  24.2  24.0  23.7  24.3  24.2  24.4  24.1  25.0  24.7 
 23.5  24.0  23.9  24.1  23.9  24.2  24.1  24.4  23.9  23.9  23.7  24.1  23.7  23.7  23.9  23.9  23.7  23.7  23.9  23.9  24.0  23.9  23.7  24.1  24.0  23.9  24.1  24.3  24.2  24.0  24.2  24.6 
 24.2  23.7  24.4  24.2  24.4  23.9  24.2  24.3  23.9  23.7  24.1  24.0  24.0  23.7  23.9  23.8  23.9  23.7  23.9  23.8  23.9  23.7  24.1  23.9  24.2  23.7  24.3  24.1  24.3  23.9  24.5  24.3 
 23.9  24.0  24.1  24.4  23.9  24.3  23.9  24.2  23.9  23.9  23.9  24.0  23.8  23.8  23.8  23.9  23.8  23.9  23.9  24.1  23.8  23.9  24.0  24.2  23.8  23.9  23.9  24.5  24.0  24.1  24.2  24.7 
 24.3  24.0  24.3  24.2  24.3  24.0  24.1  24.1  24.1  23.7  24.1  23.8  24.0  23.8  24.0  23.9  23.9  23.6  24.0  23.9  24.0  23.7  24.0  23.9  24.1  23.7  24.4  24.2  24.2  24.0  24.4  23.5 
 24.2  24.3  24.1  24.3  24.1  24.0  24.0  24.2  23.9  24.0  23.8  24.0  23.8  24.0  23.6  23.9  23.9  23.9  23.9  24.0  23.9  24.0  24.0  24.2  23.9  24.0  24.1  24.4  24.0  24.1  24.2  24.8 
 24.7  24.0  24.6  24.3  24.4  23.8  24.3  24.0  24.0  23.7  23.8  23.9  24.0  23.7  24.0  24.0  24.0  23.7  24.1  24.1  24.0  23.7  24.2  24.1  24.1  23.9  24.5  24.1  24.1  24.0  24.6  24.3 
 24.3  24.6  24.2  24.5  23.9  24.1  24.1  24.2  23.9  23.9  24.0  24.0  23.8  23.8  23.8  24.0  23.8  23.9  24.1  24.1  23.8  24.1  24.0  24.2  23.9  24.3  24.0  24.4  24.1  24.3  24.6  24.8 
 24.5  24.0  24.4  24.4  24.2  23.9  24.0  24.2  24.0  23.8  24.1  24.0  24.0  23.6  23.9  24.0  24.0  23.6  24.0  24.0  24.0  23.7  24.2 nan  24.3  23.7  24.2  24.4  24.2  24.0  24.4  24.6 
 24.5  24.5  24.3  24.6  23.9  24.3  24.0  24.2  23.7  24.1  24.0  24.1  23.9  23.9  23.9  24.0  23.8  23.9  24.0  24.0  24.0  24.1  24.2  24.4  24.2  24.3  24.6  24.8  24.5  24.7  25.1  25.1 
 24.7  24.3  24.7  24.2  24.3  24.0  24.3  24.0  24.0  23.7  24.0  23.9  24.0  24.0  24.1  23.9  24.0  23.8  24.2  24.0  24.1  23.9  24.4  24.4  24.4  24.2  24.7  24.7  25.2  24.8  25.4  25.3 
 24.1  24.5  24.5  24.5  24.1  24.1  24.1  24.0  23.9  24.2  23.9  24.1  24.0  23.9  23.9  24.1  23.8  23.8  24.1  24.3  24.3  24.9  29.5  31.1  30.9  30.0  27.4  27.2  26.6  26.4  26.1  26.4 
 24.6  24.0  24.6  24.3  24.4  24.0  24.2  24.1  24.1  23.8  24.1  23.9  24.1  23.8  24.1  24.0  24.1  23.7  24.2  24.1  25.2  28.8  45.2  47.4  44.6  39.1  30.9  29.3  28.0  26.9  26.9  26.5 
 24.1  24.6  24.4  24.3  24.2  24.1  24.2  24.3  24.0  24.1  23.9  24.0  23.8  23.8  24.0  24.1  23.8  24.1  24.0  24.3  31.9  44.5  70.1  73.4  69.7  60.6  36.0  32.9  28.8  28.5  27.6  27.3 
 24.7  24.4  24.7  24.6  24.3  24.1  24.3  24.2  24.1  23.9  24.1  24.0  24.2  23.7  24.2  24.1  23.9  23.9  24.5  24.6  34.5  48.7  74.7  77.4  71.6  61.5  37.2  33.2  29.7  28.6  27.7  27.1 
 24.6  24.6  24.4  25.0  24.4  24.5  24.3  24.5  24.2  24.1  23.8  24.2  23.8  24.1  24.1  24.4  24.0  24.3  24.2  24.7  33.4  42.5  64.8  67.8  58.7  50.2  34.5  32.4  29.5  28.7  27.4  28.2 
 25.0  24.4  24.6  25.1  24.7  24.3  24.5  24.2  24.2  23.7  24.2  24.1  24.1  24.1  24.3  24.0  24.3  23.9  24.7  24.9  31.5  36.1  51.8  53.8  46.9  41.8  32.9  31.3  29.1  28.3  28.1  28.2 
 25.0  24.9  24.8  25.1  24.2  24.4  24.4  24.3  24.3  23.9  24.1  24.4  24.0  24.0  24.1  24.0  23.9  24.3  24.5  25.4  27.1  28.7  33.0  34.1  33.6  32.7  30.7  30.4  28.0  28.1  28.4  29.7 
 25.5  24.7  24.9  24.7  24.7  24.3  24.5  24.5  24.2  23.9  24.4  24.3  24.3  23.8  24.1  24.3  24.2  24.0  25.0  25.3  26.3  26.7  30.0  30.7  31.6  31.1  30.2  29.2  28.3  27.6  29.1  30.1 
 25.8  25.5  24.6  25.1  24.5  24.4  24.5  24.7  24.1  24.4  24.5  24.7  24.2  24.1  24.3  24.5  24.3  24.3  25.1  25.4  25.3  25.9  27.6  28.3  28.8  29.0  28.7  28.4  27.5  27.9  30.8  32.7 
 26.4  25.1  25.3  25.1  24.8  24.5  24.8  24.4  24.3  24.0  24.4  24.6  24.3  23.9  24.4  24.1  24.5  24.1  25.2  25.0  25.5  25.5  27.2  27.5  28.0  27.8  28.1  28.2  28.1  28.1  32.1  33.0 
