 23.7  23.4  23.6  23.3  23.0  22.8  22.9  22.8  22.6  22.4  22.9  22.8  22.6  22.6  22.6  22.8  22.6  22.6  22.7  22.9  22.6  22.8  22.9  22.7  22.8  22.9  23.2  23.8  23.6  23.6  24.7  25.0 
 23.6  23.1  23.6  23.6  23.3  22.9  22.8  23.0  22.6  22.3  22.8  22.8  22.5  22.5  22.7  22.7  22.5  22.4  22.9  22.7  22.7  22.6  22.9  22.9  22.8  22.9  23.7  24.6  23.9  23.4  24.0  24.9 
 23.3  23.3  23.5  23.6  23.0  22.6  22.9  22.8  22.6  22.6  22.7  22.8  22.5  22.7  22.8  22.7  22.6  22.6  22.6  22.7  22.4  22.4  22.9  22.7  22.9  22.9  23.3  23.2  23.1  22.7  23.8  23.3 
 23.4  23.1  23.6  23.3  22.7  22.4  23.0  23.4  22.9  22.8  23.0  22.9  22.6  22.4  22.7  22.6  22.8  22.5  22.7  22.7  22.4  22.5  22.9  23.2  22.7  22.8  23.1  23.1  23.2  23.3  23.4  23.8 
 23.3  23.0  23.3  23.1  22.7  22.6  22.9  23.0  23.5  23.2  23.0  23.0  22.6  22.5  22.6  22.7  22.5  22.4  22.7  22.6  22.6  22.5  22.8  22.8  22.7  22.6  23.0  22.9  23.1  23.0  23.4  23.3 
 23.2  23.1  23.2  23.1  22.9  22.6  23.1  23.3  23.8  24.1  23.3  23.0  22.5  22.6  22.6  22.7  22.7  22.5  22.7  22.8  22.6  22.5  22.6  23.0  23.0  22.6  22.9  22.9  23.1  23.2  23.6  23.8 
 23.2  23.1  23.3  23.2  22.7  22.6  23.1  23.4  25.5  26.6  24.2  23.3  22.5  22.7  22.6  22.6  22.6  22.5  22.6  22.7  22.7  22.5  22.9  22.8  22.7  22.6  23.0  23.0  23.0  22.6  23.3  23.1 
 23.4  23.0  23.2  23.3  22.8  22.8  23.3  23.6  25.8  27.5  24.5  23.2  22.7  22.5  22.5  22.7  22.6  22.5  22.8  22.8  22.7  22.6  22.8  22.8  22.9  22.6  23.0  23.2  22.9  23.1  23.0  22.8 
 23.6  23.3  23.4  23.2  22.8  22.7  23.1  23.2  23.2  23.4  23.0  22.9  22.7  22.7  22.6  22.7  22.7  22.6  22.6  22.7  22.6  22.5  22.9  22.7  22.8  22.5  23.1  23.1  23.1  23.0  23.3  23.4 
 23.6  23.5  23.7  23.4  23.0  23.0  23.0  23.0  23.0  22.9  23.0  22.9  22.5  22.6  22.7  22.7  22.5  22.7  22.6  22.8  22.6  22.5  22.8  22.9  22.8  22.6  23.1  23.2  23.0  23.2  23.5  23.7 
 24.1  24.0  24.1  24.0  23.8  23.8  23.4  23.3  22.8  22.8  22.9  22.8  22.7  22.5  22.7  22.6  22.6  22.5  22.8  22.6  22.5  22.7  22.9  22.7  22.7  22.6  23.6  23.7  23.3  23.2  23.5  23.1 
 23.9  23.9  24.4  24.5  24.6  24.5  24.1  23.7  22.9  22.9  22.9  22.8  22.6  22.6  22.8  22.9  22.8  22.7  22.7  22.9  22.6  22.6  22.8 nan  22.8  22.6  24.4  25.2  24.1  23.1  23.4  23.4 
 24.6  24.4  25.4  25.7  26.9  27.7  32.6  34.8  33.1  29.3  23.2  23.1  22.8  22.7  22.7  22.8  22.8  22.6  22.6  22.8  22.6  22.4  22.8  22.9  22.9  22.8  23.7  24.5  23.6  23.1  23.5  23.6 
 24.8  24.9  25.9  26.7  28.6  30.0  41.5  48.7  53.4  47.4  24.8  23.5  22.7  22.7  22.9  22.8  22.8  22.6  22.9  22.8  22.7  22.7  22.7  22.9  22.8  22.8  23.1  23.6  23.4  23.1  23.1  23.4 
 25.1  25.5  26.8  27.5  30.5  33.7  54.8  63.2  74.9  71.4  35.1  25.6  22.8  22.8  22.9  22.8  22.9  22.7  22.9  22.9  22.7  22.6  22.8  22.7  22.7  22.7  23.0  23.1  23.0  23.1  23.6  23.7 
 25.4  25.6  27.1  27.7  30.8  34.0  53.5  62.8  78.8  79.5  37.7  26.3  22.9  22.8  22.8  22.9  22.8  22.6  22.8  22.7  22.9  22.6  22.7  23.1  22.7  22.7  23.0  23.3  23.0  23.0  23.6  23.5 
 25.6  25.6  26.7  27.2  29.8  31.9  44.4  53.5  73.5  70.9  30.6  24.5  22.8  22.9  22.8  22.8  22.7  22.6  22.8  23.0  22.7  22.7  22.8  22.7  22.8  22.9  23.2  23.2  23.2  22.9  23.7  23.4 
 25.4  25.3  26.4  26.9  28.8  29.9  37.2  42.2  54.5  50.3  26.0  24.0  22.8  22.8  22.8  23.1  22.6  22.6  22.9  23.0  22.8  22.8  22.8  23.2  22.9  22.6  23.0  23.1  23.3  23.1  23.5  23.8 
 25.2  25.5  26.4  26.6  27.1  27.1  28.7  29.6  30.2  28.3  23.9  23.5  22.9  22.8  22.9  23.0  22.8  22.7  22.7  22.9  22.9  22.6  23.0  22.9  22.9  23.1  23.3  23.4  23.1  23.2  23.7  23.8 
 25.6  25.7  26.4  26.4  26.4  26.4  27.4  27.8  27.1  26.4  23.7  23.3  23.1  22.7  23.1  22.9  22.9  22.8  22.9  23.0  22.8  22.6  23.0  23.3  22.7  22.8  23.4  23.4  23.1  23.4  24.0  24.1 
 25.4  25.4  26.1  25.9  25.7  25.7  25.7  26.1  25.3  24.8  23.6  23.5  23.1  23.0  22.9  23.1  22.7  22.9  23.1  22.9  22.8  22.7  23.2  23.0  23.0  22.9  23.6  23.4  24.0  24.4  25.4  25.4 
 25.7  25.3  25.8  25.5  25.4  25.1  25.5  25.5  24.7  24.3  23.5  23.7  23.0  22.9  23.1  23.2  22.8  22.8  22.9  23.2  22.9  22.9  23.3  23.3  23.0  23.2  23.5  23.9  24.8  25.0  26.0  26.3 
 26.3  25.8  25.4  25.8  24.9  24.8  25.1  24.6  24.3  23.9  23.8  23.7  23.3  23.1  23.2  23.3  23.1  22.8  23.4  23.2  23.0  23.0  23.4  23.3  23.5  23.5  25.6  25.8  26.1  26.3  26.7  27.5 
 26.9  25.6  25.5  25.6  24.8  24.7  25.0  24.7  24.0  23.8  23.7  23.7  23.2  23.2  23.3  23.2  23.0  22.9  23.1  23.5  23.3  22.9  23.7  24.0  24.3  24.8  26.2  26.9  26.3  26.1  27.0  27.9 
