 24.2  23.4  23.5  23.6  24.2  23.6  24.1  24.1  23.9  23.6  24.0  23.8  24.0  23.6  23.9  24.0  23.8  23.6  23.8  23.9  23.8  23.7  23.9  24.2  24.0  23.7  24.1  24.3  24.5  24.3  25.4  26.2 
 23.9  23.4  23.6  23.8  23.7  24.1  24.3  24.4  23.8  23.7  24.0  23.9  23.5  23.7  23.9  23.8  23.5  23.5  24.1  23.9  24.1  23.8  24.0  24.2  23.8  24.4  24.3  24.6  24.1  24.4  25.0  25.3 
 24.1  23.4  23.7  23.8  24.2  23.8  24.1  24.0  23.9  23.5  23.9  23.8  23.7  23.7  23.7  23.8  23.8  23.5  23.6  23.8  23.9  23.6  23.8  24.2  24.0  23.8  24.3  24.1  24.2  23.7  24.3  24.4 
 23.1  23.6  23.8  23.9  23.8  24.0  24.0  24.2  23.8  23.6  23.8  23.8  23.6  23.6  23.8  23.8  23.7  23.7  24.0  23.9  23.7  23.8  24.1  23.9  23.9  23.9  24.2  24.3  24.2  24.2  24.6  25.1 
 23.8  23.7  24.0  24.0  24.3  23.8  24.2  23.9  23.9  23.7  23.8  23.8  23.9  23.5  23.8  23.8  23.7  23.6  23.9  23.7  23.8  23.6  23.9  23.8  23.9  23.6  24.1  24.2  24.1  23.9  24.6  24.5 
 23.5  24.0  23.9  23.9  23.9  24.1  24.1  24.1  23.8  23.7  23.7  23.8  23.4  23.9  23.7  23.8  23.6  23.8  23.8  24.0  23.6  23.8  24.0  23.9  23.7  23.8  23.9  24.0  23.9  23.9  24.3  24.1 
 23.9  23.7  24.0  23.8  24.0  23.9  23.9  23.9  23.9  23.6  23.8  23.8  23.7  23.7  23.9  23.9  23.7  23.5  23.6  23.8  23.9  23.9  24.0  24.0  23.7  23.6  24.1  24.2  24.2  23.7  24.2  24.3 
 24.3  23.8  23.7  24.3  23.9  24.1  24.0  23.7  23.8  23.9  23.9  23.8  23.7  23.4  23.7  23.7  23.8  23.8  23.9  23.8  23.6  23.6  24.0  24.0  23.7  23.8  24.0  24.1  23.8  24.0  24.2  23.7 
 24.6  23.8  23.8  24.1  23.6  23.6  23.8  24.0  23.8  23.6  23.9  23.8  23.8  23.5  23.7  23.8  23.8  23.6  23.8  23.9  23.8  23.7  23.9  23.9  24.0  23.8  24.0  24.0  24.2  23.9  24.1  24.3 
 24.2  24.1  23.9  24.0  23.9  24.0  24.0  24.1  23.7  23.8  23.7  24.0  23.6  23.6  23.9  23.8  23.7  23.8  23.9  23.9  23.8  23.9  23.9  24.0  23.9  23.9  24.1  24.2  24.1  24.0  24.2  24.4 
 24.2  24.0  24.0  24.1  24.2  23.9  24.1  24.0  23.9  23.7  23.8  23.8  23.8  23.7  23.9  23.9  23.8  23.6  24.0  23.8  24.0  23.7  23.9  23.8  24.1  23.9  24.0  24.0  24.2  23.8  24.4  24.5 
 23.9  24.1  24.1  24.3  24.0  24.0  23.9  24.0  23.9  23.7  23.9  24.0  23.8  23.7  23.8  23.8  23.6  23.8  23.8  24.0  24.0  24.0  24.0 nan  24.0  23.9  24.0  24.3  23.9  23.9  24.3  24.6 
 24.3  23.9  24.0  24.3  24.1  23.6  23.9  23.9  23.9  23.6  23.9  23.8  23.9  23.7  23.8  23.9  24.0  23.8  23.9  23.9  23.9  23.9  24.1  24.2  24.2  24.0  24.2  24.3  24.3  24.2  24.7  24.9 
 24.4  24.3  24.3  24.3  24.2  24.0  23.9  24.0  23.8  23.7  23.8  24.1  23.7  23.8  23.8  23.9  23.7  23.9  23.9  24.1  23.9  24.1  24.2  24.4  24.2  24.2  24.7  24.7  24.9  24.9  25.1  25.2 
 24.3  24.2  24.3  24.1  24.2  23.6  24.2  23.9  23.8  23.7  23.7  23.9  24.0  23.7  23.8  24.0  23.9  23.7  23.9  24.2  24.4  24.7  29.5  30.9  30.8  29.8  27.2  27.3  26.6  26.0  26.2  26.2 
 24.3  24.3  24.2  24.4  23.9  23.7  23.9  24.0  23.9  23.8  23.9  24.0  23.7  23.7  23.9  23.9  23.9  23.9  24.0  24.0  25.0  28.7  44.9  47.3  44.3  39.2  30.5  29.2  27.4  27.1  26.5  26.4 
 24.4  23.9  24.1  24.3  24.3  23.8  24.1  24.1  24.0  23.7  23.8  23.9  23.9  23.6  23.8  23.9  24.1  23.6  24.1  24.2  32.1  44.3  70.1  73.3  69.9  60.5  35.8  32.6  28.9  28.2  27.4  27.1 
 24.3  24.2  24.3  24.4  23.9  24.0  24.1  24.3  23.9  24.0  23.9  23.8  23.6  23.7  24.0  24.0  23.8  23.9  24.1  24.3  34.3  48.7  74.6  77.2  71.3  61.5  36.8  33.0  29.4  28.6  27.7  27.4 
 24.8  24.1  24.6  24.5  24.2  24.1  24.3  24.2  24.1  23.7  24.1  24.1  23.9  23.8  24.0  24.2  24.0  23.7  24.2  24.5  33.4  42.3  64.8  67.5  59.0  49.9  34.6  32.3  29.3  28.2  27.6  27.5 
 24.6  24.4  24.5  24.6  24.4  24.1  24.5  24.2  23.9  23.9  23.9  24.1  23.7  23.8  24.1  23.9  24.0  23.9  24.3  24.9  31.2  36.2  51.5  53.8  46.7  41.9  32.8  31.3  28.7  28.2  27.9  28.0 
 24.8  24.5  24.8  24.7  24.3  24.0  24.5  24.3  24.1  23.8  24.3  24.1  23.8  23.6  23.9  24.1  24.0  23.8  24.4  25.3  27.2  28.6  32.7  34.0  33.6  32.2  30.5  29.9  28.1  27.6  27.9  29.2 
 24.7  24.9  24.4  24.4  24.2  24.4  24.4  24.2  23.9  24.1  24.1  24.1  23.8  23.9  24.1  24.2  23.9  24.0  24.8  25.3  26.1  26.9  29.9  30.6  31.1  31.0  29.7  29.2  27.5  27.9  29.4  30.0 
 25.5  25.0  24.9  24.7  24.7  24.1  24.5  24.2  24.4  24.1  24.2  24.3  24.3  24.0  24.2  24.0  24.2  23.8  25.0  25.0  25.4  25.3  27.5  28.0  28.8  28.5  28.4  28.2  27.5  27.3  30.8  31.8 
 25.8  25.3  24.9  24.9  24.5  24.3  24.5  24.3  24.0  24.3  24.2  24.2  24.3  24.1  24.2  24.2  24.1  24.0  25.0  24.8  25.0  25.6  26.9  27.5  27.7  27.8  28.2  27.8  27.5  28.3  31.2  32.1 
