 24.0  23.6  24.1  24.0  23.9  24.0  23.9  24.5  23.8  23.8  24.0  24.1  23.5  23.5  23.9  24.0  23.8  23.7  24.0  24.1  23.7  23.7  24.1  24.5  23.9  23.8  24.3  24.3  24.2  24.3  25.5  26.3 
 24.1  23.0  24.1  23.8  24.2  24.0  24.4  24.1  23.8  23.5  24.0  23.9  23.8  23.5  24.1  24.0  23.7  23.6  24.2  24.0  23.8  23.7  24.3  24.2  24.1  23.9  24.4  24.1  24.3  24.1  25.5  25.9 
 23.2  23.4  23.9  24.0  23.6  24.1  24.1  24.2  23.6  23.8  23.9  24.0  23.4  23.6  23.8  23.9  23.5  23.7  23.7  24.0  23.5  23.6  23.7  24.2  23.9  24.0  24.2  24.4  24.0  24.3  24.5  24.8 
 23.3  23.0  24.1  24.3  24.2  23.5  24.4  24.1  23.7  23.4  24.1  23.9  23.5  23.4  23.9  23.9  23.9  23.4  24.0  23.8  23.8  23.4  24.0  24.1  24.0  23.5  24.3  24.2  23.9  23.7  25.0  24.7 
 23.7  23.5  24.2  24.3  23.8  24.0  23.9  24.2  23.6  23.4  23.8  24.0  23.6  23.6  23.9  23.8  23.6  23.7  23.8  23.9  23.9  23.6  24.1  23.9  23.6  23.8  24.2  24.1  23.7  24.2  24.4  24.7 
 23.7  23.5  24.1  23.9  23.9  23.8  24.3  24.0  24.0  23.5  23.8  23.9  23.8  23.6  23.9  23.8  23.7  23.7  23.8  23.9  23.9  23.5  24.0  23.9  24.0  23.6  24.0  24.0  24.2  23.8  24.5  24.5 
 23.9  23.7  23.9  24.4  23.8  23.9  23.9  24.1  23.7  23.7  23.9  23.9  23.6  23.6  23.8  24.0  23.6  23.7  23.9  23.9  23.7  23.8  23.8  24.2  23.8  23.8  24.0  24.2  23.8  24.0  24.5  24.4 
 23.7  23.8  24.1  24.3  24.2  23.9  23.9  24.0  23.8  23.5  23.9  23.8  23.8  23.7  23.7  23.9  23.8  23.4  23.9  23.8  23.7  23.6  24.3  23.8  23.8  23.4  24.3  24.2  24.1  23.7  24.4  23.7 
 24.0  24.0  24.2  24.4  23.8  24.0  24.0  24.2  23.7  23.7  24.0  24.0  23.7  23.6  23.9  23.9  23.7  23.6  23.9  24.0  23.7  23.9  23.9  23.9  23.9  23.8  24.0  24.3  23.7  23.8  24.2  24.5 
 24.1  23.8  24.4  24.4  24.2  23.8  24.2  24.1  23.8  23.8  24.1  23.9  23.7  23.5  23.7  23.8  23.7  23.6  23.9  24.0  23.8  23.7  24.0  24.0  23.9  24.0  24.2  24.2  23.9  23.6  24.7  24.1 
 23.8  24.2  24.2  24.5  23.8  23.9  24.0  24.2  23.9  23.8  23.9  24.0  23.6  23.6  24.0  23.9  23.6  23.7  24.0  23.9  23.9  23.8  24.0  23.9  23.6  23.9  24.1  24.1  24.1  24.1  24.6  24.7 
 24.2  23.5  24.5  24.2  23.9  23.6  24.1  24.0  23.8  23.7  23.9  24.0  23.8  23.5  23.8  23.9  23.7  23.7  23.9  24.0  23.9  23.8  24.1 nan  23.9  23.7  24.3  24.2  24.1  23.6  24.7  24.6 
 24.1  23.8  24.0  24.3  23.8  23.9  24.3  24.3  23.7  23.8  23.8  24.1  23.7  23.7  23.9  24.0  23.9  23.8  23.9  24.1  23.8  23.7  24.1  24.3  24.1  24.2  24.3  24.6  24.4  24.5  24.9  25.1 
 24.2  24.0  24.4  24.2  24.1  23.9  24.4  24.0  23.7  23.5  23.9  23.9  24.0  23.8  24.1  23.8  23.8  23.6  24.0  23.9  24.1  23.7  24.4  24.3  24.4  24.0  24.7  24.8  24.9  24.6  25.5  25.3 
 23.9  24.2  24.2  24.4  23.9  24.2  24.2  24.1  23.6  23.6  23.9  24.0  23.7  23.6  23.8  24.1  23.8  23.7  23.9  24.2  24.2  24.9  29.6  30.9  30.6  29.7  27.2  27.1  26.3  26.0  26.3  26.2 
 24.5  23.9  24.3  24.3  23.9  24.0  24.2  24.0  23.9  23.7  23.9  24.0  23.8  23.7  23.9  23.8  24.0  23.6  24.1  24.1  25.0  28.5  45.0  47.3  44.4  39.1  30.8  29.1  27.5  26.7  26.9  26.2 
 24.2  24.0  24.6  24.4  24.1  23.9  24.0  24.3  23.8  23.8  23.9  23.9  23.7  23.8  23.9  24.1  23.7  23.9  24.3  24.3  32.0  44.4  69.9  73.2  69.5  60.4  36.1  32.8  28.4  28.2  27.4  27.5 
 24.4  23.8  24.4  24.4  23.9  23.6  24.2  24.4  24.0  23.8  23.8  24.0  23.8  23.7  24.0  24.0  24.0  23.7  24.5  24.3  34.4  48.4  74.5  77.2  71.3  61.3  36.7  33.3  29.4  28.2  27.6  27.3 
 24.3  24.4  24.7  24.8  24.2  24.0  24.2  24.5  24.0  23.7  24.0  24.1  23.8  23.9  24.1  24.1  24.0  23.9  24.1  24.6  33.2  42.3  64.7  67.7  58.7  49.9  34.5  32.3  28.9  28.4  27.8  27.9 
 24.6  24.4  24.5  24.6  24.4  23.9  24.5  24.2  24.0  23.9  24.1  23.9  23.9  23.8  24.2  23.9  24.1  23.6  24.7  24.8  31.2  35.9  51.6  53.8  46.7  41.6  32.8  31.3  28.9  28.2  27.9  28.4 
 24.6  24.7  25.0  24.8  24.3  24.3  24.1  24.3  24.0  23.9  24.1  24.3  23.8  23.9  24.1  24.4  23.9  23.9  24.5  25.3  27.0  28.5  33.0  34.2  33.4  32.5  30.6  29.9  27.8  27.7  28.6  29.5 
 25.1  24.4  25.2  24.6  24.4  24.0  24.4  24.6  24.0  23.9  24.1  24.2  24.2  23.7  24.4  24.1  24.2  23.9  24.8  25.3  26.1  26.5  29.9  30.5  31.0  30.9  29.9  29.4  28.0  27.4  29.1  30.6 
 25.5  24.8  24.9  25.1  24.2  24.2  24.5  24.5  24.1  24.1  24.3  24.5  23.9  24.0  24.3  24.2  23.9  24.2  25.1  25.2  25.2  25.7  27.6  28.4  28.8  28.4  28.4  28.3  27.3  27.5  31.1  31.8 
 25.8  25.1  25.1  24.9  24.8  24.4  24.6  24.5  24.1  24.0  24.3  24.2  24.1  23.9  24.3  24.2  24.0  24.1  25.0  24.8  25.0  25.3  27.2  27.4  27.8  27.5  28.2  28.3  27.9  27.6  31.7  32.6 
