 24.3  23.6  23.6  24.0  24.1  23.9  24.2  24.1  23.9  23.8  24.1  23.9  23.7  23.5  24.0  24.1  23.8  23.6  23.8  24.0  23.8  24.0  24.1  24.4  24.2  24.0  24.3  24.5  24.5  24.3  24.9  26.3 
 24.1  23.6  24.1  23.8  24.1  23.8  24.3  24.3  24.0  23.6  24.0  24.0  23.8  23.8  23.9  24.0  23.8  23.7  24.1  23.8  24.0  23.8  24.2  24.1  24.0  24.0  24.5  24.4  24.5  24.2  25.3  25.6 
 23.8  23.8  23.9  24.0  24.0  23.9  24.1  24.1  23.7  23.7  23.9  23.8  23.7  23.8  23.9  23.9  23.8  23.7  23.7  23.9  24.0  23.8  23.9  23.8  24.1  24.1  24.1  24.4  24.2  24.3  24.9  24.4 
 23.3  23.5  23.7  24.0  23.9  23.9  24.1  24.0  23.9  23.5  23.8  23.9  23.9  23.7  23.8  23.8  23.8  23.8  24.0  23.8  23.9  23.7  24.0  24.1  23.9  23.8  24.5  23.9  23.9  24.2  24.8  24.9 
 24.0  24.0  24.2  24.1  24.0  24.1  24.0  23.9  23.8  23.8  23.6  23.8  23.7  23.8  23.8  23.7  23.7  23.6  23.8  23.8  23.8  23.7  23.8  24.0  24.0  23.8  24.1  24.4  24.3  24.3  24.4  24.6 
 23.9  23.7  24.1  24.1  24.0  24.0  24.1  24.0  23.8  23.8  23.9  23.8  23.7  23.6  23.9  23.8  23.7  23.8  23.8  23.7  23.7  23.7  23.9  23.8  24.0  24.0  24.0  24.1  24.2  23.9  24.7  24.3 
 23.9  24.2  23.9  24.0  24.1  24.0  23.9  24.0  23.9  23.8  23.9  24.1  23.6  23.7  23.7  23.9  23.6  23.9  23.7  23.9  23.9  23.8  23.9  24.0  23.8  23.8  24.0  24.1  24.0  24.2  24.4  24.7 
 24.2  23.8  24.0  24.3  24.1  24.0  24.1  24.0  24.0  23.7  24.0  23.8  23.8  23.7  23.8  23.8  23.9  23.7  23.8  23.9  23.8  23.9  24.0  23.8  23.9  23.7  23.9  24.0  24.1  24.0  24.3  23.7 
 24.5  23.8  24.2  24.0  24.0  24.2  24.1  24.0  23.9  23.7  24.1  24.0  23.8  23.8  23.8  24.0  23.8  23.8  23.9  23.9  23.9  23.8  23.9  24.0  23.9  23.9  24.0  24.1  24.1  24.0  24.1  24.3 
 24.4  24.1  24.1  24.1  24.0  23.9  24.1  23.8  23.7  23.8  24.0  23.8  23.9  23.6  23.8  23.7  23.7  23.6  23.8  24.0  23.8  23.8  23.9  24.0  24.1  24.0  24.2  24.2  24.1  23.8  24.4  24.3 
 24.3  24.0  24.2  24.4  23.9  24.1  24.0  24.0  23.7  23.9  24.0  23.8  23.7  23.6  23.8  23.9  23.7  23.9  24.0  24.0  23.8  23.9  23.9  23.9  23.8  23.8  24.1  24.2  24.0  24.1  24.4  24.7 
 24.2  24.3  24.3  24.2  24.0  24.1  24.1  24.0  23.7  23.8  24.0  23.9  23.9  23.8  23.8  23.8  23.8  23.8  23.9  23.9  23.9  23.9  24.0 nan  24.0  23.8  24.0  24.1  24.2  24.0  24.5  24.5 
 24.4  24.1  24.1  24.4  23.9  24.0  23.9  24.1  23.8  23.8  23.8  23.9  23.9  23.8  24.0  23.9  24.0  23.8  24.0  24.0  24.1  23.9  24.4  24.1  24.2  24.1  24.3  24.5  24.4  24.6  24.9  25.1 
 24.4  24.3  24.3  24.4  24.1  24.0  24.1  24.1  23.9  23.7  23.9  24.0  23.8  23.7  24.1  23.9  23.8  24.0  24.1  24.1  24.0  23.8  24.3  24.5  24.4  24.1  24.8  24.6  24.9  24.9  25.4  25.1 
 24.4  24.4  24.2  24.2  24.1  24.0  24.0  24.1  24.1  23.8  24.1  23.9  23.7  23.8  23.8  23.8  23.9  23.8  24.2  24.3  24.3  24.8  29.7  30.9  30.8  29.9  27.4  27.3  26.7  26.3  26.3  26.0 
 24.2  24.2  24.2  24.4  24.2  24.0  24.1  24.1  23.9  23.8  24.1  23.9  24.0  23.8  24.1  23.9  23.7  23.8  24.1  24.1  25.2  28.7  45.2  47.3  44.4  39.3  30.8  28.9  27.5  27.1  26.7  26.4 
 24.4  24.4  24.3  24.3  24.2  24.0  24.0  24.1  24.1  23.9  24.0  24.0  23.8  23.9  23.9  24.0  23.8  23.9  24.1  24.2  31.9  44.4  70.0  73.1  69.6  60.5  36.2  32.4  28.8  28.3  27.2  27.2 
 24.5  24.2  24.4  24.3  24.1  23.9  24.2  24.2  24.0  23.8  24.0  23.9  24.1  23.9  23.8  24.1  23.9  23.9  24.2  24.4  34.3  48.6  74.7  77.2  71.4  61.5  37.0  33.1  29.3  28.4  27.4  27.3 
 24.6  24.3  24.9  24.6  24.1  24.5  24.3  24.3  24.1  23.9  24.1  24.0  23.8  24.1  24.1  24.2  24.0  24.0  24.2  24.7  33.4  42.4  64.6  67.7  59.0  50.0  34.6  32.3  29.2  28.4  27.4  27.7 
 24.6  24.4  24.6  24.6  24.6  24.2  24.4  24.2  24.1  24.0  24.0  24.0  23.9  23.9  24.2  24.2  24.1  23.9  24.4  24.8  31.3  36.2  51.5  53.7  46.8  41.8  32.8  31.5  28.8  28.2  28.1  28.2 
 24.4  24.7  24.8  24.6  24.5  24.3  24.1  24.4  24.2  24.0  24.1  24.2  23.9  23.9  24.0  24.3  23.8  24.2  24.5  25.2  27.3  28.5  32.9  34.1  33.6  32.6  30.7  29.9  28.0  27.6  28.6  29.2 
 25.1  24.6  24.9  24.4  24.4  24.1  24.5  24.5  24.2  24.1  24.3  24.1  24.1  23.9  24.0  24.0  24.0  23.9  24.9  25.2  26.1  26.9  29.8  30.7  31.2  30.9  29.9  29.2  27.5  27.6  29.2  30.0 
 25.5  25.5  24.7  24.9  24.6  24.6  24.4  24.5  24.3  24.0  24.3  24.3  24.4  24.0  24.0  24.3  24.0  23.9  25.1  25.4  25.3  25.6  27.4  28.2  28.8  29.0  28.4  28.6  27.7  27.9  30.8  32.3 
 25.5  25.4  24.8  25.1  24.5  24.5  24.5  24.4  24.3  24.2  24.0  24.2  24.0  24.0  24.3  24.0  24.4  24.1  25.1  24.8  25.5  25.3  26.9  27.3  27.8  27.8  27.9  27.8  27.7  28.3  31.7  32.1 
