 24.2  23.5  23.8  23.7  23.5  23.0  23.0  22.8  23.2  22.5  23.3  23.1  22.8  22.5  23.0  22.9  22.7  22.6  22.8  22.8  23.0  22.7  23.2  23.4  26.5  26.6  28.6  29.0  28.9  28.6  30.0  31.1 
 23.6  23.8  23.8  24.0  23.0  23.3  22.8  23.1  22.8  23.0  23.1  23.2  22.6  22.8  22.9  23.1  22.6  22.6  23.0  23.1  22.7  22.7  23.1  23.5  25.2  27.1  28.5  28.5  29.1  29.7  30.5  30.4 
 23.5  23.2  23.7  23.3  23.2  22.7  23.1  23.0  22.9  22.7  23.0  23.2  22.8  22.7  23.0  22.8  22.8  22.7  23.0  22.8  22.8  22.5  23.2  23.2  24.5  25.0  28.5  28.7  29.1  29.0  29.5  29.8 
 23.3  23.3  23.4  23.7  22.8  22.6  23.1  23.0  22.9  23.0  23.1  22.9  22.6  22.7  22.8  22.9  22.8  22.6  23.1  23.0  22.7  22.8  23.0  23.3  23.2  24.2  27.0  28.1  28.6  29.3  30.0  30.0 
 23.5  23.4  23.2  23.5  23.1  22.7  23.2  23.2  23.3  23.4  23.1  23.0  22.8  22.6  22.8  23.0  22.8  22.7  23.0  22.8  22.9  22.7  23.1  23.1  23.2  23.3  25.5  26.4  28.7  29.0  30.3  30.4 
 23.1  23.1  23.3  23.4  22.9  23.0  23.2  23.4  23.8  24.0  23.2  23.0  22.8  22.8  22.7  23.0  22.6  22.7  22.8  22.9  22.7  22.9  23.1  23.3  23.4  24.1  26.3  28.3  29.5  30.0  30.1  30.0 
 23.5  23.2  23.5  23.1  23.3  22.9  23.3  23.6  25.7  26.8  24.3  23.4  22.9  22.6  22.9  22.7  22.8  22.7  22.9  22.9  22.9  22.6  23.3  23.1  25.2  25.8  29.1  29.6  31.3  31.2  32.0  31.2 
 23.1  23.2  23.3  23.4  22.7  23.0  23.4  23.6  26.1  27.9  24.8  23.3  22.4  22.9  22.7  22.9  22.7  22.8  22.8  23.0  22.9  22.8  23.2  23.4  25.3  26.9  29.4  30.9  31.2  31.5  31.7  31.8 
 23.6  23.2  23.5  23.1  23.1  22.9  23.4  23.1  23.6  23.5  23.3  23.0  22.9  22.6  22.8  22.9  22.9  22.8  23.0  23.0  23.0  22.7  23.3  23.1  26.0  27.0  30.2  30.6  31.5  31.7  32.4  32.1 
 23.4  23.6  23.8  23.5  23.0  23.1  23.0  23.2  23.1  23.2  23.1  23.1  22.6  22.7  22.9  22.9  22.7  22.9  23.0  23.1  22.7  22.9  23.1  23.5  25.7  28.1  30.7  30.9  31.3  31.9  32.0  30.9 
 24.1  23.7  24.2  23.9  23.6  23.2  23.3  23.1  23.0  22.9  23.0  22.8  22.9  22.6  22.8  22.9  23.0  22.7  23.1  22.8  23.0  22.8  23.0  23.1  26.0  27.6  30.9  31.0  31.7  31.6  30.2  28.5 
 23.8  24.0  24.2  24.5  24.1  24.1  23.6  23.4  22.8  23.0  22.9  22.9  22.6  22.8  22.7  23.0  22.6  22.9  22.8  23.1  22.8  22.8  23.1 nan  24.8  27.5  30.2  30.9  31.3  30.7  29.3  28.4 
 24.6  24.3  25.3  25.7  26.4  26.5  29.0  29.4  27.9  26.0  23.3  23.1  23.0  22.6  23.0  22.8  23.0  22.6  23.0  22.7  22.9  22.6  23.1  23.1  23.2  23.5  27.0  27.4  30.2  30.6  31.2  30.6 
 24.7  25.0  25.9  26.3  27.9  28.8  36.7  42.3  44.7  39.2  24.0  23.4  22.7  22.8  23.0  22.9  22.7  22.8  22.8  23.0  22.7  22.7  23.1  23.2  23.1  23.3  24.6  25.1  28.2  30.3  31.6  31.6 
 25.1  25.2  26.6  27.2  30.2  32.8  51.9  60.3  71.1  67.3  33.8  25.6  23.1  22.7  22.9  22.8  23.0  22.5  22.9  23.0  22.9  22.6  23.0  23.0  23.3  23.0  23.5  23.4  25.6  27.2  31.4  31.2 
 25.2  25.6  26.9  27.6  30.5  33.5  52.6  61.2  76.2  75.8  38.2  26.5  23.0  23.1  22.8  23.0  22.5  22.7  22.9  23.1  22.6  22.8  23.2  23.3  23.0  23.0  23.3  23.5  24.2  26.2  29.4  29.2 
 25.4  25.7  26.9  27.1  29.8  32.0  46.1  55.6  78.7  78.4  33.8  25.5  23.2  22.9  23.1  22.8  22.9  22.6  23.2  23.0  23.0  22.6  23.0  23.0  23.1  22.9  23.5  23.3  23.7  23.2  25.4  25.2 
 25.4  25.6  26.6  27.1  28.7  30.4  39.2  45.4  61.1  58.5  27.9  24.4  23.1  23.0  22.9  23.2  22.8  23.0  23.1  23.3  22.8  22.9  23.0  23.1  23.0  23.1  23.5  23.5  23.5  23.6  24.4  25.2 
 25.9  25.7  26.6  26.7  27.3  27.3  29.7  31.0  32.5  30.4  24.5  23.4  23.2  22.9  23.2  23.2  23.2  22.7  23.0  23.1  23.1  22.8  23.3  23.3  23.1  23.0  23.6  23.4  23.6  23.7  23.9  24.3 
 25.6  25.8  26.2  26.7  26.3  26.8  27.9  28.4  28.0  27.4  24.1  23.6  23.0  23.1  23.2  23.4  22.8  23.0  23.2  23.4  22.9  23.0  23.0  23.4  23.0  23.2  23.5  23.7  23.2  23.7  24.2  24.8 
 25.8  25.5  26.0  26.1  26.1  26.1  26.4  26.3  25.9  25.1  24.1  23.7  23.3  23.0  23.3  23.3  23.2  22.9  23.3  23.2  23.2  22.9  23.5  23.3  23.3  23.0  23.7  23.7  23.7  23.8  24.9  25.2 
 25.8  25.7  25.8  25.7  25.6  25.8  25.7  25.8  25.0  25.1  24.0  24.0  23.2  23.3  23.3  23.4  23.1  23.1  23.1  23.4  22.7  23.1  23.4  23.4  23.2  23.4  23.8  23.9  23.7  24.3  25.5  26.3 
 27.0  25.8  26.0  25.8  25.7  25.2  25.7  25.1  24.7  24.1  23.9  23.7  23.6  23.2  23.4  23.4  23.4  23.1  23.4  23.2  23.6  23.1  23.6  23.9  23.6  23.4  24.6  24.8  25.2  25.0  27.1  27.1 
 27.1  26.6  25.4  25.8  25.1  25.1  25.0  25.2  24.3  24.2  24.0  24.0  23.3  23.3  23.4  23.5  23.1  23.1  23.4  23.4  23.2  23.3  23.7  24.1  24.0  24.2  25.1  25.9  25.2  25.8  27.4  28.1 
