 24.3  23.8  23.6  24.0  23.6  23.9  24.2  24.2  23.9  23.8  24.0  24.2  23.7  23.7  23.9  24.1  23.5  23.9  24.0  24.0  23.6  24.0  24.2  24.2  23.7  23.8  24.1  24.5  24.3  24.3  24.9  26.6 
 24.1  23.4  24.1  23.6  24.1  23.8  24.4  24.1  24.1  23.5  24.2  24.2  23.9  23.7  24.1  23.8  23.7  23.6  24.2  23.9  24.0  23.8  24.4  24.2  24.0  23.9  24.6  24.3  24.1  24.4  25.3  25.9 
 23.6  23.6  23.8  24.1  24.2  24.1  24.2  24.1  23.7  23.6  23.9  24.1  23.4  23.6  24.0  24.1  23.8  23.8  23.8  24.1  23.6  23.7  23.9  24.2  24.1  23.7  24.4  24.4  24.0  24.3  24.5  25.2 
 23.5  23.5  24.2  24.1  23.9  23.8  24.2  24.1  23.8  23.7  24.1  23.7  23.8  23.7  24.0  23.9  23.7  23.6  24.0  23.9  23.7  23.7  24.1  24.0  24.0  23.8  24.6  24.2  23.9  24.0  25.0  25.1 
 24.0  23.9  24.0  24.4  23.9  24.1  24.1  24.2  23.8  23.8  23.9  24.0  23.7  23.6  23.8  24.0  23.7  23.7  23.8  23.9  23.9  23.8  23.8  24.3  23.8  23.9  24.1  24.3  24.0  23.9  24.4  24.7 
 23.9  23.7  24.2  23.9  24.1  24.0  24.1  24.1  23.9  23.8  23.9  23.9  23.7  23.6  24.0  23.8  23.8  23.7  24.0  23.8  24.0  23.6  24.2  23.9  24.0  23.7  24.2  24.0  23.9  24.2  24.7  24.3 
 23.7  24.0  23.8  24.4  23.9  24.0  24.2  24.1  23.7  23.8  23.8  24.0  23.8  23.6  23.8  23.9  23.7  23.8  23.8  24.0  23.8  23.7  23.9  24.2  23.8  23.7  24.1  24.5  23.8  24.0  24.2  24.5 
 24.0  23.8  24.1  24.2  23.9  23.9  24.3  24.0  23.8  23.7  24.0  23.7  23.7  23.7  23.9  23.9  23.9  23.5  23.9  23.8  23.9  23.6  24.1  23.8  23.9  23.6  24.3  24.2  24.0  23.9  24.3  23.5 
 24.2  24.1  24.2  24.4  23.9  23.9  24.1  24.3  23.8  23.9  24.0  24.1  23.7  23.8  23.8  23.9  23.6  23.8  23.9  24.1  23.8  23.8  23.9  24.1  23.7  23.9  24.2  24.3  23.8  24.1  24.1  24.5 
 24.4  23.8  24.5  24.3  24.2  23.9  24.3  24.0  23.8  23.5  24.0  23.8  23.7  23.5  23.8  23.9  23.7  23.6  24.0  23.9  23.9  23.7  24.3  23.9  23.9  23.8  24.5  24.1  23.9  23.9  24.7  24.3 
 24.1  24.2  24.3  24.4  24.0  24.1  24.0  24.2  23.8  23.9  23.7  24.0  23.7  23.7  24.1  23.8  23.6  23.8  23.8  24.1  23.8  23.8  23.9  24.1  23.9  23.9  24.1  24.2  24.0  24.1  24.4  24.8 
 24.1  24.0  24.4  24.2  23.9  24.0  24.2  24.0  23.8  23.7  24.0  24.0  23.9  23.6  23.9  23.9  24.0  23.7  24.0  23.8  24.0  23.7  24.1 nan  23.9  23.8  24.2  24.2  24.1  23.9  24.7  24.3 
 24.1  24.1  24.2  24.6  23.9  24.0  24.1  24.3  23.8  23.6  24.0  24.0  23.9  23.9  23.9  24.1  23.9  23.8  24.0  24.0  23.8  23.9  24.2  24.5  23.8  24.2  24.3  24.6  24.2  24.6  25.1  25.1 
 24.1  24.1  24.6  24.2  24.0  23.9  24.4  24.1  23.8  23.5  23.9  24.0  23.9  23.9  24.1  23.8  23.8  23.8  24.2  24.0  24.0  23.9  24.6  24.3  24.3  24.2  24.8  24.7  24.8  24.7  25.6  25.3 
 23.9  24.1  24.3  24.7  24.0  24.0  24.1  24.3  23.9  23.9  23.9  24.2  23.7  23.7  23.9  23.9  23.8  23.8  24.1  24.3  24.2  24.7  29.5  31.2  30.6  29.7  27.2  27.2  26.6  26.3  26.2  26.2 
 24.3  24.0  24.5  24.3  24.1  23.8  24.3  23.9  24.0  23.7  24.0  23.9  23.8  23.5  24.0  23.8  23.9  23.7  24.1  24.1  24.9  28.7  45.1  47.4  44.5  39.0  30.7  29.1  27.6  27.0  26.7  26.7 
 24.4  24.3  24.4  24.7  23.9  23.8  24.1  24.3  24.0  24.0  23.9  24.0  23.8  23.7  24.0  24.2  23.8  23.8  24.2  24.4  31.8  44.4  70.1  73.2  69.5  60.6  36.1  32.8  28.8  28.3  27.2  27.2 
 24.4  24.4  24.6  24.3  24.1  23.9  24.3  24.2  23.9  23.8  24.0  24.0  24.0  23.7  24.1  24.0  23.8  23.7  24.4  24.4  34.3  48.5  74.7  77.2  71.5  61.4  37.0  33.2  29.5  28.3  27.6  27.3 
 24.5  24.3  24.4  24.7  24.1  24.1  24.4  24.5  24.1  24.0  24.2  24.2  23.7  23.9  24.1  24.3  24.0  24.0  24.2  24.7  33.3  42.4  64.6  67.7  58.8  50.2  34.6  32.3  29.4  28.5  28.1  27.9 
 24.5  24.3  24.3  24.8  24.2  23.8  24.4  24.1  24.0  24.0  24.2  24.0  24.0  23.8  24.3  23.9  24.1  23.8  24.5  25.0  31.2  36.1  51.6  53.7  46.7  41.9  32.8  31.3  28.6  28.0  28.2  28.0 
 24.6  24.7  24.8  24.9  24.2  24.3  24.4  24.3  24.0  23.9  24.0  24.2  23.8  23.9  24.1  24.2  23.9  23.9  24.3  25.5  27.1  28.5  32.7  34.1  33.4  32.7  30.8  30.2  27.7  27.9  28.6  29.5 
 24.9  24.6  25.0  24.6  24.6  24.1  24.4  24.3  23.9  24.0  24.3  24.2  23.8  23.7  24.3  24.0  24.1  23.8  24.8  25.3  26.1  26.6  29.9  30.6  31.1  30.9  30.0  29.2  27.6  27.4  29.4  29.7 
 25.2  25.0  24.6  24.7  24.5  24.4  24.4  24.4  24.1  24.0  24.1  24.4  23.8  24.0  24.0  24.4  24.0  24.1  24.9  25.2  25.4  25.9  27.4  28.5  28.7  28.5  28.5  28.3  27.7  27.9  30.1  32.3 
 25.5  24.6  24.9  24.9  24.5  24.5  24.9  24.3  24.1  24.0  24.4  24.3  24.1  23.9  24.3  24.0  24.3  24.1  25.1  24.8  25.2  25.2  27.3  27.4  27.8  27.8  28.4  28.0  28.1  27.9  31.3  32.1 
