 24.0  23.6  23.6  24.0  23.7  23.7  24.0  24.2  23.8  23.5  23.9  24.0  23.7  23.6  23.9  24.2  23.7  23.6  23.8  24.0  23.7  23.7  24.1  23.9  23.9  24.0  24.3  24.5  24.3  24.5  25.2  25.9 
 24.1  23.4  23.9  23.8  23.9  23.8  24.3  24.3  23.7  23.5  24.2  23.9  23.9  23.5  23.9  23.6  23.8  23.6  24.2  23.8  23.9  23.4  24.1  24.0  23.8  24.0  24.3  24.1  24.1  24.2  25.0  25.6 
 23.6  23.4  23.9  24.1  23.9  23.8  23.8  24.1  23.7  23.5  23.8  24.0  23.6  23.7  24.0  23.9  23.6  23.7  23.7  24.0  23.9  23.5  24.1  24.1  24.0  23.8  24.1  24.2  24.4  24.1  24.5  24.6 
 23.2  23.3  24.0  24.0  24.1  23.6  24.4  24.1  23.7  23.5  23.9  23.7  23.5  23.4  23.9  23.7  23.8  23.5  24.0  23.7  23.7  23.6  23.9  24.0  23.8  23.8  24.3  24.0  24.1  23.9  24.8  24.5 
 24.0  23.9  23.7  24.1  23.9  24.0  24.0  24.0  23.7  23.8  23.7  24.0  23.5  23.6  23.9  23.9  23.7  23.6  23.7  24.0  23.7  23.7  23.7  23.9  23.8  23.8  24.1  24.4  23.9  24.0  24.4  24.7 
 23.6  23.7  24.2  24.1  23.9  23.8  24.2  23.9  23.7  23.6  23.8  23.9  23.6  23.6  23.8  23.9  23.7  23.7  23.7  23.7  23.7  23.6  24.0  23.8  24.0  23.7  24.0  23.9  24.0  24.1  24.7  24.3 
 23.7  23.7  23.8  24.2  24.1  23.8  23.9  24.0  23.7  23.8  23.9  23.9  23.5  23.8  23.7  23.9  23.7  23.7  23.9  23.9  23.7  23.8  23.9  24.0  23.6  23.7  24.1  24.2  23.8  23.9  24.2  24.4 
 24.2  23.6  24.3  24.2  23.9  23.9  24.0  24.1  23.8  23.6  23.9  23.9  23.6  23.4  23.8  23.9  23.9  23.3  23.8  23.8  23.7  23.7  23.9  23.9  23.9  23.7  24.0  24.1  23.8  23.7  24.4  23.4 
 23.9  23.8  24.1  24.0  23.8  24.0  23.9  23.9  23.9  23.8  23.8  24.0  23.7  23.6  23.7  23.9  23.8  23.8  23.9  23.9  23.9  23.8  23.7  24.3  23.9  23.8  23.9  24.2  24.0  23.8  23.9  24.5 
 24.5  23.8  24.5  24.4  24.2  23.9  24.1  23.9  23.7  23.7  23.9  24.0  23.7  23.4  23.9  23.7  23.8  23.5  23.9  23.7  23.7  23.7  24.0  23.9  23.9  23.8  24.2  24.2  23.8  23.7  24.4  24.3 
 24.4  24.3  24.2  24.4  23.9  23.9  23.8  24.0  23.8  23.7  23.8  24.0  23.6  23.5  23.7  23.8  23.8  23.6  23.8  23.9  23.9  23.7  24.1  24.1  23.9  23.6  23.9  24.2  23.9  24.1  24.4  24.7 
 24.2  23.8  24.3  24.1  23.6  23.9  24.0  24.0  23.8  23.5  24.0  23.9  23.6  23.7  23.8  23.7  23.7  23.7  23.9  23.8  23.8  23.7  24.0 nan  23.8  23.9  24.0  24.2  24.2  24.0  24.7  24.3 
 24.2  24.1  24.1  24.4  23.8  24.0  24.0  24.1  23.6  23.6  23.9  24.1  23.7  23.6  23.8  24.0  23.6  23.6  23.9  24.0  23.8  23.8  24.2  24.3  24.0  24.1  24.3  24.5  24.2  24.3  24.7  24.9 
 24.2  23.9  24.6  24.2  23.9  23.9  24.1  23.8  23.8  23.5  23.9  23.8  23.9  23.7  24.1  24.0  23.7  23.7  23.9  24.0  24.1  23.8  24.2  24.2  24.4  24.2  24.7  24.6  24.9  24.6  25.5  25.6 
 24.1  24.2  24.1  24.2  24.0  23.8  23.9  24.0  23.7  23.7  23.8  24.0  23.9  23.7  23.9  23.9  23.7  23.8  24.1  24.2  24.2  24.7  29.5  31.0  30.7  29.7  27.4  27.1  26.2  26.0  26.2  26.0 
 24.3  23.9  24.3  24.3  23.9  23.9  24.1  24.0  23.8  23.7  23.9  23.9  23.8  23.6  23.8  23.8  23.7  23.6  24.1  24.1  25.2  28.6  45.0  47.3  44.3  39.1  30.7  29.1  27.5  27.0  26.6  26.4 
 24.1  24.3  24.4  24.4  24.1  23.9  24.0  24.2  24.0  23.8  24.0  24.0  23.8  23.6  23.8  23.9  23.8  23.6  24.1  24.5  32.0  44.5  70.1  73.3  69.5  60.3  36.1  32.8  28.7  28.3  27.2  27.3 
 24.2  23.8  24.7  24.2  24.0  23.9  24.2  24.2  23.9  23.8  23.9  23.9  23.9  23.7  24.1  24.0  23.9  23.7  24.2  24.4  34.3  48.5  74.7  77.3  71.3  61.2  36.9  33.0  29.5  28.3  27.6  27.3 
 24.3  24.4  24.7  24.5  24.1  24.2  24.4  24.3  24.0  24.0  23.9  24.1  23.8  23.8  24.0  24.3  23.9  24.1  24.1  24.6  33.3  42.3  64.7  67.7  58.8  49.9  34.5  32.3  29.4  28.1  27.6  27.7 
 24.8  24.4  24.8  24.6  24.3  23.9  24.4  24.3  24.0  23.8  23.9  24.0  23.9  23.8  24.2  23.9  23.9  23.9  24.6  24.8  31.1  36.0  51.6  53.7  46.7  41.6  32.7  31.3  28.6  27.9  27.5  28.0 
 24.8  24.3  24.8  24.9  24.2  24.1  24.0  24.2  24.1  23.9  24.1  24.3  24.0  23.9  24.0  24.2  23.8  23.9  24.6  25.3  27.1  28.4  32.8  34.2  33.5  32.4  30.6  29.8  27.5  27.4  28.4  29.2 
 24.7  24.6  24.9  24.6  24.4  24.0  24.6  24.3  23.8  24.0  24.1  24.1  23.9  23.7  24.1  24.2  24.0  23.9  24.7  25.4  26.1  26.6  29.9  30.8  31.1  30.7  29.7  29.4  27.6  27.3  28.9  30.0 
 25.5  24.8  24.7  24.9  24.3  24.2  24.4  24.4  24.0  23.9  24.1  24.4  24.0  24.0  24.0  24.4  23.9  23.9  25.2  25.1  25.2  25.6  27.5  28.2  28.5  28.5  28.5  28.6  27.3  27.5  30.8  31.8 
 25.2  25.4  24.9  24.9  24.5  24.2  24.6  24.3  24.0  24.0  24.3  24.3  24.1  23.9  24.4  24.4  24.3  24.1  25.2  24.8  25.3  25.2  27.1  27.4  27.7  27.8  28.1  28.0  27.9  27.9  31.7  33.0 
