 24.3  23.6  23.6  23.3  24.1  23.9  24.4  23.9  24.0  23.6  24.0  24.0  23.8  23.5  23.8  23.9  23.6  23.6  24.1  24.0  23.9  23.7  24.2  24.1  24.0  24.0  24.3  24.3  24.5  24.1  25.2  25.6 
 23.7  23.6  23.4  23.8  24.0  24.1  24.2  24.4  23.6  23.6  23.6  24.0  23.5  23.6  23.8  23.8  23.7  23.7  23.7  23.8  23.8  23.7  24.0  24.2  23.8  23.8  24.0  24.2  23.8  24.2  24.6  25.0 
 23.6  23.6  23.9  24.0  24.0  23.6  24.2  23.8  23.7  23.5  23.7  23.9  23.8  23.4  23.9  23.7  23.7  23.7  23.7  23.9  24.0  23.7  24.2  24.1  24.0  23.8  24.1  24.2  24.0  23.9  24.5  24.6 
 23.3  23.5  23.7  24.1  23.9  23.8  23.9  24.2  23.6  23.5  23.8  24.0  23.4  23.7  23.7  23.8  23.7  23.6  23.7  23.8  23.6  24.0  23.9  23.9  23.9  24.0  24.1  24.3  23.9  24.0  24.4  24.9 
 23.9  23.9  24.0  24.0  24.0  23.8  24.0  23.7  24.0  23.8  23.8  23.7  23.9  23.6  23.7  23.6  23.6  23.5  23.7  23.7  23.9  23.6  24.0  23.8  23.7  23.8  23.9  24.1  24.1  24.0  24.2  24.2 
 23.7  23.8  23.8  23.8  24.0  23.9  24.0  24.0  23.8  23.6  23.7  23.8  23.6  23.7  23.6  24.0  23.7  23.6  23.7  23.9  23.7  23.8  23.7  24.0  24.0  23.7  23.9  24.1  24.0  23.9  24.1  24.3 
 23.9  23.7  23.9  23.8  24.1  23.9  24.0  24.0  23.8  23.5  23.8  23.8  23.7  23.6  23.8  23.8  23.6  23.8  23.8  23.8  23.8  23.6  24.0  23.8  24.0  23.5  24.0  24.2  24.1  24.0  24.2  24.2 
 23.8  23.8  23.7  24.1  23.9  24.0  23.8  24.0  23.6  23.7  23.9  23.9  23.8  23.7  23.7  23.8  23.7  23.6  23.6  23.9  23.6  23.7  23.7  23.9  23.5  23.6  24.0  24.1  24.1  23.9  23.8  23.5 
 24.0  23.7  24.2  23.9  23.9  23.9  24.1  23.9  23.8  23.6  23.9  23.8  23.8  23.8  23.8  23.9  23.7  23.6  23.8  23.8  23.9  23.6  23.9  24.0  23.9  23.8  24.1  24.0  23.9  23.7  24.2  24.0 
 24.2  24.0  24.2  24.3  24.0  23.9  23.8  24.0  23.8  23.8  23.9  24.0  23.7  23.6  23.8  23.8  23.6  23.5  23.7  24.0  23.9  23.7  23.8  23.9  23.9  23.9  23.9  24.3  23.7  23.9  24.2  24.3 
 24.2  24.0  24.2  24.1  23.9  23.8  23.8  23.9  23.9  23.6  24.0  23.7  23.8  23.5  23.7  23.8  23.8  23.7  24.0  23.8  24.0  23.6  24.0  23.9  23.9  23.7  24.1  24.1  24.0  24.0  24.2  24.5 
 24.1  24.0  24.0  24.2  24.0  23.9  23.9  24.0  23.8  23.6  23.6  23.8  23.7  23.7  23.7  23.7  23.7  23.8  23.8  24.0  23.9  23.8  23.9 nan  23.8  23.8  23.9  24.3  23.9  24.2  24.5  24.8 
 24.5  23.6  24.0  24.3  24.1  23.9  24.1  24.0  23.8  23.8  23.8  23.9  23.7  23.6  23.9  23.8  23.8  23.6  24.0  23.8  23.9  23.6  24.1  24.2  24.1  24.0  24.4  24.2  24.2  24.2  24.9  24.9 
 24.1  24.1  24.3  24.5  24.1  24.0  24.0  24.1  23.7  23.5  23.8  24.1  23.9  23.7  23.8  24.0  23.7  23.7  24.0  23.9  24.0  24.0  24.1  24.3  24.2  24.1  24.3  24.7  24.7  24.7  24.8  25.3 
 24.0  24.2  24.1  23.9  24.1  23.9  24.2  23.9  23.8  23.8  23.9  24.0  23.7  23.6  23.9  23.9  24.0  23.7  24.1  24.0  24.3  24.6  29.5  30.9  30.7  29.8  27.4  26.9  26.6  26.3  26.1  26.0 
 24.5  24.2  24.1  24.4  23.8  24.0  23.8  23.9  23.9  23.7  23.8  23.9  23.8  23.8  23.6  23.9  23.8  23.7  23.9  24.0  25.0  28.7  44.9  47.4  44.3  39.2  30.5  28.9  27.4  27.4  26.2  26.5 
 24.5  24.0  24.3  24.3  24.2  23.7  23.9  24.1  23.9  23.7  24.0  23.7  23.8  23.6  23.9  23.8  23.8  23.7  24.3  24.2  31.8  44.3  70.1  73.2  69.7  60.4  36.0  32.5  28.8  28.0  27.4  27.0 
 24.2  24.2  24.0  24.4  23.9  24.0  23.9  24.0  23.8  23.7  23.7  24.1  23.9  23.8  23.9  24.1  24.0  23.7  24.0  24.4  34.2  48.6  74.5  77.4  71.4  61.6  36.7  33.2  29.4  28.3  27.2  27.4 
 24.6  24.1  24.6  24.4  24.2  24.2  24.2  24.3  24.1  23.7  24.1  23.9  23.9  23.9  24.1  24.1  24.1  23.9  24.2  24.5  33.3  42.2  64.9  67.6  58.9  50.0  34.7  32.2  29.2  28.4  27.7  27.7 
 24.1  24.4  24.3  24.3  24.0  24.0  24.3  24.2  23.8  23.9  23.9  24.0  23.7  23.8  24.0  23.9  23.9  24.0  24.4  24.8  31.2  36.1  51.4  53.7  46.7  41.8  32.6  31.2  28.6  28.2  27.9  28.0 
 24.8  24.3  24.8  24.4  24.2  24.3  24.4  24.3  24.2  23.9  24.1  24.0  24.0  23.9  24.0  24.0  23.9  23.8  24.4  25.0  27.1  28.4  32.9  34.0  33.5  32.4  30.8  29.8  27.7  27.6  28.1  28.7 
 24.7  24.7  24.4  24.7  24.1  24.1  24.1  24.1  23.9  24.0  23.9  24.1  23.9  23.9  24.0  24.1  23.9  24.0  24.6  25.5  26.0  27.0  29.4  30.7  30.9  30.9  29.6  29.2  27.5  27.6  28.7  30.3 
 25.5  25.0  24.7  24.4  24.3  23.9  24.5  24.1  24.2  24.1  24.2  23.9  24.1  23.9  24.2  24.1  24.0  24.2  25.2  25.0  25.3  25.5  27.5  28.0  28.6  28.2  28.4  28.2  27.5  27.5  30.8  30.6 
 25.5  24.8  24.7  24.9  24.3  24.5  24.5  24.5  24.3  24.0  24.1  24.2  24.0  23.8  24.1  24.2  24.1  24.2  25.0  24.9  25.0  25.4  26.9  27.5  27.7  27.8  27.9  28.0  27.9  28.1  30.4  33.0 
