 24.3  23.8  23.6  23.6  23.9  24.2  24.2  24.3  23.9  23.9  23.9  24.0  23.5  23.6  23.9  24.1  23.6  23.8  23.7  23.9  23.9  24.0  24.1  24.1  24.0  24.0  24.3  24.3  24.0  24.7  25.2  26.2 
 24.3  23.6  23.9  23.6  24.0  24.0  24.2  24.0  24.0  23.6  24.1  23.9  23.8  23.6  24.0  23.8  23.9  23.7  24.1  23.7  23.9  23.7  24.1  24.0  24.1  23.7  24.3  24.1  24.5  24.2  25.2  25.6 
 23.6  23.8  23.9  24.0  23.8  23.9  24.0  24.0  23.8  23.7  23.8  24.1  23.6  23.8  23.8  23.9  23.7  23.9  23.7  24.0  23.7  23.8  24.0  24.3  24.0  24.1  24.2  24.2  24.0  24.1  24.5  24.8 
 23.5  23.5  24.1  24.1  24.2  23.6  24.1  23.8  24.0  23.6  23.9  23.7  23.8  23.6  24.0  24.0  23.9  23.6  23.9  23.9  24.0  23.9  24.0  24.0  24.0  23.9  24.3  24.3  24.2  24.2  24.4  24.7 
 23.9  24.0  23.7  24.1  24.0  24.2  24.1  24.2  23.7  23.9  23.7  24.1  23.6  23.6  23.8  23.7  23.6  23.8  23.6  23.9  23.8  23.9  23.7  24.2  23.9  23.9  24.2  24.4  23.9  24.2  24.2  24.6 
 24.2  23.9  24.1  23.9  24.0  23.9  24.1  24.0  23.9  23.7  23.9  23.8  23.9  23.7  23.9  23.7  23.9  23.7  23.9  23.7  23.9  23.7  24.1  23.9  24.1  23.7  24.0  24.0  23.9  24.1  24.7  24.7 
 23.9  24.2  24.1  24.2  23.9  24.3  23.8  24.2  23.6  23.6  23.7  24.0  23.6  23.9  23.7  24.0  23.6  23.8  23.9  23.8  23.8  23.9  23.8  24.1  23.7  24.0  24.0  24.2  24.0  24.1  24.4  24.4 
 24.3  23.8  24.0  24.0  24.0  23.7  24.2  23.9  23.9  23.5  24.0  23.8  23.8  23.7  23.8  23.8  23.9  23.7  23.8  24.0  23.8  23.7  23.9  23.8  23.9  23.6  24.2  24.1  23.8  23.6  24.4  23.5 
 24.2  24.3  24.0  24.4  23.9  24.1  24.2  24.1  23.9  23.7  23.9  23.9  23.9  23.8  24.0  23.9  23.6  23.8  23.9  24.0  23.9  23.7  23.8  23.9  24.0  23.9  24.0  24.3  24.1  24.2  24.1  24.5 
 24.4  24.1  24.3  24.4  24.2  23.9  24.1  23.9  23.9  23.8  24.0  23.9  23.8  23.5  23.8  23.8  23.9  23.8  23.9  23.9  23.8  23.6  24.0  24.0  23.9  23.7  24.2  24.1  23.9  23.9  24.4  24.1 
 24.2  24.5  24.2  24.4  23.9  24.0  23.9  24.1  23.8  23.8  23.9  24.0  23.8  23.8  23.8  23.9  23.6  24.1  23.9  24.0  23.6  24.0  24.0  24.0  23.8  24.0  24.0  24.2  24.0  24.4  24.4  24.8 
 24.4  24.0  24.4  24.4  24.2  23.7  24.1  24.0  23.8  23.7  24.0  23.8  23.9  23.8  23.8  23.9  23.8  23.8  24.0  23.9  24.0  23.7  24.1 nan  24.2  23.8  24.0  24.0  24.3  24.0  24.8  24.6 
 24.2  24.2  24.2  24.3  23.9  24.0  23.9  24.1  23.7  24.0  23.7  24.1  23.8  23.9  23.9  24.0  23.8  23.9  23.9  24.0  23.8  24.1  24.1  24.2  23.9  24.2  24.3  24.6  24.3  24.4  25.1  24.9 
 24.5  24.1  24.4  24.4  24.3  23.7  24.4  24.1  23.9  23.4  24.1  23.8  24.0  23.7  24.0  23.8  24.0  23.7  24.1  24.1  24.0  23.9  24.3  24.4  24.5  24.2  24.3  24.8  24.9  24.7  25.4  25.1 
 24.2  24.1  24.2  24.3  24.1  23.9  24.0  24.2  23.7  23.8  23.8  24.0  23.7  23.7  24.0  24.0  23.8  23.9  24.0  24.2  24.2  24.7  29.5  30.8  30.7  29.8  27.2  27.1  26.6  26.4  26.3  26.2 
 24.5  23.7  24.5  24.1  24.1  23.9  24.2  24.0  24.1  23.8  24.1  23.9  24.0  23.6  23.8  23.9  24.0  23.7  24.1  24.2  25.1  28.5  45.1  47.2  44.5  39.1  30.8  29.2  27.4  27.3  26.7  26.5 
 24.4  24.6  24.4  24.2  23.8  24.1  24.1  24.3  24.1  23.9  23.9  24.0  23.6  23.8  23.9  23.9  23.8  24.0  24.2  24.3  31.8  44.3  70.0  73.2  69.5  60.4  36.1  32.8  28.8  28.5  27.4  27.3 
 24.2  24.1  24.4  24.3  24.2  23.9  24.3  24.1  23.9  23.7  24.1  23.8  24.1  23.8  23.9  24.0  23.9  23.8  24.2  24.5  34.4  48.5  74.5  77.1  71.4  61.4  36.9  33.3  29.3  28.6  27.6  27.3 
 24.6  24.6  24.7  24.7  24.2  24.4  24.2  24.3  24.0  24.0  24.0  24.1  23.7  24.0  24.1  24.3  23.9  24.0  24.1  24.5  33.4  42.5  64.4  67.5  58.8  50.0  34.5  32.3  29.2  28.4  27.6  28.1 
 24.6  24.3  24.6  24.8  24.3  24.1  24.4  24.2  24.1  23.9  24.2  24.1  23.8  23.7  24.1  24.0  24.1  23.9  24.6  24.8  31.3  36.2  51.6  53.7  46.8  41.7  32.7  31.2  28.9  27.9  28.4  28.0 
 24.6  24.8  24.8  24.7  24.2  24.3  24.1  24.3  24.0  24.0  24.0  24.3  23.8  23.9  24.0  24.2  23.8  24.0  24.4  25.5  27.0  28.5  32.7  34.2  33.5  32.5  30.6  29.8  27.8  27.7  28.4  29.2 
 25.1  24.7  24.9  24.7  24.5  24.0  24.5  24.3  24.0  24.0  24.1  24.2  24.1  23.8  24.1  24.0  24.0  23.9  24.9  25.3  26.2  26.7  29.8  30.6  31.0  30.9  29.9  29.1  28.0  27.6  29.6  30.0 
 25.5  25.2  24.9  24.7  24.3  24.2  24.4  24.4  24.1  24.2  24.1  24.3  24.3  24.0  24.0  24.2  24.1  24.0  25.2  25.2  25.2  25.7  27.5  28.2  28.7  28.8  28.4  28.4  27.5  28.1  30.4  32.7 
 25.8  25.1  25.1  25.1  24.6  24.3  24.6  24.2  24.3  23.9  24.5  24.5  24.1  23.8  24.5  24.2  24.4  24.1  25.2  24.8  25.2  25.4  27.2  27.4  28.0  27.8  28.2  28.0  27.9  28.3  31.2  32.1 
