 24.2  23.2  23.9  23.7  24.2  23.6  24.4  24.1  23.8  23.4  24.0  23.9  23.7  23.4  24.1  24.1  23.7  23.5  24.2  24.0  23.6  23.5  24.1  23.9  24.3  23.7  24.6  24.5  24.7  24.0  25.2  26.4 
 23.9  23.2  24.0  24.1  23.6  24.0  24.2  24.4  23.6  24.0  23.9  24.1  23.6  23.6  23.9  24.1  23.5  23.6  23.7  24.0  23.6  23.8  24.0  24.2  23.7  24.0  24.3  24.2  24.0  24.2  25.3  25.8 
 23.6  23.1  24.2  23.7  24.2  23.5  24.3  23.8  23.8  23.2  24.0  23.9  23.6  23.5  23.9  23.8  23.8  23.5  24.0  23.9  23.8  23.6  24.1  23.9  24.1  23.8  24.5  24.3  24.2  23.8  25.0  24.9 
 23.4  23.8  24.0  24.2  23.8  23.9  24.0  24.2  23.5  23.5  23.9  23.9  23.4  23.7  23.7  23.9  23.6  23.7  23.8  24.0  23.6  23.7  24.0  24.1  23.8  23.9  24.2  24.5  23.8  24.2  24.3  25.1 
 23.8  23.4  24.2  24.0  24.4  23.7  24.1  24.0  23.9  23.6  24.0  23.7  23.7  23.5  23.9  23.7  23.8  23.3  23.8  23.6  23.9  23.6  24.0  23.9  23.9  23.6  24.3  24.1  23.8  23.7  24.6  24.8 
 23.4  23.7  23.8  24.0  23.7  24.1  24.3  24.2  23.6  23.8  23.8  23.8  23.6  23.6  23.9  23.9  23.5  23.8  23.8  24.1  23.6  23.7  23.7  24.0  23.8  23.7  24.0  24.3  23.8  24.1  24.4  24.7 
 24.2  23.8  24.3  24.0  24.0  23.9  24.1  24.0  23.9  23.3  24.1  23.8  23.7  23.3  23.8  23.8  23.6  23.5  24.1  23.6  23.9  23.5  24.0  23.9  23.9  23.7  24.4  24.1  24.0  23.6  24.3  24.4 
 23.7  23.8  24.0  24.3  23.8  23.8  24.1  24.2  23.7  23.6  23.8  23.9  23.4  23.7  23.8  23.8  23.6  23.6  23.8  23.9  23.6  23.7  24.0  24.0  23.6  23.7  24.0  24.3  23.8  24.0  24.1  23.7 
 24.3  23.5  24.2  23.9  23.9  23.7  24.2  23.9  23.8  23.5  24.1  23.8  23.8  23.5  23.9  23.8  23.7  23.5  24.0  23.9  23.9  23.5  24.0  23.9  23.9  23.7  24.2  24.2  24.1  23.7  24.4  24.0 
 23.8  24.1  24.1  24.4  23.8  24.0  24.0  24.0  23.5  23.7  23.7  24.0  23.6  23.6  23.7  23.9  23.7  23.7  23.9  24.1  23.8  23.7  24.0  24.1  23.8  23.9  24.1  24.4  23.8  23.7  24.4  24.8 
 24.1  24.0  24.6  24.2  24.1  23.7  24.1  24.0  23.9  23.6  24.1  23.9  23.7  23.6  24.1  23.8  23.7  23.5  24.1  23.8  24.0  23.6  24.1  23.8  24.0  23.7  24.2  24.3  24.0  23.9  24.7  24.4 
 23.8  24.1  24.3  24.3  23.6  23.8  24.1  24.2  23.6  23.6  23.8  23.9  23.5  23.8  23.8  24.0  23.5  23.7  23.9  24.1  23.8  24.0  23.9 nan  23.7  23.9  24.3  24.1  23.9  23.9  24.4  24.9 
 24.2  23.7  24.5  24.3  24.1  23.7  24.2  24.1  23.8  23.6  23.9  23.8  23.8  23.6  24.0  23.8  23.9  23.5  24.2  23.9  24.0  23.7  24.1  24.1  24.3  23.9  24.5  24.2  24.7  24.2  25.0  25.0 
 24.0  24.3  24.3  24.5  23.7  23.9  24.0  24.2  23.6  23.7  23.7  24.1  23.7  23.8  23.8  24.1  23.6  23.8  23.8  24.1  23.8  23.8  24.3  24.5  24.1  24.4  24.5  24.7  24.5  24.9  25.4  25.7 
 24.0  24.0  24.3  24.4  24.3  23.6  24.2  24.0  24.0  23.6  24.0  24.1  23.9  23.7  23.9  23.8  24.0  23.5  24.1  24.1  24.2  24.8  29.7  30.9  30.8  29.7  27.6  27.0  26.4  26.0  26.4  26.2 
 24.0  24.1  24.5  24.6  23.9  23.8  24.1  24.3  23.8  23.8  23.9  23.9  23.7  23.9  23.8  24.0  23.6  23.8  24.1  24.2  25.0  28.6  45.0  47.4  44.1  39.1  30.6  29.3  27.1  26.8  26.9  26.5 
 24.4  23.8  24.3  24.2  24.0  23.6  24.1  24.2  24.1  23.4  24.1  23.9  23.9  23.5  24.2  23.9  23.9  23.6  24.2  24.1  32.0  44.2  70.1  73.2  69.6  60.2  36.4  32.7  28.9  28.1  27.5  27.0 
 24.2  24.2  24.4  24.4  23.8  24.0  24.1  24.3  23.6  23.8  23.8  24.1  23.7  23.9  23.8  24.2  23.7  23.7  24.4  24.6  34.0  48.6  74.4  77.3  71.3  61.3  36.8  33.4  29.4  28.4  27.4  27.4 
 24.4  24.0  24.6  24.6  24.3  23.8  24.3  24.3  24.0  23.6  24.2  23.7  23.8  23.6  24.1  23.9  24.2  23.7  24.3  24.6  33.5  42.2  64.6  67.5  58.7  49.8  34.6  32.2  29.3  28.1  28.1  27.7 
 24.1  24.4  24.5  24.8  24.2  23.9  24.4  24.5  23.7  23.9  24.0  24.4  24.0  24.0  24.0  24.1  23.8  23.9  24.2  24.9  31.0  36.3  51.6  53.7  46.6  41.8  32.8  31.6  28.3  28.2  27.9  28.3 
 24.8  24.4  24.8  24.9  24.3  24.0  24.5  24.3  24.2  23.7  24.2  24.0  23.8  23.5  24.1  24.0  23.9  23.7  24.5  25.3  27.2  28.3  33.2  34.0  33.7  32.3  30.9  29.8  27.8  27.3  28.5  29.3 
 24.6  24.7  24.6  24.9  24.0  24.4  24.4  24.5  23.9  24.0  23.9  24.2  23.8  23.8  24.1  24.3  23.7  23.9  24.7  25.4  25.7  26.7  29.9  30.8  30.7  31.0  29.9  29.5  27.5  27.6  29.3  30.3 
 25.2  24.2  24.7  24.6  24.4  24.1  24.5  24.4  24.2  23.6  24.3  24.3  24.0  23.5  24.3  24.2  24.0  23.7  25.0  25.2  25.3  25.3  27.7  28.1  28.6  28.5  28.5  28.1  27.5  27.4  31.1  32.1 
 25.7  25.3  24.8  25.3  24.3  24.3  24.5  24.6  23.9  24.1  24.4  24.4  23.8  24.1  24.4  24.2  23.9  24.2  25.0  25.1  25.0  25.4  27.1  27.8  27.7  28.0  27.8  28.3  27.4  28.6  31.9  33.9 
