 24.0  23.8  23.7  24.0  23.9  24.2  24.0  24.3  23.8  23.5  23.9  24.3  23.6  23.5  23.7  24.0  23.6  23.7  23.9  24.0  23.7  23.7  24.1  24.2  24.1  23.8  24.1  24.5  24.3  24.3  25.2  26.2 
 23.9  23.0  23.9  24.0  24.2  24.0  24.3  24.1  23.7  23.7  24.0  24.0  23.9  23.5  24.0  23.8  23.8  23.4  24.1  23.9  24.1  23.7  24.3  24.3  24.1  24.1  24.3  24.2  24.3  24.2  25.5  25.6 
 23.4  23.8  23.8  24.0  24.0  24.0  23.9  24.0  23.6  23.7  23.8  23.9  23.7  23.6  23.8  24.0  23.5  23.8  23.8  24.0  23.7  23.8  24.0  24.1  23.9  24.1  24.0  24.4  24.0  24.2  24.3  25.0 
 23.7  23.1  24.1  24.1  24.1  23.7  24.4  24.3  23.9  23.4  24.0  23.8  23.7  23.6  24.1  23.9  23.8  23.5  24.1  23.8  23.9  23.7  24.0  24.1  23.9  23.8  24.5  24.2  24.1  23.9  24.6  24.5 
 24.0  23.9  24.0  24.6  24.0  24.1  24.0  23.9  23.7  23.9  23.7  23.9  23.6  23.6  23.9  23.8  23.4  23.7  23.8  23.9  23.6  23.8  23.8  24.1  23.8  23.7  24.2  24.2  23.8  24.0  24.0  24.5 
 23.9  23.4  24.2  24.0  24.1  23.9  24.2  24.0  23.8  23.6  23.9  23.9  23.8  23.5  24.0  23.8  23.8  23.4  24.1  23.9  23.9  23.5  23.9  23.9  24.2  23.7  24.2  24.0  24.0  23.9  24.6  24.3 
 23.6  23.9  23.8  24.1  23.9  24.0  23.8  24.2  23.8  23.6  23.9  23.9  23.6  23.7  23.8  23.9  23.6  23.7  23.7  24.0  23.9  23.7  23.9  24.0  23.6  23.8  23.9  24.4  23.8  24.0  24.0  24.5 
 24.0  23.6  24.0  24.1  24.1  23.7  24.1  24.0  23.9  23.6  24.0  23.8  23.8  23.6  24.0  23.8  23.9  23.6  24.0  23.9  23.8  23.6  24.2  23.7  23.9  23.5  24.2  24.0  24.2  23.7  24.4  23.5 
 24.2  24.2  24.2  24.1  23.8  23.9  23.9  24.1  23.7  23.8  23.9  23.9  23.9  23.7  23.8  24.0  23.5  23.7  23.8  23.9  23.7  23.8  23.8  24.0  23.6  23.9  24.0  24.2  23.9  24.1  23.9  24.3 
 24.3  23.8  24.5  24.3  23.9  23.9  24.2  23.9  23.8  23.5  24.0  24.0  23.8  23.5  23.8  23.8  23.7  23.6  24.0  23.9  23.8  23.6  24.1  24.0  24.0  23.9  24.1  24.2  24.2  23.9  24.5  24.3 
 24.1  24.0  24.2  24.5  23.8  23.9  23.9  24.2  23.7  23.7  23.8  24.0  23.6  23.8  23.8  24.1  23.7  23.7  23.8  24.0  24.0  23.9  24.1  24.0  23.7  23.9  23.7  24.2  23.9  24.2  24.4  24.5 
 24.1  23.7  24.3  24.2  23.9  23.7  24.0  24.2  24.0  23.6  24.1  23.9  23.8  23.6  23.8  23.8  23.7  23.7  23.9  23.9  23.9  23.7  24.1 nan  24.0  23.9  24.1  24.3  24.0  23.7  24.7  24.5 
 24.2  24.4  24.1  24.7  23.9  24.0  23.9  24.1  23.8  23.6  23.8  24.0  23.8  23.8  23.8  24.0  23.7  23.8  23.9  24.2  23.8  23.9  24.2  24.3  24.2  24.1  24.3  24.4  24.1  24.3  24.9  25.1 
 24.4  23.8  24.4  24.1  24.1  23.8  24.0  24.0  24.0  23.5  24.0  24.1  23.9  23.7  24.0  23.9  23.9  23.7  24.0  24.1  24.1  23.8  24.5  24.3  24.5  24.1  24.8  24.8  24.9  24.6  25.2  25.4 
 24.0  24.1  24.0  24.4  24.1  24.1  24.1  24.1  23.8  24.0  23.8  24.2  23.6  23.8  24.0  24.1  23.7  23.9  23.8  24.3  24.3  24.8  29.6  31.1  30.6  29.9  27.3  27.1  26.3  26.3  26.1  26.2 
 24.6  23.9  24.5  24.5  24.0  23.9  24.1  24.1  24.0  23.7  24.0  24.1  23.8  23.7  23.9  23.9  23.9  23.7  24.1  24.0  25.1  28.7  45.0  47.4  44.4  39.1  30.6  29.2  27.5  26.7  26.7  26.5 
 24.4  24.3  24.3  24.6  23.9  23.9  24.2  24.3  24.0  23.6  23.9  24.1  23.8  23.9  23.9  24.0  23.7  23.7  24.2  24.4  32.0  44.3  70.1  73.2  69.6  60.5  35.9  32.8  28.7  28.3  27.4  27.5 
 24.3  24.1  24.3  24.4  23.9  23.7  24.4  24.1  24.1  23.8  24.1  23.9  23.9  23.7  24.0  24.0  23.8  23.7  24.4  24.4  34.3  48.6  74.7  77.2  71.4  61.4  36.9  33.0  29.4  28.4  27.7  27.3 
 24.3  24.6  24.4  25.0  24.2  24.2  24.1  24.6  24.0  23.7  23.9  24.2  23.8  23.8  24.1  24.3  24.0  24.0  24.1  24.5  33.4  42.3  64.6  67.7  58.8  49.9  34.7  32.6  29.2  28.4  27.7  27.9 
 24.6  24.3  24.8  24.6  24.5  23.7  24.4  24.4  24.1  23.6  24.1  24.1  24.0  23.8  24.2  24.0  24.0  23.6  24.5  24.7  31.2  36.1  51.6  53.6  46.8  41.6  33.0  31.4  28.8  27.9  28.0  28.0 
 24.6  24.5  25.0  24.9  24.2  24.3  24.1  24.5  23.9  23.9  24.1  24.4  23.8  24.0  24.1  24.4  23.8  24.3  24.5  25.4  26.9  28.7  32.8  34.1  33.3  32.4  30.7  30.1  28.1  27.9  27.9  29.2 
 24.7  24.5  24.7  24.5  24.4  23.9  24.4  24.7  24.0  23.9  24.2  24.2  23.8  23.7  24.2  24.2  24.1  23.8  24.7  25.4  26.1  26.7  29.9  30.7  31.1  30.8  29.7  29.2  27.8  27.6  29.1  30.0 
 25.5  25.2  24.9  25.1  24.3  24.2  24.5  24.5  24.2  24.1  24.2  24.3  23.8  24.1  24.2  24.5  24.1  24.2  24.9  25.2  25.2  25.7  27.4  28.2  28.5  28.7  28.7  28.6  27.5  27.9  29.7  32.3 
 25.8  24.6  25.1  24.9  24.5  24.0  24.6  24.5  24.4  23.8  24.5  24.5  24.2  23.8  24.2  24.3  24.3  23.8  25.3  24.9  25.2  25.1  27.2  27.4  27.8  27.5  28.1  28.0  27.9  28.1  31.6  32.1 
