 24.0  23.8  23.4  23.8  24.4  24.0  24.0  24.2  23.8  23.6  23.9  24.1  23.8  23.4  23.8  24.0  23.8  23.7  23.9  24.1  23.7  23.8  23.9  24.3  24.0  23.8  24.1  24.5  24.3  24.1  25.4  26.5 
 23.6  23.6  23.9  23.8  24.0  23.8  24.1  24.2  23.8  23.6  24.1  23.7  23.5  23.7  23.9  23.8  23.7  23.6  24.1  23.7  23.8  23.8  24.1  23.9  24.0  24.1  24.3  23.9  24.3  24.2  25.2  25.3 
 23.6  23.2  23.6  24.1  24.2  23.6  23.9  24.0  23.7  23.5  23.7  24.0  23.7  23.5  24.0  24.1  23.8  23.7  23.7  24.0  23.8  23.6  24.0  24.3  24.2  23.8  24.3  24.4  24.2  23.9  24.7  25.0 
 23.3  23.5  23.8  23.9  23.9  24.1  24.2  23.9  23.8  23.5  24.0  23.7  23.4  23.8  24.0  23.7  23.8  23.7  24.0  23.8  23.6  23.6  24.1  23.8  23.9  24.0  24.3  24.2  23.9  24.0  24.6  24.9 
 23.8  23.8  24.0  24.3  24.0  23.7  24.0  24.1  23.9  23.6  23.7  23.8  23.8  23.5  24.0  24.0  23.7  23.6  23.8  23.9  23.9  23.7  23.9  24.0  23.9  23.7  23.9  24.1  24.0  23.9  24.0  24.7 
 23.9  23.7  24.4  23.9  24.0  24.0  24.2  24.0  23.9  23.8  23.8  23.7  23.6  23.7  23.9  23.6  23.8  23.6  24.0  23.8  23.7  23.6  23.9  23.8  24.0  23.7  24.1  24.3  23.7  24.1  24.6  24.1 
 24.0  23.7  23.6  24.2  24.0  24.0  24.0  24.0  23.8  23.6  23.8  23.7  23.6  23.6  23.7  23.9  23.7  23.6  23.7  23.9  23.7  23.7  23.9  24.0  23.9  23.5  24.0  24.4  24.0  23.7  24.2  24.3 
 23.8  23.8  24.0  24.1  23.9  23.8  24.4  24.1  23.7  23.7  24.0  23.7  23.6  23.7  24.0  23.7  23.8  23.8  23.9  23.7  23.9  23.8  24.1  23.9  23.5  23.6  24.3  24.1  24.0  23.7  24.5  23.3 
 24.0  23.8  23.9  24.0  23.9  23.9  24.2  24.3  23.8  23.7  23.9  24.0  23.8  23.6  23.8  23.9  23.8  23.6  23.8  23.9  23.7  23.7  23.8  24.0  23.9  23.9  24.0  24.2  24.1  24.1  24.2  24.3 
 24.2  24.0  24.5  24.1  24.1  24.0  24.2  24.1  23.7  23.6  23.9  23.8  23.7  23.6  23.8  23.8  23.8  23.7  23.8  23.9  23.7  23.8  24.0  24.0  23.9  23.9  24.3  24.2  23.8  24.0  24.7  24.6 
 24.2  24.1  24.2  24.2  23.9  23.8  24.0  24.1  23.8  23.8  23.9  23.9  23.7  23.6  23.8  23.9  23.7  23.7  24.0  24.0  23.9  23.9  24.1  24.1  24.0  23.8  24.1  24.2  24.2  24.1  24.4  24.7 
 23.9  23.7  24.1  24.2  24.0  23.8  23.9  24.0  23.8  23.6  23.9  23.8  23.7  23.6  23.8  23.8  23.7  23.7  24.1  23.9  23.8  23.9  24.0 nan  23.9  24.0  24.1  24.3  24.0  24.0  24.5  24.3 
 24.2  23.9  24.2  24.3  23.9  23.7  23.9  24.2  23.7  23.7  23.9  24.0  23.8  23.7  23.8  24.1  23.8  23.8  23.9  24.0  24.0  23.9  24.1  24.3  24.1  23.9  24.5  24.6  24.6  24.3  24.9  25.1 
 24.1  24.1  24.4  24.5  24.0  24.0  24.0  24.1  23.8  23.6  24.0  24.0  23.9  23.7  23.9  23.9  23.9  23.7  24.0  24.0  24.0  23.9  24.6  24.3  24.3  24.2  24.7  24.7  24.8  24.6  25.4  25.2 
 24.3  24.2  24.2  24.5  24.1  23.7  24.0  24.2  23.9  23.8  23.9  24.1  23.9  23.7  23.9  24.1  23.9  23.7  24.2  24.2  24.3  24.6  29.6  30.9  30.7  29.7  27.2  27.2  26.4  26.3  26.2  26.2 
 24.3  23.8  24.7  24.4  24.1  24.0  24.1  23.9  23.9  23.6  24.1  24.1  23.9  23.7  23.9  23.8  23.8  23.6  24.2  24.0  25.1  28.8  45.1  47.4  44.3  39.2  30.5  29.2  27.4  27.1  26.9  26.5 
 24.4  24.1  24.4  24.4  24.3  23.8  24.1  24.1  24.0  23.8  23.9  24.1  24.0  23.8  23.9  24.0  23.8  23.8  24.3  24.4  31.8  44.4  70.0  73.3  69.6  60.4  36.1  32.6  28.8  28.2  27.2  27.3 
 24.2  24.1  24.6  24.4  23.9  24.0  24.3  24.0  23.7  23.8  24.0  23.8  23.8  23.8  24.1  23.9  24.0  23.9  24.3  24.3  34.2  48.6  74.5  77.1  71.3  61.5  37.0  33.0  29.2  28.6  27.6  27.1 
 24.4  24.3  24.4  24.7  24.2  24.2  24.1  24.4  24.1  23.8  24.1  24.1  23.9  23.7  24.2  24.2  24.1  24.0  24.2  24.7  33.3  42.2  64.5  67.6  58.7  49.8  34.6  32.3  29.5  28.2  27.4  27.9 
 24.4  24.6  24.6  24.3  24.3  24.1  24.6  24.2  23.8  24.0  24.3  24.0  23.9  23.8  24.1  24.0  24.0  23.9  24.4  24.7  31.2  36.3  51.6  53.6  46.6  41.8  32.8  31.2  28.9  28.2  28.0  28.0 
 24.6  24.5  24.9  24.7  24.4  24.0  24.0  24.5  24.1  23.8  24.2  24.2  24.0  23.9  24.1  24.3  24.0  23.9  24.4  25.3  27.0  28.2  32.8  34.3  33.6  32.3  30.5  29.9  28.1  27.7  27.9  29.2 
 24.7  24.7  24.9  24.4  24.4  24.1  24.5  24.2  24.0  24.0  24.2  24.1  23.9  23.8  24.3  24.1  23.9  23.8  25.0  25.2  26.2  26.8  29.9  30.7  31.1  31.0  30.0  29.2  27.6  27.4  28.9  30.0 
 25.5  24.8  24.5  24.9  24.3  23.9  24.4  24.5  24.2  24.0  24.1  24.4  24.0  23.9  24.1  24.3  24.2  24.0  25.2  25.1  25.5  25.6  27.5  28.3  28.8  28.4  28.4  28.4  27.8  27.5  30.4  33.1 
 25.5  25.3  25.1  25.1  24.6  24.3  24.7  24.6  24.1  24.1  24.4  24.3  23.9  23.9  24.4  24.2  24.2  24.2  24.8  24.9  25.0  25.6  27.1  27.4  27.7  28.1  28.1  28.0  27.9  28.1  31.6  32.5 
