 24.2  24.0  23.4  23.6  24.2  23.9  24.0  24.1  24.0  23.6  23.8  24.0  23.8  23.3  23.6  24.1  23.8  23.5  23.7  23.8  24.0  23.7  23.8  24.1  24.1  24.0  23.6  24.3  24.3  24.3  24.9  26.6 
 23.7  23.4  23.6  23.6  24.2  24.0  24.2  24.0  23.8  23.7  23.8  23.9  23.6  23.7  23.9  23.7  23.8  23.6  24.0  23.8  23.9  23.8  24.1  23.9  23.7  24.0  24.1  23.9  23.9  24.6  25.2  25.0 
 23.6  23.6  23.6  23.8  24.2  23.6  23.7  23.9  23.7  23.4  23.6  23.8  23.7  23.6  23.9  23.8  23.7  23.7  23.7  23.8  24.1  23.7  23.7  24.2  23.8  23.8  23.9  24.1  24.5  23.9  24.1  24.6 
 23.5  23.6  23.8  23.8  24.1  23.9  24.0  23.8  23.9  23.8  23.9  23.7  23.7  23.7  23.8  23.8  23.8  23.7  23.9  23.6  23.7  23.8  24.1  23.8  23.9  23.8  24.2  23.9  24.1  24.2  24.6  24.3 
 24.0  23.9  23.7  24.1  24.1  23.8  24.0  24.0  23.8  23.5  23.6  23.7  23.9  23.6  23.8  23.8  23.8  23.5  23.7  23.9  24.0  23.7  23.7  23.8  23.9  23.8  23.8  24.0  24.3  24.0  24.2  24.4 
 23.7  23.8  23.9  23.7  24.1  24.1  24.2  23.9  23.9  23.8  23.9  23.8  23.6  23.9  23.8  23.7  23.6  23.7  23.8  23.6  23.8  23.7  24.1  23.6  23.9  23.8  24.2  24.0  24.2  24.2  24.3  24.3 
 23.9  23.6  23.8  24.1  24.0  23.8  23.8  23.9  23.9  23.8  23.7  23.8  23.8  23.6  23.6  23.7  23.8  23.5  23.6  23.7  23.9  23.5  23.8  24.0  24.0  23.5  23.9  24.1  24.0  23.9  24.2  24.4 
 23.8  23.8  24.1  23.7  23.9  24.1  24.0  23.8  23.9  23.8  23.8  23.5  23.7  23.7  23.8  23.6  23.9  23.6  23.8  23.8  23.8  23.8  24.1  23.7  23.8  23.7  24.3  23.7  23.8  24.1  24.1  23.5 
 24.3  23.7  23.8  23.9  24.0  24.0  24.0  24.0  23.8  23.7  23.7  24.0  23.8  23.6  23.7  23.9  23.7  23.7  23.8  23.8  23.8  23.7  23.8  23.8  24.0  23.8  23.8  24.0  24.2  24.0  23.7  24.2 
 24.1  24.0  24.2  23.9  24.0  24.1  23.9  24.0  23.8  23.8  23.9  23.8  23.7  23.6  23.7  23.8  23.6  23.7  24.0  23.7  23.7  23.9  23.9  23.8  24.0  24.0  24.1  24.0  23.9  24.1  24.2  23.9 
 24.4  24.3  24.0  24.2  23.9  23.8  23.6  23.9  24.0  23.9  23.8  23.8  23.9  23.6  23.6  23.9  23.8  23.8  23.8  23.9  24.0  23.8  23.8  24.1  24.0  24.0  24.0  24.0  24.4  24.0  24.2  24.5 
 24.1  24.2  24.1  23.9  23.8  24.1  24.1  23.9  23.8  23.8  24.0  23.7  23.8  23.7  23.8  23.7  23.7  23.9  23.8  23.7  24.0  23.9  24.0 nan  24.0  23.9  24.0  24.0  24.1  24.1  24.4  24.1 
 24.5  23.8  24.0  24.4  24.0  23.8  23.8  24.1  23.8  23.8  23.7  23.9  23.9  23.8  23.8  23.9  24.0  23.8  23.8  24.0  24.0  23.8  23.9  24.3  24.4  23.9  24.2  24.2  24.6  24.2  24.7  24.8 
 24.1  24.3  24.2  24.2  23.8  24.0  24.3  23.8  23.7  23.8  23.8  23.9  23.8  24.0  23.9  23.8  23.9  23.8  24.1  24.0  24.0  24.1  24.2  24.2  24.3  24.4  24.5  24.3  24.8  25.0  25.1  25.1 
 24.3  24.2  24.0  24.4  24.1  23.9  23.9  24.0  24.0  23.7  23.7  24.2  23.8  23.7  23.7  23.9  23.8  23.7  23.8  24.2  24.4  24.4  29.3  31.0  30.6  29.7  27.3  27.0  26.6  26.3  25.9  26.2 
 24.2  24.1  24.2  24.4  24.0  24.0  24.1  23.9  23.9  23.7  24.0  23.8  23.6  23.9  24.0  23.6  23.8  23.9  24.0  23.9  24.9  28.9  45.0  47.3  44.4  39.2  30.7  28.7  27.2  27.1  26.4  26.4 
 24.4  24.3  24.3  24.2  24.3  23.8  24.1  24.2  24.1  23.8  23.8  24.0  23.9  23.7  23.8  24.0  24.0  23.8  23.9  24.5  32.0  44.3  70.0  73.1  69.8  60.3  36.1  32.5  28.9  28.2  27.0  27.0 
 24.3  24.0  24.4  24.1  24.0  24.2  24.3  24.0  24.0  23.8  24.0  23.9  23.9  23.6  23.9  23.8  23.8  23.9  24.3  24.2  34.2  48.7  74.5  77.1  71.3  61.5  37.1  32.8  29.4  28.4  27.6  26.9 
 24.8  24.3  24.6  24.5  24.2  23.8  23.9  24.3  24.3  23.8  24.0  23.9  23.9  23.7  23.9  24.0  24.2  23.9  24.0  24.4  33.4  42.3  64.6  67.5  58.9  49.9  34.3  32.2  29.5  28.4  27.4  27.9 
 24.4  24.6  24.6  24.6  24.3  24.0  24.5  24.2  23.8  23.9  24.1  24.0  23.8  23.9  24.2  23.9  24.0  24.0  24.5  24.7  31.2  36.2  51.6  53.7  46.7  41.7  32.7  31.2  28.8  28.3  27.9  27.7 
 25.1  24.5  24.3  24.9  24.6  24.0  24.1  24.2  24.1  23.8  23.8  24.3  24.2  23.8  23.8  24.2  23.9  23.9  24.5  25.2  27.2  28.4  32.6  34.0  33.7  32.5  30.4  29.8  28.3  27.7  28.3  29.2 
 24.5  24.9  24.7  24.5  24.3  24.2  24.4  24.2  24.0  24.0  24.3  23.9  23.9  23.9  23.9  23.8  23.9  24.0  24.9  25.0  26.1  26.8  29.9  30.5  31.1  30.8  29.6  28.9  27.6  27.4  28.9  29.7 
 25.7  24.8  24.5  25.1  24.7  23.9  24.1  24.4  24.4  24.1  23.9  24.2  24.1  23.8  24.0  24.1  24.2  24.0  24.8  25.1  25.4  25.7  27.2  28.2  28.6  28.4  28.0  28.4  27.8  27.5  29.3  31.8 
 25.8  25.3  24.7  24.4  24.3  24.5  24.6  24.2  24.3  24.0  24.1  23.9  24.1  23.9  24.3  24.0  23.9  24.3  24.7  24.7  25.3  25.5  26.8  27.2  27.5  28.1  27.9  27.6  27.9  28.3  30.8  31.6 
