 24.1  23.3  23.0  23.6  23.1  22.9  22.9  23.0  22.5  22.5  22.8  23.0  22.5  22.4  22.5  22.7  22.4  22.5  22.7  22.8  22.5  22.5  22.8  23.2  22.6  22.7  23.2  24.0  23.6  23.4  23.6  25.3 
 23.6  23.1  23.7  23.1  22.8  22.7  23.0  22.9  22.7  22.4  23.1  22.6  22.5  22.3  22.9  22.6  22.5  22.4  22.8  22.6  22.6  22.5  22.8  23.0  22.9  22.7  23.7  24.3  23.7  23.3  24.4  24.3 
 23.4  22.7  23.2  23.4  22.9  22.7  22.7  22.9  22.6  22.6  22.6  22.9  22.5  22.6  22.6  22.8  22.6  22.5  22.7  22.7  22.5  22.5  22.6  23.1  22.7  22.7  23.0  23.6  23.3  23.0  23.8  23.7 
 23.3  22.9  23.5  23.2  22.5  22.4  23.0  23.0  22.7  22.7  22.9  22.7  22.2  22.2  22.8  22.5  22.5  22.3  22.9  22.6  22.4  22.6  23.0  22.8  22.8  22.7  23.4  23.1  22.8  22.9  23.5  23.8 
 23.3  22.9  23.1  23.2  22.9  22.7  22.9  23.2  23.3  23.2  23.0  23.0  22.6  22.5  22.6  22.8  22.5  22.5  22.6  22.6  22.5  22.5  22.6  22.9  22.6  22.6  23.0  23.3  23.0  22.8  23.3  23.6 
 23.1  23.1  23.4  22.9  22.7  22.9  23.1  23.1  23.5  24.0  23.2  22.7  22.5  22.5  22.6  22.6  22.6  22.4  22.8  22.5  22.6  22.4  22.9  22.9  23.0  22.6  23.0  22.7  22.9  23.1  23.4  23.4 
 23.1  22.9  22.8  23.4  22.7  22.7  23.3  23.5  25.2  26.8  24.3  23.5  22.6  22.4  22.5  22.7  22.3  22.5  22.5  22.8  22.6  22.4  22.7  23.2  22.7  22.6  22.9  23.2  23.0  22.7  23.1  23.6 
 23.2  22.8  23.1  23.0  22.9  22.7  23.2  23.5  25.5  27.2  24.6  23.3  22.6  22.5  22.8  22.6  22.4  22.7  22.7  22.5  22.5  22.5  22.8  22.8  22.7  22.6  23.4  22.8  23.0  23.2  23.3  22.6 
 23.2  23.1  23.1  23.5  22.8  22.6  22.9  23.4  23.2  23.3  23.0  23.0  22.5  22.6  22.5  22.9  22.6  22.6  22.6  22.8  22.5  22.6  22.8  22.8  22.7  22.7  22.8  23.2  23.0  23.3  23.0  23.6 
 23.7  23.3  23.6  23.4  23.1  22.7  23.0  23.1  23.0  22.9  23.1  22.8  22.6  22.6  22.8  22.7  22.7  22.5  22.8  22.6  22.6  22.5  22.9  22.6  22.7  22.6  23.1  22.9  22.9  22.9  23.6  23.2 
 23.9  23.8  24.0  24.3  23.8  23.6  23.3  23.3  22.8  22.8  22.8  22.8  22.6  22.6  22.7  22.9  22.6  22.6  22.8  23.0  22.6  22.5  22.6  22.8  22.6  22.7  23.2  23.8  23.7  23.3  23.3  23.7 
 24.0  23.6  24.6  24.2  24.6  24.5  24.1  23.7  23.0  23.0  23.0  22.9  22.6  22.5  22.7  22.6  22.8  22.7  22.7  22.7  22.7  22.5  23.0 nan  22.6  22.5  24.5  25.1  24.0  23.3  23.4  23.4 
 24.5  24.3  25.5  26.2  27.1  27.7  32.7  35.2  33.1  29.5  23.2  23.2  22.7  22.5  22.7  22.9  22.7  22.6  22.8  22.9  22.7  22.5  22.8  22.8  22.6  22.7  23.9  24.8  23.6  22.9  23.6  23.8 
 24.6  24.9  26.1  26.3  28.5  30.1  41.9  48.8  53.6  47.6  25.0  23.3  22.6  22.8  22.9  22.6  22.6  22.5  22.8  22.9  22.7  22.5  22.9  22.8  22.6  22.6  23.3  23.3  23.7  22.9  23.5  23.3 
 25.4  25.6  26.4  27.4  30.5  33.7  54.7  63.0  74.5  71.3  34.7  25.7  22.8  22.6  22.6  22.9  22.8  22.6  22.8  23.0  22.7  22.6  22.8  22.9  22.6  22.7  22.9  23.4  23.1  23.2  23.3  23.9 
 25.3  25.3  27.0  27.5  30.8  34.2  53.6  62.5  78.3  79.5  37.4  26.0  22.8  22.8  22.8  22.6  22.6  22.5  22.8  22.8  22.6  22.6  23.1  22.8  22.6  22.4  23.2  23.2  23.0  23.0  23.6  23.4 
 25.4  25.6  26.5  27.0  29.5  31.6  44.2  53.2  73.2  70.0  30.0  24.5  22.9  22.8  22.7  22.8  22.7  22.7  22.7  23.0  22.8  22.5  22.8  23.0  22.8  22.8  22.9  23.5  22.9  22.9  23.3  23.7 
 25.5  25.3  26.5  26.8  28.5  29.7  37.0  41.9  54.1  49.7  25.9  23.7  22.9  22.9  22.9  22.8  22.7  22.6  22.8  22.7  22.7  22.6  23.1  23.0  22.7  22.6  23.5  23.0  23.0  23.0  23.5  23.6 
 25.4  25.5  26.2  26.8  26.8  27.1  28.6  29.7  29.9  28.2  23.9  23.4  22.8  22.8  22.8  23.1  22.9  22.9  22.7  23.0  22.8  22.6  22.9  23.1  23.1  22.8  23.0  23.5  23.3  23.2  23.0  24.2 
 25.4  25.5  26.3  26.3  26.3  26.1  27.5  27.5  27.0  26.2  23.6  23.2  23.0  22.9  22.9  22.7  22.8  22.7  23.1  22.9  22.6  22.6  23.1  22.9  23.1  22.9  23.2  23.2  23.2  23.5  24.5  24.1 
 25.4  25.3  25.9  26.0  25.6  25.6  25.6  25.8  25.2  24.6  23.5  23.6  23.1  22.8  22.8  23.2  22.9  22.8  23.2  23.0  22.7  22.8  22.9  23.3  23.1  22.8  23.2  23.7  23.8  24.0  24.7  25.6 
 25.4  25.1  25.9  25.5  25.4  25.1  25.7  25.5  24.7  24.4  23.7  23.4  22.9  22.9  23.0  23.1  22.7  22.8  23.3  23.2  22.9  22.9  23.2  23.2  22.9  23.1  23.6  23.5  24.4  24.8  25.9  26.0 
 26.0  25.7  25.2  25.7  25.2  24.8  24.8  25.0  24.2  23.8  23.4  23.8  23.1  23.2  23.1  23.5  23.2  22.8  23.0  23.4  22.8  22.8  23.2  23.4  23.2  23.5  25.4  26.0  26.0  25.8  26.6  27.9 
 26.6  26.1  25.5  25.2  24.9  24.6  24.9  24.7  23.9  23.8  23.8  23.6  23.2  22.9  23.2  23.1  23.0  22.9  23.5  23.2  23.4  22.9  23.8  23.8  24.3  24.5  26.3  26.7  26.2  26.1  27.4  27.4 
