 24.0  23.6  23.4  24.0  23.7  23.9  24.1  24.3  23.9  23.7  23.9  23.9  23.5  23.5  23.8  23.9  23.7  23.7  23.9  24.0  23.8  23.7  24.1  24.5  24.0  24.0  24.0  24.5  24.3  24.3  24.9  26.2 
 23.8  23.4  23.8  23.8  23.9  23.8  24.4  24.0  23.7  23.5  23.9  24.0  23.8  23.6  24.0  23.9  23.7  23.4  24.1  23.9  23.9  23.6  24.3  24.3  24.0  23.8  24.3  24.2  24.1  24.6  25.2  25.3 
 23.6  23.8  23.7  24.1  24.0  23.8  23.9  24.0  23.7  23.7  23.5  23.9  23.6  23.7  23.7  24.1  23.7  23.7  23.9  23.9  23.8  23.8  23.7  24.0  24.0  24.0  24.0  24.2  24.3  24.1  24.3  24.6 
 23.5  23.3  24.0  23.9  23.9  23.5  24.2  24.1  23.8  23.5  23.9  23.8  23.8  23.4  23.9  24.0  23.8  23.5  23.9  23.6  23.8  23.6  24.1  24.1  24.1  23.9  24.3  24.2  24.1  23.9  24.6  24.8 
 23.7  24.0  23.7  24.1  24.0  23.8  23.8  23.9  23.7  23.7  23.7  24.0  23.5  23.6  23.8  23.9  23.8  23.7  23.8  24.0  23.7  23.7  23.8  24.0  23.8  23.8  23.9  24.2  24.0  24.2  24.2  24.7 
 23.9  23.3  23.9  24.0  24.0  23.8  24.1  24.0  23.9  23.6  23.9  23.8  23.7  23.7  23.8  23.9  23.7  23.5  24.0  23.8  23.9  23.5  23.9  23.9  24.0  23.7  24.1  24.1  24.3  23.8  24.6  24.3 
 23.7  23.6  23.6  24.2  23.8  24.0  23.7  24.1  23.6  23.7  23.8  24.0  23.7  23.8  23.8  23.8  23.7  23.7  23.8  24.0  23.7  23.7  23.7  24.0  23.7  23.7  24.0  24.2  23.8  23.8  23.8  24.2 
 24.1  23.6  23.8  24.1  24.0  23.8  24.2  23.8  23.8  23.6  23.9  23.8  23.8  23.7  23.9  23.8  23.9  23.6  23.6  23.7  23.9  23.7  23.9  23.9  23.9  23.7  24.3  23.9  24.1  23.7  24.2  23.7 
 24.2  23.9  24.2  24.1  23.9  23.9  24.1  24.1  23.7  23.7  23.9  23.9  23.8  23.7  23.7  23.8  23.7  23.6  23.9  24.0  23.7  23.8  23.8  24.1  23.8  23.9  23.8  24.4  23.9  23.8  24.1  24.5 
 24.2  23.8  24.2  24.1  24.3  24.0  24.2  24.0  23.8  23.6  23.9  24.0  23.8  23.5  24.0  23.7  23.8  23.6  23.9  23.9  23.9  23.7  24.0  24.0  24.0  23.7  24.1  24.3  23.9  23.9  24.4  24.3 
 24.2  24.1  24.0  24.5  23.6  23.8  23.8  24.2  23.7  23.9  23.7  24.1  23.7  23.7  23.7  24.0  23.7  23.7  23.9  24.1  23.8  23.9  23.9  24.1  23.8  23.8  24.1  24.3  24.0  24.1  24.4  24.5 
 24.2  23.8  24.1  24.2  23.9  23.7  24.0  24.0  23.8  23.7  23.9  23.9  23.8  23.7  23.9  23.9  23.8  23.5  24.0  23.9  23.9  23.8  24.1 nan  24.0  23.7  24.1  24.3  24.0  23.7  24.3  24.6 
 24.2  23.9  24.2  24.4  24.0  23.9  23.9  24.3  23.7  23.7  23.9  24.0  23.7  23.8  23.7  23.9  23.7  23.7  23.8  24.1  24.0  23.7  24.0  24.4  24.0  24.2  24.3  24.6  24.5  24.2  25.0  25.1 
 24.2  24.0  24.4  24.3  24.2  24.0  24.4  23.7  23.8  23.7  24.0  23.8  23.9  23.6  23.9  24.0  23.9  23.7  23.8  24.0  24.2  23.9  24.3  24.2  24.3  24.1  24.8  24.8  24.9  24.3  25.2  25.2 
 24.0  24.2  24.0  24.5  24.1  24.0  24.0  24.0  24.0  23.7  23.8  24.2  23.8  23.6  23.8  23.8  23.8  23.7  24.2  24.1  24.1  24.7  29.5  31.0  30.6  29.8  27.4  27.1  26.2  26.1  26.2  26.3 
 24.4  23.8  24.4  24.2  24.0  23.7  24.1  24.0  23.9  23.7  24.0  23.9  24.0  23.7  23.9  24.0  23.9  23.7  24.0  24.0  25.1  28.6  45.2  47.4  44.3  39.1  30.6  29.1  27.5  27.0  26.7  26.2 
 24.4  24.3  24.3  24.3  23.9  23.9  24.2  24.2  24.0  23.9  23.9  24.1  23.9  23.8  23.7  23.9  23.6  23.8  24.2  24.3  31.9  44.3  70.1  73.3  69.7  60.4  36.0  32.8  28.8  28.0  27.2  27.1 
 24.5  23.9  24.4  24.3  24.3  23.8  24.3  24.4  23.8  23.8  24.0  24.1  23.9  23.7  23.9  24.1  24.0  23.7  24.3  24.3  34.3  48.5  74.6  77.1  71.4  61.5  36.9  33.3  29.5  28.3  27.7  27.4 
 24.4  24.4  24.4  24.4  24.2  24.3  24.2  24.5  24.0  23.7  23.9  24.2  23.6  23.7  24.1  24.2  24.1  24.0  24.0  24.7  33.3  42.3  64.7  67.7  58.8  49.9  34.6  32.3  29.2  28.5  27.4  28.0 
 24.6  24.2  24.5  24.6  24.4  24.0  24.5  24.3  24.0  23.6  24.1  24.0  23.8  23.7  24.1  24.0  24.0  23.8  24.4  25.0  31.3  36.2  51.6  53.7  46.7  41.7  32.9  31.2  28.7  28.3  28.4  28.3 
 24.8  24.7  24.8  24.7  24.1  24.1  24.1  24.6  24.1  24.1  23.8  24.2  23.8  23.8  24.1  24.4  24.0  24.0  24.5  25.5  27.0  28.6  32.8  34.1  33.3  32.5  30.9  29.9  28.1  27.7  28.1  29.7 
 24.9  24.3  25.0  24.7  24.4  24.1  24.4  24.3  24.0  23.9  24.1  24.1  24.0  23.5  24.2  24.2  23.9  23.8  25.0  25.3  26.0  26.7  30.0  30.6  31.1  30.8  29.7  29.2  27.8  27.4  29.1  30.3 
 25.2  25.0  24.5  24.9  24.3  24.4  24.2  24.4  24.3  24.1  24.1  24.4  23.9  24.0  24.1  24.3  24.3  24.1  24.9  25.2  25.5  25.6  27.5  28.3  28.6  28.5  28.8  28.6  27.5  27.7  29.7  32.2 
 25.8  25.1  25.1  24.7  24.5  24.5  24.3  24.5  24.4  24.1  24.1  24.3  24.3  23.9  24.5  24.1  24.2  24.1  25.1  24.9  25.3  25.4  27.2  27.4  27.8  27.8  28.2  27.8  28.1  28.3  32.0  31.6 
