 24.2  23.4  23.6  23.6  24.1  23.7  24.1  24.2  23.8  23.6  23.8  24.0  24.0  23.5  23.8  23.9  23.8  23.7  24.1  23.9  24.1  23.7  23.8  24.1  23.9  23.8  24.0  24.5  24.7  24.1  24.7  25.9 
 23.7  23.4  23.6  23.8  23.9  24.0  24.0  24.2  23.7  23.9  23.9  23.9  23.6  23.8  23.9  23.7  23.8  23.7  23.8  23.8  23.7  23.7  24.1  24.0  23.8  24.4  24.3  24.6  24.5  24.4  24.8  25.6 
 23.8  23.6  23.9  24.1  24.3  23.8  23.8  23.9  23.8  23.6  23.8  23.9  23.8  23.7  24.0  23.9  23.8  23.7  23.7  24.0  24.0  23.9  24.0  23.9  24.1  24.0  24.1  24.1  24.3  24.3  24.5  24.6 
 23.3  23.6  23.7  24.3  24.1  23.9  24.2  24.2  23.6  23.6  23.9  23.8  23.9  23.6  23.7  23.8  23.7  23.7  23.8  23.8  24.0  23.8  24.1  24.1  23.9  23.9  24.2  24.3  24.1  24.2  24.2  24.9 
 24.2  23.9  24.0  24.0  24.0  24.0  23.9  23.8  23.9  23.5  23.6  23.8  23.8  23.6  23.8  23.6  23.8  23.6  23.7  23.8  23.9  23.6  23.8  23.8  23.8  23.7  24.1  24.1  24.3  24.0  24.4  24.6 
 23.5  24.0  23.8  24.0  24.0  24.2  24.2  23.9  23.8  23.6  23.8  23.7  23.8  23.8  23.7  23.8  23.8  23.7  23.7  23.8  24.0  23.8  23.6  23.9  23.9  23.8  24.0  23.9  24.0  24.1  24.3  24.1 
 24.1  23.7  23.8  24.0  24.1  24.0  23.8  23.9  23.9  23.6  23.8  23.9  23.7  23.7  23.7  23.8  23.6  23.7  23.8  23.9  23.8  23.6  24.0  23.9  23.9  23.7  24.0  24.3  24.1  24.0  24.4  24.5 
 24.0  23.8  24.0  24.0  24.3  24.1  23.9  23.7  23.8  23.7  23.9  23.8  23.9  23.8  23.7  23.8  23.8  23.7  23.8  23.7  23.7  23.9  23.8  23.7  23.8  23.7  24.2  23.8  24.1  24.0  23.9  23.7 
 24.5  24.0  24.2  24.1  24.0  24.1  24.1  24.1  23.9  23.7  23.7  23.9  23.9  23.7  23.8  23.9  23.8  23.6  23.9  23.9  23.9  23.7  23.7  23.8  24.0  23.9  24.0  23.9  24.1  24.0  23.9  24.2 
 24.2  24.1  24.2  24.0  24.2  24.1  24.1  23.8  23.8  23.7  23.8  24.0  23.8  23.8  23.7  23.7  23.7  23.7  23.9  23.9  23.9  23.9  24.1  23.9  23.9  24.0  24.3  24.2  23.9  23.9  24.7  24.0 
 24.2  24.2  24.3  24.2  24.0  23.9  24.1  24.0  23.8  23.8  23.9  23.8  23.7  23.9  23.8  23.9  23.9  23.7  24.0  23.9  24.1  24.0  24.0  23.9  24.1  23.7  24.0  24.2  24.3  24.0  24.2  24.5 
 24.1  24.3  23.7  24.1  23.9  24.0  24.1  23.9  23.8  23.7  23.7  23.8  23.9  23.7  23.7  23.7  23.7  23.8  23.9  24.0  23.9  24.0  23.9 nan  24.0  23.9  24.1  24.3  24.2  24.0  24.5  24.5 
 24.4  24.1  24.2  24.4  24.1  23.9  23.9  24.0  23.9  23.8  23.8  23.9  23.8  23.7  24.0  23.9  23.9  23.7  23.9  23.9  24.1  23.9  24.1  24.2  24.3  24.0  24.2  24.5  24.5  24.2  25.0  24.9 
 24.1  24.1  24.3  24.2  24.1  24.0  24.2  24.0  23.8  23.7  24.0  24.0  24.0  23.9  23.9  23.9  23.7  23.9  24.0  23.9  24.0  24.0  24.3  24.3  24.5  24.3  24.6  24.6  25.2  25.1  25.1  25.3 
 24.2  24.5  24.2  24.3  24.1  24.1  23.9  23.9  24.1  23.8  23.9  23.9  23.9  23.6  23.8  24.0  23.8  23.8  24.1  24.2  24.4  24.8  29.5  30.8  30.7  29.8  27.2  27.2  26.6  26.0  25.9  25.9 
 24.5  24.3  24.3  24.3  24.0  24.1  24.1  24.0  24.0  23.9  23.9  24.0  24.0  23.9  23.9  23.9  24.0  23.9  24.0  24.0  25.2  28.8  44.8  47.4  44.2  39.2  30.7  29.0  27.4  27.0  26.7  26.2 
 24.5  24.1  24.3  24.4  24.1  24.0  24.1  24.2  24.0  23.7  23.9  23.9  23.8  23.8  23.9  23.9  23.9  23.8  24.2  24.3  31.9  44.3  70.0  73.2  69.7  60.5  36.1  32.7  28.8  28.3  27.2  26.8 
 24.5  24.4  24.4  24.2  24.0  24.1  24.2  24.2  23.9  24.1  24.0  23.8  24.0  23.9  24.0  24.0  24.0  23.8  24.2  24.5  34.3  48.7  74.5  77.1  71.5  61.5  36.8  33.0  29.4  28.4  27.4  27.3 
 24.8  24.3  24.9  24.5  24.3  24.1  24.1  24.3  24.2  23.8  24.1  24.0  24.0  24.0  24.0  24.0  24.1  24.2  24.0  24.5  33.4  42.3  64.5  67.5  58.8  49.9  34.6  32.2  29.3  28.2  27.6  28.0 
 24.8  24.8  24.6  24.9  24.4  24.1  24.4  24.2  24.0  24.1  24.1  24.0  23.9  24.0  24.2  23.9  24.0  24.0  24.5  24.8  31.2  36.3  51.6  53.7  46.9  41.8  32.8  31.3  28.6  28.3  28.1  28.0 
 25.0  24.5  24.5  24.9  24.6  24.3  24.1  24.3  24.2  24.1  24.2  24.0  23.9  24.0  24.0  24.1  23.9  23.9  24.4  25.4  27.1  28.6  32.8  33.9  33.6  32.4  30.7  29.8  28.0  28.1  28.3  29.2 
 25.1  24.7  24.7  24.5  24.4  24.1  24.4  24.5  23.9  24.2  24.0  24.1  24.0  23.9  24.1  24.1  24.1  23.9  24.9  25.5  26.1  27.0  29.8  30.6  31.1  31.0  29.7  29.3  27.8  27.6  29.1  29.7 
 26.3  25.2  24.7  25.1  24.6  24.5  24.5  24.2  24.2  24.0  24.2  24.3  24.0  24.0  24.0  24.5  24.1  24.3  24.9  25.1  25.3  25.6  27.5  28.0  28.8  28.7  28.4  28.2  27.7  27.9  30.1  31.8 
 25.8  25.4  24.7  24.9  24.5  24.3  24.5  24.2  24.1  24.0  24.1  24.3  24.1  24.0  24.1  24.1  24.0  24.2  25.2  24.9  25.3  25.4  26.9  27.4  27.7  27.8  28.1  28.0  27.9  28.6  31.2  33.0 
