 24.0  23.4  23.5  23.8  23.9  23.9  24.1  24.2  24.0  23.5  23.9  24.0  23.8  23.4  23.9  23.7  23.7  23.7  23.8  24.1  23.7  24.0  23.9  24.2  23.8  23.8  24.5  24.5  24.3  24.3  24.9  26.2 
 23.5  23.4  23.9  24.1  23.7  24.0  24.0  24.1  23.8  23.6  23.9  24.1  23.5  23.6  24.0  23.8  23.6  23.5  24.1  23.9  23.7  23.7  24.1  24.2  24.0  23.8  24.4  24.2  24.1  24.2  25.0  25.6 
 23.6  23.2  24.1  23.8  23.9  23.8  24.2  24.0  23.6  23.5  23.8  23.9  23.7  23.6  23.9  24.0  23.6  23.6  23.9  24.0  23.7  23.7  24.1  24.2  23.9  23.8  24.3  24.5  24.2  24.1  24.3  24.6 
 23.3  23.3  24.0  24.1  23.9  24.0  24.2  24.1  23.6  23.4  24.0  23.9  23.6  23.6  24.0  23.9  23.8  23.7  23.9  23.9  23.7  23.6  23.9  24.2  23.9  23.8  24.2  24.3  23.9  24.2  24.6  24.7 
 23.9  23.7  23.9  24.1  24.1  24.0  24.0  23.9  23.8  23.8  23.9  23.9  23.8  23.6  23.7  23.8  23.6  23.4  23.9  23.7  23.7  23.7  23.8  24.1  23.8  23.6  24.1  24.2  24.0  23.9  24.4  24.7 
 23.7  23.7  24.1  24.0  24.0  23.9  24.1  23.9  23.8  23.8  24.1  23.9  23.5  23.6  23.8  23.8  23.7  23.6  23.8  23.8  23.7  23.5  23.9  24.0  23.7  23.7  24.0  24.0  24.0  24.1  24.3  24.5 
 23.7  23.7  23.9  23.8  23.9  24.0  23.9  24.0  23.8  23.4  23.9  23.9  23.9  23.6  23.8  23.9  23.5  23.5  23.8  23.8  23.7  23.6  23.8  24.1  23.7  23.7  24.0  24.1  24.1  23.8  24.2  24.2 
 24.0  23.8  23.8  24.1  23.9  23.8  24.1  24.0  23.8  23.6  23.9  23.9  23.7  23.5  23.8  23.8  23.8  23.6  23.7  23.9  23.5  23.8  23.9  23.8  23.6  23.8  23.9  24.2  23.7  23.9  24.1  23.7 
 24.2  23.7  24.3  24.1  24.0  23.8  24.2  24.0  23.9  23.7  24.0  23.9  23.7  23.5  23.9  23.9  23.7  23.7  23.9  23.9  23.8  23.5  23.9  24.0  23.8  23.8  24.0  24.2  24.2  23.8  24.1  24.3 
 24.2  24.0  24.2  24.3  24.0  23.9  24.1  24.1  23.7  23.7  23.9  24.0  23.7  23.6  23.8  23.8  23.7  23.7  23.9  23.9  23.8  23.7  23.9  23.9  23.9  23.9  24.2  24.4  23.9  23.9  24.4  24.4 
 24.2  24.0  24.2  24.1  23.9  23.9  24.0  24.1  23.8  23.8  23.8  24.0  23.8  23.5  23.8  23.9  23.8  23.7  23.9  24.0  23.8  23.9  24.1  24.0  23.9  23.7  24.0  24.2  24.1  24.0  24.4  24.5 
 23.9  24.1  24.3  24.2  23.8  23.7  23.9  23.9  23.6  23.7  23.9  23.8  23.8  23.7  23.8  23.9  23.7  23.6  23.9  24.0  23.8  23.8  24.0 nan  24.1  23.7  24.0  24.2  24.2  23.9  24.5  24.6 
 24.5  23.9  24.4  24.2  23.8  24.0  23.9  24.1  23.8  23.8  24.1  24.1  23.8  23.8  23.8  24.0  23.8  23.7  23.9  24.1  23.9  23.7  24.2  24.2  24.0  24.1  24.4  24.5  24.3  24.3  24.9  24.9 
 24.1  23.8  24.3  24.4  24.1  23.9  24.1  24.1  23.7  23.7  23.9  24.1  23.9  23.9  24.0  23.9  23.7  23.8  24.0  24.1  24.0  24.0  24.2  24.4  24.3  24.2  24.7  24.8  24.8  24.9  25.2  24.9 
 24.2  24.2  24.0  24.5  24.2  23.9  23.9  24.1  23.8  23.6  23.8  24.1  24.0  23.8  23.9  23.9  23.9  23.6  24.0  24.1  24.2  24.5  29.7  30.9  30.7  29.5  27.2  27.1  26.2  26.0  26.1  26.2 
 24.3  24.2  24.3  24.3  24.0  23.9  24.0  24.0  23.8  23.8  23.9  24.0  23.7  23.8  23.8  23.9  23.6  23.7  24.0  24.2  24.9  28.5  45.0  47.3  44.1  39.2  30.7  28.9  27.1  27.0  26.6  26.5 
 24.5  24.1  24.6  24.2  24.2  23.8  24.1  24.3  23.9  23.5  24.0  23.9  24.1  23.7  23.9  24.0  23.8  23.6  24.2  24.4  32.0  44.3  70.1  73.1  69.7  60.3  36.0  32.8  29.0  28.2  27.4  27.1 
 24.2  24.4  24.4  24.6  24.0  23.8  24.2  24.2  24.0  23.9  24.0  23.9  23.9  23.7  23.7  23.9  23.8  23.8  24.2  24.3  34.4  48.5  74.5  77.1  71.3  61.3  36.8  33.0  29.3  28.3  27.6  27.3 
 24.6  24.3  24.6  24.5  24.3  24.1  24.3  24.2  24.1  23.7  24.1  24.3  23.8  23.8  24.1  24.0  24.0  24.0  24.4  24.6  33.3  42.2  64.7  67.6  58.8  49.9  34.7  32.3  29.2  28.2  28.1  28.0 
 24.3  24.4  24.5  24.6  24.1  23.9  24.3  24.3  23.8  23.9  23.9  24.0  23.9  23.9  24.1  24.0  23.8  23.8  24.5  24.7  31.3  36.1  51.5  53.7  46.7  41.8  32.9  31.3  28.5  28.3  27.5  28.2 
 25.0  24.1  25.0  24.9  24.3  24.0  24.4  24.2  24.2  23.8  24.1  24.2  23.9  23.9  24.0  24.2  23.9  23.9  24.4  25.2  27.0  28.4  33.1  34.0  33.5  32.3  31.0  29.9  28.0  27.6  28.6  29.2 
 24.9  24.7  25.0  25.0  24.3  23.9  24.5  24.3  23.9  23.8  24.3  24.2  23.9  23.7  24.1  24.1  24.0  23.8  24.8  25.4  26.1  26.6  29.9  30.6  31.1  31.0  29.7  29.2  27.6  27.8  29.1  30.3 
 25.2  25.0  24.7  25.1  24.6  24.2  24.5  24.1  24.2  24.0  24.3  24.4  23.9  23.8  24.1  24.2  24.1  23.9  24.9  25.2  25.3  25.5  27.5  28.0  28.6  28.5  28.5  28.4  27.7  27.5  30.8  32.7 
 25.5  25.3  24.9  25.1  24.5  24.2  24.6  24.3  24.1  24.1  24.5  24.5  24.0  23.9  24.1  24.2  24.1  23.9  25.1  25.2  25.0  25.4  27.2  27.6  27.7  27.8  27.9  27.8  27.7  28.1  31.2  32.1 
