 23.2  22.5  22.9  22.5  22.5  22.2  22.3  22.2  22.3  22.0  22.1  22.2  22.1  21.8  22.4  22.2  22.2  22.0  22.3  22.3  22.1  22.2  22.6  22.6  22.6  22.2  22.8  22.8  22.6  22.5  23.6  25.1 
 22.7  22.6  22.5  22.5  22.2  22.3  22.1  22.4  22.0  22.1  22.2  22.3  22.2  22.1  22.2  22.2  22.0  22.1  22.2  22.3  22.1  22.2  22.4  22.6  22.2  22.5  22.6  22.9  22.7  22.6  23.6  24.0 
 22.7  22.7  22.9  22.5  22.6  21.7  22.3  22.1  22.1  22.0  22.2  22.2  22.2  21.8  22.2  22.2  22.0  21.9  22.2  22.2  22.2  22.2  22.4  22.3  22.6  22.2  22.9  22.7  22.8  22.6  22.7  23.3 
 22.4  22.5  22.5  22.9  22.0  21.7  22.1  22.4  22.0  22.0  22.4  22.3  22.0  22.0  22.1  22.3  22.1  22.0  22.1  22.1  22.1  22.1  22.2  22.4  22.2  22.3  22.3  22.7  22.6  22.7  23.2  23.5 
 22.4  22.4  22.6  22.4  22.1  22.2  22.3  22.2  22.3  22.1  22.1  22.2  22.1  21.9  22.2  21.9  22.0  22.0  22.1  22.0  22.2  21.9  22.2  22.2  22.4  22.1  22.7  22.5  22.7  22.5  22.8  23.1 
 22.1  22.5  22.2  22.5  22.1  22.2  22.2  22.4  22.2  22.2  22.1  22.2  22.0  22.1  22.1  22.2  22.1  22.1  22.0  22.2  22.0  22.1  22.2  22.3  22.2  22.1  22.4  22.5  22.3  22.8  22.8  23.1 
 22.5  22.2  22.5  22.1  22.1  21.9  22.3  22.2  22.1  22.1  22.3  22.2  22.1  21.9  22.1  22.1  22.2  22.0  22.1  22.2  22.2  21.8  22.2  22.3  22.4  22.1  22.5  22.4  22.6  22.4  22.9  22.9 
 22.5  22.4  22.1  22.2  22.2  21.9  22.3  22.2  22.0  22.3  22.3  22.2  22.0  21.9  22.1  22.2  22.0  22.0  21.9  22.0  22.0  22.1  22.2  22.2  22.1  22.1  22.0  22.4  22.2  22.5  22.6  22.0 
 22.6  22.2  22.4  22.1  22.1  21.8  22.4  22.1  22.2  22.1  22.1  22.0  22.2  22.0  22.0  22.1  22.2  21.9  22.0  22.0  22.1  22.0  22.0  22.2  22.3  22.3  22.4  22.4  22.4  22.3  22.7  22.3 
 22.5  22.2  22.2  22.2  22.0  22.1  22.3  22.2  22.0  22.1  22.1  22.2  21.9  22.0  22.0  22.1  21.8  22.1  22.0  22.3  22.2  22.1  22.0  22.3  22.2  22.2  22.6  22.6  22.4  22.4  22.9  22.9 
 22.4  22.1  22.0  22.3  21.9  22.0  22.2  22.2  22.2  22.0  22.1  22.1  21.9  21.9  22.2  22.1  22.1  21.8  22.2  22.0  22.0  21.9  22.3  22.3  22.1  22.2  22.5  22.4  22.9  22.6  22.9  22.7 
 21.9  22.2  21.7  22.0  21.9  22.1  22.0  22.2  22.1  22.1  22.0  22.2  22.0  21.9  22.0  22.2  22.0  22.1  22.0  22.3  22.1  22.2  22.3 nan  22.1  22.1  22.2  22.6  22.7  22.7  22.7  22.9 
 22.5  21.9  22.1  22.2  22.2  22.1  22.4  22.1  22.1  22.0  22.1  22.0  22.1  22.0  22.2  22.0  22.0  21.9  22.2  22.2  22.2  22.0  22.3  22.3  22.4  22.2  22.5  22.5  22.7  22.5  23.0  23.1 
 22.2  22.3  22.4  22.4  22.3  22.3  22.3  22.5  22.2  22.0  22.3  22.1  22.2  22.2  22.2  22.3  21.9  22.1  22.0  22.2  22.1  22.0  22.3  22.4  22.4  22.1  22.4  22.6  22.7  22.6  22.5  23.1 
 22.5  22.2  22.5  22.5  22.4  22.1  22.4  22.2  22.3  22.0  22.4  22.3  22.3  22.1  22.3  22.1  22.2  22.0  22.2  22.2  22.2  22.0  22.4  22.4  22.4  22.2  22.6  22.5  23.0  22.5  22.8  22.9 
 22.3  22.6  22.6  22.6  22.4  22.1  22.3  22.4  22.3  22.2  22.2  22.4  22.1  22.1  22.1  22.3  22.1  22.3  22.2  22.3  22.3  22.4  22.4  22.6  22.2  22.4  22.8  22.6  22.8  22.7  23.1  23.2 
 22.7  22.4  22.7  22.3  22.4  22.2  22.4  22.5  22.5  22.1  22.4  22.3  22.4  22.1  22.2  22.2  22.3  22.1  22.3  22.3  22.5  22.1  22.3  22.4  22.5  22.6  22.9  22.8  22.8  22.6  23.3  23.3 
 22.7  22.5  22.7  22.5  22.3  22.4  22.3  22.5  22.2  22.4  22.0  22.4  22.2  22.2  22.2  22.4  22.1  22.1  22.3  22.6  22.2  22.4  22.3  22.7  22.5  22.4  22.6  22.9  22.8  22.6  22.9  23.4 
 23.0  22.5  22.8  22.7  22.6  22.4  22.5  22.4  22.4  22.1  22.5  22.2  22.3  22.1  22.3  22.4  22.5  22.2  22.3  22.4  22.4  22.1  22.5  22.5  22.6  22.5  22.6  22.9  23.1  22.6  23.1  23.5 
 22.9  22.8  22.6  23.0  22.5  22.5  22.4  22.7  22.2  22.3  22.4  22.6  22.2  22.3  22.4  22.5  22.3  22.3  22.4  22.4  22.5  22.4  22.4  22.5  22.5  22.6  22.8  22.8  22.6  23.1  23.4  23.6 
 23.0  22.5  23.1  22.8  22.8  22.4  22.6  22.4  22.6  22.3  22.6  22.6  22.4  22.3  22.5  22.3  22.3  22.3  22.5  22.5  22.6  22.3  22.7  22.7  22.7  22.5  23.0  22.9  22.9  22.8  23.4  23.7 
 22.5  23.1  22.7  23.0  22.5  22.5  22.7  22.9  22.3  22.6  22.5  22.7  22.3  22.3  22.3  22.4  22.3  22.5  22.6  22.7  22.2  22.5  22.5  22.9  22.3  22.6  22.6  23.1  22.8  23.0  23.6  24.6 
 24.1  23.1  23.3  22.9  23.1  22.7  22.9  22.8  22.4  22.3  22.8  22.6  22.7  22.3  22.5  22.5  22.6  22.3  22.8  22.5  22.9  22.2  23.0  22.8  22.7  22.3  23.1  23.0  23.5  23.0  25.2  25.0 
 24.0  24.0  22.9  23.4  22.9  22.6  23.0  22.7  22.3  22.5  22.4  22.8  22.5  22.4  22.5  22.6  22.4  22.4  22.5  22.7  22.7  22.6  22.7  22.9  22.8  23.0  22.7  23.5  23.1  23.8  25.0  26.3 
