 24.7  23.8  23.7  23.8  24.0  23.6  24.1  24.2  24.2  23.7  24.2  24.0  23.8  23.5  23.8  23.9  23.7  23.7  24.2  24.1  24.0  23.8  24.2  24.3  24.1  24.0  24.6  24.8  24.5  24.3  25.4  26.2 
 23.9  23.6  23.9  24.1  24.0  24.1  24.2  24.4  23.8  23.6  24.1  24.1  23.6  23.8  24.1  24.1  23.7  23.7  24.0  24.2  23.8  23.7  24.1  24.6  24.1  24.1  24.3  24.4  24.1  24.2  25.2  26.1 
 23.6  23.6  24.4  24.0  24.3  23.9  23.9  24.0  23.8  23.6  23.9  24.0  23.7  23.6  24.1  24.1  23.9  23.9  24.0  24.1  23.8  23.9  24.1  24.2  24.2  24.0  24.3  24.5  24.2  24.4  24.8  24.8 
 23.5  23.6  24.0  24.1  23.9  23.9  24.2  24.3  23.9  23.7  24.0  23.8  23.6  23.8  23.9  23.9  23.9  23.6  23.8  24.0  23.6  23.8  24.1  24.2  23.9  23.9  24.5  24.5  23.9  24.2  24.6  24.7 
 23.9  23.9  24.2  24.1  24.4  24.0  24.2  23.9  23.9  23.6  23.7  23.9  23.8  23.7  23.9  23.9  23.6  23.6  23.9  23.9  23.7  24.0  24.0  24.1  23.9  23.8  24.2  24.2  24.1  24.2  24.7  24.7 
 24.1  23.7  24.2  24.2  24.0  24.1  24.1  24.2  23.9  23.7  23.9  23.8  23.6  23.6  23.8  24.2  23.8  23.6  24.0  23.8  23.9  23.7  24.1  23.9  23.9  23.8  24.3  24.3  24.0  24.2  24.7  24.5 
 23.9  24.0  24.1  24.2  24.2  24.0  24.2  24.1  24.0  23.7  24.1  24.0  23.9  23.8  23.8  24.0  23.6  23.8  23.8  23.9  23.8  23.9  24.0  23.9  23.8  23.7  24.2  24.3  24.0  24.0  24.7  24.7 
 24.0  24.2  24.1  24.4  24.0  24.1  24.1  24.3  23.8  23.7  24.0  23.9  23.8  23.8  24.0  23.9  23.9  23.7  24.0  24.1  23.8  23.7  24.0  24.0  23.7  23.7  24.2  24.2  24.1  23.9  24.1  23.7 
 24.5  24.1  24.2  24.1  24.0  24.0  24.2  24.0  24.0  23.8  24.1  23.9  23.9  23.7  23.9  23.9  23.8  23.7  23.9  24.1  23.9  23.7  24.0  24.0  24.0  23.9  24.2  24.3  24.2  24.1  24.5  24.2 
 24.4  24.1  24.5  24.4  24.1  24.1  24.0  24.3  23.7  23.8  24.0  24.2  23.8  23.8  23.9  23.9  23.7  23.8  23.9  24.2  23.8  23.8  24.1  24.1  23.9  24.0  24.3  24.4  24.1  23.9  24.5  24.6 
 24.5  24.3  24.4  24.4  24.0  23.7  24.1  24.2  24.0  23.8  24.0  24.0  23.9  23.7  23.9  23.9  23.7  23.7  24.0  23.9  24.0  23.8  24.2  24.1  24.2  23.8  24.2  24.1  24.1  24.1  24.7  24.5 
 23.9  24.1  24.4  24.3  24.0  24.1  24.2  24.0  23.9  23.7  24.0  24.0  23.8  23.7  23.8  24.0  23.9  23.9  24.1  23.9  23.8  24.0  24.1 nan  24.1  24.0  24.1  24.4  24.4  24.0  24.8  24.6 
 24.7  24.2  24.5  24.3  24.1  24.1  24.2  24.2  24.0  23.7  24.2  24.0  23.8  23.7  24.0  24.1  24.0  23.7  24.1  24.1  24.0  23.7  24.3  24.3  24.2  24.2  24.4  24.6  24.5  24.4  25.2  24.9 
 24.2  24.3  24.4  24.5  23.9  24.1  24.2  24.2  23.8  23.8  23.9  24.0  24.0  23.9  24.1  24.0  23.8  23.8  24.0  24.0  24.0  24.0  24.4  24.5  24.4  24.3  24.7  25.2  25.0  25.0  25.2  25.4 
 24.4  24.4  24.4  24.5  24.1  24.1  24.2  24.1  24.1  23.7  23.9  24.2  23.7  23.7  23.9  24.1  24.0  23.7  24.2  24.3  24.3  24.7  29.7  30.9  30.9  29.7  27.5  27.2  26.6  26.4  26.4  26.2 
 24.2  24.3  24.6  24.4  24.1  24.1  24.3  24.3  23.9  23.7  24.0  24.1  23.8  23.8  24.1  24.1  23.8  23.9  24.2  24.2  25.2  28.8  45.1  47.4  44.4  39.4  30.8  29.4  27.5  27.1  26.9  26.5 
 24.4  24.3  24.8  24.4  24.1  23.9  24.3  24.4  24.0  23.7  24.2  24.1  23.9  23.7  24.1  24.1  23.9  23.7  24.2  24.5  31.9  44.4  70.3  73.3  69.7  60.5  36.4  32.9  29.1  28.2  27.5  27.1 
 24.2  24.2  24.4  24.6  24.0  24.1  24.2  24.4  24.1  23.8  24.0  24.1  24.0  23.9  24.3  24.1  23.9  23.9  24.4  24.6  34.2  48.6  74.7  77.4  71.5  61.6  36.8  33.4  29.4  28.6  27.7  27.4 
 24.8  24.3  24.9  24.5  24.3  24.0  24.3  24.5  24.2  24.0  24.1  24.1  24.0  23.8  24.4  24.3  24.2  24.0  24.2  24.7  33.3  42.3  64.8  67.8  58.9  50.0  34.8  32.6  29.2  28.4  27.9  28.2 
 24.8  24.6  24.8  24.9  24.3  24.1  24.4  24.5  23.9  24.0  24.2  24.3  24.0  23.9  24.1  24.3  24.1  24.0  24.6  25.0  31.2  36.3  51.7  54.1  46.8  41.9  32.9  31.4  28.8  28.2  28.1  28.2 
 25.0  24.5  25.0  24.9  24.4  24.3  24.4  24.5  24.2  23.9  24.2  24.1  23.9  23.9  24.1  24.3  24.0  24.0  24.7  25.3  27.1  28.6  33.2  34.2  33.6  32.7  30.5  29.9  28.0  27.6  28.8  29.2 
 24.9  24.7  24.9  24.9  24.4  24.5  24.4  24.6  24.2  24.2  24.1  24.3  24.0  23.9  24.1  24.1  23.9  24.0  24.8  25.5  26.1  26.9  29.8  30.8  31.1  30.8  29.9  29.6  27.6  27.6  29.1  30.6 
 25.5  25.0  24.9  24.9  24.6  24.2  24.6  24.5  24.2  24.0  24.4  24.3  24.3  23.9  24.2  24.4  24.2  24.3  25.2  25.2  25.4  25.6  27.6  28.3  28.8  28.7  28.7  28.4  27.8  27.7  30.8  32.3 
 25.5  25.4  25.1  25.3  24.5  24.5  24.6  24.8  24.0  24.3  24.4  24.6  24.2  24.1  24.4  24.2  24.3  24.0  25.2  25.2  25.2  25.4  26.9  27.6  27.8  28.0  28.1  28.0  27.9  28.6  32.1  32.5 
