 23.9  23.7  23.6  23.9  23.9  23.8  23.9  24.2  23.9  23.5  23.9  24.0  23.6  23.4  23.6  23.9  23.8  23.5  23.9  24.0  23.7  23.4  24.2  24.1  24.2  23.4  24.2  24.4  24.6  24.0  24.8  26.4 
 23.5  23.5  24.2  23.5  23.8  24.0  24.3  24.0  23.5  23.7  23.9  24.0  23.4  23.6  24.0  23.9  23.5  23.8  24.0  23.9  23.7  23.8  24.1  24.0  23.7  24.0  24.2  24.3  24.0  24.3  25.1  25.4 
 23.6  23.1  24.0  23.9  24.0  23.4  23.8  23.9  23.7  23.5  23.5  23.9  23.6  23.5  23.8  24.0  23.7  23.5  23.6  23.9  23.9  23.7  24.0  24.1  24.2  23.8  24.1  24.4  24.2  24.1  24.5  24.7 
 23.4  23.3  24.0  24.0  23.7  23.8  24.0  24.1  23.5  23.5  24.0  23.7  23.4  23.5  23.8  23.9  23.6  23.8  23.9  23.8  23.7  23.8  24.0  23.8  23.6  23.8  24.4  24.2  24.0  24.2  24.7  24.9 
 23.9  23.6  23.9  24.0  24.1  23.9  23.8  24.0  23.8  23.5  23.8  23.8  23.6  23.4  23.7  23.8  23.6  23.4  23.8  23.7  23.6  23.5  23.8  24.0  23.8  23.6  24.0  24.1  24.0  23.6  24.6  24.4 
 23.4  23.7  23.8  23.9  23.9  24.0  24.1  24.0  23.6  23.7  23.8  23.7  23.5  23.6  23.8  23.9  23.5  23.6  23.8  23.9  23.5  23.5  23.9  23.8  23.6  23.7  24.2  24.0  23.8  24.1  24.4  24.5 
 23.8  23.6  23.5  24.0  24.2  23.7  24.0  24.0  23.9  23.4  23.8  23.9  23.6  23.4  23.8  23.8  23.6  23.5  23.7  23.8  23.9  23.6  23.9  23.9  23.8  23.4  24.2  24.2  24.0  23.7  24.1  24.4 
 23.9  24.0  24.0  24.3  23.9  23.7  24.0  23.8  23.7  23.6  24.0  23.8  23.5  23.7  24.1  23.6  23.7  23.5  23.9  23.8  23.6  23.7  24.0  23.9  23.7  23.6  24.2  24.1  23.7  24.0  24.3  23.4 
 24.3  23.7  24.3  24.2  23.7  23.9  24.1  24.2  23.9  23.4  23.9  23.9  23.6  23.6  23.6  23.8  23.6  23.5  23.8  23.8  23.7  23.6  24.0  24.0  23.9  23.5  24.0  24.1  24.1  23.7  23.9  24.2 
 24.1  23.7  24.4  24.3  23.8  23.9  24.1  24.0  23.4  23.6  23.8  23.9  23.6  23.5  23.8  23.7  23.3  23.8  23.9  24.0  23.6  23.8  24.1  24.0  23.8  23.7  24.2  24.2  23.7  23.9  24.6  24.5 
 24.3  23.9  24.2  24.5  23.9  23.7  23.8  24.0  23.6  23.6  23.8  23.9  23.7  23.4  23.7  23.9  23.9  23.5  23.9  23.9  23.8  23.7  23.9  24.1  24.0  23.8  24.0  24.1  24.1  23.7  24.1  24.6 
 24.0  24.1  24.0  24.2  23.6  23.8  24.0  24.0  23.7  23.7  23.9  23.9  23.7  23.7  23.7  23.8  23.7  23.7  24.0  23.9  23.7  24.0  24.0 nan  23.7  24.0  24.0  24.2  23.9  23.9  24.5  24.7 
 24.2  23.7  24.0  24.3  23.9  23.6  23.8  24.0  23.6  23.6  24.1  23.9  23.7  23.5  23.7  24.0  23.8  23.5  23.9  23.9  23.9  23.6  24.2  24.2  24.1  23.9  24.3  24.4  24.6  24.1  24.8  25.0 
 24.1  24.1  24.2  24.2  23.8  24.0  24.1  23.9  23.6  23.7  23.8  23.8  23.6  23.8  23.9  23.8  23.7  23.6  24.0  24.0  23.9  23.9  24.3  24.3  24.1  24.2  24.6  24.8  24.7  25.1  25.3  25.3 
 24.1  24.0  24.3  24.6  24.1  23.7  23.8  24.0  23.9  23.5  23.7  24.0  24.0  23.5  23.9  24.0  23.8  23.6  24.1  24.0  24.4  24.6  29.5  31.0  30.7  29.5  27.3  27.1  26.7  25.9  26.1  26.1 
 24.2  24.2  24.2  24.1  23.9  24.0  24.0  24.0  23.6  23.8  23.8  23.7  23.7  23.7  23.9  23.8  23.6  23.8  24.2  24.1  24.9  28.6  45.0  47.4  44.1  39.1  30.7  28.9  27.4  27.0  26.8  26.4 
 24.4  23.8  24.3  24.3  24.2  23.7  24.0  24.3  23.8  23.6  23.8  23.9  23.8  23.5  23.9  23.9  23.9  23.6  24.0  24.3  31.9  44.2  70.1  73.3  69.7  60.2  36.2  32.4  29.0  28.1  27.1  26.9 
 23.9  24.1  24.6  24.3  23.9  24.0  24.2  24.2  23.7  23.9  23.9  24.0  23.7  23.9  24.0  24.0  23.7  23.8  24.2  24.3  34.2  48.6  74.6  77.3  71.3  61.5  36.9  33.3  29.3  28.7  27.8  27.3 
 24.6  24.2  24.6  24.6  24.2  23.9  24.3  24.2  23.9  23.7  23.9  24.0  23.9  23.5  24.0  24.0  24.0  23.8  24.2  24.5  33.2  42.2  64.7  67.7  58.9  49.8  34.5  32.3  29.1  28.3  27.6  27.7 
 24.3  24.3  24.5  24.8  24.2  24.0  24.4  24.4  23.6  24.1  24.1  23.7  23.9  23.8  24.1  24.0  24.1  23.9  24.3  24.8  31.1  36.2  51.7  53.8  46.7  41.9  32.8  31.2  28.6  28.3  28.1  28.2 
 24.8  24.2  24.8  24.6  24.3  23.9  24.4  24.3  24.2  23.7  24.1  24.2  24.1  23.6  24.0  24.1  24.0  23.7  24.7  25.3  27.0  28.2  32.9  34.0  33.7  32.3  30.6  30.0  28.2  27.4  28.4  29.3 
 24.4  24.6  24.9  24.7  24.0  24.1  24.4  24.3  23.7  23.9  24.3  24.2  23.8  23.8  24.1  24.2  23.7  24.0  24.7  25.4  25.7  26.8  29.7  30.7  31.0  30.9  29.9  28.9  27.5  27.8  29.0  30.5 
 26.1  24.6  24.4  24.8  24.6  24.0  24.5  24.4  24.2  24.0  23.9  24.2  24.3  23.8  24.1  24.1  24.1  23.7  25.0  25.2  25.2  25.4  27.4  28.2  28.8  28.4  28.5  28.3  27.7  27.4  30.6  31.7 
 25.4  26.0  25.0  25.1  24.5  24.4  24.5  24.5  23.7  24.2  24.6  23.8  24.0  23.9  24.1  24.1  24.0  24.3  25.1  25.1  25.0  25.3  27.1  27.5  27.6  28.0  28.3  28.0  27.6  28.2  31.5  32.4 
