 24.5  23.8  23.7  23.8  23.9  24.0  24.1  24.1  23.5  23.6  24.0  23.9  23.8  23.5  23.8  23.9  23.8  23.7  23.8  24.0  23.7  23.8  24.1  24.2  23.9  24.1  24.3  24.3  24.5  24.5  25.4  25.6 
 24.1  23.4  23.8  24.0  24.2  23.7  24.0  24.2  23.8  23.6  23.7  24.1  23.9  23.7  24.0  24.0  23.8  23.5  24.1  23.9  23.9  23.7  23.9  24.2  24.1  24.1  24.3  24.2  24.3  24.4  24.8  25.6 
 23.4  23.6  23.9  24.1  24.0  23.9  24.1  23.8  23.6  23.7  24.0  23.9  23.6  23.7  23.9  24.0  23.6  23.9  23.8  23.9  23.7  23.9  24.0  24.1  24.0  24.0  24.3  24.1  24.0  23.9  24.5  24.6 
 23.5  23.5  23.8  24.3  24.1  24.0  24.2  24.2  23.7  23.4  23.8  23.8  23.6  23.5  23.8  23.9  23.9  23.5  23.7  24.1  23.8  23.8  24.0  24.1  24.0  23.8  24.3  24.5  24.2  24.2  24.6  24.7 
 23.9  23.9  23.9  23.8  24.0  24.1  24.1  24.2  23.8  23.7  23.9  23.9  23.8  23.7  23.9  23.6  23.9  23.7  23.8  23.7  23.7  23.6  24.0  23.8  23.8  23.7  24.1  24.1  24.1  24.2  24.6  24.5 
 24.0  23.7  24.2  24.2  24.0  24.0  24.1  24.3  24.0  23.7  23.7  23.7  23.8  23.7  23.9  23.9  23.7  23.6  23.8  23.9  23.8  23.8  23.8  23.9  24.0  23.6  23.8  24.3  23.9  24.1  24.3  24.3 
 23.7  24.0  23.9  24.1  23.9  24.3  24.0  24.0  23.8  23.7  24.0  23.9  23.9  23.6  23.8  23.7  23.7  23.8  23.9  23.7  23.7  23.8  23.9  23.8  23.7  24.0  24.1  23.9  24.1  24.0  24.5  24.2 
 24.1  23.6  24.1  24.1  24.3  23.8  23.9  24.2  23.8  23.7  23.9  23.9  23.8  23.7  23.8  23.8  23.8  23.7  23.8  24.0  23.8  23.5  24.0  24.0  23.7  23.8  24.0  24.1  24.1  23.9  24.2  23.7 
 24.2  23.9  24.2  24.0  23.9  24.0  24.2  24.1  23.8  23.7  23.9  23.8  23.7  23.7  23.9  23.8  23.7  23.6  23.8  23.9  23.9  23.8  23.9  23.8  23.9  23.9  24.2  24.2  24.1  24.1  24.2  24.2 
 24.6  24.1  24.2  24.4  24.3  23.9  23.8  24.0  23.8  23.8  23.8  24.1  23.7  23.6  23.8  23.9  23.7  23.6  24.0  24.0  23.8  23.7  23.9  24.0  24.0  24.0  24.2  24.2  24.2  23.9  24.2  24.4 
 24.2  24.2  24.0  24.1  23.9  24.0  24.0  23.9  23.8  23.9  24.0  23.8  23.7  23.7  24.0  23.9  23.8  23.7  23.9  23.8  23.9  23.9  23.9  23.9  23.9  24.1  24.1  24.0  24.1  24.0  24.4  24.2 
 24.2  24.0  24.1  24.2  23.9  23.9  24.0  24.0  23.9  23.8  23.9  24.0  23.8  23.7  23.7  24.0  23.7  23.8  23.8  24.0  23.9  23.8  24.1 nan  24.1  23.7  24.1  24.2  24.0  23.9  24.5  24.8 
 24.4  24.1  24.2  24.2  24.0  24.0  24.2  24.0  23.7  23.8  24.0  23.9  23.8  23.7  23.9  23.9  23.7  23.8  24.1  23.8  23.9  23.9  24.2  24.1  24.0  24.2  24.6  24.3  24.5  24.4  25.0  24.9 
 24.2  24.0  24.3  24.4  24.2  23.9  23.9  24.1  23.8  23.7  23.9  24.0  23.9  23.8  23.8  24.0  23.8  23.5  23.8  24.2  24.1  24.0  24.1  24.5  24.3  24.3  24.5  24.8  25.0  24.9  25.2  25.4 
 24.0  24.2  24.2  24.5  24.2  24.1  24.2  23.9  24.0  23.8  24.0  23.9  24.0  23.8  23.9  23.8  23.7  23.9  24.2  24.1  24.3  24.9  29.4  30.8  30.8  30.0  27.3  27.2  26.3  26.4  26.2  26.0 
 24.4  23.9  24.3  24.5  24.1  23.9  24.1  24.2  23.9  23.7  23.8  24.0  24.0  23.8  23.9  23.9  23.8  23.8  23.9  24.2  25.2  28.8  45.0  47.4  44.3  39.2  30.6  29.0  27.4  27.0  26.5  26.4 
 24.4  24.3  24.6  24.2  24.2  23.9  24.2  24.1  23.8  23.8  23.9  24.0  23.9  23.9  23.9  23.9  23.7  23.7  24.2  24.2  31.9  44.3  70.0  73.2  69.6  60.4  36.1  32.5  28.8  28.3  27.4  27.0 
 24.3  24.2  24.3  24.4  24.3  24.0  24.3  24.3  24.0  23.9  24.1  24.0  24.0  23.8  24.1  23.9  24.0  23.6  24.1  24.4  34.5  48.5  74.5  77.3  71.6  61.4  36.8  33.0  29.6  28.4  27.4  27.4 
 24.6  24.8  24.7  24.7  24.1  24.2  24.4  24.3  24.1  23.8  24.1  24.1  23.7  23.8  24.0  24.0  24.1  23.9  24.1  24.4  33.3  42.4  64.6  67.6  58.8  50.0  34.6  32.3  29.1  28.5  27.9  27.5 
 24.8  24.8  24.5  24.8  24.4  24.0  24.3  24.3  23.9  23.9  24.1  24.2  23.9  24.0  24.0  24.2  23.9  23.7  24.4  25.0  31.3  36.0  51.6  53.9  46.8  41.7  32.8  31.6  28.7  28.3  27.7  28.4 
 24.8  24.7  25.0  24.7  24.3  24.2  24.1  24.0  24.1  24.0  24.4  24.0  23.9  23.8  24.2  24.1  23.9  24.0  24.5  25.3  27.1  28.5  32.9  34.0  33.6  32.5  30.7  29.6  28.1  28.0  28.3  29.4 
 24.9  24.7  24.5  24.5  24.5  24.4  24.4  24.6  24.3  24.0  24.1  24.3  23.7  23.8  24.1  24.1  24.1  23.9  24.7  25.5  26.2  26.7  29.8  30.7  31.2  30.9  29.7  29.5  28.1  27.3  28.9  30.3 
 25.5  25.0  24.9  24.5  24.4  24.2  24.8  24.4  24.4  24.0  24.3  24.3  24.1  24.1  24.2  24.2  24.2  24.1  25.2  25.0  25.2  25.7  27.5  28.2  28.5  28.7  28.7  28.1  27.5  27.7  30.8  31.8 
 25.8  25.4  24.7  24.9  24.6  24.5  24.5  24.8  24.1  24.0  24.1  24.5  24.1  23.9  24.2  24.3  24.2  24.2  25.1  24.8  25.4  25.4  26.9  27.6  28.1  27.8  27.9  28.1  28.1  27.8  31.2  33.0 
