 24.7  23.2  23.9  24.0  24.2  24.2  24.1  24.2  24.2  23.6  24.0  23.9  23.8  23.6  23.9  24.1  24.0  23.6  24.1  24.0  23.9  24.0  24.2  24.2  24.1  24.0  24.1  24.5  24.7  24.1  25.4  26.6 
 23.9  23.6  23.8  24.0  24.0  24.1  24.3  24.3  23.8  23.9  24.1  24.2  23.9  23.8  23.8  24.0  23.8  23.7  24.0  24.1  23.9  23.9  24.1  24.2  24.0  24.1  24.1  24.6  24.5  24.4  24.8  25.9 
 23.8  23.4  24.1  23.8  24.3  24.1  24.2  24.2  23.9  23.6  24.0  23.9  23.8  23.6  24.0  24.0  23.9  23.7  23.8  24.1  24.1  23.8  24.1  23.9  24.5  24.1  24.5  24.2  24.5  23.9  24.7  25.0 
 23.3  23.5  24.1  24.3  23.9  24.0  24.1  24.2  23.6  23.8  23.9  23.9  23.7  23.7  23.8  24.1  23.9  23.8  24.0  24.1  23.8  24.1  24.1  24.1  23.8  23.9  24.3  24.3  24.1  24.4  24.8  24.9 
 24.0  23.9  24.0  24.0  24.1  24.1  24.1  24.3  24.0  23.5  23.9  23.9  23.8  23.6  24.2  23.8  23.9  23.5  23.8  23.9  24.0  23.7  23.9  24.0  23.9  23.7  24.2  24.4  24.1  24.0  24.4  24.7 
 23.7  23.8  23.8  24.5  24.0  24.0  24.1  24.0  23.9  23.9  23.8  24.0  23.7  23.7  23.7  24.0  23.8  23.8  23.9  24.0  23.7  23.9  24.2  24.0  24.1  24.0  24.0  24.4  24.0  24.4  24.3  24.9 
 24.1  24.0  23.9  24.2  24.2  23.9  24.0  24.2  24.0  23.7  23.9  23.9  23.8  23.6  23.8  23.8  23.7  23.8  24.0  23.9  24.0  23.8  24.2  24.0  23.8  23.8  24.1  24.2  24.3  23.9  24.4  24.4 
 23.8  24.2  24.3  24.2  24.2  24.1  24.0  24.2  23.9  23.8  24.1  24.1  23.7  23.8  23.8  23.9  24.0  23.7  23.9  24.1  23.7  23.8  23.9  24.0  23.6  23.8  24.0  24.2  24.0  24.0  24.2  23.9 
 24.3  23.8  24.2  24.1  24.1  23.8  24.1  24.1  24.1  23.6  24.2  24.0  23.9  23.6  23.9  23.9  23.9  23.8  24.0  24.0  24.0  23.7  24.0  24.0  24.1  23.8  24.1  24.3  24.3  24.0  24.4  24.5 
 24.1  24.3  24.2  24.8  23.8  23.9  24.2  24.1  23.7  23.8  23.9  24.0  23.8  23.7  23.8  24.0  23.6  23.9  23.9  24.0  23.8  24.0  24.1  24.1  23.9  23.9  24.2  24.2  24.1  24.2  24.7  24.4 
 24.4  24.0  24.6  24.4  23.9  23.9  24.1  24.0  24.0  23.8  24.0  23.9  24.0  23.6  23.9  23.7  23.8  23.7  24.0  23.9  24.0  23.8  24.1  24.0  24.0  23.8  24.1  24.1  24.4  24.0  24.4  24.7 
 24.2  24.1  24.1  24.5  23.9  24.2  24.2  24.3  23.7  23.8  24.0  24.0  23.8  23.8  23.9  24.0  23.7  23.8  24.0  24.0  24.0  24.0  24.1 nan  24.0  24.1  24.0  24.6  24.3  24.2  24.5  24.8 
 24.8  23.9  24.4  24.2  24.3  24.0  24.2  24.2  23.9  23.7  24.0  23.9  23.8  23.7  24.0  24.0  24.0  23.6  24.2  23.9  24.0  23.7  24.3  24.4  24.3  24.1  24.4  24.5  24.6  24.3  25.2  25.1 
 24.4  24.3  24.4  24.5  23.9  24.1  24.1  24.2  23.7  23.7  24.0  24.2  23.9  23.9  23.8  24.0  23.8  23.9  24.0  24.1  24.0  24.1  24.4  24.5  24.4  24.4  24.8  24.9  24.9  25.1  25.1  25.4 
 24.5  23.9  24.3  24.3  24.2  24.0  24.3  24.2  24.0  23.8  24.0  24.1  23.9  23.7  23.9  24.1  24.1  23.8  24.2  24.2  24.5  24.6  29.7  31.0  31.0  29.9  27.4  27.2  26.6  26.2  26.2  26.0 
 24.3  24.2  24.6  24.3  23.9  24.1  24.3  24.3  23.8  23.9  24.0  24.1  23.9  24.0  24.0  24.1  23.9  23.9  24.1  24.3  25.1  28.8  45.1  47.5  44.4  39.4  30.7  29.2  27.4  27.1  26.6  26.4 
 24.7  24.3  24.4  24.3  24.2  23.8  24.3  24.3  24.1  23.9  24.1  23.9  23.9  23.7  23.9  24.0  23.8  23.6  24.3  24.4  32.0  44.3  70.2  73.4  70.0  60.6  36.1  32.8  28.8  28.3  27.5  27.0 
 24.3  24.2  24.3  24.6  24.0  24.1  24.2  24.4  24.1  24.0  24.1  24.1  24.0  23.9  24.1  24.1  23.8  23.9  24.3  24.4  34.3  48.7  74.7  77.5  71.5  61.6  37.1  33.4  29.4  28.9  27.7  27.4 
 25.0  24.3  24.6  24.5  24.5  24.2  24.4  24.4  24.1  23.8  24.0  24.2  24.0  24.0  24.2  24.2  24.2  24.1  24.3  24.5  33.3  42.3  64.9  67.8  59.0  50.1  34.5  32.3  29.3  28.4  27.7  27.9 
 24.6  24.6  24.8  24.9  24.4  24.1  24.4  24.4  24.1  24.1  24.2  24.2  24.0  24.1  24.3  24.3  23.9  24.1  24.6  25.0  31.1  36.3  51.6  53.8  46.7  41.8  32.7  31.3  28.8  28.3  28.1  28.2 
 25.0  24.7  25.0  25.1  24.4  24.3  24.4  24.5  24.3  23.8  24.2  24.2  24.2  24.0  24.1  24.3  24.1  23.8  24.7  25.4  27.1  28.4  33.2  34.3  33.8  32.4  31.0  29.9  28.3  27.6  28.3  29.2 
 24.7  24.9  24.9  25.0  24.5  24.5  24.6  24.7  24.2  24.1  24.3  24.2  23.9  24.4  24.2  24.3  24.1  24.0  24.9  25.4  26.1  26.8  30.1  30.7  31.0  31.0  29.9  29.5  27.6  27.6  29.1  30.3 
 26.3  25.2  25.1  24.5  24.8  24.2  24.7  24.7  24.4  23.9  24.2  24.4  24.4  24.0  24.2  24.2  24.2  23.9  25.2  25.2  25.4  25.7  27.6  28.3  29.1  28.5  28.7  28.4  27.7  27.5  31.5  31.8 
 25.2  25.4  24.9  25.1  24.3  24.3  24.3  24.8  24.0  24.3  24.4  24.5  24.0  24.2  24.4  24.6  24.1  24.4  25.0  25.3  25.4  25.4  27.1  27.6  27.8  28.1  28.1  28.0  27.9  28.8  31.6  32.5 
