 23.9  23.5  24.0  24.0  23.9  23.8  23.9  24.4  23.9  23.5  23.9  24.1  23.7  23.3  23.5  24.2  23.7  23.5  23.9  24.0  23.7  23.7  24.2  24.5  24.2  23.8  24.3  24.5  24.6  24.0  24.8  26.4 
 23.7  23.5  24.3  23.9  23.9  23.9  24.3  24.3  23.6  23.6  24.2  23.9  23.5  23.6  24.1  23.8  23.7  23.7  24.1  23.7  23.7  23.7  24.1  24.2  23.8  24.2  24.6  24.5  24.0  24.1  25.6  25.5 
 23.5  23.5  24.0  24.0  23.9  23.7  24.0  24.2  23.5  23.4  23.7  24.0  23.6  23.5  23.9  23.9  23.9  23.5  23.8  24.2  24.0  23.8  24.0  24.1  24.1  24.0  24.2  24.7  24.1  24.3  24.5  24.9 
 23.4  23.4  24.2  24.3  23.9  23.6  24.4  24.1  23.6  23.6  24.0  23.7  23.8  23.5  23.7  23.8  23.8  23.5  24.0  23.9  23.6  23.7  24.1  24.0  23.9  23.9  24.4  24.2  24.1  24.1  24.8  24.7 
 23.7  23.9  24.2  24.3  23.9  23.7  24.0  24.3  23.8  23.7  23.7  24.0  23.6  23.5  23.7  23.8  23.6  23.4  23.7  24.0  23.6  23.5  23.7  24.1  23.7  23.6  24.1  24.3  24.0  23.7  24.5  24.6 
 23.6  23.6  24.3  23.9  23.7  23.9  24.2  24.0  23.7  23.6  23.9  23.9  23.5  23.6  23.9  23.8  23.6  23.5  24.0  23.7  23.7  23.5  24.0  23.9  23.8  23.7  24.3  24.2  23.9  24.0  24.7  24.4 
 23.8  23.9  23.8  24.3  23.9  23.9  23.9  24.4  23.9  23.5  23.7  24.0  23.7  23.6  23.7  23.9  23.5  23.5  23.7  24.0  23.7  23.8  23.7  24.1  23.6  23.7  24.0  24.5  24.1  23.7  24.1  24.7 
 23.9  23.7  24.3  24.3  24.0  24.0  24.2  24.2  23.5  23.4  23.9  23.8  23.6  23.6  23.9  23.9  23.6  23.5  23.8  23.8  23.8  23.6  24.1  23.8  23.6  23.6  24.2  24.1  23.8  24.2  24.3  23.4 
 24.1  24.0  24.1  24.4  23.9  23.9  24.0  24.1  23.6  23.7  23.8  24.0  23.8  23.5  23.7  24.0  23.6  23.6  24.0  23.9  23.6  23.5  23.8  24.1  23.6  23.9  24.1  24.3  24.1  24.0  24.1  24.4 
 24.1  23.9  24.5  24.1  24.2  24.0  24.1  24.0  23.6  23.6  24.0  24.0  23.5  23.6  23.8  23.7  23.5  23.6  24.0  23.9  23.7  23.5  24.1  23.9  23.8  23.9  24.3  24.3  23.9  23.8  24.6  24.5 
 24.1  24.0  24.2  24.2  23.9  23.9  23.8  24.1  23.7  23.6  24.0  23.9  23.7  23.5  23.8  23.9  23.7  23.6  23.9  24.0  23.9  23.7  24.1  24.1  23.8  23.8  24.1  24.1  23.9  23.9  24.3  24.6 
 24.1  24.0  24.3  24.1  23.9  24.0  24.1  23.9  23.7  23.6  24.1  23.8  23.6  23.5  23.9  23.8  23.7  23.7  23.9  23.8  23.7  23.8  24.1 nan  23.9  23.9  24.3  24.3  24.1  23.8  24.7  24.7 
 24.4  23.9  24.0  24.4  23.8  23.9  24.0  24.2  23.8  23.7  23.8  24.0  23.8  23.7  23.8  24.0  23.7  23.6  24.0  24.1  23.7  23.8  24.0  24.3  24.0  24.2  24.4  24.6  24.2  24.2  24.8  25.1 
 24.4  24.2  24.3  24.4  23.9  24.0  24.2  24.1  23.7  23.6  23.9  23.9  23.7  23.7  24.0  23.9  23.6  23.7  24.2  24.0  24.0  23.8  24.6  24.1  24.0  24.3  24.9  24.6  24.8  24.8  25.4  25.1 
 24.2  24.0  24.2  24.5  24.0  23.9  24.1  24.1  23.9  23.7  23.8  24.1  23.7  23.6  23.7  23.9  23.7  23.8  23.9  24.1  24.1  24.7  29.6  31.0  30.7  29.6  27.3  27.4  26.6  26.3  26.1  26.1 
 24.2  24.0  24.5  24.1  23.8  23.7  24.2  24.2  23.9  23.8  24.0  23.9  23.7  23.9  23.9  23.9  23.6  23.8  24.2  24.1  25.0  28.6  45.0  47.4  44.3  39.0  30.8  29.1  27.4  27.0  26.7  26.4 
 24.3  24.3  24.0  24.4  23.9  23.8  24.1  24.2  24.1  23.8  23.9  24.1  24.0  23.6  23.8  24.1  23.7  23.7  24.1  24.4  31.9  44.2  70.1  73.3  69.7  60.4  36.3  32.7  28.8  28.2  27.4  27.2 
 24.4  24.1  24.7  24.4  24.0  24.0  24.5  24.3  23.8  23.8  24.0  23.9  23.7  23.6  24.1  23.9  23.8  23.7  24.4  24.3  34.1  48.5  74.6  77.2  71.3  61.4  36.9  33.3  29.4  28.5  27.8  27.3 
 24.5  24.3  24.6  24.8  24.4  23.8  24.4  24.5  24.0  23.7  24.1  24.1  23.8  23.7  23.9  24.2  23.9  23.9  24.2  24.6  33.3  42.2  64.6  67.7  58.7  49.9  34.5  32.4  29.1  28.2  27.5  28.1 
 24.1  24.5  24.8  24.8  24.2  23.9  24.3  24.2  24.0  23.8  24.1  24.1  23.8  23.7  24.2  24.0  23.9  23.8  24.5  24.8  31.0  36.0  51.7  53.7  46.7  42.0  32.9  31.3  28.6  28.2  27.9  28.0 
 24.8  24.7  25.0  24.9  24.2  24.1  24.1  24.3  24.2  24.0  24.1  24.3  23.9  23.7  24.1  24.2  24.0  23.9  24.4  25.5  27.0  28.3  32.8  34.1  33.4  32.3  30.7  30.2  27.9  27.3  28.4  29.8 
 24.8  24.8  24.9  24.4  24.3  23.8  24.7  24.5  23.8  24.0  24.1  24.1  23.8  23.6  24.1  24.2  23.9  23.8  24.9  25.3  25.8  26.7  30.0  30.7  30.9  30.9  29.9  29.2  27.5  27.6  29.7  30.5 
 25.9  24.9  24.6  25.1  24.5  24.1  24.4  24.5  24.0  24.0  24.2  24.4  24.0  23.8  24.2  24.5  24.2  24.0  25.1  25.1  25.3  25.5  27.4  28.3  28.4  28.5  28.7  28.6  27.5  27.4  30.3  32.1 
 25.7  25.2  25.0  25.0  24.5  24.2  24.8  24.5  24.1  24.0  24.4  24.3  24.0  23.9  24.4  24.1  24.0  24.1  25.1  24.8  25.0  25.2  27.1  27.4  27.7  27.8  28.4  28.2  27.6  28.2  31.9  32.9 
