 24.3  22.9  23.6  23.3  23.1  22.5  23.1  22.8  22.4  22.2  22.9  22.7  22.5  22.2  22.8  22.4  22.5  22.4  22.8  22.5  22.4  22.5  22.9  22.6  22.8  22.4  23.4  23.7  23.5  23.4  24.5  24.6 
 23.2  23.5  23.0  23.6  22.9  23.2  22.6  23.2  22.6  22.7  22.9  23.0  22.8  22.6  22.9  22.7  22.3  22.6  22.5  22.8  22.6  22.3  22.6  23.1  22.6  22.8  23.2  24.8  23.7  23.7  23.8  24.6 
 23.5  22.5  23.3  22.7  22.7  22.4  22.9  22.6  22.8  22.4  22.9  22.8  22.6  22.5  22.9  22.5  22.6  22.4  22.7  22.5  22.6  22.5  22.9  22.8  22.8  22.6  23.3  23.0  23.4  22.8  23.6  23.7 
 22.8  23.1  23.0  23.3  22.5  22.4  22.6  23.3  22.6  22.6  22.8  22.9  22.4  22.5  22.5  22.8  22.5  22.4  22.5  22.7  22.3  22.4  22.9  23.0  22.5  22.8  23.2  23.2  23.0  23.0  23.3  24.0 
 23.1  22.9  23.2  23.0  22.8  22.7  23.0  23.0  23.3  23.1  23.0  22.7  22.7  22.5  22.8  22.3  22.3  22.2  22.8  22.4  22.5  22.4  22.8  22.6  22.7  22.3  23.1  23.0  23.1  22.8  23.5  23.1 
 23.0  23.1  23.0  23.0  22.9  22.8  23.0  23.3  23.6  24.0  23.0  23.1  22.4  22.5  22.6  22.6  22.6  22.4  22.6  22.5  22.4  22.4  22.7  23.0  23.0  22.6  22.8  23.2  22.6  23.0  23.2  23.6 
 23.0  22.9  23.3  22.9  22.8  22.4  23.2  23.2  25.4  26.5  24.3  23.1  22.7  22.4  22.7  22.6  22.5  22.2  22.6  22.6  22.7  22.4  22.9  22.7  22.8  22.6  23.0  22.8  22.7  22.7  23.1  22.8 
 22.9  23.0  22.7  23.2  22.7  22.7  23.0  23.6  25.7  27.2  24.5  23.4  22.5  22.7  22.7  22.7  22.4  22.5  22.6  22.7  22.4  22.5  22.7  22.9  22.6  22.6  22.8  23.1  22.6  22.9  23.0  22.6 
 23.4  22.9  23.6  22.9  23.1  22.4  23.3  23.0  23.3  23.2  23.2  22.7  22.6  22.6  22.7  22.6  22.5  22.3  22.8  22.6  22.6  22.4  22.8  22.6  22.7  22.5  23.0  23.1  23.0  22.7  23.3  23.1 
 23.2  23.3  23.4  23.7  22.9  22.8  22.8  23.1  22.9  22.9  22.6  23.0  22.6  22.5  22.4  22.6  22.5  22.6  22.7  22.9  22.6  22.6  22.5  22.9  22.7  22.7  23.0  23.2  22.9  22.9  23.3  23.5 
 23.9  23.3  24.1  23.8  23.9  23.5  23.4  23.1  22.9  22.6  23.0  22.7  22.7  22.6  22.9  22.5  22.7  22.5  22.8  22.7  22.7  22.5  22.9  22.7  22.7  22.4  23.6  23.5  23.7  23.1  23.5  23.1 
 23.7  23.9  23.9  24.5  24.5  24.5  24.0  23.7  22.9  23.1  22.7  22.9  22.6  22.5  22.6  22.8  22.5  22.5  22.5  22.8  22.6  22.7  22.6 nan  22.5  22.6  24.3  25.3  23.6  23.2  22.9  23.5 
 24.8  24.3  25.5  25.6  27.0  27.5  32.9  35.0  33.2  29.5  23.4  23.0  22.8  22.5  23.0  22.6  22.7  22.5  23.0  22.6  22.7  22.3  22.7  22.6  22.8  22.5  24.3  24.4  23.4  22.9  23.7  23.4 
 24.5  25.1  25.9  26.5  28.4  30.3  41.8  49.2  53.6  47.6  24.7  23.5  22.7  22.6  22.7  22.7  22.6  22.7  22.6  22.8  22.7  22.7  22.7  22.8  22.7  22.7  23.0  23.6  23.3  23.1  23.2  23.9 
 25.1  25.2  27.0  27.2  30.9  33.9  54.8  63.1  74.8  71.4  34.9  25.3  22.9  22.6  22.9  22.7  22.7  22.6  23.0  22.8  22.7  22.5  23.0  22.8  22.7  22.6  23.1  22.8  23.2  22.8  23.4  23.3 
 25.0  25.6  26.8  27.7  30.7  34.3  53.6  62.8  78.7  79.5  37.1  26.1  22.8  22.8  22.6  23.0  22.6  22.7  22.8  22.9  22.5  22.7  22.6  22.9  22.7  22.7  23.0  23.2  23.0  23.0  23.2  23.8 
 25.4  25.0  26.9  27.0  29.6  31.7  44.4  53.3  73.3  70.2  30.2  24.2  22.9  22.5  22.8  22.7  22.7  22.5  23.0  22.8  22.7  22.3  23.0  22.6  23.0  22.5  23.1  23.1  23.2  22.6  23.7  23.2 
 25.0  25.3  26.3  26.8  28.6  29.7  36.9  42.1  53.9  49.8  25.7  23.8  22.7  22.8  22.5  23.0  22.5  22.7  22.6  22.9  22.7  22.7  22.8  23.0  22.6  22.6  23.1  23.2  23.0  23.1  23.2  23.8 
 25.5  25.3  26.5  26.6  27.0  27.1  28.9  29.4  29.7  27.7  24.1  23.2  22.9  22.6  23.1  22.7  22.8  22.4  22.9  22.8  22.8  22.6  23.0  22.8  23.0  22.6  23.3  22.9  23.3  22.7  24.1  23.8 
 24.9  25.8  26.0  26.4  26.1  26.4  27.4  27.7  27.0  26.2  23.4  23.4  22.8  22.9  22.8  22.9  22.7  22.8  22.8  23.0  22.6  22.7  22.9  23.2  22.8  23.0  23.3  23.3  23.2  23.4  24.1  24.3 
 25.4  25.0  26.1  25.4  25.7  25.5  26.0  25.8  25.3  24.5  23.7  23.3  23.1  22.7  23.1  22.8  22.7  22.7  23.2  22.9  22.9  22.5  23.4  22.9  23.0  22.6  23.6  23.2  23.7  24.0  24.9  25.6 
 25.0  25.3  25.4  25.7  25.3  25.4  25.2  25.5  24.7  24.5  23.5  23.8  22.8  22.8  22.8  23.1  22.6  22.8  22.9  23.3  22.9  23.0  23.2  23.6  23.1  23.0  23.5  23.7  24.3  25.0  25.2  26.3 
 26.3  25.5  25.4  25.0  25.1  24.4  25.1  24.5  24.2  23.8  23.8  23.7  23.4  22.9  23.3  22.9  23.0  22.6  23.3  22.9  23.2  22.6  23.5  23.2  23.2  23.3  25.6  25.7  26.1  25.8  26.6  26.1 
 26.3  26.4  25.3  25.8  24.6  25.0  24.7  24.8  23.8  24.1  23.6  23.8  23.2  23.2  23.2  23.2  23.1  23.0  23.1  23.3  23.1  23.3  23.2  23.9  24.0  24.8  26.0  26.9  25.8  26.1  26.1  27.9 
