 24.2  23.6  23.4  24.0  23.9  23.9  24.0  24.3  23.8  23.6  23.8  24.3  23.6  23.5  23.6  24.1  23.9  23.7  23.9  24.2  23.7  24.1  23.9  24.2  24.0  24.0  24.0  24.5  24.1  24.1  24.9  26.2 
 23.6  23.2  23.9  23.6  24.0  23.8  24.4  24.1  23.9  23.7  24.0  23.9  23.7  23.5  24.0  23.7  23.8  23.5  24.1  23.7  23.8  23.7  24.4  23.8  24.0  24.1  24.4  24.1  24.3  24.2  25.2  25.6 
 23.6  23.4  23.7  24.0  24.3  23.8  23.9  24.3  23.6  23.6  23.9  24.1  23.8  23.6  23.9  23.9  23.8  23.5  23.7  24.1  23.8  23.7  24.0  24.3  23.8  24.1  24.0  24.7  24.3  24.2  24.5  25.2 
 23.1  23.5  24.1  23.9  23.9  23.7  24.1  24.1  23.7  23.5  23.9  23.7  23.6  23.4  23.9  23.8  23.9  23.7  24.0  23.7  23.7  23.7  24.0  24.1  24.0  23.8  24.5  24.3  24.1  23.9  25.0  24.7 
 23.8  24.0  23.9  24.3  24.0  24.0  24.0  24.0  23.8  23.9  23.6  24.0  23.7  23.6  23.7  24.1  23.7  23.7  23.7  24.1  23.8  23.7  23.7  24.2  23.9  23.7  24.1  24.5  24.0  24.2  24.2  24.5 
 23.5  23.3  24.2  23.9  24.1  23.9  24.2  24.0  23.7  23.7  24.1  23.8  23.7  23.7  23.9  23.9  23.7  23.5  24.0  23.7  23.8  23.7  24.0  23.9  24.0  23.8  24.3  24.0  24.0  23.9  24.6  24.3 
 23.7  23.9  23.8  24.2  24.2  24.0  23.8  24.1  23.9  23.7  23.9  23.9  23.8  23.6  23.7  24.0  23.6  23.7  23.7  23.9  23.8  23.9  23.8  24.2  23.8  23.9  24.0  24.4  24.0  23.8  24.0  24.5 
 24.1  23.6  24.2  24.0  24.0  23.8  24.2  23.8  23.7  23.7  24.1  23.6  23.7  23.7  23.9  23.7  23.8  23.5  23.9  23.8  23.8  23.7  24.1  23.7  24.0  23.7  24.4  24.1  24.0  24.0  24.4  23.5 
 24.2  23.9  24.2  24.3  23.7  24.0  24.0  24.2  23.7  23.7  23.8  24.0  23.8  23.6  23.6  23.9  23.5  23.7  23.8  23.9  23.8  23.7  23.8  24.0  24.0  24.1  24.0  24.4  23.9  23.9  23.9  24.5 
 24.0  24.0  24.5  24.0  24.2  24.0  24.2  23.8  23.8  23.6  23.9  23.7  23.8  23.6  23.9  23.8  23.7  23.6  24.0  23.9  23.8  23.9  24.3  23.7  24.1  23.9  24.3  24.2  23.8  23.9  24.8  24.1 
 24.4  24.0  24.3  24.5  23.9  23.9  24.0  24.3  23.9  23.7  23.9  23.9  23.9  23.8  23.8  24.0  23.9  23.8  24.0  24.2  23.8  23.8  24.1  24.1  23.9  23.9  24.0  24.5  24.1  24.1  23.9  24.7 
 24.4  24.1  24.3  24.1  23.9  23.8  24.1  23.9  23.8  23.7  24.0  23.8  23.7  23.6  24.0  23.7  23.8  23.7  24.1  24.0  23.7  23.7  24.2 nan  24.0  23.7  24.4  24.3  24.2  23.9  24.6  24.5 
 24.3  23.8  24.1  24.4  23.9  24.0  23.9  24.3  23.8  23.7  23.7  24.1  23.8  23.7  23.8  24.1  23.8  23.7  23.9  24.2  23.9  23.9  24.0  24.4  24.2  24.1  24.4  24.3  24.2  24.2  24.7  25.2 
 24.2  24.1  24.5  24.5  24.2  24.0  24.2  23.9  23.9  23.6  24.0  23.7  24.0  23.8  24.1  23.8  23.9  23.8  24.2  24.1  24.2  24.0  24.4  24.3  24.6  24.1  24.9  24.8  24.9  25.0  25.2  24.9 
 24.0  24.4  24.3  24.5  24.2  23.8  23.9  24.2  23.9  23.7  23.8  24.3  23.8  23.6  23.9  24.1  23.9  23.9  24.0  24.3  24.3  24.6  29.4  31.0  30.7  29.6  27.4  27.2  26.4  26.3  26.1  26.5 
 24.6  24.3  24.4  24.4  23.9  24.0  24.2  23.9  24.0  23.6  24.2  23.9  23.9  23.7  24.1  23.8  23.9  23.8  24.0  24.0  25.2  28.7  45.2  47.4  44.4  39.2  30.7  28.9  27.5  26.8  26.9  26.4 
 24.0  24.2  24.4  24.7  24.2  24.0  24.0  24.3  24.0  23.8  24.0  24.1  23.8  23.7  23.9  24.0  23.8  23.9  24.1  24.4  31.9  44.3  70.1  73.4  69.7  60.4  36.2  33.0  28.8  28.3  27.4  27.3 
 24.3  24.2  24.6  24.3  24.0  24.2  24.4  24.1  23.8  23.8  24.2  23.9  23.9  23.9  24.1  24.1  23.8  23.9  24.4  24.2  34.5  48.6  74.7  77.2  71.5  61.4  37.2  33.0  29.5  28.4  27.6  27.1 
 24.4  24.4  24.6  24.8  24.2  24.3  24.3  24.5  24.2  23.8  23.9  24.1  23.7  23.9  24.1  24.2  24.1  24.1  24.2  24.6  33.2  42.3  64.6  67.8  58.9  50.0  34.5  32.4  29.3  28.2  27.4  28.2 
 24.6  24.4  24.9  24.5  24.3  24.1  24.6  24.0  23.9  24.0  24.2  24.0  23.8  23.8  24.1  24.1  24.0  24.0  24.4  24.7  31.2  36.3  51.7  53.7  46.7  41.7  32.9  31.0  28.9  28.2  27.7  27.9 
 24.6  24.8  24.5  24.9  24.4  24.1  24.4  24.6  24.2  23.8  23.8  24.4  24.0  23.9  23.9  24.4  23.9  24.0  24.5  25.5  27.0  28.4  32.6  34.3  33.6  32.5  30.5  30.2  27.8  27.7  27.9  29.4 
 24.7  24.7  24.9  24.7  24.4  24.2  24.5  24.5  24.1  24.1  24.4  24.1  23.8  23.8  24.2  24.1  24.2  23.9  24.8  25.2  26.2  26.7  29.8  30.6  31.1  30.8  30.0  29.0  27.9  27.4  29.4  29.7 
 25.5  25.0  24.7  25.0  24.4  24.1  24.4  24.6  24.1  23.8  24.3  24.6  24.0  24.0  24.0  24.5  24.1  24.0  25.0  25.5  25.4  25.5  27.3  28.4  28.6  28.7  28.5  28.7  27.3  27.7  29.7  32.2 
 25.8  25.3  25.3  24.9  24.8  24.3  24.6  24.5  24.3  24.3  24.4  24.3  24.2  23.9  24.4  24.2  24.1  24.3  25.3  24.9  25.0  25.3  27.0  27.6  28.1  27.8  28.1  28.0  27.9  28.8  32.4  31.6 
