 24.3  23.6  24.2  23.8  23.4  23.1  23.0  22.9  22.8  22.9  23.1  23.0  22.7  22.5  22.9  23.0  22.7  22.6  22.9  22.9  22.9  22.9  24.0  24.8  27.2  27.4  27.8  27.8  28.0  28.0  30.1  30.1 
 23.9  23.6  24.1  23.9  23.2  23.1  23.1  23.2  22.9  22.7  23.0  23.1  22.8  22.6  22.9  22.9  22.5  22.6  22.9  22.9  22.9  22.7  23.3  24.5  26.2  26.9  27.6  28.2  28.0  29.5  29.7  30.0 
 23.5  23.1  24.0  23.5  23.1  22.9  23.0  23.0  22.9  22.6  22.9  23.0  22.6  22.7  22.8  22.8  22.7  22.6  22.8  22.8  22.9  22.7  23.0  23.2  25.1  25.7  28.3  28.3  29.8  29.4  30.9  30.5 
 23.2  23.3  23.5  23.6  22.6  22.6  23.0  23.1  22.8  22.7  23.0  23.0  22.8  22.5  22.7  22.9  22.7  22.5  22.9  22.8  22.8  22.9  23.1  23.2  23.4  24.2  26.7  28.4  29.3  29.9  30.4  31.1 
 23.3  23.1  23.3  23.3  22.9  22.9  23.2  23.0  23.4  23.0  23.0  22.9  22.7  22.5  22.9  22.7  22.6  22.7  22.9  22.8  22.6  22.6  23.0  23.0  23.2  23.1  25.3  25.6  28.8  28.7  29.6  29.5 
 23.0  23.1  23.1  23.3  22.8  22.8  23.0  23.1  23.7  23.7  23.3  23.1  22.7  22.5  22.8  22.9  22.7  22.4  22.7  23.0  22.8  22.9  23.0  23.2  23.0  23.4  23.9  27.4  28.8  29.5  29.7  29.7 
 23.1  23.2  23.3  23.2  22.9  22.9  23.3  23.6  25.7  26.7  24.2  23.4  22.6  22.6  22.7  22.7  22.4  22.5  23.0  22.8  22.9  22.8  23.3  23.1  24.3  23.1  28.1  27.0  30.3  30.3  31.6  31.9 
 23.3  23.3  23.2  23.5  23.0  22.8  23.3  23.5  26.3  28.0  24.7  23.3  22.7  22.7  22.7  22.7  22.7  22.6  22.8  22.9  22.9  22.6  23.1  23.6  23.1  26.0  26.9  30.2  30.9  31.2  31.5  31.3 
 23.5  23.4  23.4  23.2  22.9  22.8  23.3  23.2  23.5  23.5  23.3  23.1  22.6  22.6  22.8  22.8  22.7  22.8  22.7  22.8  22.9  22.7  23.3  23.0  26.9  25.6  30.6  31.0  32.1  31.9  32.2  31.7 
 23.7  23.4  23.5  23.6  23.3  22.8  23.1  23.1  23.1  23.1  22.9  22.9  22.6  22.6  22.8  22.8  22.7  22.8  23.0  23.0  22.9  22.8  23.1  23.9  25.1  29.2  30.8  31.7  31.9  32.0  31.9  30.5 
 23.9  23.7  23.9  23.5  23.4  23.3  23.3  23.2  22.7  22.7  23.0  22.9  22.7  22.6  22.9  22.7  22.8  22.8  22.9  22.8  22.9  22.8  23.4  23.2  28.6  28.8  31.4  31.5  31.9  31.3  30.6  31.4 
 23.8  23.7  24.1  24.1  24.1  23.8  23.5  23.5  23.0  22.9  23.0  22.9  22.7  22.7  22.9  22.8  22.6  22.6  22.8  22.9  22.8  22.7  23.2 nan  27.5  29.9  31.2  31.9  31.1  31.3  32.2  29.2 
 24.3  24.2  25.1  25.5  26.3  26.6  28.9  29.1  27.3  25.8  23.3  23.1  22.6  22.6  22.8  22.8  22.8  22.6  22.9  22.8  22.5  22.6  23.1  23.4  27.7  29.4  31.2  32.1  31.1  31.6  31.5  32.1 
 24.4  24.6  25.8  26.2  27.6  28.6  36.2  41.9  44.0  38.4  23.9  23.4  22.9  22.7  22.8  22.8  22.7  22.5  22.6  23.0  22.8  22.6  23.0  23.3  27.2  27.6  31.3  30.6  31.8  30.1  30.8  31.6 
 25.4  25.3  26.5  27.2  29.9  32.6  51.3  59.7  70.3  66.6  33.3  25.5  23.0  22.7  22.7  22.7  22.6  22.7  22.8  22.9  22.7  22.8  23.1  23.0  23.3  26.2  25.9  29.3  26.2  26.4  29.0  26.6 
 25.7  25.4  26.8  27.3  30.2  33.1  51.9  60.6  75.6  75.0  37.8  26.3  23.0  22.8  22.9  22.9  22.7  22.6  22.8  22.9  22.7  22.8  22.8  23.1  23.4  23.2  26.5  24.7  25.4  24.9  25.6  26.6 
 25.5  25.6  26.9  27.2  29.6  31.7  45.7  55.1  78.1  78.0  33.3  25.3  22.9  22.7  23.1  22.9  22.8  22.7  23.0  22.9  23.0  22.8  23.0  23.0  23.2  22.9  23.5  24.4  23.7  24.2  25.2  24.7 
 25.5  25.4  26.3  26.9  28.6  29.9  38.8  45.1  61.1  58.1  27.8  24.3  23.0  22.8  23.1  23.0  22.9  22.8  23.1  23.1  22.9  23.0  23.1  23.3  23.3  22.9  23.9  23.6  24.1  23.8  24.5  25.0 
 25.5  25.3  26.6  26.6  26.9  27.1  29.5  30.9  32.2  30.3  24.6  23.5  23.2  22.9  23.2  23.1  23.1  22.8  23.1  23.2  23.0  22.9  23.1  23.3  23.1  23.0  23.4  23.7  23.8  23.6  24.3  24.4 
 25.6  25.6  26.3  26.5  26.6  26.5  28.0  28.3  28.1  27.3  23.9  23.6  23.2  22.9  23.1  23.1  22.9  23.0  23.1  23.1  22.9  23.1  23.2  23.3  23.2  23.2  23.4  23.5  23.8  23.8  24.3  24.4 
 25.6  25.6  25.9  26.0  25.5  25.6  26.1  26.2  25.8  25.1  23.7  23.6  23.1  23.1  23.1  23.2  23.1  23.1  23.2  23.1  23.0  22.9  23.4  23.3  23.4  23.2  23.5  23.7  23.8  23.8  24.7  25.6 
 25.6  25.3  26.2  25.5  25.6  25.5  25.8  25.7  25.2  24.8  23.7  23.7  23.0  23.1  23.2  23.3  23.0  23.0  23.3  23.2  23.1  23.1  23.4  23.6  23.3  23.2  23.3  24.0  23.9  24.1  25.2  26.1 
 26.5  25.7  25.8  25.8  25.5  24.8  25.3  24.9  24.5  24.0  24.0  23.9  23.6  23.2  23.3  23.5  23.2  23.0  23.3  23.2  23.4  23.0  23.7  23.8  23.4  23.3  24.3  24.8  24.6  24.2  26.5  26.5 
 26.7  26.1  25.4  25.8  25.1  25.1  24.8  25.0  24.3  24.3  23.8  24.0  23.3  23.3  23.5  23.5  23.2  23.0  23.4  23.3  23.0  23.5  23.4  23.6  23.5  23.7  24.4  24.9  24.5  24.8  26.9  28.3 
