 24.2  23.8  23.7  24.1  24.2  24.0  24.4  24.3  24.3  23.6  23.9  24.1  23.8  23.5  23.9  24.0  23.7  23.7  24.2  23.9  24.1  23.9  24.1  24.2  24.1  24.1  24.4  24.8  25.6  25.7  27.3  28.5 
 23.4  23.8  23.9  24.3  24.3  24.0  24.1  24.2  23.8  23.7  24.0  23.9  23.6  23.8  24.0  23.8  23.7  23.6  23.9  24.2  23.7  23.8  24.2  24.2  23.9  24.1  24.3  24.2  25.5  25.8  27.3  27.5 
 23.8  23.6  24.1  24.0  24.2  23.9  24.1  24.0  23.8  23.6  23.9  24.0  23.7  23.5  24.0  24.2  23.9  23.7  23.9  24.0  23.9  23.7  24.0  24.2  24.1  24.1  24.3  25.1  26.6  26.2  27.3  27.7 
 23.7  23.5  24.0  23.9  24.2  23.9  24.1  24.2  23.8  23.8  24.0  23.9  23.6  23.6  24.0  24.0  23.8  23.8  24.2  24.0  23.9  23.9  24.1  24.1  24.0  23.9  24.7  25.3  26.2  26.9  27.9  27.7 
 24.2  24.2  24.0  24.3  24.3  24.1  24.1  24.3  23.9  23.7  23.7  23.8  23.7  23.6  24.0  23.9  23.7  23.7  24.0  24.0  23.8  23.9  23.9  24.0  24.2  24.0  25.0  26.1  27.0  27.2  28.6  28.9 
 23.5  23.8  24.1  23.9  24.0  24.1  24.3  24.0  23.7  23.8  23.9  23.7  23.7  23.8  23.9  24.0  23.7  23.6  23.9  23.9  23.9  23.8  24.0  23.9  23.9  23.8  25.6  26.3  27.2  27.5  28.8  28.8 
 24.0  23.9  24.0  24.2  23.9  24.0  24.1  24.2  24.0  23.5  23.9  24.0  23.8  23.5  23.8  23.9  23.8  23.8  23.8  24.0  23.8  23.8  24.0  24.3  24.0  23.7  25.7  26.8  27.4  27.4  28.2  28.2 
 24.1  24.1  24.2  24.1  24.0  24.0  24.2  23.8  23.7  23.7  24.0  23.8  23.7  23.7  23.8  24.0  23.7  23.6  23.8  23.9  23.7  23.8  24.1  24.0  24.0  23.6  25.7  26.7  27.4  27.5  27.5  27.2 
 24.5  23.8  24.2  24.1  24.1  23.7  24.2  24.1  23.9  23.8  24.0  23.9  23.8  23.8  23.9  23.9  23.9  23.8  24.0  24.0  23.8  23.8  23.9  24.1  24.2  24.1  26.2  28.2  29.0  28.5  27.3  26.6 
 24.5  24.1  24.3  24.4  24.0  23.9  24.2  24.0  23.8  23.9  23.9  24.0  23.7  23.8  24.0  24.0  23.8  23.7  24.1  23.9  23.8  23.9  24.1  24.2  23.9  24.0  27.1  28.5  29.8  28.9  26.2  26.2 
 24.2  24.3  24.3  24.5  23.9  23.9  24.1  24.2  23.9  23.7  24.0  24.0  23.9  23.6  23.9  24.0  23.7  23.6  24.1  24.1  24.0  23.8  24.2  24.0  24.3  23.9  25.8  27.4  28.8  27.3  25.8  25.3 
 24.4  24.2  24.2  24.3  23.7  24.1  24.1  24.0  24.0  23.8  23.9  24.1  23.8  23.7  24.0  23.9  23.8  23.8  24.0  24.1  23.9  23.9  24.1 nan  24.1  24.0  24.8  26.1  26.8  26.1  25.2  25.4 
 24.5  24.0  24.2  24.4  24.0  24.0  24.2  24.4  23.8  23.8  24.0  24.0  24.0  23.8  23.9  23.9  23.9  23.7  24.0  24.0  24.1  23.9  24.3  24.4  24.3  24.2  24.7  24.6  24.7  24.6  25.3  25.4 
 24.1  24.1  24.4  24.3  24.2  24.0  24.1  24.2  23.9  23.8  24.0  24.0  23.8  23.8  23.9  23.8  23.9  23.8  24.0  24.1  24.1  23.9  24.4  24.4  24.2  24.4  24.7  24.6  24.8  24.9  25.5  25.7 
 24.5  24.5  24.4  24.6  24.1  24.1  24.2  24.3  24.0  23.8  24.0  24.1  23.9  23.8  23.8  23.9  24.0  23.7  24.1  24.2  24.3  24.7  28.9  30.3  30.3  29.1  26.8  26.8  26.2  26.0  25.9  26.2 
 24.4  24.1  24.6  24.4  24.1  24.1  24.1  24.2  24.0  23.9  24.1  24.0  23.9  24.0  23.8  24.0  23.8  23.7  24.1  24.1  25.0  27.9  41.2  43.2  41.7  37.4  29.9  28.6  26.8  26.7  26.5  26.2 
 24.7  24.1  24.3  24.4  24.2  24.0  24.2  24.3  24.0  23.7  24.0  24.3  24.0  23.8  24.0  24.0  23.9  23.9  24.3  24.2  31.3  41.6  61.7  64.3  62.6  55.6  34.7  31.4  28.4  27.6  27.2  26.6 
 24.3  24.4  24.4  24.4  24.0  24.1  24.3  24.4  23.9  23.9  24.0  24.0  24.0  23.8  24.1  24.1  23.8  23.8  24.4  24.4  33.6  45.8  66.0  67.7  64.1  56.2  35.2  31.7  28.5  27.7  27.1  27.3 
 24.6  24.4  24.6  24.8  24.3  24.1  24.2  24.5  24.1  23.8  24.2  23.9  23.9  23.7  24.1  24.1  24.2  24.1  24.2  24.6  33.0  41.5  59.2  61.3  53.7  46.3  33.1  31.2  28.8  27.9  27.4  27.7 
 24.4  24.6  24.6  24.6  24.3  24.1  24.5  24.3  24.1  24.2  24.3  24.1  24.0  24.1  24.0  24.1  24.0  23.9  24.4  24.9  30.9  35.8  48.5  49.6  43.3  39.1  31.7  30.5  27.9  27.7  27.5  27.8 
 25.0  24.6  24.9  24.9  24.4  24.2  24.4  24.4  24.3  24.0  24.2  24.3  24.1  23.9  24.1  24.5  24.2  24.0  24.5  25.3  27.0  28.3  31.9  32.7  32.2  31.2  29.7  29.3  27.5  27.1  27.9  29.2 
 24.7  24.7  24.7  24.7  24.5  24.1  24.5  24.3  24.0  24.1  24.0  24.2  23.7  24.0  24.3  24.2  23.9  24.0  24.8  25.4  26.1  26.6  29.3  29.9  29.8  30.0  28.9  28.9  27.3  27.2  28.6  30.0 
 25.5  24.8  24.9  25.2  24.6  24.2  24.4  24.5  24.4  24.1  24.2  24.6  24.3  24.0  24.2  24.3  24.1  23.9  25.0  25.1  25.5  25.6  27.0  27.8  28.1  27.9  28.0  28.1  27.5  27.3  30.1  31.4 
 25.8  25.3  24.9  25.3  24.3  24.6  24.6  24.6  24.1  24.1  24.4  24.6  24.2  24.0  24.3  24.3  24.1  24.2  25.1  25.0  25.1  25.3  26.9  27.1  27.2  27.4  27.4  27.6  27.5  27.8  30.8  32.1 
