 24.4  23.7  23.9  23.9  23.2  23.2  23.0  23.1  22.7  22.5  22.9  23.0  22.8  22.6  22.9  23.1  22.5  22.6  22.8  23.2  22.6  22.7  23.3  23.3  24.9  26.1  28.1  29.3  29.8  29.8  30.7  31.5 
 23.6  23.5  23.9  24.0  23.2  22.6  23.2  23.2  23.1  22.6  23.1  23.1  22.8  22.5  23.0  22.9  22.5  22.4  23.1  22.7  22.9  22.6  23.7  23.3  23.9  24.3  27.9  29.1  30.0  30.2  31.1  30.9 
 23.1  23.4  23.6  23.6  23.0  22.8  23.0  23.1  22.8  22.7  22.9  23.1  22.6  22.7  22.9  22.9  22.6  22.6  22.9  22.9  22.7  22.6  23.1  23.5  24.6  25.5  28.1  29.8  30.4  30.1  30.5  30.8 
 23.3  23.0  23.6  23.6  22.8  22.5  23.1  23.1  23.0  22.8  23.1  22.8  22.5  22.5  22.8  22.7  22.8  22.5  23.0  22.9  22.8  22.8  23.3  23.7  26.1  26.6  30.3  30.6  31.3  31.3  30.7  30.6 
 23.3  23.0  23.3  23.4  23.0  22.7  23.1  23.1  23.1  23.3  23.0  23.1  22.6  22.6  22.8  22.8  22.6  22.6  22.9  23.0  22.7  22.6  23.5  25.1  28.0  29.0  31.3  31.7  31.9  31.8  32.3  31.6 
 23.1  23.2  23.3  23.3  22.9  23.0  23.3  23.3  23.8  24.1  23.4  23.1  22.7  22.5  22.8  22.9  22.7  22.7  23.0  22.8  22.9  22.6  24.1  24.5  28.7  29.8  31.4  31.8  32.0  32.3  31.7  30.3 
 23.1  23.2  23.4  23.4  22.9  23.0  23.3  23.6  25.6  26.9  24.3  23.6  22.7  22.7  22.8  22.9  22.7  22.8  22.9  22.9  23.0  22.8  23.6  25.2  30.0  30.8  31.8  32.0  31.7  31.9  28.2  28.0 
 23.3  23.4  23.4  23.3  22.9  22.8  23.3  23.5  26.2  27.8  25.0  23.3  22.6  22.8  22.7  22.8  22.7  22.7  22.9  22.9  22.8  22.7  23.7  25.5  29.9  30.6  31.6  31.7  32.0  30.7  27.5  25.7 
 23.3  23.3  23.6  23.4  23.0  22.8  22.9  23.2  23.4  23.5  23.2  23.1  22.8  22.8  22.8  22.9  22.7  22.7  23.0  23.0  22.8  23.0  23.5  24.4  28.5  29.6  30.9  31.2  30.1  28.8  25.7  25.6 
 23.8  23.2  23.8  23.3  23.0  22.9  23.1  23.1  23.0  23.0  23.1  23.1  22.6  22.6  22.7  22.9  22.8  22.8  23.0  23.0  22.7  22.9  23.1  23.6  26.3  27.6  29.7  30.0  29.1  27.4  25.5  25.2 
 23.7  23.8  23.9  24.1  23.3  23.3  23.3  23.2  22.9  22.9  23.0  22.9  22.8  22.7  22.8  23.0  22.8  22.8  22.8  22.9  22.8  22.7  23.1  23.0  23.2  23.2  24.6  25.5  25.5  24.9  24.9  25.1 
 23.9  23.8  24.2  24.1  24.0  24.0  23.8  23.5  23.0  22.9  23.0  22.9  22.6  22.6  22.9  22.9  22.6  22.8  22.9  22.8  22.7  22.8  23.0 nan  23.1  22.9  24.8  25.3  24.9  24.1  24.4  24.6 
 24.4  24.0  25.2  25.7  26.2  26.5  29.1  29.6  27.7  26.0  23.1  23.2  22.7  22.7  22.8  22.9  22.8  22.7  22.8  22.8  22.7  22.6  23.0  23.2  23.1  23.1  24.8  25.6  24.2  23.6  24.0  24.6 
 24.8  24.7  25.8  26.4  27.8  28.7  36.7  42.4  44.9  39.5  24.1  23.3  22.8  22.8  22.9  22.9  22.7  22.7  22.9  23.0  22.8  22.7  23.0  22.9  23.1  23.0  23.8  24.0  24.1  23.8  24.2  24.1 
 25.2  25.4  26.4  27.4  29.8  32.6  51.7  60.4  71.2  67.8  34.3  25.8  22.9  22.8  22.8  22.9  22.9  22.5  22.8  23.0  22.9  22.6  23.1  23.2  23.0  22.9  23.3  23.5  23.4  23.4  24.0  24.4 
 25.5  25.5  27.1  27.7  30.5  33.2  52.3  60.9  76.3  76.0  39.1  26.7  23.0  22.8  23.0  23.0  22.8  22.6  22.8  23.1  22.7  22.7  23.0  23.0  22.9  22.9  23.3  23.4  23.2  23.6  24.1  24.2 
 25.5  25.7  26.8  27.3  29.8  31.8  45.8  55.4  78.5  78.6  34.1  25.5  23.1  23.0  22.9  23.1  22.8  22.7  23.1  23.0  22.9  22.7  22.9  23.0  23.1  22.9  23.2  23.7  23.4  23.7  24.0  24.2 
 25.5  25.5  26.9  27.1  28.8  30.2  39.1  45.2  61.0  58.4  28.1  24.4  23.1  23.0  23.2  23.1  22.9  22.6  23.3  23.2  22.8  22.9  23.1  23.0  23.1  22.7  23.6  23.5  23.5  23.5  24.1  24.3 
 25.6  25.6  26.3  26.9  27.2  27.5  29.4  31.0  32.3  30.4  24.4  23.8  23.1  22.9  23.1  23.2  22.9  22.8  23.1  23.2  23.0  22.9  23.2  23.4  23.2  23.1  23.4  23.5  23.5  23.5  23.8  24.7 
 25.5  25.6  26.5  26.8  26.6  26.7  28.0  28.1  28.2  27.3  24.1  23.7  22.9  22.8  23.2  23.0  22.9  22.9  23.2  23.0  22.8  23.0  23.3  23.3  23.0  23.1  23.5  23.7  23.3  23.7  24.4  24.7 
 25.7  25.6  26.0  26.2  26.0  25.9  26.3  26.4  25.8  25.3  23.9  23.8  22.9  23.1  23.2  23.7  23.0  23.0  23.1  23.2  23.1  22.9  23.4  23.5  23.4  23.2  23.5  23.9  23.9  23.8  24.8  26.5 
 25.9  25.6  26.0  26.1  25.6  25.6  26.0  26.0  25.1  24.9  23.9  23.6  23.3  23.3  23.3  23.4  23.0  22.9  23.3  23.3  23.0  23.2  23.5  23.4  23.2  23.3  23.5  23.9  24.0  24.4  26.3  26.2 
 26.4  26.0  25.7  26.0  25.4  25.2  25.4  25.1  24.4  24.3  23.9  24.0  23.2  23.3  23.4  23.4  23.3  23.2  23.3  23.5  23.0  23.5  23.4  23.9  23.5  23.7  24.6  24.9  24.9  24.8  26.6  27.5 
 26.8  26.5  26.2  25.7  25.1  25.2  25.3  25.1  24.5  24.0  24.0  24.1  23.5  23.2  23.6  23.4  23.2  23.0  23.3  23.7  23.3  23.0  23.8  23.8  23.7  24.1  25.5  25.5  25.4  25.4  27.4  27.5 
