 24.7  23.8  23.7  24.0  24.4  23.9  24.0  24.0  24.0  23.5  23.9  24.2  24.0  23.9  23.9  24.0  23.8  23.8  23.9  24.0  24.0  23.9  24.2  24.6  24.3  23.9  24.6  24.6  25.9  26.1  27.5  28.5 
 24.0  23.8  23.7  24.1  24.2  24.1  24.3  24.2  23.9  23.9  24.0  24.1  23.7  23.7  24.0  23.9  23.9  23.9  24.2  24.1  23.9  23.8  24.4  24.2  24.2  24.3  24.6  24.7  25.6  26.3  27.7  27.7 
 24.0  23.6  24.1  24.1  24.2  23.9  24.2  24.0  23.8  23.5  23.8  24.1  23.9  23.6  24.0  23.9  23.9  23.7  23.8  24.1  24.1  23.7  24.0  24.0  24.1  24.1  24.6  25.0  26.7  27.0  27.7  27.9 
 23.7  23.5  24.3  24.3  23.9  23.9  24.2  24.2  23.8  23.7  24.1  24.0  23.7  23.7  23.9  24.0  23.9  23.7  23.9  23.9  23.8  23.8  24.1  24.2  23.9  24.2  25.0  25.8  27.0  27.5  28.4  28.5 
 24.0  23.7  24.0  24.4  24.1  24.0  24.1  24.1  24.0  23.8  23.8  24.0  23.8  23.6  23.8  23.9  23.9  23.8  23.8  23.9  23.8  24.0  24.0  24.1  24.0  23.8  25.5  26.3  27.5  27.5  28.8  28.6 
 23.9  23.7  24.4  24.2  24.1  24.0  24.3  24.0  23.9  23.8  24.0  23.9  23.8  24.0  23.9  23.9  23.8  23.7  24.1  23.9  23.8  23.7  24.0  24.1  24.0  24.2  25.8  26.9  27.7  27.6  28.4  28.5 
 23.7  23.9  24.1  24.2  23.9  24.0  24.1  24.1  23.8  23.8  23.8  24.0  23.8  23.9  23.9  23.9  23.8  23.7  23.9  24.0  24.0  23.9  24.0  24.2  24.0  24.1  26.1  26.8  27.4  27.2  27.4  27.8 
 24.1  24.2  24.4  24.4  24.3  24.0  24.2  24.1  23.8  24.0  24.1  23.8  23.8  23.7  24.0  23.9  23.8  23.7  24.0  23.9  23.9  23.9  24.2  24.0  23.8  24.3  26.4  27.2  27.2  27.3  27.9  27.5 
 24.5  23.9  24.3  24.4  24.1  23.9  24.2  23.9  23.9  23.7  24.0  24.0  23.9  23.8  23.8  23.9  23.8  23.9  23.9  24.1  23.9  23.9  23.9  24.1  24.2  24.2  27.1  28.2  28.9  28.0  27.0  27.0 
 24.3  24.2  24.5  24.3  24.1  24.0  24.1  24.1  23.8  23.6  24.0  24.1  23.8  23.7  23.9  23.9  23.7  23.8  24.0  24.1  23.9  23.8  24.1  24.2  24.1  24.2  27.7  29.3  29.4  28.1  26.2  25.7 
 24.2  24.1  24.4  24.6  24.1  24.1  24.1  24.2  23.9  23.8  24.1  24.0  23.9  23.8  23.8  24.0  23.9  23.8  24.1  23.9  24.0  23.8  24.2  24.2  24.2  24.1  26.6  28.5  28.6  27.3  25.5  25.6 
 24.4  24.1  24.3  24.5  24.0  23.8  24.0  24.0  23.7  23.7  24.0  23.9  24.0  23.8  24.0  24.0  23.8  23.9  24.1  24.2  23.9  24.0  24.1 nan  24.1  23.9  26.0  26.7  27.0  25.9  25.6  25.6 
 24.7  24.2  24.1  24.3  24.0  23.9  24.1  24.5  24.0  23.9  23.9  23.9  23.8  23.8  24.0  23.9  24.0  23.8  24.1  23.9  24.1  24.0  24.2  24.3  24.4  24.3  24.7  24.5  24.9  25.0  25.6  25.7 
 24.4  24.1  24.5  24.5  24.3  24.1  24.4  24.1  23.9  23.9  24.2  24.1  23.9  23.9  24.0  24.0  23.8  23.8  24.2  24.2  24.2  24.0  24.4  24.3  24.3  24.4  24.7  24.8  25.2  24.9  25.7  25.7 
 24.3  24.2  24.3  24.4  24.1  24.1  24.2  24.2  23.9  23.8  23.9  24.1  24.2  23.7  23.9  24.0  24.0  23.9  24.2  24.2  24.4  24.7  29.1  30.4  30.5  29.5  27.3  27.1  26.6  26.1  26.1  26.3 
 24.4  24.3  24.7  24.3  24.0  24.0  24.1  24.2  24.0  23.8  24.1  24.1  23.9  23.9  24.0  24.1  23.8  23.9  24.1  24.3  24.9  28.4  42.5  44.7  42.6  38.0  30.2  28.8  27.2  26.8  26.7  26.7 
 24.5  24.4  24.1  24.3  24.1  23.8  24.2  24.2  24.1  23.7  24.0  24.1  23.9  23.8  24.0  24.0  24.2  23.8  24.3  24.5  31.5  42.7  65.0  67.8  65.5  57.6  35.3  32.0  28.4  28.0  26.9  27.0 
 24.5  24.2  24.6  24.4  24.1  24.1  24.2  24.3  23.9  23.9  24.2  24.1  24.0  24.0  24.3  24.2  23.7  23.9  24.3  24.3  34.1  47.1  69.4  71.5  67.1  58.5  36.0  32.6  29.0  28.3  27.6  27.3 
 24.9  24.3  24.6  24.7  24.2  24.3  24.3  24.5  24.1  24.0  24.0  24.0  24.0  23.9  24.3  24.1  24.2  24.0  24.2  24.6  33.2  42.0  61.4  63.9  55.8  47.9  33.7  31.8  29.1  28.0  27.4  27.7 
 24.8  24.7  24.6  24.6  24.4  24.1  24.4  24.3  24.0  24.1  24.1  24.3  23.9  23.8  24.1  24.2  24.1  23.9  24.4  24.9  31.1  36.0  49.7  51.4  44.8  40.2  32.0  30.8  28.3  28.3  27.9  28.2 
 25.0  24.5  24.8  24.9  24.7  24.2  24.2  24.2  24.2  24.0  24.4  24.3  24.0  23.9  24.0  24.3  24.1  24.0  24.8  25.4  27.1  28.6  32.5  33.2  32.8  31.7  30.4  29.9  27.6  27.5  28.3  29.2 
 25.1  25.1  24.8  24.9  24.4  24.2  24.5  24.3  24.1  24.2  24.2  24.3  24.1  24.1  24.2  24.1  24.2  24.1  24.9  25.4  26.2  26.7  29.4  30.2  30.6  30.5  29.4  28.7  27.5  27.6  29.1  30.0 
 25.7  25.2  24.9  24.9  24.6  24.2  24.4  24.5  24.4  24.1  24.3  24.6  24.3  24.1  24.3  24.5  24.3  24.1  25.0  25.2  25.4  25.7  27.2  28.0  28.2  28.2  28.2  28.1  27.5  27.5  30.8  31.8 
 25.8  25.6  24.9  25.1  24.4  24.6  24.9  24.8  24.1  24.3  24.5  24.5  24.3  24.3  24.5  24.5  24.4  24.4  25.3  24.8  25.3  25.6  27.0  27.4  27.5  27.7  28.1  28.1  27.3  28.3  31.2  32.1 
