 24.4  23.8  23.7  24.0  24.2  24.0  23.8  24.2  24.0  23.7  23.8  24.0  24.1  23.6  23.6  24.0  23.9  23.7  23.8  23.9  24.1  24.1  23.9  24.1  24.1  23.9  24.1  24.8  24.7  24.5  25.2  26.2 
 23.8  23.6  23.7  23.6  24.0  24.4  24.0  23.7  23.8  23.7  24.0  23.8  23.6  24.0  23.9  23.8  23.7  23.8  24.0  23.9  24.0  23.8  24.1  24.2  23.8  24.4  24.4  24.2  24.4  24.4  25.5  25.3 
 23.9  23.4  23.7  24.0  24.4  24.0  23.9  24.2  23.9  23.6  23.8  24.1  23.8  23.6  23.6  24.0  23.9  23.9  23.8  23.9  24.0  23.9  23.7  24.2  24.4  23.9  24.2  24.2  24.3  23.9  24.4  24.8 
 23.5  23.8  24.0  24.1  24.2  24.1  24.1  23.8  23.6  23.8  23.8  23.8  23.5  23.6  23.9  23.7  23.7  23.7  24.1  23.9  23.7  23.9  24.1  24.2  23.7  24.0  24.2  24.0  24.2  24.3  24.4  24.5 
 24.0  23.8  23.9  24.1  24.0  23.9  23.7  24.1  23.9  23.7  23.7  23.8  24.0  23.7  23.9  23.8  23.8  23.6  23.8  23.7  23.7  23.8  23.8  24.0  24.2  23.9  23.8  24.2  24.3  24.0  24.0  24.9 
 23.5  23.7  24.1  24.0  23.7  24.1  24.0  23.9  23.7  23.9  23.7  23.8  23.7  23.8  23.9  23.8  23.7  23.8  23.9  23.8  23.6  23.7  23.8  23.9  23.8  23.9  23.9  24.1  23.9  24.4  24.3  24.5 
 24.0  23.9  23.9  24.4  24.2  24.1  23.9  24.0  23.8  23.6  23.8  24.0  23.9  23.7  23.6  24.0  23.8  23.7  23.7  23.9  23.8  23.8  23.7  24.1  23.9  23.8  23.9  24.4  24.1  24.0  24.0  24.7 
 24.1  24.1  24.0  24.1  23.9  24.3  24.1  23.7  23.6  23.8  24.0  23.8  23.8  23.7  23.9  23.8  23.9  23.7  23.8  23.8  23.9  23.7  24.2  23.9  23.6  23.8  24.1  24.2  23.9  24.1  24.2  23.5 
 24.5  24.1  23.9  23.9  24.1  24.0  23.8  23.7  24.0  23.9  23.8  23.9  23.9  23.7  23.6  23.9  23.7  23.9  23.6  23.9  23.9  23.7  23.7  23.8  23.9  24.0  23.8  24.3  24.1  24.1  23.9  24.5 
 24.2  24.2  24.2  24.1  24.0  24.1  24.1  24.0  23.8  23.9  23.8  23.9  23.7  23.7  23.9  23.8  23.8  23.9  23.9  23.9  23.7  23.9  24.1  23.8  24.0  24.0  24.1  24.3  24.0  24.1  24.2  24.1 
 24.4  24.1  24.2  24.2  24.0  24.0  24.0  24.1  23.8  23.7  23.8  24.0  23.8  23.6  23.7  23.8  23.9  23.7  23.9  23.9  23.9  24.0  23.9  24.0  24.1  23.7  23.7  24.2  24.4  24.2  24.1  24.7 
 23.9  24.1  24.2  24.2  24.0  24.1  23.9  24.0  23.8  23.5  23.9  23.9  23.7  23.8  23.7  23.9  23.7  23.9  23.8  24.0  23.8  24.0  24.0 nan  24.0  23.8  23.9  24.1  24.0  24.0  24.5  24.3 
 24.6  23.9  24.1  24.1  24.1  24.0  24.0  24.2  23.8  23.7  23.8  23.9  23.7  23.7  23.8  23.9  24.0  23.8  23.9  24.1  24.1  23.9  24.3  24.3  24.2  24.1  24.3  24.5  24.4  24.4  24.6  25.1 
 24.1  24.3  24.4  24.3  23.9  24.0  24.2  23.9  23.6  23.8  24.0  24.0  23.8  23.8  24.0  24.0  23.9  23.8  24.2  24.2  24.0  24.0  24.4  24.3  24.3  24.3  24.6  24.7  24.9  24.9  25.1  25.1 
 24.5  24.1  24.2  24.5  24.2  24.2  24.2  24.0  24.1  23.8  23.8  24.1  24.0  23.6  23.8  24.0  24.0  23.7  24.0  24.0  24.4  24.8  29.5  30.9  30.8  30.0  27.4  27.3  26.7  26.3  26.1  26.2 
 24.1  24.1  24.4  24.2  24.1  23.8  24.2  24.3  24.0  23.8  24.1  23.9  23.8  24.0  24.0  23.8  23.9  23.9  24.1  24.0  25.1  28.7  45.0  47.4  44.4  39.2  30.6  29.0  27.5  27.0  26.5  26.5 
 24.5  24.4  24.5  24.4  24.4  24.0  24.1  24.2  24.2  23.9  23.9  24.1  24.0  23.7  23.9  23.9  24.0  23.8  24.1  24.3  32.0  44.3  70.0  73.2  69.7  60.5  36.0  32.7  29.1  28.2  27.0  27.1 
 24.5  24.5  24.4  24.1  24.0  24.1  24.2  24.2  24.1  23.9  24.0  24.0  23.8  23.8  24.1  24.0  23.8  24.0  24.1  24.2  34.3  48.6  74.4  77.2  71.3  61.5  36.8  33.1  29.1  28.7  27.4  27.2 
 24.9  24.4  24.5  24.8  24.3  24.2  24.1  24.4  24.3  23.9  24.0  24.1  24.0  23.8  23.9  24.0  24.1  24.0  24.1  24.6  33.4  42.4  64.5  67.8  58.9  49.8  34.3  32.4  29.6  28.5  27.6  28.0 
 24.4  24.6  24.6  24.6  24.3  24.2  24.4  23.9  24.0  23.8  24.0  24.0  24.1  23.9  24.1  23.9  23.9  24.1  24.3  24.8  31.2  36.3  51.6  53.7  46.9  41.9  32.8  31.3  28.6  28.3  28.0  27.9 
 24.8  24.5  24.6  24.9  24.4  24.1  24.1  24.4  24.3  23.8  23.9  24.1  24.0  23.8  24.0  24.1  24.0  24.1  24.3  25.3  27.0  28.4  33.0  34.2  33.5  32.5  30.5  30.0  28.3  27.9  28.1  29.7 
 24.9  24.5  24.8  24.7  24.2  24.1  24.4  24.2  24.0  24.1  24.2  24.1  23.9  24.0  24.1  24.1  23.9  23.9  24.8  25.0  25.9  26.9  29.7  30.6  31.1  31.1  29.8  29.3  27.6  27.9  29.1  30.0 
 26.0  24.7  24.7  24.9  24.3  24.2  24.2  24.2  24.5  24.1  24.1  24.5  24.2  23.9  23.9  24.2  24.2  24.0  25.0  25.2  25.6  25.6  27.3  28.0  28.8  28.8  28.5  28.4  27.6  27.9  30.0  31.8 
 25.2  25.3  24.9  25.1  24.4  24.6  24.6  24.3  24.0  24.0  24.4  24.1  23.8  24.0  24.1  24.2  24.0  24.3  25.2  24.9  25.3  25.5  27.0  27.5  27.9  27.9  28.2  28.0  27.9  28.5  31.2  32.1 
