 24.0  23.6  23.7  23.8  23.9  24.0  24.1  24.3  23.8  23.5  24.0  24.0  23.7  23.4  23.8  24.0  23.7  23.8  24.1  24.0  23.9  23.6  24.1  24.2  23.8  24.0  24.1  24.5  24.3  24.1  25.2  25.9 
 24.0  23.4  23.6  24.0  23.9  23.8  24.0  24.2  23.8  23.6  24.0  24.1  23.5  23.5  24.0  23.9  23.8  23.7  23.8  23.8  23.9  23.5  24.1  24.2  23.8  24.1  24.1  24.2  24.3  24.2  25.2  25.3 
 23.4  23.6  23.9  23.8  24.0  23.8  23.9  23.8  23.7  23.6  24.0  23.9  23.7  23.7  24.0  23.9  23.7  23.6  24.0  23.9  23.8  23.7  24.1  24.0  24.0  23.8  24.2  24.4  24.2  24.1  24.5  25.0 
 23.7  23.6  23.8  23.9  23.9  23.9  24.1  24.2  23.7  23.6  23.8  24.0  23.7  23.6  23.9  23.9  23.9  23.6  24.0  23.9  23.7  23.7  24.4  24.1  24.0  23.8  24.5  24.2  23.9  24.0  24.6  24.7 
 23.8  23.7  24.0  24.1  24.0  24.0  24.1  24.1  23.8  23.7  23.9  23.9  23.7  23.5  24.1  23.8  23.5  23.5  23.9  23.8  23.7  23.7  24.0  24.0  23.9  23.8  24.3  24.0  23.8  23.9  24.6  24.5 
 23.7  23.7  23.9  24.0  24.0  24.1  24.0  24.0  23.8  23.6  23.7  23.9  23.6  23.6  23.8  23.9  23.8  23.6  23.8  24.1  24.0  23.6  23.9  24.0  24.0  23.6  24.0  24.5  24.0  24.1  24.0  24.5 
 23.7  23.7  23.9  24.2  23.9  23.9  24.1  24.2  23.8  23.5  23.8  23.8  23.7  23.5  23.9  24.0  23.6  23.6  24.0  23.9  23.9  23.7  23.9  24.1  23.7  23.8  24.0  24.3  24.0  24.0  24.3  24.3 
 23.8  23.8  24.0  24.3  24.0  23.8  24.1  24.2  23.7  23.7  24.0  24.1  23.9  23.7  23.9  23.9  23.7  23.6  23.7  23.9  23.8  23.7  23.9  24.1  23.7  23.6  24.1  24.3  23.9  24.0  24.1  23.7 
 24.2  24.1  24.3  24.1  23.9  23.9  24.1  24.2  23.8  23.7  24.0  23.9  23.7  23.7  23.9  23.7  23.6  23.8  24.0  23.8  23.8  23.7  24.1  23.9  24.0  24.0  24.1  24.2  23.8  23.8  24.2  24.2 
 24.3  24.0  24.2  24.4  24.1  23.8  24.1  24.1  23.8  23.6  23.8  24.1  23.8  23.7  23.8  24.1  23.8  23.7  23.8  24.0  23.9  23.7  23.9  24.0  24.0  23.8  24.1  24.5  23.9  23.9  24.7  24.4 
 24.1  24.0  24.3  24.3  24.0  24.0  24.2  24.1  23.6  23.8  23.9  24.0  23.7  23.6  23.9  23.9  23.7  23.7  23.9  24.0  23.7  23.8  24.2  24.0  23.9  23.9  24.3  24.1  24.1  24.1  24.7  24.5 
 24.2  23.8  24.3  24.2  23.9  23.7  24.0  24.0  23.8  23.6  24.0  24.0  23.8  23.7  23.8  24.0  23.9  23.9  23.9  24.2  23.8  23.7  23.9 nan  23.9  23.8  24.1  24.4  24.0  23.7  24.3  24.8 
 24.6  24.1  24.1  24.1  23.9  23.9  24.3  24.1  23.8  23.7  23.9  24.0  23.8  23.7  23.9  23.9  23.8  23.7  23.9  23.8  23.9  23.7  24.1  24.1  24.0  24.0  24.4  24.5  24.2  24.4  24.9  24.8 
 24.2  23.8  24.3  24.6  24.2  23.8  24.2  24.1  23.8  23.5  24.0  24.1  23.7  23.7  24.0  23.9  23.9  23.6  24.0  24.2  24.1  23.8  24.2  24.4  24.3  24.1  24.4  24.8  25.2  24.9  25.4  25.3 
 23.9  24.2  24.3  24.5  24.1  24.0  24.4  24.1  23.9  23.8  23.8  24.0  23.7  23.7  23.9  24.0  23.8  23.7  24.2  24.1  24.1  24.8  29.7  31.0  30.8  29.7  27.3  27.2  26.6  26.0  26.2  26.3 
 24.6  24.0  24.3  24.4  24.1  23.8  24.1  24.2  23.8  23.6  23.9  24.1  23.8  23.7  23.9  23.9  23.8  23.6  23.9  24.3  25.1  28.7  45.0  47.4  44.3  39.0  30.8  29.2  27.5  26.8  26.5  26.7 
 24.5  24.2  24.6  24.0  24.0  24.0  24.1  24.2  24.0  23.8  23.9  24.1  23.6  23.8  24.0  24.0  23.8  23.6  24.2  24.3  31.7  44.2  70.1  73.3  69.7  60.6  36.2  32.6  28.8  28.2  27.5  27.3 
 24.5  24.1  24.4  24.6  23.9  24.0  24.2  24.3  23.9  24.0  23.8  24.1  23.9  23.7  24.0  24.1  24.0  23.8  24.3  24.4  34.2  48.6  74.6  77.3  71.4  61.4  36.8  33.4  29.1  28.6  27.6  27.4 
 24.6  24.4  24.8  24.7  24.2  24.1  24.2  24.3  24.1  23.9  24.1  24.0  23.8  23.8  24.3  24.1  24.0  24.0  24.2  24.5  33.3  42.2  64.6  67.7  58.8  49.8  34.6  32.2  29.2  28.4  28.1  27.9 
 24.8  24.6  24.5  24.8  24.4  24.0  24.4  24.2  24.2  23.9  24.3  24.1  23.8  23.8  24.0  24.1  24.0  23.8  24.3  24.8  31.0  36.1  51.6  53.7  46.7  41.7  32.8  31.4  28.6  28.2  27.9  28.4 
 24.6  24.5  24.9  24.6  24.2  24.0  24.4  24.6  24.2  24.0  24.2  24.3  24.0  23.8  24.1  24.2  24.0  23.9  24.5  25.2  27.1  28.3  32.9  33.9  33.7  32.3  30.8  29.9  27.6  27.5  28.1  29.2 
 24.9  24.7  25.0  24.7  24.2  24.2  24.2  24.5  23.9  24.0  23.9  24.2  23.9  23.8  24.1  24.3  24.1  23.9  24.8  25.5  25.8  26.8  29.6  30.8  31.0  30.8  29.7  29.3  27.6  27.4  28.9  30.6 
 25.2  24.5  24.9  25.0  24.4  24.1  24.6  24.2  24.1  24.0  24.3  24.4  24.0  23.9  24.2  24.3  24.1  23.9  25.2  25.1  25.3  25.6  27.7  28.3  28.4  28.5  28.5  28.4  27.3  27.5  30.8  31.4 
 25.2  25.1  25.1  25.1  24.4  24.3  24.6  24.8  24.1  24.0  24.2  24.2  24.1  23.9  24.1  24.3  24.1  24.0  25.1  25.2  25.1  25.4  26.9  27.4  27.7  27.5  27.9  28.3  27.7  28.6  31.2  32.5 
