 23.7  23.0  23.6  23.3  22.9  23.0  23.2  23.1  22.5  22.6  23.1  22.9  22.7  22.5  22.8  22.8  22.4  22.5  22.8  23.0  22.8  22.6  22.7  23.0  22.6  22.7  23.3  23.3  23.2  23.3  24.2  25.5 
 23.5  23.4  23.6  23.7  22.9  22.8  23.2  23.0  23.0  22.8  23.1  22.9  22.7  22.5  22.9  22.9  22.6  22.5  23.0  22.7  22.7  22.4  23.0  23.0  23.0  23.0  23.3  23.1  23.3  22.9  24.5  24.8 
 23.3  23.0  23.3  23.3  22.8  23.1  22.8  22.9  22.6  22.7  23.0  22.9  22.5  22.6  22.7  22.7  22.4  22.7  22.4  22.6  22.6  22.6  22.7  23.1  22.7  22.7  23.4  23.1  23.2  23.3  23.7  24.2 
 23.2  23.2  23.5  23.1  23.1  22.5  23.0  23.2  22.9  22.7  23.2  23.2  22.7  22.5  23.0  22.8  22.8  22.3  22.8  22.6  22.5  22.3  23.0  22.8  22.6  22.7  23.4  23.2  23.1  23.7  24.0  23.9 
 23.0  23.2  23.3  23.0  22.6  22.7  23.1  22.9  23.0  23.4  23.9  23.5  22.6  22.4  22.7  22.6  22.4  22.5  22.7  22.5  22.5  22.6  22.8  22.8  22.6  22.7  23.4  23.0  23.0  23.5  23.8  23.9 
 23.1  23.0  23.1  22.9  22.9  22.7  23.1  23.2  23.5  24.1  25.5  24.0  22.7  22.6  22.8  22.9  22.5  22.7  22.8  22.7  22.7  22.5  23.0  22.8  22.9  22.5  23.2  22.9  22.8  22.9  23.5  23.1 
 23.2  23.2  22.9  23.1  22.6  22.8  23.1  23.2  23.6  24.9  27.4  24.9  22.6  22.4  22.7  22.7  22.4  22.5  22.8  22.7  22.4  22.7  22.9  22.9  22.7  22.9  22.9  23.1  23.1  23.0  23.4  23.0 
 23.3  22.9  23.1  23.2  22.8  22.6  23.0  23.1  23.0  23.3  24.4  23.3  22.7  22.6  22.9  22.8  22.6  22.3  22.7  22.7  22.7  22.6  22.9  22.9  22.8  22.6  22.9  23.0  22.7  22.7  22.9  22.3 
 23.2  23.1  23.5  23.3  22.7  22.8  23.0  22.9  22.7  22.7  22.9  22.9  22.5  22.6  22.6  22.7  22.4  22.6  22.9  22.6  22.6  22.6  22.8  22.7  22.6  22.9  23.0  22.9  22.7  22.8  23.1  23.2 
 23.4  23.1  23.5  23.4  23.2  22.9  23.1  23.1  22.7  22.7  22.8  23.0  22.7  22.6  22.8  22.8  22.6  22.5  22.8  22.8  22.7  22.5  22.8  22.9  22.7  22.5  23.0  22.9  22.8  22.6  23.4  23.3 
 24.0  24.0  24.6  24.5  24.4  24.2  23.6  23.3  22.9  22.8  23.0  22.9  22.6  22.5  22.9  22.8  22.4  22.6  22.7  22.8  22.6  22.8  22.8  22.8  22.5  22.6  22.9  22.9  22.8  22.9  23.2  23.5 
 24.0  24.3  25.2  25.3  25.5  25.4  25.0  24.3  23.2  22.8  22.9  22.9  22.7  22.5  22.8  22.7  22.5  22.5  22.9  22.9  22.6  22.5  22.9 nan  22.6  22.3  22.8  23.0  23.3  22.8  23.4  23.3 
 25.0  25.0  26.1  26.7  28.5  29.5  37.9  41.9  39.5  33.7  23.4  23.2  22.7  22.8  23.1  22.8  22.6  22.6  22.8  22.7  22.5  22.6  22.8  23.0  22.6  22.8  23.2  23.3  22.8  23.1  23.3  23.5 
 25.5  25.6  27.0  27.5  29.9  32.4  47.5  54.3  58.7  51.6  24.8  23.4  22.9  22.7  22.8  22.9  22.6  22.6  22.8  22.8  22.4  22.4  22.9  22.8  22.8  22.7  24.1  24.2  23.5  23.2  23.3  23.1 
 25.6  26.0  27.4  28.4  32.4  36.4  57.6  66.6  77.6  73.5  30.6  24.8  22.8  22.9  22.8  22.7  22.8  22.7  22.8  22.9  22.6  22.5  23.0  22.9  22.7  22.9  25.3  24.9  23.1  23.1  23.4  23.4 
 25.6  25.5  27.4  28.5  32.5  36.6  57.2  68.8  87.2  82.2  30.4  24.7  23.0  22.7  22.9  22.9  22.6  22.5  22.9  23.0  22.7  22.5  22.9  22.9  22.7  22.6  24.1  24.3  23.2  22.9  23.7  23.7 
 25.6  25.9  27.5  27.9  29.8  31.6  45.3  55.6  67.5  57.1  25.5  23.8  22.9  22.8  22.9  23.1  22.7  22.8  22.9  22.7  22.8  22.7  22.9  22.7  22.6  22.6  23.2  23.6  23.2  23.3  23.6  23.5 
 26.0  25.7  26.9  27.0  28.4  29.4  37.5  42.8  46.3  39.0  24.1  23.5  23.1  22.8  23.0  23.0  22.9  22.6  23.1  22.9  22.8  22.5  23.0  23.0  23.0  22.5  23.2  23.4  23.3  23.2  23.8  23.7 
 25.8  25.7  26.6  26.7  26.7  27.2  28.8  29.3  28.0  26.2  23.6  23.5  22.9  22.9  23.1  23.1  22.9  22.8  23.1  23.1  22.8  22.6  23.2  23.2  22.7  23.1  23.1  23.4  23.2  23.1  23.8  24.1 
 25.6  25.6  26.6  26.4  26.6  26.3  27.5  27.5  26.3  25.0  23.5  23.4  23.1  22.9  23.2  23.0  22.9  22.6  23.1  22.8  22.8  22.6  22.9  23.4  22.8  22.9  23.3  23.2  23.5  23.3  23.6  24.1 
 25.3  25.8  26.3  26.1  25.7  25.8  26.1  25.8  24.9  24.3  23.8  23.8  23.2  23.1  23.2  23.2  22.8  22.9  23.0  23.1  22.7  22.7  23.2  23.3  23.1  22.9  23.4  23.5  23.1  23.4  24.1  24.5 
 25.7  25.4  26.0  25.9  25.4  25.4  25.6  25.5  24.5  24.1  23.8  23.7  23.2  23.0  23.3  23.3  23.1  22.8  23.3  23.2  22.7  22.6  23.2  23.1  22.9  22.9  23.4  23.7  23.2  23.3  24.7  25.4 
 26.3  26.0  26.0  25.8  25.1  25.1  25.1  24.7  24.0  23.9  24.1  23.7  23.2  23.3  23.2  23.4  23.1  22.9  23.3  23.3  22.8  23.1  23.5  23.6  23.2  23.2  23.8  24.0  23.9  23.9  25.8  26.4 
 27.2  26.1  25.4  25.5  25.0  25.0  24.9  24.5  24.1  23.7  23.9  23.6  23.3  23.2  23.4  23.5  23.1  23.1  23.4  23.2  23.3  23.2  23.4  23.5  23.2  23.1  24.7  24.8  24.8  24.6  26.8  27.7 
