 23.9  23.4  23.4  23.5  23.2  22.7  22.7  23.0  22.4  22.4  23.0  22.9  22.5  22.6  22.7  22.8  22.6  22.4  22.9  22.8  22.4  22.6  22.9  23.1  22.9  22.6  23.4  23.8  23.5  23.3  24.5  25.3 
 23.6  23.0  23.6  23.3  22.8  22.8  23.0  23.0  22.5  22.6  23.2  22.9  22.6  22.4  22.9  22.9  22.6  22.6  23.0  22.9  22.6  22.5  22.9  23.0  22.5  22.6  23.6  24.3  23.8  23.4  24.3  24.3 
 23.5  23.1  23.5  23.7  22.8  22.2  23.0  22.8  22.6  22.5  22.7  22.9  22.5  22.5  22.7  22.8  22.5  22.5  22.6  22.7  22.6  22.5  22.8  23.0  22.8  22.8  23.0  23.2  23.0  23.0  23.6  24.0 
 23.4  22.8  23.4  23.4  22.6  22.5  23.2  23.0  23.1  22.6  23.1  22.7  22.5  22.5  22.8  22.6  22.5  22.3  22.8  22.8  22.6  22.4  22.8  22.9  22.7  22.7  23.4  23.0  22.7  23.0  23.8  23.8 
 23.2  23.1  23.4  23.4  22.8  22.8  23.3  23.3  23.1  23.3  23.0  23.0  22.6  22.5  22.6  22.7  22.4  22.4  22.6  22.7  22.4  22.4  22.6  22.9  22.7  22.6  23.0  23.5  22.9  23.1  23.5  23.3 
 23.2  22.8  23.2  23.3  22.7  22.7  23.3  23.3  23.7  24.0  23.3  23.1  22.6  22.5  22.7  22.6  22.5  22.4  22.6  22.7  22.5  22.5  23.0  22.8  22.9  22.5  23.2  23.2  23.0  22.9  23.4  23.3 
 23.0  23.0  23.0  23.3  22.7  22.8  23.2  23.4  25.3  26.7  24.3  23.3  22.5  22.4  22.6  22.7  22.5  22.5  22.7  22.7  22.6  22.6  22.8  23.0  22.6  22.6  22.9  23.2  23.0  22.6  23.1  23.5 
 23.2  23.0  23.3  23.2  22.8  22.8  23.3  23.4  25.9  27.3  24.7  23.5  22.7  22.4  22.8  22.7  22.7  22.5  22.7  22.7  22.6  22.4  22.9  22.8  22.5  22.5  23.1  23.0  22.9  22.8  23.3  22.5 
 23.4  23.2  23.3  23.3  22.8  22.8  23.1  23.2  23.3  23.5  23.2  22.9  22.7  22.4  22.7  22.7  22.4  22.6  22.7  22.8  22.7  22.6  22.7  22.8  22.8  22.6  23.1  23.2  23.0  22.7  23.2  23.4 
 23.9  23.3  23.8  23.4  23.0  22.8  23.2  23.1  22.9  22.9  23.2  23.0  22.5  22.4  22.8  22.8  22.6  22.6  22.8  22.8  22.6  22.5  22.9  22.9  22.9  22.6  23.3  23.1  23.2  22.9  23.8  23.5 
 24.1  23.8  24.0  24.2  24.0  23.7  23.3  23.4  22.9  22.9  23.1  23.0  22.7  22.6  22.7  22.9  22.5  22.6  22.9  22.9  22.7  22.6  22.9  22.7  22.6  22.5  23.6  24.0  23.6  23.5  23.6  23.6 
 23.9  23.8  24.5  24.4  24.7  24.4  24.2  23.6  23.2  22.9  23.0  22.9  22.7  22.5  22.8  22.8  22.6  22.6  22.8  22.8  22.7  22.4  22.8 nan  22.6  22.7  24.4  25.2  24.0  23.1  23.6  23.4 
 24.3  24.4  25.5  25.9  27.0  27.7  32.8  35.3  33.4  29.4  23.3  23.1  22.7  22.7  22.9  22.8  22.7  22.5  23.0  22.8  22.7  22.5  22.8  22.8  22.7  22.7  24.3  24.8  23.4  23.1  23.7  23.6 
 24.8  24.8  26.1  26.5  28.6  30.1  42.1  49.3  53.7  47.4  24.9  23.5  22.9  22.7  22.9  22.9  22.7  22.6  22.8  22.8  22.6  22.4  22.8  22.9  22.7  22.6  23.3  23.6  23.4  23.3  23.6  23.6 
 25.1  25.5  26.8  27.5  30.6  33.9  55.0  63.4  74.9  71.6  34.7  25.7  22.8  22.8  22.8  23.0  22.7  22.8  23.0  23.0  22.4  22.6  22.7  23.0  22.6  22.6  23.0  23.1  23.0  23.2  23.6  23.7 
 25.5  25.5  27.2  27.7  30.8  34.2  53.7  62.9  78.8  79.5  37.4  26.2  23.0  22.7  22.9  22.8  22.7  22.7  23.0  22.9  22.7  22.5  22.9  22.8  22.7  22.7  23.2  23.0  23.3  23.0  23.4  23.5 
 25.4  25.5  26.7  27.0  29.5  31.7  44.3  53.5  73.2  70.3  30.2  24.5  22.7  22.8  22.8  22.8  22.6  22.5  22.8  22.8  22.6  22.7  23.0  22.8  22.6  22.4  23.0  23.1  23.1  23.1  23.5  23.9 
 25.6  25.2  26.7  27.1  28.7  29.7  37.1  42.2  54.2  49.8  26.0  23.8  22.8  22.8  22.9  22.9  22.7  22.5  22.9  23.1  22.9  22.6  22.8  23.0  22.9  22.9  23.4  23.4  23.3  22.9  23.5  23.6 
 25.6  25.7  26.5  26.7  26.9  27.1  28.8  29.7  29.7  28.1  23.9  23.4  22.7  22.8  23.0  23.1  22.9  22.9  22.8  22.9  22.6  22.6  22.8  23.0  23.0  22.8  23.2  23.4  23.3  23.5  23.5  24.2 
 25.4  25.3  26.4  26.5  26.2  26.4  27.4  27.5  27.2  26.1  23.6  23.5  22.9  22.9  23.2  23.0  22.7  22.6  23.3  22.9  22.7  22.7  23.2  23.2  22.7  22.7  23.4  23.5  23.2  23.2  24.1  24.1 
 25.2  25.4  25.8  26.2  25.8  25.5  25.9  25.9  25.4  24.8  23.8  23.6  23.0  22.9  23.0  23.1  22.9  22.8  23.0  23.1  22.7  23.0  23.2  23.2  23.1  22.8  23.2  23.7  23.7  24.2  25.4  25.4 
 25.5  25.3  25.8  25.7  25.2  25.4  25.7  25.7  24.6  24.3  23.7  23.6  23.1  22.7  23.1  23.3  22.9  22.8  23.0  23.1  22.9  22.8  23.5  23.2  23.1  22.9  23.5  24.1  24.6  24.8  26.0  26.1 
 26.3  26.0  25.4  25.8  24.9  25.0  25.1  25.0  24.1  23.9  23.6  23.8  23.2  23.2  23.2  23.0  23.0  22.7  23.2  23.3  23.2  23.0  23.3  23.6  23.5  23.7  25.3  25.9  26.1  25.6  26.7  27.5 
 27.0  26.2  25.5  25.3  25.1  24.8  25.0  25.0  24.0  23.9  23.8  23.6  23.2  23.2  23.4  23.0  23.0  23.1  23.4  23.5  23.1  23.1  23.8  24.0  24.2  24.8  26.4  26.8  26.3  25.9  27.0  27.5 
