 23.9  23.3  23.6  23.5  23.2  23.3  23.1  23.0  22.9  22.7  23.2  23.1  22.8  22.6  22.9  22.8  22.8  22.7  22.8  23.0  22.7  22.7  22.8  23.2  22.8  22.9  23.4  23.6  23.3  23.6  24.4  25.5 
 23.6  23.5  23.9  23.6  23.3  23.0  23.1  23.2  22.8  22.6  23.2  23.1  22.6  22.8  23.0  23.1  22.6  22.5  22.9  23.1  22.8  22.5  23.1  23.0  22.7  22.8  23.1  23.2  23.2  23.2  24.7  24.8 
 23.7  23.3  23.6  23.6  22.9  22.7  22.9  23.0  22.9  22.8  23.0  23.0  22.7  22.6  22.8  23.0  22.7  22.5  22.7  22.9  22.7  22.8  22.8  22.9  23.0  22.9  22.9  23.2  23.2  23.4  23.8  24.0 
 23.2  23.1  23.4  23.3  22.9  22.6  23.1  23.1  22.9  22.7  23.2  23.0  22.6  22.7  22.8  22.8  22.7  22.5  23.0  22.9  22.6  22.6  22.9  22.9  22.9  22.9  23.2  23.2  23.2  24.0  24.1  23.8 
 23.4  23.3  23.2  23.4  22.9  22.8  23.0  23.1  23.3  23.6  24.1  23.2  22.8  22.7  22.6  22.7  22.6  22.5  22.7  22.9  22.7  22.6  22.8  23.1  22.8  22.8  23.1  23.1  23.4  23.9  23.4  23.7 
 23.2  22.8  23.2  23.0  22.7  22.8  23.1  23.0  23.5  24.4  25.9  24.0  22.6  22.7  22.8  22.8  22.6  22.7  22.9  22.8  22.6  22.8  22.9  23.0  22.9  22.8  22.7  23.0  22.9  23.2  23.6  23.5 
 23.2  23.2  23.3  23.5  22.8  22.8  22.9  23.2  23.8  24.9  27.5  24.8  22.7  22.7  22.7  22.6  22.5  22.6  22.8  22.9  22.7  22.6  22.9  23.0  22.9  22.8  23.1  22.9  23.0  23.0  23.2  23.5 
 23.6  23.2  23.2  23.3  22.9  22.6  23.0  23.1  23.1  23.4  24.3  23.4  22.8  22.7  22.9  22.8  22.6  22.7  22.7  22.8  22.8  22.8  23.0  22.9  22.8  22.8  23.0  23.1  22.8  22.7  23.4  22.3 
 23.5  23.1  23.5  23.4  23.0  22.7  23.0  22.9  23.0  22.8  23.1  22.8  22.6  22.6  22.7  22.8  22.7  22.7  22.8  22.9  22.8  22.5  22.9  22.8  22.8  22.8  23.0  23.1  22.9  22.7  23.2  23.3 
 23.6  23.2  23.7  23.5  23.2  23.0  23.2  23.1  22.8  22.7  22.9  22.9  22.6  22.6  22.7  22.9  22.6  22.5  22.8  22.8  22.6  22.6  22.9  22.7  22.8  22.7  23.0  23.3  22.9  22.9  23.7  23.3 
 24.3  24.3  24.9  24.7  24.6  24.4  23.7  23.4  23.0  22.8  23.0  23.0  22.7  22.6  23.0  22.9  22.7  22.7  22.7  22.8  22.6  22.8  22.9  22.8  22.8  22.7  22.7  22.8  23.0  22.7  23.2  23.3 
 24.2  24.4  25.3  25.4  25.4  25.5  25.1  24.3  23.2  23.0  23.1  22.9  22.7  22.6  22.9  22.9  22.7  22.6  22.7  22.9  22.7  22.6  22.8 nan  22.7  22.6  23.0  23.2  22.5  23.0  23.5  23.5 
 25.3  25.1  26.2  26.8  28.5  29.6  38.0  41.9  39.9  33.8  23.5  23.2  22.9  22.8  22.9  22.9  22.8  22.8  22.9  22.7  22.7  22.4  22.8  22.9  22.8  22.8  23.2  23.1  23.1  23.0  23.6  23.4 
 25.4  25.6  27.0  27.6  30.0  32.5  47.6  54.2  58.7  51.6  24.7  23.5  22.9  22.9  22.9  22.8  22.7  22.7  22.9  22.9  22.8  22.6  22.8  22.9  22.8  22.8  24.0  24.4  23.2  22.9  23.4  23.4 
 25.6  26.0  27.6  28.6  32.5  36.5  57.5  66.7  77.6  73.4  30.6  24.7  22.8  22.8  22.9  22.9  22.8  22.8  22.9  22.8  22.8  22.5  22.9  22.7  22.6  22.7  25.2  25.1  23.2  23.2  23.5  23.5 
 25.5  26.1  27.9  28.4  32.6  36.8  57.4  68.9  87.2  82.3  30.3  24.7  23.0  22.8  22.9  23.0  22.8  22.7  22.8  22.7  22.7  22.7  22.9  22.8  22.7  22.7  24.0  24.4  23.2  23.2  23.6  23.5 
 25.9  26.0  27.3  27.7  29.9  31.6  45.4  55.5  67.7  57.1  25.6  23.8  23.0  22.9  22.9  22.9  22.8  22.8  22.8  22.9  22.7  22.6  22.9  23.0  22.9  22.8  23.1  23.2  23.6  23.1  23.6  23.8 
 25.7  26.0  27.3  27.4  28.6  29.4  37.7  42.8  46.1  39.0  24.0  23.6  22.8  22.9  23.0  22.9  22.8  22.6  22.9  23.2  22.6  22.8  22.9  22.9  22.8  22.6  23.2  23.1  23.1  23.4  24.1  23.8 
 26.1  25.8  26.6  26.8  26.8  27.4  28.7  29.2  28.2  26.2  23.7  23.6  23.1  23.0  23.2  23.0  22.9  23.0  23.0  23.1  22.9  22.8  23.3  23.2  23.0  22.9  23.1  23.3  23.5  23.2  23.4  24.4 
 25.4  25.9  26.4  26.5  26.4  26.6  27.5  27.7  26.2  25.3  23.7  23.7  23.0  23.2  23.1  23.1  22.9  22.9  23.0  23.0  22.7  22.8  23.0  23.2  23.2  23.0  23.3  23.3  23.3  23.4  24.1  24.3 
 25.8  25.7  26.2  26.2  26.0  26.0  26.2  26.0  25.0  24.3  23.7  23.7  23.2  23.0  23.3  23.4  23.2  22.9  23.0  23.1  23.0  22.8  23.3  23.4  23.2  22.9  23.5  23.5  23.2  23.5  24.3  24.8 
 25.7  25.7  25.9  25.9  25.4  25.5  25.8  25.5  24.7  24.3  23.8  23.9  23.1  23.2  23.3  23.4  23.0  23.0  23.2  23.2  23.1  22.9  23.3  23.3  23.2  23.1  23.4  23.8  23.3  23.5  24.7  25.3 
 26.8  26.0  26.0  25.8  25.4  25.0  25.2  25.0  24.3  24.1  23.9  23.8  23.5  23.2  23.4  23.3  23.2  23.3  23.6  23.3  23.2  22.9  23.5  23.7  23.3  23.1  24.1  24.1  24.6  23.9  25.8  26.8 
 26.8  26.4  25.7  25.8  25.1  25.2  25.0  24.9  24.0  23.9  23.8  24.2  23.5  23.3  23.7  23.3  23.2  23.3  23.6  23.4  23.1  23.2  23.6  23.6  23.2  23.4  24.6  24.8  24.6  24.6  26.3  27.7 
