 23.9  23.2  23.4  23.8  23.2  23.3  23.0  23.3  22.8  22.7  22.9  23.1  22.6  22.5  22.8  23.1  22.5  22.7  22.8  23.2  22.6  22.6  22.7  23.1  22.6  22.7  23.1  23.6  23.3  23.1  24.4  25.2 
 23.8  23.4  23.8  23.5  23.2  22.5  23.0  22.8  22.8  22.6  23.2  23.1  22.6  22.7  22.9  22.7  22.8  22.3  23.0  22.7  22.7  22.5  23.1  23.1  23.0  22.8  23.3  23.2  23.3  23.4  24.5  24.3 
 23.1  22.9  23.2  23.6  22.9  22.8  23.0  23.0  22.7  23.0  22.9  23.1  22.7  22.6  22.8  22.9  22.5  22.5  22.6  22.9  22.5  22.5  23.0  22.9  22.7  23.0  22.8  23.7  23.2  23.4  23.5  24.0 
 23.4  23.2  23.6  23.1  22.9  22.6  23.1  22.8  22.9  22.7  23.3  22.9  22.6  22.4  22.8  22.7  22.8  22.3  23.0  22.7  22.6  22.6  23.0  22.8  22.9  22.8  23.8  22.9  23.1  23.7  24.3  23.8 
 23.2  23.3  23.2  23.6  22.7  22.7  22.6  23.2  23.1  23.5  23.9  23.5  22.7  22.7  22.5  22.7  22.5  22.4  22.6  22.9  22.5  22.5  22.6  23.0  22.8  22.8  23.2  23.1  23.3  23.8  23.4  24.1 
 23.2  22.7  23.4  23.0  22.9  22.5  23.1  23.1  23.6  24.1  25.7  24.0  22.6  22.5  22.7  22.7  22.6  22.5  22.9  22.7  22.7  22.5  23.1  22.8  22.9  22.6  23.0  23.4  23.0  22.9  23.5  23.1 
 22.9  23.3  23.2  23.2  22.6  22.9  22.9  23.2  23.7  24.9  27.5  24.9  22.6  22.5  22.6  22.7  22.5  22.6  22.5  22.6  22.6  22.8  22.8  23.0  22.6  22.6  23.1  23.2  22.8  22.8  23.2  23.5 
 23.5  22.9  23.4  23.1  22.9  22.5  23.2  22.9  23.0  23.3  24.3  23.4  22.7  22.7  22.8  22.6  22.7  22.4  22.7  22.7  22.8  22.6  23.1  22.9  22.9  22.5  23.0  23.1  23.0  22.6  23.1  22.3 
 23.0  23.2  23.5  23.5  22.6  22.6  23.0  23.1  22.7  22.7  22.8  22.8  22.6  22.5  22.5  22.8  22.5  22.6  22.7  22.9  22.6  22.6  22.8  22.9  22.6  22.7  22.9  23.2  22.7  23.0  23.1  23.3 
 23.3  23.0  23.7  23.5  23.2  22.8  23.1  22.9  22.8  22.7  23.0  22.7  22.7  22.5  22.8  22.7  22.6  22.5  22.9  22.7  22.5  22.5  23.0  22.6  22.8  22.6  23.0  22.9  22.8  22.7  23.4  23.3 
 23.8  24.0  24.5  24.8  24.4  24.3  23.5  23.5  22.8  22.9  22.7  22.8  22.6  22.6  22.8  23.1  22.5  22.6  22.8  23.0  22.4  22.5  22.7  22.9  22.6  22.5  22.6  22.9  22.7  22.8  22.9  23.7 
 24.4  24.0  25.1  25.5  25.6  25.4  25.1  24.3  23.1  22.9  23.1  23.0  22.7  22.5  22.8  22.7  22.7  22.5  22.9  22.8  22.7  22.5  22.8 nan  22.7  22.5  22.9  22.9  23.0  22.5  23.3  23.5 
 25.1  25.2  26.1  27.1  28.3  29.4  37.9  41.9  39.7  33.8  23.5  23.2  22.7  22.7  22.8  22.9  22.7  22.6  22.8  22.7  22.6  22.5  22.6  23.0  22.7  22.7  23.1  23.2  22.9  23.2  23.4  23.8 
 25.3  25.4  27.1  27.2  29.9  32.4  47.7  54.1  58.7  51.6  25.1  23.4  23.0  22.6  22.9  22.9  22.7  22.5  22.8  22.7  22.7  22.5  23.0  22.7  22.8  22.5  23.8  23.9  23.4  22.9  23.6  23.6 
 25.6  26.1  27.3  28.4  32.4  36.5  57.4  66.5  77.5  73.4  30.7  24.7  22.7  22.7  22.8  23.1  22.7  22.7  22.7  23.0  22.5  22.7  22.8  23.0  22.7  22.7  25.2  25.4  23.1  23.1  23.2  23.7 
 25.7  25.7  27.7  28.1  32.7  36.5  57.2  68.7  87.3  82.1  30.4  24.5  23.1  22.7  22.8  22.8  22.6  22.6  22.8  22.7  22.8  22.6  22.8  22.9  22.8  22.4  24.3  24.2  23.1  22.9  23.7  23.4 
 25.6  26.0  27.2  28.0  29.7  31.7  45.3  55.5  67.7  57.2  25.3  23.8  22.9  23.0  22.9  22.8  22.7  22.7  22.8  23.0  22.7  22.6  22.7  23.0  22.8  22.8  22.9  23.6  22.9  23.2  23.6  24.3 
 25.9  25.7  27.3  27.3  28.6  29.3  37.7  42.6  46.2  38.9  24.0  23.4  23.1  22.7  23.0  23.1  22.8  22.6  23.1  22.8  22.7  22.6  23.0  22.9  22.9  22.6  23.4  23.1  23.4  23.1  23.8  23.8 
 25.8  26.0  26.5  26.9  26.8  27.2  28.5  29.4  28.1  26.2  23.4  23.6  23.0  23.0  23.1  23.2  23.0  22.9  22.9  23.0  22.9  22.7  22.9  23.4  22.9  22.8  23.1  23.3  23.4  23.4  23.4  24.2 
 25.9  25.7  26.7  26.4  26.6  26.5  27.5  27.4  26.4  25.0  23.6  23.4  23.1  23.0  23.1  23.0  23.0  22.6  23.2  22.9  22.8  22.5  23.2  23.1  22.9  22.9  23.3  23.4  23.3  23.3  24.0  24.1 
 25.4  25.6  26.2  26.2  25.8  25.6  25.8  26.2  25.0  24.3  23.6  23.9  23.1  23.3  23.3  23.2  22.7  22.9  23.1  23.2  23.0  22.8  23.2  23.4  23.1  23.0  23.1  23.6  23.2  23.6  24.1  24.8 
 25.9  25.3  26.3  25.8  25.7  25.2  25.9  25.6  24.6  24.0  23.8  23.5  23.1  23.0  23.3  23.3  23.0  22.8  23.1  23.3  23.0  22.9  23.5  23.2  23.1  23.0  23.7  23.3  23.5  23.5  24.7  24.7 
 26.5  26.2  25.6  25.8  25.0  25.2  25.1  25.2  24.3  24.3  23.8  23.9  23.3  23.4  23.2  23.4  23.2  22.9  23.2  23.5  23.2  22.8  23.5  23.5  23.3  23.1  23.7  24.3  23.7  23.9  25.1  26.4 
 27.2  26.1  25.9  25.7  25.2  24.7  25.0  24.8  23.8  24.1  23.9  23.7  23.5  23.0  23.7  23.2  23.1  22.9  23.6  23.2  23.3  23.2  23.8  23.3  23.5  23.2  24.5  24.8  25.0  24.1  26.8  27.2 
