 24.6  23.3  23.9  23.7  23.4  22.7  23.1  22.9  23.1  22.4  23.2  23.0  22.7  22.5  23.1  22.8  22.9  22.6  23.0  23.0  23.0  22.7  24.1  25.0  27.6  27.9  30.2  29.9  29.2  29.0  30.7  30.2 
 23.8  23.7  24.0  24.2  23.0  23.1  22.9  23.4  22.7  22.9  22.7  23.0  22.7  22.5  23.0  23.0  22.6  22.7  23.0  22.9  23.0  22.9  23.3  24.1  26.3  27.8  29.2  29.1  29.1  29.6  30.3  30.6 
 23.6  23.0  24.1  23.3  23.1  22.6  23.4  22.7  22.9  22.8  23.0  23.0  22.6  22.6  23.0  22.9  22.7  22.6  23.0  22.9  22.9  22.5  23.2  23.2  23.8  24.1  27.7  28.6  29.9  29.8  30.9  30.8 
 23.3  23.4  23.6  23.4  22.7  22.8  23.2  23.3  22.9  22.8  23.0  22.9  22.4  22.7  22.9  22.8  22.6  22.7  22.9  22.8  22.8  22.7  23.0  23.0  23.1  23.6  26.7  28.3  29.2  29.7  30.5  31.0 
 23.8  23.2  23.3  23.2  23.0  22.7  23.3  23.0  23.2  23.2  23.0  22.8  22.8  22.5  22.8  22.8  22.6  22.5  22.9  22.7  22.7  22.6  23.2  23.1  24.3  24.9  29.4  30.3  31.5  31.1  30.7  30.3 
 23.3  23.2  23.2  23.4  22.9  22.9  23.2  23.4  23.6  23.9  23.1  23.1  22.7  22.5  22.8  23.0  22.7  22.6  22.9  22.9  22.7  22.8  23.1  23.3  25.1  26.8  29.7  30.8  31.4  31.8  31.2  31.1 
 23.1  23.2  23.4  23.3  22.9  22.6  23.4  23.5  25.7  26.8  24.3  23.2  22.8  22.5  23.0  22.7  22.7  22.6  22.9  22.8  22.8  22.8  23.5  23.5  26.9  27.8  31.2  31.4  31.8  31.6  32.0  30.8 
 23.1  23.4  23.2  23.5  22.9  22.9  23.3  23.7  26.0  27.9  24.8  23.3  22.6  22.7  22.8  22.9  22.8  22.7  22.7  23.0  22.7  23.0  23.4  24.0  26.6  28.6  30.7  31.4  31.6  32.3  30.7  29.2 
 23.6  23.1  23.6  23.0  23.1  22.7  23.2  23.1  23.5  23.3  23.4  22.8  22.9  22.6  22.8  22.9  22.9  22.7  23.1  23.0  22.9  22.8  23.3  23.2  28.1  28.9  31.2  31.5  32.2  32.1  29.2  27.7 
 23.6  23.5  23.4  23.4  23.0  22.9  23.0  23.0  23.1  23.0  22.9  23.1  22.6  22.5  22.8  22.9  22.7  22.9  22.9  23.1  22.8  22.8  23.1  23.6  27.2  29.8  31.2  31.8  31.7  30.8  28.8  27.3 
 24.3  23.7  24.1  23.8  23.7  23.3  23.3  23.0  23.2  22.8  22.9  22.8  22.8  22.7  23.0  23.0  22.7  22.8  23.0  22.9  23.0  22.8  23.1  23.0  26.5  27.7  30.6  30.9  30.7  29.3  28.6  28.5 
 23.8  23.6  23.9  24.2  23.9  23.9  23.6  23.5  22.9  22.9  22.9  22.9  22.6  22.7  22.8  22.9  22.8  22.8  22.8  23.0  22.8  22.7  23.0 nan  24.2  26.3  29.1  30.5  30.0  29.7  29.7  29.9 
 24.7  24.2  25.3  25.6  26.6  26.4  29.3  29.5  27.8  26.0  23.4  22.8  22.9  22.7  23.0  22.9  22.7  22.7  22.9  22.7  22.7  22.7  23.0  23.0  23.2  23.1  25.7  26.1  28.0  27.6  31.8  30.6 
 24.7  24.9  25.8  26.4  27.7  28.8  36.7  42.4  44.8  39.4  24.0  23.4  23.0  22.8  22.8  22.9  22.8  22.6  22.7  23.0  22.6  22.7  23.1  23.2  22.8  23.0  23.8  24.3  24.7  27.9  28.1  30.3 
 25.2  25.1  26.6  27.1  30.2  32.6  51.9  60.2  71.2  67.5  34.2  25.6  23.0  22.7  23.0  22.9  23.0  22.6  22.9  22.8  22.7  22.7  23.1  22.8  23.2  22.8  23.4  23.5  24.2  23.6  26.2  24.9 
 25.4  25.5  27.1  27.7  30.3  33.4  52.5  61.2  76.2  75.8  38.6  26.7  22.7  22.9  22.8  22.8  22.6  22.7  23.0  23.0  22.6  22.8  23.1  23.0  23.0  23.0  23.5  23.5  23.5  24.0  24.3  25.4 
 25.8  25.4  26.8  27.2  29.9  31.9  46.1  55.4  78.6  78.4  34.0  25.3  22.9  22.8  23.1  22.9  22.9  22.7  23.1  22.8  23.0  22.6  23.0  23.0  23.0  22.8  23.6  23.5  23.5  23.3  24.4  24.3 
 25.3  25.5  26.4  27.0  28.9  30.3  39.0  45.2  61.2  58.4  27.9  24.4  23.0  22.9  23.1  23.1  22.8  22.8  23.0  23.1  22.9  22.9  22.9  23.2  22.9  23.0  23.4  23.6  23.3  23.6  24.3  24.4 
 26.0  25.4  26.7  26.6  27.4  27.2  29.7  30.9  32.3  30.4  24.5  23.7  23.1  22.8  23.3  23.1  23.0  22.8  23.3  23.0  23.1  22.7  23.3  23.3  23.2  23.0  23.5  23.5  23.6  23.4  24.0  24.0 
 25.3  25.9  26.2  26.6  26.6  26.7  27.9  28.3  28.3  27.3  24.0  23.8  23.1  23.1  23.2  23.0  22.9  22.9  23.3  23.2  22.9  22.9  23.2  23.4  22.9  23.1  23.3  23.6  23.6  23.6  24.1  24.3 
 25.7  25.5  26.2  25.9  25.9  25.7  26.3  26.3  25.8  25.0  24.0  23.7  23.2  23.1  23.2  23.2  23.0  22.9  23.2  23.3  23.1  22.8  23.6  23.5  23.6  23.2  23.9  23.6  23.8  23.6  25.0  25.2 
 25.5  25.6  25.7  26.1  25.6  25.7  25.6  25.9  25.2  24.7  23.8  23.8  23.2  23.1  23.2  23.3  23.0  22.9  23.2  23.4  23.0  23.2  23.3  23.4  23.1  23.3  23.4  23.8  24.0  24.8  25.3  26.5 
 27.1  25.6  26.1  25.7  25.3  24.9  25.3  25.0  24.8  24.3  24.2  23.9  23.6  23.2  23.6  23.3  23.3  23.0  23.4  23.4  23.3  23.1  23.8  23.5  23.7  23.4  24.5  24.9  25.5  24.8  27.0  27.1 
 27.1  26.8  26.0  26.1  25.0  25.3  25.1  25.0  24.2  24.2  23.8  24.1  23.3  23.2  23.6  23.7  23.2  23.2  23.3  23.4  23.1  23.4  24.0  24.0  23.6  24.3  25.2  25.5  25.0  25.7  27.0  27.5 
