 23.9  23.8  23.4  23.7  23.4  23.5  23.1  23.5  22.9  22.9  23.2  23.1  23.1  22.6  22.7  23.1  22.7  22.7  23.1  23.4  22.9  22.8  23.1  23.2  22.8  22.8  23.3  23.3  23.1  23.5  24.4  25.2 
 24.2  23.2  24.0  23.5  23.3  22.8  23.2  23.2  23.1  22.8  23.1  23.0  23.0  22.7  23.0  22.8  22.7  22.5  23.1  22.8  23.1  22.5  23.1  23.1  23.0  22.7  23.3  23.4  23.1  23.4  24.5  24.5 
 23.3  23.3  23.6  23.8  23.2  22.9  22.8  23.2  22.9  23.0  23.1  23.2  22.5  22.7  22.9  22.9  22.6  22.8  22.6  22.9  22.7  22.7  22.7  23.2  22.9  23.1  23.2  23.4  23.3  23.6  23.8  24.2 
 23.4  23.2  23.8  23.3  23.1  22.6  23.2  23.2  23.1  22.8  23.3  23.1  22.6  22.5  22.9  22.7  22.7  22.4  23.0  22.9  22.7  22.5  23.0  22.9  22.9  22.8  23.5  23.5  23.6  23.7  24.1  24.0 
 23.2  23.0  23.3  23.4  23.1  23.0  23.0  23.3  23.3  23.6  24.1  23.6  22.6  22.5  22.8  22.6  22.6  22.7  22.6  22.9  22.5  22.6  22.8  23.1  22.8  22.9  23.2  23.5  23.1  23.6  23.6  23.9 
 23.2  22.8  23.4  23.3  22.9  22.8  23.2  23.1  23.7  24.2  25.8  24.1  22.8  22.6  23.0  22.7  22.8  22.5  22.7  22.8  22.7  22.5  23.1  23.0  23.1  22.6  23.3  23.0  23.0  23.2  23.8  23.5 
 23.2  23.3  23.3  23.5  22.8  22.9  23.0  23.3  23.8  24.9  27.4  24.9  22.8  22.7  22.7  22.9  22.5  22.7  22.7  23.0  22.8  22.8  22.9  23.2  22.8  22.7  23.1  23.2  23.1  23.1  23.3  23.3 
 23.6  23.1  23.2  23.1  22.9  22.6  23.1  23.1  23.1  23.3  24.2  23.5  22.7  22.7  22.9  22.8  22.8  22.5  22.8  22.7  22.8  22.7  23.1  23.0  22.9  22.7  23.4  22.8  22.8  22.8  23.4  22.5 
 23.3  23.5  23.5  23.4  23.0  23.1  23.0  23.1  22.8  22.8  22.9  23.0  22.7  22.8  22.8  22.9  22.6  22.7  22.8  22.9  22.7  22.7  22.6  23.0  22.8  22.8  23.0  23.2  22.7  23.1  23.1  23.5 
 23.8  23.2  23.5  23.6  23.3  23.0  23.1  23.1  22.9  22.7  23.0  23.0  22.7  22.7  22.8  22.8  22.7  22.6  22.8  22.8  22.7  22.7  23.0  22.8  23.0  22.7  23.1  23.2  22.9  22.7  23.7  23.3 
 24.3  24.3  24.6  24.9  24.5  24.3  23.7  23.7  22.9  22.9  22.8  23.1  22.7  22.7  22.8  23.0  22.7  22.7  22.9  22.9  22.6  22.8  22.9  23.0  22.8  22.7  22.9  23.2  23.0  23.1  23.5  23.7 
 24.6  24.3  25.2  25.6  25.6  25.5  25.0  24.4  23.1  22.9  23.2  23.0  22.8  22.6  22.8  22.8  22.6  22.6  22.9  22.8  22.9  22.5  23.0 nan  22.7  22.6  23.0  23.0  23.2  22.6  23.3  23.5 
 25.1  25.2  26.1  27.1  28.6  29.7  37.9  42.1  39.7  33.8  23.5  23.4  22.8  22.8  22.9  23.0  22.7  22.8  23.0  23.0  22.7  22.5  22.9  23.0  22.9  22.9  23.2  23.5  23.1  23.2  23.4  23.8 
 25.6  25.6  26.9  27.5  30.0  32.5  47.7  54.3  58.7  51.7  24.8  23.6  23.0  22.7  22.9  22.9  22.7  22.7  22.9  22.9  22.7  22.5  23.0  22.9  22.9  22.7  23.9  24.1  23.4  23.2  23.3  23.1 
 25.8  26.1  27.5  28.7  32.6  36.5  57.5  66.7  77.6  73.3  30.7  24.9  22.9  22.7  23.0  23.1  22.8  22.7  22.9  23.1  22.7  22.8  22.9  23.0  22.7  22.9  25.2  25.4  23.3  23.4  23.5  23.7 
 25.9  26.0  27.7  28.5  32.7  36.7  57.2  68.8  87.2  82.0  30.4  24.8  23.1  22.7  23.0  22.8  22.8  22.7  23.0  22.9  22.7  22.7  22.9  23.0  22.9  22.7  24.4  24.5  23.3  23.1  23.7  23.4 
 25.8  26.2  27.4  28.1  30.0  31.7  45.3  55.6  67.6  57.1  25.4  23.9  23.0  22.9  23.0  23.2  22.7  22.9  22.9  23.1  23.0  22.8  22.9  23.0  22.9  22.8  23.2  23.6  23.1  23.3  23.7  23.9 
 26.1  25.8  27.3  27.4  28.6  29.4  37.6  42.6  46.2  38.9  24.2  23.5  23.1  22.8  23.3  23.1  22.7  22.8  23.0  23.0  22.9  22.8  23.0  23.1  23.0  22.7  23.4  23.2  23.5  23.1  23.8  23.5 
 26.1  26.2  26.6  26.9  27.2  27.6  28.8  29.4  28.0  26.2  23.6  23.6  23.1  23.1  23.2  23.4  23.0  23.0  22.9  23.3  22.9  22.9  23.0  23.3  23.0  22.9  23.2  23.6  23.2  23.4  23.7  24.2 
 25.6  25.7  26.3  26.4  26.4  26.6  27.5  27.6  26.5  25.0  23.8  23.6  23.1  23.0  23.4  23.2  22.9  22.8  23.2  23.0  23.0  22.8  23.2  23.0  23.1  23.0  23.7  23.3  23.3  23.6  24.3  24.3 
 25.6  25.6  26.2  26.4  25.8  26.0  25.9  26.1  25.0  24.4  23.7  24.0  23.2  23.3  23.2  23.4  23.0  22.9  23.0  23.2  23.0  23.0  23.3  23.4  23.1  23.1  23.5  23.9  23.4  23.7  24.1  25.3 
 25.9  26.1  26.1  26.1  25.7  25.4  25.7  25.6  24.8  24.3  23.9  23.5  23.2  23.1  23.5  23.3  23.0  23.0  23.3  23.3  23.0  22.9  23.5  23.3  23.3  23.0  23.7  23.8  23.8  23.7  25.0  25.6 
 26.8  26.4  25.6  26.0  25.6  25.1  25.1  25.1  24.3  24.3  23.8  24.1  23.5  23.5  23.4  23.7  23.2  23.2  23.2  23.5  23.2  23.3  23.6  23.7  23.4  23.4  24.2  24.3  24.2  24.3  25.8  27.7 
 26.9  26.6  26.1  25.8  25.0  25.0  25.2  24.9  24.1  23.9  24.1  23.9  23.3  23.3  23.6  23.6  23.1  23.0  23.7  23.7  23.3  23.3  23.6  23.3  23.5  23.2  24.5  25.0  24.8  24.4  27.2  27.7 
