 23.7  23.4  23.8  23.7  23.2  23.0  23.1  22.9  22.6  22.8  22.9  23.1  22.7  22.8  22.7  22.9  22.6  22.6  23.2  23.0  22.7  22.8  22.9  23.1  22.6  22.7  23.3  23.5  23.1  23.5  24.2  25.2 
 23.4  23.4  23.6  23.8  23.3  22.8  23.2  23.1  22.9  22.8  23.1  23.0  22.6  22.6  22.9  22.8  22.7  22.7  23.2  22.8  22.8  22.7  23.1  23.0  22.8  22.7  23.3  23.4  23.3  23.2  24.7  24.8 
 23.3  23.1  23.4  23.3  23.2  22.5  23.2  23.1  22.7  22.8  23.1  23.0  22.5  22.6  22.9  22.9  22.7  22.8  22.8  22.9  22.5  22.6  22.8  23.1  22.7  22.8  23.3  23.2  23.2  23.2  23.8  24.4 
 23.4  23.0  23.3  23.4  22.9  22.6  23.0  23.2  22.9  22.7  23.5  23.0  22.6  22.6  22.7  22.8  22.8  22.6  22.8  22.9  22.7  22.6  23.0  23.1  22.9  22.6  23.2  23.3  23.4  24.0  24.1  23.8 
 23.0  23.0  23.2  23.4  22.9  22.8  23.2  23.2  23.5  23.6  23.9  23.6  22.6  22.6  22.8  22.8  22.4  22.7  22.7  22.5  22.6  22.6  22.7  22.9  22.9  22.8  23.1  23.0  23.4  23.9  23.6  24.1 
 22.9  23.2  23.4  23.2  22.7  22.8  23.1  23.1  23.5  24.4  25.6  23.9  22.6  22.5  22.8  22.7  22.7  22.6  22.7  22.8  22.8  22.4  23.1  23.0  23.0  22.7  23.2  23.1  23.0  22.9  23.6  23.5 
 23.2  23.0  23.2  23.2  22.8  22.9  23.0  23.3  23.7  25.2  27.5  24.9  22.6  22.7  22.7  22.8  22.6  22.7  22.7  22.6  22.8  22.6  22.7  23.1  22.7  22.7  23.1  23.2  23.0  23.3  23.3  23.5 
 23.3  23.1  23.1  23.3  22.9  22.6  23.1  23.0  23.2  23.3  24.3  23.6  22.7  22.6  22.9  22.7  22.6  22.6  22.7  22.7  22.7  22.6  23.1  22.8  22.6  22.6  23.2  23.0  22.8  22.7  23.4  22.5 
 23.6  23.1  23.3  23.4  22.9  22.9  23.1  23.1  22.7  22.7  23.0  22.9  22.8  22.5  22.8  23.0  22.6  22.4  22.8  22.9  22.7  22.6  22.7  22.9  22.9  22.7  23.1  23.0  22.7  22.8  23.4  23.5 
 23.5  23.2  23.7  23.5  23.4  22.9  23.2  23.1  22.6  22.8  23.0  23.0  22.5  22.6  22.8  22.8  22.7  22.5  22.9  22.8  22.6  22.6  23.0  22.8  23.0  22.7  23.2  22.9  22.8  22.6  23.7  23.1 
 24.1  24.0  24.5  24.9  24.6  24.4  23.7  23.6  22.8  22.8  22.9  22.9  22.6  22.7  22.8  23.0  22.6  22.7  22.8  23.0  22.8  22.6  22.8  22.7  22.8  22.6  22.9  23.0  22.7  22.8  23.1  23.7 
 24.4  24.3  25.3  25.4  25.6  25.4  25.0  24.3  23.2  22.8  23.2  22.9  22.8  22.4  22.9  22.8  22.7  22.6  22.9  22.8  22.8  22.5  22.9 nan  22.6  22.5  23.0  22.9  22.8  22.5  23.7  23.5 
 25.1  24.9  26.2  26.8  28.6  29.6  38.0  41.9  39.5  33.7  23.5  23.2  22.9  22.8  22.9  23.0  22.6  22.7  22.9  22.9  22.6  22.6  22.9  22.9  22.7  22.8  23.2  23.4  23.1  23.0  23.6  23.8 
 25.3  25.4  27.0  27.2  29.8  32.4  47.7  54.3  58.7  51.6  24.9  23.5  22.8  22.9  23.1  23.0  22.8  22.7  22.9  22.8  22.6  22.5  23.0  23.0  22.7  22.6  24.0  24.0  23.5  23.0  23.5  23.6 
 25.6  26.0  27.8  28.6  32.4  36.5  57.5  66.6  77.8  73.5  30.5  24.8  22.9  22.9  23.0  23.0  22.7  22.6  22.9  23.0  22.6  22.6  22.8  23.0  22.8  22.8  25.6  25.2  23.6  23.2  23.3  23.4 
 25.9  25.8  27.7  28.5  32.5  36.7  57.2  68.8  87.1  82.1  30.4  24.5  22.9  22.9  23.0  22.8  22.7  22.6  22.9  22.9  22.8  22.6  22.8  22.9  22.7  22.8  24.1  24.4  23.2  22.9  23.5  23.5 
 25.8  26.0  27.4  27.9  29.8  31.6  45.4  55.6  67.6  57.1  25.3  23.9  23.0  22.7  22.9  23.0  22.7  22.8  23.0  23.3  22.7  22.5  23.0  22.8  22.8  22.7  23.3  23.6  22.9  23.2  23.9  24.0 
 25.9  25.8  27.1  27.7  28.4  29.6  37.7  42.6  46.2  38.9  24.2  23.6  22.9  22.8  23.0  23.0  22.8  22.7  23.1  23.2  22.7  22.8  23.0  23.0  23.0  22.6  23.2  22.9  23.2  23.1  23.9  23.5 
 25.9  25.9  26.6  26.8  27.0  27.2  28.9  29.5  28.0  26.1  23.7  23.6  23.1  23.1  23.1  23.3  23.0  22.9  23.0  23.1  22.8  22.7  23.2  23.4  22.8  22.8  23.2  23.5  23.2  23.1  23.4  24.0 
 25.8  25.7  26.4  26.5  26.6  26.6  27.6  27.6  26.2  25.2  23.7  23.5  23.2  22.9  23.4  23.1  23.0  22.8  23.3  23.2  22.8  22.7  23.2  23.1  23.1  22.8  23.4  23.3  23.1  23.1  24.0  24.1 
 25.8  25.4  26.0  26.4  25.8  25.9  26.1  26.2  25.2  24.4  23.7  23.8  23.1  23.0  23.3  23.2  22.8  23.0  23.2  23.2  22.9  22.8  23.5  23.4  23.1  23.0  23.4  23.6  23.4  23.2  24.3  25.3 
 25.7  25.5  26.1  25.9  25.7  25.4  25.6  25.6  24.6  24.2  24.0  23.7  23.1  23.0  23.3  23.4  23.0  22.8  23.2  23.4  23.0  23.0  23.2  23.2  23.1  23.0  23.7  23.6  23.3  23.3  25.2  26.0 
 26.5  26.2  25.8  25.8  25.3  25.1  25.3  25.1  24.3  24.0  23.8  23.9  23.5  23.1  23.6  23.6  23.2  23.0  23.4  23.4  23.2  23.2  23.6  23.6  23.3  23.0  23.9  24.5  24.2  23.9  25.4  27.3 
 26.6  26.6  25.6  25.8  25.2  24.7  25.1  24.9  24.1  24.1  24.0  23.9  23.1  23.3  23.7  23.5  23.2  23.0  23.3  23.3  23.3  23.2  23.6  23.6  23.2  23.5  24.5  24.8  25.0  24.6  27.2  27.2 
