 23.5  23.6  23.8  23.5  22.7  23.0  23.2  22.9  22.4  22.7  22.8  22.7  22.4  22.4  22.8  22.8  22.4  22.5  23.0  22.8  22.5  22.5  22.9  23.1  22.5  22.8  23.6  23.9  23.7  23.3  24.5  25.0 
 23.4  23.0  23.9  23.6  23.1  22.5  23.1  23.2  22.7  22.3  22.9  23.0  22.9  22.4  22.8  22.8  22.5  22.3  22.9  22.7  22.7  22.3  22.8  22.9  22.9  22.6  23.4  24.5  23.8  23.4  24.0  24.9 
 23.1  23.3  23.5  23.2  22.8  22.7  23.1  23.1  22.5  22.6  22.8  22.8  22.4  22.5  22.5  22.6  22.5  22.5  22.6  22.6  22.3  22.5  22.8  22.9  22.8  22.8  23.3  23.2  23.1  22.9  23.6  23.6 
 23.2  22.6  23.4  23.5  22.7  22.5  23.0  23.0  22.8  22.5  23.1  22.8  22.5  22.2  22.7  22.7  22.4  22.2  22.7  22.7  22.5  22.3  22.9  23.0  22.5  22.6  23.3  23.1  23.0  22.8  23.7  23.6 
 23.2  23.5  23.3  23.1  22.7  22.8  23.1  23.1  23.2  23.4  23.1  22.7  22.4  22.5  22.6  22.5  22.4  22.5  22.7  22.5  22.4  22.6  22.9  22.7  22.6  22.9  23.3  23.0  22.8  23.0  23.5  23.9 
 23.2  22.6  23.3  23.1  22.8  22.6  23.0  23.3  23.7  23.8  23.2  22.9  22.5  22.4  22.6  22.8  22.4  22.3  22.7  22.7  22.7  22.5  23.0  22.8  22.8  22.5  23.2  23.2  23.0  22.9  23.4  23.5 
 23.2  23.1  23.1  23.0  22.7  22.9  23.2  23.3  25.3  26.8  24.3  23.2  22.6  22.5  22.7  22.6  22.4  22.5  22.6  22.5  22.5  22.7  23.1  22.8  22.7  22.7  23.0  23.0  22.8  22.8  23.3  23.3 
 23.4  22.7  22.9  23.5  22.8  22.6  23.4  23.5  25.8  27.2  24.6  23.2  22.6  22.6  22.5  22.6  22.6  22.3  22.6  22.8  22.5  22.3  23.0  23.0  22.8  22.5  23.0  23.0  22.9  22.6  23.2  22.6 
 23.1  23.2  23.3  23.1  22.7  22.9  23.0  23.0  23.2  23.4  23.3  22.8  22.5  22.6  22.7  22.7  22.5  22.6  22.9  22.6  22.6  22.6  22.9  22.9  22.8  22.8  23.0  22.8  22.9  23.2  23.3  23.3 
 23.6  23.0  23.5  23.4  23.1  22.6  23.0  23.1  23.0  22.8  22.9  23.0  22.7  22.3  22.6  22.7  22.6  22.4  22.7  22.7  22.5  22.4  22.9  22.9  22.9  22.7  23.0  23.3  23.1  22.8  23.5  23.7 
 23.8  24.0  24.3  24.2  23.7  23.6  23.4  23.3  22.7  23.0  22.9  23.0  22.6  22.5  22.6  22.7  22.6  22.5  22.9  22.7  22.6  22.7  22.9  22.8  22.6  22.7  23.5  23.9  23.4  23.4  23.5  23.3 
 23.8  23.6  24.2  24.3  24.6  24.6  24.0  23.7  23.1  22.8  23.0  23.0  22.7  22.3  22.6  22.8  22.7  22.5  22.7  23.0  22.6  22.6  22.7 nan  22.6  22.5  24.4  25.4  24.0  23.1  23.6  23.6 
 24.3  24.3  25.5  26.0  27.0  27.7  33.0  35.2  33.3  29.6  23.4  23.0  22.7  22.7  22.8  22.8  22.5  22.7  22.9  22.7  22.7  22.6  22.8  22.8  22.7  22.8  24.2  24.8  23.4  23.4  23.4  23.6 
 24.8  24.8  25.9  26.8  28.5  30.1  41.9  49.0  53.7  47.4  24.8  23.4  22.8  22.7  22.9  22.8  22.5  22.6  22.8  22.7  22.6  22.5  22.8  22.8  22.8  22.7  23.3  23.6  23.4  23.1  23.2  23.4 
 25.0  25.5  26.9  27.5  30.5  33.9  54.8  63.2  74.7  71.5  34.8  25.6  22.9  22.6  22.8  22.8  22.6  22.6  23.1  22.9  22.7  22.8  23.1  22.9  22.6  22.8  23.0  23.1  22.9  23.1  23.6  23.5 
 25.5  25.5  27.1  27.8  30.7  34.1  53.7  62.9  78.9  79.6  37.3  26.2  22.9  22.7  22.9  23.0  22.6  22.5  22.9  23.0  22.7  22.6  22.7  22.9  22.7  22.6  23.1  23.1  23.3  22.9  23.6  23.5 
 25.3  25.5  26.7  27.0  29.7  31.6  44.5  53.5  73.2  70.3  30.3  24.3  22.7  22.6  22.9  22.7  22.5  22.7  22.8  22.9  22.6  22.7  22.8  22.7  22.7  22.5  23.2  23.1  22.9  23.2  23.9  23.2 
 25.2  25.2  26.6  26.9  29.0  29.5  37.1  42.3  54.2  49.7  25.9  23.9  22.9  22.6  23.1  22.9  22.6  22.6  22.8  23.0  22.6  22.6  22.8  23.1  22.9  22.6  23.1  23.3  23.0  22.9  23.7  24.0 
 25.4  25.5  26.5  26.7  26.6  27.1  28.8  29.6  29.6  28.0  24.1  23.4  22.6  22.8  23.1  23.0  22.7  22.9  22.7  23.1  22.8  22.6  23.2  22.9  22.7  22.8  23.3  23.4  23.3  23.2  24.1  23.8 
 25.6  25.5  26.1  26.7  26.4  26.2  27.3  27.5  27.1  26.2  23.6  23.5  22.8  22.8  22.9  23.0  22.9  22.6  23.1  22.9  22.6  22.6  23.3  23.3  22.7  22.8  23.1  23.4  23.4  23.2  24.3  24.3 
 25.0  25.4  26.1  25.7  25.8  25.5  26.1  25.6  25.1  24.7  23.8  23.5  22.9  23.0  23.2  23.1  22.7  22.8  23.1  23.0  22.8  22.7  23.3  23.3  22.9  22.8  23.5  23.6  23.7  24.4  25.2  25.6 
 25.5  25.0  25.6  25.6  25.5  25.3  25.4  25.5  24.6  24.3  23.6  23.5  23.1  22.8  23.1  22.9  22.9  22.6  23.0  23.1  23.2  22.7  23.3  23.2  23.0  23.0  23.7  24.1  24.6  24.8  26.5  27.3 
 25.8  25.8  25.6  25.4  24.8  25.0  25.4  24.9  24.1  23.9  23.7  23.5  23.3  22.9  23.0  23.3  23.0  23.0  23.2  22.9  22.8  23.3  23.5  23.3  23.4  23.7  25.3  25.8  25.9  26.0  27.0  27.5 
 26.3  25.6  25.5  25.6  24.8  24.7  25.0  25.0  24.1  23.6  23.7  23.9  23.1  22.9  23.1  23.1  22.9  22.8  23.3  23.5  23.1  22.8  23.7  24.0  24.6  24.5  26.4  26.8  26.7  25.6  27.4  27.9 
