 24.1  23.4  24.0  23.5  23.5  23.0  22.9  23.1  22.9  22.6  23.0  23.0  22.7  22.5  22.9  22.8  22.8  22.5  22.8  22.9  22.7  22.3  22.8  22.9  23.1  22.8  23.3  23.5  23.7  23.3  24.4  24.9 
 23.8  23.7  23.8  23.8  23.2  22.8  23.3  23.1  22.9  23.0  23.0  23.1  22.8  22.8  22.9  22.8  22.6  22.7  23.0  22.6  22.7  22.7  23.0  23.2  22.8  23.0  23.1  23.1  23.1  23.6  24.0  24.8 
 23.7  23.1  23.6  23.1  23.0  22.6  23.0  22.8  22.9  22.7  23.0  22.9  22.8  22.6  22.8  22.8  22.8  22.6  22.7  22.7  22.8  22.8  23.0  22.9  23.4  22.8  23.2  23.4  23.5  23.4  23.8  24.2 
 23.6  23.3  23.5  23.4  22.8  22.5  23.0  23.2  22.9  22.8  23.3  23.0  22.7  22.7  22.6  22.8  22.8  22.5  22.8  22.7  22.6  22.7  22.8  23.0  23.0  22.9  23.2  23.2  23.2  24.2  24.0  23.8 
 23.4  23.3  23.3  23.3  22.9  22.8  22.9  23.2  23.3  23.5  24.2  23.4  22.7  22.5  22.9  22.7  22.8  22.5  22.8  22.8  22.6  22.7  22.9  22.9  22.9  22.7  23.2  22.8  23.3  23.3  23.6  23.7 
 22.9  23.2  23.2  23.0  22.9  22.8  23.1  23.1  23.6  24.4  25.5  24.2  22.7  22.7  22.6  22.9  22.7  22.7  22.8  22.7  22.6  22.6  22.8  22.9  22.8  22.7  23.0  23.1  23.0  23.4  23.1  23.5 
 23.4  23.2  23.2  23.1  22.8  22.7  23.2  23.0  23.9  24.8  27.5  24.9  22.8  22.7  22.7  22.7  22.7  22.5  22.8  22.8  22.8  22.6  22.9  23.0  22.9  22.7  23.1  23.1  23.0  22.8  23.2  23.2 
 23.3  23.2  23.2  23.3  23.0  22.9  23.0  23.0  23.1  23.5  24.1  23.5  22.7  22.7  22.7  22.8  22.6  22.7  22.6  22.7  22.6  22.6  23.0  22.7  22.7  22.8  23.0  23.1  22.8  23.0  22.9  22.7 
 23.6  23.2  23.5  23.4  22.9  22.9  23.1  23.1  22.9  22.7  23.0  22.8  22.9  22.6  22.8  22.7  22.9  22.5  22.9  22.7  22.7  22.6  22.9  22.8  23.1  22.8  23.0  23.0  23.1  23.0  23.1  23.3 
 23.3  23.3  23.7  23.4  23.2  23.2  23.1  22.9  22.7  22.9  23.0  22.9  22.6  22.7  22.7  22.8  22.6  22.7  22.7  22.8  22.7  22.7  22.7  22.8  22.8  22.9  23.1  23.1  22.9  23.0  23.4  23.3 
 24.3  24.3  24.6  24.9  24.6  24.2  23.8  23.4  23.1  23.0  22.8  23.0  22.9  22.5  22.9  22.7  22.7  22.5  23.0  22.7  22.8  22.5  22.9  22.9  22.9  22.7  23.0  22.9  23.1  22.8  23.5  23.3 
 24.3  24.3  25.1  25.5  25.5  25.6  25.0  24.3  23.3  23.1  22.9  22.9  22.8  22.8  22.7  22.8  22.7  22.6  22.8  22.9  22.6  22.7  22.6 nan  22.7  22.7  22.8  23.0  23.0  22.9  23.3  23.5 
 25.4  25.1  26.3  26.6  28.6  29.4  37.8  41.9  39.9  33.7  23.5  23.2  23.0  22.8  22.8  23.0  22.9  22.6  22.7  22.8  22.7  22.5  23.1  22.8  22.9  22.6  23.3  23.2  23.1  23.0  23.7  23.4 
 25.6  25.6  26.9  27.4  29.9  32.3  47.7  54.3  58.7  51.8  24.8  23.6  22.8  22.8  22.8  22.9  22.7  22.8  22.8  22.8  22.7  22.5  22.9  23.1  22.8  22.7  23.8  24.1  23.4  23.2  23.6  23.6 
 25.9  26.0  27.7  28.5  32.6  36.5  57.5  66.6  77.7  73.4  30.7  24.8  23.2  22.7  23.0  22.7  22.8  22.7  22.9  22.8  22.7  22.6  23.0  22.9  22.9  22.8  25.5  25.1  23.5  23.1  23.8  23.4 
 25.9  26.0  27.7  28.4  32.7  36.6  57.2  68.9  87.2  82.2  30.4  24.6  22.8  23.2  22.9  22.9  22.9  22.8  23.0  23.0  22.6  22.5  22.8  23.0  22.7  22.9  24.2  24.4  23.3  23.4  23.5  23.7 
 26.1  26.3  27.4  27.8  30.1  31.5  45.5  55.6  67.8  57.1  25.6  23.8  23.0  22.8  23.0  22.9  22.8  22.6  23.1  23.0  22.8  22.6  22.8  22.8  22.9  22.8  23.2  23.2  23.3  23.2  23.9  23.6 
 25.9  26.0  27.2  27.5  28.6  29.6  37.6  42.8  46.3  39.0  23.9  23.6  23.0  22.8  22.9  23.1  22.9  22.9  23.0  23.1  22.7  22.7  23.0  22.9  22.8  22.8  23.4  23.2  23.2  23.4  23.6  23.8 
 26.3  25.7  26.7  26.7  27.2  27.2  29.0  29.2  28.2  26.2  23.8  23.5  23.1  22.9  23.3  23.1  23.1  22.9  23.0  23.0  23.0  22.6  23.2  23.1  23.2  22.9  23.4  23.2  23.5  23.4  23.9  23.8 
 25.8  25.9  26.3  26.7  26.6  26.7  27.5  27.6  26.4  25.2  23.5  23.6  23.0  23.2  23.2  23.0  22.9  23.1  23.2  23.1  22.7  22.9  23.1  23.0  22.9  23.0  23.3  23.4  23.1  23.4  23.8  24.1 
 25.8  25.6  26.0  26.1  26.1  25.6  26.1  26.1  25.2  24.3  23.7  23.6  23.4  23.0  23.1  23.2  23.1  23.0  23.3  23.2  23.1  22.9  23.3  23.1  23.2  23.0  23.5  23.8  23.9  23.2  24.1  24.8 
 25.5  25.7  26.0  25.9  25.7  25.5  25.7  25.7  24.5  24.2  23.7  23.9  23.2  23.1  23.0  23.4  23.0  23.0  23.2  23.2  23.0  23.1  23.3  23.4  23.1  23.0  23.4  23.8  23.5  23.5  25.0  25.7 
 27.3  26.0  25.8  26.0  25.6  24.9  25.4  24.9  24.4  23.9  23.8  23.8  23.7  23.4  23.3  23.5  23.4  23.0  23.3  23.4  23.5  22.8  23.6  23.5  23.6  22.8  24.1  24.2  24.6  23.9  25.4  26.4 
 27.2  26.1  25.7  26.2  25.3  25.3  25.0  24.8  23.9  23.9  24.0  23.8  23.3  23.4  23.5  23.3  23.2  23.3  23.5  23.7  23.4  23.3  23.6  23.9  23.5  23.7  24.3  25.1  24.8  24.9  26.4  26.7 
