 23.9  23.6  23.6  23.5  23.4  23.0  23.3  23.2  22.8  22.7  23.0  23.0  22.8  22.8  22.7  23.1  22.7  22.6  23.1  22.9  22.6  22.7  23.1  23.3  22.8  22.8  23.3  23.5  23.3  23.1  24.4  25.2 
 23.6  23.2  23.6  23.6  23.2  22.7  23.2  23.2  22.9  22.9  23.0  23.1  22.6  22.5  22.9  22.7  22.5  22.7  23.1  23.1  22.7  22.4  23.1  23.1  22.7  22.7  23.4  23.2  22.9  23.4  24.5  24.8 
 23.3  23.1  23.4  23.5  23.0  22.5  22.8  22.9  22.7  22.7  23.1  23.2  22.7  22.6  22.9  22.8  22.8  22.6  22.7  22.9  22.7  22.6  22.7  23.2  22.8  22.7  23.5  23.2  23.3  23.4  23.8  23.8 
 23.2  23.1  23.6  23.4  22.9  22.7  23.0  23.1  22.7  22.9  23.3  23.0  22.4  22.3  22.9  22.8  22.6  22.5  22.9  23.0  22.6  22.7  23.1  22.8  22.6  22.5  23.2  23.3  23.1  23.8  23.8  24.2 
 23.4  22.8  23.0  23.4  23.0  22.6  22.8  23.3  23.3  23.4  24.0  23.5  22.6  22.5  22.8  22.6  22.6  22.5  22.7  22.7  22.7  22.6  22.9  23.0  22.8  22.7  23.2  23.1  23.3  23.6  23.4  23.5 
 22.7  22.8  23.1  23.3  22.7  22.9  23.1  23.1  23.3  24.2  25.6  24.1  22.6  22.4  22.9  22.8  22.5  22.6  22.7  22.9  22.6  22.5  22.8  22.9  23.0  22.5  23.0  23.3  22.9  23.1  23.5  23.8 
 23.2  22.9  23.0  23.5  22.9  22.8  22.9  23.1  23.8  24.9  27.6  25.1  22.7  22.5  22.6  22.8  22.6  22.5  22.8  22.7  22.7  22.7  22.9  23.1  23.1  22.6  23.0  23.1  23.1  22.7  23.5  23.3 
 23.1  23.1  23.2  23.3  22.7  22.7  23.0  23.1  23.1  23.3  24.2  23.6  22.5  22.6  22.9  22.8  22.6  22.5  22.7  22.8  22.7  22.7  23.1  22.8  22.7  22.7  23.2  23.1  22.7  22.8  23.2  22.5 
 23.6  23.1  23.3  23.1  23.0  22.8  23.1  23.2  22.8  22.5  23.0  22.9  22.8  22.5  22.9  22.8  22.6  22.6  22.8  22.9  22.9  22.6  22.8  22.8  22.8  22.6  23.0  23.2  22.7  22.8  23.2  23.3 
 23.5  23.1  23.7  23.6  23.2  23.0  23.1  23.1  22.7  22.5  23.1  23.0  22.5  22.6  22.9  22.7  22.5  22.6  22.9  22.8  22.5  22.5  22.9  22.9  22.7  22.7  23.1  23.2  22.7  22.9  23.4  23.4 
 24.3  24.0  24.6  24.9  24.4  24.2  23.8  23.6  22.9  22.8  23.0  23.1  22.7  22.7  23.0  22.9  22.9  22.5  22.9  22.9  22.7  22.6  23.0  22.8  22.7  22.6  22.8  23.1  22.9  23.0  23.2  23.3 
 24.3  24.5  25.0  25.4  25.4  25.4  25.2  24.5  23.0  23.0  23.2  23.1  22.8  22.5  22.7  22.8  22.6  22.5  22.7  22.8  22.5  22.5  22.8 nan  22.7  22.5  22.8  23.1  22.6  22.7  23.3  23.4 
 25.3  24.8  26.2  26.8  28.6  29.3  38.0  42.0  39.8  33.6  23.5  23.2  22.8  22.6  22.9  22.8  22.7  22.6  22.9  22.7  22.7  22.5  23.0  23.0  22.9  22.6  23.3  23.4  23.2  22.6  23.6  23.6 
 25.3  25.7  26.9  27.4  30.0  32.4  47.7  54.3  58.7  51.7  25.0  23.5  22.9  22.9  22.9  22.9  22.5  22.7  22.8  22.9  22.5  22.5  22.9  23.0  22.5  22.7  23.9  24.0  23.3  23.0  23.5  23.6 
 25.8  26.0  27.5  28.5  32.6  36.4  57.7  66.6  77.7  73.5  30.6  24.7  23.0  22.8  22.9  23.0  22.8  22.7  22.9  23.1  22.8  22.5  22.9  22.9  22.7  22.7  25.5  25.1  23.5  23.2  23.5  23.5 
 25.7  25.9  27.7  28.5  32.5  36.6  57.1  68.8  87.2  82.0  30.4  24.7  23.0  22.8  23.0  22.9  22.6  22.6  23.0  22.9  22.7  22.6  23.0  23.1  22.6  22.6  24.0  24.4  23.2  23.1  23.8  23.4 
 25.8  25.7  27.4  27.9  29.9  31.5  45.5  55.6  67.6  57.2  25.7  23.8  23.2  22.7  23.0  23.0  22.7  22.6  23.1  23.0  22.8  22.7  23.0  23.0  22.8  22.6  23.1  23.3  23.6  23.0  23.9  23.8 
 25.8  26.0  27.2  27.4  28.5  29.4  37.7  42.7  46.1  39.0  24.1  23.5  23.0  23.0  23.2  22.9  22.7  22.6  23.1  23.2  22.6  22.8  22.9  23.0  22.8  22.6  23.4  23.2  23.2  23.1  23.7  23.7 
 26.1  25.5  26.7  26.7  27.2  27.1  28.9  29.4  28.1  26.2  23.8  23.5  23.1  23.0  23.2  23.1  23.0  22.7  23.0  23.1  23.1  22.6  23.1  23.2  22.9  22.7  23.2  23.2  23.5  23.1  23.7  24.0 
 25.4  25.7  26.3  26.5  26.6  26.4  27.6  27.6  26.2  25.1  23.6  23.5  23.0  23.0  23.3  23.1  22.8  22.7  23.3  23.0  22.9  22.6  23.1  23.3  22.8  22.9  23.4  23.0  23.1  23.1  24.2  23.9 
 25.6  25.4  26.2  26.1  25.9  25.7  26.0  26.1  25.1  24.3  23.7  23.6  23.2  22.9  23.2  23.3  23.1  22.9  23.2  23.2  23.0  22.8  23.3  23.4  23.3  22.9  23.5  23.5  23.2  23.2  24.3  24.8 
 25.3  25.7  26.1  25.9  25.7  25.2  25.5  25.6  24.5  24.1  23.9  23.6  22.8  23.0  23.1  23.4  23.2  22.9  23.3  23.2  22.9  23.0  23.5  23.2  22.9  23.0  23.6  23.9  23.7  23.5  25.0  25.6 
 26.5  26.0  25.8  25.6  25.4  25.1  25.1  24.8  24.3  23.7  23.8  23.9  23.6  23.2  23.3  23.5  23.2  22.8  23.4  23.5  23.3  23.0  23.6  23.5  23.3  22.8  24.4  24.3  24.2  23.7  26.2  26.4 
 26.6  26.1  25.7  25.8  25.0  24.9  25.0  25.0  23.9  24.1  24.1  23.9  23.1  23.1  23.6  23.4  23.0  23.3  23.5  23.4  23.0  23.3  23.6  23.7  22.9  23.4  24.5  25.0  24.4  24.6  26.8  26.7 
