 23.9  23.6  23.6  23.8  23.0  23.3  23.1  23.3  22.8  23.0  23.2  23.3  22.6  22.9  22.9  23.1  22.3  22.8  22.9  23.0  22.4  22.8  23.1  23.2  22.7  23.1  23.3  23.3  23.1  23.6  24.4  25.5 
 24.0  23.2  24.1  23.5  23.6  23.1  23.1  23.2  23.2  22.8  23.5  23.1  23.0  22.7  23.1  23.0  22.9  22.4  22.9  22.8  22.9  22.4  23.3  23.0  22.8  22.8  23.4  23.4  23.1  23.2  24.7  24.8 
 23.3  23.3  23.4  23.6  22.7  22.9  22.9  23.4  22.7  22.8  23.0  23.2  22.5  22.8  22.9  22.9  22.5  22.5  22.8  23.0  22.6  22.7  22.8  23.0  22.7  23.1  23.0  23.5  22.9  23.6  23.8  24.2 
 23.7  22.6  23.6  23.6  23.0  22.7  23.4  23.2  23.1  22.8  23.3  23.1  22.8  22.5  22.9  22.8  22.8  22.6  23.1  22.9  22.7  22.6  23.2  22.9  22.7  22.6  23.5  23.4  23.4  23.8  24.1  23.6 
 23.0  23.5  23.3  23.3  22.7  23.1  23.0  23.4  23.1  23.7  24.1  23.7  22.7  22.7  22.9  22.9  22.5  22.7  22.7  22.8  22.7  22.8  22.8  23.0  22.7  22.8  23.2  23.4  23.3  23.8  23.9  24.1 
 23.2  23.2  23.4  23.2  22.9  22.8  23.2  23.3  23.5  24.3  25.8  24.1  22.8  22.5  22.9  22.9  22.7  22.6  22.8  22.9  22.8  22.6  22.9  22.9  23.0  22.5  23.3  22.9  23.0  23.1  23.8  23.5 
 22.9  23.5  23.3  23.4  22.7  22.9  22.9  23.2  23.6  25.0  27.6  24.9  22.6  22.8  22.7  23.0  22.5  22.5  22.8  22.7  22.6  22.7  22.9  23.1  22.7  22.8  23.0  23.3  23.1  23.0  23.3  23.8 
 23.8  23.1  23.4  23.3  23.3  22.7  23.3  23.0  23.3  23.2  24.5  23.4  22.9  22.6  22.9  22.8  22.9  22.6  22.8  22.9  22.8  22.7  23.1  23.0  22.9  22.5  23.3  23.1  23.2  22.7  23.4  22.8 
 23.2  23.4  23.3  23.4  22.8  22.9  23.0  23.2  22.8  22.8  23.0  23.0  22.5  22.7  22.7  22.9  22.5  22.7  22.8  23.0  22.5  22.6  22.8  22.9  22.8  23.0  23.0  23.3  22.5  22.8  23.2  23.5 
 23.8  23.0  23.9  23.5  23.4  22.8  23.3  23.0  22.9  22.6  23.0  23.0  22.8  22.4  22.8  22.8  22.9  22.5  22.8  22.8  22.9  22.5  23.1  22.9  23.0  22.7  23.2  23.0  22.9  22.6  23.7  23.4 
 23.8  24.6  24.7  24.9  24.5  24.5  23.9  23.7  22.9  23.0  23.0  23.0  22.7  22.7  22.8  22.9  22.7  22.7  22.8  23.0  22.6  22.7  22.8  23.0  22.7  22.9  23.0  23.2  22.6  23.0  23.4  23.7 
 24.7  24.3  25.1  25.6  25.8  25.5  25.2  24.4  23.4  22.9  23.1  22.9  22.8  22.7  22.9  22.9  22.6  22.5  23.0  22.8  22.8  22.7  23.0 nan  22.9  22.5  23.3  23.2  22.9  22.6  23.6  23.5 
 25.0  25.3  26.2  26.9  28.3  29.4  37.9  41.9  39.6  33.8  23.5  23.2  22.8  22.8  22.8  23.0  22.6  22.7  23.0  22.8  22.5  22.7  22.9  23.0  22.6  22.7  23.2  23.2  22.8  23.0  23.6  23.9 
 25.8  25.3  27.0  27.6  30.1  32.3  47.8  54.3  58.8  51.5  25.1  23.5  23.0  22.8  23.1  23.0  22.9  22.6  22.9  23.0  22.8  22.6  23.1  23.0  23.0  22.6  24.1  24.0  23.5  22.9  23.6  23.6 
 25.3  26.3  27.6  28.6  32.3  36.6  57.6  66.7  77.6  73.4  30.6  25.0  22.9  23.0  22.9  23.1  22.5  22.8  22.8  23.1  22.5  22.9  22.9  23.1  22.4  22.9  25.5  25.3  23.2  23.2  23.3  23.7 
 26.0  25.8  27.9  28.5  32.9  36.7  57.4  68.8  87.2  82.2  30.4  24.8  23.2  22.8  23.0  22.9  22.8  22.6  23.1  22.9  22.7  22.6  23.2  22.9  22.8  22.6  24.4  24.4  23.5  23.1  24.0  23.7 
 25.8  26.3  27.4  28.0  29.8  31.8  45.5  55.7  67.6  57.3  25.5  24.0  23.0  22.8  23.1  23.1  22.7  22.8  22.9  23.1  22.8  22.8  23.0  23.2  22.5  22.8  23.3  23.6  23.0  23.1  23.4  23.8 
 25.8  25.8  27.3  27.5  28.7  29.3  37.7  42.8  46.1  39.0  24.2  23.6  23.0  22.8  23.3  23.1  22.8  22.6  23.1  23.1  22.9  22.7  22.9  23.1  23.0  22.5  23.5  23.2  23.4  23.4  23.9  24.0 
 25.9  26.0  26.6  26.9  26.8  27.2  28.8  29.6  28.0  26.3  23.7  23.6  23.0  23.1  23.1  23.2  22.9  23.1  22.9  23.2  22.8  22.8  23.0  23.6  22.9  23.0  23.2  23.5  23.1  23.2  23.9  24.4 
 25.8  25.9  26.7  26.5  26.8  26.6  27.7  27.6  26.5  25.0  23.9  23.4  23.2  22.9  23.3  23.1  23.0  22.9  23.1  23.1  22.9  22.6  23.5  23.2  23.1  22.8  23.6  23.4  23.4  22.9  24.3  24.3 
 25.6  25.6  26.2  26.4  25.7  25.9  26.1  26.2  25.1  24.5  23.9  24.0  23.0  23.3  23.1  23.5  22.9  23.0  23.2  23.2  23.0  22.8  23.3  23.4  23.2  23.0  23.7  23.8  23.2  23.4  23.8  25.0 
 25.9  25.3  26.3  25.9  25.8  25.2  25.8  25.7  24.6  24.2  24.0  23.8  23.5  22.9  23.4  23.3  23.3  22.7  23.4  23.4  23.0  22.9  23.7  23.3  23.3  22.8  23.7  23.8  23.5  23.3  24.7  25.6 
 26.5  26.4  25.6  26.0  25.3  25.0  25.2  25.1  24.4  24.1  23.8  24.0  23.3  23.3  23.4  23.5  23.0  23.1  23.4  23.4  23.2  23.2  23.5  23.7  23.1  23.3  24.1  24.3  24.0  23.9  25.4  27.3 
 26.8  26.1  25.9  26.2  25.5  25.0  25.2  24.8  24.2  23.8  24.0  24.1  23.4  23.3  23.6  23.3  23.5  23.0  23.7  23.4  23.5  23.2  23.6  23.6  23.3  23.2  24.6  25.3  24.8  24.8  27.2  28.2 
