 24.1  23.2  23.8  24.0  23.5  22.9  23.1  23.2  23.0  22.7  22.9  23.4  23.0  22.5  22.9  23.0  22.8  22.5  23.2  22.9  23.1  22.3  22.9  23.2  23.0  22.7  23.6  23.5  23.7  23.3  24.4  25.8 
 23.6  23.3  23.6  23.8  23.2  23.3  23.3  23.1  22.8  22.9  23.0  23.3  22.8  22.8  23.0  22.9  22.7  22.7  23.1  22.9  22.6  22.8  22.9  23.2  22.7  23.0  23.4  23.2  23.1  23.6  24.5  25.1 
 23.9  23.1  23.7  23.6  23.0  22.8  23.2  23.2  23.0  22.6  23.2  23.1  22.9  22.4  23.0  22.9  22.9  22.3  22.8  22.8  22.8  22.5  23.1  23.1  23.1  22.7  23.2  23.5  23.5  23.1  24.0  24.0 
 23.0  23.3  23.3  23.6  22.8  22.9  23.4  23.1  22.7  23.1  23.4  23.1  22.6  22.6  22.8  22.9  22.6  22.6  23.1  22.9  22.6  22.7  22.9  23.1  22.7  23.0  23.5  23.3  23.1  24.0  24.3  24.2 
 23.5  22.8  23.3  23.4  23.1  22.5  23.2  23.2  23.3  23.5  24.2  23.5  22.8  22.5  22.8  22.8  22.6  22.3  22.8  22.8  22.7  22.5  22.9  23.0  22.9  22.6  23.2  23.4  23.6  23.5  23.7  23.9 
 22.7  23.3  23.1  23.2  22.6  22.9  23.3  23.1  23.3  24.6  25.8  24.2  22.5  22.7  22.8  22.9  22.6  22.5  22.8  22.7  22.5  22.6  22.9  22.9  22.7  22.9  23.4  23.1  22.7  23.2  23.8  23.7 
 23.5  22.7  23.3  23.2  23.2  22.5  23.3  23.3  23.9  24.9  27.6  25.0  22.9  22.6  22.8  22.9  22.6  22.4  22.8  22.8  22.9  22.6  22.8  23.1  23.1  22.6  23.1  23.2  23.0  22.8  23.2  23.5 
 23.3  23.4  23.4  23.3  23.0  22.8  23.2  23.2  23.0  23.4  24.5  23.5  22.7  22.7  22.8  22.8  22.7  22.6  22.8  22.9  22.6  22.8  23.1  23.0  22.6  22.5  23.0  23.2  22.5  23.0  23.4  22.7 
 23.8  22.8  23.3  23.4  23.1  22.6  23.2  23.1  22.9  22.6  23.0  23.0  22.9  22.5  22.9  22.9  22.7  22.5  22.8  23.0  22.7  22.5  22.9  22.8  23.0  22.6  23.1  22.8  23.1  22.5  23.2  23.3 
 23.5  23.4  23.7  23.6  23.1  23.3  23.2  23.1  22.6  22.8  23.0  23.1  22.5  22.6  22.9  22.8  22.5  22.8  22.9  22.9  22.6  22.8  23.1  22.9  22.7  22.9  23.1  23.2  22.8  22.9  23.7  23.4 
 24.6  23.7  24.6  24.8  24.6  24.2  23.9  23.6  23.0  22.8  23.0  23.0  22.9  22.6  22.8  22.9  22.8  22.5  23.0  22.9  22.7  22.6  22.8  22.9  22.9  22.5  22.8  23.0  23.1  22.8  23.4  23.3 
 24.1  24.7  25.5  25.5  25.5  25.6  25.1  24.4  23.0  23.1  23.1  23.0  22.6  22.7  22.9  23.1  22.7  22.6  22.9  22.8  22.7  22.6  22.9 nan  22.6  22.5  22.9  23.3  22.6  23.0  23.7  23.6 
 25.4  24.8  26.2  26.6  28.7  29.5  38.0  41.9  40.0  33.7  23.4  23.2  22.9  22.7  22.9  23.0  22.9  22.6  22.9  22.7  22.7  22.5  22.9  23.0  22.8  22.6  23.3  23.4  23.3  22.8  23.7  23.8 
 25.2  25.7  27.0  27.6  29.8  32.5  47.6  54.3  58.7  51.6  24.9  23.6  22.9  22.9  23.1  23.0  22.5  22.8  22.9  22.8  22.5  22.6  23.2  23.0  22.5  22.7  24.2  24.2  23.3  23.2  23.8  23.6 
 25.8  25.7  27.6  28.5  32.7  36.4  57.7  66.7  77.7  73.3  30.7  24.9  23.1  22.6  22.9  23.0  22.8  22.6  23.0  23.1  22.8  22.5  23.0  23.0  22.8  22.8  25.6  25.5  23.6  23.1  23.7  23.7 
 25.9  26.2  27.7  28.5  32.4  37.0  57.3  69.0  87.1  82.1  30.4  24.9  23.0  22.9  22.8  23.0  22.6  22.7  23.0  23.0  22.5  22.6  23.0  23.0  22.7  22.6  24.2  24.5  23.1  23.3  23.5  23.7 
 25.9  25.8  27.4  27.9  30.3  31.6  45.5  55.6  67.6  57.0  25.6  23.8  23.3  22.7  23.0  23.2  22.8  22.5  23.2  23.1  22.8  22.7  23.2  22.9  22.9  22.5  23.3  23.6  23.4  23.0  23.7  23.9 
 25.4  26.0  27.3  27.8  28.5  29.6  37.7  42.6  46.0  39.0  24.1  23.7  23.0  23.1  23.1  23.2  22.6  22.7  23.1  23.2  22.6  22.8  23.0  23.1  22.9  23.0  23.3  23.1  23.2  23.7  24.1  23.8 
 26.1  25.9  26.9  26.8  27.2  27.1  28.9  29.6  28.0  26.1  23.9  23.5  23.2  22.8  23.2  23.3  23.1  22.8  23.0  23.2  22.9  22.5  23.1  23.2  23.0  22.7  23.3  23.7  23.7  22.9  23.9  24.2 
 25.3  26.2  26.6  26.7  26.4  26.7  27.6  27.7  26.2  25.2  23.8  23.5  22.8  23.1  23.4  23.2  22.9  23.0  23.2  23.2  22.7  22.9  23.3  23.2  22.8  23.1  23.4  23.4  23.1  23.3  24.3  24.3 
 26.4  25.4  26.2  26.4  26.1  25.7  26.0  26.1  25.2  24.3  23.7  23.6  23.2  23.1  23.2  23.3  23.1  22.9  23.5  23.4  23.1  22.8  23.3  23.6  23.3  23.0  23.7  23.8  23.7  23.1  24.5  25.0 
 25.7  25.7  26.1  26.1  25.8  25.6  26.0  25.6  24.3  24.3  24.0  23.8  23.2  23.2  23.6  23.5  22.9  23.0  23.2  23.4  22.7  23.2  23.5  23.3  23.1  23.1  23.7  23.8  23.5  23.6  25.2  25.6 
 27.0  25.8  26.0  26.0  25.3  24.9  25.2  25.1  24.5  23.7  24.1  23.7  23.7  23.1  23.7  23.5  23.5  22.9  23.4  23.4  23.3  23.2  23.7  23.8  23.6  23.1  24.2  24.7  24.2  23.9  26.2  27.3 
 26.9  26.6  25.9  25.8  24.8  25.2  24.9  25.0  23.9  24.2  24.1  24.1  23.3  23.5  23.5  23.4  23.1  23.3  23.6  23.4  23.1  23.4  23.5  23.7  23.0  23.4  24.5  25.1  24.6  24.8  26.8  27.7 
