 23.7  23.6  23.6  23.5  23.2  23.2  22.9  23.0  22.8  23.1  22.8  23.0  22.8  22.8  22.8  23.0  22.5  22.5  22.6  22.7  22.6  22.8  22.9  22.9  22.6  22.8  23.1  23.3  23.1  23.3  23.9  25.2 
 23.8  23.2  23.6  23.5  23.2  23.0  23.1  23.1  22.9  22.7  23.0  23.0  22.6  22.5  22.9  22.7  22.6  22.5  22.8  22.7  22.9  22.5  23.0  23.1  23.0  22.8  23.0  23.1  23.4  23.2  24.2  24.8 
 23.1  23.1  23.2  23.1  23.0  22.8  22.7  22.9  22.8  22.8  22.9  22.9  22.5  22.7  22.9  22.9  22.6  22.5  22.6  22.8  22.6  22.7  22.6  22.9  23.0  22.9  22.9  23.2  23.0  23.2  23.4  24.4 
 23.6  22.8  23.3  23.1  22.9  22.3  23.0  23.1  23.1  22.7  23.4  22.9  22.6  22.6  22.7  22.8  22.5  22.8  23.0  22.7  22.6  22.5  23.0  22.9  22.9  22.6  23.3  22.9  23.2  23.8  23.9  23.6 
 23.0  23.2  22.9  23.3  22.9  23.0  22.8  22.8  23.2  23.5  24.0  23.3  22.7  22.4  22.7  22.7  22.5  22.4  22.4  22.9  22.5  22.7  22.8  23.0  22.8  22.8  22.9  23.4  23.1  23.8  23.6  23.9 
 23.0  22.7  23.2  22.9  22.7  22.5  23.0  22.9  23.7  24.2  25.8  24.0  22.8  22.4  22.6  22.8  22.7  22.3  22.8  22.6  22.6  22.3  22.7  22.8  23.0  22.7  23.0  23.1  23.2  23.1  23.6  23.1 
 22.9  23.0  23.2  23.4  22.8  22.9  22.9  23.2  23.8  24.9  27.4  24.9  22.6  22.8  22.6  22.6  22.5  22.6  22.7  22.8  22.7  22.6  22.6  22.8  22.8  22.7  22.9  23.0  22.7  23.0  22.8  23.5 
 23.4  23.2  23.4  23.1  22.9  22.5  23.1  22.8  23.1  23.2  24.1  23.4  22.7  22.4  22.7  22.7  22.8  22.6  22.7  22.7  22.6  22.6  22.9  22.8  22.7  22.7  23.2  22.8  23.1  22.7  23.4  22.5 
 23.2  23.2  23.2  23.3  22.9  22.6  22.9  23.1  22.8  22.8  22.8  22.9  22.5  22.6  22.6  22.8  22.4  22.6  22.8  22.6  22.6  22.6  22.7  22.8  22.6  22.6  22.8  23.0  22.8  22.8  23.1  23.1 
 23.5  23.1  23.6  23.3  23.1  22.9  23.0  23.0  22.8  22.6  22.9  22.8  22.7  22.5  22.7  22.8  22.6  22.6  22.7  22.6  22.6  22.5  22.8  22.7  22.9  22.5  23.1  22.9  22.6  22.9  23.5  23.3 
 24.1  24.0  24.5  24.6  24.4  24.4  23.7  23.5  22.9  22.8  22.8  22.8  22.6  22.5  22.7  22.9  22.7  22.6  22.8  22.8  22.7  22.8  22.9  22.7  22.7  22.6  22.8  23.0  23.0  22.8  22.9  23.5 
 24.4  24.4  25.2  25.2  25.6  25.5  25.0  24.3  23.2  22.9  23.1  23.0  22.7  22.5  22.7  22.7  22.7  22.6  22.8  22.7  22.7  22.5  22.6 nan  22.7  22.5  22.9  22.9  22.9  22.6  23.2  23.5 
 25.1  25.1  26.1  26.7  28.5  29.7  37.8  41.8  39.6  33.8  23.4  23.1  22.8  22.7  22.8  22.9  22.8  22.8  22.7  22.7  22.6  22.5  22.7  22.8  22.6  22.7  23.0  23.2  23.1  23.0  22.9  23.3 
 25.5  25.4  26.5  27.4  30.0  32.5  47.6  54.2  58.6  51.6  25.0  23.6  22.9  22.8  23.0  22.9  22.6  22.6  22.8  22.7  22.6  22.4  22.8  22.7  22.7  22.7  23.9  24.0  23.6  23.0  23.3  23.1 
 25.6  26.0  27.5  28.3  32.6  36.4  57.5  66.6  77.6  73.4  30.7  24.6  22.9  22.8  22.7  22.8  22.7  22.7  22.8  22.8  22.5  22.5  22.8  22.8  22.6  22.7  25.2  25.3  23.2  23.1  23.3  23.5 
 25.7  25.9  27.7  28.4  32.6  36.7  57.1  68.8  87.2  82.1  30.3  24.6  23.0  22.9  22.9  22.9  22.8  22.7  23.0  22.8  22.7  22.6  22.8  22.8  22.7  22.6  24.2  24.5  23.3  22.9  23.3  23.7 
 25.8  25.8  27.3  28.0  29.7  31.6  45.3  55.5  67.6  57.2  25.3  23.9  22.9  23.0  22.9  23.0  22.7  22.8  22.8  22.7  22.7  22.8  22.8  22.9  22.8  22.6  23.1  23.1  22.9  23.3  23.4  23.9 
 26.1  25.8  27.1  27.3  28.6  29.3  37.6  42.6  46.1  39.0  23.9  23.3  23.0  22.7  22.9  22.8  22.7  22.7  22.9  22.9  22.7  22.6  22.8  22.9  22.9  22.5  23.2  23.2  23.2  23.2  23.9  23.7 
 25.6  26.0  26.6  26.8  27.0  27.3  28.5  29.5  28.0  26.2  23.7  23.6  23.0  22.8  22.9  23.2  22.9  22.7  22.9  23.1  22.8  22.7  23.0  23.2  22.9  22.8  22.8  23.3  23.2  23.2  23.4  24.2 
 25.9  25.7  26.0  26.4  26.6  26.6  27.5  27.5  26.4  25.2  23.5  23.4  23.2  22.9  23.2  23.0  23.0  22.8  23.0  23.0  22.9  22.7  23.1  23.2  22.9  22.9  23.3  23.3  23.3  23.1  24.0  24.1 
 25.6  25.7  25.8  26.2  25.8  25.9  25.8  25.8  24.8  24.2  23.7  23.5  23.1  23.2  23.1  23.4  22.9  23.1  23.0  23.2  22.8  22.8  23.0  23.1  23.0  23.0  23.2  23.6  23.1  23.2  24.1  25.0 
 25.9  25.5  26.1  25.8  25.5  25.4  25.6  25.6  24.5  24.1  23.9  23.5  23.3  22.9  23.2  23.1  22.8  23.0  23.3  23.2  23.0  22.9  23.1  23.2  22.9  23.0  23.3  23.3  23.5  23.5  24.5  25.0 
 26.2  25.8  25.5  26.0  25.0  25.0  24.8  24.9  24.0  24.1  23.7  23.8  23.4  23.1  23.2  23.2  23.2  22.9  23.4  23.3  23.0  23.1  23.2  23.4  23.0  23.1  23.6  24.3  23.8  23.9  25.4  25.9 
 27.2  26.4  25.7  25.8  25.0  24.9  25.0  24.6  24.0  23.8  23.7  23.7  23.4  23.1  23.6  23.4  23.2  23.0  23.3  23.3  23.3  23.3  23.3  23.5  23.3  23.2  24.6  24.5  24.6  24.3  25.9  26.2 
