 24.1  23.2  23.8  23.5  23.2  23.0  23.0  23.1  23.0  22.9  23.0  23.1  22.8  22.6  22.9  22.8  22.7  22.7  22.8  22.9  22.6  22.6  23.1  22.9  23.0  22.8  23.1  23.3  23.7  23.5  24.4  24.9 
 23.6  23.3  23.5  23.8  23.2  23.1  23.2  22.8  22.8  22.6  23.1  23.3  22.8  22.8  22.8  22.9  22.8  22.8  22.8  22.9  22.9  22.5  22.7  22.9  22.8  22.8  23.3  23.4  23.4  23.6  24.0  25.1 
 23.3  23.8  23.4  23.3  22.9  22.6  22.8  22.9  22.9  22.7  22.9  23.0  22.6  22.6  22.8  22.8  22.6  22.8  22.8  22.8  22.6  22.6  22.8  22.7  23.1  22.8  23.2  23.1  23.3  23.6  23.8  24.0 
 23.0  23.1  23.3  23.3  22.9  22.5  23.0  23.3  22.9  23.1  23.1  23.1  22.6  22.6  22.7  22.8  22.6  22.4  22.8  22.8  22.8  22.8  22.9  23.1  22.9  22.9  23.3  23.3  23.4  24.0  24.0  23.8 
 23.5  23.3  23.2  23.4  22.9  22.7  23.0  22.9  23.3  23.6  24.1  23.4  22.7  22.7  22.8  22.6  22.5  22.5  22.8  22.6  22.7  22.5  22.8  23.0  22.8  22.8  22.9  23.0  23.1  23.6  23.2  23.7 
 23.2  23.2  22.9  22.9  22.9  22.8  23.2  23.1  23.7  24.3  25.7  23.9  22.8  22.7  22.6  22.8  22.6  22.6  22.7  22.7  22.7  22.7  22.8  22.9  23.0  22.7  22.9  23.3  23.0  23.1  23.3  23.5 
 23.2  23.0  23.2  23.1  22.9  22.8  23.0  23.1  23.8  24.9  27.5  24.9  22.6  22.8  22.7  22.7  22.6  22.5  22.7  22.7  22.6  22.7  22.9  23.0  22.8  22.7  23.0  23.1  23.0  22.7  23.3  23.2 
 23.3  23.4  22.7  23.4  23.0  22.7  23.0  23.2  23.2  23.5  24.3  23.6  22.7  22.6  22.5  22.7  22.7  22.5  22.7  22.9  22.7  22.8  22.8  23.1  22.9  22.7  23.2  23.2  23.1  22.8  22.9  22.3 
 23.6  23.2  23.5  23.0  22.9  23.1  22.9  23.1  22.7  22.7  22.8  22.9  22.7  22.6  22.8  22.8  22.7  22.6  22.8  22.6  22.8  22.6  22.7  22.8  22.8  22.8  23.0  23.0  23.2  22.8  23.1  23.2 
 23.3  23.4  23.5  23.6  23.4  23.0  23.0  23.1  22.9  22.7  23.0  22.9  22.7  22.7  22.7  22.9  22.7  22.6  22.7  22.9  22.6  22.8  22.9  22.9  23.0  22.9  23.0  23.2  22.9  22.7  23.4  23.4 
 24.4  24.3  24.6  24.8  24.5  24.4  23.7  23.4  23.0  22.8  23.0  22.8  22.7  22.7  22.9  22.7  22.6  22.6  22.9  22.8  22.8  22.7  22.9  22.8  22.9  22.6  22.7  22.9  22.9  22.8  23.4  23.3 
 24.4  24.4  25.2  25.4  25.5  25.6  25.1  24.4  23.2  23.1  22.9  23.0  22.7  22.7  22.7  22.9  22.7  22.6  22.7  22.8  22.7  22.7  22.8 nan  22.8  22.6  22.7  22.9  23.0  22.7  23.3  23.8 
 25.3  24.9  26.2  26.7  28.5  29.6  37.9  41.8  39.7  33.9  23.5  23.1  22.9  22.9  22.8  22.8  23.0  22.7  22.8  22.8  22.6  22.5  22.8  22.8  22.9  22.8  23.2  23.2  23.1  22.9  23.4  23.3 
 25.6  25.4  26.8  27.4  30.0  32.5  47.6  54.3  58.7  51.5  24.8  23.5  23.0  23.0  22.7  22.7  22.7  22.5  22.8  22.8  22.6  22.6  22.7  22.9  22.8  22.8  23.8  24.0  23.4  22.9  23.5  23.4 
 25.9  25.8  27.6  28.5  32.6  36.5  57.5  66.6  77.6  73.3  30.7  24.7  23.0  22.7  22.8  22.8  22.8  22.6  23.0  22.9  22.7  22.7  22.9  22.9  22.7  23.1  25.4  25.0  23.3  23.1  23.2  23.5 
 25.7  26.0  27.7  28.5  32.7  36.8  57.1  68.8  87.2  82.2  30.3  24.9  23.0  22.8  23.0  22.8  22.7  22.8  22.9  22.9  22.6  22.6  22.8  22.9  22.7  22.6  23.9  24.5  23.3  23.1  23.5  23.5 
 25.9  26.0  27.3  27.8  29.9  31.7  45.5  55.6  67.7  57.3  25.3  23.7  23.1  23.0  22.9  22.9  22.7  22.7  23.0  22.7  22.7  22.6  22.9  22.9  22.8  22.8  23.1  23.3  23.0  23.3  23.6  23.6 
 25.9  26.0  27.2  27.4  28.6  29.6  37.6  42.7  46.3  39.0  24.0  23.6  23.1  22.8  23.0  23.2  22.7  22.7  23.0  23.1  22.9  22.8  22.8  23.0  22.8  22.6  23.1  23.3  23.4  23.2  23.6  23.8 
 26.1  25.9  26.6  26.7  27.1  27.3  28.8  29.2  28.1  26.1  23.7  23.4  23.1  23.0  23.0  23.1  23.2  23.0  22.8  23.0  22.9  22.8  23.2  23.0  22.9  22.9  23.2  23.2  23.7  23.4  23.9  24.2 
 25.8  25.7  26.1  26.4  26.7  26.7  27.4  27.7  26.3  25.3  23.6  23.5  23.1  23.0  23.1  23.1  23.0  22.9  23.1  23.0  22.8  22.9  23.1  23.1  23.2  23.0  23.2  23.6  23.3  23.3  24.0  24.1 
 25.6  25.8  26.0  26.1  26.0  25.7  25.8  25.9  25.1  24.2  23.5  23.6  23.3  23.2  23.2  23.3  22.9  23.0  23.3  23.2  22.9  23.0  23.2  23.3  23.3  23.0  23.4  23.6  23.4  23.4  24.1  24.5 
 25.9  25.7  25.8  26.2  25.9  25.6  25.7  25.6  24.6  24.3  23.8  23.6  23.1  23.0  23.1  23.3  23.2  23.0  23.2  23.2  23.0  23.0  23.2  23.4  23.1  23.2  23.3  23.5  23.3  23.8  24.2  25.0 
 27.0  26.0  25.8  25.6  25.4  24.9  25.2  24.6  24.4  24.1  24.1  23.7  23.6  23.2  23.3  23.4  23.4  23.3  23.3  23.3  23.2  23.0  23.3  23.4  23.3  23.1  23.9  23.8  24.4  24.1  25.8  26.4 
 27.2  26.4  25.7  25.7  25.0  25.2  25.0  24.8  24.1  23.7  23.7  23.9  23.4  23.3  23.4  23.5  23.2  23.3  23.2  23.6  23.3  23.3  23.5  23.7  23.3  23.2  24.5  25.1  24.4  24.3  26.8  28.1 
