 23.5  22.8  23.4  23.5  22.9  23.0  23.0  22.7  22.6  22.5  22.7  22.9  22.7  22.4  22.7  22.8  22.3  22.5  22.6  22.8  22.3  22.4  22.9  22.7  22.4  22.8  23.4  23.8  23.5  23.4  24.2  25.3 
 23.4  23.0  23.6  23.6  23.0  22.8  22.8  23.1  22.7  22.4  22.9  22.9  22.4  22.3  22.9  22.6  22.5  22.4  22.7  23.0  22.5  22.5  22.8  23.0  22.8  22.6  23.2  24.2  23.8  23.0  24.3  24.3 
 22.9  23.1  23.4  23.2  22.8  22.4  23.0  22.8  22.5  22.6  22.8  22.8  22.4  22.4  22.8  22.5  22.5  22.6  22.6  22.7  22.5  22.5  22.8  22.7  22.7  22.8  23.3  23.3  23.1  23.0  23.6  23.6 
 23.4  23.0  23.2  23.5  22.9  22.4  23.0  23.0  22.8  22.5  23.2  22.8  22.5  22.4  22.6  22.9  22.6  22.4  22.6  22.6  22.6  22.4  22.9  22.9  22.9  22.7  23.1  23.3  23.0  22.7  23.7  23.5 
 23.2  23.3  23.3  23.2  22.6  22.9  23.0  23.1  23.2  23.1  23.2  22.9  22.5  22.4  22.5  22.5  22.4  22.4  22.7  22.7  22.6  22.5  22.9  22.8  22.7  22.6  23.3  22.6  22.6  23.0  23.4  23.3 
 23.3  23.1  23.3  23.1  22.8  22.7  23.1  23.2  23.5  23.8  23.4  22.9  22.5  22.3  22.6  22.6  22.6  22.3  22.6  22.6  22.5  22.5  22.7  22.9  22.8  22.5  22.8  22.9  22.8  22.9  23.6  23.8 
 22.9  23.1  23.1  23.3  22.9  22.7  23.1  23.3  25.1  26.8  24.2  23.3  22.5  22.5  22.6  22.5  22.4  22.5  22.8  22.5  22.6  22.7  22.9  22.9  22.6  22.7  23.1  23.0  22.8  22.9  23.2  23.5 
 23.2  22.9  23.2  23.2  22.9  22.5  23.1  23.7  25.9  27.2  24.6  23.3  22.7  22.3  22.7  22.7  22.6  22.4  22.6  22.6  22.6  22.3  22.9  22.7  22.7  22.5  22.7  23.0  23.0  22.8  23.0  22.3 
 23.4  23.2  23.4  23.1  22.6  22.8  23.2  23.0  23.2  23.3  23.3  22.9  22.6  22.5  22.7  22.7  22.5  22.5  22.7  22.6  22.5  22.6  22.8  22.7  22.5  22.6  22.9  23.0  22.7  22.7  23.3  23.1 
 23.7  23.3  23.7  23.5  23.1  22.9  23.0  23.1  23.0  23.0  22.8  23.0  22.7  22.5  22.7  22.8  22.5  22.4  22.8  22.9  22.4  22.5  22.8  22.8  22.8  22.7  22.8  23.2  23.1  22.7  23.5  23.2 
 23.5  23.8  24.2  23.9  23.7  23.3  23.3  23.1  22.9  22.9  22.9  22.9  22.5  22.7  22.7  22.7  22.6  22.5  22.6  22.6  22.5  22.6  22.8  22.7  22.5  22.7  23.2  23.6  23.6  23.4  23.5  23.5 
 23.8  23.3  24.2  24.5  24.7  24.5  24.1  23.6  23.0  22.9  23.0  23.0  22.8  22.5  22.7  22.9  22.5  22.6  22.7  22.7  22.7  22.4  22.8 nan  22.9  22.5  24.2  25.3  23.9  22.8  23.4  23.4 
 24.4  24.6  25.5  25.7  27.0  27.7  32.9  35.2  33.2  29.5  23.3  23.1  22.7  22.7  22.8  22.7  22.6  22.6  22.8  22.6  22.5  22.5  22.9  22.7  22.6  22.8  24.1  24.5  23.4  23.1  23.4  23.6 
 24.8  24.7  26.1  26.7  28.6  30.2  41.9  49.1  53.7  47.4  24.9  23.4  22.8  22.6  22.8  22.8  22.7  22.5  22.7  23.1  22.7  22.4  22.7  22.7  22.7  22.7  23.0  23.6  23.4  23.1  23.4  23.4 
 25.0  25.5  26.8  27.7  30.6  33.9  55.0  63.3  74.9  71.5  34.8  25.6  22.8  22.7  22.8  22.7  22.6  22.6  23.0  22.8  22.6  22.5  22.9  22.8  22.5  22.7  23.0  23.1  22.9  23.0  23.5  23.5 
 25.2  25.5  26.8  27.8  30.8  34.3  53.7  62.9  78.8  79.5  37.2  26.2  22.9  22.7  22.9  22.8  22.7  22.5  22.8  22.9  22.7  22.6  22.8  22.8  22.7  22.6  22.9  23.1  23.0  22.7  23.8  23.3 
 25.1  25.6  26.7  27.0  29.4  31.7  44.4  53.4  73.1  70.3  30.2  24.4  22.7  22.8  22.8  22.6  22.6  22.5  22.8  22.8  22.7  22.5  22.9  23.0  22.9  22.6  23.2  23.3  22.7  22.9  23.5  23.4 
 25.6  25.3  26.4  27.0  28.6  29.7  37.1  42.3  54.2  49.6  25.9  23.9  22.8  22.6  22.9  22.8  22.6  22.4  22.9  23.1  22.8  22.4  22.9  23.1  22.9  22.8  23.1  23.3  23.3  22.9  23.5  23.8 
 25.4  25.3  26.4  26.7  26.8  27.3  28.9  29.7  29.5  28.2  24.0  23.3  22.7  22.9  22.9  23.1  22.7  22.6  22.8  22.8  22.6  22.6  23.0  22.8  22.6  23.0  23.3  23.3  23.2  23.3  23.7  24.0 
 25.4  25.5  26.2  26.6  26.5  26.3  27.5  27.6  27.0  25.9  23.7  23.5  22.9  22.9  23.2  23.0  22.9  22.4  23.1  22.9  22.8  22.5  22.9  23.0  22.9  22.7  23.2  23.4  23.1  23.1  24.1  24.5 
 25.4  25.4  26.1  25.9  25.6  25.7  25.9  25.7  25.2  24.4  23.7  23.4  22.8  23.0  23.0  23.0  22.6  22.9  23.1  23.1  22.8  22.8  23.2  23.3  22.9  23.1  23.5  23.7  23.7  24.4  25.2  25.4 
 25.5  25.1  25.9  25.7  25.5  25.3  25.7  25.4  24.7  24.3  23.5  23.7  23.0  22.6  23.2  23.1  22.7  22.7  23.0  23.2  22.9  22.8  23.1  23.4  23.0  22.9  23.4  24.1  24.8  24.5  25.7  26.1 
 26.1  25.6  25.5  25.4  24.8  24.7  25.3  24.7  24.0  23.9  23.6  23.6  23.1  23.1  23.2  23.2  22.9  22.8  23.1  23.1  23.0  22.9  23.3  23.3  23.4  23.5  25.3  25.8  25.7  25.4  26.7  26.6 
 26.9  25.7  25.2  25.5  24.8  24.5  24.8  24.9  23.9  23.9  23.5  23.8  23.2  22.9  23.3  23.1  23.3  22.8  23.3  23.4  23.1  23.0  23.6  23.8  24.3  24.4  26.5  27.1  26.5  25.6  27.4  27.0 
