 23.9  23.6  23.6  23.5  23.0  23.0  23.3  23.1  22.8  22.6  23.0  23.1  22.8  22.6  22.9  23.0  22.8  22.8  23.2  23.1  22.9  22.7  22.9  23.1  22.8  22.8  23.4  23.6  23.3  23.5  24.4  25.2 
 23.8  23.2  23.3  23.8  23.3  23.1  23.1  23.4  22.9  22.7  23.4  23.1  22.9  22.5  22.9  22.8  22.8  22.4  22.9  22.8  22.9  22.5  23.1  22.9  23.0  22.7  23.3  23.6  22.9  23.2  24.5  24.8 
 23.3  23.5  23.6  23.6  22.9  22.8  22.8  23.0  22.9  22.8  23.3  23.1  22.6  22.6  22.9  23.0  22.6  22.6  22.9  22.9  22.6  22.7  22.8  22.9  22.8  22.8  23.2  23.4  23.2  23.4  23.8  24.4 
 23.2  22.8  23.3  23.6  23.1  22.5  23.1  23.1  22.8  22.8  23.4  23.1  22.7  22.4  22.9  22.8  22.6  22.6  22.9  22.9  22.6  22.6  23.1  22.9  22.7  22.8  23.3  23.3  23.5  23.7  24.0  24.4 
 23.4  23.2  23.2  23.3  23.0  22.8  23.2  23.3  23.2  23.5  24.1  23.5  22.7  22.6  23.0  22.8  22.4  22.5  22.7  22.7  22.7  22.5  23.2  23.0  22.8  22.8  23.2  23.2  23.1  23.9  23.9  24.1 
 23.4  23.0  23.4  23.2  22.7  22.9  23.5  23.1  23.4  24.1  25.9  24.2  22.7  22.5  22.7  22.9  22.6  22.5  22.7  22.7  22.7  22.4  22.9  22.9  23.0  22.7  23.0  23.4  23.2  22.8  23.5  23.7 
 23.2  23.2  23.3  23.4  22.7  22.9  23.1  23.2  23.8  24.9  27.6  25.1  22.5  22.7  22.8  22.7  22.5  22.6  22.8  22.8  22.5  22.8  22.8  23.1  22.8  22.6  23.0  23.2  22.8  23.0  23.3  23.3 
 23.3  22.9  23.2  23.4  23.0  22.6  23.1  23.1  23.3  23.4  24.4  23.5  22.7  22.4  22.7  22.9  22.8  22.5  22.9  22.8  22.6  22.5  23.1  23.1  23.0  22.7  23.2  23.5  23.0  22.7  23.1  22.7 
 23.6  23.2  23.7  23.4  22.9  22.9  23.2  23.1  22.8  22.9  23.0  22.9  22.7  22.6  22.9  22.9  22.4  22.5  22.8  22.9  22.6  22.7  22.9  22.9  22.5  22.6  23.0  23.3  22.9  22.9  23.2  23.8 
 23.5  23.1  23.5  23.5  23.3  22.9  23.2  23.0  22.8  22.7  22.8  23.0  22.8  22.5  22.9  22.9  22.7  22.4  22.8  22.7  22.7  22.6  23.0  23.0  23.0  22.6  23.0  23.3  22.8  22.7  23.4  23.4 
 24.1  24.2  24.9  24.8  24.5  24.2  23.8  23.6  22.8  23.0  23.0  22.9  22.7  22.6  22.8  22.9  22.8  22.7  22.9  22.9  22.6  22.8  23.0  22.8  22.7  22.7  23.0  23.1  22.9  23.0  23.4  23.3 
 24.7  24.2  25.3  25.4  25.6  25.4  25.0  24.4  23.3  22.8  23.1  23.1  22.9  22.6  22.8  23.0  22.7  22.6  22.8  22.9  22.8  22.5  22.9 nan  22.7  22.5  22.8  23.1  23.0  22.7  23.3  23.3 
 25.4  25.2  26.3  26.8  28.6  29.6  37.9  42.0  39.7  33.8  23.4  23.3  22.7  22.8  22.9  23.0  22.7  22.9  22.9  22.8  22.5  22.6  22.9  22.9  22.6  22.8  23.1  23.2  22.8  23.2  23.7  23.6 
 25.6  25.6  26.8  27.5  30.1  32.4  47.6  54.2  58.7  51.5  25.0  23.6  23.0  22.8  23.0  23.0  22.9  22.6  22.9  23.0  22.8  22.5  22.9  23.0  23.0  22.5  23.8  24.2  23.5  23.0  23.6  23.4 
 25.8  26.1  27.6  28.5  32.6  36.7  57.6  66.6  77.6  73.4  30.6  24.9  23.0  22.9  22.9  23.0  22.7  22.8  23.1  23.1  22.7  22.8  23.1  23.1  22.7  22.8  25.5  25.4  23.2  23.2  23.5  23.7 
 25.7  25.7  27.8  28.6  32.8  36.6  57.3  68.9  87.2  82.0  30.4  24.8  23.1  22.8  23.1  22.9  23.0  22.8  23.0  23.0  22.7  22.6  23.1  22.9  22.7  22.7  24.0  24.5  23.6  22.9  23.5  23.5 
 25.8  26.0  27.7  27.9  29.9  31.6  45.5  55.5  67.6  57.2  25.5  23.7  23.0  22.8  23.0  23.1  22.7  22.8  22.9  23.0  22.6  22.6  22.9  22.8  22.8  22.8  23.2  23.6  23.1  23.3  23.7  23.8 
 25.8  25.5  27.3  27.4  28.7  29.5  37.6  42.9  46.3  39.0  24.1  23.6  23.2  22.9  23.0  23.1  22.7  22.7  23.0  23.0  22.8  22.7  23.0  23.2  23.0  22.6  23.1  23.2  23.2  23.1  23.4  23.8 
 25.9  25.7  26.7  26.8  26.9  27.6  28.9  29.5  28.0  26.3  23.8  23.4  23.0  23.0  23.2  23.3  22.8  23.1  22.9  23.2  22.8  22.8  23.0  23.1  23.0  22.9  23.3  23.6  23.5  23.4  23.7  24.2 
 25.8  25.7  26.1  26.7  26.6  26.6  27.5  27.8  26.5  25.1  23.8  23.5  23.2  23.0  23.4  23.2  22.9  22.8  23.3  23.0  22.8  22.7  23.3  23.1  23.1  22.8  23.3  23.3  23.3  23.1  24.2  24.1 
 25.8  25.6  26.3  26.2  25.7  25.9  26.0  26.2  24.9  24.2  23.8  23.7  23.2  23.2  23.3  23.4  22.9  23.2  23.2  23.2  23.0  22.9  23.5  23.4  23.1  23.0  23.7  23.9  23.4  23.4  24.1  24.5 
 25.7  25.5  26.1  26.1  25.4  25.3  26.0  25.7  24.2  24.3  23.9  23.9  23.2  23.0  23.5  23.4  23.2  22.9  23.1  23.4  22.8  22.9  23.6  23.4  23.3  22.8  23.4  23.5  23.8  23.5  24.7  25.0 
 27.0  25.8  25.6  26.1  25.3  24.9  25.2  24.9  24.3  23.9  23.9  24.0  23.4  23.2  23.4  23.6  23.2  23.3  23.3  23.5  23.0  23.1  23.6  23.8  23.3  23.3  23.9  24.3  23.8  24.3  25.8  26.9 
 26.9  26.4  25.9  26.0  25.3  24.7  24.9  25.0  24.2  23.8  23.9  23.9  23.4  23.4  23.6  23.4  23.2  23.0  23.6  23.6  23.6  23.0  23.8  23.5  23.3  23.4  24.7  25.1  25.2  24.8  26.4  26.7 
