 23.9  23.2  23.8  24.0  23.2  23.0  23.3  23.2  22.8  22.8  23.3  23.0  22.7  22.8  23.0  23.0  22.8  22.6  23.1  23.0  22.7  22.6  23.1  23.2  22.7  23.0  23.4  23.3  23.3  23.5  24.9  25.2 
 23.8  23.2  23.6  24.0  23.2  23.0  23.0  23.2  22.9  22.9  23.0  23.1  22.8  22.6  23.0  22.8  23.0  22.7  23.2  22.9  22.9  22.4  23.0  23.5  23.0  23.0  23.3  23.7  23.6  23.0  24.5  25.4 
 23.5  23.3  23.7  23.5  23.0  22.6  23.2  22.9  22.9  22.8  23.2  23.1  22.8  22.6  23.0  22.9  22.6  22.8  22.8  22.9  22.8  22.7  23.0  23.1  23.1  23.0  23.2  23.4  23.3  23.2  24.2  24.2 
 23.2  23.1  23.5  23.4  23.2  22.7  23.2  23.2  22.9  22.8  23.3  23.1  22.6  22.6  22.9  23.0  22.8  22.6  22.9  23.0  22.7  22.6  22.9  23.1  22.9  22.8  23.3  23.4  23.1  23.8  23.8  24.4 
 23.0  23.2  23.3  23.4  22.9  22.8  23.3  23.2  23.4  23.5  24.4  23.4  22.8  22.6  22.9  22.9  22.6  22.6  23.0  23.0  22.6  22.5  23.1  23.0  22.7  22.8  23.3  23.2  23.3  23.8  23.7  23.9 
 23.5  23.3  23.1  23.2  23.0  22.8  23.1  23.4  23.3  24.4  25.9  24.2  22.7  22.6  22.9  23.0  22.6  22.6  22.8  22.9  22.7  22.6  23.0  23.0  23.1  22.7  23.2  23.3  23.0  23.1  23.6  23.3 
 23.2  23.2  23.3  23.1  22.7  22.8  23.2  23.1  23.8  25.0  27.8  25.0  22.7  22.8  22.9  22.7  22.6  22.6  22.9  22.8  22.7  22.7  22.9  23.1  22.9  22.7  23.4  22.9  23.0  22.8  23.5  23.3 
 23.6  23.1  23.3  23.3  23.0  22.7  22.9  23.2  23.3  23.4  24.4  23.6  22.8  22.6  22.7  22.8  22.7  22.6  22.8  22.9  22.7  22.6  23.0  23.0  22.6  22.8  23.0  23.1  23.0  23.1  23.1  22.8 
 23.5  23.2  23.6  23.4  22.9  23.0  23.2  23.1  22.7  22.8  23.2  23.0  22.7  22.7  23.0  23.0  22.7  22.6  23.0  23.0  22.8  22.6  23.1  22.9  23.0  22.8  23.1  22.9  22.7  23.0  23.4  23.3 
 23.5  23.2  23.6  23.8  23.3  23.1  23.1  23.1  22.8  22.7  22.8  23.1  22.8  22.6  22.8  22.9  22.7  22.5  22.9  22.9  22.7  22.5  22.9  23.0  23.0  22.9  23.2  23.3  23.1  22.7  23.2  23.4 
 24.3  24.3  24.9  24.8  24.5  24.4  23.8  23.5  22.8  22.9  23.1  22.8  22.7  22.6  23.0  22.9  22.8  22.6  22.9  23.0  22.6  22.7  23.1  22.9  22.8  22.7  23.2  23.1  22.9  23.0  23.5  23.5 
 24.3  24.4  25.3  25.5  25.7  25.6  25.0  24.5  23.3  22.9  23.1  23.0  22.7  22.7  22.8  23.0  22.7  22.6  22.9  22.9  22.8  22.5  22.9 nan  22.8  22.7  22.9  23.0  22.9  22.7  23.4  23.8 
 25.4  25.2  26.3  26.9  28.5  29.7  38.2  41.7  39.7  33.8  23.6  23.2  22.9  22.9  23.1  22.9  22.7  22.5  23.0  22.7  22.6  22.7  23.0  22.9  22.7  22.9  23.4  23.2  23.1  23.0  23.6  23.6 
 25.3  25.7  26.9  27.7  29.9  32.3  47.5  54.4  58.6  51.5  24.9  23.7  22.9  22.8  23.1  22.9  22.6  22.6  22.9  23.0  22.7  22.5  22.8  23.1  22.9  22.8  23.9  24.0  23.7  23.0  23.6  23.4 
 25.9  26.0  27.6  28.5  32.5  36.4  57.6  66.6  77.6  73.4  30.8  24.8  23.0  22.7  23.0  23.1  22.8  22.7  22.9  23.0  22.6  22.6  23.2  23.0  22.7  23.1  25.6  25.3  23.2  23.2  23.8  23.5 
 25.9  25.7  27.8  28.5  32.7  36.9  57.2  68.9  87.2  82.2  30.5  24.7  23.0  22.9  23.1  23.0  22.8  22.7  22.8  23.0  22.8  22.7  22.9  23.1  22.8  22.8  24.2  24.5  23.5  23.2  23.5  23.5 
 25.8  25.9  27.7  28.0  29.8  31.8  45.6  55.6  67.6  57.2  25.5  23.9  22.9  22.9  23.1  23.0  22.7  22.7  23.2  22.9  22.7  22.8  23.0  22.9  22.9  23.0  23.4  23.5  23.1  23.4  24.1  24.0 
 25.9  25.7  27.1  27.5  28.6  29.6  37.8  42.9  46.3  39.0  24.1  23.5  23.1  23.0  23.2  23.2  22.9  22.7  23.1  23.2  22.8  22.8  22.7  23.1  23.1  22.6  23.4  23.5  23.2  23.2  23.6  24.0 
 25.9  25.7  26.9  26.8  27.2  27.5  28.9  29.4  28.2  26.3  24.0  23.6  23.1  23.0  23.2  23.2  23.0  23.1  23.0  23.2  23.1  22.8  23.3  23.1  23.0  23.1  23.4  23.6  23.4  23.1  23.7  24.0 
 25.6  26.0  26.4  26.5  26.8  26.6  27.4  27.6  26.4  25.2  23.7  23.6  23.0  23.0  23.3  23.4  23.1  22.8  23.2  23.2  22.7  22.7  23.1  23.2  23.1  23.0  23.2  23.4  23.1  23.6  24.0  24.3 
 26.0  25.6  26.3  26.2  25.8  25.9  26.2  26.1  24.8  24.4  23.9  23.9  23.2  23.1  23.3  23.3  23.0  23.0  23.3  23.1  23.1  22.9  23.5  23.3  23.2  23.0  23.7  23.6  23.7  23.7  24.3  24.5 
 26.1  25.5  26.1  26.2  25.8  25.1  25.6  25.7  24.6  24.2  23.9  23.8  23.2  23.0  23.4  23.5  22.8  23.0  23.1  23.4  23.1  23.0  23.3  23.4  23.1  23.0  23.6  23.8  23.7  23.5  24.7  26.3 
 26.5  26.2  26.2  26.0  25.3  25.2  25.5  24.9  24.4  24.0  24.1  23.9  23.5  23.2  23.7  23.5  23.2  23.0  23.6  23.4  23.2  23.2  23.7  23.7  23.3  23.4  24.1  24.2  24.4  24.1  25.8  26.9 
 26.9  26.1  25.7  26.0  25.2  24.9  25.1  24.9  24.1  24.1  24.0  24.2  23.6  23.4  23.5  23.6  23.4  23.2  23.5  23.7  23.4  23.0  23.8  23.8  23.5  23.4  24.5  25.3  25.0  24.6  26.4  28.2 
