 23.7  23.4  23.1  23.5  23.0  22.7  22.8  22.7  22.3  22.3  22.5  23.0  22.2  22.3  22.3  22.9  22.3  22.3  22.9  22.8  22.5  22.5  22.6  23.0  22.4  22.5  23.2  24.1  23.3  23.1  24.2  25.3 
 23.4  22.8  23.4  23.1  22.8  22.5  23.0  22.8  22.4  22.6  22.9  22.8  22.3  22.3  22.8  22.5  22.4  22.2  23.0  22.6  22.5  22.3  22.9  22.8  22.6  22.6  23.7  24.2  23.4  23.2  24.3  24.0 
 23.1  22.9  23.0  23.4  22.8  22.4  22.9  23.2  22.6  22.5  22.7  22.8  22.3  22.4  22.5  22.7  22.3  22.5  22.4  22.8  22.5  22.4  22.5  23.0  22.8  22.6  22.7  23.3  22.7  22.9  23.2  23.8 
 23.2  22.9  23.3  23.1  22.7  22.3  23.0  23.0  22.8  22.6  23.0  22.5  22.3  22.3  22.8  22.5  22.4  22.3  22.8  22.6  22.3  22.3  22.9  22.6  22.6  22.6  23.1  22.8  22.7  23.0  23.6  23.2 
 23.2  23.1  23.0  23.1  22.7  22.9  22.9  23.3  23.1  23.0  22.8  22.9  22.4  22.4  22.5  22.8  22.3  22.2  22.6  22.7  22.6  22.6  22.6  22.9  22.7  22.6  22.9  23.0  22.8  22.7  23.4  23.9 
 22.8  22.8  23.2  22.8  22.5  22.6  23.4  23.1  23.6  23.8  23.1  22.8  22.6  22.4  22.8  22.4  22.3  22.3  22.7  22.5  22.6  22.3  22.9  22.7  22.9  22.4  23.2  22.8  22.8  22.9  23.6  23.5 
 22.8  23.0  22.9  23.2  22.6  22.6  23.0  23.6  25.3  26.7  24.1  23.4  22.5  22.5  22.5  22.6  22.4  22.3  22.6  22.6  22.4  22.5  22.6  22.9  22.6  22.4  22.9  23.1  22.6  22.5  23.0  23.5 
 23.4  22.7  23.5  22.8  23.0  22.6  23.4  23.3  25.7  27.3  24.7  22.9  22.5  22.5  22.7  22.6  22.4  22.2  22.6  22.6  22.3  22.5  22.9  22.8  22.7  22.4  23.0  23.0  22.8  22.6  23.0  22.3 
 23.4  23.2  23.0  23.3  22.4  22.8  23.0  23.2  23.2  23.3  23.0  23.0  22.6  22.4  22.5  22.8  22.4  22.5  22.6  22.7  22.4  22.3  22.7  22.8  22.3  22.7  22.6  23.1  22.9  22.9  23.0  23.3 
 23.4  22.9  23.7  23.3  23.1  22.7  23.1  22.8  23.0  22.8  23.0  22.7  22.5  22.4  22.6  22.6  22.5  22.3  22.8  22.7  22.4  22.4  22.9  22.6  22.8  22.5  23.2  23.0  22.9  22.9  23.7  23.2 
 23.8  23.7  23.8  24.2  23.7  23.5  23.0  23.2  22.8  22.9  22.8  22.8  22.6  22.4  22.5  22.8  22.4  22.3  22.6  22.8  22.5  22.5  22.6  22.9  22.6  22.4  23.1  23.8  23.4  23.2  23.2  23.5 
 23.9  23.6  24.4  24.3  24.5  24.6  24.2  23.5  22.9  22.7  23.0  22.7  22.6  22.6  22.7  22.7  22.6  22.4  22.8  22.6  22.7  22.5  22.8 nan  22.5  22.4  24.5  25.0  23.9  22.9  23.6  23.1 
 24.5  24.3  25.2  26.0  26.8  27.6  32.8  35.3  33.1  29.3  23.1  23.2  22.7  22.6  22.7  22.8  22.5  22.5  22.7  22.7  22.5  22.4  22.7  22.9  22.8  22.6  23.8  24.8  23.7  23.0  23.2  23.6 
 25.0  24.6  26.2  26.2  28.4  30.1  41.9  49.0  53.7  47.4  24.9  23.3  22.7  22.5  22.9  22.5  22.6  22.5  22.9  22.6  22.5  22.3  22.9  22.6  22.5  22.5  23.3  23.4  23.5  22.8  23.4  23.4 
 25.0  25.1  26.4  27.4  30.6  33.8  54.8  63.4  74.8  71.5  34.7  25.6  22.7  22.5  22.7  22.8  22.6  22.5  22.7  23.1  22.5  22.5  22.6  22.9  22.5  22.5  22.5  23.1  22.9  22.9  23.5  23.7 
 25.1  25.3  27.1  27.6  30.7  34.1  53.7  62.8  78.8  79.5  37.3  26.1  22.6  22.7  22.7  22.5  22.6  22.6  22.8  22.7  22.6  22.4  22.9  22.6  22.7  22.6  23.1  22.8  23.0  22.9  23.6  23.2 
 25.3  25.4  26.4  27.2  29.4  31.8  44.3  53.7  73.2  70.1  30.0  24.5  22.7  22.4  22.6  22.8  22.6  22.4  22.6  22.8  22.7  22.4  22.7  23.0  22.7  22.8  22.9  23.4  22.8  23.0  23.4  23.9 
 25.4  25.2  26.5  26.8  28.6  29.7  37.1  42.2  54.2  49.6  25.8  23.6  22.8  22.5  22.9  22.6  22.6  22.5  23.0  22.8  22.7  22.5  23.1  22.8  22.7  22.8  23.3  22.9  23.0  22.7  23.7  23.3 
 25.6  25.5  26.4  26.9  26.5  27.3  28.6  29.7  29.6  28.1  23.8  23.3  22.7  22.8  22.9  23.0  22.9  22.7  22.8  23.1  22.6  22.5  22.6  22.9  22.8  22.7  23.2  23.3  23.2  23.0  23.5  24.0 
 25.2  25.3  26.4  26.3  26.2  26.1  27.4  27.3  26.9  26.1  23.7  23.3  22.8  22.7  23.3  22.7  22.7  22.6  23.0  22.8  22.6  22.5  22.9  23.0  22.6  22.7  23.2  23.2  23.1  22.9  24.1  23.7 
 25.4  25.2  25.6  26.2  25.6  25.3  25.5  25.9  25.1  24.3  23.3  23.4  22.9  22.8  22.9  23.0  22.6  22.5  22.8  23.1  22.7  22.6  22.8  23.2  22.9  22.9  22.9  23.6  23.7  24.0  25.0  25.4 
 25.3  25.1  25.9  25.4  25.3  25.0  25.7  25.4  24.6  24.1  23.6  23.3  23.0  22.7  22.9  23.0  22.6  22.7  22.9  22.9  22.8  22.8  23.3  23.1  22.9  22.8  23.5  23.9  24.5  24.5  26.0  26.0 
 26.0  25.3  25.3  25.6  24.9  24.9  25.0  24.9  23.9  23.8  23.2  23.7  23.2  22.8  23.0  23.3  22.8  22.8  23.0  23.3  23.0  22.8  23.1  23.5  23.2  23.2  25.3  25.9  25.9  25.2  25.9  27.5 
 26.6  25.6  25.3  24.9  24.8  24.5  24.8  24.6  24.0  23.6  23.7  23.5  23.0  22.8  23.2  23.0  22.8  23.0  23.4  23.1  23.1  23.0  23.7  23.7  23.9  24.5  26.6  26.6  25.9  25.6  27.0  26.5 
