 24.1  23.2  23.6  23.3  23.2  23.0  23.1  23.2  22.8  22.7  23.0  23.0  23.0  22.5  22.8  23.0  22.9  22.5  23.1  23.0  22.7  22.7  23.1  23.2  22.7  22.7  23.6  23.1  23.5  23.1  24.4  24.9 
 23.4  23.3  23.6  23.6  23.2  23.1  23.3  23.1  22.9  22.7  23.2  23.1  22.8  22.9  23.0  22.9  22.7  22.5  23.1  22.9  22.8  22.8  23.1  22.9  22.8  23.0  23.3  23.2  23.1  23.0  24.2  24.5 
 23.7  22.9  23.4  23.4  22.9  22.6  23.1  23.0  22.9  22.7  23.1  23.0  22.9  22.4  23.0  22.8  22.8  22.4  22.6  22.9  22.6  22.6  22.8  23.0  23.1  22.5  23.3  23.2  23.5  23.2  24.0  24.2 
 23.2  23.3  23.4  23.6  22.8  22.9  23.0  23.1  23.0  22.9  23.1  23.0  22.6  22.9  22.9  22.9  22.7  22.5  23.0  22.8  22.8  22.7  23.0  22.9  22.7  22.8  23.5  23.1  23.4  24.2  24.1  24.2 
 23.4  23.2  23.2  23.0  23.0  22.7  23.0  23.3  23.1  23.5  24.2  23.5  22.7  22.5  22.8  22.8  22.6  22.5  22.7  22.8  22.7  22.6  22.8  23.0  22.9  22.7  23.2  23.0  23.3  23.5  23.7  23.9 
 23.4  23.2  23.2  23.0  22.9  22.8  23.3  23.2  23.4  24.3  26.0  24.0  22.5  22.6  22.8  22.8  22.6  22.6  22.7  22.7  22.7  22.7  22.7  22.9  22.8  22.8  23.2  23.1  23.0  23.2  23.5  23.5 
 23.2  23.0  23.3  23.2  23.1  22.5  23.0  23.2  23.9  25.0  27.5  24.7  22.7  22.6  22.6  22.8  22.6  22.6  22.9  22.7  22.9  22.7  23.0  23.0  23.0  22.6  23.2  23.2  23.1  22.8  23.3  23.5 
 23.4  23.2  23.4  23.4  22.8  22.8  23.1  23.1  23.3  23.3  24.4  23.5  22.7  22.8  22.8  22.8  22.7  22.6  22.7  22.7  22.7  22.7  22.9  22.9  22.8  22.8  23.2  23.1  22.8  23.1  23.4  22.5 
 23.5  22.9  23.5  23.1  23.1  22.9  23.2  23.0  22.8  22.7  22.9  23.0  22.7  22.6  22.7  22.9  22.7  22.6  22.8  22.9  22.9  22.6  23.0  22.9  23.0  22.6  23.0  23.2  22.9  22.8  23.2  23.5 
 23.3  23.4  23.7  23.6  23.3  23.3  23.2  23.3  22.8  22.7  23.0  23.0  22.6  22.6  22.7  22.8  22.6  22.6  22.8  22.8  22.6  22.8  22.9  22.9  22.7  22.8  23.2  23.3  22.9  22.9  23.4  23.4 
 24.1  24.2  24.6  24.8  24.6  24.4  23.8  23.6  23.0  22.8  22.9  22.9  22.9  22.5  22.9  22.8  22.7  22.7  23.1  22.8  22.7  22.5  22.8  22.8  22.8  22.6  23.1  23.0  23.1  23.0  23.4  23.3 
 24.3  24.5  25.1  25.4  25.5  25.6  25.1  24.5  23.3  23.0  23.0  22.9  22.7  22.7  22.8  22.8  22.7  22.7  22.8  22.7  22.7  22.7  22.8 nan  22.9  22.9  22.9  22.9  23.0  23.0  23.3  23.3 
 25.4  24.9  26.5  26.8  28.4  29.5  37.9  41.8  39.8  33.8  23.5  23.1  22.9  22.8  22.9  22.9  22.7  22.5  22.8  22.8  22.7  22.6  23.0  22.8  22.9  22.9  23.2  23.2  23.1  22.9  23.3  23.8 
 25.3  25.6  26.9  27.4  29.9  32.5  47.6  54.2  58.5  51.7  24.9  23.5  22.9  23.0  23.0  22.9  22.6  22.7  22.9  22.9  22.6  22.7  22.8  22.8  22.8  22.8  23.9  24.2  23.4  23.0  23.1  23.6 
 25.9  26.0  27.5  28.6  32.6  36.4  57.6  66.6  77.7  73.3  30.7  24.6  23.1  22.8  22.9  23.0  23.0  22.6  22.9  23.0  22.8  22.6  23.1  22.8  23.0  22.8  25.5  25.1  23.6  23.1  23.7  23.5 
 25.9  26.2  27.5  28.5  32.4  36.9  57.1  68.8  87.1  82.3  30.4  24.6  23.0  23.1  23.1  23.0  22.8  22.7  23.0  23.0  22.7  22.7  22.9  22.9  22.6  22.5  24.2  24.5  23.2  23.1  23.6  23.7 
 26.1  25.7  27.2  27.9  29.9  31.6  45.4  55.5  67.6  57.0  25.5  23.7  22.8  22.9  22.9  23.0  22.8  22.6  23.1  23.0  22.8  22.4  22.9  22.9  23.0  22.7  23.2  23.3  23.3  23.3  23.6  23.8 
 25.9  26.0  27.2  27.7  28.6  29.4  37.6  42.8  46.1  39.0  24.1  23.6  23.0  22.9  23.2  23.1  22.7  22.8  23.0  23.1  22.6  22.9  22.8  23.0  22.7  22.8  23.2  23.2  23.2  23.2  23.7  23.8 
 26.2  25.8  26.6  26.9  27.1  27.2  28.9  29.3  28.2  26.3  23.7  23.4  23.1  22.8  23.3  23.2  23.0  22.9  22.8  23.1  22.8  22.6  23.3  23.2  23.1  22.8  23.2  23.5  23.7  23.2  23.6  23.8 
 25.8  25.7  26.3  26.4  26.6  26.7  27.4  27.5  26.3  25.5  23.7  23.6  23.1  23.1  23.2  23.2  23.1  22.9  23.2  23.0  22.7  22.9  23.1  23.2  22.8  22.8  23.3  23.1  23.1  23.6  24.0  24.1 
 25.8  25.4  26.0  26.4  25.9  26.0  26.0  25.9  25.1  24.3  23.7  23.7  23.1  23.2  23.2  23.3  23.1  22.9  23.2  23.1  22.9  22.6  23.0  23.4  23.3  23.0  23.4  23.8  23.4  23.4  24.1  24.5 
 25.7  25.9  26.0  25.7  25.8  25.4  25.6  25.5  24.5  24.3  23.9  23.8  23.2  23.3  23.3  23.4  23.0  23.1  23.1  23.2  22.8  23.1  23.2  23.3  22.9  23.1  23.7  23.8  23.7  23.5  24.7  25.0 
 27.0  26.2  25.6  26.0  25.6  25.0  25.3  24.8  24.3  24.0  24.1  23.9  23.5  23.2  23.4  23.5  23.5  23.1  23.4  23.3  23.3  22.8  23.6  23.5  23.3  23.1  24.0  24.2  24.2  23.5  26.5  27.3 
 27.2  26.4  25.7  25.8  25.0  25.0  25.2  24.9  23.8  23.8  23.9  23.9  23.3  23.5  23.5  23.4  23.1  23.3  23.3  23.4  23.3  23.4  23.5  23.5  23.3  23.5  24.5  25.1  24.6  24.8  26.8  27.2 
