 23.9  23.1  23.2  23.6  23.0  23.0  23.1  22.7  22.6  22.5  22.7  23.0  22.4  22.5  22.6  22.9  22.5  22.5  22.5  22.9  22.5  22.7  22.7  22.8  22.6  22.9  23.1  24.1  23.5  23.4  24.5  25.0 
 24.0  23.0  23.6  23.4  22.8  22.9  22.9  23.2  22.6  22.4  22.8  22.8  22.7  22.2  22.9  22.6  22.5  22.3  22.8  22.7  22.5  22.3  22.8  22.7  22.6  22.6  23.5  24.5  23.7  23.4  24.5  24.3 
 22.9  23.2  23.4  23.1  23.0  22.5  23.0  22.8  22.6  22.7  22.8  22.8  22.5  22.6  22.7  22.7  22.5  22.4  22.6  22.8  22.4  22.5  22.8  23.0  22.9  22.9  23.1  23.3  23.1  23.0  23.4  24.0 
 23.3  23.1  23.1  23.2  22.7  22.4  22.9  23.0  22.7  22.6  23.2  22.8  22.4  22.4  22.7  22.5  22.5  22.4  22.9  22.7  22.4  22.5  22.8  22.7  22.7  22.7  23.1  23.1  22.7  22.8  23.4  23.6 
 23.2  23.1  23.1  23.6  22.8  22.9  22.9  23.1  23.1  23.2  23.0  22.8  22.4  22.5  22.6  22.7  22.4  22.4  22.6  22.7  22.4  22.5  22.7  22.9  22.7  22.6  23.0  23.0  22.9  22.9  23.4  23.3 
 23.1  22.6  23.3  23.0  22.5  22.5  23.2  23.1  23.9  23.8  23.5  22.9  22.5  22.5  22.7  22.5  22.4  22.4  22.7  22.7  22.4  22.3  22.8  22.7  22.9  22.6  22.9  23.2  22.9  22.9  23.6  23.3 
 23.2  23.0  23.1  23.3  22.6  22.8  23.1  23.5  25.4  26.8  24.0  23.3  22.6  22.7  22.5  22.7  22.4  22.4  22.7  22.7  22.6  22.6  22.8  23.1  22.7  22.7  23.0  23.1  22.8  22.9  23.1  23.5 
 23.5  23.0  23.2  23.1  22.9  22.6  23.4  23.3  25.8  27.2  24.6  23.1  22.7  22.6  22.6  22.6  22.6  22.5  22.8  22.5  22.6  22.4  23.0  22.8  22.9  22.6  22.9  23.1  23.3  22.8  23.0  22.6 
 23.3  23.3  23.3  23.3  22.9  22.8  23.0  23.3  23.2  23.4  23.2  22.9  22.5  22.6  22.5  22.8  22.5  22.5  22.6  22.7  22.7  22.7  22.7  22.8  22.8  22.8  22.9  23.1  22.9  22.7  23.2  23.3 
 23.7  23.0  23.8  23.4  23.1  22.7  23.0  22.9  22.9  23.0  22.8  22.9  22.5  22.5  22.7  22.7  22.6  22.5  22.8  22.8  22.6  22.4  22.8  22.6  22.9  22.7  23.2  23.2  23.0  22.9  23.5  23.4 
 23.8  23.9  23.9  24.0  23.7  23.8  23.2  23.3  22.9  22.9  22.9  22.9  22.6  22.7  22.6  22.8  22.6  22.6  22.6  22.7  22.5  22.6  22.8  22.7  22.7  22.6  23.5  23.7  23.6  23.2  23.3  23.6 
 24.0  23.9  24.3  24.5  24.6  24.6  24.3  23.7  23.2  22.8  22.9  22.8  22.6  22.5  22.7  22.7  22.4  22.7  22.7  22.6  22.6  22.5  22.8 nan  22.6  22.5  24.4  25.2  24.0  23.1  23.3  23.4 
 24.5  24.6  25.5  26.0  27.0  27.6  32.8  35.2  33.2  29.5  23.3  23.0  22.8  22.8  22.7  22.7  22.4  22.6  22.8  22.8  22.6  22.5  22.9  22.8  22.8  22.8  23.9  24.8  23.7  23.1  23.5  23.5 
 24.6  24.6  26.2  26.5  28.6  30.1  41.8  49.1  53.7  47.5  24.7  23.5  22.7  22.7  22.8  22.8  22.7  22.5  22.8  22.7  22.7  22.6  22.9  22.7  22.8  22.5  23.5  23.7  23.6  23.3  23.2  23.4 
 25.1  25.6  26.8  27.5  30.7  33.9  54.8  63.4  75.0  71.5  34.7  25.6  22.8  22.6  22.8  22.8  22.5  22.6  22.9  23.0  22.7  22.5  22.8  22.8  22.6  22.8  22.8  23.1  23.1  23.1  23.3  23.6 
 25.2  25.2  27.1  27.7  30.8  34.3  53.8  62.9  78.8  79.5  37.3  26.1  22.8  22.8  22.9  22.7  22.8  22.6  22.8  22.7  22.5  22.6  22.8  22.7  22.7  22.6  23.0  23.0  23.0  23.1  23.6  23.7 
 25.1  25.8  26.4  27.3  29.5  31.9  44.4  53.6  73.2  70.2  30.1  24.5  22.9  22.7  22.7  22.7  22.7  22.7  22.8  23.0  22.6  22.5  22.7  22.9  22.8  22.7  23.2  23.2  23.2  23.2  23.7  23.9 
 25.4  25.3  26.6  27.1  28.7  29.9  37.3  42.2  54.2  49.7  25.9  23.8  22.9  22.7  22.9  22.9  22.8  22.6  22.9  22.9  22.6  22.6  22.8  22.8  22.8  22.6  23.1  23.1  23.2  23.0  24.0  23.8 
 25.6  25.5  26.4  26.7  26.8  27.1  28.8  29.7  29.8  28.2  23.9  23.4  22.8  22.8  23.0  22.8  22.9  22.8  22.7  22.9  22.7  22.6  22.8  23.0  23.0  22.9  23.0  23.2  23.2  23.2  23.4  24.0 
 25.7  25.5  26.2  26.5  26.2  26.4  27.6  27.5  27.1  26.1  23.7  23.4  23.1  22.9  23.0  23.0  22.9  22.6  23.1  22.8  22.7  22.5  23.0  22.9  22.8  22.9  23.3  23.2  23.1  23.1  24.1  24.1 
 25.2  25.4  25.6  26.2  25.8  25.5  25.7  25.8  25.3  24.6  23.7  23.4  22.9  22.8  23.0  23.1  23.0  22.9  22.9  23.0  22.8  22.6  23.1  23.3  23.0  22.9  23.2  23.6  23.7  24.2  25.2  25.3 
 25.5  25.3  25.7  25.7  25.4  25.2  25.6  25.5  24.7  24.2  23.8  23.5  22.9  22.7  23.2  23.0  22.6  22.7  23.1  23.2  22.8  22.8  23.1  23.2  23.1  23.0  23.5  23.9  24.6  24.8  26.0  26.1 
 26.0  25.8  25.3  25.6  24.9  24.8  24.9  24.8  24.1  24.0  23.6  23.8  23.3  23.0  23.2  23.4  22.9  22.9  23.2  23.4  23.0  23.0  23.3  23.2  23.2  23.7  25.3  25.9  25.9  25.6  26.7  27.5 
 26.3  25.9  25.7  25.1  24.9  24.5  25.0  24.8  23.8  23.6  23.6  23.7  23.3  23.1  23.0  23.3  23.3  22.8  23.2  23.1  23.3  23.1  23.7  23.7  24.4  24.5  26.4  26.6  26.2  26.1  27.4  27.0 
