 24.1  23.8  23.6  23.5  23.5  23.0  23.0  22.9  22.9  22.9  23.1  23.3  22.8  22.5  22.8  22.9  22.8  22.7  22.7  22.9  22.6  22.7  22.9  22.9  22.8  22.8  23.6  23.1  23.5  23.5  24.1  25.2 
 23.4  23.3  23.4  23.5  23.0  23.0  22.9  23.1  22.9  22.9  22.9  23.2  22.6  22.7  22.9  22.8  22.7  22.6  22.9  22.8  22.9  22.8  23.0  23.1  23.0  23.0  23.1  23.2  23.4  23.4  24.2  24.2 
 23.5  23.6  23.6  23.4  23.0  22.5  22.9  23.0  22.9  22.8  23.1  22.9  22.8  22.6  22.9  22.9  22.7  22.7  22.5  22.8  22.8  22.8  22.9  22.7  23.1  22.9  23.3  23.1  23.5  23.6  23.6  23.5 
 23.4  23.1  23.4  23.5  22.9  22.6  23.1  23.1  23.0  22.9  23.4  23.0  22.6  22.6  22.7  22.8  22.6  22.6  22.7  22.7  22.5  22.8  22.9  22.9  22.9  22.8  23.2  23.1  23.2  23.7  23.9  24.0 
 23.2  23.2  23.0  23.3  23.1  23.0  22.8  22.9  23.4  23.5  23.9  23.4  22.8  22.7  22.9  22.6  22.7  22.5  22.7  22.7  22.7  22.7  22.8  22.9  22.9  22.8  22.8  23.2  23.3  23.6  23.6  23.5 
 23.0  23.1  23.2  23.0  22.7  22.8  23.1  23.2  23.5  24.5  25.8  24.1  22.7  22.8  22.8  22.8  22.7  22.7  22.7  22.7  22.7  22.7  22.8  22.8  23.1  22.8  23.0  23.1  23.2  23.1  23.5  23.1 
 23.4  23.0  23.5  23.1  22.9  22.7  22.8  23.2  23.8  25.0  27.6  25.0  22.9  22.7  22.7  22.7  22.6  22.6  22.7  22.5  22.8  22.7  22.9  22.9  22.9  22.8  23.0  23.2  23.1  22.7  23.2  23.3 
 23.4  23.2  23.1  23.3  22.8  22.7  23.0  23.2  23.1  23.4  24.3  23.3  22.7  22.7  22.8  22.7  22.6  22.7  22.7  22.6  22.7  22.7  23.0  22.8  23.0  22.7  23.0  22.8  22.9  22.8  22.7  22.3 
 23.6  23.2  23.5  23.3  23.1  22.7  23.0  22.9  22.7  22.8  23.0  22.8  22.8  22.6  22.8  22.8  22.8  22.5  22.8  22.6  22.7  22.8  22.9  22.8  22.8  23.0  22.8  23.0  22.9  22.7  23.2  23.0 
 23.3  23.4  23.6  23.5  23.2  23.0  22.9  22.9  22.7  22.7  23.0  22.9  22.6  22.5  22.7  22.8  22.5  22.6  22.7  22.8  22.6  22.7  22.9  22.8  22.7  22.9  23.0  23.0  22.9  23.0  23.4  23.1 
 24.3  24.3  24.5  24.4  24.5  24.6  23.6  23.4  23.1  23.0  22.8  22.9  22.7  22.8  22.8  22.8  22.8  22.7  22.8  22.8  22.8  22.7  22.7  22.8  22.7  22.8  22.7  22.9  22.7  23.0  23.4  23.2 
 24.4  24.4  25.1  25.5  25.5  25.6  25.1  24.3  23.2  23.1  22.9  22.9  22.8  22.7  22.7  23.0  22.8  22.7  22.8  22.8  22.7  22.7  22.7 nan  22.9  22.7  22.8  23.0  22.9  22.6  23.3  23.4 
 25.4  24.9  26.1  26.8  28.6  29.5  38.0  41.8  39.7  33.7  23.4  23.0  22.9  22.7  23.0  22.8  22.9  22.7  22.8  22.8  22.6  22.5  22.9  22.9  22.9  22.9  23.1  23.1  23.2  23.0  23.4  23.6 
 25.3  25.7  27.0  27.5  30.0  32.4  47.7  54.4  58.7  51.8  24.9  23.5  22.9  22.9  22.9  22.9  22.8  22.8  22.8  22.9  22.7  22.6  22.9  22.9  22.8  22.8  23.8  24.2  23.5  23.2  23.1  23.3 
 25.9  25.8  27.5  28.4  32.6  36.6  57.7  66.6  77.8  73.4  30.8  24.7  22.9  22.7  22.9  22.9  22.8  22.8  22.9  23.0  22.7  22.6  22.8  22.7  22.8  22.8  25.6  25.1  23.2  23.2  23.3  23.7 
 25.7  25.9  27.5  28.4  32.7  36.7  57.3  68.9  87.2  82.2  30.4  24.7  23.1  22.8  22.9  23.0  22.7  22.7  23.0  22.8  22.6  22.7  22.7  22.8  22.8  22.7  24.2  24.3  23.2  23.2  23.5  23.7 
 25.9  25.8  27.4  27.9  30.0  31.7  45.5  55.5  67.8  57.1  25.3  23.7  23.0  23.0  23.0  23.0  22.8  22.7  23.0  22.9  22.8  22.6  22.9  22.9  22.9  22.8  23.2  23.2  23.3  23.0  23.6  23.4 
 26.1  26.1  27.2  27.1  28.3  29.5  37.5  42.7  46.3  39.2  24.0  23.6  23.0  23.1  23.1  23.0  22.8  22.7  23.1  23.1  22.7  22.7  22.9  23.0  23.0  22.7  23.0  23.1  23.2  23.2  23.6  23.6 
 26.1  26.0  26.6  26.6  27.1  27.6  28.5  29.1  28.0  26.1  23.7  23.5  23.1  22.9  23.1  23.0  23.1  22.9  23.0  23.0  23.0  22.9  23.0  23.2  22.9  22.8  23.2  23.2  23.5  23.2  23.5  23.6 
 25.8  25.9  26.4  26.6  26.6  26.7  27.5  27.4  26.4  25.2  23.6  23.4  23.1  23.2  23.2  23.2  23.1  22.9  23.0  23.0  22.9  22.9  23.0  23.2  23.1  23.0  23.4  23.3  23.1  23.4  23.6  23.9 
 26.0  25.6  26.0  26.1  25.9  25.6  26.0  25.9  25.1  24.3  23.8  23.5  23.5  23.2  23.2  23.4  23.0  22.9  23.2  23.2  23.1  22.9  23.1  23.1  23.2  23.0  23.5  23.5  23.6  23.4  24.0  24.2 
 25.9  25.9  26.1  25.9  25.7  25.5  25.3  25.6  24.6  24.4  23.7  23.6  23.2  23.2  23.2  23.5  22.8  23.1  23.2  23.2  22.9  23.1  23.3  23.4  23.0  23.1  23.4  23.6  23.7  23.6  25.0  25.3 
 27.0  25.8  25.6  25.6  25.3  25.0  25.2  24.8  24.1  23.9  23.7  24.0  23.4  23.2  23.5  23.2  23.2  23.1  23.4  23.3  23.3  23.0  23.3  23.7  23.4  23.1  23.6  24.2  24.2  23.9  25.8  26.0 
 26.9  26.4  25.7  25.8  25.5  25.2  24.7  25.0  24.2  24.2  23.9  23.8  23.3  23.5  23.5  23.4  23.4  23.4  23.5  23.4  23.5  23.5  23.6  23.6  23.5  23.5  24.5  24.8  24.4  24.8  26.8  26.7 
