 23.9  23.4  23.6  23.8  23.2  23.3  23.3  23.2  22.9  22.7  23.0  23.1  22.7  22.6  23.0  23.1  22.7  22.6  22.7  23.0  22.9  22.7  23.1  23.2  22.8  22.5  23.1  23.5  23.7  23.3  24.1  25.5 
 23.6  23.1  23.6  23.5  23.2  23.1  23.4  23.1  23.2  23.0  23.2  23.1  22.6  22.7  22.9  22.7  22.6  22.4  22.9  22.8  22.7  22.7  23.0  23.2  22.7  23.0  23.4  23.4  23.3  23.4  24.4  25.1 
 23.3  23.3  23.6  23.6  22.9  22.6  23.2  23.2  22.8  22.8  23.1  23.1  22.9  22.6  22.9  22.8  22.7  22.3  22.6  23.1  22.7  22.6  22.8  22.9  23.0  22.7  23.3  23.4  23.7  23.2  23.8  24.0 
 23.4  23.0  23.6  23.4  22.9  22.7  23.1  23.1  23.1  22.7  23.4  23.0  22.6  22.5  22.8  22.6  22.7  22.5  23.0  22.7  22.6  22.6  23.0  23.1  22.7  22.8  23.6  23.1  23.4  23.8  24.1  24.0 
 23.2  23.2  23.2  23.4  23.0  22.8  23.0  23.2  23.4  23.6  24.0  23.5  22.7  22.6  22.7  22.8  22.5  22.3  22.8  22.8  22.6  22.7  22.7  23.0  22.9  22.7  23.1  23.2  23.6  23.8  23.6  23.7 
 23.2  23.0  23.4  23.3  23.0  22.8  23.2  23.2  23.4  24.3  25.9  24.1  22.6  22.5  22.9  22.9  22.6  22.5  22.6  22.9  22.7  22.7  22.9  23.0  22.8  22.7  23.0  22.8  23.0  23.2  23.6  23.5 
 23.4  23.0  22.9  23.2  22.6  22.7  23.0  23.3  23.9  25.0  27.6  25.1  22.7  22.6  22.6  23.0  22.6  22.5  22.8  22.9  22.7  22.7  22.7  23.1  22.8  22.4  23.0  23.2  22.8  23.0  23.2  23.5 
 23.3  23.1  23.1  23.0  22.9  22.7  23.1  23.1  23.1  23.5  24.5  23.3  22.7  22.7  22.7  22.9  22.7  22.6  22.8  22.9  22.6  22.7  23.0  22.9  22.6  22.5  23.3  22.9  22.9  23.1  23.4  22.5 
 23.5  23.2  23.1  23.3  23.0  23.0  23.0  23.0  22.8  22.8  23.0  22.9  22.6  22.5  22.7  22.9  22.7  22.5  22.9  22.9  22.7  22.6  22.9  22.9  22.7  22.7  23.0  23.0  23.1  22.5  22.9  23.3 
 23.3  23.1  23.6  23.6  23.2  23.1  23.1  23.1  22.8  22.6  22.8  22.9  22.7  22.5  22.8  22.8  22.5  22.6  22.8  22.8  22.6  22.6  23.1  22.8  22.7  22.9  23.1  23.0  22.6  22.7  23.4  23.2 
 24.1  24.3  24.5  24.8  24.5  24.3  23.5  23.6  23.1  22.9  23.0  23.0  22.8  22.7  22.9  23.1  22.7  22.7  22.9  22.8  22.7  22.6  22.8  22.9  22.8  22.7  22.8  23.0  23.0  23.0  23.2  23.7 
 24.2  24.4  25.1  25.5  25.4  25.5  25.1  24.4  23.1  23.0  23.1  22.9  22.7  22.7  23.0  22.8  22.5  22.6  22.8  22.9  22.7  22.7  22.9 nan  22.6  22.6  22.8  22.9  22.9  22.7  23.5  23.4 
 25.3  25.1  26.3  26.9  28.6  29.5  38.1  41.9  39.7  33.6  23.4  23.4  22.8  22.8  22.8  22.9  22.7  22.6  23.0  22.9  22.6  22.5  23.0  23.1  22.8  22.6  23.2  23.3  23.1  22.9  23.4  23.6 
 25.5  25.4  27.0  27.2  29.9  32.3  47.7  54.2  58.6  51.6  25.1  23.6  22.9  22.9  23.1  23.0  22.7  22.8  22.9  22.8  22.5  22.6  22.9  23.0  22.7  22.7  23.9  24.2  23.2  23.2  23.3  23.4 
 25.9  26.1  27.6  28.7  32.7  36.5  57.5  66.6  77.7  73.3  30.7  24.8  23.0  22.7  22.9  23.1  22.9  22.7  22.8  23.0  22.7  22.6  22.9  22.8  22.9  22.8  25.6  25.4  23.3  23.2  23.5  23.5 
 25.7  26.1  27.8  28.4  32.5  36.8  57.3  68.9  87.1  82.2  30.4  24.6  23.0  22.9  23.0  22.8  22.7  22.7  22.9  22.8  22.7  22.6  22.9  22.9  22.8  22.9  24.3  24.5  23.2  23.2  23.8  23.7 
 25.8  26.0  27.4  28.1  30.0  31.7  45.4  55.7  67.6  57.2  25.6  23.9  23.0  22.8  22.9  23.0  22.7  22.8  23.1  22.9  22.8  22.6  23.0  22.9  22.9  22.7  23.1  23.3  22.7  23.1  23.7  23.8 
 25.9  25.8  27.3  27.4  28.5  29.5  37.5  42.7  46.2  39.0  24.3  23.6  23.0  22.8  23.0  23.0  23.0  22.6  23.1  23.0  22.7  22.7  22.9  23.0  22.7  22.7  23.3  23.2  23.1  22.9  23.9  23.8 
 26.1  25.8  26.6  26.8  27.1  27.3  28.8  29.5  27.9  26.1  23.8  23.6  23.0  23.1  23.2  23.2  23.0  22.8  23.0  23.2  22.9  22.7  23.3  23.2  23.1  22.8  23.1  23.7  23.4  23.1  23.6  24.2 
 25.8  25.7  26.6  26.5  26.6  26.6  27.6  27.6  26.3  25.0  23.6  23.5  22.9  23.0  23.3  23.1  22.9  22.8  23.2  23.2  22.8  22.7  23.1  23.2  22.9  23.0  23.4  23.4  23.3  23.4  24.2  23.9 
 25.6  25.6  26.2  26.2  25.8  25.6  26.2  26.0  25.2  24.4  23.7  23.7  23.3  23.2  23.2  23.3  23.0  22.9  23.2  23.2  22.9  22.9  23.3  23.5  23.3  23.0  23.5  23.8  23.2  23.6  24.1  24.8 
 25.7  25.7  26.3  25.7  25.6  25.6  25.8  25.6  24.3  24.3  23.8  23.6  22.9  23.1  23.3  23.2  22.9  23.1  23.2  23.3  23.0  23.1  23.5  23.4  23.0  23.0  23.6  23.5  23.3  23.5  24.7  25.3 
 27.0  26.2  25.6  26.1  25.4  25.0  25.1  24.9  24.4  24.0  23.8  24.0  23.5  23.2  23.4  23.7  23.2  23.0  23.3  23.5  23.3  22.8  23.7  23.8  23.6  23.1  24.0  24.3  24.2  23.7  25.4  26.4 
 26.9  25.9  25.7  26.0  25.3  25.0  24.9  24.9  23.9  23.8  24.0  23.9  23.3  23.4  23.6  23.6  23.2  23.1  23.5  23.4  23.1  23.1  23.7  23.6  23.2  23.5  24.6  24.8  24.6  24.8  26.8  26.7 
