 23.9  23.1  23.4  23.6  23.2  22.8  23.4  23.0  22.9  22.6  23.2  22.9  22.5  22.5  22.9  22.8  22.6  22.6  23.1  22.7  22.7  22.7  22.9  23.1  22.7  22.6  23.3  23.1  23.3  23.1  24.7  25.2 
 23.2  23.2  23.4  23.5  23.0  22.7  23.4  23.2  22.9  22.5  23.0  23.1  22.6  22.5  23.1  22.8  22.6  22.5  22.9  22.8  22.9  22.7  23.0  23.1  22.7  23.0  23.3  23.2  23.1  23.2  24.4  24.5 
 23.5  22.9  23.6  23.3  22.7  22.5  23.1  22.9  23.0  22.7  23.0  23.1  22.6  22.6  23.0  23.0  22.7  22.5  22.7  22.6  22.5  22.3  22.8  22.8  22.8  22.8  23.0  23.4  23.2  23.4  23.6  24.0 
 23.4  23.0  23.6  23.4  22.6  22.6  23.0  23.1  22.8  22.9  23.1  23.0  22.6  22.7  22.8  22.8  22.8  22.5  22.9  22.9  22.7  22.6  23.0  22.8  22.9  22.6  23.5  23.2  23.2  23.7  24.1  23.8 
 23.2  23.2  23.0  23.3  22.7  22.7  23.0  23.0  23.1  23.2  24.2  23.3  22.6  22.3  22.9  22.6  22.5  22.6  22.9  22.7  22.5  22.6  22.8  22.8  22.6  22.6  23.2  23.2  23.1  23.5  23.7  23.7 
 23.0  23.2  23.1  23.3  22.7  22.8  23.1  23.1  23.4  24.4  25.7  24.0  22.5  22.6  22.6  22.9  22.5  22.5  22.7  22.7  22.6  22.5  22.8  22.8  22.8  22.7  22.9  23.1  22.9  22.9  23.4  23.7 
 23.2  23.0  23.3  23.2  22.7  22.6  23.0  23.2  23.6  24.9  27.7  24.7  22.7  22.5  22.8  22.9  22.6  22.4  22.8  22.7  22.6  22.5  22.9  23.0  22.7  22.6  23.2  23.2  23.0  22.8  23.5  23.3 
 23.3  23.2  23.1  23.4  22.9  22.6  23.1  23.1  23.0  23.3  24.3  23.4  22.8  22.6  22.9  22.8  22.7  22.5  22.7  22.8  22.7  22.6  23.0  23.0  22.8  22.8  23.1  23.2  22.9  22.8  23.0  22.7 
 23.0  23.2  23.5  23.2  22.8  22.7  23.2  22.9  22.8  22.6  23.1  23.0  22.8  22.6  22.7  22.8  22.6  22.5  22.8  22.8  22.8  22.5  23.0  22.9  22.9  22.7  22.8  23.0  22.7  22.7  23.2  23.3 
 23.2  23.4  23.6  23.6  23.2  23.0  23.2  22.9  22.8  22.7  22.9  23.0  22.5  22.5  22.8  22.9  22.5  22.5  22.7  22.8  22.9  22.6  22.7  22.8  22.8  22.7  23.0  22.9  22.6  22.9  23.4  23.4 
 24.0  24.1  24.7  24.7  24.5  24.3  23.6  23.4  22.9  22.8  22.9  22.8  22.8  22.6  22.8  23.0  22.6  22.5  22.8  22.7  22.7  22.6  22.9  22.8  22.8  22.4  22.8  22.8  23.0  22.7  23.4  23.3 
 24.4  24.4  25.2  25.4  25.5  25.5  25.0  24.4  23.3  22.9  22.9  23.1  22.7  22.6  22.8  22.9  22.6  22.6  22.9  22.7  22.6  22.7  22.8 nan  22.6  22.6  22.9  23.0  22.6  22.5  23.2  23.6 
 25.1  25.1  26.3  26.7  28.6  29.5  38.0  41.8  39.8  33.7  23.6  23.1  22.9  22.7  22.9  22.9  22.6  22.8  23.0  22.7  22.6  22.4  23.0  22.9  22.8  22.5  23.1  23.2  22.8  22.9  23.7  23.4 
 25.3  25.4  26.9  27.6  29.6  32.4  47.6  54.3  58.7  51.7  24.9  23.5  22.9  22.6  22.9  22.9  22.7  22.7  22.9  22.8  22.6  22.4  22.9  22.8  22.7  22.7  23.8  24.2  23.4  23.2  23.3  23.4 
 25.5  26.1  27.6  28.5  32.5  36.5  57.7  66.7  77.7  73.4  30.8  24.7  22.9  22.7  22.9  23.0  22.9  22.5  22.9  22.9  22.6  22.6  23.1  22.7  22.6  22.8  25.5  25.0  23.1  23.1  23.7  23.3 
 25.7  25.8  27.7  28.5  32.6  36.8  57.2  68.9  87.2  82.1  30.3  24.6  22.9  23.0  22.9  23.1  22.5  22.5  22.7  23.0  22.6  22.6  22.8  23.0  22.9  22.4  24.0  24.7  23.2  22.9  23.5  23.5 
 25.8  26.0  27.3  28.0  29.9  31.7  45.5  55.6  67.6  57.1  25.3  23.8  23.0  22.7  23.2  22.9  22.8  22.7  23.0  23.0  22.7  22.6  23.1  23.0  22.7  22.7  23.2  23.2  22.9  23.0  23.6  23.4 
 25.6  25.8  27.2  27.4  28.4  29.4  37.7  42.7  46.2  39.0  23.9  23.6  23.1  22.8  22.9  22.9  22.6  22.8  22.9  23.0  22.9  22.7  22.8  23.1  22.6  22.8  23.1  22.9  23.4  23.2  23.9  23.7 
 25.9  25.7  26.7  26.9  27.0  27.2  28.6  29.2  28.0  26.2  23.8  23.3  23.1  22.9  23.1  23.0  23.0  22.9  23.1  23.1  22.9  22.7  23.1  23.3  22.9  22.8  23.1  23.3  23.2  23.4  23.9  24.0 
 25.6  25.9  26.4  26.4  26.6  26.6  27.5  27.5  26.1  25.1  23.5  23.5  23.1  23.0  23.1  23.3  23.0  22.7  23.0  23.0  22.8  22.7  23.0  23.2  22.8  22.8  23.3  23.1  23.3  22.9  24.1  24.1 
 25.6  25.6  26.0  25.9  25.7  25.9  25.9  26.2  24.8  24.0  23.7  23.6  23.0  23.0  23.4  23.4  22.9  22.9  23.2  23.1  22.8  22.8  23.2  23.2  23.1  22.7  23.5  23.6  23.2  23.0  24.3  24.8 
 25.7  25.5  26.1  25.9  25.5  25.4  25.6  25.9  24.6  23.9  23.8  23.6  23.1  22.9  23.2  23.3  22.9  23.0  23.2  23.1  22.9  23.0  23.3  23.4  22.9  23.0  23.4  23.8  23.1  23.5  24.4  26.0 
 26.2  25.5  26.0  25.8  25.1  24.9  25.2  24.9  24.1  23.7  23.8  23.9  23.3  23.0  23.3  23.5  23.2  22.9  23.3  23.4  23.2  22.9  23.5  23.5  23.1  23.1  24.4  24.3  24.0  23.7  26.2  26.4 
 26.5  26.1  25.7  26.0  25.1  25.0  24.9  24.9  23.9  23.9  23.9  23.9  23.3  23.1  23.3  23.5  23.3  23.2  23.3  23.3  23.2  23.0  23.5  23.6  23.2  23.4  24.3  25.0  24.6  24.4  25.9  27.2 
