 24.4  23.7  23.5  23.6  23.1  23.0  22.8  23.0  22.7  22.4  22.7  23.0  22.6  22.5  22.6  23.0  22.7  22.6  22.9  23.0  22.7  22.7  23.4  24.6  27.0  27.5  29.0  29.6  30.0  29.3  29.9  30.9 
 23.6  23.3  23.9  23.5  23.2  22.7  23.0  23.0  22.6  22.6  22.9  23.0  22.6  22.4  23.0  23.0  22.6  22.5  22.9  22.9  22.6  22.7  23.2  23.7  26.3  27.2  29.5  29.5  28.9  28.9  30.3  30.1 
 23.4  23.0  23.3  23.6  23.0  22.4  23.1  23.1  22.7  22.8  22.6  23.0  22.6  22.6  22.9  22.9  22.6  22.6  22.7  22.7  22.8  22.9  23.1  23.1  23.9  24.5  27.1  28.2  29.3  29.5  30.3  30.2 
 23.7  22.9  23.6  23.4  22.7  22.4  23.1  22.8  22.8  22.9  22.9  22.8  22.4  22.8  22.9  22.7  22.7  22.4  23.0  23.0  22.8  22.7  23.1  23.1  23.0  23.5  26.4  27.6  29.4  29.4  30.4  30.4 
 23.3  23.2  23.5  23.2  22.9  22.7  23.0  23.3  23.3  23.1  22.9  22.8  22.8  22.5  22.8  22.7  22.5  22.6  22.8  22.9  22.8  22.5  23.0  23.2  23.6  24.1  27.9  29.4  30.5  30.6  30.0  30.3 
 23.4  23.2  23.3  23.3  22.6  22.8  23.2  23.2  23.5  23.7  23.2  23.1  22.6  22.6  22.8  22.8  22.6  22.6  22.7  22.8  22.9  22.7  23.2  22.8  24.5  25.5  28.7  30.0  31.4  31.4  31.4  30.8 
 23.4  23.2  23.0  23.2  22.9  22.8  23.2  23.5  25.5  26.8  24.4  23.3  22.7  22.5  22.7  22.8  22.5  22.8  22.7  22.8  22.8  22.8  23.2  23.4  26.4  27.5  30.4  31.2  31.6  31.4  32.1  32.0 
 23.5  23.2  23.3  23.2  23.0  22.7  23.5  23.5  26.0  27.6  24.9  23.4  22.6  22.6  22.7  22.6  22.6  22.6  22.8  22.8  22.9  22.8  23.3  23.2  26.2  27.6  30.8  31.3  31.5  31.8  31.9  31.1 
 23.5  23.4  23.3  23.4  22.8  22.6  23.1  23.3  23.4  23.5  23.1  22.9  22.8  22.6  22.8  22.9  22.8  22.7  22.9  22.8  22.8  22.8  22.9  23.2  26.1  27.9  30.5  30.9  31.6  31.7  30.7  29.8 
 23.3  23.4  23.4  23.3  23.0  22.7  23.0  23.0  23.2  22.9  23.0  22.8  22.6  22.6  22.7  22.8  22.8  22.6  23.0  23.0  23.0  22.8  23.1  23.0  26.1  27.9  31.0  31.2  31.7  31.7  30.1  28.5 
 23.8  23.4  23.7  23.9  23.5  23.3  23.1  23.0  22.9  22.7  22.9  22.9  22.6  22.5  22.9  23.0  22.7  22.7  22.9  23.0  23.0  22.7  22.9  22.9  24.8  26.4  30.0  30.3  30.9  30.2  27.9  26.7 
 23.8  23.6  24.1  24.0  24.1  23.8  23.6  23.4  23.0  22.7  22.9  22.9  22.7  22.6  22.7  22.8  22.7  22.8  22.9  22.8  22.7  22.7  23.0 nan  23.5  24.6  28.7  29.8  29.7  29.0  26.5  26.3 
 24.5  24.2  25.1  25.6  26.4  26.4  29.0  29.4  27.7  25.9  23.1  22.9  22.8  22.6  22.8  22.8  22.8  22.8  22.9  22.8  22.8  22.5  22.8  23.0  22.9  23.1  25.0  26.1  26.8  27.1  29.4  28.5 
 24.3  24.8  25.6  26.1  27.8  28.7  36.5  42.4  44.7  39.2  24.0  23.2  22.7  22.8  22.8  22.8  22.6  22.6  22.8  22.9  22.9  22.7  23.0  23.0  22.7  22.9  23.9  24.5  27.3  29.0  30.7  30.7 
 25.2  25.2  26.5  27.3  30.1  32.8  51.9  60.5  71.0  67.4  33.9  25.5  22.9  22.7  22.8  22.8  22.8  22.6  22.7  23.0  22.5  22.5  23.0  23.0  22.9  22.9  23.2  24.2  27.5  29.7  30.9  31.2 
 25.2  25.3  27.1  27.4  30.4  33.3  52.5  61.2  76.2  75.8  38.6  26.3  22.9  22.8  22.8  22.7  22.6  22.6  22.7  22.9  22.7  22.6  23.0  23.0  22.7  22.8  23.7  23.3  27.2  27.2  29.7  28.3 
 25.6  25.5  26.7  27.4  29.8  31.9  46.1  55.6  78.7  78.4  33.8  25.4  23.1  22.7  22.7  22.9  22.8  22.6  22.8  22.9  22.9  22.8  22.9  23.0  23.1  22.8  23.2  23.7  23.5  24.1  24.9  25.5 
 25.5  25.4  26.3  26.9  28.7  30.2  39.1  45.3  61.1  58.4  27.9  24.3  22.9  22.8  23.1  22.8  22.7  22.9  23.1  23.1  22.8  22.8  23.2  23.1  23.1  22.9  23.5  23.5  23.2  23.3  24.8  25.1 
 25.5  25.6  26.6  26.9  27.2  27.5  29.4  31.0  32.3  30.2  24.4  23.6  22.9  22.7  23.0  22.9  23.0  22.7  22.9  23.2  22.9  22.8  23.3  23.3  23.1  22.9  23.3  23.7  23.5  23.4  24.0  24.9 
 25.3  25.7  26.4  26.5  26.5  26.6  28.2  28.2  28.1  27.2  24.0  23.4  22.9  22.9  23.2  23.1  22.9  22.8  23.2  23.1  22.9  22.9  23.3  23.3  22.9  23.0  23.5  23.5  23.3  23.4  24.4  24.5 
 25.7  25.7  26.0  25.9  25.9  25.5  26.1  26.3  25.7  25.0  23.8  23.8  22.9  22.9  23.3  23.3  23.0  23.0  23.1  23.3  23.0  22.8  23.4  23.6  23.4  23.0  23.4  23.6  23.8  23.6  25.0  25.5 
 25.5  25.4  25.8  25.8  25.7  25.6  25.8  25.8  25.2  24.7  23.9  23.8  23.0  23.0  23.4  23.3  23.0  22.9  23.1  23.2  23.0  23.1  23.3  23.6  23.1  23.4  23.5  23.6  23.9  24.3  25.6  25.9 
 26.6  26.0  25.7  25.7  25.4  25.0  25.2  25.4  24.7  24.0  23.8  23.9  23.6  23.1  23.3  23.3  23.2  23.0  23.2  23.3  23.2  23.1  23.5  23.7  23.5  23.3  24.6  24.9  24.9  24.8  26.2  27.5 
 27.1  26.3  26.0  25.9  25.0  25.0  25.1  25.0  24.2  24.2  23.9  23.7  23.3  23.2  23.6  23.3  23.2  23.0  23.5  23.6  23.3  23.3  24.0  23.8  23.9  24.1  25.2  25.2  24.8  25.4  27.8  27.5 
