 23.7  23.5  23.7  23.7  23.4  22.9  22.8  22.9  22.6  22.5  22.6  22.9  22.6  22.6  22.6  23.0  22.8  22.7  22.6  22.7  22.6  22.8  22.9  23.1  24.9  25.4  28.2  28.2  29.0  29.0  29.7  30.2 
 23.6  23.1  23.7  23.5  23.0  22.7  23.1  23.0  22.7  22.5  23.1  22.9  22.6  22.4  22.9  22.7  22.6  22.5  22.8  22.8  22.8  22.7  23.0  23.3  23.5  25.5  27.4  28.5  28.7  28.9  29.6  29.6 
 23.3  23.4  23.4  23.6  22.7  22.6  22.9  22.8  22.4  22.6  22.8  23.0  22.8  22.6  22.6  22.8  22.5  22.6  22.8  22.8  22.6  22.7  22.8  22.9  23.2  23.0  25.7  26.3  28.2  28.2  29.8  29.4 
 23.5  23.2  23.3  23.4  22.8  22.5  23.0  23.0  22.8  22.7  22.9  22.7  22.5  22.5  22.8  23.0  22.7  22.4  22.8  22.8  22.9  22.5  22.9  23.1  23.0  23.1  23.8  26.0  27.4  29.1  29.8  30.3 
 23.3  23.5  23.3  23.2  22.8  22.7  23.0  23.1  23.2  23.1  22.9  22.8  22.5  22.6  22.8  22.7  22.3  22.6  22.7  22.8  22.7  22.6  22.9  22.8  22.8  22.8  25.7  24.1  29.3  28.5  29.9  29.9 
 23.3  22.9  23.5  23.1  23.0  22.7  23.1  23.3  23.7  23.7  23.1  22.8  22.6  22.4  22.7  22.9  22.6  22.4  22.8  22.7  22.9  22.7  23.0  22.8  23.0  23.4  24.2  28.2  29.5  30.7  30.7  30.4 
 22.9  23.0  23.3  23.3  22.9  22.8  23.1  23.4  25.3  26.6  24.0  23.4  22.7  22.6  22.7  22.7  22.7  22.7  22.7  22.8  22.9  22.8  23.0  23.0  23.8  23.2  28.8  28.5  30.6  30.7  31.5  31.9 
 23.5  22.9  22.9  23.2  22.9  22.8  23.2  23.5  26.2  27.4  24.8  23.2  22.6  22.4  22.7  22.7  22.9  22.6  22.6  22.8  22.8  22.5  23.1  23.1  22.9  24.7  27.0  29.9  30.6  31.0  32.1  31.4 
 23.5  23.4  23.3  23.2  22.7  22.8  23.3  23.2  23.2  23.5  23.1  22.8  22.5  22.7  22.6  22.8  22.6  22.7  23.0  22.6  22.7  22.9  23.0  22.9  23.4  23.2  29.1  29.4  30.9  31.6  31.7  32.1 
 23.6  22.9  23.5  23.2  23.1  22.6  23.0  23.1  23.1  22.8  23.0  22.8  22.7  22.5  22.7  22.9  22.8  22.5  22.9  22.8  22.7  22.6  22.9  22.9  23.1  24.5  27.9  30.4  30.7  31.2  32.7  29.9 
 23.8  23.8  23.7  23.6  23.4  23.2  23.1  23.0  22.8  22.8  23.1  22.7  22.6  22.6  22.7  22.7  22.7  22.7  22.9  22.9  22.7  22.7  22.9  23.0  23.1  23.1  27.5  28.8  30.7  30.8  31.3  31.9 
 23.8  23.5  24.0  24.0  24.0  23.8  23.7  23.3  22.9  22.7  22.9  22.8  22.8  22.6  22.8  22.8  22.8  22.5  22.8  22.8  22.8  22.6  23.0 nan  23.1  22.9  25.9  28.1  29.7  30.5  30.4  31.3 
 24.4  24.2  25.0  25.3  26.2  26.8  29.1  29.5  27.7  26.0  23.1  23.0  22.8  22.8  22.8  22.8  22.5  22.7  22.9  22.7  22.7  22.7  22.7  23.0  22.9  23.2  24.7  25.3  27.5  24.7  31.0  26.2 
 24.7  24.7  25.8  26.0  27.6  28.7  36.6  42.5  44.7  39.1  23.7  23.3  22.8  22.5  23.0  22.9  22.7  22.6  22.8  22.9  22.7  22.6  22.8  22.8  23.0  22.9  23.4  24.2  23.9  27.5  24.7  29.4 
 25.2  25.4  26.7  27.1  29.8  32.7  51.8  60.4  71.1  67.4  33.9  25.4  22.7  22.7  22.9  22.9  22.5  22.5  22.8  22.9  22.5  22.7  23.0  22.8  22.9  22.7  23.2  23.3  24.1  23.4  25.9  24.1 
 25.7  25.3  26.8  27.5  30.3  33.2  52.6  61.2  76.3  75.7  38.3  26.4  22.9  22.8  22.7  22.7  22.8  22.6  22.6  22.9  22.6  22.7  22.8  22.9  23.1  22.6  23.3  23.3  23.4  23.6  24.0  25.1 
 25.3  25.8  27.0  27.0  29.6  32.0  46.0  55.7  78.5  78.6  33.8  25.4  22.9  22.9  22.8  22.9  22.7  22.7  22.9  22.9  22.7  22.6  22.9  23.1  22.9  22.9  23.3  23.3  23.0  23.1  24.0  23.8 
 25.6  25.4  26.6  27.1  28.9  30.2  38.9  45.3  61.2  58.2  27.7  24.3  22.9  22.8  23.0  23.1  22.9  22.6  23.0  22.9  22.8  22.7  22.9  23.0  23.0  22.8  23.2  23.4  23.3  22.9  23.8  24.3 
 25.6  25.6  26.4  26.6  26.9  27.5  29.4  30.9  32.2  30.2  24.3  23.4  23.0  22.9  23.0  23.2  22.8  22.9  22.7  23.1  23.0  22.9  23.0  23.2  23.0  23.0  23.3  23.3  23.4  23.1  23.8  23.8 
 25.7  25.6  26.4  26.3  26.5  26.6  28.1  28.1  28.1  27.1  24.0  23.6  23.1  22.9  23.0  23.1  23.1  22.8  23.0  23.0  22.8  22.8  23.1  23.2  23.1  22.9  23.3  23.7  23.4  23.1  24.1  24.1 
 25.6  25.5  25.9  25.9  25.8  25.9  26.1  26.1  25.6  25.0  23.7  23.6  23.2  23.2  23.2  23.3  22.7  23.0  23.0  22.9  23.0  22.8  23.3  23.2  23.3  23.2  23.7  23.6  23.6  24.0  25.2  25.2 
 25.7  25.4  25.8  25.8  25.7  25.5  25.6  25.8  25.3  24.6  23.9  23.8  23.1  23.0  23.0  23.2  23.0  22.7  23.3  23.1  22.9  22.8  23.3  23.3  23.0  23.0  23.5  23.8  24.2  23.9  25.3  25.9 
 26.6  25.8  25.9  25.7  25.0  25.2  25.2  24.9  24.4  24.3  23.7  23.7  23.4  23.1  23.4  23.3  23.1  23.1  23.3  23.1  23.2  23.1  23.5  23.7  23.5  23.6  24.4  25.2  24.7  25.2  26.2  26.6 
 26.8  26.0  25.8  25.8  25.2  24.9  24.9  24.9  24.2  24.0  23.8  23.8  23.4  23.3  23.3  23.3  23.1  23.3  23.3  23.3  23.4  23.2  23.8  23.8  23.7  23.8  25.2  25.4  25.2  25.2  26.1  27.5 
