 23.7  23.4  22.9  23.8  22.8  22.7  22.6  23.0  22.8  22.3  22.6  22.9  22.5  22.4  22.6  23.0  22.5  22.4  22.4  22.8  22.6  22.6  22.7  23.1  22.9  22.6  23.2  24.1  23.6  23.1  24.2  25.6 
 23.6  23.1  23.6  23.3  23.1  22.9  22.9  22.8  22.7  22.5  22.9  22.8  22.6  22.6  22.8  22.5  22.5  22.2  23.0  22.5  22.6  22.3  23.2  22.7  22.8  22.9  23.4  24.3  23.7  23.7  24.2  23.7 
 23.6  23.3  23.0  23.4  22.8  22.6  22.6  23.1  22.8  22.6  22.6  22.9  22.4  22.4  22.6  22.9  22.6  22.5  22.5  22.7  22.6  22.4  22.6  23.0  22.9  22.5  22.8  23.3  23.4  22.9  23.0  24.0 
 23.4  23.3  23.2  23.0  22.7  22.4  23.0  23.0  23.0  22.7  23.1  22.6  22.3  22.3  22.7  22.6  22.5  22.3  22.8  22.4  22.5  22.5  22.7  22.7  22.5  22.7  23.3  23.1  23.0  23.0  23.7  23.6 
 23.1  23.1  23.0  23.2  22.8  22.6  22.6  23.2  23.3  23.2  22.7  23.0  22.6  22.3  22.5  22.7  22.4  22.4  22.4  22.7  22.4  22.5  22.5  22.9  22.7  22.7  23.0  23.2  22.9  23.0  23.0  23.7 
 23.2  22.9  23.3  22.7  22.8  22.7  23.4  23.0  23.6  24.0  23.3  22.7  22.5  22.5  22.7  22.5  22.4  22.4  22.8  22.6  22.6  22.4  22.9  22.7  22.9  22.7  23.1  22.8  23.1  22.8  23.4  22.9 
 23.1  23.0  22.7  23.2  22.8  22.7  22.9  23.7  25.4  26.7  24.1  23.3  22.6  22.6  22.4  22.7  22.4  22.4  22.4  22.7  22.7  22.7  22.7  23.0  22.7  22.6  22.7  23.2  22.8  22.8  23.0  23.5 
 23.1  22.9  23.2  23.1  22.9  22.6  23.3  23.3  25.8  27.5  24.8  23.1  22.5  22.7  22.7  22.5  22.5  22.5  22.6  22.5  22.7  22.3  22.9  22.7  22.7  22.6  23.0  22.9  22.9  22.9  23.3  22.3 
 23.7  23.2  23.3  23.3  22.9  22.9  22.9  23.4  23.4  23.2  23.0  22.9  22.8  22.6  22.4  22.8  22.5  22.5  22.6  22.8  22.7  22.5  22.6  22.8  22.7  22.8  22.8  23.2  23.1  22.9  22.8  23.6 
 23.4  23.3  23.5  23.0  23.2  23.0  23.1  22.7  22.9  23.0  22.9  22.9  22.6  22.5  22.7  22.6  22.6  22.5  22.8  22.6  22.6  22.5  22.9  22.6  22.7  22.7  23.1  23.1  23.1  22.9  23.5  23.0 
 23.8  23.8  23.7  23.9  23.8  23.5  23.2  23.3  23.0  22.8  22.8  23.0  22.7  22.6  22.6  22.8  22.5  22.6  22.6  22.9  22.6  22.6  22.5  22.9  22.8  22.6  23.2  23.6  23.6  23.3  23.0  23.3 
 24.0  23.9  24.5  24.1  24.6  24.4  24.2  23.5  23.0  22.8  22.9  22.8  22.7  22.5  22.7  22.6  22.6  22.6  22.7  22.6  22.6  22.5  22.8 nan  22.8  22.8  24.3  24.9  23.9  23.1  23.3  23.2 
 24.6  24.3  25.0  26.0  27.2  27.6  32.6  35.3  33.3  29.6  23.3  23.1  22.8  22.6  22.6  22.9  22.8  22.6  22.6  22.7  22.6  22.5  22.7  22.9  22.8  22.8  24.2  24.8  23.8  23.2  23.4  23.7 
 24.8  24.8  26.2  26.4  28.5  30.3  41.9  49.1  53.7  47.6  24.8  23.2  22.8  22.7  22.8  22.6  22.6  22.6  22.7  22.7  22.6  22.5  23.0  22.6  22.9  22.7  23.5  23.3  23.6  23.2  23.4  23.4 
 25.1  25.2  26.5  27.4  30.7  33.8  54.8  63.4  74.9  71.5  34.6  25.7  22.7  22.7  22.7  22.9  22.7  22.8  22.8  22.9  22.6  22.7  22.7  22.9  22.6  22.6  22.8  23.0  23.3  23.0  23.4  23.8 
 25.6  25.4  27.2  27.3  30.8  34.1  53.8  62.8  78.9  79.7  37.3  25.9  22.6  22.9  22.8  22.5  22.7  22.7  22.9  22.6  22.7  22.6  22.8  22.7  22.7  22.8  23.2  22.8  23.1  23.3  23.4  23.5 
 25.4  25.3  26.3  27.2  29.6  31.6  44.2  53.6  73.4  70.2  29.9  24.5  22.9  22.8  22.8  22.8  22.6  22.6  22.7  22.8  22.8  22.5  22.7  22.9  22.9  22.7  23.0  23.4  22.9  22.9  23.2  24.1 
 25.6  25.5  26.7  26.8  28.8  29.8  37.1  42.2  54.2  49.8  25.7  23.7  22.9  22.9  22.9  22.7  22.6  22.7  22.8  22.8  22.6  22.7  22.9  22.8  22.8  22.6  23.3  23.1  23.0  23.3  23.9  23.8 
 25.7  25.5  26.1  26.7  26.9  26.9  28.7  29.7  29.7  28.0  23.7  23.4  22.8  22.9  22.7  23.1  22.9  22.9  22.6  23.0  22.8  22.6  22.7  23.2  23.1  22.8  23.1  23.5  23.6  23.0  23.2  24.2 
 25.6  25.6  26.2  26.3  26.2  26.2  27.5  27.3  27.1  26.1  23.7  23.3  22.9  22.8  23.1  22.8  22.9  22.8  23.1  22.6  22.7  22.7  22.9  22.9  22.9  22.9  23.2  23.1  23.2  23.4  23.9  24.1 
 25.4  25.0  25.5  26.2  25.6  25.8  25.5  26.0  25.5  24.5  23.4  23.4  23.0  23.0  22.7  23.1  23.0  22.8  22.6  23.0  22.9  22.7  22.9  23.3  23.1  22.8  23.3  23.4  24.0  24.2  24.9  25.6 
 25.3  25.1  25.7  25.4  25.3  25.3  25.6  25.4  24.7  24.2  23.7  23.3  23.0  22.9  23.0  23.1  22.8  22.9  23.1  23.0  23.0  22.8  23.3  23.1  23.0  22.6  23.7  23.7  24.8  24.8  25.7  25.1 
 26.5  25.8  25.2  25.6  25.1  25.0  24.7  25.0  24.3  23.8  23.6  23.7  23.3  22.9  22.9  23.1  23.0  22.8  23.0  23.1  23.1  23.0  23.2  23.5  23.5  23.5  25.0  25.9  26.1  25.6  26.3  28.4 
 26.6  26.1  25.3  25.1  24.9  24.8  24.8  24.4  24.1  23.8  23.5  23.5  23.2  23.2  23.1  23.0  23.0  22.9  23.3  23.1  23.2  22.8  23.7  23.8  24.0  24.7  26.4  26.4  26.5  25.8  27.4  26.9 
