 24.1  23.7  23.6  23.8  23.0  23.3  23.3  23.3  22.9  23.1  22.9  23.2  22.7  22.9  23.0  23.1  22.4  22.8  22.8  23.1  22.7  22.8  22.8  23.3  22.8  22.9  22.9  23.4  23.3  23.3  23.9  25.5 
 24.0  23.1  23.6  23.4  23.3  23.1  23.3  22.9  23.3  22.8  23.3  23.1  22.9  22.7  23.1  22.8  22.8  22.5  23.2  23.0  22.9  22.6  23.2  23.1  23.1  23.1  23.1  23.2  23.1  23.4  24.9  24.2 
 23.5  23.3  23.5  23.7  23.0  23.0  23.0  23.4  22.7  22.8  23.0  23.4  22.6  22.8  22.6  22.9  22.6  22.6  22.8  23.0  22.7  22.8  22.7  23.2  22.7  23.1  23.2  23.5  23.3  23.6  23.4  24.2 
 23.5  23.1  23.4  23.5  23.2  22.7  23.1  23.0  23.2  22.9  23.5  23.1  22.8  22.7  23.0  22.7  22.8  22.5  23.0  22.7  22.9  22.6  23.0  23.0  23.0  22.7  23.6  22.8  23.4  23.8  24.1  24.0 
 23.5  23.3  22.8  23.5  22.8  22.9  22.8  23.3  23.2  23.7  24.0  23.5  22.9  22.9  22.8  22.9  22.5  22.5  22.7  22.9  22.6  22.8  22.6  23.1  22.8  22.8  23.0  23.2  23.4  23.9  23.5  24.0 
 23.3  22.6  23.3  23.0  22.8  22.7  23.2  23.1  23.7  24.3  26.1  24.1  22.9  22.6  23.0  22.9  22.7  22.4  22.8  22.7  22.7  22.5  22.9  22.9  23.2  22.7  23.1  22.8  23.4  23.3  23.6  23.1 
 23.2  23.5  23.4  23.3  22.7  22.9  23.0  23.4  23.6  25.2  27.5  25.2  22.7  22.7  22.5  22.9  22.5  22.6  22.7  22.7  22.5  22.7  22.8  23.2  22.8  22.8  23.1  23.3  22.8  23.0  23.3  23.3 
 23.6  22.9  23.2  23.0  22.9  22.6  23.1  23.1  23.3  23.4  24.4  23.4  22.9  22.6  23.0  22.7  22.8  22.5  22.8  22.7  22.8  22.6  23.1  22.9  22.9  22.8  23.1  22.9  22.9  22.8  23.4  22.6 
 23.4  23.4  23.3  23.5  23.0  23.1  22.8  23.2  22.6  22.8  23.0  22.9  22.7  22.7  22.8  22.8  22.6  22.9  22.7  22.8  22.6  22.8  22.8  23.0  22.7  22.8  22.9  22.9  22.8  23.1  23.0  23.1 
 23.6  23.1  23.7  23.6  23.4  23.0  23.3  22.8  22.9  22.7  23.0  23.0  22.8  22.5  22.9  22.7  22.8  22.6  23.0  22.7  22.7  22.6  23.0  22.8  23.0  22.7  23.0  23.0  23.0  22.7  23.5  23.4 
 24.1  24.3  24.5  25.1  24.5  24.4  23.6  23.7  22.8  22.9  23.0  23.0  22.7  22.8  22.7  23.0  22.7  22.6  22.8  22.8  22.6  22.8  22.7  22.9  22.8  22.8  22.9  23.2  22.8  22.7  23.4  23.8 
 24.5  24.2  25.2  25.3  25.6  25.5  25.1  24.2  23.4  23.0  23.0  23.0  22.9  22.8  23.0  22.9  22.8  22.7  22.9  22.7  22.7  22.5  22.9 nan  22.9  22.4  23.0  22.9  23.0  22.8  23.6  23.1 
 25.3  25.2  26.2  27.0  28.5  29.7  37.7  42.0  39.7  33.7  23.4  23.3  22.8  22.9  22.7  22.9  22.8  22.7  22.9  23.0  22.4  22.5  22.7  23.1  22.7  22.8  23.3  23.2  23.0  23.1  23.4  23.7 
 25.6  25.4  27.0  27.5  30.2  32.4  47.7  54.2  58.8  51.7  25.1  23.5  22.9  22.8  23.1  22.9  22.9  22.6  22.9  22.9  22.8  22.5  23.0  22.8  23.0  22.6  24.1  24.1  23.6  23.0  23.3  23.4 
 25.6  26.1  27.6  28.6  32.5  36.7  57.6  66.8  77.7  73.4  30.6  24.9  22.9  22.9  22.7  23.1  22.8  22.7  22.9  23.2  22.6  22.6  22.8  23.0  22.5  23.0  25.3  25.2  23.6  23.3  23.3  23.8 
 26.1  25.8  27.9  28.2  32.8  36.7  57.3  68.8  87.4  82.2  30.5  24.6  23.1  22.9  23.1  22.9  22.9  22.7  23.1  22.8  22.8  22.6  23.0  22.9  23.0  22.6  24.4  24.4  23.6  23.2  23.9  23.5 
 25.6  26.1  27.3  28.1  29.7  31.8  45.4  55.6  67.7  57.3  25.4  23.9  23.2  23.0  23.0  23.1  22.7  22.9  22.8  23.0  22.8  22.8  22.9  23.0  22.8  22.9  23.2  23.6  23.3  23.3  23.4  24.1 
 26.1  25.8  27.2  27.1  28.6  29.5  37.7  42.8  46.4  38.9  24.2  23.4  23.0  22.9  23.3  23.0  23.0  22.7  23.1  23.0  23.0  22.7  23.0  23.0  23.0  22.6  23.3  23.2  23.5  23.0  23.7  23.6 
 25.7  26.0  26.6  27.2  27.1  27.4  28.6  29.5  28.1  26.4  23.8  23.5  23.0  23.0  23.2  23.3  22.9  23.0  23.0  23.1  22.9  22.7  23.0  23.2  22.9  23.1  23.1  23.3  23.5  23.4  23.5  24.2 
 26.1  25.8  26.5  26.6  26.7  26.5  27.8  27.5  26.4  25.0  23.8  23.3  23.2  23.0  23.2  22.9  23.1  22.7  23.1  22.9  23.0  22.8  23.2  23.1  23.0  22.9  23.4  23.4  23.4  23.1  24.1  24.1 
 25.8  25.6  26.3  26.5  25.6  26.0  25.8  26.0  25.2  24.6  23.6  23.7  23.2  23.4  23.2  23.4  22.9  23.2  23.1  23.1  22.8  23.0  23.3  23.3  23.1  23.1  23.4  23.9  23.0  23.4  23.8  25.0 
 25.9  25.5  26.1  25.9  25.8  25.6  25.7  25.6  24.7  24.3  24.0  23.7  23.4  23.1  23.4  23.3  23.0  23.1  23.2  23.0  23.3  22.8  23.4  23.4  23.2  22.9  23.5  23.4  23.3  23.8  24.9  25.6 
 26.5  26.4  25.6  26.5  25.4  25.0  25.0  25.0  24.2  24.0  23.7  24.0  23.5  23.3  23.1  23.4  23.1  23.1  23.3  23.6  23.1  23.3  23.2  23.5  23.3  23.3  24.0  24.3  24.2  24.5  25.4  27.3 
 27.4  26.1  26.1  25.6  25.1  25.0  25.0  24.7  24.3  23.8  24.0  23.7  23.5  23.2  23.6  23.3  23.2  23.1  23.7  23.3  23.5  23.3  23.5  23.4  23.6  23.3  24.6  24.9  25.0  24.3  26.8  27.2 
