 23.9  23.5  23.8  23.8  23.0  23.0  23.0  23.3  22.6  23.0  23.3  23.1  22.7  22.7  22.6  23.0  22.7  22.8  22.9  23.0  22.7  22.7  23.2  23.0  23.0  22.8  23.4  23.6  23.5  23.4  24.4  25.5 
 23.8  23.3  23.9  23.6  23.3  23.1  23.3  23.2  23.0  22.7  23.2  23.0  22.7  22.8  22.9  22.8  22.8  22.4  22.8  23.0  22.8  22.5  23.1  23.1  22.8  23.0  23.4  23.2  23.1  23.2  24.2  24.5 
 23.3  23.1  23.7  23.6  22.7  22.9  23.3  23.1  22.9  22.9  23.1  23.0  22.7  22.7  22.8  22.9  22.6  22.8  22.8  22.9  22.6  22.6  22.9  23.2  22.8  23.1  23.2  23.5  23.0  23.6  23.6  24.2 
 23.2  23.0  23.7  23.5  23.0  22.7  23.3  23.0  23.2  22.8  23.3  22.9  22.6  22.5  22.8  22.9  22.8  22.5  22.9  22.9  22.7  22.7  22.9  22.8  22.7  22.7  23.2  23.3  23.2  23.7  24.1  23.8 
 23.0  23.3  23.0  23.4  22.9  22.8  23.1  23.1  23.4  23.7  24.2  23.6  22.6  22.7  22.8  22.9  22.5  22.6  22.7  22.8  22.6  22.7  23.0  23.0  22.8  22.9  23.2  23.2  23.4  23.8  23.9  23.9 
 23.2  23.0  23.5  23.2  22.7  22.5  23.1  23.1  23.6  24.5  26.0  24.2  22.8  22.6  22.9  22.9  22.7  22.5  22.8  22.8  22.6  22.6  23.0  23.0  23.1  22.6  23.1  23.2  23.3  23.2  23.6  23.3 
 23.0  23.3  23.0  23.3  22.8  22.8  22.9  23.2  23.7  25.0  27.7  25.0  22.6  22.7  22.7  22.9  22.5  22.7  22.7  22.6  22.7  22.7  22.7  23.1  22.8  22.8  23.2  23.2  22.8  22.8  23.2  23.3 
 23.4  23.2  23.4  23.3  23.0  22.6  23.2  23.0  23.2  23.2  24.4  23.5  22.7  22.6  22.9  22.8  22.7  22.5  22.7  22.9  22.8  22.6  23.1  22.9  22.6  22.8  23.3  22.9  22.9  22.7  23.0  22.3 
 23.1  23.4  23.4  23.4  22.8  23.0  23.1  23.2  22.6  22.9  23.1  22.9  22.8  22.7  22.8  22.8  22.6  22.7  22.9  23.0  22.7  22.9  23.0  23.0  22.8  22.8  23.1  23.1  23.0  23.2  23.2  23.3 
 23.5  23.1  23.8  23.5  23.4  23.0  23.2  23.1  22.8  22.6  22.9  23.0  22.8  22.4  22.9  22.8  22.8  22.5  22.8  22.9  22.7  22.5  23.0  23.0  22.8  22.6  23.1  23.3  22.6  22.7  23.5  23.4 
 24.1  24.0  24.9  24.9  24.6  24.4  23.7  23.6  22.8  22.9  23.0  22.9  22.8  22.7  22.8  23.1  22.7  22.7  22.8  22.9  22.6  22.6  23.0  22.9  22.7  22.8  22.9  22.8  22.8  22.7  23.2  23.3 
 24.2  24.5  25.3  25.3  25.7  25.5  25.1  24.2  23.3  23.0  23.1  22.9  22.7  22.6  22.9  22.9  22.7  22.7  22.8  22.9  22.6  22.5  22.8 nan  22.6  22.4  23.0  23.0  22.9  22.7  23.3  23.4 
 25.6  25.0  26.3  26.9  28.3  29.6  38.1  41.9  39.7  33.7  23.5  23.2  22.7  22.7  23.0  22.9  22.6  22.7  23.1  22.8  22.6  22.6  22.7  22.8  22.7  22.7  23.2  23.2  23.1  23.1  23.7  23.7 
 25.6  25.4  26.9  27.5  30.0  32.6  47.7  54.4  58.7  51.6  24.9  23.4  23.0  22.8  23.0  22.9  22.9  22.8  22.9  23.0  22.8  22.5  22.9  23.1  22.9  22.7  23.9  24.1  23.5  22.8  23.4  23.6 
 25.8  26.0  27.5  28.5  32.4  36.5  57.7  66.8  77.7  73.4  30.7  24.8  23.0  22.9  22.8  23.0  22.7  22.6  22.8  22.9  22.7  22.8  22.9  23.0  22.7  23.1  25.7  25.5  23.4  23.2  23.5  23.7 
 26.1  25.8  27.8  28.4  32.7  36.6  57.3  68.9  87.3  82.2  30.3  24.7  23.0  22.9  23.0  23.0  22.9  22.7  23.0  22.9  22.6  22.7  22.9  23.0  22.8  22.8  24.4  24.6  23.3  23.2  23.8  23.5 
 25.8  26.0  27.4  28.0  30.0  31.7  45.6  55.7  67.7  57.2  25.6  23.8  23.0  22.9  23.0  23.0  22.9  22.8  23.1  23.1  22.7  22.6  22.8  22.9  22.9  22.8  22.9  23.4  23.0  23.4  23.7  23.9 
 25.9  26.1  27.2  27.3  28.7  29.5  37.7  42.6  46.3  39.0  24.2  23.6  23.1  22.9  23.2  23.1  22.8  22.6  22.9  23.1  22.8  22.6  23.0  23.0  23.0  22.6  23.2  23.3  23.4  23.0  24.1  23.8 
 25.9  26.0  26.7  27.0  26.9  27.3  29.0  29.2  28.2  26.3  23.8  23.5  23.0  23.1  23.1  23.0  23.1  22.9  22.9  23.0  22.9  22.6  23.2  23.1  23.0  22.9  23.3  23.3  23.3  23.2  23.5  24.0 
 25.8  25.5  26.5  26.5  26.5  26.6  27.5  27.6  26.4  25.1  23.6  23.6  23.1  23.0  23.3  23.1  22.8  22.8  23.3  23.1  23.0  22.7  23.2  23.3  23.0  22.7  23.4  23.4  23.3  23.2  24.0  24.1 
 25.4  25.6  26.1  26.0  25.8  26.0  26.0  26.2  24.9  24.4  23.8  23.6  23.2  23.1  23.2  23.3  22.8  23.1  23.0  23.3  22.9  22.9  23.3  23.5  23.1  23.0  23.4  23.6  23.1  23.5  24.3  24.8 
 26.1  25.7  26.3  26.0  25.6  25.5  25.6  25.7  24.6  24.0  23.9  23.7  23.2  23.2  23.4  23.3  23.0  23.0  23.3  23.1  23.1  22.8  23.3  23.2  22.9  23.0  23.5  23.8  23.3  23.5  24.7  25.3 
 26.5  26.2  25.8  25.9  25.3  24.9  25.5  25.0  24.1  24.1  24.0  23.9  23.5  23.3  23.5  23.4  23.2  23.1  23.4  23.4  23.0  23.2  23.4  23.5  23.1  23.1  24.0  24.1  24.0  23.7  25.4  26.8 
 26.8  25.8  25.7  26.0  25.1  24.8  25.0  24.7  23.9  23.8  24.1  23.9  23.3  23.2  23.5  23.6  23.3  23.3  23.6  23.4  23.4  23.1  23.7  23.5  23.5  23.3  24.6  24.8  24.6  24.6  26.3  26.2 
