 24.1  23.3  23.4  23.6  23.1  22.7  22.8  23.1  23.0  22.4  22.8  22.9  22.8  22.2  22.6  22.8  22.6  22.5  22.7  22.9  22.4  22.2  22.9  23.0  22.8  22.6  23.4  24.1  23.6  23.6  24.4  25.6 
 23.8  23.5  23.7  23.3  22.8  23.0  23.2  22.9  22.6  22.7  23.1  22.8  22.6  22.5  22.8  22.6  22.5  22.6  22.9  22.8  22.6  22.6  23.0  23.0  22.8  23.0  23.5  24.1  24.1  23.5  24.7  24.3 
 23.5  23.1  23.2  23.6  23.0  22.7  22.9  23.0  23.0  22.6  22.8  23.0  22.6  22.6  22.7  22.8  22.6  22.6  22.5  22.9  22.7  22.5  22.5  23.0  22.9  22.7  23.1  23.3  23.4  23.0  23.2  24.2 
 23.3  23.1  23.4  23.2  22.7  22.5  23.4  23.1  22.9  22.9  22.9  22.7  22.5  22.6  22.7  22.6  22.6  22.5  22.9  22.6  22.4  22.6  22.9  22.9  22.4  22.7  23.4  23.1  23.2  23.0  24.1  23.8 
 23.3  23.1  23.1  23.5  22.8  22.8  22.8  23.2  23.2  23.2  22.9  23.2  22.6  22.3  22.5  22.7  22.6  22.5  22.5  22.7  22.6  22.5  22.7  23.0  22.8  22.6  23.1  23.3  23.1  22.9  23.2  23.8 
 23.0  23.1  23.6  23.3  22.9  22.8  23.4  23.2  23.6  24.1  23.3  22.8  22.6  22.6  22.7  22.6  22.6  22.4  22.7  22.6  22.7  22.6  23.1  22.9  22.6  22.6  23.2  23.0  23.0  23.0  23.8  23.4 
 23.3  23.1  23.3  23.3  22.8  22.6  23.1  23.7  25.6  26.8  24.3  23.3  22.7  22.4  22.5  22.7  22.4  22.5  22.6  22.7  22.6  22.5  22.9  23.0  22.8  22.6  23.0  23.1  23.0  22.8  23.4  23.4 
 23.4  23.2  23.3  23.1  22.7  22.6  23.5  23.5  25.8  27.5  24.9  23.2  22.7  22.6  22.8  22.5  22.5  22.5  22.7  22.6  22.6  22.6  23.2  22.8  22.5  22.8  23.1  22.9  22.9  23.1  23.3  22.6 
 23.7  23.2  23.3  23.4  22.9  22.9  23.0  23.6  23.2  23.4  23.1  22.9  22.5  22.4  22.7  22.7  22.6  22.5  22.6  22.9  22.7  22.5  22.8  23.0  22.7  22.7  22.8  23.2  23.0  23.0  23.5  23.6 
 23.6  23.3  23.8  23.6  22.9  23.1  23.2  23.0  22.9  23.0  22.9  22.9  22.4  22.5  22.8  22.7  22.7  22.6  22.8  22.7  22.4  22.6  22.9  22.7  22.7  22.7  23.2  23.2  23.1  23.1  23.8  23.5 
 24.1  23.8  24.1  24.2  23.9  23.7  23.3  23.4  23.0  22.9  22.9  22.8  22.7  22.4  22.6  22.9  22.7  22.6  22.8  22.8  22.7  22.7  22.9  22.8  22.8  22.6  23.5  24.1  23.7  23.0  23.3  23.6 
 23.9  24.2  24.5  24.3  24.6  24.7  24.2  23.5  23.0  23.1  22.9  22.9  22.6  22.5  22.8  22.9  22.5  22.7  22.8  22.6  22.6  22.6  22.9 nan  22.6  22.8  24.5  25.2  24.1  23.2  23.7  23.5 
 24.6  24.4  25.5  25.9  27.2  27.7  32.9  35.2  33.3  29.5  23.3  23.2  22.6  22.7  22.7  22.9  22.7  22.3  22.8  22.9  22.8  22.4  22.7  22.9  22.8  22.8  24.0  25.0  23.8  23.0  23.4  23.9 
 24.8  25.2  26.3  26.4  28.5  30.4  42.0  49.2  53.7  47.6  25.0  23.4  22.8  22.7  23.1  22.8  22.7  22.7  23.0  22.8  22.6  22.4  23.0  22.9  22.7  22.7  23.4  23.5  23.3  23.4  23.7  23.4 
 25.4  25.3  26.5  27.9  30.7  34.0  55.2  63.6  75.0  71.6  34.7  25.8  22.9  22.7  22.7  23.0  22.9  22.5  22.8  23.0  22.7  22.6  22.8  22.9  22.7  22.7  23.1  23.2  23.3  23.3  23.4  24.0 
 25.3  25.4  27.1  27.5  30.9  34.4  53.9  63.1  78.9  79.7  37.4  25.9  22.9  22.9  22.9  22.8  22.6  22.6  22.9  22.7  22.7  22.6  22.9  22.8  22.7  22.7  23.1  23.1  22.8  23.3  23.9  23.6 
 25.5  25.6  26.5  27.3  29.7  31.6  44.4  53.7  73.4  70.3  30.1  24.6  22.9  22.6  22.9  22.9  22.7  22.4  22.8  22.9  22.7  22.5  22.7  23.0  23.1  22.7  23.1  23.2  23.1  23.2  23.7  24.1 
 25.2  25.2  26.4  26.9  28.5  29.9  37.3  42.2  54.2  49.8  26.0  23.7  22.8  22.7  23.0  22.7  22.6  22.6  22.9  22.9  22.7  22.6  22.9  22.9  22.8  22.7  23.3  23.1  22.9  23.3  23.9  23.6 
 25.5  25.5  26.4  27.1  27.0  27.0  28.8  29.8  29.7  28.1  24.0  23.5  22.8  22.7  23.0  23.2  22.9  22.6  22.9  23.1  22.9  22.5  23.0  23.3  23.1  22.8  23.1  23.7  23.3  23.0  23.5  24.2 
 25.4  25.6  26.6  26.4  26.3  26.5  27.9  27.5  26.9  26.4  23.9  23.4  22.9  22.7  23.1  22.8  22.7  22.9  23.0  22.8  22.7  22.6  23.1  22.9  22.9  23.0  23.3  23.3  22.9  23.4  24.3  24.1 
 25.8  25.2  25.8  26.0  25.5  25.5  26.0  26.2  25.4  24.5  23.9  23.6  23.2  22.7  22.8  23.1  22.9  22.8  22.8  23.1  22.9  22.7  22.8  23.3  23.3  22.7  23.3  23.9  23.5  24.2  24.9  25.8 
 25.3  25.5  26.2  25.7  25.3  25.4  25.9  25.5  24.6  24.4  23.8  23.4  23.1  23.1  23.1  23.0  22.9  23.0  23.1  23.1  22.9  22.9  23.5  23.2  23.0  23.2  23.6  23.7  24.8  25.2  26.2  25.7 
 26.8  25.5  25.6  25.7  24.9  24.4  24.8  25.0  24.6  23.8  23.8  23.9  23.4  22.9  23.2  23.3  23.3  22.6  23.3  23.3  23.4  23.1  23.4  23.6  23.5  23.7  25.3  25.7  26.4  25.6  27.0  28.3 
 26.6  26.1  25.7  25.4  24.8  24.9  25.2  24.7  24.0  23.8  23.9  23.6  23.1  23.2  23.5  23.2  23.0  23.1  23.5  23.0  23.2  23.1  23.8  23.8  24.1  24.9  26.5  26.7  26.2  26.3  27.3  28.3 
