 24.5  23.7  24.1  24.0  23.5  23.3  23.3  23.6  23.0  23.0  23.1  23.5  22.8  22.7  23.0  23.2  22.5  22.8  22.9  23.3  22.8  22.9  23.2  23.6  22.8  23.1  23.3  23.9  23.5  23.8  24.7  26.1 
 24.0  23.3  24.3  23.6  23.2  23.2  23.7  23.1  23.2  23.1  23.4  23.2  23.0  22.9  23.2  23.0  22.9  22.6  22.9  22.9  22.9  22.9  23.1  23.3  23.1  23.2  23.7  23.7  23.2  23.5  24.7  24.5 
 23.7  23.4  23.5  23.7  23.1  22.9  23.1  23.4  23.0  23.0  23.1  23.3  22.9  23.0  23.0  23.2  22.8  22.8  22.7  23.2  22.8  22.8  23.1  23.0  23.1  23.1  23.3  23.4  23.6  23.6  24.0  24.4 
 23.4  23.3  23.7  23.5  23.0  22.7  23.3  23.2  23.2  22.8  23.7  23.0  22.9  22.7  23.1  22.9  22.8  22.7  23.1  22.7  22.8  23.0  23.3  22.9  22.7  22.7  23.6  23.4  23.5  24.0  24.3  24.2 
 23.5  23.5  23.3  23.5  23.3  23.1  23.1  23.4  23.4  23.7  24.3  23.7  22.7  22.8  22.9  23.1  22.7  22.6  22.9  23.0  22.9  22.9  23.0  23.2  23.2  22.9  23.3  23.4  23.7  24.1  23.7  24.0 
 23.3  23.1  23.8  23.4  23.0  22.9  23.6  23.2  23.6  24.5  26.2  24.2  22.6  22.8  23.1  22.9  22.7  22.7  22.9  22.9  22.8  22.7  23.0  23.1  23.1  23.1  23.4  23.0  23.3  23.6  24.0  23.6 
 23.2  23.5  23.5  23.5  23.2  23.0  23.1  23.3  23.9  25.3  27.7  25.1  22.8  22.7  22.9  23.1  22.5  22.8  22.9  22.8  23.0  22.7  23.0  23.1  23.0  22.9  23.2  23.4  22.9  22.8  23.5  23.8 
 23.7  23.4  23.8  23.1  23.0  22.8  23.3  23.2  23.3  23.5  24.5  23.6  22.9  22.8  23.0  22.9  22.7  22.7  22.9  22.9  22.8  22.6  23.3  22.9  22.8  22.8  23.3  23.2  23.1  23.1  23.4  22.6 
 23.8  23.4  23.5  23.6  23.0  22.8  23.2  23.3  22.8  22.9  23.1  23.1  22.8  22.8  22.8  22.8  22.7  22.7  22.9  23.0  22.7  22.9  23.0  23.2  22.9  23.0  23.1  23.4  22.8  23.1  23.2  23.6 
 23.8  23.5  24.0  23.9  23.5  23.2  23.4  23.0  22.9  22.8  23.0  23.0  22.8  22.7  23.0  22.8  22.8  22.8  23.0  22.8  22.8  22.8  23.2  23.0  23.2  23.0  23.4  23.3  23.0  23.0  23.8  23.4 
 24.4  24.1  24.7  25.0  24.5  24.5  23.8  23.6  23.1  23.1  23.2  23.1  22.9  22.8  22.9  23.0  22.8  22.7  22.8  23.1  22.8  22.8  22.8  23.2  22.9  22.8  22.9  23.1  23.1  23.2  23.5  23.6 
 24.4  24.5  25.7  25.5  25.8  25.7  25.3  24.4  23.4  23.0  23.2  23.1  22.9  22.7  23.0  23.0  22.7  22.8  23.1  23.0  22.8  22.9  23.0 nan  22.8  22.8  23.1  23.1  23.1  22.9  23.6  23.6 
 25.3  25.2  26.4  27.0  28.7  29.8  38.1  42.1  39.8  33.8  23.7  23.3  22.9  22.8  22.9  23.2  23.0  22.7  22.8  22.8  22.7  22.7  22.8  23.1  22.8  22.8  23.4  23.3  23.1  23.1  23.7  23.7 
 25.6  25.7  27.1  27.6  30.0  32.6  47.8  54.3  58.8  51.9  25.0  23.6  23.0  22.8  23.1  22.9  22.9  22.8  23.0  22.9  22.9  22.8  23.1  23.1  22.9  22.9  24.2  24.1  23.5  23.2  23.6  23.9 
 26.1  26.2  27.6  28.8  32.8  36.6  57.7  66.8  77.8  73.5  30.8  25.0  23.0  22.9  23.0  23.2  22.9  22.8  23.1  23.1  22.8  22.7  23.0  22.9  22.8  23.0  25.6  25.5  23.4  23.0  23.6  24.0 
 26.0  26.1  28.2  28.5  32.9  37.0  57.6  68.8  87.3  82.1  30.6  24.8  23.2  23.0  23.0  22.9  23.0  22.8  23.2  23.0  22.8  22.7  23.2  23.0  22.9  22.8  24.4  24.8  23.4  23.0  23.9  23.7 
 25.9  26.3  27.4  28.1  30.1  31.7  45.6  55.7  67.8  57.3  25.6  23.9  23.1  23.0  23.1  23.1  23.0  22.8  22.9  23.3  22.8  22.7  23.2  23.1  22.8  23.0  23.3  23.7  23.5  23.3  24.1  24.1 
 26.1  26.1  27.3  27.5  28.7  29.5  37.8  42.9  46.3  39.1  24.4  23.7  23.2  23.1  23.3  23.1  23.1  22.7  23.3  23.1  22.9  22.9  23.3  23.0  22.7  22.8  23.5  23.3  23.6  23.3  24.2  23.6 
 26.1  26.5  26.7  27.2  27.2  27.4  29.1  29.5  28.2  26.4  23.9  23.7  23.3  23.2  23.3  23.4  23.1  23.1  23.1  23.4  23.0  22.9  23.2  23.4  23.1  22.9  23.5  23.6  23.5  23.2  23.5  24.6 
 25.9  26.0  26.7  26.6  26.8  26.6  27.8  27.7  26.6  25.3  23.9  23.6  23.1  23.1  23.3  23.1  23.1  23.0  23.2  22.9  23.0  22.9  23.7  23.3  23.2  23.1  23.7  23.5  23.3  23.6  24.5  24.1 
 26.0  25.6  26.5  26.5  25.8  25.8  26.0  26.2  25.3  24.5  23.7  23.9  23.3  23.2  23.3  23.5  23.2  23.1  23.4  23.3  23.1  23.0  23.3  23.6  23.5  23.0  23.5  24.1  23.5  23.5  24.0  25.3 
 26.1  25.9  26.4  25.9  25.8  25.6  26.1  25.5  24.9  24.4  24.1  23.9  23.4  23.2  23.6  23.4  23.2  23.0  23.4  23.5  23.2  23.1  23.4  23.4  23.4  23.1  23.7  23.9  23.6  23.8  24.9  25.9 
 27.0  26.4  25.8  26.1  25.4  25.5  25.3  25.3  24.5  24.2  24.0  24.2  23.6  23.4  23.4  23.6  23.4  23.5  23.5  23.6  23.5  23.4  23.6  23.9  23.4  23.4  24.4  24.6  24.4  24.3  25.4  26.8 
 27.1  26.4  26.2  26.0  25.3  25.0  25.3  25.0  23.9  24.2  24.1  23.9  23.6  23.5  23.7  23.7  23.3  23.4  23.7  23.4  23.4  23.3  23.9  23.7  23.5  23.5  24.8  25.0  24.6  25.1  27.6  27.2 
