 24.3  23.7  23.6  24.0  23.6  23.3  23.1  23.4  23.1  23.0  23.2  23.2  22.9  22.6  22.9  23.2  22.8  22.8  23.0  23.1  22.6  22.8  22.9  23.6  22.7  22.9  23.2  23.6  23.6  23.2  24.4  25.5 
 23.6  23.9  24.1  23.3  23.3  22.9  23.3  23.2  23.2  22.8  23.3  23.2  22.8  22.7  23.1  22.9  22.8  22.8  23.3  23.1  23.1  22.6  23.2  22.8  22.9  23.1  23.4  23.4  23.2  23.3  24.7  24.8 
 23.8  23.1  23.5  23.6  22.9  22.7  23.0  23.3  23.0  22.8  23.1  23.2  22.7  22.6  23.0  23.1  22.7  22.8  23.0  23.0  22.8  22.6  22.9  23.4  22.8  22.9  23.0  23.6  23.5  23.5  23.6  24.2 
 23.2  23.5  23.6  23.7  23.0  22.8  23.5  23.2  23.0  23.1  23.4  23.1  22.8  22.6  23.0  22.9  22.8  22.6  23.2  22.9  22.7  22.8  23.2  23.0  23.0  22.7  23.4  23.1  23.4  24.0  24.3  24.0 
 23.5  23.3  23.6  23.5  23.0  22.8  23.2  23.1  23.5  23.6  24.3  23.7  22.8  22.6  22.8  22.9  22.6  22.7  22.8  22.9  22.7  22.6  22.8  23.1  23.0  22.9  23.3  23.3  23.5  23.7  23.5  24.0 
 23.2  22.8  23.6  23.1  22.8  22.7  23.3  23.1  23.4  24.5  26.1  24.3  22.8  22.8  22.8  23.0  22.7  22.7  23.1  22.7  22.6  22.6  23.0  23.1  23.2  22.8  23.3  23.1  23.3  23.2  23.8  23.6 
 23.2  23.3  23.3  23.5  23.0  22.9  23.2  23.4  24.0  25.1  27.8  25.1  22.8  22.6  22.8  22.9  22.6  22.8  22.6  22.9  22.8  22.7  23.0  23.1  23.1  22.8  23.1  23.5  22.8  22.5  23.1  23.6 
 23.6  23.2  23.5  23.4  22.8  22.9  23.3  23.1  23.3  23.5  24.5  23.6  22.7  22.6  23.0  22.8  22.7  22.4  23.0  22.6  22.7  22.6  23.1  23.0  22.8  22.8  23.2  23.0  22.8  23.1  23.4  22.6 
 23.4  23.2  23.3  23.5  23.0  22.7  23.1  23.2  22.7  22.9  23.0  23.0  22.7  22.6  22.8  23.0  22.7  22.7  22.9  22.9  22.7  22.9  22.9  23.1  22.9  22.8  22.9  23.3  22.9  22.9  23.3  23.8 
 23.5  23.4  23.7  23.6  23.4  23.1  23.2  22.9  23.0  22.8  23.1  22.9  22.8  22.6  23.0  22.7  22.6  22.7  22.9  23.0  22.7  22.7  23.0  22.8  23.0  22.6  23.2  23.1  22.8  22.8  23.5  23.5 
 24.3  24.1  24.4  25.0  24.7  24.4  23.7  23.7  23.0  23.0  23.0  23.0  22.8  22.8  22.9  23.0  22.7  22.6  22.8  23.0  22.9  22.7  22.8  23.1  22.7  22.9  23.0  23.1  23.1  23.2  23.2  23.8 
 24.7  24.6  25.6  25.3  25.6  25.8  25.3  24.4  23.2  23.0  23.2  22.9  22.8  22.7  23.0  22.9  22.7  22.7  23.0  22.9  22.8  22.8  23.1 nan  22.7  22.5  23.0  23.0  22.7  22.7  23.6  23.3 
 25.2  25.0  26.2  26.9  28.5  29.6  38.0  42.0  39.7  33.9  23.5  23.4  23.1  22.7  22.9  23.1  22.7  22.6  22.8  22.9  22.9  22.8  22.7  23.1  23.0  22.7  23.2  23.4  23.2  23.0  23.5  24.1 
 25.4  25.5  27.0  27.7  30.2  32.5  47.8  54.2  58.7  51.7  24.9  23.7  23.0  22.8  23.1  22.9  22.8  22.7  23.2  22.9  22.7  22.7  23.0  23.0  22.9  22.7  24.4  24.3  23.5  23.1  23.7  23.4 
 25.9  25.9  27.6  28.7  32.6  36.6  57.7  66.8  77.7  73.4  30.6  24.8  23.0  22.8  22.8  23.0  22.9  22.7  22.9  23.0  22.7  22.8  22.8  23.2  22.9  22.8  25.7  25.5  23.4  23.3  23.6  24.2 
 25.5  26.1  27.9  28.5  32.7  36.6  57.5  68.9  87.3  82.1  30.6  24.7  23.1  22.9  23.2  22.9  22.9  22.7  23.1  22.9  22.7  22.8  23.1  22.9  22.6  22.6  24.3  24.5  23.3  23.2  23.9  23.5 
 25.7  26.1  27.7  28.2  30.1  31.8  45.6  55.7  67.9  57.2  25.4  23.8  23.1  22.9  23.0  23.2  23.0  22.7  23.0  23.1  22.9  22.6  23.0  23.1  23.0  22.8  23.1  23.4  23.1  23.3  23.5  23.7 
 25.9  26.0  27.4  27.4  28.7  29.5  37.9  42.8  46.3  39.2  24.4  23.6  23.2  23.0  23.2  23.0  22.8  22.7  23.3  23.0  22.8  22.8  23.2  23.0  22.9  22.7  23.6  23.3  23.3  23.3  24.0  23.8 
 26.1  26.0  26.7  27.0  27.2  27.4  28.7  29.5  28.2  26.4  23.7  23.8  23.2  23.1  23.2  23.2  23.1  22.8  22.9  23.2  23.0  22.8  23.1  23.2  23.1  22.9  23.3  23.4  23.5  23.2  23.5  24.6 
 25.7  26.0  26.5  26.6  26.7  26.7  27.8  27.5  26.4  25.1  23.9  23.3  23.5  23.1  23.4  23.3  23.1  22.9  23.3  23.0  23.0  22.9  23.4  23.2  23.0  23.2  23.7  23.5  23.4  23.5  24.5  24.3 
 25.8  25.5  25.8  26.2  25.9  26.0  26.1  26.2  24.9  24.2  23.7  23.8  23.2  23.0  23.2  23.3  22.9  23.1  23.0  23.4  22.9  22.9  23.4  23.3  23.4  22.8  23.6  23.9  23.4  23.5  24.0  25.0 
 25.9  25.8  26.3  25.9  25.8  25.5  25.9  25.8  24.4  24.1  24.0  23.7  23.2  23.1  23.6  23.3  23.0  23.0  23.5  23.1  23.0  23.1  23.6  23.1  23.3  23.2  23.8  23.4  23.6  23.4  25.2  25.3 
 26.5  25.9  25.8  26.1  25.2  25.0  25.3  25.2  24.4  24.0  23.9  24.2  23.5  23.3  23.4  23.7  23.3  23.1  23.2  23.5  23.4  23.2  23.6  23.6  23.4  23.2  23.9  24.6  24.2  24.3  25.7  26.8 
 27.1  26.3  26.2  25.8  25.1  25.1  25.3  24.9  24.3  23.8  24.0  24.0  23.5  23.1  23.8  23.4  23.6  23.1  23.6  23.6  23.4  23.4  23.7  23.9  23.3  23.5  24.9  24.9  25.0  24.6  27.6  27.1 
