 25.8  24.3  24.9  25.1  23.5  24.4  23.2  25.0  22.8  24.2  23.3  24.6  22.7  24.5  23.0  24.8  22.8  24.4  23.0  25.1  22.9  24.8  23.4  25.5  26.2  28.5  30.9  31.5  31.0  30.2  29.6  29.9 
 24.6  24.6  25.2  24.5  24.8  23.4  25.0  23.2  24.5  22.8  24.9  23.2  24.8  22.7  24.9  23.0  24.6  22.6  25.1  23.1  25.0  22.8  25.2  23.5  27.0  29.0  31.1  30.4  30.5  28.7  28.7  29.1 
 25.2  24.2  24.4  24.9  23.1  24.6  23.3  25.0  23.0  24.5  23.1  24.7  22.6  24.6  23.0  25.0  22.9  24.9  23.0  25.1  22.9  25.0  23.3  25.6  28.1  28.3  29.8  29.9  28.2  26.9  26.9  27.3 
 24.4  24.4  25.2  24.1  24.9  22.7  25.1  23.2  24.8  23.0  25.1  23.1  24.7  22.7  25.0  23.1  24.9  22.6  25.2  23.1  25.0  22.7  25.5  24.0  26.5  29.2  30.2  30.3  27.7  25.9  25.7  26.4 
 24.6  24.5  24.0  25.1  23.2  24.7  23.2  25.0  23.4  25.0  23.2  24.8  22.8  24.5  23.0  24.8  22.6  24.6  22.9  24.9  22.9  25.0  23.3  25.4  26.2  26.0  29.8  28.1  25.9  25.4  24.8  25.6 
 24.3  24.1  24.9  23.8  24.6  23.0  24.8  23.2  25.1  24.0  25.1  23.2  24.6  22.6  24.7  23.2  24.6  22.6  25.0  23.0  24.9  22.7  25.3  23.4  25.7  26.0  26.2  27.4  25.1  24.5  25.7  24.2 
 24.0  24.6  23.7  24.8  23.0  24.6  23.4  25.0  25.6  27.7  24.6  24.8  22.9  24.2  22.9  24.4  22.9  24.4  23.0  24.7  22.9  24.9  23.1  25.4  23.2  25.1  23.5  25.8  23.4  24.7  24.3  25.6 
 24.4  24.1  24.7  23.7  24.4  22.7  24.8  23.8  26.9  27.8  26.0  23.4  24.2  22.7  24.3  23.1  24.3  23.0  24.6  23.0  24.7  22.8  25.0  23.2  25.0  22.9  25.5  23.5  25.1  23.3  24.9  23.0 
 24.3  23.9  23.6  24.3  23.0  24.0  23.3  24.3  23.6  24.5  23.3  24.1  22.9  23.8  23.0  24.2  22.8  24.1  23.1  24.1  22.9  24.3  23.1  24.4  23.0  24.5  23.4  25.0  23.4  24.8  23.8  25.9 
 24.5  23.8  24.6  23.4  24.2  23.1  24.1  23.1  24.1  22.9  24.3  23.1  23.7  22.7  24.0  22.9  23.9  22.7  24.2  23.1  24.0  22.9  24.3  23.2  24.3  23.0  24.8  23.6  24.8  23.5  26.1  24.0 
 24.4  24.6  24.0  25.0  23.5  24.3  23.4  24.1  22.9  23.8  23.1  23.8  22.9  23.5  23.0  24.0  22.9  23.7  23.2  23.9  22.9  24.0  23.0  24.0  22.9  23.6  23.6  24.4  23.9  24.1  24.1  25.3 
 24.4  24.2  25.0  24.2  25.1  24.1  24.6  23.5  23.8  23.0  23.8  23.1  23.7  22.8  23.9  23.1  23.7  22.9  24.0  23.0  23.7  22.9  23.5 nan  23.2  22.8  24.6  25.3  24.2  23.6  24.3  23.9 
 24.6  25.2  25.3  26.4  26.4  27.5  29.4  30.1  27.8  26.8  23.5  24.0  22.9  23.4  22.9  23.5  22.9  23.3  23.1  23.0  22.8  22.8  22.9  23.2  23.0  23.0  24.9  25.4  24.0  23.6  24.3  23.8 
 25.1  24.9  26.7  26.5  28.4  28.9  36.8  42.6  45.0  39.8  24.7  23.4  23.2  23.0  23.1  23.0  22.9  23.0  22.9  22.9  22.8  22.7  23.0  23.2  23.0  23.0  23.9  24.2  23.7  23.5  23.8  24.1 
 25.3  25.8  26.8  27.6  30.1  32.7  52.0  60.1  71.4  67.8  34.5  25.8  23.1  22.8  23.0  22.8  22.9  22.5  23.0  22.9  22.8  22.7  23.0  22.9  23.2  22.9  23.3  23.4  23.8  23.4  24.1  24.1 
 25.5  25.6  27.2  27.8  30.3  33.5  52.2  61.1  76.2  76.1  39.1  26.8  23.1  22.9  23.0  23.0  22.8  22.7  22.9  23.0  22.8  22.7  23.0  23.1  22.8  22.9  23.3  23.4  23.4  23.3  23.8  24.2 
 25.6  25.7  27.1  27.3  30.0  31.8  46.0  55.3  78.5  78.4  34.5  25.6  23.1  22.8  23.1  23.0  22.9  22.8  23.2  22.9  23.0  22.6  23.1  22.9  23.3  22.9  23.7  23.6  23.5  23.4  24.1  24.0 
 25.5  25.6  26.7  27.2  28.8  30.3  38.8  45.2  61.1  58.6  28.0  24.5  23.1  23.0  23.1  23.3  22.9  22.8  23.0  23.3  22.9  22.8  23.1  23.4  22.8  23.0  23.4  23.4  23.3  23.3  24.1  24.2 
 25.6  25.6  27.0  26.9  27.2  27.3  29.7  31.1  32.6  30.3  24.7  23.8  23.2  23.1  23.3  23.2  23.3  22.8  23.2  23.0  23.0  22.7  23.4  23.2  23.1  22.9  23.5  23.7  23.8  23.2  24.1  24.4 
 25.5  25.7  26.2  26.6  26.5  26.7  28.1  28.3  28.1  27.4  24.3  23.8  23.1  23.0  23.3  23.2  23.0  23.0  23.5  23.2  22.8  22.9  23.3  23.5  23.2  23.1  23.3  23.8  23.6  23.6  24.3  24.4 
 25.7  25.5  26.1  25.8  26.1  26.1  26.4  26.1  25.9  25.0  24.2  23.7  23.3  23.0  23.3  23.3  23.3  23.0  23.2  23.2  23.2  22.9  23.5  23.4  23.4  22.9  23.8  23.8  23.6  24.0  25.1  25.5 
 25.5  25.5  26.1  26.0  25.6  25.4  25.9  25.7  25.3  24.9  23.9  23.9  23.2  23.1  23.3  23.6  23.0  23.1  23.3  23.4  23.0  23.1  23.3  23.7  23.0  23.3  23.5  24.1  24.0  24.5  25.3  26.3 
 26.5  26.0  26.0  25.9  25.5  25.0  25.5  25.2  24.7  24.2  24.2  24.0  23.6  23.2  23.6  23.6  23.4  22.9  23.6  23.4  23.4  23.0  23.9  23.8  23.7  23.3  24.8  25.0  25.6  25.0  27.1  28.0 
 27.1  26.6  25.6  25.9  25.2  25.3  25.3  25.1  24.4  24.1  23.8  23.9  23.3  23.4  23.5  23.6  23.2  23.1  23.5  23.5  23.4  23.3  23.7  23.8  23.9  24.2  25.2  25.6  25.2  25.6  27.4  27.1 
