 24.7  23.5  23.8  24.0  23.6  23.3  23.2  23.3  23.1  22.8  23.2  23.2  22.9  22.7  23.0  23.1  23.0  22.6  23.0  23.1  22.8  22.8  23.2  23.2  23.1  22.9  23.4  23.4  23.6  23.8  24.9  25.8 
 24.2  23.3  23.9  24.1  23.3  23.1  23.4  23.3  23.0  23.1  23.3  23.3  22.8  23.1  23.0  23.0  22.7  22.7  23.1  22.9  22.8  22.9  23.2  23.0  23.1  23.1  23.4  23.5  23.0  23.5  24.9  24.8 
 23.6  23.1  23.7  23.7  23.3  22.9  23.2  23.4  23.0  23.0  23.1  23.1  23.0  22.9  23.0  23.2  22.7  22.7  22.9  23.1  22.9  22.7  23.0  23.1  23.2  22.9  23.4  23.5  23.6  23.4  23.8  24.2 
 23.3  23.5  23.7  23.5  22.9  22.6  23.4  23.3  22.9  22.9  23.4  23.2  22.8  22.5  23.0  23.1  22.7  22.7  23.0  23.1  22.8  22.9  23.2  23.1  22.8  23.0  23.4  23.4  23.3  24.1  24.1  24.2 
 23.5  23.5  23.6  23.4  23.1  22.8  22.9  23.2  23.6  23.8  24.3  23.6  22.8  22.7  22.9  23.0  22.6  22.7  22.9  22.9  22.8  22.8  22.9  23.1  22.9  22.9  23.4  23.5  23.4  23.7  24.0  24.2 
 23.0  23.1  23.6  23.3  22.8  22.9  23.3  23.2  23.7  24.5  26.1  24.3  22.8  22.8  22.8  23.0  22.7  22.7  23.0  22.9  22.7  22.7  23.1  23.1  23.3  22.9  23.2  23.1  23.3  23.3  23.6  23.6 
 23.3  23.1  23.4  23.5  23.0  22.9  23.2  23.3  23.9  24.9  27.7  25.1  22.9  22.8  22.9  22.9  22.7  22.7  22.8  22.8  22.7  22.7  23.1  23.1  22.9  22.9  23.0  23.1  23.3  22.9  23.3  23.6 
 23.6  23.2  23.3  23.1  23.0  22.8  23.3  23.1  23.3  23.6  24.5  23.6  22.8  22.7  22.9  22.9  22.8  22.6  23.0  22.8  22.8  22.7  23.1  23.0  22.8  22.7  23.2  23.2  23.0  23.0  23.3  23.0 
 23.7  23.2  23.4  23.5  22.8  22.9  23.0  23.1  23.0  22.7  23.1  23.2  22.8  22.8  23.0  23.1  22.9  22.8  22.9  22.9  22.7  22.8  23.0  23.1  22.9  22.8  23.2  23.2  23.3  22.8  23.0  23.4 
 23.4  23.2  23.7  23.7  23.5  23.2  23.2  23.1  22.8  22.9  23.0  23.0  22.8  22.7  23.0  22.8  22.6  22.7  23.0  23.0  22.7  22.8  23.1  23.1  22.9  22.9  23.2  23.1  22.9  23.0  23.8  23.4 
 24.4  24.4  24.6  25.0  24.7  24.6  23.8  23.6  23.1  23.1  23.1  23.2  22.8  22.7  22.9  22.9  23.0  22.7  22.9  22.9  22.8  22.6  22.9  22.9  22.7  22.8  23.0  23.2  23.0  23.1  23.3  23.6 
 24.4  24.5  25.3  25.4  25.6  25.8  25.3  24.4  23.4  23.3  23.2  23.2  22.8  22.8  23.0  23.1  22.8  22.7  23.0  22.9  22.9  22.7  23.1 nan  22.8  22.8  23.0  23.2  23.0  23.0  23.6  23.1 
 25.4  25.3  26.4  27.3  28.5  29.8  38.1  42.1  39.8  33.9  23.6  23.2  23.0  22.8  23.1  23.0  22.9  22.9  23.0  22.9  22.9  22.7  22.9  23.1  23.1  22.7  23.2  23.4  23.4  23.1  23.5  23.4 
 25.7  25.8  27.1  27.6  30.0  32.6  47.9  54.4  58.8  51.8  25.0  23.6  22.9  22.8  23.1  22.8  22.8  22.9  23.1  23.1  22.9  22.7  23.0  23.0  22.8  22.7  24.2  24.3  23.6  23.3  23.9  23.4 
 26.0  26.2  27.9  28.7  32.5  36.7  57.7  66.8  77.8  73.4  30.9  25.0  23.1  23.0  22.9  23.0  23.0  22.9  22.9  23.1  22.9  22.6  23.0  22.9  22.9  22.9  25.7  25.7  23.7  23.2  23.5  23.8 
 26.0  26.2  27.8  28.5  32.8  37.0  57.4  68.9  87.3  82.2  30.7  24.8  23.0  22.9  23.1  23.0  23.0  22.8  23.1  23.0  22.7  22.9  22.9  23.2  22.8  22.7  24.4  24.6  23.3  23.3  23.6  23.7 
 26.1  26.1  27.5  28.2  30.3  31.9  45.6  55.8  67.9  57.3  25.5  23.9  23.1  23.0  23.1  23.2  23.1  22.9  23.0  23.2  23.1  22.7  23.1  23.0  23.0  22.9  23.4  23.5  23.7  23.3  23.7  24.1 
 25.7  26.1  27.4  27.2  28.7  29.8  38.0  42.9  46.4  39.4  24.2  23.6  23.0  23.1  23.3  23.1  23.1  22.8  23.3  23.2  22.9  22.9  23.0  22.9  22.9  22.7  23.3  23.0  23.3  23.5  24.0  24.0 
 26.2  26.1  26.7  26.8  27.3  27.3  29.0  29.6  28.3  26.4  23.9  23.8  23.2  23.1  23.2  23.3  23.1  22.9  23.0  23.4  23.3  22.9  23.2  23.3  23.1  23.0  23.5  23.3  23.6  23.4  23.7  24.2 
 25.7  26.2  26.4  26.8  26.7  26.7  27.7  27.5  26.3  25.4  23.9  23.6  23.2  23.3  23.5  23.2  22.9  23.0  23.3  23.2  23.0  23.0  23.4  23.3  22.9  23.1  23.7  23.5  23.2  23.5  24.3  24.3 
 26.0  25.7  26.4  26.5  25.9  25.8  26.1  26.1  25.1  24.4  23.7  23.9  23.4  23.1  23.2  23.4  23.1  23.0  23.2  23.2  23.1  23.2  23.4  23.5  23.4  23.2  23.4  23.7  23.7  23.7  24.2  24.7 
 25.9  25.8  26.2  26.0  25.8  25.7  25.9  25.7  24.8  24.4  24.0  24.0  23.3  23.2  23.6  23.5  23.0  23.2  23.4  23.2  23.1  23.2  23.4  23.4  23.4  23.2  23.8  23.8  23.8  23.6  25.2  25.6 
 27.0  26.2  25.8  26.1  25.5  25.2  25.3  25.0  24.5  24.1  24.0  24.0  23.6  23.2  23.3  23.5  23.5  23.1  23.5  23.5  23.3  23.2  23.6  23.9  23.5  23.4  24.2  24.8  24.4  24.1  26.1  27.7 
 27.1  26.6  26.2  26.0  25.4  25.3  25.3  24.9  24.4  24.0  24.1  23.9  23.5  23.6  23.8  23.5  23.3  23.2  23.5  23.5  23.3  23.4  23.7  23.9  23.1  23.6  24.9  24.9  25.2  24.8  27.6  27.7 
