 22.4  21.8  22.0  21.7  21.7  21.4  21.6  21.4  21.6  21.3  21.5  21.7  21.8  21.3  21.6  21.7  21.6  21.3  21.5  21.6  21.4  21.5  21.8  22.0  21.8  21.6  22.0  22.2  22.1  22.1  23.2  24.2 
 22.1  21.6  22.0  22.2  21.4  21.3  21.6  21.7  21.5  21.2  21.7  21.8  21.4  21.4  21.6  21.7  21.1  21.4  21.7  21.6  21.6  21.5  21.9  21.8  21.4  22.0  22.0  22.1  21.8  22.2  23.0  22.8 
 21.9  22.1  22.3  21.7  21.8  21.3  21.4  21.5  21.8  21.4  21.5  21.7  21.5  21.3  21.4  21.6  21.5  21.4  21.6  21.6  21.4  21.2  21.6  21.9  21.8  21.6  22.0  22.1  22.4  21.8  22.5  22.7 
 21.8  21.5  21.7  21.8  21.4  21.2  21.4  21.6  21.5  21.4  21.8  21.6  21.3  21.3  21.2  21.7  21.4  21.1  21.5  21.5  21.5  21.4  21.4  21.7  21.6  21.6  22.0  21.9  21.9  21.9  22.6  22.3 
 21.8  21.6  21.7  21.8  21.6  21.4  21.5  21.7  21.3  21.5  21.5  21.5  21.4  21.3  21.6  21.6  21.5  21.3  21.5  21.5  21.5  21.4  21.6  21.8  21.6  21.5  22.0  21.9  21.9  21.7  22.3  22.3 
 21.6  21.5  21.7  21.5  21.3  21.5  21.5  21.8  21.5  21.5  21.4  21.7  21.3  21.4  21.5  21.6  21.4  21.4  21.6  21.6  21.5  21.4  21.7  21.5  21.7  21.5  21.6  21.7  21.7  22.2  22.0  22.2 
 21.6  21.6  21.5  21.7  21.5  21.3  21.5  21.7  21.5  21.4  21.4  21.6  21.4  21.4  21.5  21.5  21.4  21.3  21.5  21.6  21.4  21.4  21.6  21.7  21.4  21.3  21.7  21.9  21.9  21.8  22.2  22.2 
 21.7  21.4  21.5  21.5  21.5  21.4  21.5  21.6  21.6  21.3  21.5  21.3  21.4  21.2  21.5  21.5  21.3  21.4  21.5  21.6  21.5  21.2  21.6  21.5  21.5  21.3  21.9  22.0  21.7  21.5  22.1  21.4 
 21.7  21.5  21.7  21.6  21.4  21.3  21.7  21.7  21.6  21.4  21.6  21.4  21.4  21.3  21.5  21.6  21.4  21.3  21.5  21.4  21.3  21.3  21.5  21.7  21.7  21.5  21.6  22.0  21.8  21.7  22.1  21.9 
 21.7  21.6  21.7  21.6  21.4  21.4  21.6  21.7  21.5  21.3  21.5  21.4  21.5  21.3  21.4  21.5  21.3  21.5  21.5  21.5  21.3  21.3  21.5  21.7  21.6  21.7  21.8  22.2  21.9  21.6  22.2  22.4 
 21.6  21.4  21.5  21.7  21.3  21.2  21.7  21.9  21.5  21.4  21.5  21.6  21.4  21.4  21.5  21.6  21.4  21.3  21.5  21.5  21.4  21.3  21.6  21.7  21.6  21.5  21.9  22.2  21.7  21.9  22.2  22.5 
 20.9  21.4  21.3  21.4  21.3  21.3  21.5  21.6  21.4  21.5  21.6  21.5  21.4  21.4  21.5  21.5  21.4  21.3  21.6  21.5  21.5  21.5  21.8 nan  21.6  21.5  21.8  22.1  21.8  21.7  21.9  22.4 
 21.9  21.3  21.6  21.7  21.6  21.5  21.7  21.7  21.4  21.5  21.6  21.6  21.4  21.4  21.7  21.6  21.3  21.3  21.6  21.5  21.5  21.5  21.5  21.8  21.8  21.7  21.9  22.2  21.8  21.6  21.9  22.3 
 21.6  21.6  21.7  22.0  21.6  21.5  21.9  21.8  21.4  21.5  21.6  21.6  21.5  21.5  21.7  21.6  21.4  21.4  21.6  21.6  21.3  21.3  21.7  21.8  21.7  21.6  21.9  21.8  22.0  21.8  22.1  22.3 
 22.0  21.7  21.6  22.0  21.8  21.5  21.7  22.0  21.7  21.6  21.8  21.6  21.7  21.6  21.6  21.7  21.6  21.3  21.7  21.7  21.6  21.6  21.7  22.1  21.6  21.8  21.9  22.0  22.1  21.8  22.2  22.4 
 21.8  21.8  21.8  21.8  21.7  21.5  21.8  21.9  21.5  21.7  21.8  21.7  21.7  21.7  21.7  21.7  21.6  21.5  21.7  21.7  21.5  21.6  21.7  21.8  21.8  21.5  22.0  21.9  22.1  22.0  22.3  22.4 
 21.9  21.9  22.2  21.9  22.0  21.4  21.6  21.8  21.8  21.5  21.7  21.6  21.7  21.5  21.6  21.5  21.5  21.5  21.8  21.9  22.0  21.5  21.9  21.9  21.9  21.7  22.3  22.3  22.2  22.1  22.5  22.9 
 22.0  21.6  21.9  22.1  21.6  21.6  21.8  21.9  21.7  21.7  21.7  21.7  21.6  21.7  21.8  21.7  21.6  21.6  22.0  21.9  21.6  21.8  21.9  21.9  22.1  21.8  22.2  22.2  22.2  22.3  22.8  22.6 
 22.3  22.0  22.0  22.0  22.1  21.7  21.9  21.9  22.0  21.6  21.8  21.8  21.9  21.5  21.8  21.9  21.7  21.6  21.8  22.0  21.9  21.6  21.9  22.2  21.9  21.7  22.2  22.4  22.3  22.1  22.0  23.0 
 22.3  22.3  22.0  22.1  21.7  21.8  22.1  21.9  21.6  21.8  22.0  21.9  21.7  21.8  21.8  21.5  21.6  21.8  21.7  21.8  21.6  21.6  21.9  22.0  21.9  21.8  22.2  22.2  22.3  22.3  22.8  23.2 
 22.5  21.7  22.5  22.3  21.8  21.9  22.1  22.2  22.1  21.7  21.8  21.8  21.7  21.7  21.7  21.8  21.7  21.7  22.0  22.0  21.9  21.6  22.0  22.1  21.9  21.7  22.3  22.5  21.8  22.0  22.8  23.1 
 22.3  22.1  22.6  22.4  21.8  21.8  22.0  22.2  21.7  21.9  21.9  22.1  21.7  21.7  21.8  22.0  21.8  21.7  22.0  21.9  21.9  21.6  22.2  22.1  21.9  22.0  22.5  22.5  22.2  22.2  23.0  23.6 
 23.5  22.4  22.6  22.3  22.1  21.7  22.3  22.1  22.1  21.8  22.1  22.3  22.0  21.7  21.9  22.0  21.8  21.7  22.0  22.1  21.9  21.7  22.2  22.3  22.1  21.9  22.4  22.7  22.5  22.2  24.1  25.2 
 23.0  22.8  22.7  22.6  22.1  22.3  22.1  22.2  22.1  22.0  21.9  22.1  21.8  21.8  22.3  22.2  21.7  21.9  22.0  22.1  22.1  21.8  22.1  22.2  22.0  22.0  22.4  22.8  22.6  23.1  24.7  24.6 
