 23.6  23.1  23.2  23.4  23.1  22.8  22.9  22.8  22.6  22.5  22.8  22.9  22.7  22.3  22.6  22.8  22.6  22.4  22.9  22.7  22.7  22.5  22.9  23.0  22.8  22.7  23.7  23.9  23.6  23.4  24.3  25.1 
 23.5  23.3  23.5  23.4  23.1  22.7  22.9  23.0  22.7  22.7  22.7  22.8  22.5  22.5  22.7  22.5  22.4  22.4  22.9  23.0  22.5  22.5  22.8  23.0  22.9  23.0  23.5  24.4  23.5  23.7  23.9  24.7 
 23.2  23.0  23.3  23.4  22.8  22.4  22.9  23.0  23.0  22.5  22.7  22.8  22.6  22.4  22.7  22.7  22.4  22.4  22.7  22.8  22.8  22.4  23.0  22.7  22.9  22.9  23.1  23.3  23.1  23.0  23.6  23.9 
 23.3  23.1  23.4  23.3  22.7  22.4  23.2  23.0  22.9  22.9  23.1  22.9  22.4  22.6  22.8  22.7  22.4  22.3  22.7  22.8  22.6  22.5  22.6  22.9  22.7  22.7  23.1  23.4  22.8  23.1  23.3  23.7 
 23.3  22.9  23.4  23.2  22.9  22.8  23.3  23.1  23.2  23.3  22.9  22.9  22.6  22.5  22.7  22.6  22.5  22.5  22.6  22.7  22.6  22.5  22.6  22.7  22.9  22.6  23.3  23.0  23.2  22.9  23.1  23.6 
 22.8  22.9  23.4  23.2  22.8  22.8  23.3  23.3  23.7  24.0  23.2  23.0  22.6  22.7  22.7  22.7  22.5  22.5  22.7  22.6  22.5  22.4  22.8  22.8  22.7  22.8  22.9  23.0  22.8  23.0  23.0  23.2 
 23.1  23.1  23.4  23.3  23.1  22.6  23.2  23.5  25.5  26.5  24.3  23.4  22.7  22.6  22.5  22.7  22.6  22.4  22.6  22.8  22.6  22.4  22.8  22.9  22.8  22.4  23.2  22.8  23.0  22.8  23.3  23.4 
 23.0  23.1  23.0  23.2  22.8  22.9  23.3  23.5  25.8  27.4  24.8  23.4  22.6  22.6  22.6  22.7  22.5  22.6  22.7  22.6  22.5  22.7  22.9  22.7  22.8  22.6  22.8  23.0  22.9  22.9  23.0  22.7 
 23.7  23.0  23.4  23.1  22.9  22.8  23.1  23.2  23.4  23.5  23.3  22.8  22.5  22.5  22.7  22.5  22.7  22.6  22.7  22.6  22.7  22.7  22.8  22.9  23.0  22.7  23.0  23.1  23.3  23.0  23.3  23.4 
 23.4  23.5  23.5  23.3  23.1  22.9  23.1  23.0  22.9  23.1  23.0  22.9  22.5  22.6  22.7  22.8  22.5  22.6  22.6  22.8  22.6  22.5  22.8  22.8  22.7  22.8  22.9  23.2  22.8  23.1  23.5  23.3 
 24.1  23.5  23.9  24.2  24.0  23.6  23.3  23.3  22.9  22.9  22.7  22.9  22.8  22.6  22.8  22.8  22.5  22.6  22.8  22.8  22.8  22.6  22.7  22.7  22.7  22.6  23.5  23.6  23.7  23.3  23.5  23.4 
 24.0  23.9  24.4  24.5  24.5  24.6  24.2  23.6  23.1  23.1  22.8  22.9  22.5  22.6  22.5  22.8  22.6  22.6  22.9  22.9  22.7  22.6  22.8 nan  22.5  22.6  24.2  25.1  23.9  22.9  23.4  23.4 
 24.5  24.3  25.5  26.0  27.3  27.5  32.9  35.3  33.3  29.5  23.4  23.2  22.8  22.7  22.9  22.9  22.6  22.5  22.9  22.7  22.7  22.4  22.9  22.8  22.8  22.7  24.2  24.8  23.6  23.1  23.3  23.4 
 24.3  24.9  26.0  26.7  28.5  30.3  41.8  49.3  53.8  47.6  24.8  23.4  22.9  22.7  22.8  22.7  22.6  22.5  22.8  22.8  22.6  22.6  22.9  22.9  22.8  22.6  23.3  23.7  23.3  23.2  23.5  23.7 
 25.2  25.5  26.7  27.3  30.9  34.0  55.1  63.3  75.0  71.6  34.8  25.8  22.8  22.8  22.8  22.8  22.8  22.7  22.8  22.9  22.8  22.6  23.0  22.6  22.8  22.5  23.1  23.1  23.0  23.0  23.6  23.8 
 25.5  25.4  26.8  27.7  30.7  34.3  53.6  63.0  79.0  79.6  37.3  26.0  22.8  22.7  22.7  22.8  22.6  22.5  22.7  22.9  22.7  22.6  22.8  23.0  22.6  22.6  23.0  23.2  23.0  23.3  23.4  23.4 
 25.4  25.6  26.7  26.9  30.0  31.7  44.4  53.5  73.6  70.3  30.2  24.4  23.0  22.7  22.5  22.6  22.9  22.7  22.9  22.8  22.9  22.7  22.8  22.9  23.0  22.5  23.2  23.2  23.2  22.9  23.5  23.9 
 25.4  25.3  26.4  26.8  28.7  29.8  37.1  42.3  54.2  49.9  25.9  24.0  22.9  22.8  22.8  22.8  22.6  22.5  22.9  22.9  22.8  22.6  22.8  23.2  22.8  22.9  23.1  23.3  23.0  23.0  23.5  23.7 
 25.3  25.5  26.7  26.9  26.9  27.0  28.9  29.7  29.8  28.0  23.9  23.5  22.8  22.7  22.9  23.0  22.8  22.7  23.0  22.8  22.9  22.5  22.9  23.1  23.0  22.8  23.3  23.4  23.4  23.0  23.5  23.9 
 25.3  25.8  26.2  26.4  26.4  26.4  27.4  27.6  27.0  26.2  23.6  23.4  22.9  22.9  23.0  23.1  22.7  22.6  23.0  22.8  22.7  22.6  23.0  23.0  22.9  22.8  23.2  23.3  23.0  23.3  23.9  24.2 
 25.3  25.3  25.8  25.8  25.7  25.7  26.0  25.7  25.4  24.7  23.7  23.5  23.2  23.1  23.2  22.9  23.0  22.6  23.0  23.3  22.8  22.6  23.1  23.2  23.1  23.1  23.3  23.4  24.0  24.0  24.8  25.5 
 25.2  25.2  25.7  25.8  25.6  25.1  25.6  25.3  24.6  24.5  23.5  23.6  22.8  22.9  23.0  23.1  22.7  22.8  23.2  23.2  22.9  22.9  23.1  23.3  22.8  23.0  23.5  23.9  24.6  24.8  25.8  26.1 
 26.4  25.7  25.4  25.2  24.7  24.5  25.3  24.8  24.5  23.9  23.7  23.6  23.4  23.0  23.1  23.3  23.2  22.7  23.2  23.1  23.0  22.9  23.4  23.6  23.5  23.5  25.2  25.5  26.0  25.9  26.4  27.1 
 26.4  26.0  25.2  25.4  24.6  24.5  24.9  24.8  24.0  23.7  23.7  23.7  23.2  23.1  23.3  23.4  23.0  22.8  23.1  23.3  23.1  23.2  23.7  23.9  24.1  24.8  26.5  26.9  26.4  26.2  27.1  27.5 
