 23.4  23.5  23.2  23.4  23.0  23.1  22.6  22.8  22.7  22.6  22.8  23.0  22.7  22.5  22.5  22.7  22.5  22.4  22.9  22.4  22.4  22.5  22.9  22.9  22.8  22.9  23.5  23.7  23.4  23.6  24.3  24.8 
 23.4  23.3  23.2  23.4  23.1  22.7  22.8  22.8  22.9  22.3  23.0  22.8  22.8  22.5  22.7  22.5  22.6  22.3  22.5  22.9  22.6  22.3  22.8  22.9  22.9  22.8  23.4  24.3  23.9  23.5  23.7  24.1 
 23.2  23.0  23.3  23.2  22.8  22.7  22.9  22.6  22.9  22.8  22.7  22.6  22.5  22.3  22.6  22.5  22.5  22.5  22.7  22.6  22.6  22.5  22.9  22.7  22.8  22.8  23.4  23.2  23.1  23.2  23.6  23.7 
 23.3  23.1  23.5  23.2  22.8  22.4  22.8  23.0  22.9  22.7  22.9  22.8  22.6  22.3  22.5  22.7  22.5  22.3  22.6  22.7  22.5  22.4  22.8  22.8  22.7  22.7  23.0  23.2  23.2  22.9  23.5  23.4 
 22.9  23.4  23.1  23.1  22.7  22.9  23.0  23.1  23.4  23.3  23.0  22.9  22.5  22.6  22.5  22.5  22.5  22.5  22.6  22.5  22.5  22.4  22.7  22.7  22.6  22.7  23.0  23.2  22.8  22.9  23.3  23.1 
 23.3  22.9  23.1  23.1  22.7  22.7  22.9  23.3  23.7  23.9  23.1  22.9  22.7  22.5  22.5  22.8  22.7  22.2  22.6  22.6  22.5  22.4  22.7  22.8  23.1  22.4  22.8  23.2  23.1  22.8  23.4  23.0 
 23.1  23.0  23.1  22.9  22.6  22.7  23.3  23.2  25.3  26.9  24.2  23.1  22.6  22.8  22.6  22.7  22.5  22.6  22.6  22.5  22.4  22.7  22.7  22.8  22.6  22.6  22.9  23.0  22.9  23.1  23.3  22.7 
 23.4  22.9  23.0  23.1  23.0  22.5  23.3  23.5  25.9  27.4  24.6  23.2  22.8  22.3  22.5  22.7  22.7  22.4  22.6  22.7  22.6  22.7  22.7  22.9  22.8  22.6  22.8  23.0  23.2  22.9  23.0  22.1 
 23.7  23.2  23.3  23.2  22.7  22.9  23.0  23.0  23.2  23.4  23.2  22.7  22.6  22.6  22.6  22.7  22.4  22.5  22.7  22.6  22.5  22.7  22.7  22.6  22.8  22.8  23.0  22.8  22.9  23.2  23.1  23.1 
 23.7  23.5  23.4  23.4  23.2  22.7  22.9  23.0  23.0  22.9  22.7  22.9  22.6  22.4  22.7  22.6  22.5  22.6  22.8  22.6  22.6  22.3  22.6  22.8  22.7  22.7  22.9  23.1  23.0  23.1  23.5  23.5 
 24.1  24.0  24.0  24.1  23.7  23.5  23.3  23.1  22.9  23.0  22.7  22.7  22.7  22.6  22.8  22.8  22.6  22.5  22.7  22.6  22.5  22.5  22.7  22.8  22.6  22.6  23.4  23.5  23.6  23.3  23.2  23.4 
 24.2  23.7  24.1  24.5  24.6  24.6  24.0  23.7  23.2  22.7  22.9  22.9  22.9  22.4  22.6  22.7  22.7  22.6  22.6  22.5  22.6  22.5  22.7 nan  22.8  22.6  24.3  25.2  23.9  22.9  23.3  23.4 
 24.5  24.6  25.4  25.7  26.9  27.7  32.9  35.1  33.2  29.4  23.2  23.0  22.6  22.8  22.8  22.6  22.7  22.8  22.7  22.7  22.5  22.6  22.7  22.6  22.6  22.7  24.1  24.7  23.7  23.2  23.3  23.4 
 24.8  24.6  25.7  26.4  28.4  30.1  41.8  49.0  53.8  47.4  24.8  23.4  22.8  22.7  22.7  22.8  22.8  22.5  22.7  22.9  22.7  22.5  22.8  22.8  22.7  22.4  23.2  23.5  23.6  23.0  23.2  23.3 
 24.9  25.5  26.7  27.4  30.7  33.9  55.0  63.5  74.9  71.6  34.8  25.7  22.8  22.6  22.7  22.7  22.7  22.7  22.7  22.7  22.7  22.6  22.7  22.8  22.7  22.7  23.0  22.9  23.0  23.1  23.4  23.5 
 25.3  25.3  26.7  27.6  31.0  34.1  53.6  62.9  78.9  79.5  37.2  26.1  23.1  22.6  22.8  22.9  22.6  22.5  22.8  22.8  22.7  22.6  22.8  22.8  22.8  22.5  22.9  23.1  23.1  22.7  23.4  23.6 
 25.4  25.6  26.4  27.0  29.7  31.8  44.5  53.5  73.4  70.4  30.0  24.4  22.9  22.8  22.7  22.5  22.7  22.6  22.8  22.7  22.8  22.6  22.9  22.8  22.8  22.8  23.0  23.1  22.9  23.1  23.5  23.4 
 25.5  25.1  26.3  26.8  28.7  29.7  37.0  42.3  54.4  49.8  25.8  23.8  22.8  22.7  22.8  22.8  22.6  22.5  22.8  22.8  22.7  22.7  22.8  22.9  22.9  22.7  23.2  23.1  23.2  23.1  23.5  23.9 
 25.2  25.3  26.5  26.6  26.8  27.3  28.6  29.5  29.7  28.0  24.0  23.1  22.8  22.9  22.9  22.9  22.7  22.8  22.8  23.0  22.8  22.4  22.9  23.0  22.7  23.1  23.4  23.3  23.1  23.2  23.5  23.6 
 25.5  25.5  26.2  26.0  26.4  26.1  27.3  27.6  27.1  26.0  23.5  23.3  22.9  22.8  22.9  22.8  22.8  22.6  23.0  22.8  22.7  22.7  22.9  23.1  22.9  22.6  23.2  23.3  23.2  23.0  23.7  24.2 
 25.5  25.5  25.6  25.8  25.7  25.8  26.0  25.6  25.3  24.8  23.6  23.2  22.9  22.8  22.9  22.8  22.8  22.8  22.9  22.9  22.7  22.7  23.1  22.9  22.9  22.9  23.2  23.4  23.7  24.3  24.6  25.2 
 25.4  25.1  25.9  25.5  25.7  25.3  25.4  25.4  25.0  24.2  23.7  23.5  23.0  22.7  22.8  23.1  23.0  22.8  22.8  23.1  22.9  22.8  23.0  23.1  23.0  22.9  23.3  23.9  24.4  25.0  25.6  26.1 
 26.1  25.5  25.4  25.5  24.9  25.0  25.1  24.8  24.2  24.1  23.6  23.7  23.1  22.9  23.1  23.0  23.0  22.9  23.1  23.0  23.2  23.1  23.3  23.3  23.4  23.7  25.1  25.7  26.0  26.0  26.8  26.7 
 26.7  25.7  25.1  25.6  25.1  24.3  24.7  24.5  23.8  23.7  23.7  23.6  23.5  23.1  23.4  23.1  23.2  23.1  23.0  23.2  23.2  23.1  23.5  23.8  24.3  24.3  26.3  26.5  26.6  25.7  26.2  26.5 
