 24.5  23.5  23.4  23.6  23.5  23.3  23.2  23.0  23.1  22.8  23.2  23.2  22.9  22.8  22.8  23.0  22.7  22.8  23.0  23.1  22.9  22.7  23.1  23.4  23.1  22.7  23.1  23.4  23.4  23.8  24.4  25.8 
 23.6  23.7  23.6  23.7  23.6  23.2  23.0  23.3  22.9  22.9  23.3  23.2  22.8  22.8  23.1  23.1  22.7  22.8  23.1  23.0  23.0  22.7  22.9  23.2  22.9  23.1  23.5  23.5  23.2  23.5  24.2  24.7 
 23.8  23.2  23.7  23.5  23.1  23.0  23.3  23.1  23.1  23.0  23.2  23.2  23.0  22.6  23.0  23.1  22.8  22.8  22.8  22.7  22.8  22.8  22.9  23.0  23.3  22.9  23.3  23.3  23.3  23.3  23.6  24.1 
 23.7  23.3  23.5  23.5  23.0  23.0  23.0  23.1  23.3  23.0  23.4  23.2  22.7  22.7  22.9  22.8  22.7  22.7  23.0  22.7  22.8  22.8  23.2  23.1  22.8  22.7  23.6  23.4  23.5  24.1  23.9  24.2 
 23.5  23.1  23.4  23.4  23.1  23.0  23.0  23.2  23.5  23.8  24.2  23.5  22.8  22.8  22.6  22.9  22.9  22.6  22.9  22.9  23.0  22.7  22.8  23.1  22.9  22.8  23.6  23.5  23.5  23.9  23.8  24.0 
 23.1  23.3  23.3  23.3  22.9  23.1  23.3  23.2  23.6  24.6  25.9  24.1  22.8  22.7  23.0  22.8  22.7  22.8  22.9  22.8  22.8  22.7  23.0  22.8  22.9  22.9  23.0  23.2  23.0  23.5  23.7  23.4 
 23.5  23.3  23.3  23.2  22.9  22.8  23.2  23.2  24.0  25.2  27.8  25.1  23.1  22.8  22.9  22.9  22.8  22.7  22.8  22.9  22.9  22.7  23.0  23.0  23.1  22.7  22.9  23.4  22.9  23.1  23.3  23.3 
 23.2  23.3  23.3  23.2  23.1  23.1  23.1  23.1  23.2  23.5  24.3  23.6  22.9  22.7  22.9  22.9  22.8  22.8  22.9  22.8  22.9  22.7  23.0  23.0  22.7  22.8  23.3  23.0  23.0  22.9  23.2  22.8 
 23.7  23.3  23.4  23.6  23.2  23.0  23.1  23.1  22.9  22.7  23.1  23.0  23.0  22.7  22.9  22.8  22.9  22.6  22.9  22.8  22.8  22.8  23.0  23.0  23.0  22.9  23.0  23.2  23.0  23.0  23.2  23.3 
 23.7  23.5  23.7  23.7  23.1  23.0  23.0  23.0  22.8  22.9  23.0  23.0  22.8  22.7  22.9  22.9  22.8  22.7  22.9  22.8  22.8  22.7  22.9  22.9  23.0  22.7  23.0  23.0  23.1  22.9  23.6  23.5 
 24.4  24.3  24.7  25.0  24.7  24.3  23.7  23.4  23.0  23.0  23.0  23.1  23.0  22.7  22.9  23.0  22.8  22.7  22.8  22.9  22.9  22.6  22.8  23.0  22.9  22.8  22.9  22.9  23.3  22.9  23.5  23.4 
 24.3  24.6  25.2  25.3  25.5  25.7  25.1  24.5  23.4  23.0  23.1  23.0  22.8  22.9  22.8  23.1  22.8  22.8  22.9  23.0  22.9  22.7  23.0 nan  22.7  22.8  22.7  23.1  23.0  22.8  23.3  23.5 
 25.4  25.3  26.3  26.9  28.6  29.8  38.0  41.9  39.8  33.9  23.7  23.4  23.0  22.8  22.9  22.9  23.0  22.8  22.9  22.9  22.8  22.8  22.9  22.9  22.8  22.8  23.3  23.4  23.3  23.1  23.7  23.5 
 25.7  25.8  27.0  27.8  30.0  32.6  47.7  54.4  58.8  51.9  24.9  23.5  23.0  22.9  23.1  22.9  22.8  22.7  23.1  22.9  22.8  22.7  22.8  22.9  22.8  22.9  24.0  24.3  23.6  23.1  23.4  23.5 
 25.9  26.2  28.0  28.5  32.8  36.7  57.6  66.7  77.9  73.5  30.6  24.9  23.1  23.0  23.0  22.9  22.9  22.9  22.9  23.0  22.8  22.8  23.0  23.0  23.0  23.0  25.5  25.5  23.8  23.2  23.6  23.6 
 26.1  25.9  27.7  28.7  32.8  36.8  57.4  69.1  87.3  82.4  30.5  24.8  23.0  22.8  22.9  23.0  22.8  22.9  23.1  22.9  22.8  22.8  23.1  23.1  22.9  22.8  24.3  24.6  23.3  23.4  23.6  23.5 
 26.0  26.1  27.4  28.0  30.2  31.8  45.5  55.7  67.9  57.3  25.5  23.7  23.3  22.8  23.1  22.9  23.0  22.8  23.0  23.1  23.3  22.7  22.9  23.1  23.0  22.8  23.2  23.4  23.4  23.4  23.7  23.7 
 25.9  26.1  27.0  27.6  28.5  29.7  37.7  42.8  46.4  39.3  24.2  23.6  23.2  23.0  23.1  23.1  23.0  22.8  23.2  23.1  22.9  23.0  23.1  23.2  22.8  22.8  23.0  23.1  23.3  23.3  23.9  24.1 
 26.2  26.0  26.7  26.9  27.3  27.5  28.8  29.6  28.2  26.2  24.0  23.6  23.2  23.2  23.1  23.2  23.1  23.0  23.2  23.3  23.3  22.8  23.2  23.2  23.1  23.0  23.2  23.5  23.4  23.2  23.3  24.3 
 25.7  26.1  26.4  26.7  26.6  26.8  27.5  27.6  26.4  25.4  23.7  23.5  23.2  23.1  23.5  23.4  22.9  23.0  23.2  23.2  22.8  23.0  23.2  23.3  23.0  22.9  23.4  23.5  23.1  23.4  23.7  24.3 
 25.7  25.9  26.1  26.3  26.3  25.9  26.1  26.1  25.0  24.3  23.8  23.7  23.3  23.0  23.3  23.3  23.1  23.3  23.2  23.2  23.1  23.0  23.3  23.2  23.3  23.1  23.5  23.6  23.7  23.7  24.2  25.0 
 25.8  25.8  26.4  26.0  25.9  25.7  25.8  25.7  24.9  24.2  23.9  23.8  23.3  23.1  23.3  23.5  23.2  23.0  23.3  23.2  23.2  23.1  23.4  23.4  23.1  23.2  23.7  23.9  23.8  23.6  24.9  25.9 
 27.0  26.4  25.8  25.7  25.5  25.1  25.4  24.9  24.5  23.9  23.7  24.1  23.6  23.5  23.6  23.5  23.5  23.3  23.6  23.5  23.4  22.9  23.4  23.6  23.4  23.4  24.0  24.3  24.5  24.1  25.7  26.8 
 26.8  26.6  25.7  26.0  25.1  25.0  25.0  24.7  24.1  24.0  23.9  24.0  23.5  23.4  23.4  23.5  23.3  23.2  23.8  23.5  23.3  23.5  23.6  23.8  23.3  23.4  24.6  25.2  24.7  25.0  26.3  28.1 
