 24.5  23.5  23.6  23.8  23.6  23.1  23.2  23.1  23.3  22.8  23.2  23.1  23.0  22.8  23.0  22.9  22.8  22.7  23.0  22.8  22.8  22.9  23.2  23.0  23.1  23.0  23.6  23.4  23.6  23.2  24.6  25.5 
 24.2  23.5  23.7  23.8  23.1  23.1  23.0  22.9  23.0  23.0  23.2  23.1  22.7  22.9  22.8  23.0  22.8  22.6  23.0  22.9  22.9  22.7  23.1  23.0  22.9  22.8  23.1  23.2  23.4  23.5  24.4  24.8 
 23.6  23.4  23.7  23.4  23.3  22.9  23.3  23.0  22.9  22.9  23.2  23.1  22.8  22.8  23.0  22.9  22.8  22.6  23.0  22.9  23.1  22.8  22.8  23.0  22.9  22.9  23.4  23.0  23.6  23.4  24.0  23.9 
 23.3  23.3  23.6  23.4  23.3  22.8  23.2  23.3  23.0  23.0  23.5  23.1  22.7  22.6  22.8  22.8  22.8  22.8  22.6  22.8  22.8  22.7  22.8  22.9  22.9  23.0  23.3  23.0  23.3  24.3  23.9  23.8 
 23.5  23.1  23.3  23.1  23.1  22.9  23.2  23.3  23.5  23.7  24.2  23.5  22.7  22.7  22.6  22.8  22.7  22.5  22.8  22.8  22.8  22.6  23.0  23.1  22.9  22.8  23.3  22.9  23.4  23.6  23.9  23.8 
 23.3  22.9  23.2  23.3  22.9  22.7  23.1  23.1  23.8  24.6  25.8  24.1  22.9  22.8  22.8  22.7  22.8  22.7  22.8  23.0  22.7  22.7  22.9  22.7  22.9  22.9  23.1  23.3  23.3  23.2  23.6  23.4 
 23.3  23.4  23.1  23.2  23.0  23.0  23.0  23.0  24.1  25.1  27.5  25.0  23.0  22.8  22.8  22.8  22.8  22.7  22.9  22.8  22.9  22.7  22.9  22.9  23.0  22.6  23.2  23.1  23.2  22.9  23.0  23.5 
 23.1  23.3  23.1  23.2  23.0  22.8  23.1  22.9  23.2  23.5  24.4  23.4  22.8  22.7  23.0  22.9  22.6  22.6  22.7  22.9  22.8  22.9  22.8  23.0  22.8  22.9  23.0  23.2  22.9  22.9  23.0  22.6 
 23.7  22.9  23.6  23.1  23.2  22.8  23.0  23.1  23.0  22.6  23.2  23.0  22.8  22.7  22.8  22.8  22.7  22.6  22.9  22.8  22.8  22.7  23.1  22.8  23.0  22.9  22.9  23.0  22.9  23.0  23.2  22.9 
 23.4  23.3  23.5  23.6  23.5  23.1  23.1  22.9  23.0  22.8  22.9  23.1  22.8  22.7  22.7  22.9  22.6  22.7  22.7  22.9  22.9  22.7  22.9  22.9  22.9  22.9  23.1  23.2  22.6  23.0  23.2  23.4 
 24.4  24.4  24.6  24.8  24.7  24.3  23.8  23.5  22.9  22.8  23.0  23.0  22.8  22.6  22.8  22.9  22.8  22.7  22.8  22.7  22.7  22.7  22.7  22.9  23.0  22.6  23.0  22.9  23.1  22.8  23.3  23.3 
 24.5  24.6  25.4  25.4  25.6  25.7  25.0  24.4  23.3  23.2  22.9  23.0  22.7  22.8  22.9  22.9  22.9  22.8  22.9  22.9  22.7  22.7  23.0 nan  22.7  22.7  22.9  23.0  23.1  23.0  23.3  23.4 
 25.5  25.3  26.3  26.8  28.5  29.6  38.0  42.0  39.9  33.6  23.5  23.2  22.9  22.8  22.9  22.8  22.9  22.8  23.0  22.9  22.9  22.7  23.1  23.1  23.0  22.7  23.4  23.2  23.2  23.0  23.5  23.4 
 25.4  25.5  26.8  27.7  30.0  32.5  47.7  54.2  58.8  51.8  24.9  23.5  22.9  22.8  22.9  22.9  22.8  22.8  22.9  23.0  22.8  22.7  22.8  23.1  23.0  22.7  24.0  24.1  23.6  23.3  23.6  23.7 
 25.6  26.4  27.5  28.4  32.5  36.5  57.8  66.7  78.0  73.5  30.7  25.0  23.2  23.0  22.9  23.0  23.0  22.7  23.0  22.8  22.6  22.7  23.0  22.7  22.9  22.8  25.7  25.3  23.6  23.4  23.6  23.5 
 26.0  26.2  27.6  28.5  32.7  36.7  57.2  69.0  87.4  82.3  30.4  24.7  23.1  23.1  22.8  22.9  22.7  22.8  23.0  23.1  22.8  22.8  22.9  23.1  22.8  22.8  24.2  24.4  23.4  23.2  23.3  23.5 
 25.9  26.1  27.4  28.1  30.2  31.7  45.6  55.7  67.9  57.3  25.5  23.7  23.1  22.9  23.0  22.9  23.0  22.8  22.8  23.0  22.8  22.7  22.9  22.9  23.0  22.8  23.3  23.4  23.5  23.2  24.0  23.7 
 25.9  25.9  27.3  27.4  28.8  29.7  37.6  42.8  46.5  39.1  24.0  23.7  23.0  23.0  23.1  23.0  23.0  22.9  23.0  23.0  23.0  22.9  23.0  23.0  22.8  22.8  23.2  23.3  23.2  23.3  23.9  23.6 
 26.2  26.0  26.6  26.7  27.3  27.3  28.8  29.4  28.2  26.2  23.9  23.4  23.3  23.1  23.2  23.2  22.9  22.8  22.9  23.3  23.2  23.1  23.2  23.3  23.2  22.9  23.2  23.3  23.6  23.3  23.7  23.6 
 25.7  26.1  26.4  26.6  26.8  26.7  27.5  27.6  26.4  25.5  23.9  23.5  23.1  23.2  23.3  23.2  23.0  23.1  23.1  23.1  23.0  22.8  23.2  23.2  23.0  22.8  23.4  23.4  23.2  23.5  24.1  24.1 
 26.0  25.7  26.3  26.0  26.0  26.0  26.0  25.9  25.1  24.5  23.8  23.6  23.3  23.3  23.1  23.2  23.0  23.0  23.3  23.2  23.1  22.9  23.5  23.2  23.4  22.9  23.5  23.6  23.5  23.3  24.2  24.7 
 25.6  25.7  25.9  25.7  25.7  25.6  25.7  25.4  24.8  24.3  23.8  23.7  23.3  23.3  23.1  23.5  23.2  23.0  23.3  23.3  23.1  22.9  23.4  23.4  23.0  23.1  23.7  23.6  23.4  23.8  24.9  25.3 
 27.0  25.9  25.8  25.9  25.7  25.1  25.3  25.1  24.4  23.9  24.0  23.7  23.7  23.3  23.5  23.3  23.4  23.1  23.3  23.5  23.6  23.2  23.7  23.5  23.5  23.2  23.8  24.3  24.6  24.3  26.1  27.2 
 26.8  26.1  25.7  26.2  25.1  24.8  24.8  25.0  24.0  24.1  23.9  23.9  23.5  23.5  23.5  23.4  23.2  23.3  23.5  23.5  23.6  23.5  23.4  23.7  23.4  23.3  24.6  25.1  25.0  24.6  26.3  27.1 
