 24.3  23.7  23.8  24.0  23.5  23.0  22.9  22.8  22.9  22.5  22.9  23.0  22.7  22.6  22.9  23.0  22.8  22.6  23.2  23.1  22.9  22.8  23.2  23.9  28.6  29.4  31.7  31.9  30.8  30.5  30.8  31.0 
 23.5  23.8  23.6  23.8  23.1  23.1  23.1  23.0  22.7  22.9  23.1  23.0  22.6  22.8  22.9  23.0  22.9  22.8  23.0  22.9  22.8  22.6  23.3  24.2  29.1  30.2  31.2  31.1  29.8  30.5  31.2  30.7 
 23.5  23.1  23.9  23.6  23.1  22.7  23.0  22.9  22.9  22.8  22.9  23.0  22.7  22.5  22.9  23.0  22.8  22.7  22.9  22.9  23.0  22.7  23.3  24.2  29.1  30.0  31.1  30.9  29.7  29.9  31.0  31.3 
 23.4  23.5  23.4  23.4  23.0  22.8  23.1  23.2  23.0  23.0  23.1  22.8  22.7  22.7  22.7  22.7  22.6  22.7  22.9  22.9  22.9  22.7  23.3  24.0  28.5  29.6  31.3  31.4  29.3  29.8  31.4  31.1 
 23.4  23.5  23.3  23.4  23.0  22.8  23.1  23.3  23.4  23.4  23.1  23.0  23.0  22.7  22.8  22.8  22.7  22.6  22.8  22.9  22.9  22.7  23.1  23.4  26.2  27.3  29.1  28.9  26.9  28.4  30.6  30.0 
 23.4  23.1  23.3  23.4  22.9  22.9  23.2  23.1  23.7  23.9  23.1  23.1  22.5  22.9  22.6  22.9  22.9  22.6  22.9  22.9  22.9  22.8  23.1  23.2  24.5  25.2  26.2  25.4  25.7  27.6  29.7  29.7 
 23.2  23.1  23.3  23.6  23.0  22.9  23.3  23.4  25.7  26.8  24.3  23.5  22.7  22.5  22.8  22.9  22.7  22.7  22.9  22.9  22.9  22.9  23.1  23.2  23.0  22.9  23.2  23.5  23.6  24.1  28.5  29.4 
 23.6  23.2  23.2  23.4  23.0  23.2  23.3  23.5  26.2  27.7  24.8  23.4  22.9  22.6  22.9  22.7  22.8  22.6  22.9  22.8  22.7  22.8  23.2  23.1  22.9  23.0  23.3  23.5  23.6  23.3  26.1  26.5 
 23.4  23.2  23.5  23.3  23.0  22.9  23.2  23.4  23.6  23.6  23.3  23.0  22.8  22.7  22.7  23.0  22.7  22.8  22.9  23.0  22.8  22.9  22.9  23.1  23.1  22.9  23.4  23.7  23.2  23.3  24.9  27.1 
 23.6  23.3  23.5  23.3  23.0  22.9  23.0  23.1  23.1  23.0  23.1  22.9  22.8  22.7  22.7  22.9  22.8  22.6  23.0  23.0  22.9  22.7  22.9  22.9  23.1  22.9  23.4  23.5  23.3  23.3  25.3  27.8 
 23.9  23.8  23.9  23.9  23.5  23.4  23.0  23.2  23.0  22.9  23.0  22.9  22.8  22.6  22.8  22.9  22.8  22.8  23.0  22.9  22.8  22.7  23.0  23.1  23.1  23.0  23.6  23.8  23.9  23.8  26.7  28.6 
 23.8  23.9  24.2  24.0  24.0  24.3  23.7  23.4  23.0  22.9  23.0  22.9  22.8  22.6  22.8  22.9  22.7  22.8  23.0  22.9  22.8  22.9  22.9 nan  23.0  22.8  24.5  25.4  24.4  23.7  27.1  29.3 
 24.5  24.3  25.1  25.7  26.2  26.6  29.2  29.7  27.8  26.0  23.3  23.2  22.9  22.7  22.9  23.0  22.8  22.7  22.9  22.9  22.8  22.9  23.0  23.1  23.1  23.1  24.6  25.5  24.0  23.9  25.2  25.2 
 24.8  24.9  25.8  26.4  27.9  29.0  36.6  42.5  45.3  39.8  24.1  23.5  22.9  22.7  23.0  22.9  22.7  22.6  23.0  22.8  22.8  22.8  23.0  23.0  23.1  23.0  23.7  24.0  23.8  23.6  24.0  24.4 
 24.8  25.3  26.6  27.1  30.2  32.6  51.8  60.5  71.3  67.9  34.5  25.9  23.0  22.8  22.8  22.8  22.9  22.7  22.9  23.0  22.6  22.7  23.2  23.0  23.0  23.0  23.2  23.3  23.1  23.6  23.8  23.9 
 25.4  25.5  27.1  27.6  30.4  33.6  52.5  61.1  76.4  76.0  39.2  26.7  22.9  22.8  22.9  22.9  22.9  22.7  22.9  22.8  22.8  22.7  22.9  22.8  22.9  23.1  23.5  23.3  23.4  23.4  23.9  24.0 
 25.6  25.7  26.8  27.1  29.8  32.1  45.9  55.3  78.6  78.4  34.3  25.5  23.0  22.9  22.9  23.0  22.9  23.0  23.0  23.1  23.0  22.7  23.0  23.0  23.2  22.9  23.6  23.6  23.5  23.2  24.1  23.8 
 25.6  25.6  26.7  27.0  28.9  30.3  38.7  45.1  61.0  58.4  28.0  24.4  23.2  22.8  22.9  23.1  22.9  22.9  23.2  23.1  23.0  23.0  23.2  23.2  23.2  22.9  23.5  23.6  23.3  23.3  24.1  24.4 
 25.6  25.5  26.5  26.9  27.1  27.6  29.6  31.0  32.3  30.4  24.6  23.8  23.2  22.9  23.2  23.1  23.1  23.1  23.0  23.1  23.1  22.7  23.3  23.3  23.0  23.1  23.4  23.5  23.8  23.4  23.6  24.3 
 25.6  25.5  26.6  26.6  26.6  26.8  28.1  28.2  28.2  27.4  24.0  23.6  23.1  23.2  23.2  23.1  23.0  22.9  23.3  23.1  23.0  23.1  23.3  23.3  23.0  23.2  23.3  23.6  23.4  23.6  24.0  24.6 
 25.7  25.6  26.1  25.9  26.1  26.1  26.2  26.3  25.7  25.0  24.0  23.7  23.3  23.1  23.2  23.3  23.1  23.0  23.0  23.3  23.1  23.0  23.5  23.5  23.4  23.0  23.6  23.7  23.4  24.2  24.7  25.6 
 25.4  25.5  26.1  26.0  25.7  25.7  25.7  25.9  25.3  24.9  24.0  23.9  23.1  23.2  23.1  23.3  23.0  23.0  23.4  23.2  23.1  23.2  23.5  23.4  23.1  23.1  23.7  23.7  24.3  24.4  25.4  25.7 
 26.8  25.7  25.7  26.0  25.5  25.2  25.3  25.1  24.8  24.3  24.1  24.0  23.4  23.2  23.4  23.6  23.3  23.1  23.3  23.5  23.3  23.2  23.8  23.6  23.5  23.4  24.7  25.1  25.0  25.3  26.4  27.2 
 26.6  26.4  25.4  25.9  25.3  25.1  25.1  25.0  24.4  24.1  24.0  23.9  23.4  23.4  23.7  23.4  23.5  23.4  23.3  23.4  23.3  23.4  23.8  23.7  24.0  23.9  25.1  25.8  25.1  25.6  27.5  27.6 
