 23.6  23.5  23.8  24.0  22.9  22.8  23.0  23.2  22.4  22.8  22.9  23.0  22.6  22.7  22.8  22.8  22.7  22.8  23.0  23.0  22.6  22.7  23.7  25.1  27.2  27.5  28.2  28.6  28.7  28.9  29.5  30.5 
 24.2  23.5  23.9  23.6  23.2  22.8  23.1  22.9  22.8  22.5  23.2  23.0  23.0  22.6  23.1  22.9  22.8  22.6  23.0  22.8  22.9  22.5  23.6  24.8  27.3  27.1  28.0  28.9  28.7  28.3  30.0  30.4 
 23.3  23.3  23.4  23.3  22.6  22.6  23.3  23.0  22.6  22.9  23.0  23.1  22.6  22.6  22.9  23.0  22.6  22.8  22.8  23.0  22.7  22.8  23.3  23.9  25.9  26.7  29.1  29.0  28.8  29.4  29.8  30.0 
 23.2  23.0  23.4  23.4  23.0  22.3  23.1  23.2  22.8  22.7  23.2  22.9  22.7  22.3  22.9  22.8  22.7  22.7  22.9  22.9  22.8  22.6  23.1  23.2  25.4  26.9  29.0  29.1  29.2  28.7  30.1  29.9 
 23.2  23.2  23.3  23.7  22.7  22.9  23.1  23.4  23.2  23.3  23.1  23.1  22.8  22.7  22.9  23.0  22.5  22.7  22.9  23.0  22.5  22.8  23.1  23.3  24.2  25.4  28.3  29.2  28.8  29.1  29.6  30.2 
 23.3  22.8  23.8  23.3  22.8  22.9  23.2  23.3  23.6  23.7  23.3  22.9  22.7  22.6  22.9  22.7  22.7  22.6  23.1  22.9  22.8  22.5  23.1  23.0  23.6  24.1  27.0  28.0  28.8  29.1  30.0  29.9 
 23.0  23.2  23.5  23.5  22.9  22.9  23.2  23.6  25.4  26.7  24.3  23.5  22.7  22.7  22.7  23.1  22.5  22.6  22.9  23.0  22.9  22.9  23.2  23.3  23.1  22.9  24.6  26.2  28.7  29.4  29.7  29.7 
 23.3  22.9  23.4  23.4  22.8  22.8  23.3  23.7  26.1  27.6  24.8  23.3  22.9  22.6  22.9  22.9  22.8  22.5  23.0  22.9  23.0  22.7  23.3  23.2  23.2  23.1  26.6  27.7  30.4  30.1  30.2  29.3 
 23.4  23.2  23.5  23.4  23.0  22.8  23.3  23.3  23.2  23.6  23.2  23.1  22.8  22.7  22.8  23.0  22.7  22.9  23.0  23.1  22.8  22.8  23.2  23.3  24.9  27.1  29.9  30.7  31.3  31.8  32.3  32.4 
 23.8  23.2  23.7  23.4  23.2  22.6  23.1  23.2  23.0  22.9  23.0  23.0  22.8  22.5  23.0  22.8  22.9  22.8  23.0  23.0  23.0  22.7  23.4  23.6  27.1  27.8  30.6  31.1  31.8  31.5  33.0  32.7 
 23.8  23.9  23.9  24.1  23.4  23.2  23.1  23.4  22.7  22.8  23.0  23.0  22.7  22.6  22.8  23.1  22.8  22.9  23.1  23.1  22.9  22.9  23.6  24.8  27.9  29.3  30.5  31.5  31.9  31.9  33.1  32.8 
 24.1  23.7  24.3  24.1  24.1  23.8  23.7  23.4  23.0  22.8  23.0  23.0  22.8  22.5  22.9  22.9  22.7  22.7  23.0  23.1  22.9  22.8  23.7 nan  28.8  29.6  31.7  31.4  32.1  31.8  33.1  32.4 
 24.2  24.3  25.3  25.7  26.4  26.8  29.5  30.0  27.9  26.2  23.3  23.2  22.7  22.7  22.9  22.9  22.7  22.8  23.0  23.0  22.8  22.8  23.7  25.1  29.1  30.7  32.0  32.2  31.6  32.1  31.6  31.6 
 24.7  24.7  25.8  26.4  27.7  29.3  37.4  43.3  45.5  39.5  24.0  23.3  23.0  22.6  23.0  23.1  22.9  22.6  22.8  23.0  23.0  22.7  23.8  24.8  29.5  30.6  32.0  31.8  32.0  31.7  32.2  32.3 
 25.0  25.5  27.0  27.5  30.2  33.1  52.8  61.3  71.3  67.7  33.4  25.5  22.9  22.8  22.9  23.1  22.8  22.7  23.0  23.0  22.8  22.8  23.4  24.1  28.7  30.3  31.9  32.2  32.3  32.7  33.2  33.5 
 25.2  25.5  27.0  27.6  30.6  33.6  53.4  62.0  76.7  76.0  37.8  26.2  23.1  22.7  22.9  22.7  22.7  22.6  22.9  23.0  22.6  22.8  23.3  23.4  27.1  28.9  31.3  31.6  31.7  31.7  33.2  33.1 
 25.4  25.8  26.9  27.6  29.7  32.3  46.7  56.5  78.9  77.8  32.9  25.5  22.9  22.8  23.2  22.9  22.7  22.9  23.1  23.2  22.9  22.7  23.1  23.2  23.8  24.3  26.0  26.2  26.5  28.0  32.2  32.4 
 25.6  25.7  27.0  27.1  29.3  30.2  39.4  45.6  61.1  57.4  27.4  24.2  23.0  22.7  23.2  23.1  22.9  22.6  23.2  23.2  23.1  22.9  23.3  23.3  23.5  23.3  24.7  24.9  25.2  26.4  31.5  32.2 
 25.6  25.8  26.7  27.0  27.1  27.3  29.5  31.2  32.0  30.1  24.2  23.7  22.9  23.0  23.2  23.3  22.9  22.9  22.9  23.3  22.9  23.0  23.2  23.6  23.1  23.1  23.7  24.1  23.9  24.3  28.8  29.2 
 25.6  25.7  26.7  26.5  26.7  26.6  28.2  28.3  28.0  27.0  24.1  23.6  23.3  22.8  23.4  23.1  23.0  22.8  23.3  23.1  23.0  22.8  23.4  23.2  23.2  23.1  23.8  24.1  23.9  23.9  26.1  27.3 
 25.2  25.7  26.1  26.4  25.8  26.0  26.2  26.3  25.7  25.3  23.7  23.7  23.1  23.1  23.2  23.4  22.9  23.0  23.1  23.5  22.9  23.0  23.3  23.6  23.2  23.2  23.8  24.2  24.2  24.7  25.6  26.6 
 25.7  25.5  26.2  26.2  25.8  25.3  26.1  26.0  25.3  24.6  24.0  23.6  23.4  23.1  23.5  23.4  23.0  22.9  23.3  23.3  23.1  23.0  23.4  23.4  23.3  23.2  23.7  23.9  24.5  24.7  26.4  27.5 
 26.2  26.2  26.0  25.9  25.3  25.2  25.3  25.5  24.5  24.2  24.0  24.0  23.5  23.2  23.4  23.8  23.2  23.2  23.3  23.5  23.3  23.2  23.6  23.9  23.3  23.7  25.0  25.8  25.7  25.8  27.6  29.0 
 27.1  26.4  26.0  25.6  25.4  25.0  25.0  25.0  24.4  24.2  24.1  23.9  23.4  23.0  23.6  23.3  23.2  23.0  23.6  23.7  23.5  23.3  23.9  24.1  24.2  24.4  26.1  26.5  26.0  26.1  27.6  28.6 
