 23.7  23.4  23.7  23.4  23.1  23.1  23.1  23.1  22.8  22.4  23.0  23.1  22.6  22.4  22.7  23.2  22.5  22.6  22.8  22.8  22.7  22.5  22.9  23.1  22.9  22.9  23.2  24.0  23.9  23.5  23.9  25.5 
 23.9  23.2  23.7  23.5  23.2  22.9  22.9  23.0  22.8  22.6  23.1  22.9  22.7  22.5  22.9  22.8  22.5  22.4  22.9  22.8  22.8  22.4  22.8  22.9  22.9  22.8  23.8  24.6  24.0  23.4  24.0  24.3 
 23.4  23.2  23.5  23.5  22.7  22.8  23.1  23.2  22.9  22.7  22.8  23.1  22.6  22.5  22.8  22.8  22.6  22.5  22.7  22.7  22.7  22.5  22.8  22.9  22.9  23.0  23.3  23.4  23.2  23.1  23.5  23.8 
 23.4  23.2  23.5  23.6  22.8  22.5  23.0  22.9  23.0  22.7  23.0  22.9  22.7  22.5  22.7  22.8  22.8  22.5  22.9  22.8  22.7  22.6  22.7  22.9  22.7  22.6  23.3  23.2  23.0  23.1  23.4  23.9 
 23.4  23.1  23.4  23.6  22.8  22.9  23.0  23.3  23.3  23.3  23.1  23.0  22.5  22.7  22.8  22.7  22.6  22.4  22.7  22.9  22.5  22.5  22.8  23.0  22.7  22.9  23.1  23.3  23.3  22.9  23.3  23.8 
 23.3  23.1  23.3  23.3  22.9  22.6  23.4  23.1  23.9  23.9  23.4  23.1  22.7  22.5  22.9  22.8  22.5  22.4  22.8  22.7  22.6  22.6  22.8  23.0  23.0  22.7  23.1  23.1  23.4  23.0  23.7  23.2 
 23.1  23.1  23.3  23.4  22.9  23.0  23.2  23.6  25.4  27.0  24.4  23.4  22.8  22.6  22.7  22.7  22.5  22.7  22.7  22.6  22.7  22.8  23.0  23.0  23.0  22.6  22.9  23.2  23.0  22.9  23.4  23.6 
 23.2  23.0  23.2  23.2  22.8  22.7  23.4  23.7  26.1  27.4  24.7  23.3  22.9  22.7  22.7  22.8  22.7  22.6  22.6  22.9  22.8  22.6  22.9  22.9  22.8  22.6  23.1  23.1  23.2  22.9  23.4  22.6 
 23.5  23.5  23.4  23.5  22.8  22.9  23.1  23.1  23.3  23.5  23.2  22.9  22.7  22.7  22.7  22.8  22.6  22.7  22.9  22.7  22.8  22.7  22.9  22.8  22.9  22.9  23.3  23.1  22.9  23.1  23.3  23.2 
 23.8  23.3  23.8  23.6  23.1  22.9  23.1  23.3  23.1  22.9  23.1  23.1  22.7  22.6  22.7  22.7  22.8  22.5  22.7  23.0  22.8  22.6  23.0  22.9  22.8  22.6  23.1  23.2  23.1  22.9  23.7  23.5 
 23.9  24.1  24.0  24.3  24.0  23.7  23.3  23.3  23.0  22.8  23.1  23.0  22.6  22.6  22.7  22.8  22.7  22.7  22.8  22.8  22.7  22.8  23.0  22.9  22.7  22.7  23.4  23.9  23.7  23.6  23.5  23.6 
 24.0  23.7  24.5  24.5  24.8  24.6  24.3  23.7  23.1  23.0  23.2  23.1  22.8  22.6  22.7  22.9  22.6  22.7  22.8  22.9  22.8  22.8  22.9 nan  22.8  22.9  24.5  25.5  24.1  23.2  23.9  23.8 
 24.6  24.4  25.5  26.1  27.2  27.8  32.9  35.3  33.2  29.6  23.4  23.3  22.9  22.8  22.8  22.9  22.7  22.6  22.9  22.7  22.7  22.7  22.8  22.9  22.9  22.9  24.0  24.9  23.7  23.4  23.5  23.7 
 24.9  24.9  26.2  26.7  28.5  30.3  42.1  49.3  53.9  47.6  25.0  23.5  22.9  22.7  23.0  22.9  22.8  22.6  23.0  23.0  22.7  22.6  22.9  23.0  22.9  22.8  23.4  23.8  23.7  23.4  23.5  23.8 
 25.1  25.6  26.8  27.4  30.9  33.9  55.1  63.4  75.0  71.6  34.8  25.6  22.8  22.7  22.9  23.1  22.7  22.6  23.0  23.0  22.9  22.7  22.8  22.8  22.8  22.8  23.2  23.2  23.3  23.3  23.9  23.8 
 25.5  25.3  26.9  28.0  31.1  34.4  53.8  63.2  79.1  79.6  37.3  26.2  23.0  22.9  22.9  22.9  22.8  22.6  22.8  22.9  22.7  22.6  23.1  23.0  22.9  22.6  23.3  23.0  23.4  23.3  23.5  23.6 
 25.7  25.6  26.7  27.2  29.8  32.0  44.6  53.6  73.5  70.3  30.3  24.5  22.9  22.8  22.9  22.9  22.7  22.8  22.9  23.0  22.9  22.7  23.0  23.0  23.0  22.8  23.3  23.4  22.9  23.2  23.8  23.7 
 25.7  25.4  26.7  27.1  28.9  29.9  37.1  42.4  54.5  49.8  26.0  23.9  23.1  22.8  22.8  23.1  22.8  22.5  22.9  22.9  22.9  22.6  23.0  23.0  23.0  22.9  23.4  23.3  23.2  23.1  23.6  23.7 
 25.8  25.4  26.5  26.7  26.9  27.2  28.8  29.7  29.8  28.3  24.0  23.3  23.0  22.9  23.1  23.0  23.0  22.8  22.9  23.2  22.9  22.7  22.9  23.2  23.0  23.1  23.2  23.4  23.4  23.1  24.0  24.1 
 25.7  25.6  26.5  26.6  26.6  26.4  27.7  27.5  27.3  26.3  23.9  23.7  23.1  22.9  23.0  22.9  22.9  22.9  23.1  22.9  22.8  22.7  22.9  23.0  23.2  23.1  23.5  23.3  23.2  23.3  24.2  24.2 
 25.5  25.5  26.1  26.0  25.9  25.5  26.1  25.9  25.3  24.6  23.8  23.6  23.1  22.9  23.0  23.2  22.8  23.0  23.1  23.1  23.1  22.7  23.1  23.3  23.2  23.2  23.5  23.7  24.1  24.5  25.2  26.1 
 25.7  25.4  25.8  25.8  25.4  25.4  25.5  25.8  24.8  24.5  24.0  23.8  23.1  23.0  23.3  23.4  23.0  22.9  23.3  23.1  23.1  22.9  23.5  23.2  23.2  22.9  23.5  23.9  24.5  25.1  26.0  26.3 
 27.1  25.6  25.5  25.5  25.0  24.7  25.1  24.8  24.3  24.1  23.8  24.0  23.3  23.2  23.3  23.4  23.2  22.9  23.4  23.5  23.1  23.2  23.4  23.6  23.5  23.6  25.4  25.9  26.0  25.9  26.9  27.3 
 26.6  25.6  25.6  25.7  25.0  24.9  25.1  24.7  24.1  24.0  23.8  23.6  23.2  23.0  23.1  23.3  22.9  23.1  23.4  23.4  23.3  23.1  23.7  24.0  24.6  24.8  26.6  26.7  26.7  26.4  27.6  28.1 
