 23.9  23.7  23.6  23.8  23.2  23.1  23.4  23.2  22.9  23.0  23.4  23.5  22.8  22.8  23.1  23.2  22.6  22.7  23.3  23.2  22.8  22.8  23.2  23.2  23.1  22.9  23.4  23.9  23.6  23.6  24.6  25.2 
 24.0  23.3  23.6  23.8  23.4  23.1  23.2  23.3  23.2  22.8  23.2  23.3  23.2  22.9  23.1  23.0  23.0  22.7  23.1  23.1  23.0  22.7  23.1  23.2  22.9  23.1  23.4  23.5  23.4  23.2  24.4  24.8 
 23.3  23.2  23.7  23.7  23.0  22.9  23.2  23.1  22.8  22.9  23.3  23.3  22.8  22.9  23.1  22.9  22.7  22.7  23.0  22.8  22.9  22.8  23.2  23.1  23.2  22.9  23.4  23.3  23.3  23.7  24.0  24.2 
 23.5  23.3  23.7  23.8  23.2  23.0  23.3  23.4  23.0  22.9  23.4  23.2  22.9  22.6  22.8  23.0  22.9  22.8  23.1  23.1  22.9  22.7  23.1  23.0  23.1  23.0  23.3  23.7  24.0  23.8  24.1  24.6 
 23.2  23.6  23.4  23.2  22.8  23.1  23.1  23.2  23.3  23.7  24.3  23.7  22.7  22.8  22.8  22.9  22.5  22.6  22.9  22.9  22.6  22.7  23.0  23.0  22.9  23.1  23.3  23.3  23.7  24.0  23.9  24.0 
 23.3  23.0  23.2  23.6  23.0  22.7  23.2  23.2  23.7  24.5  26.1  24.3  22.8  22.7  22.8  23.1  22.8  22.6  22.9  23.1  22.7  22.6  22.8  23.1  23.0  22.8  23.3  23.2  23.4  23.0  23.8  24.0 
 23.0  23.3  23.3  23.3  22.9  22.9  23.1  23.2  23.7  25.3  27.8  25.1  22.7  22.9  22.9  22.9  22.7  22.8  22.9  22.9  22.8  22.8  22.9  23.3  22.9  22.8  23.5  23.3  22.9  23.2  23.3  23.3 
 23.7  23.2  23.3  23.2  23.1  22.8  23.3  23.2  23.4  23.5  24.4  23.7  22.9  22.7  22.9  22.9  22.8  22.6  23.0  22.7  22.9  22.7  23.1  23.2  23.1  22.7  23.2  23.3  23.2  23.0  23.0  22.8 
 23.6  23.2  23.3  23.6  23.0  22.9  23.1  23.1  22.8  22.7  23.1  23.0  22.8  22.8  23.0  23.1  22.8  22.7  22.9  22.8  22.8  22.8  23.1  23.0  22.8  22.8  23.0  23.1  23.2  22.9  23.2  23.3 
 23.8  23.4  23.8  23.6  23.5  23.2  23.4  22.9  23.0  22.8  22.9  22.9  22.9  22.7  22.9  23.0  22.8  22.6  22.9  22.9  23.0  22.6  22.9  23.1  23.1  22.7  23.1  23.4  23.1  22.8  23.5  23.2 
 24.1  24.3  24.7  25.0  24.6  24.5  23.9  23.6  22.9  23.0  23.1  23.1  22.8  22.7  23.1  23.1  22.7  22.9  23.0  22.9  22.8  22.6  23.0  23.0  22.6  22.7  23.0  23.2  22.8  22.9  23.5  23.5 
 24.5  24.5  25.3  25.3  25.8  25.6  25.2  24.4  23.3  22.9  23.1  23.1  23.0  22.8  22.9  22.9  22.9  22.7  22.9  22.9  22.8  22.7  23.0 nan  22.9  22.7  22.9  23.1  23.1  22.8  23.6  23.7 
 25.1  25.2  26.3  27.0  28.5  29.6  38.1  42.0  39.8  33.9  23.5  23.4  23.0  22.9  23.1  23.0  22.9  22.9  22.9  22.9  22.6  22.8  23.0  23.0  22.9  22.7  23.3  23.3  22.9  23.3  23.5  23.6 
 25.6  25.7  27.0  27.4  30.2  32.4  47.8  54.4  58.8  51.7  25.0  23.6  23.2  22.8  22.9  23.1  22.9  22.7  23.0  23.1  22.9  22.6  22.9  23.1  22.9  22.6  24.0  24.3  23.6  23.3  23.6  23.6 
 25.7  26.2  27.7  28.7  32.7  36.7  57.8  66.8  77.8  73.6  30.8  24.9  23.0  23.0  23.1  23.1  22.9  22.8  23.2  23.1  22.7  22.7  23.1  23.0  22.9  23.1  25.7  25.5  23.4  23.3  23.8  23.7 
 26.3  25.8  27.8  28.6  32.7  36.7  57.4  68.9  87.4  82.2  30.5  25.0  23.1  23.0  22.9  23.1  22.9  22.7  23.1  23.2  22.8  22.6  23.1  23.1  22.7  22.5  24.2  24.7  23.3  23.2  23.8  23.7 
 25.9  26.3  27.7  28.0  29.8  31.7  45.6  55.8  67.8  57.4  25.7  24.0  23.1  23.0  23.2  23.1  23.0  23.0  23.1  23.0  22.8  22.8  23.2  23.2  22.9  22.9  23.4  23.4  23.2  23.4  23.9  23.9 
 26.1  26.0  27.0  27.6  28.8  29.6  37.8  42.9  46.5  39.2  24.2  23.8  23.3  23.0  23.2  23.2  23.1  22.8  23.2  23.2  23.0  22.7  23.1  23.3  22.9  22.7  23.2  23.6  23.3  23.0  23.9  24.1 
 26.2  26.1  26.8  26.9  27.2  27.8  29.0  29.4  28.2  26.3  24.0  23.6  23.0  23.0  23.4  23.2  23.1  23.0  23.2  23.2  23.1  23.0  23.2  23.3  22.8  23.0  23.4  23.4  23.3  23.4  24.2  24.4 
 25.9  26.0  26.2  26.8  26.7  26.5  27.8  27.8  26.3  25.3  23.9  23.5  23.3  23.0  23.2  23.4  23.1  22.9  23.2  23.2  23.1  22.8  23.3  23.3  23.1  23.1  23.5  23.5  23.4  23.7  24.3  24.5 
 25.6  25.9  26.4  26.2  25.8  25.8  26.4  26.1  25.1  24.5  23.8  23.8  23.3  23.2  23.3  23.4  22.9  23.2  23.4  23.3  23.1  23.0  23.4  23.3  23.3  23.1  23.6  23.7  23.4  23.4  24.7  24.7 
 26.3  25.5  26.1  26.2  25.8  25.3  25.8  26.1  24.7  24.3  23.9  23.7  23.6  23.3  23.6  23.4  23.2  22.9  23.3  23.6  23.2  23.1  23.4  23.4  23.4  23.1  23.5  24.1  24.0  23.4  24.9  25.6 
 26.7  26.2  26.0  26.3  25.4  25.2  25.4  25.2  24.4  24.0  24.1  24.0  23.6  23.4  23.5  23.7  23.3  23.5  23.5  23.4  23.4  23.2  23.6  23.6  23.3  23.2  24.0  24.5  24.4  24.3  25.8  26.8 
 27.1  26.1  26.0  26.0  25.1  25.0  25.0  25.0  24.3  23.9  24.1  24.0  23.7  23.2  23.4  23.4  23.4  23.4  23.3  23.5  23.5  23.1  23.7  23.7  23.4  23.5  24.6  25.3  24.8  24.8  26.3  27.7 
