 24.0  23.3  23.6  23.6  23.3  22.9  22.5  22.7  22.7  22.6  22.8  23.0  22.6  22.7  22.6  23.0  22.4  22.7  22.9  22.9  22.9  23.0  22.9  23.3  23.4  24.2  26.9  28.7  30.0  29.7  30.2  30.7 
 23.5  23.5  23.4  23.5  23.4  23.2  23.1  22.9  23.0  22.8  23.0  22.9  22.8  22.5  23.1  22.7  22.8  22.6  22.8  22.7  23.0  22.7  23.1  23.1  23.3  23.7  26.6  28.8  30.2  30.4  30.7  30.3 
 23.7  23.3  23.3  23.3  22.9  22.6  22.8  23.0  22.9  22.8  22.8  22.9  22.8  22.6  22.7  22.8  22.9  22.6  22.7  22.9  22.9  22.7  23.0  23.2  23.6  24.0  28.2  30.0  31.3  31.3  31.7  31.3 
 23.5  23.2  23.5  23.3  22.6  22.6  23.1  23.0  23.3  22.8  23.0  22.7  22.6  22.5  22.8  22.7  22.8  22.6  22.9  22.6  22.7  22.7  23.1  23.1  23.9  25.5  29.8  30.8  31.9  32.0  32.2  31.8 
 23.7  23.2  23.1  23.3  22.7  22.8  22.9  23.2  23.3  23.3  22.9  23.0  22.6  22.7  22.7  22.7  22.7  22.8  22.6  22.9  22.6  22.9  22.9  23.1  26.7  28.0  30.8  31.3  31.8  32.1  31.3  31.7 
 23.4  23.4  23.3  23.1  22.9  22.8  23.1  23.1  23.8  24.2  23.2  22.8  22.8  22.8  22.8  22.7  22.8  22.7  22.8  22.6  22.9  22.5  23.2  23.3  27.1  29.0  31.0  31.3  31.8  31.3  30.5  30.4 
 23.3  23.1  23.2  23.2  22.8  22.8  23.0  23.5  25.6  26.7  24.1  23.4  22.9  22.7  22.7  22.8  22.7  22.8  22.8  22.9  23.0  23.0  23.1  23.9  28.3  29.6  31.6  31.9  31.8  32.1  30.4  28.7 
 23.6  23.2  23.2  23.1  22.9  22.9  23.4  23.6  26.0  27.6  24.7  23.1  23.0  22.5  23.0  22.7  22.8  22.7  22.9  22.7  23.0  22.8  23.4  24.0  27.7  29.4  31.7  31.7  31.7  32.5  30.1  26.9 
 23.7  23.6  23.2  23.3  22.9  22.9  23.0  23.4  23.5  23.4  23.1  22.9  22.7  22.6  22.8  22.9  22.8  22.9  22.9  22.9  23.0  23.0  23.0  23.3  26.9  28.5  31.7  32.1  32.2  32.0  27.2  26.2 
 24.0  23.6  23.6  23.5  23.3  22.8  23.3  22.9  23.0  23.0  22.9  22.8  22.7  22.7  22.8  22.8  22.8  22.7  23.0  22.9  23.0  22.8  23.2  23.1  26.2  28.2  31.4  31.5  31.4  30.0  27.0  25.7 
 24.1  24.1  24.0  24.3  24.0  23.8  23.3  23.2  22.9  23.0  22.9  22.9  22.8  22.9  22.8  22.8  22.8  22.9  22.9  22.9  22.8  22.7  22.9  23.1  23.7  25.0  28.7  29.5  27.2  26.4  25.0  25.3 
 24.0  24.1  24.3  24.4  24.9  24.6  24.1  23.6  23.2  23.0  23.0  22.9  22.7  22.6  22.8  22.9  23.0  22.8  22.8  22.7  22.8  22.8  23.3 nan  23.1  23.5  26.4  27.1  26.3  25.0  24.6  24.6 
 24.8  24.6  25.4  25.9  27.2  27.8  32.5  34.6  33.0  29.2  23.2  23.0  22.8  22.8  22.8  23.0  23.0  22.9  22.8  22.8  22.7  22.9  22.8  23.1  23.1  23.1  24.1  24.7  24.4  23.8  24.1  24.1 
 24.9  24.9  26.0  26.4  28.7  30.1  41.1  48.3  53.2  47.1  24.8  23.5  23.0  22.9  23.0  22.8  22.8  22.7  23.0  22.7  22.9  22.8  23.1  23.0  23.1  22.7  23.4  23.6  24.0  23.7  24.1  23.8 
 25.3  25.3  26.9  27.5  30.7  34.0  54.4  63.0  74.5  71.4  35.0  25.9  22.9  23.0  22.7  22.9  23.0  22.8  22.9  23.0  22.8  22.8  22.9  23.1  23.0  22.9  22.9  23.2  23.3  23.4  23.6  23.7 
 25.6  25.6  27.3  27.8  31.1  34.0  53.4  62.4  78.5  79.2  37.6  26.2  23.1  22.8  22.8  22.9  22.9  22.7  22.8  22.8  22.9  22.5  23.1  22.9  22.8  22.8  23.2  23.3  23.4  23.2  24.0  23.9 
 25.5  25.8  26.9  27.2  29.7  31.8  44.4  53.3  73.6  70.9  30.5  24.7  22.9  22.7  22.8  22.8  23.0  22.8  22.7  23.0  22.8  22.6  22.9  23.1  23.1  23.0  23.2  23.3  23.3  23.4  23.6  24.1 
 25.8  25.5  26.6  26.9  28.8  29.9  37.2  42.1  54.6  50.4  26.1  23.9  23.1  22.9  23.0  23.0  22.8  22.6  23.1  22.8  23.0  22.8  22.9  22.8  23.2  22.8  23.6  23.1  23.5  23.3  23.6  23.5 
 25.6  25.6  26.4  26.9  27.3  27.5  28.8  29.9  30.0  28.4  23.8  23.6  22.9  23.2  23.0  23.1  23.1  22.9  22.8  23.3  23.0  22.8  23.0  23.1  23.2  23.1  23.1  23.3  23.6  23.4  23.8  24.2 
 25.4  26.1  26.5  26.5  26.7  26.6  27.8  27.5  27.3  26.3  23.9  23.4  23.1  22.9  23.1  22.9  23.0  22.9  23.2  22.9  22.9  22.8  23.1  23.1  23.2  22.8  23.4  23.4  23.5  23.2  24.3  23.9 
 26.2  25.6  26.1  26.1  25.8  25.7  25.6  26.1  25.6  24.7  23.8  23.8  23.4  23.0  23.1  23.2  23.0  23.1  23.0  23.2  22.8  22.9  23.3  23.4  23.6  23.1  23.4  23.5  23.8  24.4  24.9  25.5 
 26.0  25.7  26.0  25.8  25.7  25.5  25.6  25.5  25.0  24.5  23.8  23.5  23.2  23.2  23.2  23.2  23.3  23.0  23.3  23.0  23.2  23.0  23.3  23.1  23.2  23.1  23.3  23.7  24.7  25.1  25.7  26.3 
 26.9  25.8  25.5  25.6  25.2  25.1  25.2  25.0  24.5  24.0  24.0  23.9  23.4  23.2  23.2  23.4  23.3  23.3  23.2  23.3  23.2  23.2  23.4  23.6  23.7  23.8  25.2  25.7  26.5  25.9  26.5  27.3 
 27.4  26.2  25.5  25.7  25.2  24.9  25.0  24.9  24.3  24.1  23.7  23.8  23.6  23.5  23.6  23.2  23.4  23.3  23.3  23.3  23.4  23.3  23.7  23.6  24.3  24.8  26.4  26.4  26.6  26.4  26.8  27.0 
