 24.2  23.0  23.3  23.5  23.5  22.9  23.1  23.2  22.9  22.6  23.0  23.0  22.9  22.5  22.9  23.1  22.6  22.5  22.9  22.8  22.7  22.6  23.1  23.0  22.8  22.6  23.1  23.3  23.5  23.3  24.3  25.3 
 23.5  23.4  23.6  23.6  23.0  23.0  23.3  23.2  22.8  22.8  23.2  23.1  22.7  22.9  23.0  22.9  22.5  22.6  22.9  22.8  22.8  22.6  23.1  22.9  22.7  23.0  23.4  23.2  23.3  23.2  24.5  24.9 
 23.3  23.1  23.7  23.3  23.0  22.6  23.0  23.0  22.9  22.7  22.9  23.2  22.8  22.8  22.7  22.9  22.6  22.6  22.7  22.7  22.7  22.5  22.7  23.1  23.0  22.9  23.2  23.2  23.3  23.2  23.7  24.0 
 23.2  23.0  23.3  23.2  22.8  22.9  23.1  22.9  23.0  22.9  23.4  23.1  22.6  22.5  22.8  22.8  22.5  22.5  23.0  22.6  22.7  22.7  22.9  22.9  22.6  23.0  23.3  23.1  23.2  24.0  24.2  23.7 
 23.4  23.0  23.3  23.4  23.0  22.7  22.8  23.5  23.2  23.4  24.1  23.5  22.8  22.5  22.7  22.7  22.6  22.5  22.9  22.9  22.7  22.5  22.9  22.9  22.9  22.7  23.2  23.1  23.4  23.6  23.6  24.1 
 22.7  23.0  23.4  23.3  22.7  22.7  23.1  23.2  23.7  24.4  25.8  24.4  22.7  22.9  22.8  22.7  22.6  22.5  22.7  22.7  22.7  22.4  23.0  22.7  22.7  22.8  23.1  23.1  23.2  23.2  23.5  23.3 
 23.0  23.2  23.2  23.2  22.9  22.6  23.0  23.0  23.9  25.0  27.5  25.1  22.9  22.5  22.6  22.9  22.7  22.3  22.6  22.7  22.7  22.7  23.0  23.1  22.8  22.5  23.2  23.2  22.9  22.7  23.0  23.3 
 23.4  22.9  23.4  23.4  22.7  22.7  23.0  22.9  23.1  23.4  24.2  23.4  22.7  22.7  22.8  22.6  22.5  22.5  22.7  22.8  22.6  22.5  23.0  22.9  22.6  22.6  23.2  22.9  22.7  23.1  23.2  22.5 
 23.5  23.1  23.4  23.5  22.9  22.6  23.0  23.0  22.7  22.5  22.9  22.9  22.9  22.6  22.7  22.8  22.7  22.5  22.7  22.7  22.9  22.5  22.9  23.0  22.9  22.5  22.9  23.0  22.9  22.8  23.4  23.0 
 23.3  23.4  23.6  23.5  23.3  23.1  23.0  22.9  22.7  22.8  23.0  23.0  22.5  22.6  22.7  22.8  22.5  22.6  22.8  22.9  22.6  22.5  22.8  22.9  22.9  22.6  23.1  23.1  22.9  22.6  23.7  23.3 
 24.3  24.0  24.6  24.7  24.6  24.3  23.7  23.5  23.0  22.9  22.8  22.9  22.5  22.5  22.6  22.9  22.7  22.5  22.7  22.9  22.8  22.4  22.7  22.9  22.8  22.7  23.0  23.1  22.8  22.8  23.2  23.5 
 24.2  24.5  25.4  25.3  25.5  25.7  25.1  24.4  23.2  22.9  23.1  23.0  22.7  22.5  22.9  22.8  22.7  22.7  22.8  22.9  22.6  22.6  22.8 nan  22.5  22.5  23.0  23.2  23.0  22.6  23.5  23.3 
 25.4  24.9  26.3  26.9  28.5  29.5  38.0  42.0  39.7  33.6  23.6  23.2  22.9  22.6  22.9  22.9  22.6  22.4  22.8  22.8  22.7  22.6  22.7  22.8  22.9  22.8  23.2  23.3  23.2  22.9  23.6  23.4 
 25.3  25.5  26.9  27.6  29.9  32.5  47.6  54.3  58.6  51.7  24.9  23.4  22.8  22.8  23.0  22.9  22.6  22.5  22.9  23.0  22.6  22.6  23.0  22.9  22.8  22.6  24.0  24.1  23.4  23.2  23.6  23.3 
 25.9  25.7  27.6  28.5  32.6  36.6  57.6  66.7  77.8  73.4  30.7  24.9  23.0  22.8  23.0  23.0  22.8  22.7  23.0  22.8  22.5  22.5  22.9  22.8  22.7  23.0  25.3  25.6  23.3  23.1  23.5  23.7 
 25.6  25.8  27.6  28.2  32.4  36.9  57.3  68.9  87.2  82.2  30.6  24.7  22.9  23.0  22.9  23.0  22.8  22.7  22.9  22.9  22.6  22.6  22.9  23.0  22.6  22.7  24.2  24.4  23.2  23.0  23.6  23.5 
 25.9  25.7  27.4  27.9  30.1  31.6  45.6  55.7  67.9  57.1  25.6  23.8  23.0  22.7  22.9  22.9  22.8  22.6  22.7  22.8  22.9  22.4  22.7  23.0  22.8  22.4  23.0  23.3  23.1  23.0  23.7  24.0 
 25.9  25.8  27.0  27.4  28.4  29.6  37.7  42.8  46.2  39.1  23.8  23.4  23.0  22.8  23.0  23.1  22.7  22.8  23.1  23.1  22.8  22.7  23.0  22.9  22.8  22.7  23.2  23.2  23.2  23.3  23.6  23.8 
 26.1  25.9  26.7  26.8  27.1  27.2  28.8  29.4  28.1  26.1  23.9  23.5  23.2  22.9  23.1  23.1  22.8  22.9  23.0  23.2  23.0  22.6  23.1  23.2  22.9  22.8  23.2  23.2  23.2  23.1  23.6  24.1 
 25.4  25.9  26.4  26.6  26.4  26.4  27.5  27.5  26.2  25.1  23.8  23.3  23.0  23.0  23.3  23.0  23.0  22.8  23.3  23.2  22.9  22.7  23.2  23.2  22.9  22.7  23.5  23.4  23.4  23.4  24.0  24.4 
 25.6  25.4  25.8  25.9  25.8  25.7  26.0  26.1  24.9  24.2  23.7  23.7  23.2  23.1  23.3  23.2  23.0  22.9  23.1  23.3  23.0  22.9  23.1  23.2  23.3  22.7  23.2  23.8  23.4  23.1  24.3  24.9 
 25.5  25.5  26.1  25.9  25.5  25.6  25.7  25.6  24.4  24.1  23.9  23.7  23.2  23.1  23.2  23.4  22.9  22.7  23.1  23.1  22.9  22.9  23.4  23.3  23.0  22.8  23.7  23.6  23.3  23.5  25.0  26.1 
 26.9  25.6  25.8  25.8  25.3  24.7  25.0  24.9  24.1  23.8  23.7  23.9  23.3  23.0  23.3  23.4  23.3  23.0  23.4  23.5  23.3  22.8  23.6  23.7  23.3  23.0  23.9  24.2  24.4  24.0  25.6  26.7 
 26.7  26.5  25.7  25.7  25.0  25.0  25.0  24.7  24.2  23.8  23.8  23.9  23.3  23.2  23.4  23.4  23.1  23.2  23.6  23.3  23.2  23.1  23.6  23.9  23.2  23.2  24.5  25.0  24.4  24.7  27.0  27.5 
