 24.5  23.3  23.6  23.6  23.3  23.3  23.4  23.3  23.0  22.8  23.4  23.3  22.9  22.5  23.0  23.1  22.9  22.6  23.0  23.3  23.1  22.5  23.2  23.2  23.1  22.8  23.4  23.6  23.5  23.6  24.6  25.5 
 23.6  23.5  24.1  23.8  23.3  23.1  23.4  23.2  22.9  23.1  23.2  23.2  23.1  22.9  23.1  23.0  22.7  23.0  22.9  23.0  22.9  22.9  23.1  22.9  22.8  23.1  23.6  23.5  23.4  23.3  24.4  25.0 
 23.5  23.1  23.7  23.9  23.0  22.7  23.2  23.1  23.1  22.9  23.3  23.2  23.0  22.8  23.1  23.0  22.9  22.6  22.9  22.9  22.9  22.8  23.0  23.3  23.1  22.9  23.3  23.6  23.3  23.4  23.8  24.4 
 23.3  23.4  23.7  23.4  23.0  22.7  23.3  23.1  22.9  23.1  23.4  23.3  22.7  22.7  23.1  22.9  22.7  22.7  23.1  23.0  22.6  22.8  23.1  23.1  22.7  22.9  23.6  23.3  23.3  24.0  24.1  24.0 
 23.5  23.0  23.3  23.5  23.1  22.7  23.0  23.4  23.5  23.6  24.1  23.6  22.7  22.7  22.7  22.9  22.7  22.6  22.9  23.1  22.8  22.6  23.0  23.2  23.0  22.9  23.2  23.5  23.7  23.6  23.7  23.9 
 23.2  23.1  23.5  23.3  22.8  22.9  23.4  23.3  23.5  24.6  26.1  24.2  22.8  22.8  22.9  23.0  22.6  22.7  22.9  22.9  22.7  22.7  22.9  23.1  23.0  22.8  23.1  23.2  22.8  23.3  23.8  23.6 
 23.3  23.1  23.3  23.3  22.9  23.0  23.1  23.4  23.9  25.0  27.8  25.2  23.0  22.6  22.7  22.9  22.7  22.4  22.8  22.9  22.9  22.7  23.1  23.0  22.8  22.9  23.0  23.3  23.2  22.8  23.6  23.8 
 23.4  23.3  23.6  23.2  22.9  22.9  23.1  23.2  23.3  23.6  24.6  23.6  22.8  22.8  23.1  22.9  22.8  22.6  23.0  22.7  22.6  22.6  23.1  23.1  22.8  22.8  23.2  23.2  22.8  22.9  23.5  22.6 
 23.6  23.1  23.3  23.5  23.2  22.7  23.1  23.1  22.9  22.7  22.9  23.1  22.9  22.6  22.9  23.1  22.7  22.7  22.8  22.9  22.7  22.8  23.0  23.0  22.9  22.8  23.2  23.2  23.0  23.0  23.3  23.6 
 23.6  23.2  23.7  23.7  23.4  23.2  23.4  23.2  22.8  23.0  23.1  23.0  22.7  22.8  23.0  23.0  22.6  22.8  23.0  22.9  22.8  22.8  23.0  22.9  22.9  22.7  23.2  23.4  22.9  23.0  23.5  23.7 
 24.2  24.0  24.7  25.0  24.7  24.2  23.7  23.9  23.0  22.7  23.0  23.0  22.7  22.6  23.0  23.3  22.7  22.6  22.9  23.0  22.8  22.6  22.9  23.0  22.6  22.9  22.9  23.3  22.9  22.7  23.3  23.8 
 24.5  24.6  25.4  25.6  25.6  25.6  25.4  24.5  23.3  23.2  23.3  23.0  22.8  22.8  22.9  22.9  22.7  22.7  23.0  23.1  22.7  22.8  23.0 nan  22.6  22.7  23.0  23.2  23.1  22.8  23.6  23.6 
 25.4  25.2  26.4  27.3  28.6  29.7  37.9  42.0  39.8  33.8  23.6  23.4  22.9  22.7  23.0  23.2  22.9  22.7  23.2  22.9  22.9  22.5  23.0  23.0  22.9  22.7  23.3  23.7  23.3  23.1  23.7  23.9 
 25.7  25.7  27.1  27.6  30.2  32.6  47.8  54.4  58.5  51.9  25.0  23.6  22.9  22.9  23.1  23.0  22.7  22.6  23.0  23.0  22.7  22.7  23.2  23.2  22.9  22.8  24.0  24.5  23.5  23.3  23.6  23.4 
 25.7  25.9  27.7  28.7  32.5  36.6  57.8  66.8  77.8  73.4  30.7  25.1  23.1  23.0  22.9  23.2  23.0  22.7  23.0  23.0  22.8  22.5  23.1  22.9  23.0  22.8  25.8  25.5  23.4  23.0  23.6  23.8 
 26.0  26.2  28.0  28.7  32.6  37.0  57.4  69.1  87.2  82.3  30.6  25.0  23.0  22.9  23.0  23.1  22.8  22.9  23.1  23.2  22.6  22.8  23.0  23.0  22.7  22.7  24.2  24.7  23.3  23.4  23.9  23.8 
 26.0  26.0  27.4  28.4  30.2  31.7  45.7  55.7  67.8  57.3  25.4  23.8  23.1  22.9  23.2  23.0  22.8  22.6  23.1  23.1  23.0  22.7  22.8  23.1  23.0  22.7  23.3  23.5  23.4  23.3  23.7  24.2 
 25.7  26.1  27.3  27.6  28.4  29.7  37.9  42.9  46.3  39.2  24.2  23.7  23.1  23.0  23.2  23.0  22.8  22.9  23.3  23.1  22.9  22.8  23.1  23.2  22.8  23.0  23.4  23.3  23.3  23.2  24.0  24.0 
 26.2  25.8  26.7  27.2  27.2  27.4  28.8  29.4  28.3  26.2  23.9  23.5  23.2  22.8  23.1  23.3  23.0  22.8  23.1  23.3  23.1  22.8  23.1  23.4  23.1  22.8  23.3  23.4  23.3  23.5  23.9  24.2 
 25.4  25.8  26.5  26.8  26.7  26.7  27.7  27.9  26.3  25.3  23.9  23.5  23.1  23.2  23.2  23.3  22.9  23.2  23.2  23.2  22.7  23.0  23.2  23.3  22.9  23.0  23.4  23.5  23.2  23.4  24.3  24.3 
 26.1  25.5  26.1  26.3  26.0  25.8  26.1  26.3  25.1  24.2  23.9  23.9  23.4  23.0  23.2  23.5  23.3  23.0  23.3  23.4  23.1  22.7  23.5  23.5  23.3  23.0  23.5  23.9  23.5  23.2  24.2  25.0 
 25.7  26.0  26.4  26.0  25.6  25.6  25.8  25.8  24.7  24.3  24.0  23.8  23.2  23.0  23.6  23.4  23.0  23.1  23.4  23.3  23.1  23.2  23.5  23.4  23.1  23.3  23.7  23.9  23.5  23.4  24.9  25.6 
 26.2  25.9  25.8  26.1  25.4  25.2  25.3  25.0  24.5  24.0  24.0  24.1  23.6  23.2  23.5  23.8  23.4  23.3  23.6  23.6  23.4  23.0  23.7  23.8  23.4  22.9  24.3  24.5  24.2  23.9  26.1  27.3 
 26.8  26.9  25.9  25.8  25.0  25.1  25.1  25.0  24.2  24.0  24.1  24.0  23.3  23.3  23.6  23.4  23.3  23.3  23.9  23.6  23.2  23.4  23.7  23.8  23.4  23.6  24.9  24.9  24.8  24.8  27.2  27.6 
