 24.6  23.4  23.2  23.4  24.0  23.8  23.9  24.1  23.7  23.6  23.8  23.8  23.8  23.6  23.7  23.8  23.8  23.7  23.9  23.9  24.0  23.6  23.8  23.9  23.9  23.8  24.1  24.2  24.3  24.3  24.9  25.3 
 23.9  23.6  23.5  23.8  23.9  24.0  23.9  24.1  23.8  23.6  23.7  23.7  23.8  23.7  23.7  23.6  23.7  23.6  23.6  23.7  24.0  23.8  23.7  23.9  23.8  24.3  24.0  24.2  23.9  24.2  24.9  25.5 
 23.6  23.4  23.7  23.7  24.2  23.8  24.0  23.7  23.7  23.4  23.5  23.7  23.7  23.6  23.5  23.7  23.9  23.5  23.8  23.9  24.0  23.7  23.8  24.1  23.8  23.9  23.9  24.0  24.3  23.8  24.3  24.4 
 22.9  23.3  23.4  23.7  24.0  23.9  24.0  23.9  23.7  23.5  23.7  23.5  23.5  23.4  23.5  23.7  23.7  23.9  23.5  23.7  23.8  23.8  23.9  23.9  23.7  23.9  23.9  23.9  23.8  24.1  24.0  24.5 
 24.0  23.6  23.8  24.0  24.0  23.9  23.9  23.6  23.7  23.5  23.4  23.6  23.7  23.5  23.5  23.6  23.6  23.5  23.6  23.8  23.7  23.4  23.7  23.7  23.7  23.7  24.1  23.8  24.0  23.9  24.2  24.3 
 23.6  23.8  23.9  24.1  23.9  24.1  23.9  23.8  23.6  23.7  23.6  23.7  23.4  23.5  23.5  23.6  23.6  23.7  23.7  23.7  23.7  23.7  23.6  23.8  23.7  23.6  23.7  23.8  23.9  24.0  24.1  23.9 
 24.1  23.6  23.9  23.7  24.1  23.7  23.6  23.8  23.7  23.5  23.6  23.8  23.6  23.6  23.5  23.7  23.6  23.5  23.7  23.6  23.8  23.5  23.6  23.6  23.9  23.6  23.7  24.0  24.1  24.0  23.8  24.3 
 23.9  23.7  24.0  24.1  23.7  23.8  23.9  23.6  23.6  23.7  23.8  23.7  23.6  23.6  23.6  23.6  23.7  23.4  23.6  23.6  23.6  23.5  23.6  23.8  23.6  23.7  23.7  23.9  23.8  23.9  23.7  23.5 
 24.2  24.0  23.8  24.1  23.9  24.0  23.8  23.8  23.7  23.7  23.7  23.8  23.6  23.4  23.6  23.7  23.5  23.6  23.6  23.6  23.8  23.4  23.6  23.8  23.7  23.7  23.9  24.0  24.0  24.1  24.1  23.7 
 24.4  24.0  24.0  24.1  24.0  23.9  23.8  23.8  23.6  23.7  23.6  23.8  23.4  23.5  23.7  23.6  23.4  23.6  23.4  23.7  23.6  23.6  23.7  23.7  23.8  23.7  24.1  23.9  23.9  24.1  24.3  24.2 
 24.0  24.2  24.0  24.2  24.0  23.8  23.9  23.7  23.8  23.6  23.7  23.6  23.7  23.6  23.6  23.7  23.8  23.5  23.7  23.7  23.6  23.5  23.6  23.9  23.7  23.7  23.6  23.8  24.1  24.0  24.0  24.1 
 24.1  24.1  24.1  23.9  23.9  24.0  23.7  23.9  23.7  23.7  23.8  23.8  23.5  23.6  23.6  23.5  23.5  23.5  23.6  23.8  23.7  23.7  23.7 nan  23.6  23.7  23.8  24.0  24.0  24.0  24.1  24.2 
 24.2  23.8  23.9  24.0  23.9  23.7  23.9  23.9  23.8  23.6  23.7  23.8  23.6  23.4  23.7  23.6  23.7  23.5  23.6  23.7  23.8  23.7  23.8  23.8  23.9  23.7  23.9  23.8  23.9  23.6  24.0  24.0 
 24.3  24.0  24.1  24.3  24.0  24.0  23.9  23.9  23.6  23.7  23.7  23.8  23.7  23.7  23.7  23.7  23.7  23.6  23.7  23.7  23.6  23.7  23.8  23.9  23.8  23.9  23.7  23.8  24.1  23.9  24.2  24.4 
 24.3  24.1  24.2  24.2  24.0  23.9  23.9  24.0  23.8  23.6  23.7  23.8  23.8  23.6  23.7  23.6  23.6  23.6  23.8  23.8  23.7  23.6  24.4  24.5  24.7  24.6  24.4  24.1  24.2  24.1  24.3  24.3 
 24.3  24.2  24.2  24.1  23.9  23.9  23.8  24.0  23.8  23.8  23.7  23.6  23.7  23.7  23.7  23.7  23.7  23.6  23.7  23.7  23.8  24.1  25.1  25.4  26.5  25.7  24.6  24.4  24.2  24.4  24.2  24.3 
 24.5  24.0  24.0  24.1  24.1  23.9  24.1  24.0  23.9  23.5  23.7  23.7  23.8  23.6  23.8  23.6  23.7  23.7  23.6  23.7  24.9  25.5  26.8  26.8  27.7  27.3  25.1  24.7  24.3  24.2  24.4  24.5 
 24.4  24.4  24.1  24.3  24.0  23.8  23.9  24.0  23.8  24.1  23.8  23.8  23.7  23.6  23.5  23.7  23.6  23.7  23.7  23.9  25.4  26.8  27.4  27.1  27.5  27.0  25.3  24.6  24.1  24.3  24.5  24.5 
 24.6  24.2  24.4  24.4  24.2  24.0  24.0  24.1  24.1  23.8  23.9  23.7  24.0  23.8  23.8  23.7  23.8  23.8  23.7  24.0  26.5  28.4  28.8  28.2  26.6  26.0  25.1  24.6  24.7  24.5  24.7  24.7 
 24.4  24.7  24.3  24.4  24.1  24.0  24.2  24.0  23.8  24.1  24.1  23.9  23.8  23.7  23.8  23.7  23.9  23.7  24.0  24.2  26.0  27.1  27.5  27.0  25.7  25.4  24.7  24.9  24.3  24.7  24.8  25.0 
 24.6  24.4  24.6  24.5  24.3  24.0  23.9  24.0  24.0  23.9  24.0  24.0  24.0  23.8  23.8  23.7  23.8  23.5  24.1  24.5  25.0  25.3  25.3  25.0  25.0  24.5  24.7  24.8  24.5  24.3  25.0  25.7 
 24.3  24.7  24.5  24.5  24.2  24.4  24.2  24.3  24.1  24.0  23.9  24.2  23.8  23.9  23.8  24.1  23.8  23.7  24.0  24.4  24.5  24.5  24.6  24.7  24.7  24.5  24.6  24.9  24.4  24.6  25.4  26.7 
 25.9  25.3  24.5  24.7  24.5  24.1  24.4  24.1  24.2  23.9  24.0  24.1  23.9  23.8  24.0  24.0  24.0  23.9  24.5  24.5  24.5  24.3  24.6  24.7  24.6  24.2  24.5  25.1  24.7  24.8  26.3  26.4 
 25.2  25.3  24.7  24.7  24.5  24.2  24.5  24.4  24.0  24.0  23.9  24.1  23.9  24.0  24.0  23.9  23.9  24.2  24.5  24.4  24.3  24.2  24.5  24.6  24.4  24.4  24.9  24.9  24.8  25.6  26.8  27.7 
