 24.3  23.2  23.8  23.7  23.5  22.9  22.9  23.0  23.0  22.4  23.1  23.1  22.9  22.6  22.8  23.0  23.0  22.4  23.0  22.8  22.7  22.5  23.0  23.2  22.9  22.5  23.2  23.5  23.3  23.3  24.4  25.0 
 23.9  23.7  23.6  23.8  22.9  23.2  23.1  23.6  22.5  23.1  23.2  23.1  22.6  22.8  22.8  23.0  22.5  22.4  22.9  23.1  22.8  22.7  22.8  23.2  22.7  23.2  23.1  23.0  22.9  23.5  24.1  25.0 
 23.6  23.1  23.8  23.3  23.1  22.7  22.9  23.0  23.1  22.7  23.3  23.1  22.6  22.4  22.8  22.9  22.6  22.4  22.9  22.7  22.9  22.5  23.0  22.9  23.2  22.7  23.3  23.5  23.4  23.1  24.2  24.0 
 23.2  23.1  23.4  23.7  22.6  22.7  23.1  23.3  22.9  23.0  23.3  23.0  22.6  22.8  22.7  22.9  22.5  22.5  22.9  22.9  22.6  22.8  23.2  22.9  22.6  23.0  23.2  23.2  22.9  23.8  24.2  24.2 
 23.6  23.0  23.4  23.3  23.1  22.4  23.0  23.0  23.4  23.3  24.1  23.6  22.7  22.5  22.9  22.8  22.7  22.3  22.7  22.7  22.7  22.3  22.8  22.9  23.0  22.6  23.2  23.2  23.4  23.6  23.9  23.7 
 22.7  22.9  23.1  23.4  22.6  22.8  23.3  23.2  23.5  24.5  26.0  24.3  22.7  22.6  22.6  22.9  22.4  22.6  22.8  23.0  22.4  22.6  22.9  23.1  22.7  22.8  23.1  23.2  23.0  23.3  23.5  23.4 
 23.2  23.0  23.3  22.9  23.0  22.5  23.1  23.1  23.9  25.0  27.7  24.9  22.8  22.4  22.7  22.8  22.7  22.4  22.8  22.7  22.8  22.4  22.9  22.8  23.0  22.5  23.2  23.1  23.1  23.0  23.3  23.2 
 23.1  23.0  22.8  23.2  22.6  22.8  23.1  23.0  22.9  23.4  24.3  23.6  22.6  22.8  22.8  22.8  22.4  22.6  22.7  22.8  22.5  22.8  23.0  22.9  22.6  22.8  23.0  23.2  22.6  22.9  23.1  22.6 
 23.4  23.1  23.4  23.4  22.9  22.7  23.1  23.0  22.9  22.4  22.9  22.9  22.9  22.5  22.7  22.7  22.8  22.5  22.8  22.6  22.7  22.5  23.2  22.8  23.0  22.5  22.8  22.9  23.0  22.6  23.3  23.0 
 23.3  23.5  23.6  23.3  23.0  23.0  23.2  23.0  22.6  22.9  23.0  22.9  22.5  22.8  22.7  22.9  22.5  22.7  22.7  22.9  22.5  22.7  22.8  22.9  22.6  22.7  23.1  23.1  22.9  23.0  23.4  23.4 
 24.1  24.0  24.8  24.9  24.6  24.2  23.7  23.4  23.1  22.6  22.9  22.9  22.8  22.5  22.9  22.8  22.8  22.5  22.7  22.7  23.0  22.6  22.9  23.0  22.7  22.5  22.9  22.9  22.9  22.8  23.6  23.3 
 24.1  24.6  25.0  25.4  25.2  25.7  25.1  24.4  23.1  23.1  23.0  23.1  22.6  22.5  22.7  22.9  22.5  22.7  22.8  22.8  22.5  22.8  22.9 nan  22.5  22.6  22.9  23.1  22.7  22.8  23.2  23.6 
 25.1  24.8  26.3  26.8  28.6  29.3  38.0  41.9  39.8  33.5  23.4  23.3  22.9  22.6  22.9  23.0  23.0  22.5  23.0  22.7  22.8  22.5  22.8  22.8  23.1  22.5  23.3  23.3  23.2  22.9  23.4  23.4 
 25.2  25.9  27.0  27.6  29.8  32.5  47.6  54.3  58.5  51.8  24.7  23.6  22.7  22.8  22.9  23.0  22.6  22.8  22.8  23.0  22.5  22.7  23.0  22.9  22.7  22.8  24.0  24.2  23.3  23.3  23.1  23.4 
 26.0  26.0  27.7  28.3  32.5  36.4  57.7  66.7  77.8  73.3  30.8  24.7  23.0  22.7  23.1  22.9  22.9  22.5  23.0  22.9  22.8  22.5  22.9  22.8  23.1  22.7  25.7  25.1  23.4  22.9  23.6  23.4 
 25.7  25.9  27.8  28.3  32.4  36.8  57.3  68.9  87.2  82.3  30.4  24.8  22.8  23.0  23.0  23.0  22.6  22.7  22.9  22.9  22.5  22.8  22.9  23.1  22.4  22.7  24.0  24.6  23.2  23.3  23.5  23.6 
 26.2  25.8  27.4  28.0  30.2  31.6  45.6  55.7  67.9  57.0  25.5  23.8  23.1  22.7  23.0  23.0  23.0  22.6  23.0  22.9  22.9  22.5  22.8  22.8  23.0  22.6  23.1  23.3  23.5  22.8  23.9  23.6 
 25.4  25.8  27.0  27.4  28.4  29.6  37.7  42.9  46.3  39.1  24.1  23.5  22.9  23.0  23.1  23.1  22.7  22.8  23.0  23.1  22.6  22.8  23.0  23.1  22.8  22.9  23.4  23.2  23.1  23.0  23.6  23.8 
 25.9  25.5  26.7  26.8  27.2  27.2  28.8  29.2  28.0  26.1  23.9  23.4  23.2  22.9  23.2  23.1  23.1  22.7  23.1  23.0  22.9  22.5  23.0  23.2  23.1  22.9  23.3  23.2  23.5  23.1  23.9  23.9 
 25.4  26.0  26.1  26.6  26.4  26.8  27.6  27.6  26.3  25.3  23.7  23.6  23.0  23.1  23.2  23.1  22.9  23.0  23.2  23.1  22.8  22.9  23.0  23.2  22.7  23.0  23.4  23.4  23.1  23.4  24.0  24.5 
 25.9  25.1  26.1  26.1  25.9  25.6  26.1  25.9  25.1  24.2  23.8  23.6  23.3  23.1  23.2  23.4  23.0  22.8  23.1  23.3  23.1  22.6  23.2  23.2  23.2  23.0  23.3  23.5  23.0  23.2  24.0  24.9 
 25.3  25.5  25.8  26.0  25.3  25.7  25.8  25.7  24.4  24.4  23.8  23.7  23.1  23.3  23.1  23.5  22.8  23.0  23.1  23.2  22.8  23.0  23.3  23.4  22.8  23.1  23.7  23.6  23.3  23.8  24.8  25.3 
 26.5  25.8  25.8  25.8  25.4  24.7  25.3  24.8  24.6  23.8  23.9  24.0  23.6  23.2  23.4  23.5  23.2  22.9  23.4  23.2  23.4  23.0  23.5  23.5  23.4  23.0  24.0  24.3  24.2  24.0  26.1  26.7 
 27.0  26.6  25.7  26.1  25.0  25.0  24.9  24.9  23.8  23.9  24.0  23.9  23.1  23.2  23.4  23.3  23.1  23.1  23.5  23.5  23.0  23.1  23.5  23.6  22.9  23.5  24.5  25.1  24.4  24.8  26.2  27.6 
