 24.3  23.4  23.5  23.4  23.8  23.8  24.2  23.8  23.7  23.7  23.9  23.8  23.5  23.7  23.6  23.9  23.7  23.6  24.1  23.9  23.8  23.8  24.2  24.2  24.0  24.0  24.2  24.4  24.5  24.3  25.4  26.3 
 23.7  23.6  23.7  23.4  23.8  23.7  24.0  24.1  23.8  23.6  23.9  23.9  23.7  23.6  23.9  23.8  23.7  23.7  24.1  23.9  23.9  23.7  24.0  24.2  24.0  24.0  24.2  24.3  24.4  24.2  25.4  25.6 
 23.6  23.0  23.9  23.7  24.0  23.6  24.0  23.9  23.6  23.5  23.6  23.7  23.6  23.7  23.8  23.8  23.7  23.6  23.6  23.9  23.7  23.7  24.0  24.1  24.1  23.9  24.1  24.6  23.9  24.0  24.5  24.6 
 22.9  23.3  23.6  23.9  24.0  23.9  23.8  24.0  23.6  23.6  23.8  23.8  23.6  23.6  23.7  23.8  23.6  23.5  23.9  23.8  23.7  23.7  23.8  23.9  23.9  24.0  24.1  24.2  24.0  24.0  24.4  24.7 
 23.6  23.8  24.1  23.9  24.0  23.9  23.9  23.8  23.7  23.5  23.7  23.7  23.5  23.5  23.7  23.7  23.6  23.6  23.9  23.8  23.6  23.6  23.8  24.0  23.7  23.7  24.2  24.2  23.7  24.2  24.4  24.3 
 23.7  23.8  24.0  23.9  23.9  23.7  24.0  23.9  23.7  23.6  23.8  23.7  23.5  23.5  23.8  23.7  23.7  23.7  23.8  23.8  23.6  23.6  23.8  23.8  24.0  23.6  24.0  24.1  24.0  24.3  24.6  24.1 
 23.7  23.6  23.8  23.9  24.0  23.8  23.8  23.9  23.6  23.6  23.8  23.7  23.6  23.5  23.6  23.7  23.6  23.6  23.7  23.7  23.8  23.6  23.7  23.8  23.8  23.6  24.1  24.1  24.1  23.6  24.1  24.1 
 23.9  23.7  23.8  24.1  23.9  23.8  23.9  23.9  23.6  23.5  23.9  23.8  23.6  23.6  23.7  23.6  23.7  23.5  23.7  23.9  23.6  23.7  23.7  23.8  23.9  23.6  23.8  23.9  23.9  24.0  24.2  23.5 
 24.2  24.1  24.2  24.1  23.8  23.8  23.9  23.8  23.6  23.5  23.9  23.8  23.7  23.6  23.7  23.7  23.7  23.7  23.7  23.8  23.7  23.5  23.8  23.8  23.9  23.7  23.8  24.2  24.0  23.9  24.0  24.6 
 24.4  23.8  24.2  24.2  24.2  23.9  23.8  23.9  23.5  23.7  23.7  23.9  23.6  23.3  23.6  23.6  23.6  23.6  23.6  23.8  23.7  23.5  23.8  23.8  23.9  23.6  24.0  24.2  23.9  24.0  24.6  24.0 
 24.3  24.0  24.4  24.3  23.9  23.8  23.9  23.9  23.6  23.8  23.7  23.8  23.5  23.5  23.6  23.7  23.5  23.6  23.8  23.9  23.6  23.8  23.8  24.0  23.7  23.8  23.9  24.0  24.1  24.1  24.4  24.3 
 24.0  24.0  24.1  24.2  23.9  24.0  23.9  23.9  23.7  23.6  23.9  23.8  23.8  23.6  23.7  23.7  23.6  23.6  23.8  23.9  23.7  23.7  23.9 nan  23.7  23.7  23.9  24.1  24.0  24.0  24.2  24.4 
 24.2  24.1  24.2  24.0  23.8  23.8  23.9  23.9  23.7  23.6  23.9  23.8  23.7  23.7  23.8  23.7  23.6  23.5  23.9  23.8  23.7  23.6  23.8  23.8  23.8  23.7  24.1  24.0  24.0  24.0  24.6  24.4 
 24.1  24.0  24.4  24.4  24.0  23.9  24.3  23.9  23.7  23.7  23.9  24.0  23.6  23.6  23.8  23.7  23.6  23.5  23.9  23.9  23.8  23.6  23.9  23.9  23.8  23.8  24.0  24.0  24.0  23.9  24.4  24.2 
 24.3  24.2  24.3  24.4  24.0  23.9  24.1  24.0  23.7  23.8  23.7  24.0  23.7  23.6  23.7  23.8  23.6  23.6  24.0  23.8  23.8  23.9  24.5  24.6  24.7  24.6  24.4  24.5  24.0  24.1  24.3  24.5 
 24.3  24.0  24.6  24.2  23.9  23.9  24.0  24.0  23.8  23.8  23.9  23.9  23.8  23.7  23.7  23.8  23.6  23.5  23.8  23.8  23.6  24.0  25.5  25.6  26.6  25.9  24.7  24.7  24.4  24.2  24.6  24.5 
 24.1  24.0  24.4  24.1  24.0  23.8  24.2  24.2  23.9  23.7  23.8  23.8  23.7  23.5  23.9  23.8  23.5  23.5  23.9  23.7  24.8  25.5  27.0  26.9  27.8  27.6  25.4  25.0  24.3  24.2  24.9  24.7 
 24.3  24.1  24.1  24.4  24.0  23.9  24.2  24.1  23.8  23.7  23.9  23.8  23.9  23.7  23.7  23.9  23.6  23.6  23.8  24.0  25.4  27.0  27.7  27.4  27.5  27.3  25.3  24.8  24.4  24.3  24.9  24.5 
 24.2  24.2  24.4  24.7  24.2  23.9  24.3  24.3  24.2  23.9  24.0  23.9  23.6  23.7  23.9  24.0  23.8  23.8  23.9  24.2  26.2  28.5  29.0  28.2  26.9  26.2  25.0  24.9  24.7  24.3  25.1  24.9 
 24.4  24.5  24.3  24.5  24.1  24.1  24.2  24.2  23.7  23.9  24.0  23.9  23.9  23.7  23.9  23.7  23.7  23.5  24.1  24.3  25.9  27.3  27.8  27.3  25.9  25.4  24.9  24.7  24.3  24.7  25.2  25.2 
 24.8  24.4  24.7  24.8  24.2  24.1  24.2  24.4  24.0  23.9  24.0  24.1  23.7  23.9  23.9  23.9  23.7  23.9  24.2  24.5  24.8  25.2  25.4  25.1  25.1  24.8  24.9  25.0  24.7  24.9  25.4  26.0 
 24.7  24.7  24.6  24.6  24.1  24.2  24.1  24.3  24.0  23.9  23.9  24.0  24.0  23.9  23.9  24.2  23.8  23.8  24.5  24.7  24.5  24.6  25.0  24.7  24.7  24.6  25.0  24.9  24.6  24.8  25.7  26.1 
 25.4  24.9  24.5  24.8  24.7  24.1  24.5  24.2  23.9  24.1  24.0  24.2  23.9  23.8  24.2  24.0  23.9  23.7  24.6  24.6  24.4  24.3  24.7  24.4  24.6  24.5  24.8  25.1  24.9  25.0  27.0  27.3 
 25.5  25.3  24.9  24.9  24.7  24.4  24.5  24.5  24.0  23.9  24.2  24.0  24.0  23.7  23.9  24.0  24.0  23.8  24.5  24.7  24.5  24.1  24.6  24.8  24.4  24.3  24.6  24.9  25.1  25.8  28.1  27.2 
