 24.2  23.4  23.4  23.6  22.9  23.0  22.8  23.0  23.0  22.4  22.8  23.2  22.6  22.4  22.8  23.0  22.7  22.6  23.0  23.0  22.5  22.6  23.8  25.2  27.3  27.4  29.6  30.1  30.0  29.3  30.2  30.9 
 23.6  23.1  23.9  23.7  23.0  22.7  23.0  22.9  22.5  22.5  23.0  22.9  22.6  22.5  23.0  22.8  22.4  22.3  22.8  22.8  22.7  22.5  23.4  24.3  26.6  27.7  29.5  29.5  29.1  28.6  29.8  30.1 
 23.5  23.0  23.5  23.3  23.3  22.6  22.9  23.2  22.7  22.5  22.7  23.0  22.5  22.4  22.9  22.8  22.6  22.5  22.8  22.8  22.7  22.9  23.1  23.2  24.1  24.5  27.6  28.9  29.6  29.6  30.5  30.8 
 23.3  23.2  23.5  23.3  22.6  22.6  23.1  23.0  22.7  22.7  23.0  22.9  22.6  22.6  22.8  22.8  22.6  22.4  22.8  22.9  22.7  22.6  23.0  23.0  23.2  23.6  27.1  27.9  29.4  29.4  30.7  30.6 
 23.4  23.2  23.0  23.4  22.7  22.7  23.0  23.3  23.3  23.1  23.0  22.9  22.6  22.6  22.9  22.8  22.5  22.6  22.8  22.9  22.8  22.7  23.0  23.1  24.0  25.3  28.7  30.3  31.0  30.6  30.4  30.3 
 23.1  23.0  23.2  23.2  22.8  22.7  23.1  23.0  23.6  23.7  23.1  22.8  22.4  22.7  22.9  22.7  22.6  22.5  22.8  22.8  22.6  22.6  23.1  23.2  25.3  26.2  29.6  30.4  31.3  31.2  31.4  30.8 
 23.4  23.0  23.0  23.3  22.8  22.8  23.2  23.6  25.2  26.7  24.3  23.3  22.8  22.5  22.6  22.8  22.5  22.5  22.8  23.0  22.8  22.7  23.1  23.6  26.6  27.8  30.8  31.5  31.4  31.4  31.9  30.9 
 23.0  23.1  23.1  23.1  22.8  22.7  23.3  23.6  25.9  27.6  24.8  23.3  22.6  22.6  22.7  22.8  22.6  22.6  23.0  22.7  22.7  22.7  23.3  23.5  26.4  27.6  30.6  31.0  31.5  31.8  31.2  29.0 
 23.6  23.1  23.3  23.2  22.7  22.7  23.1  23.2  23.3  23.4  23.2  23.0  22.6  22.6  22.6  22.8  22.8  22.6  22.9  22.9  22.8  22.7  22.9  23.1  26.5  28.3  30.7  31.2  31.4  31.5  30.4  28.1 
 23.5  23.1  23.4  23.3  23.0  23.0  23.2  22.8  22.9  22.8  23.0  22.8  22.6  22.5  22.7  22.7  22.7  22.5  23.0  22.8  22.7  22.8  23.2  23.0  26.3  28.3  31.0  31.1  31.3  31.7  29.4  27.7 
 23.8  23.7  23.8  23.7  23.2  23.1  23.1  23.1  22.8  22.6  22.8  22.9  22.5  22.5  22.8  22.9  22.8  22.6  22.9  23.0  22.8  22.7  22.9  23.1  24.8  26.1  29.7  30.0  30.7  29.5  27.2  26.2 
 24.0  23.7  24.0  24.1  23.9  23.9  23.7  23.1  22.7  22.7  22.9  23.0  22.5  22.7  22.9  22.7  22.7  22.6  22.8  22.9  22.7  22.5  23.0 nan  23.1  24.3  27.9  29.5  29.1  28.2  25.8  25.5 
 24.4  24.2  25.0  25.6  26.3  26.5  29.1  29.7  27.6  25.9  23.0  23.2  22.6  22.7  22.8  22.9  22.7  22.5  22.8  22.8  22.8  22.6  22.9  23.2  23.0  22.9  24.8  25.6  25.3  24.6  24.8  24.9 
 24.4  24.7  25.9  26.2  27.5  28.6  36.6  42.2  44.9  39.5  24.0  23.3  23.0  22.8  22.8  22.5  22.6  22.5  22.9  22.9  22.6  22.6  23.0  23.0  22.9  22.9  23.6  24.1  24.2  23.9  24.5  24.4 
 25.0  25.2  26.5  27.3  29.9  32.6  51.7  60.5  71.2  67.6  34.2  25.8  22.9  22.6  22.8  22.7  22.8  22.6  22.7  22.8  22.7  22.4  22.9  23.0  23.0  22.8  23.2  23.3  23.4  23.4  24.2  24.4 
 25.6  25.4  27.0  27.3  30.3  33.4  52.4  61.0  76.3  75.9  39.0  26.5  22.8  22.8  22.8  22.8  22.7  22.4  22.8  22.8  22.6  22.6  22.8  22.9  22.9  22.8  23.3  23.3  23.3  23.3  24.0  24.3 
 25.5  25.6  26.9  27.3  29.9  31.9  45.8  55.4  78.6  78.4  34.1  25.6  23.0  22.6  22.9  22.9  22.7  22.6  23.0  23.1  22.7  22.7  22.9  23.0  23.0  22.7  23.3  23.5  23.5  23.1  24.0  24.4 
 25.3  25.4  26.5  26.9  28.7  30.1  39.0  45.0  61.0  58.4  28.1  24.3  22.8  22.9  23.1  23.0  22.7  22.6  23.2  23.0  22.8  22.7  23.2  23.1  22.9  22.8  23.3  23.5  23.1  23.1  24.1  23.9 
 25.5  25.4  26.4  26.6  27.0  27.4  29.5  30.9  32.1  30.2  24.5  23.5  22.9  22.7  23.0  23.2  23.2  22.8  23.0  23.2  22.9  22.8  23.1  23.2  23.0  22.8  23.3  23.7  23.4  23.1  23.7  24.0 
 25.3  25.6  26.3  26.3  26.7  26.5  28.1  28.1  28.0  27.1  24.1  23.5  22.9  22.9  23.2  23.0  22.7  22.8  23.2  22.8  22.9  22.9  23.3  23.1  22.9  23.0  23.5  23.5  23.3  23.1  24.3  24.3 
 25.4  25.2  25.9  25.9  25.8  25.7  26.1  26.4  25.7  24.9  23.9  23.9  23.2  23.1  23.1  23.2  22.9  22.9  23.1  23.2  23.1  22.8  23.4  23.1  23.3  22.9  23.4  23.8  23.6  23.6  24.8  25.2 
 25.5  25.1  25.5  25.8  25.6  25.6  25.8  25.9  25.1  24.9  23.8  23.7  23.1  23.1  23.1  23.1  22.8  22.8  23.2  23.2  22.9  22.8  23.2  23.0  23.1  22.8  23.7  24.0  24.1  24.3  25.3  25.9 
 26.4  25.8  25.6  25.9  25.3  25.0  25.5  25.0  24.6  24.0  23.8  23.9  23.3  23.0  23.3  23.3  23.1  22.9  23.5  23.3  23.4  23.1  23.7  23.8  23.4  23.4  24.6  25.0  24.8  24.4  26.6  27.5 
 26.5  26.0  25.7  25.6  25.2  25.0  25.2  24.9  24.1  23.9  24.1  23.7  23.2  23.3  23.3  23.3  23.2  23.0  23.4  23.2  23.3  23.1  23.7  23.6  23.9  24.0  25.0  25.5  24.8  25.2  27.4  27.0 
