 23.8  23.1  23.7  23.1  23.0  22.7  23.0  22.7  22.5  22.4  22.8  22.8  22.4  22.3  22.5  22.6  22.5  22.4  22.8  22.5  22.6  22.6  23.1  22.8  22.7  22.5  23.2  23.6  23.8  23.0  24.5  24.6 
 23.7  23.3  23.2  23.8  23.0  22.6  22.9  23.2  22.8  22.5  22.9  22.7  22.5  22.4  22.5  22.8  22.5  22.4  22.7  22.8  22.6  22.5  22.6  22.9  22.7  22.5  23.4  24.6  23.6  23.5  23.9  24.3 
 23.2  22.9  23.5  23.2  23.0  22.6  22.9  22.9  22.6  22.4  22.9  22.8  22.5  22.3  22.6  22.6  22.5  22.4  22.7  22.6  22.4  22.5  22.7  22.8  22.6  22.5  23.0  23.2  23.1  23.0  23.4  23.4 
 23.1  22.9  22.9  23.4  22.5  22.5  22.9  23.3  22.9  22.7  22.8  22.9  22.6  22.3  22.5  22.7  22.6  22.1  22.6  22.6  22.4  22.4  22.7  22.8  22.6  22.8  22.9  23.3  23.0  22.6  23.3  23.7 
 23.1  23.0  23.3  23.1  22.7  22.7  22.8  23.2  23.2  23.2  23.0  22.9  22.5  22.5  22.6  22.5  22.4  22.4  22.7  22.6  22.5  22.4  22.7  22.8  22.7  22.6  23.1  22.8  22.9  22.5  23.2  23.1 
 23.3  22.9  23.0  23.2  22.9  22.8  23.1  23.4  23.7  23.9  23.1  23.1  22.6  22.4  22.5  22.7  22.5  22.4  22.7  22.7  22.6  22.5  22.7  22.8  23.0  22.5  22.7  23.1  22.9  23.0  23.2  23.4 
 23.0  23.0  23.0  23.1  22.8  22.8  23.1  23.3  25.3  26.9  24.4  23.3  22.7  22.5  22.6  22.7  22.5  22.3  22.6  22.6  22.6  22.5  22.8  22.8  22.8  22.7  23.0  23.3  22.9  22.8  23.1  23.3 
 23.2  22.9  22.9  23.3  22.5  22.6  23.1  23.5  25.9  27.3  24.8  23.3  22.6  22.4  22.6  22.8  22.5  22.4  22.6  22.7  22.5  22.4  22.9  22.9  22.5  22.4  22.8  22.9  22.9  22.7  22.9  22.6 
 23.6  23.2  23.3  23.3  22.8  23.0  23.1  23.1  23.5  23.3  23.2  22.8  22.7  22.6  22.7  22.7  22.5  22.5  22.8  22.6  22.5  22.5  22.8  22.7  22.6  22.6  23.2  22.9  22.9  22.8  23.3  23.3 
 23.6  23.5  23.6  23.4  23.0  22.6  22.9  23.0  22.9  23.0  22.8  22.9  22.5  22.4  22.6  22.6  22.6  22.5  22.6  22.9  22.6  22.6  22.5  22.9  22.7  22.6  23.0  23.3  22.9  23.0  23.3  23.4 
 23.9  23.9  24.1  24.2  23.9  23.7  23.4  23.1  22.8  22.8  22.9  22.8  22.7  22.7  22.7  22.7  22.5  22.6  22.7  22.5  22.6  22.6  22.7  22.6  22.8  22.5  23.3  23.6  23.5  23.2  23.3  23.3 
 23.9  23.7  24.2  24.6  24.6  24.6  23.9  23.8  23.2  22.9  22.9  23.0  22.7  22.5  22.7  22.8  22.7  22.6  22.7  22.8  22.6  22.7  22.6 nan  22.8  22.5  24.3  25.4  23.8  23.1  23.3  23.6 
 24.4  24.3  25.4  25.9  27.0  27.6  32.8  35.1  33.1  29.4  23.2  23.0  22.7  22.6  22.7  22.7  22.6  22.5  22.9  22.6  22.7  22.5  22.9  22.7  22.6  22.6  24.3  24.7  23.7  23.0  23.5  23.2 
 24.7  25.0  26.0  26.7  28.5  30.1  41.7  49.2  53.7  47.4  24.7  23.5  22.8  22.7  22.7  22.8  22.7  22.7  22.6  22.9  22.7  22.5  22.8  22.9  22.6  22.6  23.2  23.7  23.4  23.2  23.4  23.7 
 25.3  25.2  26.9  27.5  30.7  33.9  54.9  63.3  74.8  71.5  34.8  25.6  22.9  22.8  22.9  22.9  22.8  22.6  23.0  22.8  22.7  22.6  22.7  22.9  22.7  22.5  23.1  22.9  23.2  23.1  23.8  23.3 
 25.2  25.3  26.7  27.6  30.9  34.2  53.6  63.0  78.9  79.6  37.2  26.1  22.8  22.7  22.8  22.8  22.6  22.6  22.6  22.9  22.7  22.6  22.8  23.0  22.7  22.7  22.7  23.3  23.1  23.3  23.6  23.6 
 25.1  25.5  26.7  27.0  29.5  31.7  44.5  53.5  73.4  70.3  30.2  24.5  22.9  22.7  22.6  22.7  22.6  22.6  23.0  22.7  22.8  22.5  22.8  22.7  22.9  22.5  23.2  23.1  23.0  22.8  23.7  23.4 
 25.4  25.3  26.3  27.0  28.6  29.8  37.0  42.3  54.3  49.8  25.8  23.8  22.9  22.6  22.8  22.9  22.5  22.6  22.9  22.8  22.9  22.8  22.6  23.0  22.9  22.6  23.1  23.2  23.1  23.3  23.7  23.8 
 25.4  25.3  26.4  26.6  26.9  27.0  28.9  29.6  29.7  28.0  24.1  23.3  22.8  22.7  22.9  22.8  22.8  22.7  23.0  22.8  22.9  22.7  23.1  22.9  23.0  22.8  23.3  23.2  23.2  23.0  23.3  23.9 
 25.2  25.5  26.1  26.6  26.2  26.4  27.5  27.6  26.9  26.1  23.8  23.5  22.8  22.9  23.1  23.0  22.6  22.6  22.9  23.1  22.5  22.7  23.0  23.2  22.8  22.8  23.1  23.4  23.1  23.4  23.9  24.4 
 25.2  25.0  25.6  25.9  25.6  25.6  25.8  25.6  25.4  24.6  23.7  23.4  22.9  22.9  23.1  23.0  22.8  22.5  22.9  22.9  22.8  22.7  23.2  22.9  23.1  22.9  23.4  23.4  23.8  23.9  25.3  25.4 
 25.2  25.1  25.4  26.0  25.2  25.3  25.4  25.6  24.8  24.3  23.6  23.7  23.0  23.0  23.0  23.2  22.9  22.8  22.9  23.1  22.8  22.7  23.1  23.3  22.9  22.8  23.2  24.1  24.6  24.8  25.5  26.0 
 25.8  25.6  25.4  25.2  25.1  24.7  25.2  24.6  24.3  23.9  23.7  23.7  23.4  22.9  23.1  23.1  23.0  22.8  23.2  23.0  22.9  23.0  23.6  23.3  23.6  23.4  25.4  25.4  26.0  25.7  26.2  26.9 
 26.0  25.9  25.1  25.8  25.0  24.7  24.6  25.0  24.0  23.8  23.6  23.7  23.3  22.9  23.0  23.1  22.9  22.9  23.0  23.4  23.1  22.9  23.5  23.9  24.2  24.7  26.2  26.6  26.0  25.7  26.4  28.2 
