 23.7  23.9  23.5  23.8  23.2  23.3  23.4  23.3  22.7  22.7  23.0  23.2  22.7  22.8  23.0  23.1  22.8  22.8  23.0  23.3  22.4  22.8  23.0  23.3  22.7  22.8  23.1  23.4  23.5  23.6  24.2  25.8 
 24.0  23.4  23.9  23.5  23.1  22.9  23.2  23.1  23.1  22.6  23.3  23.1  22.7  22.6  23.3  22.9  22.8  22.5  23.4  23.0  23.0  22.7  23.3  22.9  22.8  23.0  23.4  23.4  23.2  23.2  24.6  24.6 
 23.7  23.4  23.6  23.6  22.9  22.9  23.2  23.4  23.0  23.0  22.9  23.2  22.6  23.0  22.8  23.1  22.6  22.6  22.9  23.0  22.8  22.9  22.8  23.0  22.8  23.0  23.3  23.3  23.3  23.5  23.9  24.4 
 23.5  22.8  23.9  23.4  22.9  22.4  23.3  23.0  23.1  22.9  23.4  23.0  22.7  22.6  23.0  22.9  22.9  22.4  23.1  22.7  22.6  22.6  23.1  23.0  22.8  22.7  23.6  23.3  23.5  23.8  24.3  24.1 
 23.2  23.5  23.1  23.5  22.8  22.8  23.0  23.4  23.3  23.6  24.2  23.7  22.6  22.9  22.7  23.1  22.5  22.7  22.8  23.1  22.6  22.6  22.7  23.1  22.8  22.8  23.2  23.3  23.4  23.7  23.7  24.0 
 23.0  23.0  23.3  23.2  22.9  22.5  23.5  23.2  23.6  24.3  26.0  24.1  22.8  22.5  22.9  22.8  22.9  22.5  22.9  22.8  22.8  22.6  23.2  22.9  23.0  22.7  23.2  23.1  23.4  22.9  23.9  23.3 
 23.2  23.3  23.3  23.3  22.8  22.9  23.1  23.5  23.7  25.5  27.6  25.1  22.7  22.7  22.8  22.9  22.4  22.7  22.7  23.0  22.6  22.8  22.9  23.1  22.9  22.8  23.1  23.1  22.8  23.1  23.2  23.5 
 23.6  23.1  23.6  23.4  22.9  22.7  23.2  23.0  23.2  23.4  24.7  23.5  22.8  22.5  23.0  22.8  22.8  22.6  22.9  22.7  22.7  22.7  22.9  23.0  22.8  22.5  23.2  23.0  23.0  23.1  23.3  22.5 
 23.5  23.3  23.3  23.6  22.9  23.0  23.0  23.2  22.8  22.8  22.9  22.9  22.6  22.8  23.0  23.0  22.5  22.7  22.8  23.0  22.7  22.8  23.0  23.1  22.8  22.9  22.9  23.1  22.8  23.0  23.2  23.6 
 23.6  23.1  23.7  23.5  23.5  22.8  23.1  23.0  22.8  22.5  23.1  23.0  22.7  22.5  22.9  22.8  22.8  22.5  23.0  22.9  22.9  22.7  23.1  22.8  22.9  22.7  23.2  23.0  22.7  22.7  23.8  23.4 
 24.1  24.4  24.6  24.8  24.4  24.4  23.7  23.5  22.9  23.0  23.0  23.1  22.7  22.7  22.8  22.9  22.6  22.7  22.9  23.1  22.6  22.7  22.8  23.0  22.6  22.9  23.0  23.2  23.0  22.9  23.5  23.8 
 24.5  24.2  25.3  25.2  25.4  25.5  25.3  24.3  23.3  23.0  23.1  23.0  22.7  22.6  23.0  22.8  22.9  22.5  23.1  22.8  22.8  22.6  23.0 nan  22.8  22.5  23.1  23.0  23.0  22.7  23.6  23.4 
 25.1  25.3  26.3  26.8  28.6  29.6  38.0  42.1  39.8  33.7  23.5  23.5  22.8  22.9  23.0  23.0  22.6  22.7  22.8  23.0  22.6  22.7  22.9  23.1  22.6  22.8  23.3  23.4  22.9  23.4  23.4  23.9 
 25.4  25.5  27.1  27.6  30.0  32.3  47.8  54.3  58.8  51.5  25.0  23.5  22.9  22.9  22.9  22.8  22.8  22.6  23.0  22.9  22.9  22.6  23.0  22.9  22.9  22.6  24.2  24.2  23.5  23.0  23.6  23.7 
 25.6  26.1  27.6  28.6  32.4  36.6  57.7  66.7  77.7  73.6  30.7  25.0  22.9  23.0  23.0  23.1  22.8  22.9  23.0  23.1  22.6  22.9  22.7  23.0  22.8  22.9  25.5  25.6  23.2  23.3  23.5  23.8 
 25.8  25.8  27.9  28.5  32.8  36.5  57.3  69.0  87.3  82.2  30.6  24.7  23.1  22.8  23.0  23.1  23.0  22.5  23.0  23.0  22.7  22.6  23.0  22.9  22.9  22.7  24.4  24.6  23.4  23.0  23.8  23.7 
 25.6  26.1  27.1  28.1  29.9  31.8  45.5  55.7  67.7  57.5  25.5  23.8  22.9  23.0  23.0  23.2  22.8  23.0  23.1  23.2  22.9  22.8  22.9  23.3  22.8  22.7  23.1  23.7  23.0  23.4  23.7  24.1 
 26.0  26.0  27.6  27.4  28.8  29.2  37.8  42.8  46.3  39.0  24.2  23.5  23.1  22.9  23.2  23.0  23.0  22.6  23.1  23.0  22.9  22.7  23.1  23.0  23.0  22.3  23.6  23.2  23.5  23.0  24.2  23.7 
 25.9  26.0  26.7  26.9  27.0  27.4  28.8  29.5  28.0  26.5  24.0  23.5  23.0  23.1  23.2  23.3  23.0  23.0  23.0  23.4  22.8  22.9  23.0  23.5  22.9  23.0  23.1  23.6  23.2  23.2  23.8  24.4 
 25.6  25.7  26.4  26.5  26.7  26.5  27.7  27.5  26.3  25.2  23.9  23.4  23.3  22.9  23.5  23.1  23.0  22.8  23.2  23.0  23.1  22.7  23.3  23.2  22.9  22.8  23.6  23.5  23.5  22.9  24.5  24.4 
 25.6  25.5  26.3  26.3  25.8  25.8  25.9  26.0  25.0  24.5  23.7  23.8  23.0  23.2  23.2  23.4  22.7  23.1  23.0  23.2  22.9  23.0  23.4  23.6  23.0  23.2  23.4  23.9  23.2  23.4  24.3  25.0 
 25.9  25.5  25.9  26.1  25.8  25.5  25.8  25.6  24.8  24.0  24.1  23.7  23.2  22.9  23.4  23.2  23.2  22.8  23.5  23.2  23.1  22.8  23.4  23.3  23.0  22.9  23.8  23.6  23.4  23.5  25.2  25.8 
 26.3  26.4  25.6  26.1  25.1  25.0  25.0  25.0  24.2  24.2  23.9  24.0  23.4  23.3  23.1  23.5  23.3  23.1  23.5  23.3  23.1  23.3  23.3  23.8  23.3  23.2  24.0  24.6  24.1  23.9  25.2  27.3 
 27.4  25.7  25.9  26.0  25.3  24.9  25.1  24.6  24.3  23.6  24.1  23.8  23.4  23.3  23.5  23.5  23.4  23.0  23.5  23.4  23.3  23.0  23.6  23.6  23.6  23.3  24.9  25.1  25.2  24.4  26.3  28.0 
