 24.3  23.4  24.0  23.7  23.3  23.0  23.5  22.9  23.0  22.7  23.3  23.1  22.9  22.4  23.2  23.0  22.7  22.6  23.4  23.1  22.8  22.7  23.3  23.2  23.0  22.5  23.3  23.5  23.3  23.5  24.7  25.7 
 23.5  23.5  23.5  24.1  23.2  23.2  23.3  23.5  22.9  22.7  23.1  23.6  22.7  22.8  23.0  23.3  22.6  22.6  22.9  23.4  22.7  22.6  22.9  23.5  22.5  23.1  23.3  23.4  23.1  23.2  24.8  25.1 
 23.7  23.3  24.2  23.5  23.0  22.6  23.3  23.0  23.0  22.7  23.4  23.0  22.9  22.6  23.2  22.9  22.8  22.4  22.9  22.7  22.8  22.6  23.3  23.0  22.8  22.8  23.6  23.5  23.5  23.4  24.0  24.0 
 23.2  23.1  23.5  24.0  22.8  23.0  23.2  23.3  23.1  23.1  23.2  23.3  22.6  22.5  23.0  23.2  22.7  22.3  23.0  23.1  22.7  22.7  23.2  23.0  22.7  22.7  23.3  23.7  23.4  24.0  23.8  24.2 
 23.5  23.0  23.7  23.3  22.7  22.7  23.3  23.3  23.4  23.5  24.5  23.5  23.0  22.6  23.0  22.8  22.7  22.5  22.9  22.7  22.8  22.6  23.1  22.9  22.9  22.8  23.5  23.1  23.2  23.8  24.2  23.6 
 23.1  23.1  23.2  23.7  22.6  22.6  23.2  23.3  23.6  24.5  26.0  24.5  22.7  22.8  22.7  23.0  22.7  22.7  22.8  23.1  22.5  22.8  22.9  23.2  23.0  22.9  23.1  23.4  23.2  23.2  23.7  24.0 
 23.2  23.0  23.6  23.2  22.9  22.6  23.5  23.3  24.2  25.1  27.9  25.2  22.7  22.6  23.0  22.8  22.6  22.6  23.0  22.7  22.8  22.5  23.1  22.9  22.9  22.8  23.5  23.2  22.8  22.7  23.6  23.4 
 23.3  23.2  23.2  23.4  22.8  22.8  23.0  23.4  23.1  23.5  24.4  23.8  22.7  22.6  22.8  23.1  22.6  22.5  22.7  23.0  22.7  22.6  23.0  23.2  22.7  22.8  23.0  23.3  22.8  23.0  23.2  23.0 
 23.6  23.1  23.7  23.4  23.0  22.7  23.5  23.1  22.8  22.6  23.3  22.9  22.8  22.6  22.9  22.8  22.6  22.6  23.2  22.8  22.7  22.7  23.2  23.0  22.8  22.6  23.4  23.0  22.9  22.8  23.5  23.2 
 23.3  23.1  23.5  23.7  23.1  23.1  23.3  23.3  22.8  22.8  22.9  23.2  22.7  22.6  22.8  23.0  22.5  22.7  22.8  23.1  22.7  22.7  22.9  23.1  22.8  22.7  23.2  23.4  22.8  23.0  23.2  23.4 
 24.3  24.2  25.0  25.0  24.5  24.2  24.1  23.7  22.9  23.0  23.3  23.0  22.7  22.6  23.1  22.8  22.9  22.5  23.0  22.8  22.9  22.6  23.1  22.8  22.7  22.5  23.2  23.1  23.0  23.0  23.8  23.2 
 24.3  24.4  24.9  25.6  25.5  25.6  25.0  24.7  23.2  23.0  23.1  23.3  22.7  22.6  22.9  23.2  22.7  22.8  22.9  23.1  22.6  22.5  22.9 nan  22.6  22.8  23.1  23.4  22.9  22.7  23.5  23.7 
 25.3  25.1  26.7  26.9  28.4  29.5  38.3  42.0  39.8  33.6  23.7  23.3  23.0  22.8  23.1  22.9  22.8  22.6  23.0  22.8  22.9  22.7  23.0  23.1  22.8  22.7  23.5  23.3  23.3  22.9  23.7  23.6 
 25.3  25.5  27.0  27.7  29.9  32.3  47.8  54.5  58.6  51.7  24.7  23.8  22.9  22.9  22.9  23.3  22.7  22.7  23.0  23.2  22.7  22.7  22.7  23.1  22.9  22.7  24.1  24.4  23.2  22.9  23.5  23.9 
 25.7  26.1  27.9  28.5  32.6  36.4  57.9  66.6  77.8  73.4  30.7  24.8  23.1  22.9  23.2  22.9  22.9  22.8  23.2  22.9  22.8  22.5  23.3  22.9  22.6  22.9  25.9  25.4  23.4  23.2  23.9  23.6 
 25.9  26.1  27.4  28.6  32.7  36.7  57.4  69.0  87.2  82.2  30.5  24.9  23.0  22.9  23.0  23.2  22.7  22.8  23.0  23.4  22.5  22.6  22.9  23.2  22.7  22.6  24.1  24.8  23.2  23.2  23.8  24.0 
 25.7  25.9  27.8  27.9  30.0  31.5  45.8  55.7  67.7  57.2  25.7  23.7  23.2  22.9  23.1  22.9  23.0  22.7  23.2  22.9  22.9  22.5  23.2  22.9  22.9  22.7  23.5  23.6  23.1  23.1  24.2  23.6 
 25.8  26.1  27.2  27.8  28.6  29.5  37.8  43.0  46.2  39.1  24.1  23.8  23.1  22.9  23.0  23.2  22.8  22.6  23.2  23.2  22.7  22.8  22.9  23.4  22.7  22.8  23.2  23.3  23.2  22.9  23.4  24.2 
 26.1  25.6  27.1  27.1  27.1  27.2  29.2  29.3  28.1  26.3  24.1  23.4  23.2  22.9  23.3  23.2  23.1  23.0  23.4  23.2  22.9  22.6  23.6  23.2  23.0  22.8  23.7  23.3  23.3  23.3  23.9  23.9 
 25.8  25.8  26.4  26.9  26.6  26.8  27.5  27.8  26.2  25.3  23.7  23.9  23.0  23.1  23.2  23.4  22.8  22.8  23.2  23.4  22.7  22.8  23.2  23.4  22.8  23.0  23.3  23.7  23.1  23.2  24.2  24.5 
 25.8  25.4  26.8  26.2  25.8  25.7  26.5  26.0  25.2  24.3  24.0  23.7  23.4  23.0  23.5  23.3  23.2  22.7  23.4  23.2  23.0  22.9  23.5  23.3  23.3  22.9  23.9  23.9  23.5  23.6  24.5  24.9 
 25.3  25.8  26.1  26.0  25.7  25.6  25.6  26.2  24.3  24.3  23.9  24.1  23.5  23.3  23.3  23.5  23.0  23.0  23.3  23.4  22.8  23.1  23.3  23.8  23.0  22.9  23.7  24.1  23.3  23.5  24.8  25.6 
 26.5  25.8  26.1  26.0  25.3  25.1  25.6  25.1  24.4  24.0  24.2  23.9  23.6  23.1  23.8  23.4  23.4  22.9  23.5  23.4  23.4  23.1  23.8  23.8  23.4  22.7  24.5  24.3  24.2  23.8  26.1  26.7 
 26.4  26.6  25.9  26.0  25.2  25.2  24.9  25.2  24.0  24.0  24.0  24.3  23.3  23.4  23.4  23.8  23.1  23.2  23.3  23.5  23.2  23.3  23.6  23.9  23.0  23.3  24.7  25.4  24.7  24.3  25.8  28.1 
