 23.7  23.4  23.6  23.7  23.4  23.2  22.8  23.0  23.0  23.0  23.0  23.1  22.8  22.6  22.7  22.8  22.5  22.6  22.8  22.9  22.7  22.7  23.0  23.0  23.0  22.8  23.1  23.5  23.2  23.3  24.5  25.0 
 23.3  23.4  23.6  23.6  23.3  22.9  23.0  23.1  22.8  22.8  23.1  23.2  22.8  22.6  22.8  22.8  22.9  22.7  23.0  22.8  22.6  22.5  23.0  23.0  22.9  23.1  23.1  23.1  22.9  23.2  24.1  24.6 
 23.3  23.1  23.4  23.1  23.0  22.9  22.9  22.9  23.2  22.8  22.9  23.2  22.5  22.6  22.9  22.8  22.7  22.5  22.9  22.8  22.8  22.5  22.8  22.9  22.8  22.9  23.0  23.2  23.3  23.2  23.5  23.8 
 23.2  22.8  23.4  23.2  22.6  22.6  23.1  22.8  23.0  22.8  23.3  23.1  22.6  22.7  22.8  22.8  22.5  22.6  22.8  22.7  22.6  22.6  22.8  22.9  22.7  22.6  23.2  23.1  23.2  24.2  23.8  23.7 
 23.2  23.0  23.1  23.2  22.8  22.8  22.8  23.0  23.3  23.6  24.1  23.7  22.7  22.5  22.8  22.6  22.5  22.5  22.7  22.8  22.5  22.5  22.8  22.8  22.8  22.8  23.3  22.9  23.3  23.9  23.4  23.5 
 22.9  23.0  23.2  23.2  22.7  23.0  22.8  23.0  23.8  24.3  25.9  24.1  22.6  22.7  22.6  22.7  22.5  22.5  22.8  22.8  22.6  22.6  22.8  22.7  22.9  22.7  23.0  23.1  22.8  23.0  23.6  23.5 
 23.2  23.3  23.2  23.2  22.9  22.7  23.0  23.1  23.7  25.1  27.7  25.1  22.7  22.6  22.6  22.8  22.6  22.6  22.8  22.8  22.6  22.5  22.8  22.7  22.9  22.7  23.2  23.1  22.9  22.8  23.2  23.5 
 23.4  23.1  23.1  23.1  22.9  22.7  23.1  22.9  23.0  23.1  24.4  23.5  22.5  22.7  22.7  22.7  22.6  22.4  22.5  22.7  22.6  22.4  23.0  23.0  22.7  22.7  23.0  23.0  22.9  22.8  22.9  22.5 
 23.5  23.1  23.3  23.1  23.1  22.9  22.9  22.9  22.8  22.6  22.9  22.8  22.6  22.6  22.5  22.9  22.6  22.6  22.7  22.7  22.8  22.6  22.9  22.9  22.8  22.6  22.8  22.9  22.6  22.8  22.9  22.8 
 23.6  23.4  23.7  23.5  23.4  22.9  23.3  23.0  22.7  22.7  22.8  22.9  22.7  22.6  22.8  22.6  22.5  22.7  22.7  22.8  22.6  22.7  22.9  22.8  22.7  22.7  22.9  23.0  22.7  22.8  23.4  23.2 
 24.1  24.1  24.7  24.8  24.6  24.2  23.6  23.3  22.9  22.8  22.9  22.9  22.6  22.4  22.8  22.7  22.7  22.7  22.8  22.8  22.5  22.7  22.7  22.7  22.8  22.6  22.9  22.9  22.8  22.8  23.2  23.2 
 24.2  24.5  24.9  25.4  25.4  25.6  24.9  24.3  23.2  23.1  23.0  22.9  22.7  22.7  22.7  22.8  22.6  22.8  22.8  22.8  22.6  22.5  22.9 nan  22.5  22.6  22.9  23.0  22.9  22.7  23.2  23.3 
 25.0  25.0  26.0  26.8  28.4  29.4  38.0  41.8  39.6  33.9  23.4  23.0  22.8  22.8  22.9  23.0  22.8  22.7  22.8  22.7  22.5  22.5  22.6  22.8  22.6  22.7  23.2  23.2  23.0  22.9  23.4  23.3 
 25.3  25.4  26.7  27.3  30.0  32.5  47.6  54.2  58.7  51.6  24.8  23.4  23.0  22.6  23.0  22.9  22.8  22.7  22.8  22.7  22.7  22.5  22.9  22.7  22.8  22.8  23.8  24.0  23.5  23.2  23.3  23.4 
 25.6  25.8  27.7  28.4  32.5  36.5  57.6  66.7  77.7  73.4  30.7  24.8  22.9  22.7  23.0  22.9  22.8  22.6  23.0  22.9  22.7  22.6  22.8  22.8  22.8  22.8  25.4  25.3  23.3  22.9  23.5  23.9 
 25.8  25.8  27.5  28.4  32.6  36.6  57.3  68.9  87.3  82.2  30.3  24.6  23.1  22.8  22.7  22.9  22.8  22.8  23.0  22.9  22.7  22.5  22.9  23.1  22.8  22.6  24.1  24.4  23.3  23.3  23.6  23.5 
 25.9  25.8  27.4  28.0  30.0  31.6  45.4  55.6  67.8  57.2  25.4  23.6  23.0  22.8  22.9  22.9  22.8  22.6  22.9  22.8  22.8  22.5  22.6  22.9  22.9  22.5  23.1  23.3  23.3  23.1  23.9  23.8 
 25.8  26.1  27.2  27.5  28.5  29.5  37.7  42.8  46.3  39.0  24.1  23.5  23.0  23.0  23.0  23.0  22.7  22.8  23.0  23.1  22.7  22.7  22.9  23.0  22.8  22.6  23.0  23.0  23.4  23.0  23.7  23.8 
 26.1  25.8  26.6  26.6  27.2  27.3  28.6  29.4  28.0  26.2  23.8  23.3  23.0  22.9  23.1  23.1  23.1  22.9  23.1  23.2  22.8  22.6  23.0  23.1  22.9  22.7  23.1  23.0  23.6  23.1  23.4  23.7 
 25.4  25.9  26.1  26.6  26.7  26.4  27.5  27.5  26.2  25.2  23.7  23.3  23.0  23.0  23.2  23.0  22.8  22.8  23.2  23.0  22.9  22.8  23.1  23.1  22.9  22.8  23.3  23.3  23.3  23.3  23.6  23.7 
 25.5  25.4  26.0  26.1  26.1  25.6  25.9  25.8  25.0  24.2  23.8  23.6  23.3  23.1  23.2  23.1  22.9  22.9  23.1  23.1  23.0  22.6  23.4  23.2  23.0  22.8  23.4  23.6  23.1  23.1  24.3  24.3 
 25.7  25.5  25.8  25.9  25.8  25.3  25.4  25.7  24.5  24.1  23.8  23.6  23.0  23.1  23.1  23.2  22.9  22.9  23.3  23.3  23.0  22.9  23.3  23.1  22.9  22.9  23.4  23.5  23.3  23.5  24.5  25.2 
 26.3  26.0  25.6  25.8  25.6  24.9  25.2  24.7  24.1  24.0  23.8  24.0  23.3  23.2  23.3  23.3  23.2  22.9  23.3  23.2  23.1  22.9  23.3  23.5  23.1  23.0  23.7  24.5  24.2  23.9  25.2  26.2 
 26.7  26.5  25.7  25.5  25.1  25.0  24.9  25.0  24.0  24.0  23.7  23.9  23.4  23.2  23.5  23.4  23.1  23.2  23.4  23.3  23.3  23.2  23.4  23.3  23.2  23.3  24.5  24.8  24.8  24.4  26.6  26.5 
