 24.3  23.7  23.7  23.7  23.2  23.0  22.9  23.0  22.8  22.8  23.0  23.0  22.7  22.5  22.8  23.0  22.7  22.8  22.8  23.0  22.9  22.8  23.5  24.4  26.4  27.8  29.6  29.9  29.5  29.1  30.1  31.0 
 24.1  23.2  24.0  23.7  23.1  22.8  22.9  23.2  23.0  22.6  23.2  23.0  22.8  22.7  23.0  22.8  22.9  22.5  23.2  22.9  22.9  22.8  23.2  23.4  25.6  25.8  29.0  29.3  29.7  30.2  30.8  31.2 
 23.4  23.3  23.4  23.4  23.0  22.7  23.1  23.2  22.7  22.7  23.1  23.0  22.5  22.6  22.8  22.9  22.6  22.7  22.9  23.0  22.7  22.8  22.8  23.2  24.8  24.8  29.2  29.6  30.0  30.0  30.8  30.7 
 23.4  23.3  23.4  23.5  22.7  22.7  23.1  23.1  22.9  22.7  23.1  22.9  22.7  22.5  22.9  22.9  22.7  22.5  23.2  23.0  22.9  22.6  23.2  23.8  25.3  27.6  29.6  31.1  30.2  30.4  30.5  30.6 
 23.5  23.3  23.6  23.5  22.9  23.0  23.0  23.1  23.2  23.3  22.9  22.9  22.6  22.6  22.8  22.7  22.6  22.5  23.0  22.9  22.9  22.8  23.3  23.9  27.9  28.5  31.2  31.5  31.5  31.7  31.4  30.7 
 23.2  23.1  23.5  23.3  22.9  22.7  23.3  23.5  23.7  23.8  23.4  22.9  22.6  22.5  22.8  22.8  22.7  22.5  22.8  22.9  22.9  22.7  23.3  24.1  27.8  29.1  31.2  31.7  31.8  31.7  31.9  30.2 
 23.3  23.2  23.1  23.4  22.8  23.0  23.1  23.6  25.4  26.9  24.3  23.4  22.9  22.6  22.8  22.9  22.8  22.6  22.7  23.1  22.9  22.8  23.3  24.2  29.1  29.8  31.4  31.4  32.1  31.9  28.5  28.2 
 23.7  22.9  23.2  23.3  22.9  22.6  23.4  23.4  26.1  27.5  24.9  23.5  22.9  22.6  22.8  22.8  22.8  22.5  23.0  22.8  22.9  22.8  23.3  24.2  28.7  29.8  31.3  31.4  32.0  31.1  28.7  25.4 
 23.3  23.2  23.5  23.0  22.8  22.8  23.0  23.2  23.5  23.5  23.3  23.0  22.8  22.8  22.9  22.9  22.9  22.8  23.1  22.9  22.9  22.9  23.0  23.5  25.9  28.7  29.3  30.8  29.3  30.2  25.7  25.9 
 23.7  23.3  23.6  23.4  23.3  22.6  23.2  23.0  23.1  23.0  22.9  22.9  22.8  22.6  22.8  22.9  22.8  22.7  23.0  23.0  22.8  22.8  23.1  23.1  25.5  24.5  29.4  29.0  29.1  26.4  26.1  25.3 
 23.9  23.8  24.0  23.9  23.4  23.1  23.0  23.3  22.9  22.9  23.0  23.0  22.7  22.9  22.8  22.9  22.8  22.8  23.0  23.0  22.9  22.8  23.1  23.1  23.1  23.0  24.0  26.1  25.0  25.4  24.4  24.8 
 23.9  23.6  24.2  24.2  24.0  23.8  23.7  23.6  23.1  23.0  22.9  23.0  22.7  22.7  22.8  22.9  22.9  22.6  22.9  23.1  23.0  22.7  23.1 nan  22.8  22.7  24.6  25.3  25.3  24.0  24.7  24.5 
 24.2  24.3  24.9  25.6  26.3  26.7  29.1  29.8  27.8  26.1  23.1  23.1  22.9  22.7  22.9  22.9  22.8  22.8  22.9  22.9  22.7  22.8  23.0  23.1  23.1  23.0  24.7  25.3  23.9  23.9  23.8  24.2 
 24.7  24.8  25.8  26.3  27.8  28.5  36.8  42.4  45.0  39.6  24.1  23.3  22.9  22.7  22.8  23.0  22.7  22.6  23.0  22.9  22.8  22.7  22.9  22.9  23.1  22.9  23.7  24.2  23.9  23.4  24.2  23.9 
 24.8  25.5  26.6  27.3  30.1  32.8  51.8  60.4  71.2  67.7  34.3  25.8  22.9  22.8  22.8  22.8  22.8  22.7  22.9  22.9  22.7  22.8  23.1  23.0  22.9  23.0  23.2  23.3  23.4  23.6  23.8  24.2 
 25.5  25.6  26.9  27.6  30.4  33.2  52.5  61.0  76.4  76.0  39.1  26.6  23.0  22.8  22.8  23.0  22.8  22.8  22.9  23.0  22.7  22.9  23.0  22.9  23.1  22.7  23.3  23.4  23.5  23.3  23.8  23.9 
 25.4  25.8  26.9  27.4  29.7  32.1  45.8  55.5  78.6  78.6  34.2  25.6  23.1  22.9  23.0  23.0  22.8  22.9  23.0  23.0  22.8  22.7  22.9  23.2  23.2  23.0  23.4  23.6  23.4  23.4  23.9  24.3 
 25.4  25.0  26.7  26.9  28.9  30.3  38.9  45.2  61.2  58.3  28.1  24.5  23.0  22.9  23.2  22.9  22.8  22.6  23.1  23.1  23.0  22.9  23.0  23.2  23.0  22.8  23.5  23.7  23.6  23.2  23.8  24.4 
 25.8  25.7  26.4  26.9  27.0  27.6  29.6  30.9  32.2  30.4  24.4  23.6  23.1  22.9  23.2  23.1  23.0  23.1  23.0  23.2  23.1  22.7  23.3  23.2  23.1  23.2  23.3  23.5  23.3  23.4  24.1  24.7 
 25.4  25.4  26.5  26.6  26.7  26.7  28.3  28.4  28.3  27.3  24.1  23.7  23.0  22.8  23.2  23.1  23.1  22.7  23.1  23.1  23.0  22.9  23.3  23.2  23.3  23.0  23.5  23.6  23.4  23.6  24.6  24.4 
 25.3  25.4  26.0  26.0  26.0  25.9  26.4  26.3  25.8  25.3  23.9  23.7  23.3  23.1  23.4  23.3  22.9  23.0  23.1  23.3  22.9  23.0  23.4  23.4  23.1  23.2  23.6  23.6  23.6  23.9  25.1  25.1 
 25.8  25.2  26.1  25.7  25.9  25.6  25.9  25.8  25.4  24.9  23.8  23.5  23.2  23.1  23.4  23.5  23.1  22.9  23.3  23.3  23.2  23.1  23.6  23.5  23.2  23.1  23.5  24.1  23.8  24.2  25.4  26.1 
 26.3  25.9  25.7  26.2  25.2  25.0  25.3  25.3  24.7  24.4  23.8  24.0  23.4  23.2  23.3  23.6  23.2  23.0  23.3  23.4  23.4  23.2  23.5  23.7  23.5  23.2  24.5  24.8  25.2  24.9  26.4  27.2 
 26.6  26.1  25.8  25.9  25.3  24.8  25.3  25.1  24.4  24.2  24.1  23.9  23.5  23.1  23.3  23.4  23.3  23.3  23.3  23.4  23.4  23.4  23.7  23.9  23.9  23.8  25.3  25.8  25.8  25.3  27.1  26.7 
