 24.1  23.7  23.7  24.1  23.3  23.1  23.4  23.4  22.9  23.1  23.1  23.5  22.6  23.0  22.8  23.2  22.7  23.0  23.0  23.2  22.6  23.0  23.0  23.3  22.9  22.9  23.4  23.9  23.4  23.8  24.4  25.5 
 24.0  23.3  24.3  23.8  23.4  22.9  23.2  23.3  23.0  22.9  23.4  23.2  22.8  22.8  23.3  23.1  22.9  22.6  23.2  22.9  23.0  22.6  23.2  23.2  23.1  22.9  23.9  23.5  23.2  23.5  24.9  24.7 
 23.4  23.6  23.5  23.7  23.0  23.0  23.0  23.4  22.9  23.0  23.2  23.3  22.6  22.8  23.2  23.1  22.7  22.7  23.0  23.2  22.8  22.9  23.0  23.3  22.8  23.0  23.1  23.5  23.1  23.4  23.8  24.4 
 23.5  23.1  23.7  23.5  23.1  22.7  23.3  23.3  23.3  22.9  23.5  23.1  22.8  22.6  23.2  23.0  22.9  22.5  23.3  22.8  23.0  22.6  23.2  22.8  23.1  22.6  23.7  23.2  23.5  24.1  24.3  24.0 
 23.3  23.3  23.4  23.7  22.8  22.9  23.0  23.4  23.3  23.8  24.3  23.9  22.7  22.8  22.8  23.0  22.6  22.7  22.8  23.0  22.7  22.7  22.9  23.2  22.9  23.1  23.2  23.3  23.5  23.9  24.0  24.4 
 23.3  23.1  23.6  23.1  23.1  22.8  23.5  23.2  23.6  24.3  26.2  24.4  22.9  22.5  22.8  23.0  22.8  22.6  23.2  22.9  22.8  22.7  23.2  23.0  23.1  22.5  23.5  23.3  23.1  23.2  23.9  23.6 
 23.3  23.3  23.3  23.5  22.9  23.0  23.1  23.5  23.8  25.3  27.8  25.4  22.7  22.8  22.8  23.0  22.7  22.8  22.8  22.9  22.6  22.9  23.1  23.2  23.0  23.0  23.1  23.5  23.0  23.1  23.3  23.6 
 23.6  23.2  23.7  23.2  23.0  22.8  23.2  23.2  23.4  23.5  24.6  23.6  22.9  22.6  23.0  23.0  22.7  22.5  22.9  22.8  22.8  22.7  23.1  23.0  23.0  22.7  23.4  23.0  23.3  22.9  23.7  22.6 
 23.4  23.5  23.7  23.5  22.8  22.9  23.1  23.3  22.8  22.9  23.0  23.1  22.8  22.9  22.8  23.0  22.7  22.7  23.1  23.1  22.7  22.8  23.0  23.2  22.8  23.0  23.1  23.4  22.9  23.0  23.3  23.4 
 23.7  23.3  23.8  23.7  23.5  22.9  23.2  23.0  22.9  22.7  23.1  22.9  22.9  22.6  22.9  22.9  22.7  22.7  23.0  22.8  22.9  22.6  23.0  23.0  23.1  22.6  23.4  23.4  22.9  22.5  23.6  23.2 
 24.1  24.4  24.9  25.0  24.4  24.4  23.6  23.5  23.1  23.2  23.0  23.1  22.9  22.8  23.0  23.1  22.6  22.9  22.9  23.1  22.6  23.0  22.9  22.9  22.7  22.8  23.0  23.2  22.9  23.1  23.3  23.8 
 24.5  24.3  25.4  25.3  25.6  25.5  25.3  24.4  23.3  22.9  23.4  23.1  22.9  22.7  23.0  22.9  22.9  22.6  23.1  22.9  22.8  22.8  23.1 nan  22.8  22.6  23.0  23.1  23.0  22.8  23.8  23.6 
 25.2  25.3  26.3  27.1  28.3  29.8  38.0  42.1  39.6  34.0  23.7  23.4  23.0  23.0  23.1  23.1  22.8  22.8  23.0  23.0  22.8  22.7  23.0  23.3  22.7  22.9  23.1  23.5  23.1  23.1  23.5  24.0 
 25.7  25.6  27.3  27.7  30.2  32.6  47.8  54.3  58.7  51.6  25.1  23.7  23.1  23.1  23.2  23.0  22.9  22.6  23.3  23.0  22.9  22.7  23.3  23.0  23.0  22.7  24.1  24.2  23.7  23.3  23.7  23.5 
 25.7  26.4  27.7  28.8  32.5  36.7  57.7  66.9  77.7  73.6  30.8  25.0  23.1  22.9  23.0  23.3  22.8  23.0  23.0  23.2  22.7  22.8  22.8  23.1  22.9  23.0  25.4  25.7  23.3  23.3  23.6  23.8 
 26.0  25.7  28.0  28.5  32.9  36.7  57.6  68.9  87.4  82.2  30.7  24.7  23.0  23.0  23.1  23.0  22.8  22.6  23.3  23.0  22.9  22.7  23.1  23.1  23.0  22.6  24.5  24.6  23.4  23.0  23.8  23.8 
 26.0  26.1  27.5  28.4  29.9  31.9  45.6  55.8  67.8  57.4  25.7  23.9  23.0  22.9  23.1  23.3  22.9  22.9  23.2  23.0  22.8  22.9  23.0  23.1  22.8  23.1  23.3  23.8  23.2  23.2  23.8  24.1 
 26.0  25.8  27.4  27.5  28.8  29.6  38.0  42.7  46.5  39.1  24.3  23.7  23.3  22.8  23.3  23.2  22.9  22.7  23.4  23.1  23.1  22.6  23.4  23.2  23.0  22.7  23.7  23.3  23.5  23.2  23.9  24.0 
 26.0  26.1  26.7  27.0  27.0  27.4  28.9  29.5  28.0  26.6  23.9  23.6  23.1  23.3  23.1  23.5  22.9  23.1  23.1  23.4  23.0  22.9  23.2  23.3  22.9  23.0  23.3  23.4  23.3  23.5  23.9  24.4 
 25.9  25.8  26.7  26.6  26.5  26.4  27.8  27.7  26.4  25.2  24.0  23.5  23.3  23.0  23.7  23.2  23.0  22.8  23.6  23.1  23.0  22.9  23.4  23.5  23.1  23.0  23.6  23.4  23.4  23.5  24.5  24.5 
 25.8  25.7  26.3  26.6  25.8  26.1  26.0  26.3  25.1  24.2  23.8  23.9  23.3  23.3  23.3  23.6  23.0  23.1  23.2  23.5  22.7  23.1  23.5  23.7  23.2  23.1  23.5  23.9  23.3  23.7  24.2  25.5 
 25.8  25.3  26.2  26.2  26.0  25.3  26.1  25.7  24.7  24.2  24.2  23.8  23.5  22.9  23.5  23.5  23.1  22.9  23.5  23.2  23.0  22.9  23.5  23.2  23.1  22.8  24.1  23.9  23.6  23.4  25.2  25.6 
 26.7  26.2  26.1  26.1  24.9  25.3  25.3  25.3  24.1  24.1  24.0  24.3  23.6  23.4  23.4  23.9  23.3  23.2  23.5  23.7  23.1  23.3  23.7  23.8  23.4  23.2  24.2  24.6  24.4  24.3  26.1  27.2 
 27.1  26.3  26.2  26.0  25.4  24.7  25.4  25.0  24.3  23.9  24.5  24.1  23.5  23.4  23.9  23.5  23.4  23.0  23.8  23.4  23.3  23.4  24.1  23.8  23.6  23.5  24.9  25.1  25.2  24.0  26.8  27.1 
