 23.8  23.1  23.1  23.8  22.9  22.7  22.7  23.1  22.4  22.3  22.7  22.9  22.5  22.5  22.5  22.6  22.5  22.3  22.6  23.1  22.4  22.4  22.7  23.1  22.6  22.8  23.3  24.0  23.5  23.3  24.1  25.7 
 23.4  23.1  23.6  23.6  22.7  22.7  23.0  22.9  22.6  22.2  23.1  22.8  22.6  22.5  23.1  22.4  22.3  22.4  22.7  22.8  22.6  22.5  22.9  22.7  22.3  22.7  23.6  24.4  23.6  23.4  23.9  24.4 
 22.9  23.1  23.1  23.3  22.8  22.5  22.9  23.1  22.5  22.5  22.7  23.1  22.3  22.6  22.5  22.7  22.6  22.5  22.5  22.7  22.5  22.5  22.7  22.9  22.9  22.6  22.8  23.3  23.0  23.1  23.4  24.2 
 23.2  23.1  23.6  23.0  22.5  22.5  23.2  23.0  22.7  22.8  23.1  22.6  22.5  22.3  22.8  22.6  22.5  22.1  22.8  22.6  22.4  22.5  23.1  22.8  22.5  22.7  23.4  23.2  23.1  22.9  23.9  23.6 
 23.2  23.2  23.0  23.4  22.8  22.9  22.9  23.1  23.2  23.3  23.0  23.0  22.5  22.5  22.6  22.6  22.4  22.3  22.6  22.5  22.4  22.3  22.6  23.1  22.7  22.5  22.8  23.3  22.7  22.9  23.4  23.5 
 22.9  23.2  23.4  23.2  22.5  22.4  23.4  23.2  23.6  23.8  23.4  23.0  22.4  22.5  22.7  22.6  22.5  22.4  22.8  22.5  22.4  22.3  23.0  22.6  22.6  22.4  22.9  22.9  23.1  22.9  23.5  23.3 
 22.9  23.0  22.9  23.1  22.7  22.7  23.1  23.5  25.3  26.9  24.2  23.4  22.6  22.5  22.5  22.6  22.4  22.5  22.3  22.6  22.6  22.4  22.7  22.9  22.7  22.5  22.8  23.1  23.0  22.6  23.2  23.3 
 23.0  22.9  23.1  22.9  22.8  22.7  23.4  23.3  26.0  27.4  24.9  23.0  22.5  22.6  22.7  22.6  22.4  22.4  22.7  22.6  22.4  22.5  23.1  22.8  22.6  22.7  23.2  22.9  22.9  23.0  23.2  22.3 
 23.5  23.0  23.1  23.3  22.8  22.8  23.0  23.1  23.2  23.4  23.2  23.1  22.6  22.5  22.5  22.9  22.5  22.4  22.7  22.7  22.6  22.6  22.7  22.8  22.7  22.6  22.8  23.1  23.0  22.7  23.1  23.6 
 23.5  23.4  23.8  23.3  23.0  22.7  23.2  23.0  22.8  22.8  23.1  22.9  22.6  22.5  22.7  22.6  22.5  22.5  23.0  22.6  22.5  22.5  22.8  22.8  22.7  22.6  23.2  23.1  22.7  22.9  23.9  23.3 
 23.8  23.8  24.0  24.3  23.7  23.4  23.2  23.3  22.9  22.8  22.9  23.0  22.7  22.5  22.7  22.8  22.6  22.4  22.7  22.8  22.5  22.6  22.7  22.7  22.7  22.6  23.4  24.0  23.7  23.3  23.1  23.5 
 23.8  23.8  24.6  24.3  24.3  24.7  24.2  23.6  22.9  22.8  23.1  22.9  22.5  22.6  22.7  22.6  22.7  22.5  22.7  22.8  22.7  22.4  22.9 nan  22.4  22.5  24.6  25.2  23.9  23.2  23.5  23.3 
 24.6  24.2  25.3  25.9  27.1  27.5  32.8  35.3  33.1  29.5  23.1  23.1  22.5  22.4  22.7  22.8  22.6  22.5  22.8  22.8  22.4  22.4  22.7  22.9  22.7  22.5  24.0  25.0  23.6  23.2  23.4  23.6 
 24.7  25.0  25.9  26.4  28.4  30.2  42.1  49.0  53.7  47.5  24.9  23.4  22.8  22.6  22.9  22.7  22.6  22.5  22.8  22.7  22.8  22.4  22.9  23.0  22.7  22.5  23.5  23.4  23.3  23.1  23.5  23.4 
 25.3  25.3  26.6  27.7  30.8  34.1  55.0  63.5  74.9  71.5  34.6  25.7  22.8  22.6  22.8  22.9  22.6  22.6  22.7  22.9  22.5  22.6  22.8  22.7  22.6  22.7  23.0  23.2  23.1  23.0  23.5  23.5 
 25.0  25.4  27.3  27.7  30.7  34.2  53.9  62.8  78.9  79.5  37.4  26.1  22.9  22.6  22.9  22.6  22.6  22.6  23.0  22.8  22.7  22.4  23.0  22.7  22.6  22.5  23.3  23.1  22.8  23.1  23.7  23.4 
 25.3  25.3  26.5  27.3  29.6  31.6  44.4  53.7  73.4  70.3  30.0  24.5  22.9  22.5  22.6  22.9  22.6  22.5  22.8  22.9  22.7  22.5  22.8  23.0  22.9  22.6  23.1  23.2  23.0  23.0  23.4  23.6 
 25.3  25.2  26.5  26.7  28.8  29.6  37.3  42.1  54.3  49.7  26.0  23.7  22.7  22.7  22.9  22.7  22.6  22.5  22.9  22.8  22.7  22.6  22.9  22.8  22.7  22.7  23.4  23.0  23.0  22.9  23.8  23.6 
 25.3  25.6  26.5  27.0  26.7  27.0  28.6  29.7  29.8  28.0  23.8  23.4  22.7  22.7  22.8  23.0  22.8  22.5  22.8  23.1  22.8  22.4  22.8  23.3  22.8  22.9  23.0  23.5  23.2  23.0  23.5  24.2 
 25.4  25.4  26.4  26.2  26.5  26.1  27.7  27.5  26.9  26.3  23.8  23.1  23.0  22.6  23.2  22.7  22.6  22.4  23.1  22.8  22.5  22.5  23.0  22.8  22.8  22.8  23.3  23.2  23.2  23.3  24.5  23.9 
 25.6  25.1  25.9  26.1  25.6  25.6  25.6  26.2  25.5  24.5  23.6  23.6  22.9  22.7  23.1  23.2  22.6  22.8  22.9  23.2  22.7  22.5  23.2  23.2  23.1  22.7  23.1  23.8  23.6  23.9  25.1  25.5 
 25.1  24.8  26.0  25.4  25.3  25.2  25.8  25.3  24.6  24.3  23.8  23.5  23.0  22.9  23.3  22.9  22.6  22.5  23.2  22.9  22.7  22.8  23.4  23.0  23.0  22.9  23.6  23.6  24.7  24.9  26.1  26.1 
 26.1  25.5  25.3  25.6  25.1  24.6  24.9  25.1  24.3  23.9  23.6  23.6  23.2  23.1  23.0  23.1  22.9  23.0  23.1  23.2  23.0  22.8  23.4  23.9  23.5  23.3  25.0  25.8  25.9  25.8  25.9  27.9 
 26.1  25.8  25.7  25.3  24.9  24.7  24.9  24.8  24.0  23.7  24.0  23.5  23.1  22.9  23.4  23.3  22.8  22.8  23.3  23.2  22.9  22.9  23.7  23.8  24.1  24.4  26.4  26.5  26.0  25.7  27.8  27.3 
