 24.3  23.5  23.9  23.8  23.3  23.4  23.1  23.4  22.9  23.1  23.2  23.2  22.9  23.0  23.0  22.9  22.9  22.7  23.0  22.9  22.8  22.9  23.0  23.4  23.1  23.1  23.1  23.4  23.3  23.6  24.6  25.8 
 24.0  22.9  23.7  23.9  23.1  22.9  23.2  23.2  23.3  22.7  23.2  23.3  22.9  22.8  23.2  22.8  23.0  22.7  22.9  23.0  23.0  22.6  23.1  22.9  23.2  23.1  23.2  23.3  23.7  23.3  24.6  25.0 
 23.8  23.2  23.5  23.4  23.3  23.1  23.2  23.2  23.0  23.0  23.4  23.4  22.9  22.9  23.0  23.1  22.8  22.7  22.7  22.9  22.8  22.8  22.8  23.3  22.9  22.9  23.3  23.5  23.3  23.5  23.8  24.1 
 23.5  23.1  23.4  23.7  23.0  22.6  23.3  23.4  23.1  22.8  23.5  23.1  22.8  22.5  22.9  22.9  22.9  22.6  23.1  22.9  23.0  22.6  23.1  23.1  22.8  22.7  23.6  23.3  23.5  24.1  24.3  24.0 
 23.1  23.5  23.3  23.4  23.1  22.9  22.9  23.5  23.5  23.7  24.3  23.8  22.8  22.7  22.8  22.8  22.6  22.8  22.8  23.0  22.8  22.7  22.8  22.9  23.0  23.0  23.0  23.2  23.7  23.9  23.9  23.8 
 23.3  23.1  23.3  23.3  23.1  22.9  23.3  23.3  23.7  24.5  26.3  24.4  23.0  22.6  22.9  22.9  22.8  22.6  22.7  22.9  22.8  22.6  23.0  22.9  23.1  22.9  23.1  23.2  23.3  23.0  23.6  23.4 
 23.3  23.6  23.0  23.3  22.9  23.0  23.2  23.4  23.7  25.3  27.9  25.3  22.9  22.8  22.8  22.9  22.5  22.7  22.8  22.8  22.7  22.9  22.8  23.1  23.1  22.9  23.2  23.3  23.1  23.4  23.6  23.5 
 23.6  23.2  23.5  23.5  23.1  22.7  23.1  23.0  23.3  23.4  24.5  23.6  22.8  22.5  23.0  22.8  22.9  22.6  22.9  22.7  23.0  22.6  23.0  22.9  22.9  22.8  23.2  23.3  23.0  22.8  23.3  22.4 
 23.6  23.3  23.7  23.5  22.9  22.9  23.1  23.0  22.8  23.0  23.0  23.0  22.6  23.0  22.9  23.0  22.6  22.7  22.8  22.9  22.7  22.8  22.8  23.0  22.9  22.9  23.2  23.1  22.9  22.9  23.0  23.4 
 23.9  23.2  23.7  23.5  23.5  23.0  23.3  23.0  23.1  22.8  23.1  23.0  22.9  22.7  22.9  22.9  22.6  22.6  22.8  23.1  22.9  22.6  23.1  23.1  23.1  22.8  23.3  23.2  23.0  22.7  23.3  23.4 
 24.4  24.5  24.7  25.0  24.7  24.4  23.7  23.5  23.0  23.1  23.0  23.0  22.8  22.7  22.8  22.9  22.5  22.8  23.0  22.9  22.7  22.7  22.8  23.0  22.7  22.9  22.9  22.9  23.1  23.1  23.5  23.3 
 24.5  24.6  25.4  25.6  25.6  25.5  25.2  24.5  23.5  23.0  23.1  23.1  23.0  22.9  22.9  22.9  22.9  22.8  22.9  23.0  22.7  22.8  23.1 nan  22.8  22.6  23.1  23.2  23.2  22.8  23.6  23.6 
 25.2  25.2  26.4  27.0  28.4  29.8  38.1  42.1  39.9  34.0  23.5  23.4  22.9  23.0  23.0  23.0  22.9  22.8  23.0  23.0  22.8  22.7  22.9  23.1  22.8  23.0  23.3  23.3  23.2  23.2  23.5  23.6 
 25.7  25.6  27.1  27.4  30.2  32.6  47.8  54.4  58.8  51.7  24.9  23.6  23.1  22.8  23.1  23.1  22.8  22.8  23.0  22.9  22.8  22.6  23.0  23.1  22.9  22.7  24.1  24.2  23.6  23.1  23.7  23.5 
 25.6  26.2  27.6  28.4  32.6  36.6  57.7  66.9  77.8  73.5  30.7  24.8  23.1  23.0  23.1  23.0  22.7  22.9  23.1  23.2  22.9  22.9  22.9  23.0  22.7  23.0  25.7  25.5  23.5  23.3  23.5  23.5 
 26.3  26.0  27.9  28.6  33.0  36.8  57.6  68.9  87.4  82.3  30.6  24.9  23.1  23.0  23.0  23.0  22.9  22.7  23.1  22.9  22.8  22.7  22.8  22.8  23.1  22.7  24.4  24.6  23.5  23.3  24.1  23.3 
 26.0  26.1  27.4  28.2  30.1  31.9  45.5  55.7  67.8  57.4  25.6  24.1  23.2  23.0  23.1  23.2  22.9  22.9  23.1  23.1  22.9  23.0  23.1  23.0  22.9  22.8  23.4  23.7  23.4  23.5  23.9  23.9 
 25.9  26.1  27.3  27.5  28.8  29.6  37.9  42.9  46.4  39.3  24.0  23.6  23.5  23.1  23.2  23.0  23.0  22.7  23.2  23.1  23.0  22.7  23.1  23.1  23.1  22.8  23.4  23.3  23.8  23.3  23.9  24.1 
 26.0  26.1  26.5  26.9  27.3  27.5  28.8  29.5  28.0  26.5  23.8  23.5  23.2  23.2  23.3  23.2  23.0  23.0  23.1  23.2  23.2  22.9  23.1  23.3  23.1  23.0  23.4  23.4  23.6  23.3  23.7  24.0 
 25.9  25.8  26.7  26.6  26.6  26.5  27.7  27.8  26.4  25.3  24.0  23.5  23.3  23.1  23.3  23.2  23.1  23.1  23.3  23.2  23.1  22.9  23.1  23.3  23.1  22.8  23.4  23.5  23.4  23.5  24.3  24.5 
 25.8  25.7  26.3  26.5  25.9  26.2  26.0  26.0  25.0  24.3  23.8  23.8  23.1  23.2  23.4  23.4  22.9  23.3  23.2  23.3  23.1  23.0  23.4  23.4  23.3  23.2  23.5  23.6  23.4  23.3  24.5  24.7 
 26.0  25.8  26.2  26.3  25.9  25.4  25.9  25.7  24.5  24.1  24.0  23.8  23.4  23.1  23.3  23.5  23.0  23.0  23.4  23.3  23.1  22.9  23.4  23.2  23.3  23.2  23.8  23.6  23.6  23.6  25.2  25.9 
 26.7  26.1  25.8  25.9  25.4  25.1  25.3  25.0  24.5  24.2  24.0  24.2  23.4  23.4  23.4  23.5  23.2  23.2  23.4  23.5  23.1  23.3  23.4  23.6  23.4  23.4  24.0  24.4  24.2  24.3  26.1  27.2 
 27.7  26.1  25.9  25.8  25.4  25.0  25.1  24.7  24.3  24.0  24.1  23.9  23.6  23.3  23.8  23.4  23.4  23.2  23.4  23.4  23.5  23.1  23.8  23.4  23.3  23.8  24.9  24.9  25.2  24.5  26.7  26.7 
