 24.2  23.6  23.5  23.3  23.0  23.0  23.1  23.2  22.9  22.6  23.3  23.1  22.8  22.8  23.0  22.9  22.6  22.8  22.9  23.0  22.8  22.8  23.2  23.1  23.0  22.8  23.5  23.1  23.5  23.3  24.5  25.0 
 23.7  23.4  23.6  23.8  23.5  23.0  23.1  23.4  22.9  22.7  23.0  23.1  22.9  22.4  22.7  22.9  22.5  22.4  22.8  22.9  22.9  22.5  23.1  23.1  22.8  22.8  23.3  23.2  23.1  23.4  24.3  24.9 
 23.5  23.1  23.6  23.1  23.0  22.6  23.0  23.0  22.8  22.8  23.1  23.1  22.8  22.4  22.7  23.0  22.6  22.6  22.9  22.6  22.6  22.9  22.8  22.9  23.0  22.8  23.2  23.2  23.0  23.4  23.9  23.8 
 23.4  23.0  23.3  23.6  23.0  22.5  23.1  23.2  23.0  23.0  23.3  23.1  22.6  22.6  22.9  23.0  22.8  22.5  23.0  22.7  22.7  22.7  22.9  22.9  22.7  22.6  23.2  23.3  23.2  24.0  23.8  23.7 
 23.2  23.4  23.3  23.4  22.9  22.8  22.9  23.1  23.4  23.7  24.2  23.5  22.7  22.7  22.7  22.7  22.6  22.6  22.9  22.8  22.6  22.6  22.8  22.9  22.7  22.8  23.1  23.2  23.1  24.2  23.8  23.7 
 23.2  22.7  23.2  23.2  22.8  22.9  23.1  23.0  23.5  24.3  25.9  24.1  22.8  22.5  22.7  22.8  22.8  22.6  22.9  22.8  22.5  22.5  22.9  22.9  23.0  22.6  22.9  23.0  23.3  22.9  23.5  23.5 
 23.0  23.2  23.0  22.9  22.7  22.9  22.9  23.2  23.8  25.1  27.6  25.1  22.8  22.5  22.7  22.8  22.6  22.6  22.8  22.9  22.7  22.7  22.9  22.9  22.6  22.8  23.1  23.0  22.9  23.0  23.5  23.2 
 23.6  22.9  23.1  23.3  23.0  22.7  23.0  23.1  23.2  23.3  24.3  23.6  22.8  22.6  22.8  22.9  22.7  22.7  22.7  22.6  22.7  22.7  22.9  23.1  22.9  22.7  23.0  23.0  22.9  22.8  23.1  22.7 
 23.3  23.4  23.4  23.1  22.8  22.9  23.0  22.9  22.7  22.7  22.8  22.9  22.7  22.7  22.7  22.8  22.6  22.7  22.9  22.7  22.6  22.8  22.9  22.9  22.8  22.7  22.9  23.0  23.0  22.8  23.1  23.0 
 23.3  22.9  23.6  23.6  23.4  22.8  23.1  23.0  22.9  22.7  22.8  23.1  22.8  22.4  22.8  22.9  22.7  22.6  22.8  22.8  22.8  22.5  22.8  22.8  23.0  22.6  23.0  23.1  22.9  22.9  23.2  23.3 
 24.1  24.0  24.7  24.7  24.5  24.3  23.7  23.3  23.0  22.7  23.0  22.7  22.6  22.7  22.9  22.8  22.6  22.8  22.8  22.8  22.8  22.6  22.7  22.9  22.6  22.7  22.8  22.9  22.7  22.8  23.4  23.2 
 24.4  24.4  25.1  25.3  25.7  25.6  25.1  24.4  23.5  22.9  23.0  23.0  22.7  22.7  22.8  23.0  22.7  22.7  22.7  23.0  22.8  22.7  22.8 nan  22.8  22.4  22.8  23.1  22.9  22.7  23.2  23.3 
 25.1  25.2  26.3  26.9  28.3  29.6  37.9  41.9  39.8  33.7  23.5  23.1  22.9  22.7  22.8  22.9  22.8  22.6  22.9  22.8  22.6  22.6  22.8  22.9  22.6  22.9  23.2  23.2  22.8  23.1  23.6  23.3 
 25.3  25.4  26.9  27.6  30.0  32.4  47.5  54.4  58.8  51.7  24.8  23.5  23.0  22.8  22.8  23.0  22.7  22.9  22.9  22.8  22.7  22.6  22.9  22.9  22.8  22.6  23.9  24.1  23.5  23.0  23.1  23.4 
 25.6  26.1  27.6  28.5  32.3  36.5  57.6  66.6  77.8  73.4  30.8  24.9  22.9  22.8  23.0  22.9  22.8  22.8  22.9  22.9  22.6  22.6  22.8  22.8  22.8  22.9  25.6  25.5  23.4  23.5  23.3  23.4 
 26.0  25.9  27.7  28.6  32.7  36.6  57.2  68.9  87.3  82.2  30.3  24.8  23.0  22.8  23.0  22.9  22.8  22.6  23.0  23.0  22.7  22.6  22.8  22.9  22.7  22.7  24.1  24.6  23.4  23.2  23.5  23.4 
 25.6  26.1  27.6  27.9  30.0  31.7  45.5  55.7  67.9  57.3  25.3  23.5  22.9  22.8  23.0  22.9  22.8  22.8  23.1  22.8  22.8  22.6  22.9  23.0  22.7  22.7  23.3  23.4  23.3  23.3  23.4  23.8 
 26.1  25.8  26.9  27.5  28.5  29.5  37.7  42.9  46.4  39.2  24.1  23.5  23.0  23.0  22.9  23.0  22.8  22.7  23.1  22.9  22.9  22.7  22.9  23.1  23.2  22.7  23.1  23.2  23.4  23.1  23.8  23.9 
 25.8  26.0  26.6  26.6  27.2  27.3  28.8  29.3  27.9  26.2  23.7  23.4  23.0  23.1  23.3  23.3  22.9  23.0  23.2  23.1  23.0  22.8  23.0  23.2  22.8  22.8  23.2  23.0  23.2  23.1  23.9  24.1 
 26.0  25.7  26.4  26.2  26.4  26.4  27.5  27.4  26.4  24.9  23.6  23.7  23.1  22.8  23.2  23.1  22.9  22.8  23.2  23.0  22.9  22.8  23.1  23.5  22.9  22.9  23.3  23.4  23.3  23.1  23.8  24.0 
 25.8  25.4  26.2  26.1  25.9  25.9  26.0  26.0  25.0  24.2  23.8  23.7  23.2  23.2  23.2  23.2  22.9  22.9  23.1  23.2  22.9  22.9  23.2  23.2  23.1  23.1  23.4  23.5  23.4  23.6  24.1  24.6 
 25.7  25.4  26.1  25.8  25.8  25.5  25.7  25.8  24.3  24.1  23.9  23.6  23.3  23.1  23.1  23.5  22.9  22.8  23.3  23.2  23.0  23.1  23.2  23.4  23.0  23.0  23.7  23.6  23.5  23.5  24.8  25.5 
 26.6  25.8  25.8  25.6  25.4  25.0  25.3  24.8  24.4  24.1  24.0  23.9  23.2  23.1  23.4  23.3  23.2  23.1  23.2  23.1  23.3  23.1  23.4  23.3  23.4  23.3  24.1  24.2  23.9  24.2  25.6  26.2 
 27.3  26.2  25.7  25.9  25.0  25.0  24.9  24.9  24.2  23.9  23.8  23.7  23.6  23.3  23.4  23.3  23.2  23.2  23.3  23.4  23.4  23.3  23.6  23.7  23.3  23.4  24.5  24.8  24.9  24.9  26.6  27.5 
