 24.7  24.0  24.0  23.8  23.5  23.0  23.1  23.0  22.8  22.5  23.1  22.9  22.8  22.5  23.0  22.9  22.8  22.4  23.1  22.9  22.8  22.7  23.4  23.6  24.6  25.6  29.6  29.8  30.5  30.2  31.3  31.8 
 23.4  23.6  23.7  24.0  23.0  22.9  23.0  23.2  22.7  22.6  23.1  23.1  22.5  22.8  22.9  22.9  22.7  22.5  23.1  23.2  22.8  22.7  23.4  23.8  24.7  25.6  29.1  29.8  29.8  30.2  30.5  31.0 
 23.6  23.2  23.9  23.5  23.1  22.6  23.2  23.0  23.2  22.6  23.0  23.0  22.9  22.6  23.0  22.8  22.6  22.6  22.9  22.8  23.0  22.6  23.9  25.2  28.0  29.4  31.6  31.8  31.7  30.9  30.8  30.4 
 23.1  23.2  23.2  23.7  22.6  22.7  23.1  23.3  22.8  22.9  23.0  22.8  22.6  22.7  22.8  23.1  22.6  22.5  22.9  23.0  22.8  22.8  24.8  26.3  29.1  30.0  31.7  32.4  31.7  31.8  31.1  30.4 
 23.6  23.2  23.3  23.4  23.3  22.6  23.2  23.2  23.4  23.2  23.4  23.0  22.9  22.5  23.1  22.8  22.9  22.6  23.1  22.9  22.8  22.8  25.3  27.7  30.6  30.8  31.7  32.0  32.3  32.0  30.0  29.4 
 23.1  23.2  23.4  23.6  22.7  22.8  23.1  23.5  23.6  23.9  23.2  23.2  22.6  22.6  23.0  23.0  22.6  22.7  22.9  23.0  22.9  22.8  25.8  27.8  31.0  30.8  31.9  32.3  32.1  31.7  28.0  28.7 
 23.5  23.0  23.6  23.2  23.2  22.7  23.4  23.5  25.5  26.7  24.5  23.4  22.7  22.5  22.9  22.8  22.8  22.6  23.0  22.8  23.1  22.9  26.3  28.6  31.0  30.8  31.8  31.9  30.7  28.2  26.1  25.9 
 23.3  23.2  23.3  23.3  22.5  23.1  23.5  23.8  26.0  27.7  24.9  23.4  22.8  22.7  22.8  23.0  22.6  22.5  22.8  23.2  22.8  23.0  25.9  28.0  30.4  30.8  31.5  31.6  28.1  27.4  25.3  24.6 
 23.8  23.1  23.5  23.2  23.0  22.7  23.2  23.3  23.5  23.5  23.2  22.9  22.7  22.5  23.0  22.9  22.8  22.7  23.1  22.8  22.9  22.7  24.0  24.8  28.0  28.4  30.2  29.9  27.2  25.4  25.1  24.7 
 23.5  23.5  23.5  23.7  22.9  23.0  23.2  23.2  22.9  23.0  22.9  23.1  22.7  22.7  22.8  23.0  22.7  22.8  23.0  23.1  22.7  22.9  23.1  23.7  24.5  25.7  27.4  27.6  25.2  24.8  24.9  24.9 
 24.0  23.6  24.0  23.8  23.4  23.3  23.1  23.1  23.1  22.8  23.2  22.7  22.7  22.6  23.0  22.8  23.0  22.7  23.1  23.0  22.9  22.7  23.1  23.1  23.1  23.0  24.1  24.0  24.3  24.3  24.6  24.3 
 23.5  23.8  24.0  24.3  23.9  23.9  23.6  23.6  22.8  22.9  22.9  23.1  22.7  22.7  22.8  23.1  22.7  22.9  22.9  23.1  22.7  22.9  23.1 nan  22.7  22.9  24.6  25.6  24.4  23.9  24.0  24.4 
 24.5  24.2  25.3  25.5  26.4  26.6  29.2  29.6  28.0  26.0  23.2  23.1  23.0  22.6  23.0  22.8  22.8  22.6  23.1  22.9  23.0  22.6  23.1  23.0  23.1  22.9  24.8  25.4  24.2  23.4  24.3  24.0 
 24.6  24.8  25.8  26.4  27.7  28.9  36.7  42.5  45.1  39.8  24.1  23.5  22.7  22.9  22.9  23.0  22.7  22.9  22.9  23.0  22.6  22.6  23.0  23.2  22.9  22.8  23.7  24.3  23.8  23.7  23.9  24.4 
 25.1  25.2  26.8  27.3  30.1  32.6  52.1  60.5  71.3  67.8  34.4  25.7  23.0  22.8  23.0  22.7  22.8  22.7  23.0  22.9  22.9  22.5  23.3  23.1  23.0  22.8  23.3  23.4  23.4  23.3  24.3  23.9 
 25.4  25.6  26.8  27.7  30.4  33.5  52.4  61.4  76.3  76.0  39.1  26.8  22.9  22.9  22.9  23.0  22.6  22.6  22.8  23.0  22.7  22.8  23.0  23.2  22.8  23.0  23.5  23.6  23.3  23.6  24.0  24.2 
 25.9  25.7  26.8  27.2  30.0  31.8  46.0  55.3  78.6  78.5  34.3  25.4  23.1  23.0  23.2  22.9  22.9  22.7  23.1  23.1  22.8  22.6  23.1  22.8  23.3  23.0  23.6  23.5  23.5  23.3  24.4  23.9 
 25.5  25.8  26.7  27.2  28.7  30.3  39.0  45.3  61.1  58.5  27.9  24.6  23.0  22.9  23.2  23.3  22.7  22.9  23.1  23.3  22.7  22.9  23.1  23.5  23.1  23.1  23.5  23.5  23.5  23.3  24.0  24.0 
 25.8  25.6  26.7  26.9  27.5  27.6  29.6  30.9  32.5  30.3  24.4  23.7  23.2  22.8  23.5  23.0  23.1  22.9  23.2  23.1  23.1  22.8  23.3  23.2  23.4  22.8  23.5  23.7  23.5  23.1  24.0  24.2 
 25.5  25.5  26.8  26.7  26.5  26.6  28.1  28.5  28.1  27.3  24.2  23.8  23.0  23.1  23.2  23.3  22.8  23.0  23.2  23.4  22.9  22.9  23.2  23.7  23.0  23.0  23.4  23.7  23.3  23.7  24.1  24.4 
 25.7  25.3  26.5  26.1  25.9  26.1  26.3  26.3  25.7  25.1  24.0  23.7  23.2  23.0  23.4  23.2  23.0  22.9  23.2  23.1  23.1  22.9  23.8  23.3  23.3  22.9  23.8  23.6  23.9  23.8  25.3  25.2 
 25.5  25.4  25.8  26.2  25.6  25.6  25.8  26.0  25.2  24.8  23.9  24.0  23.0  23.0  23.2  23.4  22.8  23.1  23.2  23.4  23.0  23.1  23.5  23.6  23.1  23.3  23.6  24.1  24.2  24.6  25.3  26.4 
 27.0  25.6  25.9  25.5  25.6  25.2  25.4  25.0  24.7  24.2  24.2  23.7  23.5  23.1  23.5  23.5  23.3  23.1  23.7  23.4  23.8  23.0  23.6  23.8  23.8  23.4  24.7  24.9  25.2  24.8  27.1  26.7 
 26.8  26.4  25.8  25.9  25.2  25.3  25.2  25.4  24.3  24.4  24.0  24.2  23.3  23.4  23.5  23.5  23.0  23.4  23.5  23.7  23.4  23.4  23.8  24.0  23.9  24.1  25.4  25.7  25.2  25.6  27.4  27.7 
