 23.4  22.9  23.1  23.3  22.6  22.7  22.6  22.7  22.7  22.3  22.6  22.8  22.4  22.4  22.6  22.6  22.4  22.4  22.6  22.8  22.5  22.5  22.6  23.0  22.6  22.7  23.0  24.0  23.5  23.3  23.8  25.0 
 23.4  22.8  23.6  23.1  22.9  22.5  22.9  22.9  22.8  22.6  22.9  22.7  22.5  22.3  23.0  22.6  22.4  22.4  22.6  22.5  22.6  22.4  22.8  22.7  22.7  22.9  23.5  24.2  23.4  23.4  24.2  24.1 
 23.3  23.3  23.2  23.5  22.6  22.3  22.7  22.7  22.5  22.7  22.6  22.9  22.4  22.6  22.7  22.5  22.3  22.2  22.5  22.7  22.2  22.2  22.5  22.7  22.8  22.7  22.9  23.4  23.0  22.7  22.8  23.5 
 23.2  23.0  23.3  23.0  22.7  22.3  23.0  22.8  22.7  22.7  23.0  22.8  22.5  22.3  22.4  22.6  22.4  22.4  22.9  22.5  22.5  22.5  22.9  22.6  22.4  22.6  23.1  23.0  22.8  22.9  23.8  23.4 
 23.0  23.2  22.9  23.3  22.7  22.8  22.9  23.1  23.1  23.3  22.9  22.8  22.3  22.2  22.7  22.5  22.4  22.2  22.5  22.5  22.3  22.5  22.8  22.9  22.6  22.4  22.9  22.9  22.6  22.6  23.0  23.5 
 23.2  22.7  23.2  22.9  22.7  22.6  23.3  22.7  23.5  24.1  23.4  22.8  22.4  22.3  22.5  22.4  22.4  22.2  22.6  22.3  22.4  22.1  22.8  22.8  22.8  22.5  22.9  22.6  23.1  22.8  23.6  23.1 
 22.7  22.9  23.1  23.1  22.6  22.7  23.0  23.3  25.3  26.6  24.2  23.4  22.5  22.4  22.6  22.6  22.5  22.4  22.6  22.4  22.4  22.4  22.7  23.0  22.5  22.4  22.8  23.1  23.0  22.9  23.0  23.3 
 23.5  23.0  23.1  23.0  22.7  22.6  23.2  23.3  25.8  27.4  24.7  23.1  22.6  22.5  22.5  22.4  22.5  22.4  22.6  22.5  22.6  22.5  23.0  22.8  22.6  22.6  22.9  22.7  22.9  22.6  23.1  22.3 
 23.3  23.3  23.1  23.1  22.8  22.6  22.9  23.2  23.1  23.4  22.9  22.9  22.6  22.5  22.5  22.5  22.5  22.5  22.6  22.6  22.5  22.5  22.7  22.8  22.7  22.6  22.8  23.0  23.0  22.9  23.1  23.0 
 23.5  23.3  23.4  23.4  23.0  22.8  23.1  22.9  22.9  22.9  23.0  22.7  22.7  22.5  22.7  22.5  22.5  22.5  22.8  22.5  22.6  22.4  22.8  22.6  22.8  22.5  23.2  23.1  23.0  22.8  23.6  23.3 
 23.7  23.9  23.9  24.2  23.8  23.7  23.2  23.3  22.9  22.7  22.8  22.7  22.5  22.5  22.6  22.7  22.5  22.4  22.6  22.6  22.4  22.4  22.7  22.7  22.5  22.6  23.4  23.9  23.7  23.3  23.4  23.2 
 23.8  23.6  24.5  24.3  24.5  24.6  24.0  23.6  23.0  22.8  23.1  22.8  22.6  22.3  22.7  22.7  22.5  22.5  22.7  22.7  22.5  22.3  22.8 nan  22.5  22.5  24.4  24.8  23.9  23.2  23.2  23.1 
 24.4  24.4  25.4  25.6  27.0  27.8  32.9  35.2  33.0  29.3  23.1  23.0  22.5  22.6  22.6  22.7  22.6  22.5  22.8  22.6  22.4  22.5  22.6  22.8  22.6  22.7  23.9  24.9  23.6  23.2  23.3  23.1 
 24.8  24.7  26.2  26.4  28.4  29.9  42.0  49.1  53.6  47.4  24.8  23.2  22.7  22.7  22.7  22.7  22.6  22.5  22.9  22.6  22.6  22.5  22.7  22.7  22.6  22.6  23.2  23.6  23.6  23.1  23.3  23.4 
 25.0  25.3  26.7  27.5  30.7  33.7  54.7  63.2  74.5  71.3  34.5  25.6  22.8  22.4  22.8  22.8  22.6  22.5  22.7  22.8  22.6  22.4  22.6  22.6  22.6  22.5  22.9  22.9  22.8  23.1  23.2  23.7 
 25.6  25.1  27.1  27.8  30.7  34.0  53.5  62.5  78.7  79.4  37.2  25.8  22.9  22.6  22.8  22.6  22.6  22.5  22.8  22.9  22.6  22.5  22.7  22.7  22.5  22.4  23.1  22.8  23.0  22.8  23.7  23.4 
 25.0  25.4  26.7  26.9  29.5  31.8  44.2  53.4  73.3  70.2  30.0  24.4  22.8  22.5  22.7  22.6  22.7  22.5  22.6  22.9  22.6  22.6  22.8  22.7  22.6  22.6  23.0  23.3  22.8  22.9  23.4  23.4 
 25.5  25.1  26.4  26.7  28.4  29.5  36.9  42.1  54.3  49.7  25.9  23.7  22.8  22.6  22.9  22.7  22.7  22.4  22.8  22.7  22.5  22.7  22.9  22.9  22.7  22.8  23.3  23.0  23.0  22.6  23.8  23.5 
 25.1  25.4  26.3  26.7  27.0  27.2  28.5  29.5  29.7  27.9  23.7  23.4  22.7  22.7  22.9  22.9  22.7  22.7  22.7  23.0  22.6  22.4  22.8  23.1  22.9  22.6  23.0  23.4  23.1  23.1  23.4  24.2 
 25.3  25.5  26.3  26.1  26.2  26.1  27.3  27.3  27.0  26.1  23.6  23.2  22.9  22.7  23.0  22.8  22.6  22.5  23.0  22.7  22.7  22.5  23.0  22.8  22.6  22.8  23.3  23.3  23.0  23.1  24.0  24.1 
 25.4  25.2  25.2  25.6  25.7  25.5  25.7  25.8  25.2  24.6  23.6  23.3  22.9  22.8  22.9  23.0  22.6  22.6  22.7  23.0  22.8  22.7  23.1  23.1  22.9  22.7  23.3  23.5  23.6  23.9  25.1  25.2 
 25.3  25.1  25.5  25.3  25.1  25.1  25.6  25.4  24.6  24.4  23.8  23.3  22.9  22.7  22.9  22.9  22.8  22.5  23.2  22.8  22.7  22.6  23.1  23.0  22.8  22.9  23.5  23.5  24.5  24.7  25.8  25.5 
 25.6  25.3  25.1  25.4  24.8  24.6  24.7  24.8  24.1  23.9  23.6  23.6  23.3  23.1  23.0  22.9  22.8  22.9  23.0  23.3  23.0  22.8  23.4  23.5  23.5  23.3  25.2  25.8  25.9  25.8  26.6  27.0 
 26.4  26.0  25.3  25.3  24.7  24.4  24.8  24.6  24.0  23.8  23.7  23.5  23.0  22.8  23.3  22.9  22.8  22.7  23.3  22.9  23.2  23.1  23.7  23.8  24.1  24.7  26.1  26.5  26.2  26.0  27.3  26.8 
