 24.7  23.5  23.9  23.4  23.5  23.1  23.5  23.2  23.1  22.7  23.2  23.1  23.2  22.5  23.0  22.9  22.9  22.7  23.1  23.1  22.9  22.9  23.3  23.2  23.4  22.9  23.4  23.6  23.6  23.0  25.2  25.1 
 23.4  23.5  23.4  24.1  23.1  23.1  23.2  23.5  23.0  23.1  23.3  23.3  22.7  22.8  23.1  23.1  22.8  22.8  23.0  23.2  23.0  22.9  23.1  23.4  22.8  23.1  23.2  23.5  22.9  23.5  24.2  25.3 
 23.6  23.2  23.7  23.4  23.4  22.7  23.0  22.9  23.0  22.8  23.3  23.1  23.1  22.7  23.0  23.0  22.9  22.6  22.9  22.8  22.9  22.7  22.9  23.1  23.2  22.9  23.7  23.3  23.3  23.5  24.2  23.7 
 23.2  22.9  23.4  23.7  22.7  23.0  23.1  23.5  22.8  23.0  23.3  23.3  22.7  22.8  22.6  23.1  22.7  22.8  23.0  23.1  22.6  22.8  23.0  23.3  22.8  23.0  23.1  23.3  23.2  24.3  23.9  24.2 
 23.7  23.1  23.6  23.4  23.1  22.9  23.5  23.4  23.5  23.6  24.4  23.6  22.8  22.5  23.0  22.9  22.8  22.5  22.8  22.9  23.0  22.4  22.9  23.0  23.2  22.9  23.2  23.1  23.5  23.6  24.0  23.5 
 23.0  23.3  23.0  23.4  22.9  23.0  23.1  23.3  23.4  24.6  26.0  24.4  22.6  22.9  22.8  23.1  22.7  22.7  22.7  22.9  22.7  22.7  22.9  23.1  23.0  22.9  23.1  23.3  22.8  23.5  23.6  23.8 
 23.5  22.8  23.6  23.3  22.9  22.6  23.1  23.4  24.0  25.2  27.9  25.0  22.9  22.7  23.0  22.8  22.8  22.8  23.0  22.7  22.9  22.7  23.1  23.0  22.9  22.6  23.1  23.1  23.2  22.8  23.5  23.3 
 23.4  23.3  23.3  23.5  22.7  22.9  23.1  23.2  22.8  23.3  24.2  23.7  22.8  22.9  22.9  23.1  22.7  22.7  22.8  22.8  22.7  22.7  23.0  23.1  22.9  22.8  23.2  23.2  23.0  22.9  23.3  23.0 
 23.7  23.3  23.7  23.5  23.2  22.8  23.2  23.1  23.0  22.8  23.2  23.0  22.8  22.7  23.0  22.8  22.8  22.5  23.1  22.8  22.9  22.7  23.1  23.0  23.0  22.8  23.3  23.0  23.0  22.8  23.3  23.1 
 23.6  23.6  23.7  23.7  23.4  23.2  23.1  23.2  22.9  22.9  22.9  23.1  22.8  22.8  22.8  23.1  22.6  22.7  22.8  23.1  22.7  22.8  22.8  23.0  23.0  22.9  23.1  23.2  22.7  23.0  23.5  23.4 
 24.4  24.1  24.8  24.6  24.7  24.3  23.7  23.5  23.1  22.8  23.1  23.0  22.8  22.7  23.1  22.9  22.8  22.6  23.0  22.8  22.8  22.6  23.1  22.8  22.9  22.7  22.9  23.2  23.2  22.8  23.2  23.3 
 24.4  24.6  24.9  25.7  25.4  25.9  25.1  24.6  23.2  23.2  23.0  23.2  22.8  22.9  22.9  22.8  22.6  22.7  22.9  23.1  22.7  22.9  22.8 nan  22.5  22.8  22.7  23.2  22.9  23.0  23.3  23.7 
 25.4  25.2  26.4  26.6  28.6  29.6  38.1  41.9  39.8  33.7  23.6  23.2  23.0  22.8  23.1  23.0  22.8  22.7  23.0  22.9  22.9  22.7  22.8  23.0  23.0  22.8  23.4  23.3  23.4  23.1  23.7  23.6 
 25.6  25.7  26.7  27.6  30.0  32.6  47.6  54.4  58.8  51.8  24.8  23.7  23.0  23.0  22.8  23.0  22.7  22.9  22.9  23.0  22.8  22.7  22.9  23.0  22.9  22.9  23.9  24.4  23.3  23.3  23.4  23.9 
 25.9  25.9  27.9  28.4  32.6  36.6  57.8  66.8  77.9  73.5  30.9  24.9  23.0  23.0  23.1  22.9  23.0  22.8  23.1  23.0  22.9  22.7  22.9  22.9  23.0  22.8  25.8  25.3  23.7  23.2  23.6  23.3 
 25.8  26.0  27.8  28.7  32.7  36.8  57.3  69.1  87.3  82.3  30.4  24.9  23.1  23.1  22.9  23.1  22.7  23.0  23.1  23.2  22.7  22.8  23.0  23.3  22.7  22.8  24.1  24.7  23.3  23.2  23.6  23.8 
 26.0  25.8  27.5  28.0  30.3  31.9  45.6  55.6  67.9  57.4  25.6  23.7  23.2  22.9  23.0  23.0  23.0  22.7  23.1  23.0  23.1  22.6  23.1  23.0  23.1  22.8  23.3  23.3  23.1  23.0  23.7  23.7 
 25.9  26.3  27.1  27.5  28.5  29.9  37.7  42.9  46.2  39.3  24.0  23.7  23.2  23.2  23.1  23.4  23.0  23.0  23.1  23.2  22.7  23.0  22.9  23.3  22.9  22.8  23.2  23.3  23.3  23.3  23.5  24.0 
 26.2  25.8  26.8  26.9  27.3  27.2  29.1  29.4  28.4  26.3  23.9  23.4  23.3  23.2  23.4  23.2  23.2  23.1  23.2  23.1  23.1  22.8  23.2  23.2  23.1  22.9  23.3  23.3  23.6  23.2  23.9  24.0 
 25.6  26.0  26.4  26.6  26.5  26.8  27.6  27.8  26.3  25.4  23.6  23.6  23.2  23.1  23.2  23.2  22.9  23.1  23.3  23.3  22.9  23.0  23.3  23.4  23.0  23.2  23.2  23.7  23.1  23.5  23.7  24.5 
 26.0  25.5  26.4  26.0  26.2  25.8  26.4  25.9  25.3  24.2  23.9  23.6  23.4  23.1  23.4  23.3  22.9  23.2  23.2  23.2  23.0  22.8  23.6  23.3  23.3  22.8  23.8  23.7  23.5  23.4  24.5  24.7 
 25.7  25.8  25.8  26.0  25.8  25.7  25.7  25.8  24.5  24.4  23.8  23.9  23.1  23.3  23.2  23.6  23.0  23.1  23.1  23.5  23.0  23.2  23.4  23.6  23.0  23.2  23.8  23.7  23.3  23.6  24.4  26.2 
 27.0  25.9  25.8  25.7  25.8  25.2  25.4  25.0  24.4  24.0  24.0  23.9  23.6  23.3  23.5  23.5  23.4  23.1  23.5  23.2  23.5  23.0  23.7  23.8  23.5  23.2  24.3  24.3  24.6  24.1  25.7  26.4 
 26.5  26.3  25.7  26.0  25.3  25.1  25.0  25.1  24.0  23.9  23.8  23.9  23.1  23.6  23.4  23.5  23.2  23.3  23.4  23.5  23.0  23.4  23.4  23.8  23.4  23.6  24.6  25.1  24.6  24.8  25.9  27.6 
