 24.3  23.2  24.1  23.7  23.5  23.0  23.4  23.3  23.1  22.7  23.2  23.2  23.0  22.6  23.1  23.0  22.9  22.4  23.1  23.1  22.7  22.7  23.1  23.0  22.9  22.8  23.2  23.6  23.3  23.1  24.6  25.3 
 23.5  23.5  23.6  23.7  23.2  22.9  23.1  23.5  22.9  22.9  23.3  23.4  22.7  23.0  23.1  23.0  22.7  22.6  22.9  23.0  22.9  22.7  23.1  23.2  22.6  23.1  23.4  23.5  22.9  23.1  24.1  25.0 
 23.4  23.1  23.8  23.4  23.1  22.7  23.1  23.1  23.1  22.9  23.2  23.3  22.7  22.5  23.0  22.8  22.8  22.6  22.7  22.9  22.8  22.6  22.9  23.1  23.0  22.6  23.3  23.4  23.4  23.2  23.8  23.8 
 23.2  23.6  23.4  23.5  23.0  23.0  23.1  23.4  22.9  23.1  23.2  23.3  22.6  22.7  22.7  22.9  22.6  22.6  22.8  23.0  22.6  22.6  22.8  23.0  23.0  23.0  23.4  23.1  23.1  24.3  23.6  24.0 
 23.3  23.0  23.3  23.2  22.9  22.7  23.0  23.2  23.4  23.7  24.4  23.6  22.8  22.3  22.9  22.8  22.8  22.4  23.0  22.9  22.9  22.6  23.0  23.1  23.0  22.9  23.1  23.3  23.7  23.4  23.7  23.9 
 23.0  23.1  23.3  23.3  22.7  23.0  23.0  23.2  23.5  24.7  26.0  24.4  22.6  22.7  22.9  22.9  22.6  22.8  22.8  23.0  22.5  22.6  22.8  22.9  23.1  22.7  23.0  23.5  23.0  23.3  23.8  23.6 
 23.5  23.2  23.1  23.2  23.0  22.7  23.1  23.1  24.0  25.1  27.9  25.1  22.8  22.5  22.9  22.7  22.7  22.6  22.8  22.7  22.7  22.7  22.9  23.1  22.9  22.7  23.2  23.4  23.0  22.8  23.4  23.2 
 23.3  23.3  23.2  23.5  22.6  22.9  23.0  23.2  23.0  23.6  24.5  23.5  22.6  23.0  22.8  23.0  22.8  22.8  22.8  23.0  22.7  22.8  23.0  23.1  22.7  22.9  23.1  23.0  22.6  22.9  23.2  22.6 
 23.7  23.1  23.5  23.2  23.0  22.7  23.1  23.0  22.8  22.6  23.1  22.9  22.9  22.5  22.8  22.9  22.7  22.6  23.0  22.8  22.9  22.5  23.1  22.9  23.0  22.8  22.9  23.0  23.0  22.6  23.3  23.1 
 23.6  23.2  23.4  23.6  23.1  23.1  23.1  23.1  22.5  22.8  23.0  23.0  22.6  22.8  22.7  22.8  22.7  22.6  22.7  22.9  22.5  22.8  22.8  23.1  22.8  22.7  23.2  23.2  22.6  22.9  23.5  23.5 
 24.2  23.8  24.8  25.0  24.6  24.2  23.8  23.6  23.0  22.9  23.1  23.0  22.9  22.5  22.8  22.8  22.9  22.5  22.9  22.9  22.8  22.5  22.9  22.9  22.7  22.5  22.9  22.9  22.8  22.7  23.5  23.5 
 24.4  24.5  25.3  25.4  25.5  25.6  25.0  24.6  23.2  23.2  23.0  23.2  22.7  22.9  22.9  23.0  22.7  22.7  22.8  23.0  22.6  22.8  22.9 nan  22.7  22.6  22.9  23.2  22.9  22.8  23.3  23.7 
 25.5  25.0  26.5  27.1  28.6  29.4  38.0  41.9  39.9  33.7  23.7  23.2  23.0  22.8  23.0  23.0  22.8  22.5  23.0  22.7  22.8  22.5  23.0  22.9  23.0  22.6  23.3  23.3  23.0  23.0  23.7  23.7 
 25.3  25.8  26.8  27.7  29.9  32.6  47.7  54.5  58.5  51.7  24.9  23.5  23.0  22.9  23.0  23.0  22.6  22.9  22.9  23.0  22.8  22.8  23.0  23.1  22.6  22.9  24.0  24.5  23.3  23.1  23.3  23.7 
 26.0  26.2  28.0  28.4  32.7  36.6  57.8  66.6  77.8  73.4  30.8  24.8  22.9  22.7  23.1  23.0  22.9  22.7  23.2  22.8  22.8  22.6  23.0  23.0  22.9  22.8  25.6  25.5  23.4  22.9  23.6  23.5 
 25.7  26.2  27.6  28.6  32.6  36.8  57.2  69.1  87.2  82.3  30.4  24.8  23.0  23.0  22.9  22.9  22.8  22.8  23.1  23.2  22.8  22.6  23.0  23.1  22.7  22.9  24.2  24.6  23.4  23.3  23.6  23.6 
 26.0  25.8  27.8  28.1  30.1  31.5  45.7  55.6  67.9  57.3  25.6  23.9  23.0  22.9  23.1  22.9  22.9  22.6  22.9  22.9  23.0  22.6  22.9  22.9  23.0  22.7  23.5  23.4  23.5  23.0  24.2  23.8 
 25.9  25.9  27.3  27.7  28.6  29.4  37.8  43.0  46.2  39.2  24.2  23.8  23.1  23.1  23.0  23.0  22.7  22.9  23.0  23.2  22.8  22.8  22.8  23.2  22.8  23.0  23.2  23.3  23.2  23.4  23.9  23.8 
 26.2  25.7  26.8  26.8  27.3  27.2  28.9  29.5  28.3  26.3  24.0  23.4  23.2  23.0  23.3  23.1  23.0  22.8  23.1  23.2  23.2  22.5  23.2  23.1  23.0  22.7  23.3  23.4  23.3  22.8  23.9  24.0 
 25.6  26.0  26.2  26.6  26.4  26.6  27.5  27.6  26.3  25.3  23.8  23.6  22.9  23.1  23.2  23.3  22.8  22.9  23.3  23.3  22.8  23.0  23.2  23.4  23.0  23.2  23.2  23.5  23.1  23.5  23.8  24.1 
 25.9  25.8  26.4  26.1  26.0  25.8  26.1  26.0  25.2  24.2  23.9  23.6  23.3  22.9  23.4  23.5  23.1  22.9  23.2  23.3  23.0  22.6  23.2  23.1  23.3  23.0  23.6  23.5  23.3  23.2  24.0  24.9 
 25.7  25.6  25.9  26.2  25.6  25.3  25.7  25.7  24.5  24.2  23.8  23.8  23.2  23.1  23.2  23.4  23.0  23.0  23.2  23.4  22.7  23.1  23.3  23.4  22.9  23.2  23.5  23.9  23.5  23.9  25.0  25.6 
 27.0  25.6  25.9  25.8  25.4  24.9  25.1  25.0  24.3  23.8  24.0  24.0  23.4  23.2  23.6  23.5  23.4  22.9  23.6  23.3  23.4  23.0  23.5  23.6  23.4  23.0  24.0  24.3  24.4  23.9  25.7  26.7 
 26.7  26.6  25.5  26.1  25.0  25.1  24.9  24.8  24.0  24.0  23.9  24.1  23.2  23.3  23.5  23.5  23.1  23.3  23.3  23.5  23.3  23.3  23.7  24.0  23.3  23.4  24.6  25.2  24.8  24.8  26.6  28.1 
