 24.2  23.2  23.8  23.3  23.2  22.7  23.3  23.5  23.0  22.7  23.0  23.0  22.9  22.5  22.8  23.0  22.6  22.4  22.9  23.0  22.7  22.5  22.9  23.2  22.8  22.5  23.3  23.1  23.2  22.9  24.5  25.0 
 23.7  23.4  23.8  23.5  23.2  22.9  23.1  23.1  22.6  22.7  23.2  23.2  22.7  22.5  23.1  22.9  22.4  22.6  23.0  23.0  22.7  22.6  22.8  22.8  22.7  23.0  23.6  23.2  23.1  23.4  24.3  24.6 
 23.5  22.9  23.7  23.1  23.0  22.5  23.0  23.1  23.0  22.7  22.9  23.1  22.9  22.5  22.8  23.0  22.7  22.5  22.9  22.8  22.8  22.7  22.8  23.0  22.9  22.7  23.3  23.1  23.5  23.2  23.3  24.0 
 23.2  23.2  23.4  23.5  22.6  22.7  22.9  23.1  22.9  22.7  23.3  23.2  22.4  22.5  22.7  23.0  22.6  22.4  22.8  22.8  22.7  22.6  23.1  23.0  22.7  23.0  23.0  23.1  23.4  23.7  24.0  24.1 
 23.0  22.8  23.0  23.3  22.8  22.5  23.0  23.1  23.3  23.1  24.2  23.5  22.7  22.5  22.7  22.8  22.6  22.5  22.7  22.9  22.7  22.3  22.9  22.7  22.8  22.6  23.0  23.1  23.6  23.5  23.7  23.5 
 23.0  23.2  23.1  23.2  22.7  22.7  23.3  23.2  23.4  24.4  26.0  24.2  22.7  22.7  22.8  22.9  22.5  22.6  22.8  22.8  22.6  22.6  22.9  23.0  22.7  22.8  23.1  23.2  22.9  23.0  23.5  23.7 
 23.2  22.7  23.2  23.5  22.9  22.6  23.0  23.1  23.9  24.9  27.8  25.3  22.7  22.4  22.8  22.8  22.6  22.5  22.9  22.8  22.7  22.5  22.8  22.9  22.9  22.6  23.1  23.1  22.9  22.8  23.3  23.2 
 23.1  23.2  23.1  23.2  22.6  22.6  23.0  23.1  23.0  23.3  24.3  23.7  22.6  22.8  22.8  22.8  22.5  22.6  22.8  22.8  22.5  22.6  23.0  23.0  22.6  22.5  23.0  23.2  22.9  22.8  23.2  22.5 
 23.5  23.1  23.4  23.0  22.8  22.7  23.0  23.0  22.8  22.6  22.8  22.8  22.7  22.6  22.8  22.8  22.7  22.6  22.7  22.8  22.8  22.6  22.8  22.8  22.8  22.5  22.9  22.7  22.9  22.5  23.2  23.1 
 23.3  23.1  23.7  23.6  23.2  23.0  23.0  23.2  22.7  22.7  23.0  23.2  22.7  22.8  22.8  22.8  22.5  22.5  22.7  22.9  22.5  22.7  22.8  22.9  22.6  22.8  23.1  23.0  22.8  22.6  23.4  23.2 
 24.3  24.0  24.6  24.7  24.3  24.2  23.8  23.5  23.0  22.7  22.9  22.8  22.6  22.5  22.9  22.8  22.7  22.5  23.0  22.8  22.6  22.6  22.8  22.8  22.6  22.7  22.9  23.1  23.0  22.7  23.5  23.3 
 23.9  24.2  25.2  25.4  25.3  25.7  25.1  24.4  23.3  23.0  23.0  23.0  22.6  22.7  22.7  22.8  22.7  22.7  22.8  22.8  22.6  22.5  22.8 nan  22.6  22.6  22.6  23.0  22.6  22.8  23.3  23.4 
 25.3  24.9  26.4  26.6  28.4  29.2  37.9  41.8  39.6  33.6  23.6  23.1  22.9  22.7  22.9  23.0  22.8  22.6  23.0  22.8  22.7  22.3  23.0  22.8  22.9  22.4  23.0  23.1  23.0  22.9  23.6  23.6 
 25.3  25.5  26.8  27.4  29.9  32.6  47.6  54.4  58.7  51.7  24.8  23.6  22.8  22.7  22.9  22.9  22.5  22.6  23.0  22.8  22.5  22.5  22.8  22.9  22.7  22.7  23.8  24.2  23.2  23.0  23.6  23.6 
 25.8  26.0  27.7  28.4  32.5  36.4  57.8  66.8  77.7  73.3  30.7  24.9  23.0  22.7  23.0  22.8  22.8  22.6  22.9  23.0  22.7  22.4  23.0  22.9  22.7  22.8  25.5  25.3  23.4  23.0  23.3  23.5 
 25.5  25.9  27.8  28.6  32.5  36.7  57.1  68.9  87.2  82.2  30.5  24.7  22.9  22.8  23.0  22.9  22.7  22.7  22.9  23.0  22.4  22.6  22.8  22.9  22.4  22.6  24.2  24.5  23.2  23.0  23.5  23.9 
 25.9  25.7  27.3  27.9  30.0  31.7  45.5  55.7  67.7  57.0  25.6  23.8  23.1  22.7  23.0  22.8  22.8  22.6  23.0  23.1  22.8  22.5  22.8  22.8  22.8  22.7  23.1  23.3  23.3  23.0  23.6  23.4 
 25.8  26.0  27.3  27.5  28.4  29.5  37.7  42.7  46.1  39.2  24.1  23.6  22.9  22.9  23.0  23.2  22.8  22.8  23.2  23.0  22.6  22.8  22.9  23.1  22.5  22.6  22.9  23.3  23.1  23.0  23.7  23.7 
 25.9  25.5  26.7  26.8  27.0  27.2  28.7  29.4  28.0  26.1  23.8  23.5  23.0  22.9  23.4  23.2  23.0  22.8  23.2  23.1  22.9  22.4  23.1  23.1  23.0  22.8  23.2  23.3  23.2  23.1  23.6  24.0 
 25.4  25.7  26.4  26.6  26.4  26.5  27.5  27.6  26.2  25.3  23.6  23.5  22.8  23.0  23.2  23.1  22.8  22.8  23.2  23.0  22.8  22.8  23.2  23.2  22.8  22.8  23.3  23.4  22.8  23.3  23.8  24.4 
 26.0  25.2  26.3  26.1  25.9  25.6  26.1  26.1  24.9  23.9  23.7  23.5  23.3  22.8  23.3  23.1  22.9  22.8  23.0  23.2  23.2  22.9  23.4  23.2  22.9  22.7  23.4  23.5  23.4  22.9  24.1  24.3 
 25.7  25.7  26.1  26.1  25.4  25.5  25.8  25.6  24.4  24.1  23.8  23.7  23.1  23.1  23.2  23.5  23.0  22.9  23.4  23.4  22.9  23.0  23.4  23.1  22.9  22.9  23.3  23.8  23.2  23.3  24.8  25.5 
 26.6  25.8  25.8  25.6  25.4  24.7  25.2  24.8  24.4  23.8  24.0  23.7  23.3  23.1  23.4  23.4  23.2  23.1  23.4  23.3  23.3  22.9  23.6  23.4  23.1  22.8  23.9  24.2  24.2  23.5  26.3  26.7 
 26.4  26.2  25.9  25.9  25.1  25.2  24.7  24.9  23.8  23.8  23.7  24.0  23.1  23.5  23.5  23.4  23.1  23.1  23.4  23.6  23.0  23.1  23.5  23.6  23.0  23.6  24.5  25.0  24.4  24.7  26.6  27.5 
