 24.3  23.5  23.8  23.6  23.6  23.0  23.2  23.3  23.1  22.8  23.2  23.2  23.2  22.7  22.8  23.1  23.0  22.8  23.0  22.8  22.8  22.8  22.9  23.0  22.9  22.6  23.2  23.4  23.5  23.2  24.4  25.5 
 24.0  23.7  23.7  23.8  23.1  23.1  23.4  23.2  23.1  23.2  23.4  23.2  22.8  23.0  23.2  22.9  22.8  22.8  23.4  22.9  23.0  22.9  23.1  23.0  22.9  23.1  23.4  23.2  23.4  23.7  24.4  24.5 
 23.6  23.4  23.8  23.7  23.1  22.7  23.0  23.0  23.1  23.0  23.2  23.3  23.0  22.7  22.7  22.9  23.0  22.6  22.8  22.9  22.9  22.9  23.0  23.1  23.3  22.9  23.3  23.3  23.6  23.4  23.8  24.4 
 23.0  23.4  23.4  23.7  23.1  22.7  23.2  23.4  22.9  23.2  23.4  23.2  22.8  23.0  22.9  22.9  22.9  22.7  23.0  22.9  22.7  22.8  23.1  23.0  23.0  23.0  23.3  23.4  23.3  24.3  24.1  24.2 
 23.7  23.1  23.4  23.2  23.1  22.9  23.0  23.4  23.6  23.6  24.4  23.6  23.0  22.8  22.8  22.9  22.7  22.6  22.9  22.8  23.0  22.6  22.9  23.0  23.0  22.9  23.2  23.2  24.0  23.9  23.7  23.8 
 23.0  23.4  23.2  23.1  23.1  23.0  23.4  23.3  23.7  24.6  26.1  24.3  22.8  22.8  22.8  22.9  22.8  22.9  22.9  22.9  22.9  22.8  23.0  22.8  22.9  22.9  22.8  23.1  23.3  23.6  23.9  23.4 
 23.5  23.1  23.1  23.5  22.9  22.9  23.2  23.5  24.1  25.2  27.7  25.1  22.9  22.7  22.7  22.9  22.8  22.6  22.8  22.8  22.9  22.7  23.0  23.2  23.0  22.6  23.1  23.1  23.2  23.1  23.1  23.6 
 23.4  23.3  23.2  23.4  22.9  22.9  23.1  23.1  23.3  23.5  24.4  23.5  22.9  23.0  22.9  22.8  22.8  22.8  22.7  22.8  22.8  22.7  23.0  23.0  22.8  22.8  23.1  23.0  23.0  23.2  23.0  22.4 
 23.7  23.2  23.6  23.2  22.9  22.9  23.1  23.0  23.1  22.8  23.0  23.0  23.0  22.5  22.9  23.1  22.8  22.7  22.8  22.9  22.8  22.8  23.0  23.0  23.0  22.8  23.2  23.0  23.0  22.9  22.8  23.3 
 23.6  23.8  23.7  23.5  23.5  23.2  23.1  23.1  23.0  23.0  23.0  23.1  22.8  22.9  22.7  22.8  22.8  22.8  23.0  22.9  22.7  22.8  22.9  22.9  23.0  22.9  23.2  23.0  23.0  23.0  23.5  23.4 
 24.5  24.1  24.7  24.6  24.7  24.5  23.7  23.5  23.0  22.9  23.0  22.9  22.9  22.7  22.9  22.9  23.0  22.7  22.9  23.0  22.8  22.8  22.8  23.1  22.8  22.8  22.9  23.2  23.2  22.9  23.3  23.5 
 24.4  24.8  25.2  25.2  25.7  25.8  25.1  24.5  23.3  23.1  23.1  23.0  22.8  22.7  22.9  23.0  22.9  22.8  23.0  22.9  22.7  22.8  22.9 nan  22.8  22.8  23.1  23.1  22.9  23.1  23.5  23.6 
 25.5  25.3  26.4  26.9  28.7  29.5  38.1  41.9  40.0  33.7  23.6  23.2  23.1  22.8  23.1  23.0  23.0  22.9  23.0  23.0  22.9  22.7  22.9  23.1  23.1  22.9  23.4  23.4  23.4  23.3  23.5  23.4 
 25.6  25.9  27.0  27.7  30.0  32.6  47.6  54.4  58.8  51.8  24.9  23.6  23.0  23.1  22.9  23.1  22.7  22.9  23.0  23.0  22.8  22.9  22.8  22.8  22.9  22.9  24.0  24.1  23.5  23.3  23.6  23.7 
 25.9  26.2  27.9  28.7  32.8  36.6  57.6  66.7  77.8  73.4  30.7  24.9  23.2  23.0  23.2  23.1  23.0  22.9  23.1  22.9  22.8  22.7  22.9  22.9  23.2  23.0  25.7  25.5  23.5  23.0  23.6  23.8 
 26.0  26.2  27.9  28.5  32.9  36.7  57.4  68.9  87.3  82.3  30.6  24.8  23.1  23.1  22.9  23.0  22.7  22.9  23.2  23.0  22.7  22.9  23.2  22.9  22.8  22.8  24.5  24.5  23.3  23.3  23.8  23.6 
 26.0  26.0  27.8  27.7  30.3  31.7  45.6  55.8  67.9  57.4  25.5  23.8  23.2  22.9  23.2  23.2  23.1  23.0  23.1  23.0  22.9  22.7  22.9  22.9  23.0  22.8  23.1  23.4  23.5  23.1  23.5  23.6 
 26.0  26.3  27.2  27.4  28.7  29.8  37.8  42.9  46.5  39.2  24.2  23.6  23.3  23.2  23.2  22.9  22.9  22.9  23.1  23.0  23.0  22.9  23.0  23.1  23.2  22.8  23.3  23.3  23.2  23.5  23.7  24.0 
 26.4  25.8  26.7  26.7  27.2  27.7  28.9  29.4  28.4  26.4  24.0  23.5  23.2  23.2  23.2  23.3  23.1  23.1  23.2  23.2  23.1  23.0  23.2  23.3  23.3  23.0  23.2  23.1  23.5  23.4  23.7  24.2 
 25.4  26.0  26.7  26.5  26.8  26.8  27.7  27.4  26.6  25.5  23.8  23.5  23.4  23.2  23.3  23.2  23.1  23.1  23.2  23.2  22.9  23.0  23.3  23.1  23.1  23.2  23.5  23.2  23.1  23.4  23.8  24.3 
 26.0  25.5  26.0  26.3  26.2  25.7  26.3  26.0  25.4  24.3  23.9  23.7  23.4  23.2  23.3  23.5  23.1  23.1  23.1  23.2  23.3  22.9  23.2  23.3  23.6  23.0  23.3  23.7  23.8  23.5  24.7  25.0 
 25.7  25.6  26.1  26.2  25.8  25.6  26.1  25.7  24.7  24.4  23.9  23.9  23.4  23.3  23.4  23.4  23.3  23.2  23.5  23.3  23.1  23.2  23.4  23.2  23.1  23.1  23.8  23.7  23.4  23.6  24.7  25.3 
 27.0  26.2  25.9  25.9  25.5  24.9  25.3  25.0  24.5  24.1  24.0  23.9  23.6  23.4  23.5  23.5  23.3  23.1  23.4  23.5  23.2  23.0  23.4  23.6  23.4  22.9  24.2  24.3  24.4  24.1  25.4  27.3 
 26.5  26.6  25.7  26.0  25.3  25.3  25.0  24.7  23.9  24.1  23.8  23.9  23.6  23.3  23.5  23.6  23.3  23.5  23.4  23.4  23.5  23.2  23.7  23.6  23.4  23.5  24.4  24.9  25.0  25.0  26.3  26.7 
