 23.9  22.8  23.3  23.3  22.6  22.6  22.8  23.0  22.3  22.3  22.6  22.9  22.3  22.4  22.5  22.7  22.2  22.2  22.7  22.6  22.4  22.3  22.7  22.9  22.6  22.3  23.2  23.8  23.5  22.9  24.1  25.4 
 23.4  23.0  23.1  23.3  22.8  22.6  23.1  22.9  22.7  22.5  22.7  22.7  22.4  22.3  22.7  22.5  22.2  22.1  22.6  22.6  22.6  22.5  23.0  22.8  22.5  22.5  23.5  24.6  23.6  23.2  24.0  24.2 
 23.1  23.0  23.1  23.0  22.7  22.4  22.9  22.8  22.4  22.6  22.7  22.9  22.3  22.3  22.5  22.7  22.3  22.5  22.3  22.7  22.4  22.1  22.3  22.7  22.7  22.6  22.8  23.1  23.1  22.9  23.5  23.5 
 23.1  22.8  23.3  23.1  22.6  22.1  22.8  22.9  22.6  22.6  22.8  22.7  22.3  22.3  22.5  22.4  22.3  22.2  22.6  22.5  22.3  22.4  22.8  22.8  22.5  22.5  23.1  23.1  22.8  22.9  23.6  23.8 
 23.0  23.1  23.2  23.2  22.7  22.6  22.7  22.8  23.1  23.1  22.9  23.1  22.4  22.3  22.5  22.6  22.4  22.2  22.5  22.6  22.4  22.4  22.5  22.7  22.6  22.3  23.2  22.8  22.7  22.8  23.1  23.4 
 22.9  22.7  23.1  23.0  22.6  22.7  22.8  23.2  23.6  23.7  23.2  23.0  22.6  22.2  22.5  22.6  22.4  22.3  22.7  22.3  22.4  22.3  22.8  22.6  22.7  22.3  23.0  22.8  22.7  23.0  23.3  23.5 
 22.9  22.9  22.8  23.2  22.4  22.6  23.1  23.2  25.1  26.4  24.1  23.3  22.5  22.3  22.4  22.6  22.3  22.3  22.5  22.5  22.4  22.5  22.6  22.7  22.6  22.3  23.0  22.7  22.6  22.6  23.2  23.4 
 23.0  22.8  23.3  23.2  22.8  22.8  23.2  23.5  25.5  27.2  24.6  23.2  22.5  22.3  22.5  22.5  22.5  22.3  22.4  22.6  22.3  22.2  22.8  22.8  22.5  22.4  22.9  22.9  22.8  22.6  23.1  22.4 
 23.4  22.7  23.3  23.1  22.8  22.7  22.9  23.2  23.2  23.1  23.1  22.9  22.4  22.5  22.6  22.6  22.5  22.3  22.6  22.6  22.5  22.4  22.6  22.7  22.5  22.4  22.8  22.9  22.9  22.5  23.3  23.2 
 23.4  23.3  23.4  23.3  22.8  22.7  22.9  22.9  22.9  22.8  22.9  22.8  22.4  22.3  22.5  22.7  22.2  22.4  22.7  22.5  22.5  22.4  22.7  22.6  22.7  22.5  23.1  23.1  22.6  22.7  23.3  23.1 
 23.7  23.9  23.8  24.1  23.7  23.5  23.1  23.1  22.8  22.8  22.9  22.8  22.5  22.5  22.6  22.5  22.5  22.4  22.6  22.7  22.5  22.4  22.7  22.7  22.5  22.5  23.3  23.7  23.5  23.1  23.1  23.5 
 23.7  23.7  24.3  24.4  24.6  24.4  24.1  23.4  22.8  22.8  22.8  22.7  22.6  22.5  22.6  22.7  22.4  22.5  22.6  22.7  22.5  22.5  22.8 nan  22.3  22.5  24.3  24.9  23.5  22.8  23.2  23.8 
 24.4  24.0  25.4  25.9  27.0  27.5  32.7  35.0  32.9  29.3  23.2  22.9  22.6  22.6  22.7  22.7  22.6  22.4  22.7  22.6  22.6  22.5  22.6  22.8  22.5  22.5  23.8  24.7  23.4  22.8  23.5  23.2 
 24.6  24.6  25.8  26.5  28.5  30.1  41.7  48.9  53.5  47.2  24.7  23.4  22.6  22.5  22.7  22.7  22.5  22.4  22.7  22.8  22.5  22.4  22.9  22.6  22.5  22.3  23.2  23.3  23.2  23.3  23.2  23.5 
 25.1  25.2  26.7  27.3  30.4  33.9  54.8  63.2  74.7  71.4  34.6  25.6  22.9  22.4  22.6  22.8  22.5  22.4  22.7  22.8  22.5  22.4  22.9  22.7  22.7  22.5  23.0  22.9  22.9  22.6  23.4  23.6 
 25.0  25.3  26.8  27.5  30.7  34.0  53.5  62.6  78.6  79.3  37.1  25.9  22.6  22.6  22.7  22.6  22.6  22.5  22.8  22.6  22.5  22.4  22.7  22.7  22.6  22.4  23.2  23.0  22.9  23.0  23.2  23.6 
 25.5  25.3  26.7  26.9  29.4  31.5  44.2  53.4  73.3  70.2  30.0  24.3  22.8  22.7  22.6  22.6  22.5  22.4  22.8  22.8  22.5  22.4  22.6  22.8  22.6  22.6  23.0  23.2  22.9  22.9  23.6  23.6 
 25.3  25.3  26.6  26.8  28.4  29.6  37.1  42.1  54.2  49.6  25.8  23.7  22.8  22.7  22.9  22.7  22.4  22.5  22.7  22.7  22.5  22.5  22.8  22.9  22.6  22.6  23.2  23.0  23.0  22.8  23.4  23.7 
 25.3  25.3  26.2  26.7  26.6  27.1  28.5  29.6  29.7  27.8  23.9  23.4  22.6  22.7  22.8  22.8  22.7  22.5  22.7  22.8  22.6  22.4  23.0  23.1  22.8  22.5  23.3  23.3  23.1  23.0  23.6  23.7 
 25.5  25.4  26.2  26.1  26.1  26.1  27.5  27.2  27.0  26.1  23.6  23.2  22.7  22.7  22.9  22.7  22.4  22.4  22.8  22.6  22.6  22.4  23.0  23.0  22.8  22.7  23.2  23.3  22.9  23.1  24.0  23.9 
 25.1  24.9  25.7  25.8  25.6  25.4  25.9  25.8  25.3  24.4  23.5  23.4  22.9  22.6  22.8  23.0  22.7  22.4  22.9  22.8  22.7  22.4  23.2  23.2  23.0  22.7  23.2  23.2  23.8  23.8  24.9  25.5 
 25.1  25.0  25.5  25.5  25.2  25.0  25.4  25.2  24.6  24.2  23.6  23.4  22.9  22.7  23.0  23.3  22.7  22.6  23.1  22.9  22.7  22.7  23.2  23.0  22.9  22.8  23.2  23.7  24.2  24.5  25.6  26.1 
 25.6  25.3  25.5  25.5  24.9  24.7  24.7  24.7  24.1  23.8  23.4  23.6  23.1  23.1  23.1  23.1  22.9  22.7  22.9  23.2  22.8  22.8  23.4  23.3  23.2  23.3  25.2  25.8  25.9  25.6  25.9  27.0 
 26.1  25.3  25.5  25.1  24.6  24.6  24.7  24.7  23.7  23.7  23.8  23.4  23.0  22.9  23.2  23.2  22.7  22.8  23.2  23.3  23.1  22.8  23.7  23.8  24.3  24.8  26.6  26.7  26.3  26.0  27.4  27.8 
