 24.0  23.5  23.4  24.0  23.3  23.3  23.2  23.6  23.2  23.1  22.8  23.2  22.8  23.1  22.8  23.0  22.9  22.7  22.6  23.2  22.8  22.9  22.9  23.1  22.9  23.0  22.9  23.4  23.8  23.6  24.4  25.8 
 23.8  23.7  23.7  23.4  23.3  23.4  23.2  23.0  23.0  23.1  23.2  23.2  22.8  22.8  23.0  22.8  22.6  22.8  23.2  22.9  22.8  22.7  23.3  22.6  22.9  22.9  23.1  23.2  23.6  23.5  24.4  24.7 
 23.6  23.4  23.3  23.7  23.2  22.8  23.1  23.2  22.9  22.8  23.2  23.3  22.9  22.7  22.8  23.0  22.8  22.7  22.8  23.0  22.7  22.6  22.8  23.0  22.9  23.0  22.8  23.5  23.6  23.4  23.6  24.1 
 23.5  23.3  23.6  23.3  23.0  22.7  23.3  23.3  23.0  22.9  23.5  23.1  22.6  22.6  22.8  22.8  22.8  22.7  23.0  22.6  22.7  22.7  23.0  22.9  22.8  23.0  23.4  23.1  23.5  24.3  24.1  24.0 
 23.3  23.1  23.0  23.4  22.9  22.9  22.9  23.1  23.6  23.6  24.2  23.7  22.7  22.7  22.7  23.0  22.6  22.7  22.9  22.9  22.7  22.6  22.9  23.0  22.9  22.8  22.9  23.3  23.5  23.6  23.7  23.7 
 23.5  22.9  23.6  23.0  22.8  23.0  23.3  23.1  23.7  24.6  26.1  24.1  22.8  22.7  22.9  22.8  22.7  22.6  23.0  22.8  22.8  22.6  23.0  22.8  23.0  22.8  23.2  23.1  23.0  23.3  23.7  23.4 
 23.1  23.3  23.1  23.4  22.9  22.8  23.0  23.2  24.1  25.2  27.7  25.2  22.9  22.8  22.8  22.8  22.9  22.6  22.7  22.9  22.7  22.7  22.9  23.0  22.9  22.7  22.9  23.3  23.2  22.8  23.1  23.4 
 23.4  23.2  23.5  23.2  22.8  22.9  23.3  23.1  23.2  23.5  24.4  23.4  22.7  22.8  22.9  22.7  22.8  22.7  22.8  22.8  22.8  22.9  23.0  22.9  22.8  22.9  23.2  23.1  23.0  22.9  23.3  22.4 
 23.6  23.5  23.4  23.6  23.0  22.9  23.0  23.2  22.8  22.7  23.0  23.0  22.7  22.7  22.8  23.0  22.6  22.6  22.8  22.9  22.9  22.9  23.0  23.2  22.8  23.0  23.0  23.1  23.3  22.9  23.3  23.3 
 23.3  23.5  23.8  23.3  23.2  23.1  23.2  23.0  22.9  22.8  23.0  23.1  22.9  22.8  22.9  22.9  22.7  22.8  22.9  22.8  22.8  22.8  22.9  22.9  22.9  22.6  23.2  22.9  23.0  22.7  23.5  23.4 
 24.1  24.4  24.6  25.0  24.6  24.2  23.6  23.4  22.9  22.9  22.9  23.0  22.7  22.9  22.8  23.0  22.8  22.6  22.7  23.0  22.8  22.8  22.8  23.1  22.8  22.5  22.6  23.0  23.1  22.8  23.2  23.6 
 24.4  24.5  25.4  25.3  25.7  25.7  25.2  24.4  23.3  23.2  23.0  23.0  23.0  22.9  22.9  22.8  22.9  22.7  23.0  22.9  22.6  22.8  22.9 nan  22.7  22.6  23.0  23.2  22.8  23.1  23.6  23.4 
 25.4  25.0  26.1  26.7  28.5  29.5  38.0  41.9  39.8  33.8  23.5  23.3  23.0  22.7  22.9  23.2  22.7  22.8  23.0  22.8  22.8  22.6  22.6  23.1  22.7  22.7  23.3  23.5  23.4  23.1  23.2  23.7 
 25.6  25.8  27.1  27.4  30.1  32.6  47.8  54.4  58.8  51.8  24.9  23.5  22.9  22.8  23.0  22.8  22.8  22.9  22.9  22.8  22.8  22.7  23.0  22.8  22.8  22.7  24.2  24.2  23.7  23.3  23.6  23.2 
 26.0  25.8  27.6  28.5  32.6  36.8  57.7  66.7  77.7  73.5  30.6  24.9  23.1  22.8  22.9  23.0  22.9  22.8  22.9  23.0  22.8  22.7  22.8  23.0  22.7  23.1  25.5  25.2  23.5  23.2  23.4  23.6 
 26.0  25.9  27.6  28.5  32.7  36.7  57.4  69.0  87.3  82.2  30.4  24.6  23.1  23.1  22.9  22.8  22.8  22.8  23.0  23.0  22.9  22.6  23.0  22.9  22.9  22.8  24.2  24.6  23.4  23.3  23.9  23.3 
 26.2  26.1  27.4  28.2  30.2  31.9  45.5  55.7  67.7  57.2  25.4  23.8  23.3  22.9  22.9  23.2  22.9  22.9  22.9  23.1  23.0  22.7  22.7  23.0  22.9  22.8  23.1  23.7  23.2  23.2  23.7  23.5 
 25.9  26.1  27.4  27.2  28.8  29.6  37.7  42.8  46.3  39.2  24.1  23.6  23.2  23.0  23.2  23.0  22.9  22.8  23.2  23.0  22.9  22.8  23.1  23.1  23.1  22.8  23.3  23.3  23.2  23.4  23.9  23.4 
 26.0  26.0  26.7  26.7  27.1  27.4  28.7  29.6  28.1  26.1  23.8  23.4  23.1  23.1  23.1  23.3  22.9  23.0  23.0  23.2  23.0  22.7  23.0  23.3  23.1  23.0  23.0  23.3  23.5  23.3  23.3  24.2 
 25.9  26.0  26.5  26.6  26.6  26.5  27.7  27.5  26.3  25.2  23.9  23.5  23.2  23.1  23.3  23.0  22.8  22.9  23.2  23.1  23.0  22.9  23.2  23.2  22.9  23.1  23.4  23.4  23.4  23.5  24.1  24.1 
 25.8  25.9  25.9  26.3  25.9  25.8  25.9  26.2  25.2  24.1  23.8  23.8  23.3  23.2  23.1  23.3  23.0  23.0  23.0  23.4  23.0  23.0  23.2  23.6  23.3  23.1  23.2  23.7  23.3  23.3  24.2  24.7 
 25.6  25.8  26.1  25.7  25.7  25.6  25.8  25.6  24.5  24.2  23.9  23.7  23.3  23.3  23.3  23.2  23.1  22.9  23.3  23.1  23.0  23.0  23.5  23.5  23.0  23.3  23.7  23.6  23.4  23.6  24.7  25.0 
 26.7  26.1  25.4  25.9  25.2  25.1  25.3  25.0  24.2  23.9  23.8  24.1  23.7  23.4  23.4  23.8  23.4  23.3  23.3  23.6  23.4  23.2  23.5  23.5  23.4  23.2  23.8  24.4  24.4  23.9  25.4  26.3 
 26.5  26.3  26.0  26.0  25.4  25.1  25.1  24.7  24.3  24.0  24.1  23.9  23.4  23.3  23.8  23.5  23.4  23.2  23.8  23.4  23.2  23.5  23.7  23.3  23.1  23.6  24.6  25.1  24.8  24.8  26.7  26.6 
