 24.5  23.7  23.9  23.8  23.6  23.1  23.2  23.4  23.2  22.9  23.1  23.1  23.1  22.8  22.8  23.1  23.0  22.8  23.1  23.1  23.1  22.6  23.3  23.1  23.4  22.9  23.6  23.4  23.8  23.4  25.1  25.4 
 24.0  23.5  23.9  24.1  23.3  23.4  23.5  23.5  22.9  23.2  23.2  23.4  23.0  22.8  23.2  23.1  22.9  22.9  23.0  23.1  22.8  22.7  23.2  23.4  23.2  23.1  23.5  23.7  23.4  23.5  24.6  25.6 
 24.0  23.2  23.5  23.4  23.0  23.0  23.4  23.4  23.2  22.9  23.3  23.2  23.0  22.8  22.9  23.1  23.0  22.8  22.9  23.0  22.9  22.8  23.1  23.2  23.1  22.8  23.4  23.6  23.6  23.3  24.0  23.9 
 23.5  23.6  23.5  23.8  23.3  23.0  23.2  23.3  23.2  23.2  23.3  23.4  22.9  22.7  23.0  23.1  22.7  22.9  23.1  23.1  23.0  23.0  23.1  23.4  22.9  23.0  23.4  23.5  23.6  24.1  24.4  24.4 
 23.6  23.1  23.4  23.4  23.2  23.0  23.3  23.3  23.5  23.9  24.4  23.8  22.8  22.7  23.0  22.9  22.8  22.6  23.0  23.1  22.9  22.7  23.0  23.0  23.0  22.9  23.6  23.3  23.8  23.7  24.0  23.8 
 23.3  23.3  23.3  23.4  23.1  23.1  23.4  23.4  23.7  24.8  26.1  24.5  22.8  23.0  22.9  23.0  22.8  22.8  22.9  23.2  22.7  22.7  23.1  23.0  23.0  23.1  23.1  23.3  23.2  23.3  23.7  24.0 
 23.3  23.1  23.4  23.3  23.0  22.8  23.3  23.2  24.0  25.3  28.0  25.2  23.0  22.7  22.9  22.9  22.9  22.8  22.9  22.8  23.0  22.7  23.2  23.2  23.2  22.9  23.2  23.4  23.3  23.1  23.6  23.6 
 23.7  23.3  23.3  23.2  23.0  22.9  23.2  23.4  23.4  23.8  24.5  23.7  22.9  22.8  22.9  22.9  22.8  22.8  23.0  23.0  22.8  22.8  23.1  23.2  22.9  22.9  23.2  23.3  23.0  22.9  23.3  22.8 
 23.6  23.3  23.5  23.3  23.1  22.9  23.2  23.1  23.0  22.7  23.1  23.1  22.9  22.7  23.0  23.1  22.8  22.7  23.1  22.9  23.0  22.8  23.2  23.0  23.1  22.8  23.3  23.2  23.3  23.0  23.2  23.2 
 23.6  23.3  24.1  24.0  23.5  23.0  23.3  23.2  22.9  22.9  23.1  23.3  22.8  22.6  23.0  22.9  22.7  22.7  22.9  23.0  22.8  22.7  23.0  23.2  23.0  22.9  23.3  23.1  23.0  23.0  23.5  23.5 
 24.7  24.2  24.8  25.1  24.8  24.4  23.7  23.4  23.2  23.0  23.1  23.0  22.9  22.7  23.0  22.9  22.9  22.8  23.1  22.9  22.9  22.6  22.9  22.9  22.9  22.9  23.1  23.0  23.2  22.9  23.5  23.6 
 24.6  24.6  25.3  25.6  25.5  25.8  25.2  24.6  23.4  23.1  23.0  23.1  22.9  22.9  22.9  23.1  22.8  22.9  23.0  23.0  22.8  22.8  23.1 nan  22.7  22.8  23.1  23.5  22.8  22.8  23.6  23.7 
 25.5  25.6  26.3  26.7  28.6  29.2  38.3  42.1  40.0  33.8  23.8  23.3  23.0  22.8  23.1  23.1  23.0  22.7  23.1  22.9  22.8  22.7  23.0  22.8  22.9  22.8  23.4  23.4  23.3  23.1  23.8  23.7 
 25.7  25.9  27.1  27.7  30.2  32.7  47.8  54.3  58.8  51.6  24.9  23.9  23.1  23.0  22.9  23.2  23.1  22.8  23.0  23.2  22.8  22.8  23.0  22.9  22.9  22.9  23.9  24.4  23.5  23.5  23.5  23.9 
 26.0  26.1  27.8  28.7  32.7  36.7  57.8  66.8  77.9  73.5  30.8  25.1  23.1  22.9  23.1  22.9  22.9  22.8  23.2  23.1  22.9  22.7  23.1  23.1  23.1  23.0  25.9  25.7  23.8  23.1  23.6  23.6 
 25.9  25.9  27.9  28.6  32.9  36.7  57.3  69.1  87.4  82.3  30.5  24.9  23.1  23.1  23.1  23.1  22.9  22.9  23.0  23.1  22.7  22.9  23.1  23.1  23.0  22.9  24.2  24.6  23.4  23.6  23.7  24.0 
 26.2  26.1  27.9  28.2  30.2  31.9  45.8  55.7  67.9  57.4  25.7  23.9  23.1  23.0  23.2  23.0  23.0  22.8  23.1  23.1  23.1  22.8  23.1  23.1  23.1  22.8  23.1  23.5  23.7  23.1  24.0  23.9 
 26.0  26.1  27.3  27.7  28.8  29.7  37.8  43.0  46.5  39.4  24.1  23.8  23.2  23.1  23.2  23.4  22.9  23.1  23.2  23.1  22.9  22.9  23.0  23.3  23.0  22.8  23.3  23.4  23.6  23.3  24.0  23.8 
 26.4  26.0  27.0  26.9  27.4  27.4  28.9  29.4  28.2  26.3  23.9  23.5  23.1  23.0  23.2  23.4  23.4  23.1  23.3  23.3  23.1  22.8  23.4  23.4  23.2  23.1  23.3  23.7  23.5  23.2  24.0  24.2 
 25.9  26.0  26.5  27.0  26.8  26.8  27.9  27.7  26.3  25.3  23.9  23.7  23.1  23.2  23.3  23.4  23.0  22.9  23.3  23.3  23.0  22.9  23.2  23.4  23.1  23.1  23.5  23.7  23.4  23.4  24.3  24.3 
 26.1  25.7  26.4  26.3  26.2  25.8  26.5  26.2  25.5  24.2  23.8  23.8  23.4  23.2  23.5  23.4  23.2  23.1  23.4  23.3  23.2  23.0  23.5  23.4  23.3  22.9  23.8  23.6  23.7  23.5  24.2  25.0 
 25.8  25.8  26.2  26.2  25.9  25.6  25.8  25.8  24.6  24.4  23.9  24.0  23.4  23.3  23.3  23.6  23.2  23.2  23.5  23.4  23.2  23.0  23.5  23.5  23.1  23.3  23.5  23.9  23.6  23.4  24.9  26.2 
 27.0  26.4  26.1  25.9  25.5  25.1  25.4  25.1  24.5  24.1  24.0  24.0  23.8  23.3  23.6  23.5  23.5  23.2  23.6  23.4  23.4  23.0  23.8  23.8  23.7  23.2  24.0  24.3  24.4  24.3  26.5  26.3 
 27.1  26.3  26.0  26.1  25.1  25.3  25.1  25.0  24.1  24.3  23.9  24.3  23.5  23.3  23.6  23.9  23.5  23.3  23.5  23.7  23.3  23.5  24.0  23.8  23.3  23.6  24.9  25.4  24.7  25.3  26.7  28.1 
