 24.2  23.4  23.6  24.0  23.4  23.2  23.3  23.3  22.9  22.7  23.2  23.2  22.8  22.5  22.7  22.9  22.9  22.8  22.8  23.2  23.1  22.8  23.0  23.2  23.0  22.8  23.1  23.5  23.5  23.5  24.5  25.7 
 23.5  23.6  23.8  23.8  23.0  23.2  23.3  23.2  23.0  23.0  23.3  23.1  22.7  22.8  23.1  22.9  22.6  22.5  23.0  23.0  22.7  22.7  23.2  23.0  22.8  23.1  23.3  23.2  23.1  23.2  24.7  24.9 
 23.5  23.1  23.2  23.4  23.1  22.7  22.8  23.3  23.0  22.8  23.1  23.2  22.7  22.5  23.0  23.2  22.6  22.7  22.9  22.9  22.8  22.4  22.8  23.3  22.8  22.9  23.3  23.5  23.5  23.4  23.5  24.2 
 23.0  23.3  23.6  23.9  22.9  22.6  23.3  23.1  23.0  23.0  23.4  23.1  22.7  22.5  23.1  22.9  22.6  22.6  22.9  22.8  22.6  22.6  23.2  22.8  22.7  22.9  23.6  23.4  23.2  23.8  24.0  24.1 
 23.5  22.8  23.1  23.4  23.0  22.8  22.9  23.2  23.5  23.7  24.4  23.6  22.8  22.6  22.5  23.1  22.7  22.6  22.7  23.0  22.7  22.5  22.7  23.1  23.0  22.8  23.0  23.3  23.6  23.6  23.7  23.9 
 23.0  23.2  23.3  23.2  22.7  22.9  23.3  23.0  23.8  24.6  26.2  24.1  22.7  22.5  22.7  22.8  22.6  22.6  22.9  22.7  22.8  22.8  23.1  22.9  23.0  22.8  23.4  23.1  23.1  23.2  23.6  23.5 
 23.2  23.2  23.4  23.6  22.9  22.6  23.2  23.3  23.7  25.0  27.8  25.2  22.8  22.6  22.7  22.9  22.6  22.7  22.7  22.9  22.5  22.6  22.8  23.0  22.7  22.6  23.0  23.1  22.9  22.7  23.2  23.8 
 23.6  23.4  23.4  23.1  23.0  22.7  23.3  23.1  23.1  23.5  24.6  23.6  22.7  22.8  22.9  22.8  22.6  22.6  22.8  22.8  22.6  22.6  23.1  23.1  22.7  22.8  23.2  23.2  22.9  22.7  23.7  22.7 
 23.4  23.4  23.3  23.5  22.7  22.7  23.0  23.2  22.8  22.7  23.1  23.1  22.8  22.7  22.8  23.0  22.7  22.6  22.9  22.8  22.8  22.7  23.0  23.1  22.7  22.8  23.0  23.2  22.8  22.8  23.4  23.3 
 23.5  23.4  23.7  23.5  23.1  22.9  23.3  23.1  22.8  22.9  23.2  22.9  22.7  22.7  22.8  22.8  22.7  22.6  23.0  22.8  22.7  22.6  23.0  22.9  22.6  22.8  23.2  23.2  22.8  22.8  23.2  23.4 
 24.4  24.1  24.8  24.7  24.6  24.2  23.7  23.5  23.0  22.8  22.9  23.1  22.8  22.8  22.9  22.9  22.7  22.6  22.7  22.9  22.7  22.8  22.7  22.9  22.9  22.8  22.9  23.2  23.0  22.8  23.4  23.7 
 24.2  24.4  25.3  25.4  25.3  25.7  25.2  24.3  23.3  23.0  23.1  23.0  22.8  22.7  22.9  22.9  22.6  22.7  22.9  22.8  22.6  22.6  22.8 nan  22.7  22.6  23.1  23.1  23.1  22.7  23.5  23.4 
 25.1  25.2  26.3  27.1  28.5  29.3  38.0  41.9  39.8  33.8  23.6  23.3  22.9  22.9  22.9  23.0  22.8  22.8  22.9  22.8  22.7  22.5  22.8  22.9  22.8  22.6  23.2  23.6  23.2  23.1  23.6  23.8 
 25.4  25.5  27.0  27.6  30.1  32.7  47.7  54.2  58.6  51.6  25.0  23.6  23.0  22.9  23.0  22.9  22.7  22.8  23.0  22.7  22.6  22.7  23.1  22.9  22.7  22.7  24.2  24.1  23.6  23.2  23.6  23.4 
 25.9  26.0  27.6  28.7  32.5  36.6  57.7  66.7  77.6  73.4  30.8  24.9  23.0  22.7  23.0  23.1  22.8  22.6  22.8  23.0  22.6  22.6  23.0  23.0  22.9  22.8  25.5  25.6  23.4  23.2  23.6  23.7 
 25.7  25.9  27.6  28.4  32.6  36.7  57.3  68.9  87.2  82.3  30.4  24.7  23.0  23.0  23.0  22.8  22.7  22.9  23.1  23.1  22.6  22.8  23.0  22.9  22.8  22.7  24.6  24.5  23.2  23.0  23.6  23.7 
 25.8  26.1  27.4  28.0  30.1  31.8  45.7  55.7  67.9  57.3  25.4  24.0  23.1  22.7  23.0  23.1  22.8  22.7  22.9  23.1  22.9  22.6  22.9  23.1  22.9  22.6  23.3  23.8  23.3  23.3  23.7  24.3 
 25.9  26.0  27.3  27.5  28.4  29.7  37.8  42.7  46.2  39.1  24.1  23.6  23.1  22.8  23.1  22.9  22.8  22.8  23.2  23.0  22.8  22.9  23.2  23.1  22.7  22.6  23.3  23.3  23.2  23.3  23.7  23.8 
 26.1  25.9  26.6  27.0  27.3  27.5  28.7  29.3  28.0  26.3  24.0  23.6  23.0  23.1  23.1  23.3  23.0  22.9  23.1  23.3  22.9  22.5  23.1  23.2  23.0  22.9  23.2  23.6  23.3  23.1  23.7  24.4 
 25.6  25.9  26.8  26.5  26.5  26.5  27.5  27.6  26.3  25.4  23.8  23.4  23.1  23.0  23.4  23.1  23.0  22.9  23.2  22.9  22.7  22.8  23.1  23.3  23.1  22.8  23.5  23.5  23.1  23.4  24.4  24.6 
 25.8  25.4  26.2  26.5  25.9  25.7  26.0  26.4  25.1  24.2  23.8  23.6  23.4  23.1  23.3  23.4  23.1  22.8  23.2  23.5  23.1  22.9  23.1  23.4  23.2  22.8  23.4  23.8  23.4  23.4  24.1  25.1 
 25.7  25.9  26.3  26.2  25.6  25.6  25.7  25.7  24.4  24.1  23.9  23.9  23.2  23.2  23.4  23.4  22.9  23.0  23.4  23.2  22.9  22.9  23.5  23.3  22.9  23.1  23.7  23.8  23.3  23.3  25.3  25.2 
 26.8  25.6  25.6  26.3  25.3  24.7  25.0  25.2  24.5  24.0  24.0  24.1  23.7  23.1  23.4  23.5  23.4  23.0  23.4  23.6  23.4  23.0  23.4  23.5  23.3  23.1  23.7  24.5  24.4  24.2  25.6  27.6 
 27.3  26.5  25.9  25.8  25.1  25.0  25.3  24.7  23.9  24.0  24.2  24.0  23.3  23.3  23.7  23.4  23.2  23.3  23.4  23.4  23.3  23.4  23.7  23.6  23.2  23.2  24.5  25.3  25.3  25.2  26.6  27.5 
