 23.6  23.5  23.7  24.1  23.5  23.3  23.1  23.4  23.0  23.0  23.1  23.5  22.8  22.8  22.8  23.3  22.6  22.8  22.9  22.9  22.9  22.9  22.9  23.0  22.9  22.8  23.2  23.6  23.4  23.6  24.6  25.5 
 23.8  23.3  23.9  23.6  23.6  22.8  23.2  23.2  23.3  22.7  23.3  23.2  22.8  22.8  23.3  22.9  22.8  22.7  23.0  23.1  23.0  22.7  23.0  23.0  23.2  22.9  23.4  23.2  23.6  23.1  24.6  24.7 
 23.1  23.6  23.3  23.7  23.1  23.0  23.1  23.4  23.0  22.9  23.0  23.2  22.7  22.9  22.8  23.0  22.7  22.8  22.7  23.0  22.7  22.9  23.0  23.0  23.2  22.9  23.3  23.3  23.4  23.5  23.6  24.1 
 23.5  22.9  23.7  23.2  23.3  22.8  23.3  23.0  23.1  22.8  23.3  23.1  22.9  22.6  23.0  23.0  23.0  22.5  22.8  22.9  22.9  22.7  23.0  23.0  23.0  23.0  23.6  23.2  23.5  23.9  23.9  24.0 
 23.3  23.1  23.3  23.7  22.8  23.2  23.0  23.4  23.4  23.8  24.1  23.7  22.6  22.9  22.7  23.0  22.5  22.7  22.9  22.9  22.6  22.7  22.8  23.2  22.8  23.0  23.3  23.3  23.2  24.0  23.7  23.8 
 23.5  22.9  23.5  23.1  23.1  22.7  23.3  23.3  23.8  24.6  26.1  24.3  22.9  22.6  22.9  22.9  22.9  22.7  22.7  23.0  22.9  22.5  23.0  23.2  23.3  22.8  23.2  23.2  23.4  23.3  23.8  23.6 
 23.3  23.6  23.3  23.2  22.9  22.9  23.1  23.4  23.8  25.2  27.9  25.1  22.7  22.8  22.9  22.9  22.6  22.9  22.6  23.1  22.6  22.8  22.9  23.1  22.9  22.8  23.1  23.4  23.0  23.1  23.4  23.3 
 23.6  23.2  23.5  23.3  23.3  22.7  23.2  23.1  23.3  23.5  24.4  23.4  23.0  22.5  22.9  23.0  22.9  22.5  22.8  22.7  22.7  22.7  23.2  22.8  22.8  22.5  23.0  23.1  23.2  22.8  23.5  22.6 
 23.4  23.5  23.4  23.7  23.0  23.0  23.0  23.2  22.7  22.9  23.1  22.9  22.6  22.9  22.8  23.0  22.6  22.7  23.0  22.9  22.7  23.0  23.0  23.0  22.8  22.9  22.9  23.1  22.9  22.9  23.0  23.4 
 23.6  23.2  23.7  23.6  23.6  23.0  23.2  22.9  23.1  22.7  23.0  22.8  22.9  22.6  22.9  22.9  22.7  22.7  23.0  22.8  22.9  22.7  22.9  23.1  23.1  22.8  23.2  23.2  23.1  22.7  23.3  23.2 
 24.4  24.6  24.7  24.8  24.7  24.4  23.5  23.6  22.9  23.1  22.9  23.0  22.8  22.7  23.0  23.0  22.9  22.7  22.8  23.1  22.7  22.7  22.7  23.2  22.9  22.7  22.8  23.2  23.1  23.1  23.0  23.6 
 24.5  24.3  25.3  25.2  25.8  25.6  25.0  24.3  23.4  23.1  23.0  23.0  22.9  22.6  22.9  22.8  22.8  22.7  22.9  23.0  22.8  22.7  23.0 nan  22.9  22.5  23.1  22.8  23.1  22.7  23.8  23.2 
 25.2  25.4  26.3  27.0  28.5  29.7  37.9  42.0  39.8  33.9  23.5  23.3  23.0  23.0  22.9  22.9  23.0  22.8  23.0  23.0  22.8  22.8  22.9  23.1  22.7  22.8  23.3  23.5  22.9  23.1  23.7  23.6 
 25.4  25.4  27.1  27.3  30.3  32.5  47.8  54.4  58.7  51.6  24.9  23.5  23.2  22.9  23.1  22.9  23.0  22.7  23.0  22.9  22.9  22.6  23.0  22.8  23.0  22.7  24.0  24.0  23.6  23.0  23.4  23.4 
 25.9  26.1  27.8  28.7  32.5  37.0  57.7  66.8  77.7  73.6  30.7  24.9  23.0  23.0  22.9  23.0  23.0  22.8  22.9  23.1  22.8  22.8  22.8  22.9  22.8  23.0  25.5  25.5  23.4  23.4  23.6  23.8 
 26.3  25.9  27.6  28.6  32.7  36.7  57.4  68.9  87.3  82.2  30.6  24.7  23.2  22.9  23.1  23.0  23.1  22.7  23.3  23.1  23.0  22.6  23.0  23.0  22.8  22.5  24.1  24.6  23.4  23.0  23.8  23.5 
 25.7  26.3  27.8  28.0  30.1  32.0  45.5  55.8  67.7  57.3  25.5  24.0  23.0  23.0  23.0  23.1  22.8  22.9  23.0  23.1  22.8  22.9  22.8  23.1  22.9  22.9  23.0  23.5  23.1  23.4  23.7  23.7 
 26.2  25.9  27.3  27.5  28.8  29.6  37.8  42.8  46.4  39.1  24.3  23.6  23.2  22.9  23.2  23.0  22.9  22.7  23.2  23.2  23.0  22.7  22.9  23.2  23.0  22.8  23.3  23.0  23.5  23.0  23.9  23.8 
 26.0  26.1  26.7  27.0  27.1  27.5  28.8  29.6  28.0  26.4  23.9  23.6  23.0  23.1  23.2  23.3  22.9  23.0  23.2  23.3  23.1  22.8  23.2  23.4  23.0  23.1  23.2  23.4  23.5  23.5  23.7  24.2 
 25.9  25.5  26.5  26.6  26.6  26.4  27.7  27.6  26.7  25.3  23.7  23.5  23.3  23.1  23.4  23.2  23.1  22.8  23.2  23.2  22.9  22.7  23.3  23.2  23.3  22.8  23.4  23.4  23.4  23.4  24.3  23.8 
 25.6  26.1  25.9  26.3  25.9  26.0  26.1  26.1  25.1  24.7  23.7  24.0  23.3  23.3  23.4  23.5  23.0  23.2  23.2  23.3  22.8  23.0  23.3  23.4  23.0  23.2  23.6  23.7  23.5  23.5  23.8  25.0 
 25.8  25.3  26.1  26.0  25.8  25.3  25.9  25.8  24.8  24.0  24.0  23.8  23.4  23.2  23.2  23.4  23.3  22.9  23.4  23.3  23.3  22.8  23.5  23.4  23.3  22.8  23.2  23.7  23.8  23.4  24.7  25.0 
 26.4  26.4  25.9  26.1  25.4  25.0  25.1  25.2  24.3  24.2  23.9  24.0  23.4  23.5  23.4  23.5  23.4  23.2  23.5  23.6  23.2  23.3  23.3  23.9  23.4  23.5  24.0  24.6  24.0  24.5  26.1  26.4 
 27.1  26.1  25.9  26.0  25.4  24.8  25.0  25.0  24.3  24.0  24.1  23.9  23.6  23.2  23.8  23.5  23.4  23.3  23.5  23.4  23.5  23.0  23.6  23.5  23.6  23.5  24.6  24.9  25.0  24.3  26.3  27.6 
