 23.8  23.3  23.1  22.8  22.8  22.8  22.8  22.7  22.4  22.5  22.5  22.6  22.4  22.4  22.4  22.7  22.5  22.6  22.6  22.6  22.4  22.6  22.6  22.9  22.5  22.6  23.2  23.5  23.5  23.1  23.7  24.9 
 23.6  22.9  22.9  23.3  22.8  22.3  22.7  22.8  22.6  22.2  22.5  22.8  22.6  22.4  22.6  22.5  22.3  22.4  22.4  22.5  22.5  22.4  22.6  22.8  22.8  22.4  23.0  24.4  23.6  23.6  24.1  24.1 
 22.9  23.1  23.1  22.9  22.6  22.6  22.8  22.8  22.5  22.5  22.5  22.8  22.2  22.4  22.4  22.4  22.2  22.4  22.3  22.4  22.5  22.5  22.6  22.6  22.6  22.8  22.8  23.0  23.2  22.9  23.4  23.5 
 23.2  22.6  23.0  23.0  22.6  22.4  23.0  22.8  22.9  22.5  23.0  22.6  22.6  22.3  22.5  22.5  22.6  22.3  22.6  22.6  22.5  22.4  22.7  22.6  22.9  22.5  22.9  23.1  23.0  22.7  23.4  23.8 
 23.0  23.1  22.9  23.2  22.7  22.6  22.9  22.9  22.9  23.3  22.9  22.6  22.6  22.5  22.4  22.4  22.2  22.3  22.4  22.4  22.2  22.4  22.6  22.7  22.6  22.6  22.8  22.9  22.6  22.9  23.1  23.0 
 23.1  23.0  23.0  23.0  22.7  22.5  23.0  23.0  23.6  23.7  23.2  22.8  22.5  22.3  22.6  22.3  22.4  22.4  22.5  22.3  22.4  22.1  22.6  22.6  22.9  22.5  22.7  22.8  23.0  22.8  23.5  23.1 
 23.1  22.9  23.0  22.9  22.8  22.8  22.7  23.2  25.3  26.7  23.9  23.0  22.4  22.4  22.5  22.5  22.4  22.5  22.5  22.6  22.5  22.4  22.8  22.7  22.8  22.6  22.6  22.8  22.8  22.8  23.2  23.0 
 23.2  22.5  22.6  23.1  23.0  22.5  23.2  23.2  25.9  27.3  24.5  23.1  22.6  22.4  22.5  22.6  22.5  22.2  22.5  22.6  22.5  22.6  22.6  22.7  22.8  22.4  22.8  22.8  23.1  22.6  22.6  22.2 
 23.5  23.3  22.9  23.0  22.5  22.8  22.9  22.9  23.1  23.3  23.1  22.8  22.5  22.6  22.5  22.6  22.5  22.6  22.6  22.6  22.5  22.5  22.7  22.6  22.6  22.8  22.7  22.9  23.0  22.9  23.0  23.0 
 23.6  23.2  23.4  23.4  23.1  22.7  22.8  23.0  22.9  22.9  22.9  22.7  22.5  22.3  22.5  22.5  22.6  22.5  22.6  22.8  22.5  22.5  22.7  22.8  22.9  22.5  22.9  22.9  23.0  22.4  23.3  23.1 
 23.6  23.8  23.9  23.9  23.8  23.6  23.1  23.1  22.8  22.9  22.7  22.7  22.6  22.5  22.6  22.5  22.5  22.6  22.7  22.4  22.5  22.5  22.5  22.6  22.5  22.5  23.5  23.6  23.4  23.2  23.3  23.2 
 23.9  23.6  24.2  24.1  24.5  24.6  23.9  23.6  23.0  22.8  22.6  22.8  22.8  22.6  22.6  22.6  22.5  22.6  22.6  22.6  22.6  22.5  22.7 nan  22.6  22.6  24.0  25.0  23.8  23.1  23.1  23.5 
 24.5  24.3  25.2  25.4  26.9  27.6  32.7  34.7  32.8  29.2  23.2  22.9  22.5  22.7  22.6  22.7  22.7  22.6  22.6  22.6  22.5  22.5  22.7  22.7  22.8  22.8  23.9  24.7  23.3  23.4  23.2  23.3 
 24.5  24.8  26.0  26.4  28.4  30.0  41.5  48.9  53.5  47.3  24.5  23.3  22.7  22.6  22.8  22.7  22.7  22.5  22.7  22.9  22.5  22.4  22.6  22.9  22.6  22.6  23.0  23.6  23.5  23.0  23.0  23.6 
 25.1  25.1  26.5  27.3  30.5  33.8  54.6  63.0  74.5  71.4  34.6  25.5  22.8  22.8  22.6  22.6  22.8  22.5  22.8  22.7  22.6  22.5  22.8  22.6  22.7  22.4  23.0  22.9  23.0  23.2  23.2  23.1 
 25.3  25.1  26.9  27.5  30.7  34.0  53.5  62.5  78.5  79.2  37.0  26.0  22.9  22.8  22.6  22.7  22.6  22.5  22.5  22.6  22.6  22.5  22.6  22.8  22.7  22.5  23.0  22.8  22.9  23.0  23.1  23.6 
 25.2  25.6  26.4  27.1  29.4  31.8  44.2  53.3  73.1  70.0  30.1  24.3  22.7  22.7  22.7  22.7  22.6  22.6  22.7  22.7  22.6  22.6  22.5  22.8  22.5  22.5  23.1  23.1  22.8  23.1  23.3  23.5 
 25.3  25.3  26.2  26.6  28.6  29.9  36.8  42.1  54.1  49.6  25.8  23.7  23.0  22.7  22.6  22.8  22.8  22.5  22.8  22.7  22.8  22.5  22.6  22.8  22.9  22.5  23.1  22.9  23.0  22.8  23.3  23.3 
 25.1  25.3  26.1  26.5  26.8  27.1  28.5  29.4  29.6  27.9  23.7  23.3  22.9  22.9  22.9  22.9  22.6  22.6  22.8  22.9  22.8  22.6  22.8  23.1  22.8  22.6  22.9  23.1  23.1  23.3  23.2  23.6 
 25.5  25.3  26.0  26.2  26.2  26.1  27.2  27.5  27.0  25.9  23.5  23.3  23.1  22.6  22.9  22.8  22.7  22.5  22.8  22.7  22.7  22.6  22.8  22.8  23.0  22.6  23.0  23.2  23.2  22.8  24.2  24.1 
 25.4  25.3  25.6  25.5  25.5  25.6  25.5  25.8  25.3  24.5  23.4  23.3  23.0  22.9  22.9  22.9  22.5  22.7  22.9  22.7  22.8  22.9  23.0  23.0  23.1  23.0  23.0  23.4  23.3  24.1  24.6  25.1 
 25.5  24.8  25.5  25.3  25.3  25.0  25.3  25.5  24.8  24.3  23.5  23.3  23.1  22.9  22.9  22.9  22.8  22.8  22.9  23.1  22.7  22.8  23.0  22.9  22.9  22.7  23.2  23.5  24.5  24.5  24.8  25.7 
 26.1  25.5  25.3  24.9  24.7  24.7  24.7  24.6  24.1  23.7  23.4  23.5  23.2  23.1  23.0  22.9  22.8  22.9  23.1  23.0  23.0  23.0  23.2  23.2  23.5  23.4  25.2  25.7  25.5  25.6  25.8  26.7 
 26.6  25.7  25.2  25.1  24.9  24.3  24.7  24.7  24.2  23.8  23.5  23.6  23.2  23.0  23.0  23.2  22.9  22.9  23.2  23.3  23.3  23.0  23.3  23.8  24.1  24.6  26.1  26.3  26.2  25.7  25.8  28.0 
