 23.7  23.8  23.6  23.7  23.0  23.2  23.1  23.3  22.9  22.8  23.1  23.1  22.8  22.5  23.0  22.9  22.8  22.7  22.9  23.1  22.7  22.7  22.9  22.9  22.8  22.9  23.3  23.5  23.3  23.5  24.2  25.0 
 23.5  23.4  23.8  23.3  23.2  22.9  23.1  23.3  23.0  23.0  23.3  23.2  22.7  22.5  23.0  22.9  22.8  22.5  23.0  22.9  22.9  22.5  23.0  23.1  22.9  22.8  23.3  23.6  23.1  23.4  24.3  24.4 
 23.5  23.1  23.6  23.6  23.0  22.6  22.9  23.1  22.8  22.8  23.1  23.0  22.7  22.6  23.2  22.9  22.6  22.5  22.9  22.9  22.6  22.5  22.9  23.0  22.8  22.8  23.0  23.2  23.2  23.1  24.1  24.2 
 23.2  23.0  23.8  23.2  23.0  22.4  23.2  23.1  23.1  22.8  23.4  23.2  22.6  22.5  22.9  22.8  22.7  22.4  22.8  22.8  22.8  22.7  22.9  22.9  23.1  22.7  23.3  23.3  23.5  24.2  23.6  24.1 
 23.0  23.2  23.1  23.4  22.8  22.8  23.1  23.1  23.4  23.8  24.3  23.6  22.7  22.5  22.7  22.7  22.5  22.6  22.7  22.9  22.7  22.7  22.8  22.7  22.9  23.0  23.0  23.1  23.1  23.8  23.7  23.5 
 23.0  22.8  23.1  23.3  22.8  22.9  23.4  23.2  23.5  24.3  26.1  24.2  22.7  22.6  22.9  22.8  22.7  22.4  23.0  22.7  22.7  22.5  22.8  23.1  22.8  22.5  23.1  23.1  23.1  23.0  23.8  23.5 
 23.0  23.2  23.3  23.2  22.9  22.7  22.9  23.1  23.9  25.1  27.8  25.1  22.8  22.7  22.7  22.8  22.5  22.5  22.8  22.8  22.8  22.6  22.8  23.1  22.9  22.6  23.2  23.0  22.8  22.8  23.3  23.2 
 23.4  23.2  23.1  23.4  22.9  22.7  23.1  23.1  23.2  23.4  24.4  23.5  22.6  22.7  23.0  22.9  22.6  22.6  22.9  22.8  22.8  22.6  22.9  23.2  22.9  22.6  23.0  23.0  22.8  22.7  23.2  22.5 
 23.5  23.2  23.2  23.2  22.8  22.9  22.9  23.1  22.6  22.5  23.0  22.9  22.7  22.7  22.8  22.9  22.6  22.7  22.8  22.8  22.5  22.6  22.8  22.9  22.8  22.7  23.0  23.0  22.9  22.9  23.0  23.3 
 23.6  23.2  23.6  23.5  23.4  22.9  23.2  23.2  22.8  22.6  23.1  22.9  22.7  22.6  22.7  22.9  22.6  22.5  22.9  22.7  22.7  22.8  22.8  22.9  22.9  22.6  22.9  23.2  22.9  22.7  23.5  23.2 
 24.3  24.0  24.6  24.9  24.6  24.2  23.6  23.5  23.1  22.8  22.7  23.0  22.7  22.6  22.8  22.8  22.6  22.6  22.8  22.9  22.7  22.7  22.8  22.9  22.7  22.5  22.9  23.1  22.8  22.8  23.4  23.2 
 24.4  24.4  25.2  25.4  25.7  25.5  25.1  24.5  23.3  22.9  23.1  23.0  22.8  22.5  22.8  22.9  22.7  22.7  22.9  22.7  22.7  22.5  23.0 nan  22.7  22.4  22.7  23.0  23.0  22.3  23.5  23.4 
 25.1  25.2  26.4  26.6  28.4  29.4  38.1  42.0  39.6  33.5  23.5  23.3  22.9  22.8  22.9  22.9  22.7  22.7  22.9  22.8  22.6  22.6  23.0  22.8  22.5  22.7  23.2  23.2  23.2  22.9  23.7  23.3 
 25.7  25.4  27.0  27.6  30.0  32.4  47.5  54.3  58.7  51.5  24.9  23.5  22.9  22.8  22.9  23.0  22.8  22.7  22.9  22.9  22.6  22.6  22.8  22.8  22.8  22.7  24.0  24.0  23.4  23.2  23.9  23.3 
 25.8  26.1  27.6  28.6  32.5  36.6  57.7  66.6  77.6  73.4  30.7  24.9  22.9  22.9  23.0  22.9  22.9  22.6  23.0  23.0  22.6  22.6  22.9  22.8  22.7  22.9  25.5  25.5  23.3  23.2  23.5  23.7 
 25.8  25.9  27.8  28.5  32.4  36.6  57.3  68.9  87.3  82.1  30.4  24.7  23.0  22.9  22.8  22.8  22.5  22.6  23.1  23.0  22.6  22.6  23.0  23.0  22.7  22.5  24.0  24.5  23.4  23.2  23.6  23.7 
 25.6  26.0  27.4  28.0  30.1  31.8  45.5  55.6  67.8  57.3  25.4  23.7  22.9  22.8  22.9  23.1  22.8  22.8  23.1  22.9  22.8  22.7  22.9  22.8  23.0  22.7  23.3  23.4  23.0  23.1  23.9  23.6 
 25.8  25.8  27.4  27.5  28.7  29.3  37.6  42.8  46.2  39.2  24.0  23.6  23.1  22.8  23.1  23.0  22.8  22.8  23.1  23.0  22.8  22.6  22.9  23.0  22.9  22.6  23.2  23.3  23.2  23.0  23.9  24.0 
 25.6  25.9  26.6  26.9  27.0  27.4  28.7  29.4  28.0  26.2  23.8  23.5  22.8  22.8  23.1  23.3  22.9  22.7  23.1  23.2  22.9  22.6  23.2  23.2  22.9  22.9  23.3  23.4  23.2  23.1  23.8  23.9 
 25.8  25.4  26.3  26.5  26.5  26.5  27.5  27.6  26.4  25.3  23.7  23.5  23.0  23.2  23.3  23.1  22.8  22.8  23.3  22.9  22.9  22.8  23.3  23.2  22.9  22.7  23.4  23.3  23.1  23.1  23.8  23.7 
 25.8  25.6  26.0  25.9  25.8  26.0  25.9  26.0  24.9  24.3  23.9  23.6  23.2  22.9  23.2  23.3  22.8  22.9  23.1  23.2  23.0  22.8  23.2  23.2  23.1  22.8  23.4  23.6  23.2  23.2  24.3  25.1 
 25.5  25.7  26.3  26.2  25.8  25.5  25.8  25.7  24.5  24.4  23.8  23.7  23.2  23.1  23.3  23.4  23.0  22.9  23.3  23.1  23.0  22.8  23.4  23.4  23.0  23.1  23.6  23.6  23.3  23.3  24.5  25.5 
 26.8  26.0  25.6  25.6  25.6  25.0  25.2  25.0  24.2  24.0  23.8  23.7  23.3  23.3  23.3  23.4  23.1  23.1  23.4  23.3  23.1  22.9  23.3  23.2  23.1  23.0  23.9  24.3  23.7  24.0  25.2  27.1 
 27.0  25.9  25.9  25.9  25.1  24.9  25.2  25.0  24.0  23.8  23.7  23.9  23.4  23.2  23.4  23.4  23.3  23.1  23.3  23.4  23.2  23.1  23.6  23.4  23.2  23.3  24.5  24.8  24.8  24.4  26.6  27.5 
