 23.9  23.3  23.4  23.7  23.5  22.8  23.0  23.0  22.7  22.4  23.0  22.8  22.6  22.5  22.8  23.0  22.7  22.6  22.9  23.0  22.8  22.7  23.1  23.4  25.2  25.9  28.4  29.3  30.2  30.0  30.7  31.3 
 23.7  23.3  23.7  23.7  23.2  22.7  22.8  23.0  22.6  22.8  23.1  23.0  22.6  22.4  22.8  23.0  22.7  22.4  22.9  22.9  22.9  22.8  23.0  23.1  23.6  24.5  27.9  28.9  29.5  29.7  30.6  30.3 
 23.4  23.1  23.6  23.4  23.0  22.4  23.1  23.1  22.9  22.5  23.0  22.9  22.5  22.6  22.8  22.8  22.7  22.6  22.8  22.9  22.7  22.6  23.0  23.1  23.5  23.5  26.3  28.0  29.8  29.6  30.0  30.3 
 23.3  23.6  23.3  23.4  22.7  22.8  23.2  23.1  23.1  22.8  22.9  22.9  22.7  22.6  22.7  22.9  22.6  22.4  22.9  22.9  22.6  22.9  23.1  23.1  23.4  24.1  27.1  29.2  30.7  30.4  30.3  30.6 
 23.3  22.9  23.3  23.2  22.9  22.6  23.1  23.2  23.4  23.3  23.0  23.1  22.7  22.5  22.7  22.7  22.7  22.6  22.8  22.9  22.7  22.7  23.0  23.2  25.7  26.6  30.6  30.8  31.9  31.7  32.1  31.1 
 23.1  23.0  23.2  23.3  22.8  22.9  23.2  23.2  23.6  23.8  23.1  23.0  22.6  22.7  22.7  22.7  22.6  22.7  22.8  22.9  22.7  22.7  23.1  23.5  26.5  28.5  30.8  31.6  32.0  32.3  32.1  30.6 
 23.2  23.2  23.1  23.0  22.9  23.0  23.3  23.5  25.4  26.8  24.3  23.5  22.8  22.6  22.7  22.8  22.7  22.8  22.9  22.9  22.9  22.7  23.5  24.4  29.2  29.5  31.5  31.9  32.2  31.8  29.6  29.3 
 23.3  23.2  23.0  23.5  22.7  22.8  23.3  23.5  26.1  27.6  24.7  23.2  22.8  22.8  22.9  22.9  22.8  22.6  22.8  22.8  22.8  22.7  23.3  24.7  28.7  30.4  31.4  31.7  31.3  29.8  28.4  27.1 
 23.5  23.0  23.4  23.3  22.7  22.8  23.0  23.2  23.4  23.5  23.2  23.0  22.7  22.5  22.8  23.1  22.7  22.7  22.9  22.9  22.8  22.8  23.4  23.9  29.7  30.2  31.5  31.6  31.6  30.4  27.4  26.8 
 23.5  23.4  23.3  23.5  23.2  22.8  23.0  23.1  22.9  23.1  22.8  23.0  22.6  22.5  22.8  22.9  22.7  22.7  23.0  22.8  22.9  22.8  23.3  24.7  28.8  30.6  31.5  32.1  31.8  31.2  28.7  27.6 
 23.7  23.5  24.0  23.8  23.4  23.5  23.1  23.3  22.7  22.8  22.8  22.8  22.7  22.6  22.7  23.0  22.7  22.5  23.0  22.9  22.8  22.7  23.3  23.6  28.0  29.1  31.0  31.6  31.4  31.0  31.7  30.1 
 23.6  23.6  24.0  24.0  24.1  23.9  23.7  23.3  22.9  22.9  22.8  23.0  22.7  22.6  22.8  23.0  22.7  22.8  22.9  22.9  22.8  22.8  23.0 nan  25.6  27.2  29.8  29.6  29.0  29.4  31.3  31.1 
 24.2  24.3  25.6  25.5  26.4  26.6  29.1  29.6  27.8  25.9  23.1  23.1  22.8  22.8  22.8  22.7  22.7  22.8  22.9  22.9  22.6  22.5  22.8  23.0  23.1  23.7  25.6  26.5  25.3  26.0  29.8  30.6 
 24.7  24.8  25.6  26.3  27.6  28.8  36.9  42.4  44.9  39.5  24.0  23.2  22.8  22.8  22.9  23.0  22.7  22.5  22.9  22.8  22.8  22.6  22.9  23.0  23.0  22.9  24.1  24.4  24.3  24.3  28.4  28.4 
 25.3  25.2  26.5  27.3  30.2  32.8  52.0  60.6  71.1  67.5  34.1  25.8  22.9  22.8  22.8  22.9  22.8  22.7  22.7  22.9  22.5  22.6  23.0  23.0  22.9  22.9  23.5  23.4  23.7  23.6  24.2  25.2 
 25.1  25.5  26.7  27.7  30.4  33.5  52.7  61.3  76.3  75.8  38.6  26.6  23.1  22.9  22.9  22.8  22.8  22.5  22.9  22.8  22.7  22.7  22.9  22.9  22.9  22.7  23.3  23.4  23.5  23.6  24.1  24.2 
 25.5  25.7  26.8  27.2  29.7  32.0  46.1  55.5  78.6  78.5  34.0  25.5  23.0  22.8  23.1  22.8  22.9  22.7  22.8  23.1  22.9  22.8  23.1  23.1  23.1  23.0  23.6  23.5  23.5  23.4  24.1  24.1 
 25.3  25.5  26.4  27.1  28.8  30.3  38.9  45.3  61.1  58.5  27.9  24.3  23.1  22.9  22.9  23.1  22.8  22.7  23.1  23.1  22.9  23.0  23.1  23.1  22.9  22.8  23.4  23.6  23.3  23.3  24.1  24.1 
 25.6  25.4  26.4  27.0  27.1  27.3  29.6  31.0  32.3  30.3  24.4  23.7  23.0  22.9  23.1  23.3  23.0  22.9  23.1  23.4  23.2  22.7  23.0  23.1  23.1  22.9  23.4  23.4  23.4  23.2  24.0  24.1 
 25.3  25.6  26.1  26.6  26.5  26.5  27.8  28.2  28.1  27.4  24.1  23.6  23.0  23.0  23.3  23.0  23.0  22.9  23.2  23.0  22.9  22.8  23.3  23.3  23.1  23.0  23.5  23.7  23.1  23.6  24.0  24.3 
 25.4  25.3  26.2  25.9  25.8  25.7  26.1  26.1  25.7  24.9  24.0  23.7  23.1  22.9  23.2  23.2  23.1  22.8  23.2  23.2  23.1  22.9  23.4  23.4  23.1  22.8  23.4  23.7  23.4  23.7  24.5  25.6 
 25.4  25.4  26.0  25.9  25.6  25.5  25.8  25.8  25.3  24.8  23.6  23.8  23.1  23.1  23.1  23.2  22.9  23.0  23.3  23.2  23.1  22.9  23.5  23.4  23.0  23.2  23.4  23.9  24.0  24.4  25.5  26.2 
 26.7  25.7  25.7  25.7  25.1  24.9  25.2  25.0  24.7  24.0  23.9  23.9  23.5  23.1  23.4  23.6  23.2  23.0  23.4  23.3  23.2  23.0  23.5  23.6  23.5  23.4  24.7  25.0  24.9  24.9  26.2  27.7 
 26.7  26.0  25.6  25.9  24.8  25.0  25.0  25.0  24.2  24.1  23.9  23.8  23.4  23.4  23.3  23.4  23.3  23.1  23.1  23.3  23.2  23.3  23.7  24.0  23.9  24.1  25.1  25.7  25.1  25.5  26.7  28.0 
