 23.8  23.7  23.9  23.8  23.6  23.3  23.2  23.3  23.1  23.0  23.2  23.2  23.0  22.8  23.0  23.0  22.8  22.8  23.1  22.8  22.9  22.9  23.0  23.2  23.1  22.8  23.4  23.2  23.6  23.2  24.6  25.5 
 24.0  23.5  23.9  23.9  23.3  23.1  23.2  23.3  23.0  23.1  23.4  23.2  22.9  23.0  23.1  23.1  22.8  22.7  23.0  22.9  22.8  22.9  23.0  23.3  23.1  23.2  23.2  23.3  23.4  23.9  24.6  24.8 
 23.8  23.4  23.7  23.6  23.3  22.7  23.0  23.3  23.2  22.9  23.3  23.2  23.1  22.8  23.2  23.0  23.0  22.8  23.0  22.9  22.9  22.8  23.0  23.0  23.1  22.8  23.4  23.5  23.6  23.5  23.8  23.9 
 23.3  23.4  23.4  23.4  22.7  23.0  23.3  23.6  23.0  23.1  23.4  23.2  22.7  22.9  22.8  22.9  22.9  22.8  23.1  23.1  22.8  22.9  23.1  23.0  22.7  22.8  23.4  23.4  23.3  24.0  23.5  24.0 
 23.5  23.3  23.4  23.2  23.1  22.8  23.4  23.4  23.5  23.7  24.5  23.6  23.1  22.7  22.9  23.0  22.8  22.7  23.0  22.8  22.9  22.7  23.1  22.9  23.2  23.0  23.4  23.2  23.7  23.6  23.9  23.7 
 23.5  23.1  23.2  23.3  22.9  23.1  23.3  23.3  23.7  24.6  26.0  24.5  22.9  22.6  22.7  23.0  22.8  22.8  22.9  22.9  22.6  22.8  23.0  23.2  23.0  22.9  23.4  23.3  23.3  23.5  23.6  23.4 
 23.5  23.3  23.6  23.2  23.1  22.9  23.3  23.4  24.0  25.2  28.2  25.2  22.9  22.6  23.0  22.8  22.7  22.7  23.0  22.7  22.9  22.6  23.1  23.0  23.0  22.8  23.1  23.5  23.2  22.9  23.3  23.3 
 23.4  23.2  23.3  23.2  23.0  22.8  23.0  23.0  23.3  23.6  24.6  23.7  22.8  22.8  22.9  23.0  22.7  22.7  22.8  22.9  22.7  22.8  23.1  23.1  22.9  23.0  23.1  22.9  22.9  23.1  23.3  22.8 
 23.9  23.2  23.7  23.6  23.2  23.0  23.1  23.2  23.1  22.6  23.1  23.0  22.9  22.8  23.0  23.0  22.9  22.7  23.1  22.8  22.9  22.8  23.0  23.0  23.1  22.6  23.2  23.0  23.2  23.0  23.3  23.4 
 23.6  23.5  23.6  23.7  23.4  23.2  23.2  23.0  23.0  22.8  23.0  23.0  22.8  22.6  22.9  23.0  22.6  22.7  22.9  22.9  22.8  22.9  23.0  22.9  23.0  22.8  23.2  23.2  22.9  23.1  23.6  23.4 
 24.4  24.0  25.0  24.8  24.8  24.3  23.8  23.5  23.2  22.9  23.1  23.0  22.9  22.7  23.0  22.9  22.9  22.6  23.0  22.8  22.9  22.7  23.0  22.9  22.9  22.8  23.2  23.2  23.2  23.1  23.3  23.6 
 24.5  24.5  25.0  25.6  25.7  25.8  25.2  24.6  23.1  23.0  23.2  23.1  22.9  23.0  22.9  23.0  22.8  22.8  23.0  23.0  22.7  22.8  23.0 nan  22.7  22.7  23.0  23.2  23.0  23.0  23.5  23.6 
 25.5  25.0  26.5  27.0  28.7  29.6  38.0  41.9  39.9  33.7  23.5  23.3  23.0  22.8  23.1  22.9  23.0  22.8  23.0  22.9  22.9  22.5  23.0  22.9  22.8  22.7  23.4  23.2  23.4  23.1  23.8  23.7 
 25.7  25.9  27.0  27.7  30.1  32.7  47.6  54.4  58.7  51.8  24.9  23.7  23.0  23.1  23.0  23.0  22.8  22.9  23.0  23.1  22.8  22.8  22.9  23.1  23.0  22.9  24.1  24.4  23.6  23.5  23.3  23.5 
 26.0  26.1  27.7  28.4  33.0  36.8  57.9  66.7  77.7  73.5  30.9  24.9  23.2  23.0  23.1  23.0  23.0  22.8  23.1  23.0  23.0  22.6  23.0  23.0  23.0  22.9  25.8  25.6  23.7  23.3  23.6  23.5 
 26.0  26.2  27.9  28.6  32.7  36.8  57.4  68.9  87.1  82.2  30.6  24.8  23.0  23.3  23.0  23.0  22.9  23.0  23.2  23.1  22.8  22.8  23.0  23.2  23.0  22.7  24.2  24.7  23.3  23.2  23.6  23.8 
 25.9  26.1  27.7  28.1  30.3  31.9  45.6  55.7  68.0  57.3  25.6  23.8  23.2  23.0  23.1  23.1  23.0  22.8  23.1  22.9  23.1  22.8  23.0  22.8  23.1  22.8  23.3  23.4  23.4  23.2  24.0  24.1 
 25.7  26.3  27.3  27.6  28.5  29.5  37.8  42.8  46.4  39.3  24.2  23.6  23.2  23.2  23.1  23.2  22.9  23.0  23.1  23.2  23.0  22.9  22.8  23.1  23.0  23.0  23.3  23.2  23.5  23.3  23.7  23.8 
 26.2  26.0  26.8  26.9  27.4  27.4  28.8  29.3  28.4  26.5  23.9  23.6  23.3  23.0  23.2  23.3  23.1  22.8  23.2  23.3  23.4  22.9  23.3  23.1  23.1  22.9  23.3  23.1  23.6  23.2  23.5  24.2 
 25.6  26.1  26.4  26.8  26.6  26.9  27.6  27.6  26.4  25.5  23.7  23.5  23.3  23.3  23.3  23.3  23.0  23.2  23.3  23.2  22.9  22.9  23.3  23.3  23.1  23.2  23.4  23.5  23.2  23.8  24.1  24.3 
 26.0  25.5  26.3  26.0  26.2  26.0  26.3  26.1  25.2  24.2  23.8  23.7  23.4  23.1  23.4  23.6  23.1  23.0  23.2  23.4  23.1  22.9  23.5  23.3  23.3  22.8  23.8  23.6  23.4  23.5  24.5  25.0 
 25.6  25.8  26.2  26.2  25.6  25.6  25.7  25.7  24.5  24.5  23.8  23.8  23.3  23.3  23.1  23.5  23.1  23.1  23.3  23.5  23.1  23.2  23.4  23.5  23.3  23.3  23.5  23.7  23.6  23.6  24.7  25.6 
 27.0  26.2  26.1  25.9  25.7  25.0  25.4  24.9  24.6  24.2  23.9  23.7  23.6  23.3  23.5  23.4  23.4  23.2  23.5  23.5  23.5  23.2  23.5  23.8  23.5  23.1  24.0  24.1  24.6  23.9  26.1  25.9 
 26.8  26.6  25.9  26.3  25.1  25.1  24.9  25.0  24.0  24.1  23.9  23.9  23.5  23.5  23.4  23.5  23.3  23.3  23.4  23.4  23.5  23.2  23.6  23.7  23.3  23.5  24.6  25.3  24.8  25.0  26.8  27.1 
