 24.2  23.2  23.6  23.9  23.4  23.0  23.3  23.3  23.1  22.6  23.2  23.4  23.0  22.6  22.9  23.2  22.9  22.6  22.9  23.1  22.8  22.6  23.2  23.0  23.0  22.7  23.4  23.8  23.7  23.3  24.5  26.0 
 23.3  23.0  23.8  23.3  23.0  22.7  23.5  23.5  23.0  22.8  23.4  23.3  22.7  23.1  23.1  22.9  22.7  22.7  23.3  23.0  22.8  22.6  23.2  23.1  22.7  22.8  23.4  23.2  23.3  23.4  24.5  24.9 
 23.7  23.1  23.6  23.6  23.0  22.7  23.0  23.3  22.9  22.7  23.1  23.2  22.8  22.6  22.8  23.0  22.7  22.5  22.7  22.9  22.8  22.5  22.8  22.9  23.1  22.9  23.2  23.4  23.5  23.2  23.9  24.2 
 23.0  23.3  23.6  23.4  22.5  22.7  23.3  23.0  22.8  23.0  23.5  23.1  22.6  22.6  23.1  22.9  22.6  22.6  23.2  22.8  22.5  22.6  23.1  22.8  22.7  22.9  23.5  23.0  23.2  24.0  24.2  23.9 
 23.5  23.0  23.2  23.4  22.8  22.8  22.9  23.2  23.5  23.5  24.2  23.6  22.8  22.7  22.9  22.8  22.5  22.5  22.7  22.9  22.7  22.6  22.9  22.9  22.8  22.8  23.3  23.4  23.6  23.8  23.8  23.9 
 23.0  23.2  23.6  23.3  22.7  22.9  23.2  23.3  23.7  24.5  26.1  24.3  22.8  22.6  22.9  22.8  22.6  22.6  23.0  22.8  22.5  22.6  23.2  22.9  22.8  22.7  23.3  23.1  22.9  23.4  23.8  23.5 
 23.0  23.0  23.2  23.4  23.0  22.6  23.0  23.3  23.9  25.1  27.9  25.2  22.7  22.7  22.8  22.7  22.6  22.7  22.9  22.9  22.8  22.6  22.8  23.1  23.0  22.6  23.0  23.3  23.1  22.8  23.2  23.2 
 23.1  23.1  23.4  23.4  22.6  22.7  23.4  23.1  23.1  23.3  24.6  23.5  22.7  22.8  22.8  22.6  22.5  22.7  22.8  22.7  22.8  22.7  23.0  22.7  22.8  22.8  23.1  23.0  22.9  22.8  23.4  22.3 
 23.6  23.2  23.3  23.2  22.9  22.7  23.0  23.1  22.8  22.6  23.1  23.0  22.8  22.6  22.9  22.9  22.7  22.6  22.8  22.7  22.8  22.7  22.9  22.9  22.8  22.7  23.0  23.0  22.9  22.9  23.2  23.5 
 23.3  23.2  24.0  23.7  23.1  22.9  23.1  23.0  22.7  22.8  23.0  23.0  22.8  22.7  22.8  22.8  22.5  22.6  22.8  22.8  22.5  22.6  23.1  23.1  22.8  22.8  23.3  23.1  22.6  22.7  23.4  23.4 
 24.3  24.2  24.7  24.9  24.7  24.3  23.6  23.5  23.0  22.9  22.9  22.9  22.7  22.5  22.8  22.9  22.7  22.5  22.8  22.9  22.6  22.6  22.7  22.9  22.8  22.6  22.7  23.2  23.1  23.0  23.5  23.7 
 24.3  24.5  25.3  25.2  25.3  25.6  25.0  24.3  23.3  23.0  23.1  23.0  22.7  22.7  22.9  22.8  22.7  22.5  22.9  22.8  22.6  22.7  23.0 nan  22.5  22.6  23.0  23.0  23.0  22.8  23.6  23.4 
 25.4  25.2  26.3  26.9  28.7  29.3  37.9  42.0  39.7  33.7  23.6  23.4  22.9  22.7  22.9  23.1  22.9  22.6  23.0  22.9  22.7  22.5  22.9  23.1  22.8  22.7  23.2  23.7  22.9  23.1  23.7  23.6 
 25.5  25.7  27.0  27.5  29.9  32.5  47.8  54.2  58.7  51.6  24.9  23.5  22.8  22.9  23.1  23.0  22.6  22.8  23.0  22.8  22.6  22.6  22.9  22.7  22.8  22.6  24.1  24.3  23.5  23.3  23.6  23.4 
 25.8  25.7  27.7  28.6  32.5  36.5  57.7  66.6  77.7  73.4  30.6  24.9  23.0  22.8  23.0  23.0  22.8  22.7  23.0  23.1  22.9  22.5  23.0  22.8  22.8  22.9  25.7  25.6  23.6  23.1  23.5  23.9 
 25.7  25.8  27.8  28.4  32.6  36.7  57.4  68.9  87.2  82.1  30.4  24.8  22.9  22.9  23.1  22.8  22.7  22.8  23.0  23.0  22.8  22.7  23.2  23.0  22.7  22.7  24.4  24.6  23.2  23.3  24.0  23.7 
 25.9  26.0  27.4  28.1  30.0  31.7  45.6  55.7  67.9  57.3  25.5  23.8  23.1  22.8  22.9  23.0  22.9  22.8  23.0  23.2  23.0  22.6  22.9  23.2  22.9  22.8  23.4  23.6  23.3  23.1  23.7  23.6 
 25.6  26.3  27.3  27.5  28.5  29.6  37.8  42.8  46.2  39.1  24.3  23.5  23.1  22.9  23.0  23.1  22.9  22.8  23.2  23.1  22.9  22.7  23.2  23.1  22.8  22.7  23.4  23.2  23.1  23.3  24.1  23.7 
 26.3  25.7  26.6  27.2  27.3  27.3  28.9  29.2  28.0  26.2  23.8  23.5  23.1  23.0  23.3  23.2  23.1  22.7  23.1  23.3  23.1  22.6  23.1  23.3  23.0  22.9  23.2  23.5  23.7  22.9  23.6  24.2 
 25.4  25.7  26.4  26.5  26.5  26.5  27.6  27.6  26.2  25.3  23.8  23.6  23.1  23.0  23.4  23.0  22.8  22.8  23.4  23.1  22.8  22.8  23.3  23.1  22.9  23.0  23.4  23.3  23.0  23.4  24.2  24.2 
 25.8  25.6  26.2  26.2  25.9  25.9  26.0  26.0  25.0  24.1  23.8  23.7  23.2  23.2  23.3  23.4  22.9  22.8  23.2  23.3  23.1  22.9  23.4  23.2  23.2  22.8  23.5  24.1  23.4  23.2  24.1  24.9 
 25.5  25.7  26.3  25.9  25.5  25.5  26.0  25.7  24.5  24.3  24.0  23.6  23.1  23.1  23.5  23.4  22.9  23.0  23.4  23.3  23.0  22.9  23.6  23.5  23.0  23.1  23.6  23.5  23.3  23.5  25.0  25.5 
 27.1  25.8  25.7  26.0  25.6  24.9  25.0  25.0  24.4  24.0  24.0  23.7  23.6  23.1  23.4  23.7  23.3  22.9  23.4  23.5  23.3  22.9  23.6  23.9  23.3  22.8  23.9  24.7  24.1  23.7  26.3  27.1 
 26.7  26.7  26.1  26.0  24.8  25.2  25.3  24.7  24.0  23.8  23.8  23.9  23.3  23.5  23.7  23.5  23.1  23.1  23.7  23.4  23.2  23.1  23.7  23.6  23.2  23.3  24.5  25.0  24.6  24.4  27.0  28.0 
