 24.4  23.5  24.2  24.0  23.5  23.0  23.6  23.4  23.0  23.0  23.4  23.3  22.8  22.8  22.8  23.1  22.9  22.7  22.9  23.2  22.9  22.5  23.3  23.0  23.0  23.1  23.4  23.4  23.5  23.0  24.8  25.2 
 23.6  23.4  23.8  23.8  23.1  23.0  23.1  23.3  23.1  23.0  23.2  23.2  22.8  22.8  23.1  23.0  22.9  22.7  23.3  22.9  23.0  22.9  23.1  22.8  22.9  23.0  23.5  23.6  23.2  23.4  24.6  24.4 
 23.7  23.1  23.9  23.6  23.1  22.9  23.0  23.1  23.0  22.9  23.3  23.2  22.7  22.9  22.9  22.8  22.7  22.6  22.8  23.0  22.9  22.8  23.0  23.1  23.2  23.0  23.2  23.5  23.3  23.4  24.1  24.4 
 23.3  23.5  23.4  23.7  22.9  22.9  23.2  23.3  22.9  23.2  23.3  23.3  22.8  22.6  22.9  23.1  22.9  22.7  23.0  23.0  22.7  22.8  23.1  23.1  23.1  23.0  23.3  23.3  23.3  24.2  24.1  24.1 
 23.4  23.3  23.2  23.5  23.1  22.9  23.2  23.5  23.6  23.7  24.6  23.7  22.8  22.6  22.8  22.9  22.7  22.8  22.9  23.0  22.8  22.7  23.0  23.0  23.2  22.9  23.3  23.3  23.4  23.7  23.7  24.0 
 23.0  23.2  23.3  23.3  22.8  22.9  23.3  23.3  23.7  24.6  26.0  24.3  22.7  22.7  22.8  22.9  22.7  22.8  23.0  23.0  22.8  22.6  23.0  22.9  22.8  22.9  23.2  23.2  23.1  23.4  23.6  23.7 
 23.2  23.1  23.4  23.5  23.0  22.7  23.2  23.2  23.9  25.1  27.8  25.1  22.8  22.8  22.9  22.9  22.9  22.7  22.8  23.0  22.8  22.7  22.9  23.1  23.0  22.9  23.2  23.3  22.9  22.9  23.7  23.5 
 23.4  23.4  23.2  23.6  23.0  22.8  23.2  23.3  23.4  23.6  24.6  23.5  22.9  22.8  23.0  22.9  22.7  22.8  23.0  22.9  22.8  22.8  23.0  23.2  22.8  23.0  23.0  23.2  23.0  23.0  23.3  22.5 
 23.5  23.3  23.4  23.5  23.2  22.8  23.1  23.2  23.0  22.7  23.1  23.1  22.9  22.8  22.9  23.0  22.8  22.7  22.9  22.9  22.9  22.9  23.1  23.0  22.9  23.0  23.3  23.1  22.9  23.0  23.2  23.3 
 23.4  23.7  23.8  23.6  23.4  22.9  23.1  23.2  22.9  22.9  23.1  23.0  22.8  22.7  22.9  23.0  22.7  22.7  22.8  22.9  22.7  22.8  23.0  23.0  23.0  23.0  23.2  23.4  22.9  23.0  23.5  23.6 
 24.3  24.1  24.8  25.0  24.7  24.6  23.7  23.6  23.1  22.9  23.1  23.0  22.7  22.7  23.0  22.9  22.9  22.7  22.8  22.9  22.8  22.7  22.8  23.2  22.6  22.6  22.9  22.9  23.2  22.7  23.4  23.5 
 24.7  24.8  25.2  25.4  25.6  25.7  25.1  24.4  23.2  23.2  23.2  23.1  22.9  22.8  22.9  22.9  22.7  22.7  23.0  23.0  22.6  22.7  22.9 nan  22.7  22.6  22.9  23.2  23.0  22.7  23.6  23.8 
 25.4  25.0  26.2  26.9  28.5  29.6  38.1  42.0  39.9  33.9  23.6  23.4  22.9  22.9  22.9  23.0  22.8  22.8  23.0  22.9  22.8  22.8  23.0  23.0  22.8  22.8  23.3  23.4  22.9  23.1  23.9  23.9 
 25.6  25.8  27.0  27.6  30.2  32.6  47.7  54.4  58.8  51.7  24.9  23.6  23.0  23.0  23.1  23.1  22.9  22.7  23.1  23.0  22.9  22.7  22.9  22.8  23.0  22.7  24.2  24.4  23.5  23.0  23.9  23.8 
 26.1  26.1  27.9  28.7  32.5  36.7  57.7  66.7  77.7  73.3  30.8  25.0  23.1  23.0  23.0  23.1  22.8  22.8  23.0  23.1  22.7  22.8  23.2  23.0  22.9  22.9  25.8  25.6  23.3  23.3  23.8  23.8 
 26.1  26.1  27.9  28.5  32.7  36.8  57.2  68.9  87.2  82.2  30.5  24.7  23.1  23.0  22.9  23.2  22.8  22.7  23.0  23.1  22.7  22.7  23.1  23.1  22.8  22.8  24.2  24.6  23.4  23.5  23.9  23.9 
 25.9  26.1  27.6  28.1  30.1  31.8  45.7  55.7  67.7  57.1  25.6  23.9  23.2  22.9  23.0  23.1  22.9  22.9  23.2  23.1  22.8  22.7  23.0  23.1  22.8  23.0  23.3  23.7  23.1  23.3  23.7  24.1 
 26.0  26.0  27.3  27.6  28.4  29.8  37.8  42.8  46.3  39.1  24.1  23.6  23.2  23.0  23.2  23.1  23.0  22.9  23.3  23.2  22.8  22.9  23.1  23.2  22.8  22.9  23.3  23.4  23.3  23.3  24.0  23.8 
 26.3  25.8  26.9  27.0  27.2  27.4  28.7  29.4  28.0  26.3  24.0  23.6  23.2  23.1  23.3  23.2  22.9  22.9  23.0  23.2  22.8  22.9  23.3  23.3  22.9  23.0  23.3  23.4  23.6  23.4  23.9  24.2 
 25.6  26.3  26.4  26.8  26.8  26.8  27.7  27.6  26.3  25.4  23.7  23.7  23.2  23.1  23.3  23.1  23.0  22.7  23.3  23.3  22.9  22.9  23.3  23.4  23.0  23.0  23.2  23.8  23.4  23.6  24.1  24.4 
 25.8  25.5  26.6  26.3  26.1  26.0  26.0  26.3  25.1  24.3  24.0  23.7  23.5  23.3  23.4  23.4  23.1  23.1  23.3  23.4  23.1  22.9  23.4  23.3  23.3  23.1  23.5  23.9  23.6  23.7  24.6  24.5 
 25.9  25.9  26.2  26.2  25.9  25.8  25.8  25.6  24.5  24.3  23.9  23.9  23.4  23.2  23.2  23.6  23.1  23.1  23.4  23.2  23.1  22.9  23.3  23.5  23.3  23.3  23.4  23.8  23.3  23.5  24.9  25.5 
 26.9  26.2  26.0  25.9  25.6  25.2  25.3  25.2  24.4  24.0  24.1  24.0  23.6  23.5  23.4  23.7  23.4  23.2  23.5  23.1  23.5  23.0  23.6  23.8  23.4  23.2  24.2  24.4  24.3  23.9  26.3  26.8 
 26.8  26.5  25.7  26.0  25.3  25.0  25.1  25.0  24.1  24.2  24.1  24.2  23.4  23.5  23.7  23.5  23.4  23.3  23.4  23.5  23.3  23.5  23.9  23.7  23.6  23.5  24.8  25.1  24.6  24.7  26.3  27.5 
