 24.2  23.6  23.6  23.3  23.4  23.0  23.3  22.9  23.3  22.7  23.0  23.0  22.9  22.6  22.8  22.9  22.8  22.6  22.8  23.0  22.7  22.7  23.0  23.2  22.7  22.6  23.1  23.5  23.3  23.3  24.2  25.0 
 23.5  23.2  23.5  23.6  22.9  22.8  23.0  23.1  23.0  23.0  23.1  23.2  22.6  22.8  22.9  22.8  22.5  22.8  22.9  22.9  22.8  22.7  22.8  23.1  22.9  23.1  23.3  23.2  23.3  23.2  24.1  24.6 
 23.5  23.1  23.4  23.5  23.1  22.7  23.0  23.0  23.0  22.7  23.2  23.1  22.7  22.4  22.6  22.8  22.7  22.6  22.6  22.6  22.7  22.5  22.8  23.0  22.9  22.8  23.2  23.1  23.3  23.4  23.7  24.0 
 23.4  23.3  23.5  23.5  22.9  22.7  23.1  23.4  22.9  23.1  23.4  23.1  22.7  22.6  22.7  22.7  22.6  22.6  22.9  22.7  22.7  22.8  22.7  22.7  22.5  22.7  23.0  23.1  23.4  24.2  24.0  24.1 
 23.5  23.2  23.0  23.3  23.1  22.7  22.9  23.1  23.5  23.6  24.2  23.6  22.9  22.6  22.7  22.8  22.7  22.5  22.8  22.8  22.7  22.5  22.8  23.0  22.8  22.8  23.0  23.1  23.6  23.6  23.6  23.7 
 22.7  23.2  23.4  23.2  22.7  22.9  23.2  23.0  23.5  24.4  26.0  24.1  22.8  22.6  22.8  22.7  22.6  22.5  22.8  22.7  22.5  22.7  22.8  22.8  22.8  22.8  22.9  23.1  23.0  23.0  23.3  23.7 
 23.0  22.9  23.0  23.2  22.9  22.7  23.1  23.1  23.9  25.1  27.7  25.0  22.7  22.4  22.8  22.6  22.8  22.6  22.8  22.8  22.6  22.6  22.8  22.8  22.7  22.4  23.0  23.0  23.2  22.8  23.3  23.3 
 23.3  23.4  23.2  23.2  23.0  22.7  23.1  23.0  23.0  23.4  24.4  23.4  22.6  22.6  22.8  22.9  22.6  22.8  22.8  22.7  22.4  22.6  22.8  22.9  22.6  22.6  23.1  23.0  22.7  23.0  22.9  22.5 
 23.6  22.9  23.2  23.1  22.8  22.7  22.9  23.0  22.9  22.6  22.9  22.8  22.7  22.6  22.8  22.9  22.7  22.5  22.9  22.8  22.8  22.6  22.8  22.9  22.7  22.7  23.0  22.8  22.8  22.7  23.0  23.0 
 23.6  23.4  23.4  23.5  23.1  22.9  23.0  23.0  22.8  22.8  23.0  22.9  22.6  22.6  22.8  22.8  22.5  22.6  22.8  22.8  22.6  22.6  22.8  22.8  22.8  22.9  22.9  22.9  22.9  22.7  23.4  23.2 
 24.4  24.2  24.6  24.7  24.4  24.3  23.5  23.4  23.0  22.7  22.8  22.8  22.8  22.6  22.8  22.8  22.7  22.4  22.8  22.8  22.6  22.6  22.8  22.8  22.9  22.6  22.9  22.8  22.8  23.0  23.1  23.3 
 24.2  24.7  25.3  25.2  25.3  25.7  25.0  24.3  23.2  23.1  23.0  22.9  22.7  22.7  22.8  22.8  22.7  22.6  22.9  22.7  22.7  22.7  22.9 nan  22.6  22.6  22.9  22.9  22.6  22.8  23.3  23.1 
 25.4  25.1  26.4  26.6  28.5  29.3  38.0  41.8  39.8  33.7  23.4  23.1  22.9  22.7  22.8  22.8  22.7  22.7  22.9  22.8  22.6  22.4  22.8  22.9  22.7  22.7  23.3  23.2  23.0  22.9  23.6  23.4 
 25.5  25.7  26.9  27.3  29.9  32.5  47.7  54.3  58.5  51.5  24.9  23.5  22.9  23.0  22.8  22.8  22.7  22.8  22.9  22.7  22.7  22.6  23.0  22.9  22.8  22.8  24.0  24.1  23.4  23.3  23.4  23.3 
 25.8  26.0  27.5  28.3  32.4  36.5  57.6  66.6  77.6  73.2  30.7  24.7  23.1  22.8  23.0  22.9  22.9  22.7  22.9  23.0  22.8  22.5  22.9  22.8  22.8  22.8  25.5  25.2  23.6  23.1  23.5  23.4 
 25.9  25.8  27.6  28.4  32.7  36.8  57.2  68.8  87.1  82.2  30.4  24.6  23.0  22.8  22.9  22.8  22.7  22.8  23.1  22.9  22.8  22.5  22.8  22.9  22.8  22.8  24.5  24.6  23.0  23.2  23.5  23.4 
 25.8  25.8  27.6  27.9  29.9  31.6  45.5  55.4  67.7  57.3  25.5  23.7  23.0  22.8  22.8  22.9  22.8  22.8  22.9  22.9  22.8  22.6  22.8  22.9  22.9  22.6  23.0  23.3  23.4  23.1  23.7  23.6 
 25.8  26.1  27.0  27.4  28.5  29.5  37.6  42.7  46.2  39.1  24.0  23.4  23.1  22.8  23.0  22.9  22.9  23.0  23.0  22.9  22.7  22.9  23.0  23.0  22.6  22.8  23.2  23.2  23.1  23.2  23.6  23.8 
 25.8  25.7  26.6  26.6  27.2  27.2  28.7  29.2  28.1  26.2  23.7  23.3  23.0  22.9  23.2  23.0  22.9  22.8  23.0  23.0  23.0  22.6  23.0  23.2  23.0  22.6  22.9  22.9  23.3  22.9  23.6  23.9 
 25.8  25.9  26.3  26.1  26.7  26.8  27.5  27.5  26.4  25.4  23.7  23.5  23.1  23.0  23.3  22.9  23.0  22.9  23.3  23.0  23.1  23.0  23.1  23.2  22.7  22.8  23.1  23.3  23.1  23.3  24.2  24.2 
 25.8  25.4  26.2  26.1  26.1  25.6  25.8  26.0  25.0  24.2  23.7  23.7  23.3  22.8  23.3  23.2  23.0  22.8  23.0  23.2  23.0  22.7  23.2  23.3  23.3  23.0  23.4  23.5  23.2  23.2  23.7  24.6 
 25.7  25.7  26.0  25.9  25.6  25.6  25.8  25.7  24.4  24.4  23.9  23.7  23.1  22.9  23.2  23.1  23.0  22.9  23.3  23.3  22.9  22.8  23.2  23.4  23.0  23.2  23.4  23.6  23.3  23.7  24.1  25.2 
 26.9  25.8  25.8  25.8  25.3  25.0  25.0  24.8  24.6  24.0  23.9  23.9  23.6  23.2  23.4  23.2  23.3  23.0  23.3  23.4  23.4  22.9  23.3  23.7  23.3  23.1  23.9  24.3  24.1  23.5  25.6  26.7 
 26.7  25.9  25.9  25.9  24.8  25.0  25.0  24.7  23.9  23.9  23.8  23.9  23.4  23.2  23.6  23.4  23.0  23.1  23.4  23.4  23.2  23.2  23.5  23.3  23.2  23.5  24.7  25.1  24.6  24.7  26.2  26.5 
