 23.6  23.2  22.9  23.2  22.6  22.8  22.8  22.7  22.4  22.2  22.6  22.8  22.5  22.3  22.6  22.9  22.4  22.4  22.4  22.8  22.4  22.6  22.8  22.9  22.7  22.5  23.2  24.2  23.5  23.1  24.3  25.2 
 23.6  23.2  23.3  23.2  22.8  22.8  23.0  22.8  22.6  22.4  23.0  22.7  22.5  22.4  22.8  22.3  22.4  22.3  22.8  22.5  22.5  22.6  22.6  22.5  22.7  22.7  23.5  24.1  23.7  23.8  24.4  24.4 
 23.5  23.0  23.0  23.4  22.7  22.5  22.7  22.8  22.7  22.6  22.7  22.8  22.4  22.5  22.5  22.8  22.4  22.3  22.4  22.8  22.5  22.5  22.5  22.7  22.7  22.7  23.0  23.2  23.1  22.8  23.3  24.2 
 23.1  23.2  23.4  23.3  22.6  22.3  23.1  22.8  22.8  22.7  22.9  22.8  22.5  22.2  22.7  22.4  22.6  22.3  22.7  22.3  22.3  22.4  22.8  22.6  22.5  22.6  23.2  22.7  23.0  22.8  23.6  23.4 
 23.2  23.1  23.0  23.4  22.5  22.9  22.8  23.1  23.0  23.0  22.8  22.6  22.5  22.5  22.4  22.4  22.3  22.4  22.4  22.6  22.5  22.6  22.6  22.7  22.7  22.6  22.8  23.1  22.9  22.9  23.1  23.6 
 23.1  23.2  23.6  22.9  22.9  22.5  23.1  23.0  23.5  24.0  23.3  22.8  22.4  22.3  22.5  22.4  22.4  22.3  22.6  22.4  22.4  22.3  22.8  22.4  22.7  22.4  23.2  22.8  22.8  23.0  23.5  23.0 
 22.8  22.9  22.7  23.4  22.7  22.7  22.9  23.3  25.3  26.8  24.1  23.2  22.5  22.5  22.3  22.7  22.4  22.5  22.3  22.6  22.6  22.6  22.6  22.8  22.7  22.5  22.8  23.2  22.8  22.9  23.1  23.2 
 23.4  22.9  23.1  22.9  22.9  22.6  23.4  23.5  25.7  27.1  24.6  23.0  22.6  22.3  22.5  22.4  22.5  22.4  22.6  22.3  22.5  22.4  23.0  22.6  22.6  22.6  22.9  22.7  22.8  22.7  23.1  22.2 
 23.6  23.3  23.1  23.3  22.7  22.8  22.9  23.3  23.3  23.3  23.0  22.8  22.6  22.4  22.5  22.7  22.6  22.5  22.5  22.7  22.5  22.6  22.5  22.7  22.6  22.7  22.8  23.2  22.8  22.8  22.8  23.0 
 23.6  23.2  23.7  23.4  23.1  22.7  23.2  22.9  22.9  22.9  23.0  22.8  22.5  22.5  22.5  22.5  22.6  22.4  22.6  22.6  22.6  22.5  22.8  22.6  22.7  22.7  23.0  23.0  22.9  23.0  23.5  23.3 
 23.9  23.7  23.7  24.0  23.7  23.8  23.2  23.3  22.8  22.8  22.6  22.8  22.6  22.4  22.6  22.8  22.6  22.6  22.4  22.6  22.6  22.4  22.6  22.6  22.5  22.5  23.1  23.9  23.4  23.2  23.2  23.6 
 23.8  23.8  24.3  24.2  24.6  24.5  24.2  23.4  23.0  22.9  22.8  22.7  22.6  22.5  22.7  22.5  22.5  22.5  22.7  22.6  22.5  22.6  22.8 nan  22.5  22.5  24.3  25.0  23.8  23.0  23.1  23.1 
 24.5  24.3  25.3  26.1  27.1  27.8  32.5  35.0  33.1  29.3  23.1  23.0  22.7  22.5  22.6  22.7  22.6  22.6  22.7  22.8  22.5  22.4  22.7  22.7  22.7  22.6  23.8  24.8  23.3  23.3  23.2  23.7 
 25.0  24.5  26.1  26.3  28.3  30.0  41.6  48.8  53.5  47.3  24.8  23.2  22.8  22.7  22.9  22.7  22.5  22.4  22.8  22.7  22.6  22.5  22.9  22.7  22.5  22.7  23.3  23.2  23.3  23.2  23.7  23.2 
 25.3  25.4  26.6  27.4  30.5  33.7  54.5  63.2  74.5  71.4  34.4  25.7  22.9  22.7  22.7  22.8  22.6  22.6  22.8  22.8  22.5  22.4  22.7  22.9  22.8  22.7  22.8  23.1  23.1  22.9  23.3  23.4 
 25.2  25.3  27.1  27.3  30.8  33.9  53.5  62.5  78.5  79.3  37.1  25.8  22.8  22.8  22.8  22.6  22.6  22.7  22.8  22.6  22.6  22.4  22.7  22.6  22.6  22.6  23.2  22.8  23.1  22.8  23.6  23.3 
 25.5  25.5  26.5  27.0  29.5  31.7  44.2  53.4  73.2  70.2  29.9  24.4  22.7  22.7  22.5  22.8  22.6  22.5  22.7  22.7  22.7  22.6  22.7  22.8  22.8  22.7  22.9  23.1  23.1  23.3  23.1  23.6 
 25.3  25.3  26.6  26.7  28.5  29.7  37.1  42.1  54.2  49.6  26.0  23.5  22.9  22.7  22.9  22.8  22.6  22.6  23.0  22.6  22.6  22.6  22.9  22.7  22.8  22.4  23.2  23.1  23.1  22.9  23.6  23.7 
 25.2  25.6  26.0  26.6  26.8  27.0  28.5  29.5  29.8  28.0  23.7  23.4  22.7  22.8  22.9  22.9  22.7  22.7  22.6  22.8  22.7  22.5  22.7  23.1  22.8  22.7  22.9  23.3  23.2  22.9  23.2  24.0 
 25.2  25.6  26.4  26.2  26.4  26.2  27.7  27.3  27.2  26.1  23.7  23.1  22.9  22.8  22.8  22.7  22.6  22.8  23.0  22.6  22.7  22.6  23.1  23.1  22.7  22.8  23.1  23.0  22.8  23.3  24.4  23.9 
 25.6  25.4  25.6  26.0  25.5  25.6  25.7  25.8  25.2  24.6  23.5  23.3  22.9  22.8  23.0  23.1  22.5  22.8  22.8  22.8  22.7  22.8  22.8  23.2  23.1  22.6  23.2  23.6  23.6  24.1  24.7  25.4 
 25.3  25.0  26.0  25.2  25.3  25.2  25.7  25.1  24.6  24.2  23.7  23.5  23.0  22.8  23.0  22.9  22.7  22.5  23.2  22.8  22.8  22.7  23.4  22.9  22.9  22.8  23.4  23.4  24.6  24.9  26.1  25.7 
 26.1  25.9  25.1  25.7  24.7  24.8  24.7  24.7  24.4  24.0  23.6  23.8  23.2  22.9  23.0  23.2  23.0  22.7  22.9  23.2  23.2  22.7  23.2  23.5  23.4  23.7  25.1  25.9  25.9  25.6  25.8  26.8 
 26.9  25.5  25.9  25.0  24.8  24.6  24.8  24.6  24.0  23.7  23.5  23.6  22.9  22.8  23.1  22.9  23.0  23.0  23.4  23.1  23.1  23.2  23.6  23.7  24.3  24.5  26.3  26.2  26.2  26.2  26.7  27.5 
