 24.0  23.7  23.9  23.4  23.6  23.1  23.4  23.1  23.1  23.1  23.1  23.3  23.0  22.9  23.0  23.2  22.7  22.8  23.2  22.9  22.9  22.8  23.2  23.2  22.9  22.9  23.4  23.4  23.4  23.4  24.1  25.5 
 23.8  23.7  23.7  23.8  23.3  22.8  23.1  23.2  23.1  23.1  23.4  23.3  22.8  22.9  23.0  23.0  22.9  22.6  23.1  23.0  22.8  22.8  23.1  23.2  22.9  23.1  23.1  23.3  23.4  23.5  24.6  24.7 
 23.4  23.4  24.0  22.9  23.4  23.0  23.1  23.2  23.0  23.0  23.3  23.0  22.8  23.0  22.9  22.9  22.7  22.7  22.8  23.0  22.9  22.9  23.0  23.0  22.8  22.9  23.4  23.5  23.6  23.5  24.0  24.1 
 23.3  23.4  23.6  23.8  23.0  22.7  23.1  23.1  23.1  23.1  23.4  23.2  23.0  22.8  23.0  22.9  22.8  22.8  23.1  22.9  22.7  22.8  22.8  23.1  22.8  22.7  23.3  23.1  23.3  24.3  23.9  24.0 
 23.3  23.3  23.3  23.1  23.2  22.9  23.2  23.1  23.7  24.0  24.4  23.8  22.9  22.8  22.9  22.8  22.7  22.7  22.8  23.0  22.7  22.6  23.1  22.9  23.0  22.9  23.3  23.0  23.7  23.9  23.9  23.8 
 23.1  23.3  23.3  23.3  22.8  22.7  23.2  23.2  23.9  24.6  26.1  24.3  22.8  22.6  22.8  22.9  22.7  22.5  23.0  22.9  22.7  22.6  23.0  22.8  23.0  22.5  23.0  23.3  23.1  23.3  23.8  24.0 
 23.3  23.3  23.4  23.2  23.0  22.9  23.1  23.1  23.9  25.5  27.9  25.1  22.9  22.9  22.8  22.8  22.7  22.7  22.7  22.8  22.8  22.8  23.0  23.0  22.9  22.7  23.2  23.3  23.0  23.2  23.6  23.1 
 23.2  23.3  23.1  23.2  23.0  22.8  23.2  23.1  23.3  23.5  24.4  23.5  22.8  22.8  22.9  22.9  22.8  22.7  22.9  22.8  22.8  22.8  23.1  23.2  23.0  22.9  23.1  22.9  22.9  23.4  23.2  22.8 
 23.7  23.5  23.4  23.5  23.2  23.0  23.1  23.0  22.8  22.8  23.1  22.9  22.8  22.8  22.9  23.0  22.9  22.7  22.9  22.9  22.8  22.8  22.9  22.7  22.9  22.8  23.0  23.1  23.0  22.9  23.0  23.3 
 23.6  23.2  23.7  23.5  23.4  23.2  23.0  23.0  23.0  22.9  23.0  23.2  22.8  22.8  22.9  22.9  22.7  22.8  22.9  22.9  22.7  22.9  22.8  23.0  22.9  22.8  23.1  23.1  23.0  22.7  23.3  23.5 
 24.4  24.3  24.7  24.6  24.7  24.3  23.7  23.5  23.0  22.9  23.1  23.0  22.9  22.6  22.9  22.9  22.8  22.8  23.0  22.9  22.8  22.7  22.8  23.0  22.8  22.7  22.9  23.1  22.9  23.1  23.3  23.3 
 24.5  24.5  25.3  25.3  25.7  25.7  25.1  24.4  23.2  23.2  23.1  23.1  23.0  22.8  22.8  23.0  22.7  22.7  22.9  22.9  22.8  22.7  22.9 nan  22.7  22.7  22.9  23.1  23.0  23.0  23.4  23.6 
 25.4  25.2  26.3  26.8  28.5  29.7  38.1  41.9  39.8  33.7  23.5  23.3  23.1  22.9  22.9  23.0  22.8  23.0  23.0  22.9  22.8  22.6  22.6  23.1  22.8  22.9  23.4  23.2  23.1  23.1  23.7  23.7 
 25.6  25.5  27.0  27.6  30.1  32.6  47.7  54.4  58.8  51.6  25.0  23.6  23.0  22.8  23.0  22.9  22.8  22.9  23.0  22.9  22.9  22.8  23.1  23.0  23.0  22.8  24.0  24.4  23.5  23.4  23.7  23.7 
 25.9  26.1  27.7  28.4  32.6  36.6  57.6  66.6  77.7  73.4  31.0  24.9  23.1  22.9  23.0  22.9  22.9  22.9  23.0  23.1  22.8  22.8  22.9  23.1  22.9  22.9  25.7  25.3  23.7  23.2  23.6  23.8 
 26.0  26.0  27.6  28.5  32.8  36.9  57.4  68.9  87.3  82.3  30.4  24.8  23.1  22.9  23.0  23.0  23.0  22.9  23.1  22.9  22.9  22.7  23.0  22.8  22.9  22.8  24.1  24.6  23.5  23.4  23.8  23.6 
 25.9  26.1  27.5  27.8  30.0  31.8  45.6  55.7  67.7  57.3  25.6  23.8  23.1  23.1  23.1  22.9  23.0  22.9  23.0  23.0  23.0  22.9  22.9  23.0  22.9  22.7  23.3  23.5  23.7  23.2  23.5  23.7 
 26.2  26.1  27.3  27.3  28.6  29.7  37.8  42.9  46.3  39.2  24.0  23.7  23.1  23.1  23.1  23.2  23.0  23.0  23.1  22.9  22.9  22.8  23.1  23.0  23.0  23.0  23.2  23.4  23.6  23.0  23.9  23.8 
 26.0  26.0  26.7  26.7  27.2  27.5  28.9  29.5  28.3  26.4  23.9  23.5  23.2  23.1  23.1  23.1  23.1  22.9  23.0  23.1  23.1  23.0  23.2  23.2  23.1  23.0  23.2  23.3  23.3  23.5  23.5  24.2 
 26.1  26.0  26.5  26.7  26.8  26.8  27.6  27.6  26.3  25.4  23.8  23.6  23.3  23.1  23.2  23.2  23.1  22.9  23.2  23.2  23.1  22.9  23.2  23.3  23.0  23.2  23.0  23.5  23.2  23.5  23.9  24.3 
 25.9  25.7  26.3  26.3  26.2  26.1  26.1  26.0  25.1  24.3  23.8  23.7  23.3  23.2  23.3  23.1  23.0  23.0  23.3  23.2  23.0  23.0  23.6  23.3  23.2  23.1  23.5  23.4  23.5  23.5  24.0  24.5 
 25.8  25.8  26.1  25.9  25.9  25.4  25.7  25.6  24.8  24.4  23.9  23.8  23.3  23.2  23.2  23.5  23.1  23.1  23.4  23.3  23.1  23.0  23.3  23.5  23.1  23.2  23.5  23.6  23.4  23.4  24.7  25.3 
 26.7  26.1  25.6  25.9  25.5  25.0  25.1  24.9  24.6  24.2  24.0  24.0  23.6  23.4  23.4  23.5  23.4  23.2  23.5  23.5  23.4  23.2  23.4  23.6  23.4  23.1  24.0  24.3  24.2  24.1  26.1  26.3 
 27.1  26.6  25.7  25.6  25.4  25.0  25.0  25.0  24.0  24.0  24.1  24.1  23.7  23.3  23.5  23.4  23.4  23.3  23.7  23.4  23.5  23.4  23.7  23.8  23.4  23.6  24.6  25.2  25.0  24.8  25.9  26.6 
