 23.8  23.7  23.9  24.3  23.3  23.4  23.4  23.3  22.8  23.1  23.2  23.5  22.8  22.8  22.8  23.4  22.8  22.9  23.0  23.1  22.9  22.8  23.1  23.4  22.8  23.0  23.4  23.9  23.3  23.6  24.1  26.1 
 24.0  23.5  24.1  23.7  23.3  23.0  23.4  23.4  23.1  22.8  23.5  23.2  22.9  22.7  23.3  23.1  22.9  22.6  23.2  23.0  23.0  22.8  23.1  23.3  23.0  22.9  23.7  23.3  23.4  23.1  24.9  25.0 
 23.4  23.9  23.7  23.9  23.0  23.0  23.3  23.4  23.0  23.1  23.2  23.4  22.6  23.0  22.9  23.1  22.6  22.8  23.0  23.1  22.8  22.8  22.9  23.2  22.9  23.0  23.4  23.8  23.6  23.4  23.8  23.9 
 23.3  22.9  23.7  23.8  22.9  22.5  23.6  23.2  23.3  23.0  23.7  23.3  22.7  22.7  22.9  22.9  22.8  22.6  23.1  22.8  22.9  22.7  23.1  23.0  22.9  22.6  23.4  23.5  23.5  23.8  24.1  24.2 
 23.3  23.6  23.4  23.5  22.9  22.9  23.1  23.3  23.3  24.0  24.3  23.8  22.9  22.9  22.9  23.1  22.7  22.7  22.8  23.0  22.6  22.8  23.1  23.2  22.9  23.0  23.5  23.3  23.4  23.9  23.8  24.0 
 23.5  22.9  23.6  23.3  22.9  22.7  23.5  23.3  23.6  24.5  26.2  24.3  23.0  22.8  23.2  22.8  22.7  22.7  23.2  22.9  22.8  22.5  23.2  22.9  23.4  22.4  23.5  23.2  23.3  23.0  23.9  23.8 
 23.3  23.4  23.1  23.6  23.0  23.0  23.1  23.5  23.9  25.3  27.9  25.3  22.8  22.9  22.9  23.1  22.7  22.8  22.8  23.2  22.6  22.7  22.8  23.2  22.7  22.9  23.1  23.4  23.0  23.1  23.3  23.8 
 23.7  23.0  23.7  23.3  23.1  22.7  23.3  23.1  23.4  23.4  24.7  23.6  22.8  22.6  23.0  22.9  22.9  22.7  23.0  22.9  22.9  22.6  23.2  23.1  23.0  22.6  23.3  23.0  23.4  22.9  23.7  22.6 
 23.2  23.5  23.7  23.6  23.0  22.9  23.1  23.2  22.9  22.9  23.2  23.3  22.8  22.7  22.9  23.1  22.7  22.7  22.9  22.8  22.8  22.8  23.0  23.2  22.8  23.0  23.0  23.2  22.9  22.9  23.1  23.4 
 23.6  23.5  23.8  23.6  23.4  23.1  23.1  23.2  23.1  22.8  23.3  23.0  22.9  22.7  23.0  22.9  22.8  22.6  22.9  23.0  22.8  22.7  23.1  23.2  23.2  22.8  23.3  23.1  23.0  22.7  23.9  23.5 
 24.5  24.5  24.8  25.2  24.5  24.6  23.7  23.6  23.0  22.9  22.8  23.3  22.7  22.8  22.9  23.1  22.6  22.8  23.0  23.2  22.8  22.8  22.8  23.1  22.6  22.8  22.9  23.3  23.1  23.2  23.3  23.6 
 24.7  24.3  25.4  25.5  25.9  25.7  25.3  24.6  23.3  22.9  23.3  23.0  22.9  22.8  23.2  23.0  22.8  22.5  23.0  22.9  22.8  22.6  23.2 nan  22.9  22.6  23.0  23.3  23.0  22.8  23.7  23.5 
 25.2  25.4  26.5  27.1  28.4  29.7  38.0  42.1  39.6  33.9  23.6  23.4  22.9  22.8  23.0  23.2  22.7  22.8  23.0  23.1  22.7  22.9  22.8  23.1  22.7  22.7  23.1  23.7  22.9  23.2  23.7  23.9 
 25.4  25.6  27.2  27.7  30.2  32.4  47.9  54.3  58.8  51.6  25.2  23.6  23.1  22.8  23.3  23.1  22.8  22.8  23.1  23.1  22.9  22.6  23.2  22.9  22.7  22.7  24.2  24.2  23.5  23.1  23.9  23.5 
 25.6  26.2  27.8  28.8  32.4  36.8  57.7  66.9  77.6  73.6  30.8  25.0  23.0  23.1  22.8  23.1  22.9  22.9  23.0  23.3  22.8  22.9  23.0  23.0  22.9  23.0  25.6  25.5  23.3  23.4  23.8  23.8 
 26.0  25.7  28.0  28.4  32.9  36.7  57.5  68.9  87.2  82.2  30.7  24.8  23.4  23.0  23.1  23.0  22.8  22.8  23.2  23.1  23.0  22.7  23.2  23.0  23.0  22.6  24.5  24.7  23.5  23.3  24.1  23.6 
 25.9  26.2  27.4  28.3  30.1  32.0  45.8  55.7  67.8  57.4  25.7  23.9  23.0  23.1  23.0  23.2  22.9  22.9  23.1  23.1  22.8  22.7  23.0  23.3  22.9  23.1  23.1  23.4  22.9  23.5  24.2  24.2 
 26.2  25.9  27.6  27.5  28.8  29.7  38.0  42.9  46.5  39.2  24.3  23.5  23.3  22.9  23.3  23.1  23.0  22.9  23.4  23.2  22.9  22.6  23.1  23.2  23.0  22.8  23.3  23.3  23.5  23.3  24.5  23.9 
 26.0  26.3  26.7  27.0  27.1  27.5  29.0  29.6  28.0  26.6  24.1  23.6  23.0  23.1  23.2  23.4  23.0  23.0  23.2  23.5  23.0  23.1  23.2  23.4  23.0  23.0  23.4  23.4  23.3  23.7  23.9  24.4 
 26.1  25.8  26.5  26.6  26.9  26.4  27.9  27.7  26.5  25.2  23.9  23.7  23.2  23.0  23.4  23.4  23.0  22.8  23.4  23.1  23.0  22.9  23.4  23.2  23.1  22.9  23.5  23.4  23.5  23.5  24.3  24.0 
 25.6  25.9  26.1  26.6  25.9  26.1  26.1  26.2  25.1  24.5  23.9  23.9  23.1  23.2  23.2  23.6  23.0  23.4  23.1  23.5  23.1  23.1  23.2  23.6  23.4  23.2  23.6  23.9  23.3  23.3  24.2  25.5 
 25.8  25.4  26.4  25.8  25.9  25.6  26.1  25.7  24.5  24.2  24.1  23.9  23.4  23.1  23.6  23.3  23.1  22.8  23.6  23.3  23.3  22.8  23.7  23.2  23.3  23.0  23.8  23.6  23.6  23.4  25.6  25.3 
 26.7  26.1  25.9  26.1  25.4  25.3  25.3  25.3  24.3  24.1  24.1  24.0  23.3  23.4  23.5  23.8  23.3  23.3  23.5  23.5  23.2  23.4  23.7  24.0  23.5  23.2  24.0  24.4  24.3  24.3  26.1  27.7 
 27.4  26.3  26.2  26.0  25.6  25.0  25.4  25.0  24.1  23.9  24.3  23.9  23.5  23.4  23.9  23.5  23.4  23.1  23.8  23.5  23.7  23.2  23.7  23.7  23.7  23.4  25.1  25.2  25.0  24.5  27.2  28.1 
