 23.8  23.3  23.7  24.0  23.6  23.3  23.4  23.1  23.0  23.2  23.1  23.2  23.0  22.7  22.9  23.0  22.9  22.9  23.1  23.1  23.0  22.9  23.1  23.2  22.9  22.9  23.4  23.2  23.4  23.8  24.9  25.5 
 23.8  23.5  23.9  23.9  23.6  23.2  23.2  23.3  23.1  22.8  23.4  23.2  22.8  22.6  23.2  23.0  22.9  22.7  23.1  23.1  23.1  22.6  23.3  23.2  23.0  22.9  23.4  23.3  23.4  23.1  24.6  24.5 
 23.6  23.2  23.8  23.6  23.2  22.9  23.0  23.1  23.0  22.9  23.3  23.4  23.0  22.9  23.0  23.0  22.7  22.7  22.9  22.9  22.8  22.9  23.0  23.3  22.9  23.0  23.1  23.5  23.4  23.5  24.0  24.4 
 23.3  22.9  23.7  23.5  22.7  22.7  23.3  23.4  23.4  23.0  23.6  23.3  22.9  22.6  23.1  23.0  23.0  22.7  23.2  23.0  22.9  22.6  23.1  23.2  22.8  22.7  23.4  23.1  23.3  23.9  24.1  24.0 
 23.0  23.5  23.3  23.5  22.8  22.9  23.2  23.2  23.5  23.9  24.2  23.6  22.7  22.8  22.9  22.9  22.5  22.7  22.9  23.0  22.6  22.7  22.9  23.1  23.0  22.9  23.1  23.2  23.7  24.0  23.7  23.8 
 23.3  23.1  23.6  23.1  23.1  23.0  23.3  23.5  23.8  24.7  26.2  24.3  22.8  22.7  22.8  23.1  22.8  22.5  22.8  22.9  22.8  22.7  23.1  22.8  23.1  22.8  23.4  23.2  23.3  23.3  23.8  23.2 
 23.0  23.4  23.1  23.3  22.9  23.0  23.2  23.5  23.9  25.2  27.9  25.3  22.9  22.7  22.9  22.9  22.7  22.7  22.8  22.8  22.9  22.8  23.0  23.2  22.7  22.9  23.2  23.4  23.0  22.9  23.1  23.5 
 23.6  23.2  23.5  23.3  23.1  22.7  23.1  23.0  23.4  23.5  24.6  23.6  22.8  22.8  23.0  22.9  22.8  22.7  23.0  22.8  22.8  22.8  23.0  23.0  22.9  22.8  23.2  23.0  23.3  22.9  23.3  22.6 
 23.6  23.2  23.7  23.3  22.9  22.9  23.0  23.2  22.9  22.9  23.1  22.9  22.8  22.8  22.9  22.8  22.5  22.7  23.0  22.9  22.9  22.8  23.0  23.1  22.9  22.8  23.1  23.0  23.0  22.9  23.2  23.1 
 23.7  23.3  23.6  23.7  23.4  23.0  23.2  23.2  23.0  22.8  23.0  23.0  22.8  22.8  22.9  22.8  22.8  22.5  23.0  22.9  22.8  22.7  23.0  23.0  23.0  22.7  23.3  23.0  22.9  22.7  23.5  23.5 
 24.4  24.4  24.6  24.8  24.7  24.6  23.7  23.5  23.0  23.1  22.9  23.0  22.8  22.6  23.0  23.0  22.8  22.7  22.9  23.0  22.7  22.5  23.0  23.0  22.9  22.9  22.8  23.1  22.9  23.1  23.2  23.6 
 24.7  24.8  25.3  25.4  25.7  25.6  25.1  24.4  23.4  23.1  23.3  23.1  22.9  22.9  22.9  23.0  22.7  22.7  23.0  22.9  22.9  22.7  23.2 nan  23.0  22.6  23.0  23.0  23.2  22.9  23.4  23.4 
 25.4  25.3  26.3  26.8  28.6  29.5  38.1  42.0  40.0  33.8  23.5  23.2  23.0  22.9  23.1  23.2  23.0  22.8  23.1  23.0  22.8  22.6  22.9  23.1  22.8  22.8  23.3  23.4  23.4  23.2  23.5  23.6 
 25.7  25.8  27.2  27.5  30.3  32.6  47.7  54.3  58.7  51.7  24.9  23.6  23.2  22.8  22.9  22.9  22.9  22.8  23.0  22.9  22.8  22.5  23.1  23.0  22.8  22.8  24.2  24.1  23.7  23.0  23.6  23.5 
 26.2  26.4  27.7  28.7  32.5  36.7  57.8  66.7  77.6  73.4  30.7  24.9  23.1  23.0  23.1  23.0  22.9  22.9  22.9  23.0  22.7  22.9  22.8  22.9  22.9  22.9  25.6  25.8  23.4  23.3  23.8  23.6 
 26.1  25.9  27.9  28.5  32.8  36.7  57.3  68.9  87.3  82.3  30.6  24.8  23.3  23.1  23.1  23.1  22.8  22.7  23.2  23.0  22.8  22.8  23.1  23.1  23.0  22.7  24.3  24.6  23.4  23.1  24.1  23.6 
 25.9  26.1  27.4  28.2  30.2  31.9  45.5  55.6  67.7  57.4  25.5  23.8  23.1  23.1  23.1  23.1  22.9  22.9  23.1  23.0  23.0  22.8  22.9  23.0  23.0  22.9  23.2  23.5  23.6  23.2  23.8  23.9 
 26.2  25.8  27.6  27.5  28.8  29.6  37.8  42.7  46.4  39.1  24.3  23.5  23.0  23.0  23.1  23.1  23.1  22.8  23.4  23.1  23.1  22.8  23.2  23.1  23.0  22.7  23.4  23.4  23.5  23.2  23.9  23.8 
 26.0  26.0  26.8  26.7  27.3  27.4  28.9  29.4  28.1  26.5  23.8  23.7  23.3  23.3  23.3  23.3  23.0  23.0  23.0  23.2  23.0  23.0  23.3  23.3  23.2  23.1  23.4  23.4  23.2  23.3  23.5  24.2 
 26.2  26.0  26.8  26.6  26.8  26.6  27.6  27.7  26.5  25.4  23.8  23.5  23.3  23.1  23.5  23.1  23.3  23.1  23.5  23.2  23.0  22.9  23.3  23.4  23.1  22.9  23.6  23.2  23.2  23.4  24.1  24.3 
 25.8  25.7  25.9  26.2  25.9  26.0  26.0  26.1  25.1  24.5  23.9  23.8  23.3  23.4  23.3  23.5  23.1  23.0  23.3  23.5  23.2  23.1  23.3  23.6  23.3  23.2  23.5  23.7  23.5  23.5  24.2  24.7 
 25.8  25.5  26.2  26.0  26.0  25.4  26.1  25.7  24.7  24.2  24.1  23.9  23.3  23.2  23.7  23.5  23.2  23.0  23.4  23.6  23.1  22.9  23.4  23.2  23.3  23.3  23.5  23.7  23.8  23.4  24.7  25.3 
 26.4  25.9  25.8  25.9  25.7  25.1  25.3  25.0  24.3  24.2  24.1  24.1  23.7  23.4  23.4  23.5  23.4  23.3  23.5  23.3  23.6  23.2  23.7  23.4  23.4  23.2  24.0  24.3  24.5  24.1  25.7  26.4 
 27.1  26.1  25.9  26.0  25.3  25.0  25.0  25.1  24.3  24.1  24.2  24.0  23.5  23.2  23.7  23.5  23.4  23.3  23.5  23.5  23.5  23.2  23.8  23.7  23.6  23.5  24.8  25.1  25.0  24.8  27.2  27.6 
