 24.0  23.3  23.1  23.3  22.8  23.0  22.7  23.0  22.3  22.4  22.7  22.8  22.3  22.4  22.3  22.7  22.4  22.6  22.5  22.8  22.5  22.5  22.7  22.9  22.7  22.5  23.2  24.0  23.3  23.8  24.2  25.4 
 23.8  22.9  23.6  23.3  23.1  22.3  23.1  22.8  22.9  22.4  22.8  22.8  22.6  22.5  23.0  22.5  22.5  22.2  23.0  22.7  22.9  22.4  22.9  22.7  22.7  22.7  23.5  24.4  24.2  23.6  24.5  24.2 
 23.3  23.3  23.5  23.4  22.7  22.6  22.8  23.0  22.7  22.7  22.8  22.9  22.3  22.4  22.7  22.7  22.3  22.5  22.5  22.7  22.5  22.6  22.7  23.0  22.7  23.0  23.0  23.5  23.4  23.1  23.2  23.9 
 23.6  22.8  23.5  22.9  22.8  22.1  23.3  22.9  22.8  22.5  22.9  22.8  22.7  22.2  22.7  22.6  22.7  22.3  22.7  22.6  22.7  22.3  22.9  22.9  22.8  22.5  23.2  22.8  22.8  22.8  23.6  24.0 
 23.2  23.4  22.8  23.2  22.8  22.9  22.8  23.1  23.1  23.2  22.7  22.9  22.5  22.5  22.6  22.7  22.3  22.5  22.6  22.6  22.5  22.7  22.5  22.9  22.5  22.5  22.9  23.2  23.1  23.1  23.4  23.7 
 23.4  23.1  23.2  23.0  23.0  22.7  23.2  23.1  23.8  23.8  23.3  22.9  22.6  22.6  22.7  22.5  22.6  22.2  22.7  22.5  22.5  22.4  23.0  22.9  22.8  22.4  23.0  23.1  23.1  22.9  23.5  23.1 
 23.1  23.3  22.9  23.1  22.6  23.0  23.0  23.4  25.3  26.7  24.2  23.4  22.4  22.5  22.6  22.6  22.3  22.6  22.6  22.8  22.5  22.7  22.5  23.0  22.6  22.7  22.8  23.3  22.8  22.8  23.4  23.0 
 23.5  23.0  23.1  23.1  23.1  22.7  23.5  23.4  25.9  27.0  24.6  23.2  22.6  22.5  22.8  22.6  22.6  22.4  22.7  22.5  22.5  22.5  22.8  22.8  22.7  22.5  23.0  23.0  22.8  22.7  23.3  22.5 
 23.4  23.5  23.1  23.3  22.8  22.8  23.1  23.3  23.2  23.3  23.0  22.8  22.5  22.7  22.6  22.6  22.5  22.6  22.6  22.8  22.4  22.5  22.7  22.9  22.6  22.8  22.8  23.0  22.8  23.1  23.1  23.7 
 23.7  23.2  23.8  23.3  23.1  22.8  23.2  22.9  23.1  22.7  23.0  22.8  22.7  22.5  22.8  22.5  22.6  22.4  22.8  22.7  22.7  22.5  22.9  22.7  22.8  22.6  23.1  23.0  23.1  22.9  23.6  23.2 
 23.8  23.7  23.8  24.3  23.7  23.4  23.3  23.4  22.9  22.9  22.8  22.8  22.6  22.6  22.7  22.8  22.6  22.6  22.8  22.8  22.5  22.6  22.5  22.8  22.6  22.6  23.4  23.7  23.7  23.3  23.0  23.2 
 24.1  23.6  24.6  24.5  24.6  24.4  24.2  23.7  23.1  22.8  23.0  22.9  22.7  22.6  22.8  22.7  22.6  22.6  22.8  22.7  22.7  22.3  22.8 nan  22.8  22.6  24.5  25.0  24.1  23.2  23.4  23.5 
 24.3  24.6  25.5  26.0  27.0  27.8  32.6  35.1  32.9  29.4  23.2  23.2  22.7  22.7  22.7  22.9  22.6  22.7  22.8  22.8  22.6  22.6  22.7  23.0  22.7  22.7  23.9  24.7  23.5  23.3  23.7  23.3 
 25.0  24.4  26.0  26.2  28.6  30.2  41.8  48.9  53.6  47.3  25.0  23.3  23.0  22.7  22.9  22.7  22.7  22.6  22.9  22.7  22.8  22.6  22.8  22.8  22.9  22.7  23.5  23.4  23.4  22.9  23.5  23.5 
 25.1  25.7  26.6  27.4  30.6  33.9  54.6  63.2  74.5  71.4  34.5  25.6  22.7  22.8  22.6  22.8  22.8  22.9  22.8  22.9  22.5  22.7  22.8  22.9  22.6  22.8  23.0  23.0  22.9  23.1  23.4  23.7 
 25.6  25.2  27.0  27.7  30.9  33.9  53.5  62.5  78.6  79.2  37.2  26.1  22.9  22.6  22.9  22.9  22.8  22.4  22.8  22.7  22.8  22.4  22.9  22.8  22.8  22.4  23.3  23.2  23.1  23.2  23.6  23.2 
 25.2  25.6  26.6  27.3  29.7  31.8  44.1  53.5  73.2  70.1  30.0  24.4  22.7  22.7  22.8  22.9  22.5  22.6  22.6  22.9  22.7  22.7  22.7  22.8  22.7  22.8  23.2  23.5  22.7  23.1  23.6  23.5 
 25.5  25.0  26.6  26.6  28.9  29.6  37.0  42.1  54.3  49.6  26.0  23.5  22.9  22.7  22.8  22.7  22.5  22.4  22.9  22.8  22.7  22.5  22.9  22.7  22.9  22.7  23.3  23.1  23.1  22.9  23.4  23.5 
 25.5  25.6  26.3  26.6  27.0  27.3  28.7  29.7  29.6  28.2  23.9  23.4  22.7  22.9  22.8  22.9  22.8  22.7  22.8  23.2  22.5  22.7  22.8  23.1  22.9  22.9  23.0  23.4  23.3  23.3  23.6  24.2 
 25.5  25.6  26.5  26.2  26.5  26.1  27.6  27.4  27.1  26.1  23.8  23.3  23.0  22.8  23.1  22.9  22.8  22.6  23.1  22.8  22.8  22.6  23.0  23.0  23.1  22.8  23.4  23.0  23.2  23.0  24.3  24.2 
 25.6  25.8  25.9  25.8  25.5  25.7  25.8  25.9  25.1  24.7  23.6  23.6  22.9  23.1  22.8  23.1  22.7  22.8  22.8  23.0  22.8  22.9  22.9  23.2  22.9  22.9  22.9  23.7  23.8  24.3  24.8  25.6 
 26.0  25.3  26.0  25.5  25.8  25.2  25.3  25.7  24.9  24.4  24.0  23.5  23.0  22.9  23.1  22.9  23.0  22.6  23.1  22.8  23.0  22.7  23.3  23.3  23.1  23.0  23.5  23.7  24.5  24.7  26.0  26.2 
 26.3  26.3  25.3  25.8  24.7  24.7  24.9  24.8  24.0  24.2  23.6  23.6  23.1  23.2  23.0  23.3  23.0  22.9  23.1  23.2  23.0  23.0  23.3  23.5  23.3  23.7  24.9  25.8  25.9  25.9  26.7  27.8 
 27.4  25.9  25.7  25.3  24.9  24.6  24.9  24.6  24.1  23.8  24.0  23.6  23.4  23.0  23.4  22.9  23.2  22.9  23.4  23.1  23.3  23.1  23.7  23.9  24.5  24.5  26.3  26.7  26.6  26.1  27.3  27.7 
