 23.8  23.5  24.3  23.8  23.3  23.3  23.5  23.2  23.1  23.0  23.2  23.1  23.0  22.7  23.2  23.1  22.9  22.9  23.1  23.1  22.8  23.0  23.3  23.2  22.9  23.1  23.6  23.4  23.3  23.6  24.9  25.2 
 24.2  23.1  23.4  24.3  23.3  22.8  23.0  23.6  23.0  22.8  23.1  23.5  22.8  22.7  23.0  23.4  22.9  22.5  23.0  23.2  23.0  22.7  23.1  23.6  22.9  22.8  23.2  23.5  23.2  23.3  24.0  25.6 
 23.3  23.1  24.2  23.7  22.8  22.9  23.4  22.9  23.0  23.0  23.4  23.1  22.8  22.9  23.2  22.8  22.8  22.7  22.9  22.8  22.8  22.8  23.0  22.9  22.7  23.2  23.9  23.3  23.3  23.4  24.2  23.9 
 23.4  23.3  23.1  24.0  23.0  22.7  22.9  23.5  23.3  22.9  23.3  23.5  22.9  22.6  22.8  23.3  22.9  22.6  23.0  23.1  22.9  22.7  23.0  23.3  23.0  22.7  23.3  23.7  23.5  23.8  23.9  24.6 
 23.5  23.5  23.6  23.2  23.0  23.1  23.3  23.2  23.4  23.7  24.5  23.5  22.6  22.8  23.1  22.9  22.7  22.7  23.0  22.9  22.7  22.8  23.1  23.0  22.8  22.9  23.6  22.9  23.2  23.9  24.0  24.0 
 23.3  23.1  23.2  23.6  23.0  22.9  23.2  23.6  23.9  24.4  26.1  24.6  22.9  22.7  22.8  23.1  22.9  22.4  22.9  23.2  22.8  22.6  23.2  23.3  23.0  22.6  23.2  23.8  23.1  23.0  23.4  24.0 
 22.8  23.6  23.6  23.2  22.9  23.1  23.6  23.2  23.8  25.4  28.2  25.0  22.7  22.7  23.0  22.8  22.6  22.7  23.0  22.8  22.6  22.7  23.3  22.9  23.0  23.0  23.3  23.1  22.8  22.9  23.6  23.5 
 23.2  23.3  23.3  23.8  23.0  22.8  23.1  23.3  23.3  23.4  24.3  23.9  22.8  22.6  22.8  23.1  22.8  22.5  22.8  23.0  22.8  22.8  23.0  23.3  22.9  22.7  23.1  23.7  23.3  22.8  23.0  23.0 
 23.4  23.3  23.7  23.2  22.9  23.1  23.3  22.8  22.9  22.8  23.1  23.0  22.7  22.8  23.0  22.9  22.6  22.8  23.0  22.9  22.7  22.8  23.1  22.9  22.8  22.8  23.3  23.1  22.8  22.8  23.3  23.3 
 23.8  23.2  23.6  23.9  23.5  22.8  23.1  23.2  23.0  22.6  23.0  23.2  22.9  22.6  23.0  23.2  22.7  22.5  22.8  23.2  22.9  22.6  22.9  23.4  23.1  22.7  23.2  23.5  23.1  22.7  23.3  23.4 
 24.2  24.6  25.1  24.8  24.6  24.5  24.0  23.4  23.0  23.0  23.3  23.0  22.7  22.7  23.0  22.9  22.7  22.6  23.0  22.8  22.8  22.8  23.1  23.0  22.8  22.8  23.2  22.9  22.9  23.1  23.8  23.5 
 24.4  24.1  25.2  25.8  25.8  25.7  24.9  24.8  23.5  22.9  23.0  23.2  23.1  22.6  22.9  23.2  22.8  22.6  22.8  23.1  23.0  22.8  23.0 nan  22.8  22.4  23.1  23.3  23.0  22.7  23.5  24.2 
 25.1  25.2  26.7  26.8  28.5  29.8  38.3  41.8  39.8  33.9  23.7  23.3  22.9  22.8  23.1  22.9  22.8  22.8  23.2  23.0  22.7  22.7  23.2  23.1  22.7  22.9  23.6  23.2  22.9  23.3  23.8  23.4 
 25.6  25.4  26.7  27.9  30.2  32.3  47.6  54.4  58.8  51.5  24.8  23.7  23.2  22.8  22.9  23.2  23.0  22.7  22.9  23.2  22.9  22.5  23.0  23.2  22.9  22.7  24.1  24.5  23.6  22.9  23.4  24.2 
 25.9  25.9  27.9  28.6  32.4  36.7  57.8  66.6  77.7  73.5  31.1  24.8  23.0  23.0  23.2  22.9  22.9  22.8  23.2  22.9  22.6  22.9  23.2  23.0  22.9  23.0  25.9  25.4  23.6  23.5  23.8  23.5 
 26.1  25.8  27.5  28.8  32.8  36.6  57.2  69.0  87.2  82.1  30.5  25.0  23.1  22.9  23.0  23.3  22.8  22.7  23.0  23.2  22.9  22.9  22.9  23.3  22.9  22.8  24.0  24.9  23.4  23.0  23.6  24.0 
 25.6  26.1  27.8  28.1  29.9  31.9  45.6  55.5  67.7  57.3  25.7  23.8  23.2  23.0  23.3  22.9  22.9  23.0  23.2  23.1  22.7  22.8  23.2  22.8  22.9  22.8  23.5  23.4  23.1  23.3  24.0  23.6 
 26.2  26.1  27.0  27.8  28.7  29.3  37.8  43.0  46.3  39.0  24.2  23.9  23.2  23.0  23.3  23.2  23.0  22.8  23.2  23.3  23.0  22.7  22.9  23.3  23.0  22.6  23.3  23.4  23.6  23.0  23.7  24.1 
 26.4  25.8  26.8  26.6  27.3  27.5  29.2  29.3  28.2  26.4  23.9  23.7  23.3  23.0  23.5  23.2  23.1  23.0  23.3  23.1  22.9  22.8  23.4  23.2  23.1  23.0  23.6  23.3  23.2  23.4  24.2  24.0 
 26.1  25.8  26.1  26.9  26.9  26.7  27.5  28.0  26.6  25.2  23.8  23.7  23.4  23.1  23.3  23.4  23.1  22.8  23.0  23.5  23.1  22.7  23.2  23.7  23.1  22.8  23.3  23.9  23.2  23.2  23.9  24.7 
 25.6  25.5  26.4  26.0  25.8  26.0  26.4  26.1  25.3  24.5  24.1  23.7  23.3  23.3  23.6  23.2  22.8  23.1  23.3  23.2  23.1  23.2  23.5  23.3  23.2  23.4  23.8  23.9  23.2  23.7  24.5  24.5 
 26.1  25.7  26.1  26.5  25.6  25.3  25.7  26.0  24.7  24.0  23.8  23.9  23.4  23.1  23.4  23.7  23.2  22.9  23.3  23.7  23.1  22.9  23.2  23.5  23.3  23.1  23.4  24.1  23.6  23.3  24.2  25.9 
 27.0  26.2  26.1  25.9  25.1  25.0  25.4  24.7  24.1  24.2  24.1  23.9  23.6  23.4  23.7  23.4  23.3  23.3  23.6  23.4  23.2  23.2  23.8  23.6  23.2  23.4  24.3  24.1  24.2  24.3  26.5  25.5 
 27.7  25.8  25.7  26.3  25.1  24.7  25.2  25.2  24.2  23.9  23.8  24.3  23.5  23.2  23.4  23.9  23.2  23.1  23.6  23.6  23.3  23.1  23.6  23.8  23.4  23.2  24.5  25.3  25.2  24.6  26.3  28.6 
