 24.4  23.4  23.8  23.5  23.4  23.2  23.3  23.2  23.0  22.8  23.0  23.2  22.8  22.7  23.1  23.1  22.8  22.7  22.9  22.8  23.0  22.7  23.2  23.1  22.8  22.8  23.3  23.5  23.3  23.5  24.5  25.0 
 23.5  23.6  23.8  23.7  23.0  23.3  23.1  23.4  22.8  22.7  23.2  23.3  23.0  22.7  23.0  22.9  22.5  22.5  22.9  23.1  22.9  22.6  23.0  23.2  22.8  23.0  23.1  23.4  23.3  23.4  24.3  24.4 
 23.5  23.1  23.9  23.5  23.0  22.8  23.2  23.1  22.9  22.9  23.3  23.1  22.8  22.7  23.0  22.9  22.9  22.6  22.9  22.9  22.8  22.6  22.8  23.0  23.0  22.9  23.3  23.1  23.3  23.6  23.9  24.0 
 23.4  23.3  23.6  23.4  23.0  22.6  23.1  23.2  23.0  22.9  23.4  23.2  22.7  22.6  22.9  22.7  22.7  22.7  22.9  22.9  22.7  22.6  23.0  22.9  22.8  22.7  23.2  23.3  23.4  24.0  23.8  24.1 
 23.5  23.2  23.3  23.1  22.9  22.7  23.2  23.0  23.5  23.8  24.4  23.5  22.7  22.6  23.0  22.8  22.6  22.6  22.7  22.8  22.7  22.6  22.9  22.9  22.8  22.9  23.2  23.4  23.4  23.8  23.6  23.7 
 23.2  23.2  23.4  23.3  23.0  23.0  23.3  23.1  23.6  24.5  26.1  24.2  22.8  22.6  22.8  22.7  22.7  22.6  22.8  22.7  22.8  22.7  22.8  23.0  22.9  22.6  22.9  23.2  23.0  23.2  23.3  23.5 
 23.2  23.3  23.3  23.2  22.9  22.9  23.1  23.2  23.8  25.2  27.9  25.1  22.8  22.8  22.9  22.7  22.5  22.5  22.8  22.6  22.6  22.7  23.1  23.0  22.8  22.6  23.1  23.0  23.1  22.8  23.2  23.7 
 23.3  23.2  23.1  23.4  23.0  22.7  23.1  23.1  23.2  23.3  24.4  23.6  22.7  22.6  22.7  22.9  22.6  22.6  22.7  22.8  22.6  22.7  22.9  22.9  22.7  22.7  23.0  23.2  23.1  22.8  22.9  22.7 
 23.6  23.2  23.4  23.4  22.8  22.8  23.1  23.1  22.9  22.8  23.1  22.8  22.7  22.7  22.8  22.9  22.5  22.6  22.9  22.8  22.8  22.7  23.0  22.8  22.8  22.6  22.9  23.0  23.0  22.8  23.4  23.3 
 23.6  23.2  23.7  23.6  23.1  23.2  23.0  23.1  22.9  22.6  22.8  23.1  22.6  22.8  22.8  23.0  22.5  22.6  22.9  22.9  22.9  22.7  22.9  23.1  23.0  22.6  23.2  23.3  22.8  22.7  23.4  23.6 
 24.0  24.4  24.7  24.7  24.5  24.3  23.7  23.4  22.9  22.9  23.0  22.8  22.7  22.6  23.0  22.9  22.6  22.8  22.9  22.7  22.6  22.6  23.0  22.9  22.8  22.7  22.9  23.0  23.1  22.8  23.4  23.3 
 24.6  24.4  25.3  25.3  25.6  25.6  25.2  24.6  23.3  23.1  23.1  23.0  22.7  22.7  22.8  22.8  22.8  22.7  22.8  23.0  22.7  22.7  22.7 nan  22.6  22.5  22.9  23.1  22.8  22.7  23.3  23.6 
 25.1  25.2  26.2  26.8  28.4  29.5  38.0  41.9  39.6  33.7  23.4  23.2  22.9  22.8  23.1  22.9  22.8  22.7  23.0  22.8  22.7  22.6  22.9  22.9  22.8  22.8  23.3  23.3  22.9  23.0  23.4  23.6 
 25.6  25.4  26.9  27.5  30.0  32.5  47.6  54.4  58.7  51.5  24.8  23.6  23.0  23.0  23.0  23.0  22.6  22.8  22.9  23.0  22.8  22.7  22.9  23.0  22.7  22.7  24.0  24.4  23.5  23.0  23.5  23.6 
 25.8  26.0  27.6  28.5  32.4  36.5  57.6  66.6  77.7  73.2  30.8  24.6  22.9  22.9  23.0  22.9  22.9  22.8  22.9  22.9  22.6  22.7  22.9  23.0  22.7  22.9  25.6  25.2  23.4  23.1  23.3  23.5 
 25.9  26.1  27.9  28.6  32.6  36.6  57.1  68.9  87.2  82.1  30.4  24.8  23.0  22.9  22.9  22.9  22.8  22.8  23.0  23.1  22.6  22.7  23.0  23.0  22.7  22.7  24.3  24.4  23.3  23.3  23.5  23.7 
 25.8  25.8  27.6  27.9  30.0  31.8  45.6  55.6  67.6  57.2  25.5  23.8  23.0  22.9  23.1  23.0  22.9  22.8  23.1  23.0  23.0  22.7  23.1  23.0  22.9  22.8  23.3  23.4  23.1  23.1  23.9  23.8 
 26.1  26.0  27.2  27.4  28.7  29.6  37.6  42.8  46.3  39.0  24.2  23.5  23.0  23.0  23.0  23.1  22.9  22.8  23.2  23.2  23.0  22.6  23.0  23.2  22.8  22.6  23.2  23.3  23.4  23.2  23.8  23.7 
 26.1  26.0  26.6  26.8  27.1  27.4  29.0  29.3  28.0  26.4  23.9  23.5  23.0  23.0  23.1  23.3  23.1  22.8  23.2  23.2  23.1  22.8  23.1  23.3  22.9  23.0  23.1  23.2  23.4  23.1  23.9  24.1 
 25.8  25.9  26.1  26.6  26.8  26.7  27.6  27.8  26.2  25.2  23.6  23.6  23.1  23.1  23.3  23.1  22.9  22.8  23.2  23.2  22.9  22.7  23.0  23.3  22.9  23.1  23.4  23.3  23.1  23.1  23.8  24.4 
 25.7  25.8  26.3  25.9  25.9  25.6  26.0  26.0  25.0  24.2  23.8  23.6  23.3  23.1  23.3  23.3  23.0  22.8  23.1  23.1  22.9  22.8  23.2  23.3  23.3  22.8  23.5  23.5  23.4  23.4  24.3  24.9 
 25.9  25.5  26.1  26.1  25.6  25.3  25.7  25.8  24.7  24.3  23.7  23.8  23.1  23.2  23.2  23.4  23.1  22.7  23.2  23.1  22.7  23.1  23.3  23.3  23.0  23.1  23.6  23.8  23.8  23.3  24.8  25.8 
 26.3  26.0  25.8  26.0  25.3  24.9  25.3  24.6  24.4  24.0  23.9  23.7  23.5  23.1  23.4  23.4  23.2  23.2  23.4  23.5  23.1  23.1  23.7  23.5  23.1  23.1  24.1  24.2  24.3  24.0  25.6  26.7 
 27.3  26.2  25.9  25.7  25.3  24.9  24.9  24.7  24.2  23.9  24.0  24.0  23.4  23.2  23.4  23.7  23.1  23.1  23.4  23.5  23.4  23.1  23.6  23.7  23.2  23.1  24.7  25.2  24.9  24.4  26.6  27.0 
