 24.2  23.7  23.8  23.8  23.5  23.4  23.4  23.3  23.0  23.1  23.1  23.3  23.0  23.0  22.8  23.2  22.6  22.8  22.9  23.2  22.7  22.7  23.2  23.3  22.8  22.9  23.4  23.6  23.3  23.6  24.0  25.5 
 24.0  23.6  23.8  23.8  23.3  23.1  23.4  23.2  23.3  23.1  23.5  23.2  22.8  22.6  23.1  22.8  22.9  22.6  23.1  23.0  23.1  22.6  23.2  23.0  23.1  22.8  23.4  23.2  23.4  23.4  24.6  24.9 
 23.7  23.6  23.9  23.6  23.1  23.0  23.3  23.1  23.0  22.9  23.1  23.2  22.7  22.8  22.9  22.9  22.6  22.8  23.0  22.9  22.8  22.8  22.9  23.0  22.9  23.2  23.5  23.3  23.3  23.5  23.9  24.2 
 23.3  23.0  23.4  23.5  23.0  22.6  23.3  23.1  23.2  22.9  23.4  23.2  22.8  22.6  23.0  22.9  22.9  22.5  23.1  22.9  22.9  22.6  23.1  23.0  23.0  22.9  23.3  23.3  23.5  24.0  23.9  23.9 
 23.2  23.3  23.3  23.1  23.0  23.2  22.9  23.5  23.3  23.8  24.2  23.7  22.6  22.9  22.9  23.1  22.7  22.9  22.8  22.9  22.5  22.8  22.9  23.1  22.8  23.1  23.3  23.3  23.3  24.0  23.7  23.7 
 23.2  23.0  23.3  23.3  22.9  22.7  23.2  23.3  23.7  24.6  26.2  24.2  23.0  22.6  22.8  22.8  22.9  22.5  23.0  22.8  22.8  22.6  23.0  23.1  23.1  22.7  23.2  23.1  23.3  23.3  23.6  23.3 
 23.4  23.4  23.3  23.3  22.9  23.0  23.1  23.5  23.9  25.3  27.9  25.1  22.7  22.8  22.7  22.7  22.8  22.8  22.8  22.9  22.8  22.8  22.9  23.0  22.9  22.9  23.1  23.3  22.9  22.9  23.3  23.3 
 23.6  23.2  23.5  23.2  23.0  22.9  23.2  23.0  23.2  23.5  24.6  23.5  22.9  22.8  23.0  22.9  22.9  22.6  22.9  22.7  22.7  22.6  23.2  22.9  22.8  22.7  23.2  23.2  22.9  22.7  23.2  22.5 
 23.5  23.6  23.3  23.3  22.9  23.1  23.1  23.1  22.7  22.8  22.9  22.9  22.7  22.8  22.9  23.1  22.6  22.7  22.9  23.0  22.7  22.8  22.9  22.8  22.7  22.9  23.0  23.1  23.0  23.0  23.0  23.3 
 23.6  23.2  23.8  23.6  23.5  23.0  23.1  23.0  23.0  22.7  23.1  23.0  23.0  22.6  23.0  22.9  22.8  22.5  23.0  23.0  22.9  22.5  22.8  22.8  23.1  22.8  23.2  23.2  23.1  22.7  23.6  23.2 
 24.4  24.3  24.6  25.0  24.3  24.5  23.7  23.5  22.8  23.1  23.0  23.0  22.6  22.8  22.8  22.9  22.8  22.9  22.8  23.0  22.6  22.8  23.0  22.8  22.7  22.8  22.7  22.9  22.8  23.1  23.2  23.6 
 24.7  24.4  25.3  25.7  25.7  25.5  25.0  24.5  23.3  22.9  23.1  22.9  22.9  22.7  22.9  22.9  22.9  22.6  22.8  22.9  22.7  22.8  22.9 nan  22.8  22.5  23.1  23.2  23.1  22.6  23.6  23.4 
 25.1  25.6  26.4  27.0  28.5  29.7  38.0  41.9  39.7  33.8  23.4  23.3  22.9  23.1  22.9  23.0  22.7  22.7  22.9  23.0  22.7  22.7  23.0  23.1  22.8  22.9  23.2  23.4  23.2  23.4  23.6  23.6 
 25.7  25.7  27.0  27.6  30.2  32.6  47.8  54.2  58.8  51.6  25.0  23.6  23.2  22.8  23.2  23.0  23.1  22.5  23.1  23.0  22.9  22.5  23.1  22.9  22.9  22.8  24.2  24.1  23.7  23.2  23.3  23.6 
 25.9  26.4  27.6  28.8  32.5  36.8  57.5  66.6  77.6  73.5  30.8  24.8  23.1  23.0  23.0  23.0  22.8  23.0  22.8  23.0  22.5  22.9  22.9  23.0  22.8  23.0  25.5  25.3  23.4  23.2  23.5  23.5 
 26.0  25.9  27.9  28.6  32.7  36.5  57.5  68.8  87.2  82.0  30.6  24.7  23.2  22.9  23.1  23.0  22.9  22.8  23.2  22.9  22.9  22.6  23.1  23.0  22.9  22.7  24.2  24.7  23.6  23.2  23.9  23.5 
 25.6  26.3  27.5  28.1  29.9  31.8  45.5  55.7  67.7  57.4  25.5  23.9  22.8  23.0  22.9  23.1  22.8  22.9  23.1  23.0  22.9  22.8  22.9  23.1  22.9  22.8  23.3  23.5  23.1  23.5  23.7  23.9 
 26.0  26.0  27.3  27.5  28.8  29.5  37.9  42.7  46.4  39.0  24.3  23.7  23.2  22.9  23.2  23.2  23.1  22.6  23.2  23.2  23.0  22.6  23.0  23.2  22.8  22.7  23.4  23.0  23.6  23.0  23.9  23.7 
 26.1  26.0  26.9  27.0  27.0  27.5  28.8  29.4  28.1  26.6  23.8  23.6  23.1  23.0  23.1  23.2  23.0  23.1  23.0  23.3  22.9  23.1  23.2  23.1  23.0  22.9  23.3  23.3  23.3  23.2  23.8  23.8 
 26.1  26.0  26.5  26.8  26.9  26.5  27.6  27.5  26.4  25.3  24.0  23.6  23.3  23.2  23.3  23.2  23.1  22.7  23.3  23.2  23.1  22.8  23.3  23.2  23.0  22.8  23.4  23.4  23.2  23.3  23.9  24.1 
 25.5  25.9  26.2  26.2  26.1  25.8  26.1  26.3  24.9  24.5  23.8  23.8  23.3  23.2  23.3  23.5  22.9  23.3  23.1  23.4  23.0  23.2  23.2  23.6  23.3  23.1  23.4  23.7  23.4  23.7  24.1  25.0 
 25.9  25.7  26.2  25.9  26.0  25.5  25.8  25.6  24.7  24.1  23.8  23.8  23.6  23.1  23.5  23.4  23.1  22.8  23.4  23.1  23.1  22.8  23.5  23.3  23.1  23.2  23.8  23.8  23.6  23.5  24.7  25.8 
 26.3  26.2  26.0  26.1  25.3  25.3  25.2  25.3  24.2  24.2  24.0  24.0  23.4  23.5  23.4  23.5  23.2  23.1  23.4  23.3  23.0  23.3  23.4  23.6  23.3  23.4  24.0  24.5  24.1  24.3  26.0  26.8 
 27.1  26.2  26.0  25.9  25.3  25.0  25.3  25.0  24.3  23.9  24.0  23.8  23.5  23.3  23.4  23.8  23.4  23.1  23.7  23.6  23.5  23.1  23.7  23.6  23.4  23.5  24.6  24.8  25.0  24.7  27.2  28.4 
