 24.7  23.5  23.9  23.9  23.7  22.9  23.1  23.3  23.0  22.8  22.9  23.0  22.9  22.6  22.8  23.1  22.8  22.7  23.0  23.2  22.9  22.9  23.6  24.0  26.2  26.8  28.8  28.8  30.2  30.0  31.1  30.7 
 23.6  23.7  24.0  24.0  23.3  23.5  23.2  23.5  23.0  22.9  23.1  22.9  22.7  22.9  23.0  22.9  22.6  22.7  23.1  22.9  22.9  23.0  23.2  23.3  24.2  25.3  28.5  29.2  29.7  30.4  30.6  31.0 
 23.6  23.5  23.8  23.8  23.3  22.7  23.0  23.1  22.9  22.7  23.1  23.0  22.9  22.8  23.1  23.1  22.9  22.7  23.0  22.9  23.1  22.8  23.0  23.2  23.7  23.4  27.1  28.0  29.8  29.6  30.1  30.3 
 23.4  23.5  23.6  23.7  23.0  22.8  23.4  23.2  23.0  22.9  23.2  23.2  22.8  22.7  23.0  23.0  22.7  22.9  23.0  23.0  22.8  23.0  23.2  23.2  23.2  24.6  27.3  30.3  30.5  30.9  30.5  30.0 
 23.8  23.4  23.3  23.5  23.3  22.7  23.2  23.3  23.5  23.3  23.1  23.2  22.8  22.5  22.8  22.9  22.8  22.5  22.9  23.2  23.0  22.8  23.1  23.3  25.4  25.7  30.4  30.7  31.8  31.7  32.1  31.7 
 23.4  23.5  23.6  23.4  23.0  23.1  23.5  23.5  23.6  24.2  23.3  23.1  22.7  22.9  22.9  22.7  22.7  22.9  23.0  22.9  22.8  23.1  23.1  23.4  24.9  27.8  30.1  31.1  31.4  32.0  32.3  31.4 
 23.5  23.2  23.2  23.4  23.0  22.9  23.4  23.5  25.6  26.9  24.3  23.4  22.9  22.6  22.7  22.9  23.0  22.6  23.0  23.0  23.2  22.9  23.2  23.3  26.6  27.8  30.9  31.3  32.1  31.8  30.7  30.6 
 23.3  23.5  23.5  23.3  22.9  23.0  23.5  23.8  26.1  28.0  25.0  23.5  22.9  22.7  23.1  22.8  22.7  22.8  22.8  23.0  22.9  23.0  23.3  23.3  26.0  27.9  30.6  31.1  31.6  32.1  30.7  27.9 
 23.8  23.4  23.4  23.3  22.8  22.9  23.3  23.5  23.7  23.7  23.4  23.2  22.9  22.9  23.0  23.1  23.0  22.8  23.1  22.9  23.0  22.9  23.2  23.3  25.4  26.6  30.3  30.6  31.2  31.5  27.7  28.3 
 23.6  23.5  23.8  23.6  23.2  23.1  23.2  23.2  22.9  23.2  23.0  23.1  22.7  22.8  22.9  22.9  22.8  23.0  23.0  23.1  22.9  23.0  23.1  23.1  24.3  26.0  30.4  30.4  30.8  29.2  28.8  26.5 
 24.0  23.8  24.0  24.0  23.7  23.4  23.2  23.3  23.2  23.1  23.1  22.9  22.8  22.7  23.1  23.0  23.1  22.8  23.0  23.1  23.0  23.0  23.1  23.2  23.1  23.9  26.2  29.5  28.1  30.3  26.1  29.1 
 23.9  24.2  24.4  24.3  23.9  24.2  23.5  23.5  23.0  23.0  23.2  23.0  22.8  22.7  22.9  23.0  22.9  22.9  23.1  23.1  22.8  23.1  23.1 nan  23.0  23.2  26.7  26.3  28.4  26.5  31.6  26.0 
 24.7  24.3  25.2  25.8  26.6  26.9  29.0  29.7  27.9  26.1  23.3  23.2  22.9  22.7  23.0  23.1  22.9  22.7  23.0  22.8  22.9  22.7  23.2  23.1  23.2  23.3  24.9  25.6  25.7  26.2  27.9  31.8 
 24.7  25.1  26.0  26.4  27.8  28.8  37.1  42.3  45.0  39.5  24.2  23.3  23.0  23.1  23.0  22.9  22.7  22.7  22.9  23.0  22.8  22.9  23.2  23.2  23.1  23.3  23.9  24.2  24.2  26.4  30.3  28.8 
 25.6  25.4  26.7  27.3  30.4  32.9  52.1  60.7  71.4  67.7  34.2  25.9  23.1  22.9  22.9  23.0  22.9  22.7  23.0  23.0  22.9  22.7  23.1  22.9  23.0  22.9  23.5  23.6  25.2  23.9  28.9  25.4 
 25.5  25.8  27.2  27.6  30.6  33.7  52.9  61.5  76.6  76.1  38.9  26.6  23.1  23.0  22.9  22.9  22.8  23.0  23.0  22.9  22.8  22.9  23.1  23.1  22.9  23.1  23.5  23.6  23.4  26.2  24.3  28.4 
 25.9  25.8  26.8  27.4  29.9  32.2  46.2  55.8  78.9  78.6  34.0  25.7  23.3  22.9  23.1  23.0  22.9  22.8  23.1  23.1  23.1  22.8  23.3  23.2  23.2  22.9  23.6  23.6  24.4  23.5  26.4  24.1 
 25.6  25.7  26.7  27.1  29.1  30.5  38.9  45.5  61.2  58.6  28.1  24.4  23.0  23.1  23.2  23.2  22.9  22.8  23.3  23.2  22.7  23.0  23.1  23.5  23.2  23.2  23.6  23.7  23.5  24.2  24.4  25.3 
 25.8  25.4  26.7  27.2  27.4  27.6  29.7  31.0  32.5  30.4  24.7  23.7  23.4  23.0  23.3  23.4  23.1  23.1  23.2  23.3  23.2  23.1  23.2  23.6  23.4  23.1  23.4  23.8  23.8  23.4  24.3  24.1 
 25.6  25.9  26.7  26.6  26.7  27.1  28.3  28.5  28.3  27.7  24.2  23.6  23.1  23.2  23.3  23.2  23.1  22.9  23.3  23.3  23.0  23.2  23.4  23.5  23.2  23.3  23.8  23.5  23.4  23.6  24.4  24.7 
 25.7  25.3  26.0  26.4  26.5  26.1  26.3  26.6  26.1  25.4  23.9  23.7  23.5  23.2  23.4  23.5  23.1  23.0  23.3  23.2  23.1  22.9  23.3  23.5  23.4  23.1  23.7  23.8  24.3  23.9  24.7  25.6 
 25.6  25.4  26.0  26.1  25.7  25.7  26.0  26.0  25.3  24.9  24.2  23.9  23.2  23.4  23.2  23.3  23.0  23.1  23.4  23.3  23.1  23.3  23.5  23.7  23.4  23.4  23.8  24.1  24.3  24.9  26.0  26.4 
 26.8  26.2  25.5  25.8  25.7  25.2  25.6  25.4  24.9  24.4  24.1  24.0  23.7  23.2  23.3  23.5  23.5  23.1  23.6  23.5  23.6  23.1  23.7  23.5  23.8  23.7  24.7  25.2  25.3  24.9  26.4  27.2 
 27.0  26.9  26.0  26.1  25.3  25.5  25.3  25.3  24.5  24.4  24.0  24.0  23.4  23.4  23.6  23.5  23.2  23.4  23.6  23.7  23.5  23.5  23.8  24.1  24.0  24.4  25.6  25.8  25.6  25.6  27.6  28.1 
