 23.9  23.6  23.6  24.0  23.0  23.5  23.1  23.3  22.9  23.0  23.2  23.2  22.8  22.7  23.0  23.1  22.5  22.8  23.0  23.1  22.7  22.9  23.2  23.3  22.7  22.8  23.3  23.3  23.3  23.3  24.5  25.7 
 24.1  23.2  23.8  23.8  23.3  22.9  23.3  23.6  23.2  23.0  23.3  23.3  23.1  22.5  23.2  23.0  22.9  22.4  22.9  23.0  23.1  22.6  23.1  23.1  23.1  23.0  23.4  23.6  23.3  23.2  24.3  24.9 
 23.3  23.5  23.6  23.3  23.1  23.0  23.2  23.0  22.9  23.0  22.9  23.3  22.5  22.8  22.8  22.8  22.6  22.7  22.7  22.8  22.7  22.8  22.9  23.2  22.8  22.9  23.3  23.5  23.2  23.6  24.1  24.3 
 23.9  23.0  23.5  23.5  23.2  22.4  23.1  23.4  23.2  22.8  23.7  23.3  22.8  22.5  23.1  22.9  22.9  22.5  23.1  22.9  23.0  22.5  23.0  22.8  23.0  22.7  23.5  23.3  23.4  23.7  23.8  23.9 
 23.0  23.5  23.3  23.4  22.8  22.9  23.1  23.2  23.2  23.9  24.2  23.8  22.8  22.9  22.8  22.9  22.5  22.6  22.8  22.8  22.6  22.8  22.8  23.1  22.8  22.9  23.2  23.4  23.3  24.1  23.7  24.1 
 23.6  22.8  23.4  23.3  23.0  22.6  23.4  23.3  23.7  24.3  26.3  24.2  22.9  22.6  22.9  22.8  22.9  22.4  23.0  22.7  22.7  22.4  23.0  22.7  23.0  22.7  23.3  23.1  23.2  22.9  23.5  23.8 
 23.0  23.3  23.3  23.5  22.8  23.1  23.0  23.3  23.6  25.3  27.8  25.3  22.7  22.8  22.7  22.8  22.5  22.6  22.7  22.8  22.5  22.7  22.9  23.0  22.8  22.9  23.2  23.2  22.9  23.1  23.2  23.5 
 23.6  23.1  23.4  23.4  23.0  22.4  23.2  23.1  23.4  23.2  24.4  23.4  22.9  22.6  22.8  22.8  22.8  22.4  22.8  22.7  22.7  22.6  23.1  23.2  22.8  22.7  23.3  23.0  23.3  23.1  23.2  22.2 
 23.6  23.4  23.6  23.2  22.7  22.9  22.9  23.1  22.8  22.8  23.0  23.0  22.6  22.8  23.0  23.0  22.6  22.8  22.9  22.8  22.7  22.9  23.0  23.1  22.9  22.9  22.9  23.0  22.5  22.9  23.0  23.3 
 23.8  23.1  23.8  23.6  23.5  22.9  23.2  23.0  23.0  22.5  23.0  23.0  22.8  22.7  22.9  22.8  22.7  22.5  22.8  22.9  22.8  22.6  23.1  22.9  22.9  22.6  23.1  23.1  23.0  22.4  23.7  23.2 
 24.3  24.4  24.6  24.5  24.5  24.5  23.6  23.4  23.1  23.1  22.9  23.1  22.5  22.7  22.9  22.9  22.6  22.8  22.8  22.9  22.6  22.8  22.8  22.8  22.6  22.8  22.8  22.9  22.7  22.8  23.2  23.5 
 24.6  24.4  25.4  25.4  25.7  25.5  25.0  24.5  23.4  22.9  23.1  22.9  22.8  22.7  22.9  23.0  22.7  22.5  22.9  22.8  22.9  22.4  22.9 nan  22.7  22.5  22.9  23.1  23.1  22.7  23.6  23.4 
 25.0  25.2  26.2  26.7  28.3  29.6  38.0  41.9  39.7  33.9  23.6  23.4  22.9  22.9  22.9  22.9  22.6  22.9  22.9  22.8  22.5  22.7  22.7  23.0  22.7  22.8  23.3  23.4  22.9  23.0  23.7  23.6 
 25.8  25.4  27.0  27.3  30.1  32.3  47.7  54.2  58.7  51.6  24.7  23.6  23.0  22.8  23.1  22.8  22.9  22.6  22.9  22.8  22.7  22.6  23.0  22.8  22.9  22.6  24.2  24.0  23.6  23.0  23.6  23.4 
 25.6  26.3  27.7  28.6  32.2  36.9  57.6  66.6  77.6  73.4  30.7  24.9  22.7  23.1  23.0  23.1  22.8  22.8  23.1  23.0  22.6  22.7  22.8  22.9  22.5  22.9  25.5  25.5  23.4  23.3  23.5  23.5 
 26.0  25.9  27.9  28.5  32.8  36.6  57.2  68.8  87.2  82.0  30.4  24.6  23.1  22.8  23.0  23.0  22.7  22.6  23.0  23.1  22.7  22.5  23.0  22.9  22.9  22.5  24.2  24.7  23.7  23.0  23.7  23.5 
 25.8  26.1  27.6  28.1  29.9  31.8  45.5  55.7  67.6  57.2  25.5  23.8  22.9  22.9  23.0  23.1  22.8  22.8  22.9  23.1  22.7  22.7  23.0  23.1  22.8  22.8  23.3  23.4  23.0  23.3  23.6  24.0 
 26.1  25.8  27.3  27.5  28.8  29.6  37.9  42.7  46.3  39.0  24.3  23.6  23.3  22.9  23.2  23.1  23.0  22.8  23.2  23.0  23.0  22.6  23.1  23.0  23.2  22.7  23.2  23.2  23.4  23.0  23.9  23.8 
 25.6  26.0  26.6  26.8  26.8  27.4  28.9  29.3  27.9  26.3  23.8  23.5  23.1  23.2  23.4  23.2  22.8  22.9  23.0  23.2  22.8  22.8  23.1  23.1  23.1  23.0  23.2  23.3  23.2  23.4  23.8  23.9 
 26.0  25.7  26.3  26.6  26.7  26.4  27.6  27.6  26.3  25.1  23.8  23.6  23.4  23.1  23.2  23.1  23.1  22.8  23.1  23.2  23.0  22.7  23.2  23.2  23.2  22.8  23.5  23.5  23.4  22.9  24.2  24.6 
 25.6  25.8  26.5  26.2  25.9  25.9  26.0  25.9  24.9  24.4  23.7  23.9  23.1  23.2  23.2  23.4  23.1  23.2  23.1  23.3  22.9  22.9  23.2  23.5  22.9  23.2  23.2  23.8  23.1  23.4  24.3  24.9 
 25.9  25.3  26.3  26.1  25.9  25.3  25.8  25.8  24.5  24.1  24.0  23.9  23.3  23.1  23.4  23.3  23.1  22.8  23.3  23.6  23.2  22.8  23.6  23.4  23.3  22.9  23.7  23.5  23.5  23.3  25.0  25.5 
 26.6  26.5  25.8  26.2  25.1  25.0  25.3  25.0  24.0  24.1  24.0  24.0  23.3  23.4  23.3  23.6  23.2  23.2  23.2  23.4  23.0  23.2  23.4  23.5  23.3  23.3  24.0  24.3  24.1  24.4  26.0  26.7 
 27.6  25.9  25.9  25.9  25.2  24.7  25.2  24.9  24.3  23.9  23.8  24.2  23.8  23.2  23.4  23.4  23.4  23.0  23.7  23.4  23.5  23.0  23.5  23.4  23.5  23.3  24.5  25.1  25.1  24.2  27.1  27.0 
