 24.5  23.5  24.1  23.8  23.5  23.4  23.4  23.4  23.2  23.0  23.4  23.3  23.1  22.7  23.0  23.3  23.0  22.8  23.4  23.2  23.1  22.8  23.2  23.2  23.1  22.9  23.2  23.4  23.4  23.4  24.6  25.8 
 23.8  23.7  23.9  23.9  23.3  23.4  23.2  23.3  23.1  23.2  23.3  23.3  22.9  23.0  23.3  23.0  22.9  22.9  23.1  23.2  22.8  23.0  23.2  23.2  23.0  23.2  23.5  23.5  23.2  23.3  24.6  25.0 
 24.2  23.1  23.8  23.6  23.5  22.9  23.3  23.1  23.2  22.9  23.3  23.2  23.0  22.9  23.2  23.1  23.0  22.8  22.9  22.9  22.9  22.9  22.9  23.3  22.9  22.9  23.3  23.5  23.4  23.7  24.0  23.9 
 23.7  23.4  23.4  23.7  23.1  22.8  23.4  23.4  23.1  23.1  23.5  23.4  22.9  22.8  22.9  23.0  23.0  22.8  23.1  23.0  22.8  23.0  23.1  23.1  22.9  23.0  23.4  23.7  23.5  24.3  24.5  24.4 
 23.5  23.6  23.6  23.7  23.2  22.9  23.3  23.5  23.6  23.7  24.3  23.6  23.0  22.8  22.9  22.9  22.8  22.7  22.9  22.9  22.9  22.6  23.0  23.2  23.1  22.9  23.4  23.1  23.7  23.9  24.0  23.8 
 23.3  23.3  23.3  23.3  22.9  23.1  23.3  23.2  23.7  24.7  26.0  24.7  23.0  22.8  22.8  23.0  22.8  22.9  23.1  23.0  22.7  22.7  22.9  23.1  23.1  22.9  23.2  23.3  23.6  23.6  23.6  23.8 
 23.6  23.3  23.4  23.2  23.0  22.9  23.2  23.1  24.1  25.2  27.9  25.2  22.9  22.7  23.0  22.9  22.7  22.7  22.8  22.9  22.8  22.7  23.3  23.1  23.0  22.9  23.3  23.1  23.2  22.8  23.5  23.5 
 23.7  23.6  23.3  23.2  22.9  22.9  23.3  23.2  23.3  23.5  24.5  23.6  22.9  23.0  23.0  23.0  22.8  22.8  22.8  23.0  22.8  23.0  23.1  23.1  22.9  23.0  23.1  23.2  23.0  23.1  23.0  22.8 
 23.4  23.2  23.6  23.5  23.2  22.9  23.2  23.0  23.0  22.9  23.3  23.1  23.0  22.9  23.1  22.9  23.0  22.7  23.0  23.0  23.0  22.9  23.1  22.9  23.0  22.9  23.3  23.0  22.9  22.9  23.5  23.1 
 23.7  23.5  23.8  23.6  23.5  23.4  23.2  23.2  23.1  23.0  23.0  23.3  22.9  22.7  22.9  22.9  22.7  22.8  23.0  23.0  22.9  22.9  22.9  23.3  23.1  22.9  23.3  23.4  22.9  23.0  23.6  23.5 
 24.2  24.3  24.7  25.0  24.7  24.4  23.8  23.4  23.2  23.0  23.1  23.0  22.8  22.7  23.0  22.9  22.9  22.9  23.0  22.8  22.9  22.8  23.0  23.0  23.0  22.7  22.9  23.2  23.1  22.9  23.3  23.6 
 24.5  24.3  25.3  25.7  25.6  25.9  25.1  24.4  23.5  23.2  23.1  23.1  22.8  22.9  22.9  23.0  22.8  22.8  22.8  23.0  22.8  22.8  23.0 nan  22.7  22.8  23.1  23.2  23.1  22.8  23.3  24.0 
 25.5  25.4  26.4  27.0  28.6  29.6  38.1  41.9  40.0  33.8  23.7  23.4  23.1  22.9  23.0  22.9  23.1  22.9  23.1  22.9  22.8  22.7  23.1  23.1  23.1  22.9  23.6  23.4  23.4  23.3  23.8  23.7 
 25.6  25.9  27.1  27.6  30.2  32.8  47.7  54.4  58.8  51.7  25.0  23.6  23.1  23.0  23.1  23.2  22.8  22.9  23.0  23.0  22.9  22.8  22.9  23.0  23.1  23.0  24.2  24.2  23.5  23.4  23.6  23.9 
 25.7  26.2  27.7  28.7  32.7  36.7  57.8  66.7  77.6  73.4  30.9  25.1  23.3  23.0  23.2  23.0  23.1  22.8  23.0  23.2  23.0  22.8  23.0  22.9  22.9  22.9  25.9  25.6  23.5  23.2  23.6  23.5 
 26.0  26.2  27.8  28.6  32.8  36.8  57.2  68.9  87.2  82.1  30.7  24.9  23.3  23.2  23.0  23.1  22.9  22.9  22.9  23.2  23.0  22.8  23.1  23.1  22.8  22.9  24.2  24.6  23.6  23.3  23.8  23.6 
 26.2  26.1  27.8  28.1  30.2  32.0  45.7  55.6  67.9  57.1  25.7  24.0  23.3  22.9  23.0  22.9  23.0  22.9  23.1  23.1  23.2  22.8  22.9  23.0  23.2  22.8  23.4  23.5  23.5  23.4  23.9  24.1 
 26.0  26.4  27.3  27.7  28.5  29.7  37.8  42.7  46.5  39.1  24.0  23.6  23.3  23.1  23.2  23.3  23.1  23.1  23.1  23.1  22.8  22.9  23.0  23.3  23.0  22.9  23.3  23.4  23.5  23.2  23.9  24.0 
 26.5  25.8  27.1  26.9  27.0  27.5  29.2  29.4  28.5  26.4  24.0  23.7  23.3  23.1  23.5  23.3  23.2  22.9  23.2  23.2  23.3  22.8  23.3  23.2  23.2  23.0  23.2  23.4  23.6  23.5  24.2  24.2 
 26.1  26.1  26.5  27.0  26.8  26.9  27.6  27.7  26.4  25.5  23.8  23.6  23.3  23.2  23.3  23.3  23.0  23.2  23.3  23.2  22.9  23.0  23.3  23.4  23.0  23.2  23.4  23.4  23.7  23.7  24.5  24.1 
 25.9  25.7  26.3  26.3  26.5  25.8  26.1  26.3  25.4  24.3  23.9  23.8  23.5  23.2  23.4  23.4  23.2  23.1  23.2  23.3  23.0  22.9  23.5  23.3  23.4  23.1  23.5  23.9  23.7  23.3  24.2  25.3 
 26.0  26.0  26.2  26.3  25.9  25.4  25.8  25.9  24.7  24.2  24.0  23.9  23.4  23.4  23.3  23.5  23.1  23.3  23.2  23.5  23.1  23.2  23.4  23.6  23.3  23.3  23.4  23.9  23.6  23.9  24.7  25.9 
 27.0  26.4  25.9  25.7  25.4  25.2  25.6  25.0  24.5  24.1  24.0  23.7  23.8  23.3  23.5  23.4  23.4  23.2  23.5  23.6  23.4  23.0  23.7  23.6  23.7  23.2  24.2  24.3  24.4  24.3  26.1  26.8 
 27.1  26.6  26.0  26.0  25.3  25.1  25.0  25.0  24.1  24.1  23.9  24.0  23.4  23.4  23.5  23.8  23.3  23.5  23.5  23.6  23.2  23.5  23.6  24.0  23.4  23.8  24.8  25.3  24.8  25.0  27.2  28.1 
