 23.9  23.4  23.6  23.8  22.9  23.0  23.0  23.0  22.7  22.4  22.9  23.1  22.5  22.4  22.8  23.0  22.6  22.7  22.7  22.9  22.6  22.6  23.4  24.0  26.1  26.6  28.6  29.0  29.7  30.1  30.5  30.9 
 23.8  23.3  23.6  23.7  23.2  22.7  23.0  22.8  22.6  22.5  23.0  22.7  22.7  22.8  22.9  22.8  22.6  22.4  22.9  22.9  23.0  22.7  22.9  23.3  24.2  25.1  28.2  28.9  29.8  29.6  30.5  30.9 
 23.4  23.4  23.5  23.5  23.1  22.7  22.9  23.0  22.6  22.7  22.7  22.9  22.5  22.5  22.8  22.9  22.5  22.5  22.8  22.8  22.7  22.8  22.8  23.2  23.3  23.4  26.2  28.2  29.0  29.2  30.0  30.4 
 23.2  22.9  23.5  23.4  23.0  22.5  23.1  23.0  22.8  22.7  23.0  22.6  22.6  22.6  22.9  22.6  22.7  22.5  22.9  22.7  22.6  22.7  23.0  22.8  23.2  23.3  27.7  29.4  30.6  29.7  29.9  29.9 
 23.1  23.2  23.3  23.6  22.7  23.0  23.1  23.3  23.1  23.2  22.9  23.1  22.6  22.6  22.8  22.7  22.7  22.5  22.8  23.0  22.8  22.7  22.9  23.0  23.9  25.8  29.9  31.0  31.1  31.4  31.0  31.0 
 23.1  23.0  23.5  23.0  22.9  22.4  23.0  23.2  23.6  23.7  23.2  22.8  22.6  22.5  22.8  22.7  22.7  22.5  22.8  22.7  22.8  22.6  23.2  23.0  25.1  26.4  30.3  30.9  31.5  31.9  32.0  31.1 
 22.9  23.4  23.0  23.3  22.6  22.8  23.1  23.5  25.4  26.8  24.2  23.4  22.8  22.6  22.7  22.9  22.6  22.7  22.7  22.8  22.7  22.9  23.0  23.1  25.7  27.4  30.6  31.3  31.6  31.7  30.7  30.1 
 23.5  23.1  23.2  23.2  22.8  22.7  23.3  23.4  26.1  27.6  24.8  23.3  22.7  22.7  22.9  22.8  22.6  22.6  22.9  22.7  22.9  22.6  23.1  23.0  25.6  26.7  30.4  31.0  31.7  31.8  29.8  27.7 
 23.5  22.9  23.1  23.3  22.7  22.5  23.2  23.1  23.3  23.4  23.0  23.1  22.7  22.7  22.6  23.0  22.6  22.7  22.9  23.1  22.7  22.7  22.9  23.0  24.6  26.9  30.2  30.9  30.3  30.1  27.1  27.2 
 23.5  23.4  23.5  23.6  23.1  22.8  22.9  22.9  23.0  22.9  22.9  22.9  22.8  22.6  22.7  22.9  22.7  22.6  23.0  22.7  22.7  22.6  23.1  23.0  24.2  25.9  30.1  30.6  30.4  29.6  27.7  26.3 
 23.7  23.6  23.8  24.1  23.4  23.5  23.0  23.1  22.7  22.8  22.8  22.9  22.6  22.6  22.7  23.0  22.8  22.8  22.9  22.9  22.6  22.7  22.9  23.0  23.1  23.8  27.6  29.1  30.3  30.9  28.4  27.8 
 23.8  23.5  24.0  24.0  24.1  23.8  23.5  23.2  22.9  22.6  22.9  22.8  22.7  22.6  22.9  22.9  22.7  22.6  22.8  22.9  22.8  22.6  23.0 nan  23.0  22.9  26.0  27.3  29.5  30.4  30.8  28.3 
 24.2  24.3  25.1  25.5  26.3  26.7  29.0  29.7  27.6  26.0  23.0  23.1  22.8  22.6  22.8  22.8  22.6  22.4  22.8  22.9  22.7  22.6  22.8  23.1  22.8  22.9  24.8  25.8  26.5  27.9  31.6  31.7 
 24.6  24.8  25.9  25.9  27.8  28.6  36.7  42.3  44.9  39.3  24.0  23.2  22.8  22.6  22.7  22.8  22.7  22.5  22.7  22.8  22.8  22.5  23.0  22.9  23.0  23.0  23.7  23.8  24.9  27.0  29.6  30.8 
 24.9  25.1  26.5  27.2  30.0  32.8  51.8  60.5  71.2  67.7  33.9  25.6  22.7  22.7  22.8  22.7  22.6  22.6  22.9  23.0  22.6  22.7  23.0  23.1  22.8  23.0  23.2  23.3  23.4  23.5  25.3  25.6 
 25.3  25.2  27.0  27.4  30.5  33.3  52.6  61.3  76.5  76.0  38.8  26.4  22.9  22.6  22.9  22.8  22.7  22.4  22.7  22.7  22.5  22.7  23.2  22.9  22.7  22.8  23.5  23.3  23.5  23.3  24.3  24.6 
 25.2  25.7  26.6  27.3  29.7  32.2  46.0  55.6  78.6  78.5  33.8  25.5  23.0  22.9  22.8  22.9  22.6  22.6  22.8  23.1  22.7  22.8  22.9  23.1  22.9  22.9  23.1  23.8  22.8  23.3  23.6  24.0 
 25.2  25.5  26.6  26.9  28.8  30.1  39.0  45.2  61.2  58.5  27.9  24.3  23.0  22.8  23.1  23.0  22.7  22.8  23.0  23.0  22.9  22.6  23.1  23.2  23.1  22.7  23.5  23.3  23.4  23.3  24.0  24.1 
 25.5  25.6  26.7  27.1  27.1  27.5  29.4  31.2  32.3  30.5  24.4  23.6  23.0  23.0  23.1  23.3  22.8  22.8  22.9  23.2  23.0  22.8  23.0  23.2  23.0  23.2  23.4  23.6  23.1  23.6  23.8  24.4 
 25.5  25.7  26.6  26.6  26.5  26.6  28.2  28.2  28.3  27.2  24.1  23.6  23.1  23.0  23.2  23.1  22.8  22.7  23.2  23.0  22.9  22.9  23.3  23.1  23.0  23.0  23.4  23.5  23.3  23.3  24.3  24.3 
 25.4  25.7  25.7  26.3  25.9  26.0  26.0  26.3  25.7  25.1  23.8  23.6  23.0  23.0  23.1  23.4  22.9  23.0  23.0  23.2  22.9  22.8  23.2  23.6  23.1  23.1  23.5  23.5  23.5  24.0  24.6  25.8 
 25.9  25.6  26.0  25.6  25.5  25.2  25.9  25.6  25.2  24.8  23.9  23.5  23.1  23.0  23.3  23.0  23.1  22.8  23.4  23.1  22.9  23.0  23.5  23.4  23.0  23.0  23.6  23.8  24.1  24.3  25.6  26.2 
 26.4  26.3  25.6  25.7  25.1  24.9  25.0  25.3  24.5  24.1  23.7  23.9  23.5  23.1  22.9  23.5  23.1  23.1  23.1  23.3  23.1  23.0  23.4  23.9  23.3  23.4  24.7  25.2  25.1  25.2  26.3  28.0 
 27.1  26.3  25.9  25.9  25.0  25.0  25.0  24.9  24.3  24.1  23.8  23.8  23.3  23.1  23.6  23.3  23.4  23.0  23.4  23.4  23.3  22.9  23.7  23.7  23.6  24.0  25.5  25.4  25.2  25.7  27.0  27.0 
