 24.0  23.5  23.7  23.8  23.5  23.6  23.5  23.3  23.1  23.2  23.5  23.2  22.9  22.8  23.0  23.0  23.0  22.9  23.2  23.2  22.9  23.0  23.2  23.2  22.9  23.3  23.4  23.4  23.6  23.4  24.4  25.1 
 24.0  23.3  23.7  23.9  23.4  23.2  23.2  23.6  23.3  23.1  23.2  23.4  23.0  22.8  23.1  23.2  23.1  22.6  23.2  23.2  23.0  22.7  23.1  23.4  23.0  22.9  23.2  23.3  23.6  23.5  24.4  24.7 
 24.0  23.6  23.7  23.7  23.1  22.8  23.4  23.4  23.2  23.1  23.4  23.3  23.0  23.1  23.0  23.0  22.8  22.7  22.9  23.1  22.8  22.9  23.1  23.2  23.1  23.3  23.6  23.2  23.3  23.7  24.0  24.1 
 23.5  23.3  23.7  23.7  23.3  22.8  23.2  23.6  23.3  23.0  23.4  23.3  22.9  22.6  22.8  22.9  23.0  22.8  23.0  23.1  22.9  22.9  23.1  23.1  23.1  22.7  23.3  23.4  23.8  23.9  23.9  24.2 
 23.3  23.1  23.7  23.4  23.1  23.2  23.2  23.2  23.4  23.7  24.3  23.9  23.0  22.9  23.1  23.0  22.7  22.9  23.0  22.8  22.9  22.7  23.0  23.2  23.0  23.1  23.3  23.3  23.4  24.0  24.0  24.2 
 23.1  23.4  23.3  23.6  23.2  23.0  23.3  23.4  23.8  24.7  26.1  24.4  23.0  22.7  22.9  23.1  22.7  22.8  22.9  23.0  22.9  22.8  22.9  23.2  23.3  22.8  23.4  23.3  23.3  23.3  23.6  23.8 
 23.3  23.4  23.4  23.3  22.8  23.0  23.2  23.4  24.2  25.5  27.8  25.2  22.8  22.8  22.9  22.9  22.8  22.9  23.0  23.0  22.8  22.9  23.0  23.0  23.0  22.9  23.3  23.3  23.5  23.2  23.4  23.6 
 23.7  23.2  23.3  23.5  23.1  22.8  23.0  23.3  23.4  23.5  24.4  23.8  22.8  22.7  23.0  22.9  23.0  22.7  22.8  23.0  22.8  22.6  23.1  23.2  22.9  22.7  23.2  23.3  23.0  23.1  23.5  22.9 
 23.6  23.8  23.7  23.6  22.9  23.0  23.2  23.1  23.0  23.0  23.2  23.0  22.9  22.8  23.0  23.0  22.8  22.7  23.0  22.9  22.9  23.1  23.0  23.0  23.0  22.9  23.3  23.2  22.9  23.2  23.3  23.6 
 23.7  23.3  23.7  23.8  23.5  23.3  23.2  23.2  23.1  22.8  23.1  23.2  22.9  22.8  22.9  23.1  22.9  22.8  22.9  23.0  22.8  22.7  22.8  23.0  23.2  22.8  23.2  23.1  23.0  22.9  23.5  23.5 
 24.4  24.5  24.9  24.8  24.7  24.3  23.8  23.5  23.2  23.1  23.1  22.9  22.9  22.8  23.1  23.0  22.9  22.9  23.0  22.9  22.8  22.8  22.9  23.0  23.0  23.0  23.0  23.2  22.9  23.2  23.5  23.1 
 24.8  24.6  25.3  25.6  25.9  25.6  25.3  24.7  23.5  23.2  23.2  23.1  23.0  22.9  22.9  23.1  22.9  22.8  22.8  23.0  22.9  22.7  22.9 nan  22.8  22.7  22.9  23.3  23.2  22.8  23.6  23.7 
 25.2  25.4  26.3  27.0  28.7  29.8  38.0  41.9  39.8  34.0  23.8  23.2  22.8  23.0  23.2  23.0  22.9  22.9  23.0  23.2  22.8  22.9  23.0  23.0  23.0  23.0  23.5  23.4  23.1  23.4  23.7  23.7 
 25.9  25.8  27.0  27.5  30.3  32.7  47.8  54.3  58.8  51.6  24.9  23.7  23.2  23.1  23.2  23.0  23.0  22.8  23.0  23.1  22.9  22.8  22.8  23.0  23.0  22.8  24.2  24.4  23.6  23.3  23.6  23.7 
 26.0  26.4  27.7  28.7  32.6  36.8  57.6  66.4  77.5  73.3  30.9  24.9  23.2  22.9  23.1  23.1  23.0  22.8  23.1  23.1  22.8  22.8  23.1  23.0  23.1  23.2  25.6  25.6  23.5  23.4  23.3  23.6 
 26.0  26.2  27.5  28.6  32.7  36.8  57.2  68.8  87.2  82.2  30.5  24.9  23.1  23.1  23.0  23.2  23.1  22.8  23.1  23.1  23.0  22.7  23.1  23.1  22.9  22.6  24.3  24.7  23.1  23.3  23.8  23.8 
 25.9  26.2  27.5  28.0  30.2  31.8  45.5  55.5  67.7  57.3  25.6  23.8  23.3  23.1  23.2  23.0  23.0  23.0  23.1  23.1  23.0  22.9  22.9  23.2  22.9  23.0  23.4  23.4  23.4  23.5  24.0  23.7 
 26.2  26.2  27.3  27.7  28.9  29.7  37.8  42.8  46.3  39.2  24.3  23.8  23.3  23.0  23.1  23.4  23.0  23.0  23.2  23.2  22.9  22.9  23.0  23.2  23.1  22.8  23.2  23.3  23.6  23.3  24.0  23.8 
 26.2  26.3  26.8  27.0  27.3  27.5  29.0  29.6  28.2  26.4  23.9  23.7  23.2  23.3  23.4  23.3  23.1  23.0  23.2  23.3  23.1  22.8  23.2  23.3  23.0  23.1  23.3  23.3  23.3  23.5  24.0  24.2 
 26.1  26.0  26.7  26.9  27.0  26.8  27.7  27.7  26.6  25.5  23.9  23.6  23.2  23.3  23.3  23.3  23.1  23.0  23.2  23.2  23.1  23.0  23.4  23.4  23.2  23.2  23.4  23.6  23.7  23.5  23.7  24.5 
 25.8  25.7  26.6  26.3  26.0  26.1  26.0  26.2  25.4  24.3  23.9  23.7  23.3  23.1  23.4  23.5  23.0  23.1  23.3  23.3  23.2  23.1  23.5  23.3  23.3  23.3  23.3  23.7  23.3  23.8  24.0  25.0 
 26.2  25.8  26.1  26.3  26.0  25.7  25.9  25.9  24.9  24.5  23.9  24.2  23.4  23.3  23.4  23.5  23.3  23.1  23.4  23.4  23.3  23.1  23.5  23.7  23.3  23.2  23.5  23.6  23.6  23.8  24.7  25.9 
 27.0  26.4  25.9  25.9  25.4  25.4  25.6  25.3  24.5  24.1  23.9  24.1  23.7  23.5  23.5  23.4  23.5  23.2  23.6  23.5  23.2  23.3  23.5  23.8  23.4  23.4  24.3  24.1  24.5  24.5  26.1  26.8 
 27.1  26.3  25.8  25.8  25.4  25.1  25.0  25.0  24.3  23.9  24.3  24.1  23.6  23.4  23.3  23.6  23.4  23.3  23.4  23.7  23.7  23.2  23.6  24.1  23.6  23.5  24.4  25.2  25.0  24.8  25.9  28.1 
