 24.3  23.5  23.8  23.8  23.5  23.3  23.4  23.4  23.3  23.1  23.4  23.3  23.4  22.8  22.9  23.0  22.9  22.8  23.1  23.4  22.9  22.9  23.2  23.3  23.2  23.0  23.2  23.6  23.8  23.4  24.6  25.8 
 24.2  23.9  24.3  23.8  23.4  23.4  23.8  23.1  23.1  23.1  23.4  23.3  23.0  23.2  23.1  23.0  22.9  23.0  23.2  22.8  23.0  22.9  23.2  23.2  23.0  23.2  23.5  23.2  23.2  23.5  24.9  24.5 
 23.5  23.2  23.7  23.9  23.4  23.0  23.2  23.1  23.4  23.0  23.2  23.4  23.1  23.0  23.1  23.0  22.9  22.8  22.9  23.0  23.0  22.9  22.9  23.2  23.2  22.9  23.4  23.6  23.3  23.5  23.8  24.1 
 23.3  23.6  23.9  23.7  23.1  23.0  23.2  23.3  23.3  23.4  23.6  23.2  22.9  22.8  23.1  23.0  22.8  22.6  23.2  22.9  22.8  22.9  23.1  23.0  22.9  23.1  23.4  23.1  23.5  24.1  24.4  24.0 
 23.5  23.3  23.1  23.6  23.2  23.0  23.2  23.5  23.5  23.7  24.2  23.7  23.0  22.8  22.7  23.0  22.9  22.7  22.9  23.1  22.9  22.7  23.0  23.3  23.1  22.8  23.3  23.5  23.8  23.7  24.0  24.0 
 23.3  23.3  23.7  23.3  22.9  23.1  23.3  23.2  23.8  24.8  26.2  24.5  22.9  22.9  22.8  23.0  22.7  22.8  23.0  22.8  22.7  22.7  23.2  23.1  23.0  22.9  23.2  23.4  23.3  23.6  23.9  23.6 
 23.6  23.4  23.3  23.4  23.1  23.0  23.1  23.5  24.0  25.3  27.9  25.2  23.0  22.7  22.9  23.1  22.9  22.7  22.8  23.0  22.9  22.8  23.1  23.1  23.0  22.9  23.3  23.4  23.3  23.1  23.3  23.4 
 23.7  23.3  23.5  23.2  23.0  23.0  23.1  23.0  23.4  23.7  24.7  23.6  22.8  22.8  22.9  22.8  22.7  22.8  22.9  22.8  22.8  22.8  23.2  23.0  23.0  22.8  23.3  23.2  22.9  23.2  23.6  22.6 
 23.7  23.6  23.6  23.6  23.3  22.8  23.0  23.1  22.9  22.6  23.1  23.1  23.1  22.7  22.9  23.1  22.8  22.7  22.9  22.9  23.2  22.9  23.0  23.2  23.1  22.9  23.2  23.2  23.0  23.0  23.3  23.4 
 23.6  23.8  23.9  23.6  23.5  23.3  23.2  23.1  22.9  23.0  23.2  23.2  22.8  22.9  23.0  22.9  22.8  22.9  22.9  23.0  22.8  22.9  23.1  23.1  23.1  22.9  23.3  23.4  23.0  23.2  23.5  23.2 
 24.5  24.4  24.7  25.0  24.7  24.3  23.6  23.6  23.1  23.0  23.1  23.1  22.9  22.8  23.0  23.0  23.0  22.7  23.1  23.1  22.9  22.8  22.9  23.1  22.9  22.8  23.0  23.2  23.1  23.2  23.0  23.8 
 24.5  24.8  25.3  25.6  25.8  25.6  25.3  24.5  23.4  23.2  23.1  23.1  22.9  23.0  23.2  22.9  22.8  22.9  23.1  23.1  22.9  22.9  23.2 nan  22.9  22.7  23.2  23.2  23.2  23.0  23.7  23.3 
 25.5  25.0  26.3  26.9  28.6  29.7  38.0  42.1  40.0  33.9  23.7  23.4  23.1  23.0  23.1  23.2  22.9  22.7  23.1  23.0  22.9  22.7  23.0  23.1  23.1  22.7  23.5  23.7  23.4  23.4  23.5  23.9 
 25.7  25.8  27.1  27.6  30.2  32.7  47.8  54.4  58.7  51.8  25.1  23.6  23.0  23.1  23.2  23.2  22.9  23.0  23.0  23.1  22.8  22.8  23.1  22.9  23.0  23.1  24.3  24.2  23.7  23.6  23.5  23.4 
 26.0  26.2  27.7  28.7  32.8  36.7  57.7  66.7  77.7  73.4  30.8  25.0  23.4  22.9  23.1  23.1  23.0  22.8  23.1  23.2  22.9  22.7  23.1  23.1  23.0  23.0  25.7  25.6  23.4  23.3  23.6  24.1 
 26.2  26.1  28.0  28.7  32.7  37.0  57.5  68.9  87.2  82.3  30.6  24.9  23.1  23.1  23.1  23.2  22.9  23.0  23.0  23.1  22.9  23.0  23.0  23.0  22.8  23.0  24.6  24.7  23.3  23.4  23.7  23.5 
 26.0  26.1  27.5  28.2  30.1  31.9  45.5  55.7  67.8  57.4  25.4  23.9  23.2  22.9  23.0  23.2  23.1  22.9  23.0  23.1  23.1  22.8  23.1  23.0  23.3  22.8  23.1  23.8  23.2  23.2  23.7  24.2 
 26.0  26.3  27.3  27.4  28.6  29.7  37.8  42.8  46.4  39.4  24.2  23.4  23.3  23.1  23.1  23.1  23.0  23.1  23.2  23.0  22.9  23.0  23.1  23.3  22.9  22.9  23.3  23.3  23.3  23.5  23.7  24.0 
 26.4  26.0  26.8  26.9  27.2  27.5  28.9  29.5  28.4  26.3  24.0  23.8  23.3  23.2  23.2  23.4  23.2  23.2  23.2  23.5  23.3  22.7  23.1  23.4  23.1  22.7  23.4  23.7  23.8  23.5  23.9  24.3 
 25.9  26.3  26.4  26.6  26.8  27.0  27.7  27.5  26.5  25.5  23.9  23.6  23.2  23.1  23.5  23.1  23.0  23.1  23.4  23.4  23.3  23.0  23.3  23.3  23.1  23.3  23.5  23.4  23.5  23.5  24.5  24.1 
 26.1  25.7  26.3  26.5  26.5  25.8  26.0  26.2  25.3  24.5  23.8  23.9  23.6  23.1  23.3  23.7  23.2  23.3  23.2  23.3  23.2  22.9  23.4  23.7  23.4  23.1  23.2  23.7  23.7  23.5  24.0  25.2 
 26.0  25.8  26.4  25.9  25.7  25.9  25.9  25.6  24.8  24.5  24.0  23.8  23.5  23.2  23.3  23.4  23.3  23.3  23.4  23.2  23.0  23.5  23.7  23.4  23.3  23.5  23.8  23.4  23.8  23.8  24.7  25.6 
 27.0  26.6  26.1  25.9  25.5  25.0  25.2  25.3  24.6  24.2  24.0  24.0  23.8  23.4  23.6  23.8  23.3  23.3  23.3  23.5  23.5  23.3  23.4  23.8  23.5  23.1  24.0  24.4  24.8  24.1  26.1  26.8 
 26.5  27.1  26.2  25.8  25.4  25.3  25.3  25.0  24.3  24.3  23.9  24.0  23.6  23.5  23.8  23.4  23.5  23.6  23.7  23.4  23.6  23.6  23.7  23.7  23.6  23.6  24.8  25.1  25.0  25.3  27.2  27.6 
