 24.3  23.3  23.9  23.6  23.6  23.0  23.7  23.6  23.2  23.1  23.4  23.2  23.0  23.0  23.1  23.4  22.9  22.7  23.0  23.1  22.8  22.8  23.3  23.3  22.9  22.9  23.6  23.7  23.6  23.2  24.6  25.5 
 23.8  23.5  23.7  23.8  23.1  23.1  23.5  23.5  23.0  23.0  23.4  23.5  22.9  22.6  23.2  23.2  22.8  22.7  23.1  23.0  22.9  22.6  23.2  23.3  22.9  23.1  23.5  23.7  23.2  23.7  24.4  25.0 
 23.6  23.2  23.8  23.9  23.1  23.0  23.2  23.4  23.1  22.9  23.4  23.3  22.8  22.9  23.0  23.2  22.9  22.8  23.1  23.2  22.9  23.0  23.2  23.1  23.1  23.0  23.3  23.6  23.4  23.4  24.2  24.4 
 23.3  23.1  23.6  23.7  23.0  22.8  23.3  23.3  23.3  23.0  23.6  23.3  22.8  22.8  23.0  23.0  22.9  22.6  23.0  23.1  22.8  22.7  23.2  23.0  23.1  22.8  23.7  23.5  23.7  23.8  24.1  24.4 
 23.7  23.1  23.6  23.4  23.2  22.8  23.4  23.5  23.4  23.8  24.6  23.8  22.8  22.8  22.9  22.9  22.8  22.7  23.2  22.8  22.8  22.6  23.0  23.2  23.0  22.9  23.4  23.5  23.5  24.0  23.7  24.2 
 23.2  23.1  23.6  23.3  22.8  23.0  23.5  23.4  23.7  24.6  26.1  24.4  22.9  22.7  22.8  23.2  22.8  22.7  23.1  23.0  22.9  22.7  23.1  23.1  22.9  22.8  23.4  23.5  23.1  23.0  23.8  23.6 
 23.3  23.4  23.4  23.6  23.0  22.9  23.3  23.5  24.0  25.3  27.9  25.4  22.8  22.7  23.0  23.1  22.8  22.8  22.9  23.0  22.7  22.8  23.0  23.1  23.1  23.0  23.3  23.4  23.1  22.8  23.5  23.8 
 23.7  23.2  23.3  23.5  23.0  22.8  23.2  23.2  23.2  23.4  24.5  23.7  22.9  22.7  22.9  23.1  22.8  22.5  23.0  22.9  22.7  22.6  23.0  23.0  22.9  22.9  23.1  23.3  22.9  22.9  23.3  23.0 
 23.6  23.3  23.7  23.6  22.9  22.9  23.1  23.1  22.8  22.7  23.0  23.0  22.9  22.8  23.0  23.0  22.7  22.8  23.0  23.0  22.8  22.7  23.1  23.1  23.0  22.8  23.3  23.2  22.9  23.0  23.5  23.4 
 23.7  23.5  24.0  23.7  23.4  22.9  23.3  23.2  22.9  22.8  22.9  23.1  22.9  22.7  23.0  23.0  22.8  22.7  23.0  23.0  22.8  22.7  23.0  23.1  22.9  22.8  23.3  23.4  23.0  23.1  23.6  23.7 
 24.2  24.1  24.7  24.8  24.6  24.3  23.7  23.7  23.1  23.0  23.2  23.1  22.8  22.7  23.0  23.0  22.8  22.8  22.9  23.1  22.9  22.7  23.0  23.0  22.9  22.8  23.0  23.2  22.9  22.9  23.3  23.6 
 24.4  24.5  25.4  25.6  25.7  25.6  25.3  24.6  23.2  23.3  23.2  23.1  22.9  22.7  22.9  23.1  22.7  22.7  23.1  22.9  22.9  22.8  23.1 nan  22.7  22.7  23.0  23.2  23.0  22.8  23.5  23.7 
 25.4  25.0  26.4  27.0  28.6  29.8  38.1  42.1  39.8  33.8  23.8  23.5  22.9  22.9  23.1  23.1  23.0  22.8  23.2  23.0  22.9  22.9  23.0  23.2  23.0  22.8  23.4  23.5  23.2  23.4  23.5  23.7 
 25.7  25.6  27.1  27.7  30.1  32.7  47.6  54.3  58.7  51.6  25.1  23.6  23.0  22.9  23.2  23.1  22.9  22.9  23.1  23.1  22.9  22.7  23.2  23.1  22.9  22.7  24.2  24.4  23.6  23.3  23.4  23.7 
 25.9  26.1  27.9  28.7  32.6  36.7  57.6  66.7  77.5  73.5  30.9  25.1  23.1  23.0  23.2  23.1  22.9  23.0  23.1  23.1  22.6  22.8  23.0  23.0  22.8  23.0  25.9  25.7  23.4  23.4  23.6  23.5 
 26.0  25.9  27.8  28.6  32.5  36.8  57.2  68.9  87.1  82.1  30.6  24.9  23.2  22.9  23.1  23.1  23.0  23.0  23.2  23.1  22.9  22.8  23.2  23.2  23.0  22.8  24.5  24.9  23.6  23.2  23.8  23.8 
 26.0  26.0  27.7  28.1  30.0  31.8  45.6  55.6  67.8  57.2  25.6  23.9  23.1  23.0  23.2  23.1  22.9  22.9  23.1  23.0  22.9  22.8  23.3  23.3  23.2  22.9  23.4  23.4  23.4  23.4  24.2  24.1 
 25.9  26.3  27.4  27.5  28.8  29.6  37.8  42.8  46.2  39.1  24.2  23.7  23.1  23.0  23.2  23.1  23.0  22.9  23.1  23.2  22.9  22.7  23.1  23.0  23.0  22.9  23.4  23.3  23.3  23.5  23.9  24.1 
 26.2  26.0  26.8  26.9  27.3  27.4  29.1  29.6  28.2  26.3  23.8  23.7  23.2  23.1  23.1  23.4  23.0  23.0  23.3  23.3  23.0  22.8  23.2  23.2  23.1  23.0  23.3  23.6  23.5  23.5  24.0  24.2 
 25.7  26.0  26.5  26.7  26.8  26.6  27.7  27.6  26.6  25.4  23.9  23.7  23.2  23.1  23.4  23.1  23.1  23.1  23.3  23.3  23.0  22.9  23.3  23.3  23.0  23.0  23.6  23.4  23.2  23.4  23.7  24.3 
 25.9  25.5  26.6  26.5  25.9  26.0  26.0  26.1  25.1  24.6  24.0  23.9  23.4  23.4  23.5  23.5  23.0  23.2  23.1  23.3  23.1  22.9  23.4  23.3  23.2  23.1  23.5  24.0  23.8  23.5  24.5  25.3 
 26.0  25.8  26.1  26.2  25.6  25.7  25.8  25.9  24.7  24.5  24.0  23.9  23.2  23.2  23.6  23.4  23.2  23.1  23.4  23.3  23.1  23.0  23.7  23.4  23.0  23.2  23.8  23.9  23.6  23.6  25.2  25.6 
 26.7  26.2  26.1  26.3  25.2  25.2  25.3  25.2  24.4  24.1  24.0  24.2  23.6  23.4  23.7  23.7  23.4  23.1  23.6  23.7  23.4  23.2  23.7  23.9  23.4  23.2  24.3  24.6  24.2  24.1  25.4  26.8 
 27.1  26.6  25.9  26.1  25.4  25.0  25.1  25.0  24.1  24.0  24.0  24.1  23.3  23.6  23.7  23.6  23.2  23.2  23.5  23.5  23.5  23.4  24.1  23.7  23.4  23.3  24.8  25.3  24.8  24.8  26.8  27.6 
