 23.9  23.4  23.3  23.8  23.4  23.5  23.1  23.5  23.0  23.0  23.1  23.5  23.0  22.7  22.7  23.3  22.6  22.9  22.9  23.1  22.9  22.9  22.9  23.2  22.8  22.8  23.3  23.8  23.3  23.5  24.5  25.7 
 23.9  23.2  24.0  23.6  23.3  22.8  23.5  22.9  23.0  22.8  23.3  23.2  22.8  22.6  23.1  22.9  22.7  22.7  23.5  22.8  22.9  22.6  23.2  23.1  23.1  23.0  23.4  22.9  23.3  23.4  24.7  24.6 
 23.3  23.5  23.6  23.8  23.0  22.6  23.0  23.1  23.0  23.0  23.2  23.3  22.7  22.7  22.9  23.2  22.8  22.7  22.7  22.9  22.9  22.6  22.8  23.3  22.9  22.9  23.0  23.5  23.0  23.6  23.9  24.2 
 22.9  23.3  23.8  23.5  23.0  22.7  23.3  23.1  23.1  22.7  23.6  23.2  22.7  22.5  23.1  22.9  22.7  22.4  22.8  22.7  22.7  22.7  23.2  22.9  23.0  22.7  23.6  23.1  23.7  24.2  24.0  23.9 
 23.2  23.3  23.3  23.7  23.0  22.8  23.1  23.3  23.5  23.8  24.1  23.8  22.8  22.7  22.8  22.9  22.7  22.5  22.6  23.0  22.6  22.7  22.6  23.0  22.9  22.8  23.0  23.2  23.6  23.9  23.6  24.1 
 23.2  23.0  23.5  23.3  23.1  22.7  23.3  23.1  23.7  24.3  26.1  24.1  22.7  22.6  22.9  22.7  22.7  22.6  23.0  22.7  22.6  22.6  23.1  22.9  22.9  22.7  23.2  23.2  23.0  23.2  23.8  23.3 
 23.2  23.2  23.0  23.3  22.8  22.7  23.1  23.2  23.8  25.1  27.7  25.2  22.7  22.6  22.7  22.8  22.5  22.7  22.8  22.8  22.7  22.6  22.9  23.0  23.0  22.6  23.0  23.3  22.8  23.2  23.0  23.8 
 23.4  23.2  23.5  23.4  22.9  22.6  23.3  22.9  23.3  23.3  24.4  23.5  22.7  22.7  22.8  22.7  22.8  22.5  22.9  22.6  22.7  22.7  23.2  22.9  22.9  22.8  23.1  23.0  22.8  22.8  23.2  22.5 
 23.5  23.5  23.3  23.2  22.8  22.9  22.9  23.2  22.9  22.7  22.9  23.2  22.8  22.6  22.9  22.9  22.6  22.6  22.8  22.9  22.7  22.6  22.8  23.0  22.9  22.6  22.9  23.2  23.0  22.9  23.2  23.5 
 23.5  23.2  23.7  23.3  23.4  22.9  23.2  23.1  22.7  22.8  23.2  23.0  22.7  22.5  23.0  22.7  22.6  22.6  23.0  22.8  22.6  22.6  23.1  22.8  22.7  22.7  23.3  23.1  22.7  22.7  23.5  23.1 
 24.1  24.4  24.6  24.8  24.6  24.4  23.5  23.6  22.9  22.9  22.8  23.0  22.7  22.5  22.8  23.0  22.8  22.8  22.8  23.0  22.7  22.7  22.9  22.9  22.8  22.6  22.9  23.2  23.0  22.8  23.2  23.8 
 24.4  24.2  25.3  25.1  25.7  25.6  25.2  24.4  23.2  23.1  23.2  22.9  22.8  22.8  23.0  22.9  22.7  22.6  22.9  22.8  22.7  22.7  23.0 nan  22.6  22.4  22.9  23.1  22.9  22.7  23.5  23.3 
 25.4  25.0  26.3  27.0  28.4  29.6  37.9  42.0  39.7  33.8  23.5  23.2  22.9  22.6  22.8  23.0  22.7  22.8  22.9  23.0  22.6  22.6  22.8  22.9  22.7  22.7  23.4  23.3  23.0  23.0  23.4  23.8 
 25.4  25.5  27.1  27.3  30.0  32.5  47.7  54.2  58.5  51.5  25.0  23.5  23.0  22.9  23.1  22.8  22.8  22.6  23.1  22.9  22.7  22.6  23.1  22.8  22.8  22.7  24.2  24.0  23.5  23.3  23.4  23.4 
 26.1  26.1  27.7  28.6  32.9  36.6  57.4  66.4  77.4  73.2  30.6  24.9  22.9  22.8  23.0  23.0  22.9  22.8  22.9  23.0  22.7  22.6  22.8  23.1  22.8  23.0  25.4  25.6  23.3  23.2  23.3  23.9 
 26.0  25.9  27.9  28.4  32.5  36.7  57.2  68.7  87.0  82.0  30.5  24.6  22.9  22.9  23.1  22.8  22.9  22.8  23.1  22.9  22.5  22.6  23.1  22.8  22.7  22.6  24.5  24.4  23.3  23.3  24.0  23.5 
 25.8  26.1  27.4  28.2  30.0  31.8  45.5  55.6  67.6  57.1  25.5  23.9  23.0  22.9  23.0  23.2  22.8  22.7  22.9  22.9  22.9  22.7  22.8  22.9  22.9  22.8  22.9  23.5  23.3  23.1  23.4  24.1 
 26.1  26.1  27.3  27.2  28.6  29.3  37.8  42.6  46.3  39.1  24.2  23.5  23.0  22.8  23.2  23.0  22.9  22.8  23.1  23.0  22.8  22.7  23.1  23.0  23.0  22.7  23.4  23.2  23.1  23.2  24.1  24.2 
 25.9  26.0  26.6  26.9  27.2  27.2  28.8  29.6  28.2  26.3  23.7  23.7  23.1  23.0  22.9  23.3  23.0  23.0  22.9  23.3  23.0  22.8  23.1  23.2  23.1  23.0  23.2  23.3  23.6  23.2  23.6  24.4 
 25.8  26.0  26.4  26.5  26.7  26.5  27.7  27.6  26.2  25.3  23.7  23.4  23.2  23.0  23.4  23.1  22.9  22.7  23.2  23.0  22.9  22.7  23.3  23.2  23.0  22.8  23.7  23.3  23.3  23.3  24.2  24.2 
 25.6  25.8  26.0  26.4  26.1  25.8  26.0  26.1  25.0  24.5  23.7  23.9  23.3  23.1  23.2  23.5  23.0  23.0  23.1  23.4  22.7  22.9  23.5  23.2  22.9  23.1  23.1  23.9  23.6  23.4  23.7  25.1 
 25.7  25.7  26.3  25.7  25.6  25.5  25.8  25.7  24.5  24.3  24.1  23.7  23.1  23.3  23.4  23.4  23.0  22.8  23.4  23.1  23.0  22.9  23.3  23.0  23.0  23.2  23.5  23.6  23.3  23.3  24.8  25.2 
 26.6  26.2  25.6  26.3  25.4  25.0  24.9  25.0  24.2  24.1  23.6  24.1  23.5  23.2  23.4  23.5  23.3  23.2  23.4  23.5  23.4  23.0  23.3  23.6  23.3  23.1  23.7  24.5  24.2  24.0  25.6  27.6 
 27.0  26.2  25.9  25.7  25.1  24.9  25.2  24.9  24.3  24.0  23.9  23.9  23.5  23.2  23.8  23.3  23.2  23.2  23.5  23.4  23.3  23.2  23.7  23.6  23.2  23.3  24.5  24.8  24.6  24.9  26.2  28.0 
