 24.3  23.7  23.9  23.8  23.6  23.3  23.5  23.4  23.1  22.8  23.2  23.5  22.9  23.0  23.0  23.3  23.0  22.8  23.3  23.1  22.9  22.9  23.3  23.2  23.0  22.9  23.7  23.4  23.5  23.4  24.6  26.4 
 24.0  23.7  24.1  23.9  23.1  23.4  23.4  23.5  23.2  23.2  23.3  23.4  22.8  22.9  23.2  23.1  23.0  23.0  23.3  23.0  22.8  22.7  23.2  23.2  22.9  22.8  23.6  23.8  23.2  23.3  24.7  25.0 
 23.8  23.4  23.9  23.6  23.3  23.0  23.4  23.3  23.1  23.0  23.3  23.3  22.9  23.0  23.2  23.2  23.0  22.7  23.0  23.1  22.9  23.0  23.2  23.0  23.1  22.9  23.4  23.5  23.3  23.5  24.2  23.9 
 23.4  23.3  23.7  23.4  22.9  23.0  23.3  23.4  23.2  23.2  23.6  23.5  22.9  22.8  23.1  23.1  22.9  22.8  23.2  22.9  22.8  22.7  23.2  23.3  23.0  22.9  23.6  23.4  23.4  24.3  24.5  24.0 
 23.7  23.3  23.6  23.4  23.1  22.9  23.2  23.4  23.8  23.7  24.5  23.8  22.8  22.8  22.9  22.8  22.9  22.8  22.9  22.9  22.8  22.7  23.1  23.0  23.0  23.1  23.6  23.3  23.7  23.9  23.9  24.0 
 23.5  23.3  23.6  23.4  23.1  23.0  23.3  23.2  23.8  24.6  26.1  24.6  22.9  22.7  23.0  23.1  22.8  22.6  23.0  23.0  22.6  22.8  23.2  23.0  23.3  22.8  23.3  23.4  23.4  23.5  23.8  23.6 
 23.3  23.3  23.4  23.6  23.0  23.0  23.2  23.6  24.2  25.3  28.1  25.2  23.0  22.7  23.0  22.9  22.7  22.9  22.9  22.9  22.9  22.7  23.2  23.2  23.0  22.8  23.1  23.4  23.2  22.8  23.6  23.6 
 23.4  23.2  23.3  23.8  23.1  22.9  23.3  23.1  23.3  23.6  24.6  23.7  22.9  22.8  23.1  23.2  22.8  22.7  23.0  22.8  22.9  22.7  23.1  23.2  22.9  22.8  23.4  23.3  23.2  22.9  23.0  22.8 
 23.7  23.5  23.7  23.5  23.1  22.9  23.1  23.0  23.0  22.8  23.0  23.2  23.0  22.7  23.0  23.0  22.7  22.8  23.1  23.0  22.9  22.9  23.2  23.0  22.8  22.8  23.3  23.1  23.2  22.9  23.6  23.4 
 23.6  23.4  23.6  23.9  23.5  23.1  23.4  23.1  22.9  22.9  23.1  23.3  22.8  22.9  23.0  23.0  22.8  22.7  23.0  23.0  22.9  22.7  23.2  23.0  23.1  22.8  23.2  23.3  22.9  23.0  23.5  23.5 
 24.5  24.3  24.8  25.1  24.7  24.2  23.9  23.8  23.1  23.0  23.1  23.1  22.8  22.8  23.0  23.0  23.0  22.7  22.9  23.0  22.9  22.7  23.0  23.0  22.7  22.8  23.2  23.3  23.1  23.1  23.5  23.6 
 24.7  24.6  25.3  25.6  25.8  25.7  25.4  24.5  23.3  23.2  23.1  23.2  22.9  22.9  22.9  23.0  22.7  22.8  23.1  23.1  22.7  22.8  23.0 nan  22.7  22.5  23.0  23.1  23.4  23.0  23.6  23.7 
 25.7  25.3  26.5  26.8  28.9  29.7  38.0  42.1  39.8  33.7  23.8  23.5  23.0  23.0  23.1  23.0  23.1  22.8  23.1  23.1  22.9  22.7  23.0  23.0  23.1  22.7  23.5  23.4  23.2  23.4  23.7  23.6 
 25.7  25.8  27.0  27.7  30.1  32.7  47.8  54.4  58.7  51.7  25.0  23.7  22.9  22.8  23.0  23.0  22.9  22.8  23.1  23.0  22.9  22.6  23.0  23.1  22.9  22.9  24.1  24.3  23.5  23.1  23.6  23.7 
 26.2  26.1  28.0  28.7  32.7  36.8  57.6  66.5  77.5  73.3  30.8  25.0  23.0  23.0  23.2  23.0  23.0  22.9  23.1  23.3  22.8  22.7  23.1  23.2  23.0  23.0  25.8  25.6  23.7  23.2  23.8  23.8 
 26.0  26.2  27.9  28.7  32.7  36.6  57.3  68.8  87.1  82.3  30.6  24.9  23.2  23.0  23.1  23.1  22.9  22.8  23.1  23.1  22.9  22.9  23.1  23.1  23.0  22.8  24.5  24.6  23.3  23.3  23.8  24.0 
 26.0  26.1  27.7  28.1  30.1  31.9  45.5  55.5  67.7  57.4  25.5  24.1  23.2  23.1  23.3  23.1  23.1  22.9  23.1  23.1  23.0  22.7  23.2  23.2  23.2  22.9  23.3  23.4  23.2  23.3  23.9  23.7 
 26.1  26.3  27.3  27.8  28.7  29.7  37.6  42.9  46.3  39.1  24.3  23.7  23.3  23.0  23.2  23.3  22.9  22.9  23.2  23.3  22.9  22.7  23.0  23.1  22.9  22.7  23.3  23.3  23.5  23.2  23.9  24.1 
 26.2  25.7  27.0  26.9  27.4  27.4  29.1  29.4  28.3  26.4  24.0  23.5  23.5  23.2  23.3  23.4  23.2  23.0  23.3  23.3  23.1  22.9  23.2  23.3  23.1  23.0  23.3  23.4  23.5  23.4  23.9  24.2 
 25.7  26.0  26.5  26.8  26.5  26.9  27.6  27.6  26.3  25.4  23.7  23.6  23.4  23.2  23.3  23.5  23.0  23.0  23.3  23.4  23.1  22.9  23.3  23.2  23.1  23.1  23.5  23.5  23.5  23.4  24.5  24.3 
 26.0  25.7  26.4  26.3  26.1  25.8  26.1  26.1  25.3  24.2  23.8  23.8  23.3  23.4  23.4  23.5  23.2  23.2  23.2  23.3  23.0  23.0  23.5  23.6  23.6  23.1  23.6  23.7  23.7  23.7  24.2  25.3 
 25.5  25.8  26.2  26.0  25.8  25.7  26.1  26.0  24.8  24.5  24.1  23.6  23.6  23.3  23.4  23.5  23.1  23.1  23.3  23.6  23.2  23.2  23.3  23.4  23.0  23.1  23.5  23.9  23.6  23.3  24.9  26.2 
 27.5  26.2  26.1  26.3  25.5  25.3  25.4  25.0  24.6  24.0  24.0  24.1  23.6  23.3  23.6  23.7  23.5  23.3  23.6  23.4  23.4  23.4  23.7  23.8  23.3  23.4  24.0  24.3  24.4  23.9  25.8  27.7 
 26.8  26.3  25.9  26.2  25.3  25.1  25.3  25.0  24.2  24.3  24.0  23.9  23.5  23.5  23.7  23.9  23.2  23.2  23.6  23.5  23.5  23.2  23.7  23.9  23.4  23.5  24.9  25.3  24.8  25.1  26.8  27.6 
