 24.7  23.7  23.9  23.8  23.9  23.4  23.4  23.4  23.1  23.3  23.5  23.5  23.3  22.9  23.3  23.2  23.0  23.0  23.2  23.3  23.2  23.3  23.3  23.0  23.2  23.2  23.5  23.7  24.0  23.4  24.9  26.1 
 24.2  23.7  24.1  23.8  23.4  23.2  23.6  23.3  23.3  23.3  23.5  23.2  23.0  23.0  23.3  23.1  22.9  22.9  23.1  23.1  23.0  22.8  23.2  23.2  23.0  23.1  23.2  23.7  23.2  23.5  24.6  24.7 
 24.0  23.6  23.8  23.6  23.2  23.3  23.4  23.5  23.1  23.1  23.3  23.5  22.9  23.1  22.9  23.1  22.9  23.0  22.9  23.0  23.0  23.0  23.0  23.4  23.3  23.2  23.4  23.5  23.6  23.7  24.0  23.9 
 23.7  23.4  23.9  23.7  23.3  23.0  23.6  23.4  23.3  23.1  23.5  23.3  22.9  22.9  23.0  23.0  22.9  22.7  23.1  23.0  23.0  22.9  23.2  23.1  23.1  23.0  23.6  23.4  23.6  24.4  24.4  24.4 
 23.5  23.4  23.3  23.8  23.2  23.0  23.3  23.5  23.5  24.0  24.6  23.7  23.1  22.9  23.0  23.0  22.9  22.9  23.1  22.9  23.0  22.8  22.9  23.2  23.1  23.0  23.4  23.5  23.8  24.0  24.0  24.2 
 23.5  23.3  23.6  23.4  23.1  23.2  23.4  23.3  23.7  24.7  26.2  24.4  23.0  22.8  23.1  23.1  22.8  22.8  23.1  22.9  22.8  22.6  23.2  23.2  23.3  23.0  23.4  23.2  23.3  23.5  23.7  23.8 
 23.6  23.4  23.4  23.7  23.0  23.1  23.3  23.5  24.2  25.5  27.9  25.4  22.9  22.9  23.0  23.1  22.9  22.9  23.0  23.0  23.0  22.9  22.9  23.2  23.0  23.0  23.4  23.5  23.2  23.4  23.4  23.4 
 23.7  23.3  23.6  23.5  23.1  23.1  23.3  23.1  23.4  23.5  24.6  23.7  22.9  22.9  23.0  23.0  22.9  22.9  22.9  22.9  22.8  22.8  23.1  23.1  23.0  22.8  23.2  23.3  23.2  23.1  23.5  22.6 
 23.7  23.8  23.5  23.6  23.0  23.2  23.3  23.1  22.9  22.9  23.3  23.1  23.1  22.9  23.1  23.1  23.0  22.8  23.1  22.9  23.0  22.9  23.2  23.2  23.1  22.9  23.1  23.5  23.3  23.2  23.2  23.4 
 23.7  23.6  23.8  23.6  23.5  23.4  23.4  23.0  23.1  23.0  23.3  23.1  23.0  22.8  23.1  23.0  22.8  22.7  23.1  23.0  22.9  22.9  23.0  23.0  23.2  22.8  23.3  23.2  23.0  23.1  23.6  23.5 
 24.5  24.3  24.8  25.1  24.9  24.7  23.7  23.7  23.0  23.0  23.1  23.1  23.0  22.9  22.9  23.1  22.8  22.9  23.1  23.2  23.1  23.0  23.1  23.1  22.8  22.9  23.3  23.3  23.2  23.2  23.5  23.8 
 24.7  24.6  25.4  25.8  25.9  25.6  25.4  24.6  23.4  23.1  23.4  23.0  22.9  22.8  23.0  23.0  22.8  22.9  23.1  23.0  22.8  22.8  23.0 nan  22.8  22.7  23.0  23.1  23.1  22.8  23.4  23.7 
 25.5  25.2  26.5  27.0  28.6  29.8  38.1  42.1  39.8  34.0  23.8  23.5  23.0  22.9  23.1  23.0  23.1  22.9  23.1  22.9  22.8  22.9  23.1  23.2  23.0  22.9  23.6  23.5  23.3  23.4  23.7  23.7 
 25.6  25.9  27.0  27.8  30.2  32.6  47.8  54.3  58.8  51.8  25.0  23.6  23.0  23.1  23.2  23.2  23.1  23.0  23.0  23.1  22.9  22.8  23.0  23.1  23.3  23.0  24.3  24.4  23.8  23.5  23.5  23.5 
 26.2  26.2  27.7  28.8  32.8  36.7  57.6  66.6  77.6  73.4  30.8  25.1  23.1  23.1  23.0  23.1  23.1  22.9  23.2  23.2  23.0  22.9  23.1  23.2  22.9  23.3  25.6  25.6  23.5  23.4  23.9  24.0 
 26.2  26.2  27.7  28.7  32.8  36.9  57.3  68.8  87.2  82.3  30.7  24.9  23.2  23.2  23.2  23.0  23.0  22.9  23.1  23.2  22.9  22.8  23.1  23.1  23.0  22.9  24.5  24.7  23.3  23.6  24.1  23.8 
 26.2  26.1  27.7  28.2  30.3  32.1  45.7  55.7  67.9  57.4  25.8  23.9  23.2  23.2  23.2  23.1  23.0  22.9  23.2  23.1  23.0  22.9  22.9  23.1  23.1  22.9  23.5  23.7  23.4  23.4  24.0  24.1 
 26.2  26.2  27.1  27.7  28.9  29.7  37.8  42.9  46.5  39.2  24.3  23.7  23.4  23.2  23.3  23.2  23.0  23.0  23.4  23.2  22.9  23.0  23.1  23.1  23.0  22.9  23.4  23.4  23.5  23.4  24.2  23.9 
 26.4  26.1  26.8  27.0  27.5  27.5  28.9  29.6  28.3  26.5  23.9  23.6  23.3  23.3  23.4  23.4  23.2  23.3  23.5  23.2  23.2  23.0  23.2  23.5  23.3  23.2  23.3  23.8  23.8  23.5  23.9  24.2 
 26.2  26.5  26.5  26.9  26.8  26.6  27.9  27.5  26.6  25.4  24.0  23.8  23.3  23.3  23.5  23.2  23.1  23.3  23.3  23.3  23.2  23.1  23.4  23.3  23.0  23.2  23.6  23.6  23.5  23.7  24.1  24.1 
 26.1  26.0  26.4  26.5  26.2  26.1  26.2  26.4  25.4  24.6  24.0  23.8  23.6  23.4  23.5  23.5  23.4  23.0  23.2  23.4  23.3  23.1  23.6  23.6  23.7  23.1  23.6  23.7  23.3  23.7  24.7  25.2 
 26.0  26.0  26.4  26.5  25.7  25.7  25.9  25.7  24.8  24.4  24.1  23.9  23.3  23.3  23.4  23.5  23.3  23.3  23.5  23.4  23.3  23.0  23.4  23.6  23.4  23.4  23.8  23.9  23.8  23.8  25.1  25.3 
 27.0  26.1  25.9  25.9  25.5  25.6  25.3  25.3  24.9  24.2  24.0  24.2  23.6  23.3  23.7  23.5  23.6  23.4  23.6  23.6  23.5  23.3  23.5  23.9  23.5  23.4  24.2  24.8  24.5  24.1  26.1  26.8 
 26.8  27.1  26.2  25.8  25.4  25.3  25.1  25.0  24.5  24.0  24.2  24.0  23.7  23.6  24.0  23.6  23.4  23.5  23.7  23.6  23.6  23.6  23.8  23.6  23.6  23.8  24.8  25.2  24.7  25.0  27.1  27.6 
