 23.8  23.0  23.0  22.9  22.7  22.7  22.9  22.5  22.6  22.5  22.8  22.5  22.6  22.1  22.6  22.5  22.4  22.4  22.7  22.5  22.5  22.4  23.0  22.7  22.7  22.5  23.4  23.7  23.7  23.1  24.8  24.8 
 23.2  23.4  23.5  23.2  22.7  23.0  22.8  22.9  22.5  22.7  22.6  23.0  22.4  22.4  22.4  22.7  22.4  22.5  22.5  22.5  22.2  22.4  22.6  23.0  22.6  22.6  23.4  24.3  23.5  23.8  24.1  24.3 
 23.0  22.8  23.4  22.9  22.8  22.0  22.8  22.6  22.7  22.6  22.7  22.5  22.4  22.4  22.7  22.5  22.4  22.3  22.5  22.5  22.4  22.5  22.7  22.7  22.8  22.5  23.1  23.1  23.1  23.0  23.1  23.7 
 23.3  22.9  22.9  23.2  22.7  22.4  22.8  22.8  22.8  22.5  22.9  22.8  22.4  22.2  22.5  22.7  22.4  22.3  22.7  22.6  22.4  22.5  22.7  22.7  22.6  22.7  23.0  22.9  22.9  23.0  23.4  23.5 
 23.3  23.1  23.2  22.9  22.8  22.6  22.9  22.9  23.3  23.2  22.9  22.8  22.4  22.3  22.4  22.6  22.4  22.1  22.6  22.5  22.4  22.3  22.7  22.6  22.7  22.6  22.9  22.9  22.8  22.8  23.3  23.4 
 23.1  22.9  23.2  22.9  22.7  22.6  22.9  23.2  23.4  23.8  23.3  22.9  22.5  22.6  22.5  22.7  22.4  22.3  22.6  22.6  22.4  22.4  22.6  22.8  22.7  22.5  23.0  22.8  22.8  22.9  23.2  23.2 
 23.3  23.0  23.1  22.9  22.7  22.6  23.1  23.1  25.2  26.4  24.2  23.2  22.5  22.3  22.6  22.5  22.3  22.3  22.5  22.4  22.5  22.4  22.8  22.9  22.6  22.5  22.7  23.0  22.7  22.7  23.3  23.1 
 23.1  23.1  23.0  23.1  22.9  22.7  23.2  23.2  25.6  27.2  24.5  23.2  22.5  22.5  22.5  22.6  22.4  22.4  22.4  22.6  22.4  22.4  22.9  22.7  22.6  22.3  22.8  23.0  22.9  22.9  23.0  22.2 
 23.3  23.1  23.4  22.8  22.9  22.8  23.0  23.2  23.2  23.2  23.1  22.8  22.6  22.5  22.5  22.6  22.4  22.4  22.7  22.5  22.5  22.4  22.8  22.5  22.7  22.5  22.9  22.8  23.0  22.7  23.2  23.3 
 23.5  23.3  23.3  23.5  23.1  22.7  22.8  23.0  23.1  22.8  22.8  22.8  22.6  22.4  22.7  22.5  22.5  22.5  22.6  22.6  22.4  22.3  22.7  22.8  22.7  22.6  23.0  22.8  22.7  23.1  23.7  23.2 
 23.8  23.8  24.2  23.8  23.8  23.4  23.3  22.9  22.9  22.8  22.8  22.7  22.6  22.5  22.6  22.5  22.4  22.4  22.6  22.6  22.5  22.5  22.7  22.7  22.3  22.6  23.2  23.7  23.6  23.0  23.1  23.3 
 23.8  23.7  24.0  24.3  24.4  24.4  23.7  23.6  22.8  22.8  22.8  22.9  22.5  22.6  22.7  22.7  22.6  22.5  22.5  22.8  22.6  22.5  22.6 nan  22.7  22.5  24.3  25.0  23.9  23.3  23.2  23.3 
 24.4  24.4  25.3  25.7  27.2  27.5  32.6  34.9  33.1  29.4  23.3  22.9  22.6  22.6  22.7  22.5  22.6  22.5  22.8  22.6  22.4  22.4  22.8  22.8  22.7  22.6  24.0  24.4  23.4  23.2  23.6  23.4 
 24.4  24.7  26.0  26.7  28.4  30.1  41.5  48.8  53.4  47.4  24.7  23.3  22.6  22.6  22.8  22.7  22.6  22.7  22.8  22.6  22.6  22.5  22.7  22.6  22.6  22.5  23.3  23.2  23.3  23.4  23.3  23.2 
 25.6  25.1  26.7  27.3  30.6  33.9  54.8  62.9  74.6  71.2  34.5  25.4  22.9  22.6  22.7  22.6  22.7  22.5  22.7  22.9  22.6  22.4  22.7  22.8  22.6  22.6  22.9  23.0  23.3  23.0  23.3  23.3 
 25.3  25.2  27.0  27.7  30.7  33.7  53.3  62.6  78.4  79.2  37.0  25.9  22.9  22.6  22.6  22.5  22.5  22.5  22.8  22.7  22.6  22.6  22.7  22.7  22.8  22.5  22.8  23.0  22.9  23.0  23.5  23.1 
 25.3  25.5  26.5  26.8  29.6  31.5  44.3  53.3  73.2  70.1  30.1  24.2  22.8  22.6  22.8  22.6  22.5  22.3  22.8  22.7  22.7  22.4  22.8  22.7  22.9  22.6  22.9  23.0  23.0  22.7  23.5  23.7 
 25.1  25.2  26.4  26.6  28.5  29.5  37.1  42.1  54.1  49.6  25.9  23.7  22.8  22.6  22.7  22.9  22.5  22.5  22.7  22.8  22.6  22.6  22.7  23.0  22.7  22.6  22.9  23.0  22.9  23.1  23.5  23.7 
 25.4  25.3  26.3  26.6  26.9  27.0  28.7  29.5  29.8  28.0  23.7  23.3  22.7  22.6  23.0  22.8  22.7  22.5  22.7  22.7  22.7  22.4  22.8  23.0  22.7  22.7  23.0  23.4  23.1  22.8  24.0  23.9 
 25.2  25.7  26.0  26.0  26.3  26.2  27.2  27.4  26.8  26.2  23.8  23.4  22.6  23.0  22.9  22.7  22.5  22.4  23.1  23.0  22.7  22.5  22.8  23.0  22.8  22.9  23.1  23.3  23.0  23.1  23.8  23.7 
 25.7  25.3  25.8  25.6  25.6  25.2  25.9  25.7  25.2  24.4  23.7  23.4  22.8  22.8  23.0  23.1  22.7  22.8  22.8  22.9  22.7  22.6  23.2  23.4  23.2  22.7  23.0  23.2  23.7  24.0  25.3  25.1 
 25.1  25.0  25.7  25.4  25.3  25.1  25.3  25.3  24.5  24.3  23.5  23.4  22.9  22.8  22.8  23.2  22.7  22.6  23.0  23.0  22.8  22.8  23.1  23.2  23.0  22.9  23.4  23.6  24.3  25.0  25.5  26.2 
 26.3  25.7  25.4  25.4  25.1  24.6  25.0  24.7  24.2  23.8  23.7  23.5  23.2  23.0  23.0  23.1  22.9  22.6  23.3  23.0  23.2  22.9  23.4  23.3  23.3  23.4  25.3  25.9  25.8  25.6  26.7  27.4 
 27.1  25.9  25.4  25.4  24.7  24.7  24.6  24.8  23.9  23.7  23.6  23.7  23.1  22.9  23.1  23.0  22.9  22.9  23.2  23.2  22.9  23.2  23.4  24.1  24.2  24.7  26.2  26.7  26.2  26.2  26.5  26.8 
