 24.3  24.1  23.7  23.7  23.2  22.9  22.7  23.2  22.8  22.7  22.9  23.2  22.8  22.8  22.9  22.9  22.8  22.7  23.1  22.8  22.9  22.7  23.0  23.4  26.9  28.8  31.3  31.6  30.7  30.3  30.6  29.8 
 23.8  23.4  23.8  23.5  23.5  23.1  23.1  23.0  22.8  22.8  23.1  23.1  22.7  22.5  22.9  22.8  22.8  22.8  22.9  22.7  22.8  22.8  22.9  23.3  27.9  29.0  31.6  31.3  29.9  29.4  29.5  30.5 
 23.6  23.3  23.4  23.5  23.0  22.7  23.1  22.8  22.9  22.8  23.1  23.0  22.7  22.5  22.8  22.9  22.7  22.6  22.8  22.7  22.7  22.6  23.0  24.1  27.2  29.9  30.9  30.8  30.8  28.2  29.9  28.3 
 23.6  23.4  23.3  23.6  23.0  22.5  23.1  23.1  23.0  23.0  23.1  22.8  22.6  22.6  22.8  22.9  22.7  22.6  23.0  22.8  22.9  22.7  23.4  23.6  28.1  28.5  31.2  30.9  30.5  31.6  27.0  31.3 
 23.4  23.4  23.4  23.2  23.1  22.9  23.1  23.0  23.4  23.3  23.1  23.0  22.7  22.8  22.8  22.9  22.7  22.6  22.8  22.9  22.9  22.7  23.0  23.4  25.0  28.1  30.7  31.1  31.2  27.4  31.0  26.8 
 23.1  23.3  23.3  23.1  22.9  22.8  23.3  23.2  23.7  24.0  23.3  23.0  22.7  22.7  22.9  22.8  22.8  22.7  22.8  22.8  22.8  22.8  23.0  23.0  25.8  25.3  29.8  30.6  27.4  29.9  27.2  30.7 
 23.4  23.2  23.1  23.0  23.0  22.9  23.4  23.5  25.7  26.7  24.2  23.4  22.9  22.7  22.7  22.8  22.5  22.6  22.9  22.9  22.9  22.7  23.1  23.1  23.2  23.6  26.1  25.0  25.3  24.5  25.8  26.5 
 23.3  23.1  23.1  23.3  23.2  22.8  23.4  23.5  26.2  27.8  24.8  23.4  22.8  22.7  22.9  22.7  22.7  22.8  22.7  22.8  22.8  22.9  23.1  23.1  23.1  23.0  23.7  24.1  23.6  23.9  25.5  23.6 
 23.8  23.4  23.3  23.2  22.9  22.6  23.2  23.2  23.5  23.5  23.2  23.0  22.9  22.6  22.9  22.8  22.7  22.6  22.9  22.8  22.8  22.9  22.9  23.2  23.0  22.8  23.2  23.6  23.4  23.3  23.7  25.6 
 23.8  23.3  23.5  23.4  23.2  22.7  23.1  22.9  23.1  23.1  23.0  23.1  22.8  22.8  22.8  22.8  22.8  22.8  23.0  23.1  22.9  22.7  23.1  23.0  23.0  22.9  23.3  23.3  23.4  23.4  24.9  23.7 
 24.0  23.8  24.0  23.8  23.6  23.2  23.3  23.1  23.1  23.0  23.0  22.9  22.7  22.7  22.9  23.0  22.8  22.8  22.9  22.9  22.7  22.9  23.0  23.0  22.9  22.9  23.4  23.7  23.8  23.6  23.5  25.1 
 23.8  23.6  24.1  24.3  24.1  24.1  23.5  23.4  22.9  23.0  23.0  22.9  22.8  22.6  22.9  22.9  22.9  22.6  22.8  23.0  22.7  22.7  22.8 nan  23.0  23.0  24.4  25.1  24.1  23.6  24.1  23.8 
 24.5  24.3  25.2  25.7  26.5  26.8  29.0  29.6  27.9  26.1  23.3  23.1  23.1  22.6  22.8  22.9  22.9  22.6  22.9  22.9  22.7  22.6  22.8  23.0  22.9  22.9  24.8  25.2  23.9  23.5  23.9  23.9 
 24.7  24.8  26.0  26.2  27.7  28.8  36.7  42.5  45.1  39.8  24.0  23.4  23.0  22.7  22.8  22.8  22.7  22.6  22.8  23.0  22.7  22.6  23.1  22.9  22.8  22.8  23.7  23.9  23.7  23.5  23.9  23.6 
 25.3  25.5  26.5  27.3  30.1  32.7  51.8  60.5  71.5  67.9  34.6  25.8  23.0  22.9  22.9  23.0  22.8  22.7  22.9  22.9  22.9  22.6  22.9  23.1  23.0  22.9  23.1  23.3  23.3  23.6  23.8  23.9 
 25.4  25.6  27.0  27.5  30.5  33.4  52.6  61.1  76.6  76.2  39.1  26.6  22.9  22.9  23.0  22.9  22.7  22.7  22.9  22.8  22.7  22.7  23.0  23.2  22.8  22.9  23.5  23.3  23.5  23.2  23.8  24.0 
 25.6  25.5  26.8  27.6  29.7  32.3  46.1  55.5  78.8  78.7  34.3  25.6  23.1  22.9  23.1  23.0  22.9  22.6  23.0  23.2  23.0  22.6  23.0  23.1  23.0  22.9  23.5  23.5  23.2  23.4  23.9  24.0 
 25.6  25.7  26.5  26.9  28.8  30.2  38.9  45.3  61.2  58.4  28.1  24.3  23.0  22.9  23.0  23.0  23.1  22.7  23.2  23.2  22.7  22.9  23.1  23.2  23.2  22.9  23.4  23.5  23.6  23.3  24.1  24.1 
 25.9  25.5  26.6  26.7  27.4  27.6  29.6  31.0  32.3  30.5  24.4  23.6  23.1  23.0  23.1  23.1  23.0  22.9  23.0  23.3  23.2  22.7  23.1  23.1  23.3  23.2  23.5  23.6  23.6  23.4  23.8  24.1 
 25.6  25.7  26.5  26.6  26.5  26.7  28.2  28.4  28.1  27.3  24.2  23.6  22.9  22.9  23.2  23.2  22.9  22.9  23.2  23.0  23.0  22.8  23.2  23.3  23.2  23.0  23.2  23.7  23.3  23.6  24.1  24.2 
 25.7  25.6  26.0  26.1  26.0  25.8  26.2  26.4  25.9  25.2  23.8  23.6  23.3  23.2  23.2  23.2  23.0  22.9  23.0  23.2  23.1  22.9  23.4  23.4  23.4  23.1  23.4  23.6  23.9  23.8  24.5  25.1 
 25.8  25.6  26.0  25.9  26.0  25.6  26.0  25.8  25.2  25.0  23.9  23.9  23.1  23.1  23.4  23.3  23.0  23.0  23.1  23.1  23.0  23.3  23.5  23.4  23.1  23.2  23.5  24.1  24.4  24.4  25.2  25.5 
 27.0  25.7  25.7  25.7  25.4  25.0  25.3  24.9  24.7  24.2  23.7  23.8  23.6  23.4  23.4  23.4  23.2  23.3  23.3  23.4  23.4  23.1  23.7  23.5  23.7  23.4  24.5  25.2  25.3  25.4  26.4  26.8 
 27.0  26.1  25.6  25.5  25.2  25.0  25.1  24.9  24.3  24.2  23.9  23.7  23.7  23.4  23.5  23.3  23.1  23.4  23.4  23.5  23.4  23.3  23.8  24.0  23.9  24.1  25.6  25.7  25.4  25.3  27.6  27.2 
