 24.3  23.9  23.6  24.0  23.5  23.4  23.2  23.6  22.9  23.1  23.2  23.5  23.0  23.0  22.7  23.3  22.8  22.9  23.1  23.2  22.9  22.9  23.0  23.3  22.9  22.9  23.4  23.6  23.5  23.8  24.1  25.2 
 24.2  23.7  24.1  23.8  23.4  23.1  23.5  23.3  23.3  23.1  23.4  23.3  22.9  23.0  23.2  23.0  23.0  22.8  23.4  22.9  23.1  22.9  23.3  23.0  23.1  22.9  23.5  23.4  23.4  23.7  24.6  24.8 
 23.5  23.6  23.4  23.6  23.1  23.0  23.3  23.3  23.1  23.0  23.3  23.4  22.9  23.0  23.1  23.1  22.8  22.7  22.9  23.0  22.9  22.8  22.9  23.1  22.9  23.2  23.1  23.5  23.1  23.4  23.8  24.2 
 23.7  23.1  23.7  23.2  23.3  23.1  23.4  23.3  23.3  23.1  23.8  23.1  22.9  22.8  23.0  23.0  23.0  22.8  23.1  23.1  22.9  22.8  23.1  23.0  23.1  22.9  23.7  23.6  23.2  24.3  24.3  24.2 
 23.5  23.3  23.3  23.5  23.1  23.2  22.9  23.4  23.6  23.7  24.3  23.9  22.9  22.9  22.8  23.0  22.7  22.7  22.9  23.1  22.7  22.7  22.8  23.3  23.1  22.9  23.2  23.2  23.7  23.9  24.2  24.0 
 23.7  23.3  23.6  23.0  23.1  22.9  23.3  23.1  23.8  24.7  26.4  24.4  23.0  22.7  23.0  22.9  22.8  22.7  23.1  22.8  22.8  22.6  23.0  23.0  23.1  22.8  23.1  23.2  23.4  23.0  24.1  23.4 
 23.5  23.3  23.4  23.5  22.9  23.0  23.2  23.5  24.0  25.2  27.9  25.4  22.9  22.6  22.9  22.9  22.7  22.8  23.0  22.9  22.9  22.8  23.0  23.1  23.1  22.8  23.1  23.3  23.2  23.1  23.5  23.5 
 23.4  23.5  23.5  23.4  23.0  22.9  23.2  23.1  23.3  23.6  24.6  23.7  22.9  23.0  22.9  22.8  22.7  22.8  22.9  22.8  22.7  22.9  23.1  23.0  22.9  22.9  23.5  23.2  23.2  23.1  23.7  22.8 
 23.6  23.3  23.6  23.5  23.1  23.2  23.0  23.1  22.9  22.8  23.1  23.2  22.9  22.8  22.9  23.2  22.7  22.8  22.8  23.0  23.0  22.9  23.0  23.2  22.8  22.8  22.9  23.2  23.2  23.0  23.0  23.1 
 23.9  23.3  23.8  23.6  23.5  23.2  23.3  23.0  23.0  22.9  23.1  23.0  22.7  22.8  23.0  22.9  22.7  22.7  23.0  23.0  22.8  22.8  23.0  23.0  22.8  22.9  23.4  22.9  23.1  23.1  23.6  23.4 
 24.4  24.4  24.7  25.0  24.8  24.6  23.6  23.5  23.0  23.2  23.1  23.1  22.8  22.8  23.0  22.9  22.7  22.7  22.8  22.9  22.9  22.8  22.9  23.1  22.7  22.8  23.0  23.1  23.1  23.1  23.2  23.8 
 24.7  24.5  25.5  25.6  25.7  25.9  25.2  24.4  23.4  23.1  23.2  23.1  23.0  22.9  23.0  22.9  22.8  22.7  23.0  22.9  23.0  22.8  23.0 nan  22.8  22.7  23.1  23.0  23.0  23.0  23.6  23.6 
 25.5  25.5  26.3  27.0  28.6  29.6  38.0  42.0  39.7  33.9  23.6  23.5  23.1  23.0  22.9  23.1  23.0  22.9  23.0  22.8  22.7  22.7  22.9  23.0  23.0  22.8  23.4  23.6  23.4  23.1  23.7  23.9 
 25.6  25.8  27.0  27.4  30.3  32.7  47.7  54.2  58.8  51.6  25.0  23.6  23.2  22.9  23.3  22.9  22.9  22.9  23.1  23.0  22.9  22.7  23.0  23.1  23.0  22.9  24.2  24.2  23.7  23.1  23.7  23.7 
 25.9  26.1  27.6  28.7  32.7  36.6  57.4  66.4  77.5  73.3  30.6  24.9  23.1  23.0  23.0  23.1  23.0  22.9  23.1  23.1  22.9  22.7  23.0  23.1  22.9  23.0  25.4  25.5  23.6  23.2  23.5  23.8 
 26.1  26.2  27.9  28.5  32.7  36.7  57.3  68.7  87.1  82.1  30.7  24.8  23.2  22.9  23.1  23.1  22.8  22.7  23.2  23.0  22.9  22.7  23.2  23.0  22.9  22.8  24.2  24.9  23.6  23.3  23.8  23.8 
 25.9  26.3  27.5  28.1  30.1  32.0  45.5  55.7  67.7  57.3  25.6  24.0  23.2  23.0  23.1  23.0  23.0  23.0  23.1  23.1  23.0  22.8  22.8  23.1  23.0  22.9  23.1  23.5  23.1  23.3  23.7  23.9 
 26.2  26.1  27.4  27.4  28.8  29.6  37.8  42.7  46.4  39.1  24.1  23.6  23.3  23.1  23.2  23.0  23.1  22.9  23.2  23.1  23.2  22.8  23.2  23.1  23.0  22.7  23.6  23.3  23.5  23.2  24.0  23.6 
 26.2  26.0  27.0  27.0  27.0  27.4  28.8  29.7  28.2  26.4  23.8  23.6  23.2  23.2  23.1  23.3  23.2  23.2  23.2  23.2  23.1  22.8  23.0  23.4  23.0  23.2  23.2  23.3  23.8  23.4  23.9  24.2 
 25.7  26.0  26.7  26.5  26.8  26.5  27.8  27.6  26.7  25.5  23.8  23.5  23.3  23.3  23.4  23.1  23.1  23.1  23.3  23.1  23.0  23.1  23.4  23.2  23.1  22.8  23.5  23.5  23.7  23.7  24.1  24.1 
 25.8  25.7  26.1  26.3  26.2  26.1  26.1  26.4  25.0  24.6  23.8  23.7  23.5  23.2  23.5  23.6  23.0  23.4  23.1  23.4  23.0  23.0  23.4  23.3  23.3  23.1  23.5  23.9  23.5  23.5  24.2  25.0 
 25.9  25.7  26.4  26.2  25.6  25.5  26.1  25.7  24.8  24.4  24.0  23.9  23.4  23.3  23.8  23.4  23.2  23.0  23.4  23.5  23.2  23.1  23.5  23.3  23.1  23.2  23.8  23.6  24.0  23.8  25.2  25.3 
 26.7  25.9  25.8  26.1  25.4  25.2  25.2  25.0  24.4  24.2  23.9  24.1  23.7  23.5  23.5  23.7  23.4  23.5  23.4  23.7  23.5  23.2  23.4  23.8  23.3  23.5  24.0  24.6  24.4  24.5  26.1  26.8 
 27.4  26.3  26.0  25.8  25.3  25.1  25.4  25.0  24.4  23.9  24.2  23.9  23.7  23.5  23.7  23.8  23.6  23.1  23.8  23.5  23.5  23.4  23.6  23.7  23.6  23.6  24.8  24.9  25.0  24.8  27.2  27.2 
