 23.8  22.7  23.3  23.0  23.1  22.2  22.7  22.6  22.7  22.3  22.5  22.5  22.6  22.2  22.6  22.6  22.3  22.1  22.6  22.5  22.3  22.2  22.7  22.6  22.7  22.4  23.4  23.9  23.7  23.3  24.5  24.5 
 23.0  23.2  23.3  23.0  22.8  22.6  22.8  22.9  22.3  22.5  22.7  22.6  22.3  22.4  22.8  22.5  22.2  22.3  22.6  22.7  22.6  22.5  22.8  22.5  22.6  22.8  23.2  24.1  23.5  23.4  23.9  24.3 
 23.5  22.6  23.5  22.8  22.8  22.4  22.8  22.9  22.8  22.3  22.7  22.8  22.3  22.2  22.7  22.5  22.3  22.2  22.6  22.5  22.4  22.3  22.6  22.8  22.8  22.6  23.2  23.2  23.4  22.8  23.4  23.7 
 23.3  23.2  23.2  23.2  22.7  22.2  22.9  22.9  22.6  22.6  22.9  22.7  22.3  22.3  22.6  22.4  22.3  22.4  22.7  22.5  22.3  22.4  22.8  22.7  22.7  22.7  23.1  22.6  22.6  22.8  23.4  23.6 
 23.6  22.8  23.1  23.1  22.9  22.3  22.8  22.9  23.0  23.0  22.7  22.8  22.6  22.2  22.6  22.5  22.3  22.1  22.4  22.4  22.5  22.1  22.5  22.8  22.6  22.3  22.7  22.9  22.8  22.7  23.1  23.4 
 22.8  23.2  23.1  23.0  22.6  22.7  23.2  22.9  23.3  23.7  23.1  22.7  22.4  22.4  22.5  22.3  22.4  22.4  22.6  22.5  22.4  22.4  22.6  22.7  22.5  22.3  22.8  22.8  22.7  22.9  23.4  23.3 
 23.3  22.7  22.8  22.9  22.8  22.4  22.9  23.2  25.4  26.3  24.2  23.2  22.5  22.4  22.6  22.4  22.4  22.3  22.5  22.5  22.5  22.5  22.7  22.7  22.6  22.4  22.8  22.7  23.0  22.4  22.9  23.1 
 23.3  22.6  22.6  22.9  22.5  22.6  23.3  23.3  25.6  27.3  24.6  23.1  22.6  22.4  22.6  22.4  22.3  22.4  22.5  22.3  22.4  22.4  22.9  22.6  22.5  22.5  22.9  22.8  22.9  22.9  23.2  22.4 
 23.4  23.0  23.3  23.1  22.9  22.7  23.1  22.9  23.4  23.2  23.2  22.7  22.5  22.4  22.5  22.7  22.3  22.3  22.5  22.5  22.4  22.5  22.6  22.6  22.6  22.5  22.7  22.9  22.8  22.4  23.2  22.9 
 23.3  23.4  23.3  23.3  22.8  22.8  22.9  22.9  22.8  23.1  22.8  22.8  22.5  22.5  22.5  22.5  22.4  22.4  22.5  22.5  22.6  22.5  22.7  22.7  22.6  22.6  23.0  22.9  22.7  23.0  23.3  23.2 
 23.7  23.6  24.0  24.0  23.6  23.4  23.2  23.1  22.9  22.7  22.8  22.8  22.8  22.4  22.7  22.7  22.5  22.3  22.6  22.6  22.7  22.5  22.7  22.5  22.6  22.4  23.4  23.6  23.6  23.0  23.0  23.1 
 23.5  23.8  24.2  24.3  24.4  24.6  23.9  23.5  22.9  23.1  22.7  22.8  22.7  22.5  22.6  22.6  22.4  22.4  22.7  22.6  22.5  22.4  22.6 nan  22.3  22.4  24.3  25.1  23.6  23.2  23.2  23.2 
 24.4  24.1  25.2  25.6  27.2  27.4  32.5  34.8  33.0  29.2  23.2  22.9  22.6  22.4  22.8  22.7  22.6  22.5  22.8  22.6  22.6  22.1  22.5  22.8  22.7  22.6  23.9  24.5  23.5  22.9  23.5  23.2 
 24.6  25.0  26.1  26.5  28.4  30.0  41.5  48.7  53.4  47.2  24.6  23.2  22.7  22.6  22.6  22.7  22.5  22.6  22.7  22.7  22.6  22.5  22.8  22.6  22.6  22.6  23.1  23.5  23.2  22.9  23.3  23.2 
 24.8  25.1  26.7  27.4  30.6  33.7  54.6  62.9  74.4  71.2  34.6  25.5  22.7  22.5  22.7  22.6  22.6  22.5  22.7  22.9  22.6  22.5  22.7  22.7  22.7  22.5  22.7  22.8  23.2  22.7  23.1  23.3 
 24.9  25.4  26.7  27.4  30.6  34.1  53.3  62.4  78.4  79.2  37.2  25.9  22.8  22.7  22.7  22.6  22.5  22.5  22.7  22.7  22.6  22.4  22.8  22.8  22.7  22.6  23.0  22.7  22.9  23.1  23.4  23.3 
 25.2  25.1  26.5  26.9  29.5  31.4  44.1  53.3  73.1  69.9  29.9  24.5  22.7  22.4  22.6  22.8  22.5  22.4  22.6  22.6  22.7  22.4  22.8  22.8  22.8  22.6  23.3  23.0  23.0  22.9  23.5  23.3 
 25.2  25.3  26.5  26.5  28.5  29.7  36.7  42.0  54.0  49.5  25.8  23.7  22.7  22.8  22.7  22.8  22.5  22.5  22.9  22.8  22.6  22.5  22.9  22.9  22.7  22.5  23.0  23.1  23.0  22.9  23.7  23.9 
 25.5  25.0  26.3  26.5  26.9  26.9  28.5  29.6  29.8  27.8  23.8  23.2  22.9  22.6  22.9  22.8  22.7  22.6  22.7  22.7  22.8  22.5  22.9  22.9  22.9  22.8  23.1  23.1  23.0  22.7  23.6  23.9 
 25.4  25.5  26.1  26.2  26.2  26.3  27.4  27.4  27.0  26.1  23.7  23.2  22.8  22.7  23.0  22.7  22.7  22.7  22.8  22.7  22.5  22.6  22.8  22.9  22.7  22.7  23.1  23.3  23.0  23.2  23.8  23.9 
 25.3  25.3  25.8  25.7  25.7  25.4  25.6  25.8  25.3  24.5  23.7  23.5  22.9  22.6  22.8  22.8  22.7  22.9  22.8  22.8  22.8  22.4  23.1  23.1  23.2  22.7  23.1  23.5  23.7  24.0  25.3  25.4 
 24.9  25.0  25.4  25.5  25.3  24.9  25.4  25.3  24.6  24.3  23.5  23.3  22.8  23.0  22.9  22.9  22.7  22.6  23.3  23.1  22.7  22.6  23.1  23.1  22.7  22.9  23.3  23.6  24.4  24.6  25.5  25.6 
 26.0  25.5  25.2  25.3  25.2  24.9  24.8  24.7  24.1  23.8  23.5  23.6  23.4  22.9  23.0  23.1  23.0  22.5  23.3  23.0  23.0  22.7  23.2  23.2  23.4  23.4  25.1  25.6  25.9  25.4  26.7  26.5 
 25.9  25.9  25.6  25.5  24.7  24.8  24.6  24.8  23.6  23.8  23.4  23.4  23.1  23.1  23.1  23.1  22.9  22.8  23.3  23.3  23.1  23.1  23.8  23.5  23.8  24.5  26.2  26.5  26.0  26.1  27.4  27.2 
