 24.1  23.5  23.8  23.6  23.3  23.3  23.4  23.3  23.1  23.0  23.0  23.4  23.0  22.9  23.0  23.2  22.9  22.9  23.0  23.2  22.8  22.9  23.0  23.2  23.1  22.8  23.2  23.3  23.6  23.6  24.4  25.2 
 24.0  23.3  24.1  23.8  23.5  23.1  23.4  23.5  23.2  23.0  23.4  23.2  23.0  22.9  23.2  23.0  22.9  22.5  23.2  22.9  23.0  22.9  22.8  23.3  22.9  22.9  23.4  23.2  23.4  23.3  24.7  24.8 
 23.5  23.3  23.7  23.4  23.0  22.9  23.0  23.1  23.0  22.9  23.3  23.2  22.8  22.9  23.2  23.0  22.8  22.9  22.9  23.0  22.9  22.7  22.9  23.0  23.1  23.1  23.3  23.4  23.6  23.5  23.8  24.2 
 23.4  23.3  23.7  23.5  22.8  23.0  23.3  23.2  23.4  22.9  23.5  23.1  22.9  22.7  22.9  23.0  23.0  22.6  23.2  22.8  22.9  22.8  22.9  22.8  23.1  22.9  23.4  23.1  23.4  24.1  24.1  24.2 
 23.1  23.5  23.3  23.4  23.2  23.1  23.2  23.3  23.5  23.8  24.3  23.7  22.8  22.8  22.9  22.8  22.7  22.7  22.9  22.7  22.7  22.8  22.8  22.9  22.8  22.9  23.2  23.1  23.5  23.7  23.5  23.9 
 23.3  23.1  23.5  23.4  23.1  22.9  23.3  23.2  23.7  24.7  26.1  24.4  22.9  22.9  22.8  22.9  22.8  22.7  22.7  23.0  22.7  22.8  22.9  22.8  23.2  22.9  23.3  23.2  23.1  23.3  23.9  23.4 
 23.3  23.3  23.3  23.3  22.9  23.1  23.1  23.4  24.0  25.3  27.7  25.2  22.9  22.7  22.8  22.9  22.7  22.7  22.7  22.8  22.8  22.9  23.0  23.1  23.0  22.9  23.2  23.2  23.1  23.1  23.5  23.5 
 23.4  23.0  23.4  23.4  23.1  22.8  23.2  23.1  23.2  23.7  24.6  23.6  23.0  22.7  22.9  22.8  22.7  22.8  22.8  22.7  22.8  22.8  23.2  23.0  22.9  22.7  23.1  23.0  23.1  23.1  23.2  22.6 
 23.6  23.2  23.4  23.5  23.2  23.2  23.1  23.1  23.0  23.0  23.0  23.0  22.7  22.9  22.9  22.9  22.7  22.8  23.0  23.0  22.8  22.8  23.2  23.0  22.9  22.9  22.9  23.0  23.0  22.8  23.3  23.3 
 23.6  23.2  23.6  23.6  23.4  23.2  23.2  22.9  23.0  22.8  22.9  23.1  22.9  22.9  23.1  22.9  22.7  22.8  23.0  23.0  22.9  22.9  23.0  23.1  23.0  22.8  23.1  23.3  22.9  22.8  23.5  23.4 
 24.2  24.4  24.6  24.9  24.7  24.6  23.8  23.5  23.0  23.1  23.0  23.1  22.8  22.8  23.0  23.0  23.0  22.8  22.9  22.9  22.7  22.9  22.9  23.1  22.7  22.8  22.9  23.0  23.0  23.4  23.3  23.5 
 24.7  24.5  25.2  25.4  25.8  25.7  25.2  24.5  23.4  23.2  23.0  23.2  23.0  22.8  23.0  23.1  22.8  22.8  23.0  23.0  22.9  22.8  22.8 nan  22.7  22.6  23.0  23.2  23.0  22.7  23.3  23.6 
 25.7  25.3  26.2  27.0  28.5  29.6  38.2  41.8  39.7  33.8  23.6  23.3  22.9  22.9  23.0  23.0  22.9  22.7  22.9  22.8  22.8  22.7  23.0  23.1  23.0  22.8  23.4  23.4  23.4  23.1  23.7  23.7 
 25.6  25.8  27.0  27.6  30.2  32.5  47.7  54.4  58.6  51.7  24.9  23.7  23.1  23.1  23.1  22.9  22.8  22.6  22.9  23.0  22.8  22.7  22.9  23.0  22.9  22.7  24.1  24.1  23.6  23.1  23.4  23.4 
 26.0  26.2  27.5  28.7  32.5  36.8  57.6  66.5  77.6  73.4  30.7  25.0  23.0  23.1  23.0  23.0  23.0  22.9  23.0  23.0  22.8  22.8  23.1  22.9  22.8  23.0  25.5  25.5  23.4  23.2  23.5  23.5 
 26.0  26.1  27.9  28.7  32.8  36.8  57.2  68.7  87.2  82.2  30.4  24.8  23.2  22.9  23.0  23.1  22.9  22.7  23.0  23.1  22.7  22.8  23.0  22.9  22.7  22.8  24.3  24.7  23.3  23.2  23.8  23.7 
 25.9  26.3  27.5  28.0  30.1  31.8  45.5  55.6  67.7  57.2  25.4  23.8  23.1  23.0  23.1  23.0  23.0  23.0  22.9  23.1  23.0  22.9  23.0  23.1  23.0  22.8  23.3  23.7  23.5  23.3  23.7  23.7 
 26.1  25.8  27.3  27.5  28.7  29.7  37.8  42.8  46.3  39.2  24.4  23.6  23.3  23.1  23.3  23.2  23.0  22.7  23.2  23.1  23.0  22.8  23.0  23.2  23.1  22.8  23.3  23.2  23.6  23.2  23.6  24.0 
 26.1  26.0  26.8  26.9  27.2  27.4  28.8  29.5  28.2  26.3  23.7  23.5  23.3  23.2  23.3  23.0  23.2  23.0  23.0  23.3  23.0  22.9  23.2  23.2  23.2  23.0  23.3  23.4  23.6  23.4  23.7  23.8 
 25.9  26.2  26.5  26.6  26.8  26.7  27.7  27.5  26.6  25.4  23.7  23.5  23.3  23.2  23.4  23.3  23.2  23.0  23.4  23.2  22.9  22.9  23.3  23.4  22.9  23.1  23.4  23.2  23.4  23.1  23.9  24.1 
 26.0  25.9  26.3  26.2  25.9  26.3  25.9  26.0  25.1  24.6  23.8  23.7  23.3  23.3  23.3  23.4  23.0  23.2  23.1  23.2  23.0  22.9  23.4  23.3  23.2  23.0  23.6  23.5  23.5  23.9  24.0  24.7 
 25.9  25.8  26.4  25.9  25.9  25.6  25.8  25.8  24.7  24.3  23.7  23.7  23.4  23.1  23.3  23.5  23.1  23.2  23.3  23.2  23.2  23.1  23.4  23.4  23.0  23.2  23.5  23.8  23.6  23.6  24.7  25.6 
 27.0  26.2  25.9  25.9  25.7  25.3  25.2  24.9  24.5  24.0  23.9  23.9  23.6  23.4  23.5  23.6  23.5  23.1  23.5  23.2  23.4  23.2  23.6  23.5  23.5  23.2  23.9  24.0  24.4  24.1  25.8  26.4 
 27.1  26.1  25.7  25.8  25.4  25.1  25.2  25.0  24.3  24.0  24.2  24.0  23.6  23.6  23.4  23.5  23.6  23.4  23.6  23.5  23.5  23.4  23.5  23.9  23.5  23.6  24.8  24.9  24.8  24.6  26.3  27.2 
