 24.4  23.1  23.7  23.8  23.4  23.3  23.0  23.5  22.9  22.8  23.0  23.4  22.7  22.7  22.7  23.1  22.7  22.8  22.9  23.1  22.8  22.8  22.8  23.3  22.7  22.9  23.1  23.8  23.0  23.4  24.0  25.5 
 24.2  23.6  23.9  23.5  23.1  23.1  23.3  23.2  22.9  23.1  23.7  23.2  22.8  22.7  23.2  22.9  22.8  22.6  23.2  23.0  22.9  22.6  23.2  22.9  22.8  22.8  23.4  23.2  23.2  23.2  24.4  24.4 
 23.3  23.4  23.6  23.9  23.0  22.7  22.8  23.3  22.9  22.8  23.0  23.4  22.7  22.8  22.9  23.2  22.7  22.7  22.8  23.2  22.6  22.8  22.9  23.0  22.8  22.9  23.2  23.6  23.3  23.4  23.5  24.4 
 23.5  23.0  23.7  23.4  22.9  22.6  23.3  23.4  23.1  23.0  23.5  23.2  22.9  22.5  23.1  22.9  22.9  22.5  23.2  22.8  22.9  22.7  23.1  22.9  23.0  22.7  23.4  23.0  23.4  24.2  24.7  24.1 
 23.2  23.3  23.0  23.5  22.7  22.9  22.9  23.5  23.3  23.6  24.2  23.7  22.9  22.7  22.7  23.0  22.7  22.6  22.8  23.0  22.7  22.8  22.7  23.1  22.9  22.7  23.1  23.3  23.3  23.9  23.4  23.9 
 23.3  23.0  23.3  23.2  22.8  22.9  23.3  23.2  23.7  24.3  26.1  24.3  22.8  22.5  23.0  22.9  22.8  22.6  23.1  22.9  22.7  22.5  23.1  22.7  22.9  22.7  23.4  23.1  23.3  23.2  23.6  23.5 
 23.4  23.1  23.0  23.5  22.7  22.8  23.0  23.5  23.8  25.1  27.7  25.2  22.7  22.8  22.7  23.0  22.5  22.7  22.6  23.0  22.6  22.8  22.8  23.3  22.9  22.7  22.8  23.5  23.0  23.0  23.0  23.5 
 23.3  23.1  23.4  23.3  23.0  22.6  23.1  23.1  23.3  23.3  24.7  23.5  23.0  22.5  23.1  22.7  22.7  22.5  22.9  22.8  22.6  22.6  23.1  22.9  23.0  22.8  23.4  22.9  22.8  22.7  23.4  22.3 
 23.5  23.4  23.5  23.2  22.7  23.0  23.0  23.4  22.8  22.9  22.9  23.1  22.7  22.8  22.7  23.1  22.5  22.7  23.0  23.0  22.7  22.9  22.9  23.0  22.7  22.6  22.8  23.3  22.9  22.8  22.9  23.6 
 23.6  23.1  23.7  23.5  23.4  23.1  23.3  23.0  22.9  22.8  23.2  23.0  22.8  22.4  22.9  22.8  22.7  22.6  23.1  22.8  22.7  22.6  23.1  22.8  22.8  22.8  23.4  22.9  22.9  22.7  23.7  23.3 
 24.0  24.3  24.6  25.1  24.6  24.1  23.3  23.6  22.9  23.0  22.9  23.2  22.6  22.7  22.7  23.0  22.7  22.9  22.7  22.9  22.6  22.7  22.8  23.1  22.6  22.7  22.8  23.1  22.7  22.7  23.2  23.5 
 24.4  24.4  25.3  25.5  25.7  25.5  25.3  24.4  23.2  23.1  23.3  23.0  23.0  22.8  23.0  22.8  22.9  22.6  23.0  22.8  22.8  22.7  23.1 nan  22.7  22.6  23.2  22.9  22.9  22.7  23.6  23.5 
 25.1  25.0  26.3  27.0  28.5  29.6  38.0  42.1  39.5  33.7  23.5  23.6  22.8  22.8  22.8  23.0  22.8  22.7  22.8  23.1  22.7  22.6  22.7  23.2  22.9  22.8  23.2  23.6  23.1  23.0  23.3  23.7 
 25.6  25.7  27.1  27.5  30.2  32.4  47.7  54.4  58.6  51.5  25.1  23.5  22.9  22.9  23.1  22.9  22.8  22.8  23.1  22.9  22.8  22.6  23.3  22.8  22.9  22.6  24.2  24.1  23.5  23.0  23.6  23.3 
 25.6  26.2  27.5  28.7  32.3  36.6  57.3  66.6  77.4  73.4  30.7  24.9  22.8  23.1  22.8  23.2  22.8  22.9  22.9  23.3  22.7  22.7  22.8  23.0  22.8  22.9  25.3  25.6  23.2  23.2  23.2  23.8 
 25.8  26.1  28.0  28.5  32.6  36.6  57.2  68.7  87.0  82.0  30.6  24.8  23.0  22.8  23.1  22.9  22.9  22.7  23.0  22.8  22.7  22.7  23.1  22.8  22.7  22.7  24.6  24.6  23.4  23.1  23.8  23.4 
 25.8  26.0  27.4  28.2  30.0  31.9  45.3  55.6  67.6  57.2  25.4  24.0  23.1  23.0  22.8  23.1  22.9  22.7  22.8  23.2  22.9  22.6  22.7  23.2  22.7  22.7  23.0  23.7  23.1  23.4  23.6  23.9 
 26.1  25.8  27.3  27.4  28.7  29.5  37.7  42.8  46.3  38.8  24.4  23.5  23.2  23.0  23.4  22.9  23.0  22.8  23.1  23.1  22.8  22.7  23.1  23.1  23.1  22.7  23.2  22.9  23.2  23.1  23.9  23.7 
 25.9  25.8  26.7  27.2  27.1  27.5  28.7  29.7  28.2  26.2  23.7  23.8  23.1  22.9  22.9  23.4  22.9  22.9  22.9  23.3  22.9  22.8  23.0  23.3  22.9  22.9  22.8  23.6  23.2  23.1  23.6  24.4 
 25.7  25.9  26.4  26.4  26.5  26.4  27.8  27.5  26.5  25.3  23.8  23.3  23.1  23.2  23.5  23.2  22.9  22.8  23.3  23.0  23.0  22.7  23.3  23.2  23.0  22.9  23.3  23.6  23.2  23.3  24.3  23.8 
 25.8  25.6  26.2  26.3  26.1  26.1  26.0  26.2  25.0  24.5  23.5  23.8  23.2  23.1  23.2  23.6  22.7  23.1  23.1  23.6  22.9  22.8  23.3  23.5  23.1  22.7  23.4  23.8  23.1  23.5  23.9  25.3 
 25.9  25.7  26.3  25.8  25.8  25.5  25.8  25.8  24.6  24.1  24.0  23.7  23.2  23.2  23.6  23.5  23.2  23.0  23.4  23.0  23.0  22.8  23.7  23.1  23.2  23.0  23.7  23.5  23.6  23.3  24.7  25.2 
 26.1  26.2  25.7  26.1  25.3  25.0  25.1  25.2  24.4  24.1  23.7  24.1  23.5  23.6  23.4  23.9  23.2  23.1  23.3  23.6  23.3  23.2  23.3  23.8  23.1  22.9  23.7  24.5  24.1  23.9  25.3  27.7 
 26.8  26.2  26.2  25.9  25.1  24.9  25.3  24.8  23.9  24.0  24.2  23.9  23.5  23.2  23.7  23.4  23.4  23.2  23.6  23.2  23.4  23.0  23.7  23.6  23.3  23.5  24.8  25.0  25.0  24.7  26.8  26.5 
