 24.3  23.2  23.9  23.8  23.6  23.0  23.5  23.3  23.0  22.8  23.2  23.2  22.9  22.8  23.2  23.0  22.9  22.6  23.2  23.1  22.7  22.8  23.3  23.0  23.2  22.6  23.1  23.6  23.4  23.1  24.6  25.0 
 23.7  23.7  24.0  23.8  23.0  23.1  23.4  23.5  22.8  22.8  23.2  23.5  22.9  22.8  23.1  23.2  22.6  22.6  23.2  23.0  22.8  22.6  23.1  23.3  22.6  22.9  23.3  23.5  23.1  23.5  24.3  24.7 
 23.8  23.1  24.0  23.6  23.1  22.6  23.4  23.1  23.2  22.8  23.4  23.3  22.7  22.7  23.2  22.8  22.8  22.6  22.9  22.9  22.9  22.5  22.9  22.8  22.9  22.6  23.6  23.4  23.3  23.2  23.8  24.2 
 23.2  23.1  23.4  23.8  22.9  22.8  23.2  23.4  22.9  22.9  23.4  23.5  22.5  22.5  22.9  23.0  22.6  22.6  22.9  23.2  22.6  22.7  22.8  23.0  22.6  23.0  23.4  23.4  23.2  24.1  24.0  24.2 
 23.5  23.2  23.6  23.2  22.9  22.8  23.0  23.3  23.4  23.4  24.4  23.7  23.0  22.6  23.0  22.8  22.8  22.5  23.0  22.8  22.9  22.4  23.2  22.6  22.9  22.8  23.0  23.3  23.5  23.8  24.0  23.9 
 23.0  23.1  23.3  23.1  22.6  22.7  23.4  23.4  23.6  24.6  26.1  24.5  22.6  22.7  22.8  23.1  22.5  22.6  22.8  22.9  22.6  22.5  23.0  23.2  22.8  22.7  23.1  23.5  23.0  23.5  23.6  23.6 
 23.3  23.0  23.4  23.5  23.0  22.7  23.2  23.1  23.9  25.0  27.9  25.1  22.8  22.6  22.9  22.8  22.7  22.6  22.9  22.9  22.8  22.4  23.1  23.0  23.1  22.7  23.2  23.1  22.9  22.7  23.4  23.3 
 23.3  23.0  23.4  23.6  22.9  22.8  23.2  23.3  23.1  23.5  24.5  23.6  22.7  22.9  22.8  22.9  22.7  22.7  22.7  23.0  22.6  22.7  23.0  23.2  22.6  22.7  23.1  23.3  22.6  23.1  23.2  22.8 
 23.6  22.9  23.5  23.4  23.0  22.6  23.1  23.1  23.0  22.6  23.1  22.8  22.8  22.6  22.9  22.9  22.7  22.6  23.1  22.7  22.7  22.6  23.0  23.0  23.0  22.6  23.1  23.0  22.9  22.8  23.2  23.1 
 23.5  23.3  23.6  23.8  23.2  23.0  23.1  23.3  22.6  22.8  22.9  23.2  22.6  22.5  22.7  22.9  22.7  22.7  22.8  22.9  22.6  22.7  22.9  23.1  22.6  22.8  23.2  23.4  22.9  22.9  23.5  23.4 
 24.4  24.1  24.9  24.8  24.6  24.3  23.8  23.5  22.9  22.8  23.2  22.9  22.9  22.5  23.1  22.9  22.8  22.5  23.1  22.8  22.8  22.6  23.0  22.9  22.9  22.6  23.0  23.1  23.1  22.5  23.5  23.6 
 24.2  24.3  25.2  25.7  25.4  25.5  25.1  24.7  23.1  23.2  23.2  23.1  22.7  22.7  22.9  23.0  22.4  22.6  22.9  23.0  22.6  22.7  23.0 nan  22.6  22.6  23.0  23.1  22.7  22.8  23.5  23.6 
 25.2  24.9  26.7  27.0  28.6  29.4  38.1  41.8  39.7  33.5  23.8  23.3  22.9  22.8  23.0  22.9  22.8  22.6  23.1  22.8  22.8  22.5  23.0  22.8  22.8  22.4  23.4  23.4  23.0  23.0  23.7  23.8 
 25.1  25.8  27.0  27.7  29.9  32.6  47.6  54.3  58.5  51.6  25.0  23.5  22.9  22.9  23.0  23.2  22.6  22.9  23.0  23.1  22.6  22.6  23.0  23.0  22.9  22.7  24.1  24.2  23.3  23.3  23.3  23.7 
 26.2  26.0  28.0  28.6  32.6  36.6  57.6  66.6  77.5  73.2  30.9  24.8  23.0  22.7  23.1  23.1  22.9  22.6  23.1  22.9  22.8  22.7  23.1  23.0  22.8  22.7  25.5  25.3  23.5  23.0  23.6  23.5 
 25.7  26.0  27.8  28.6  32.6  36.8  57.3  68.9  86.9  82.3  30.5  24.9  22.9  23.0  22.9  23.0  22.7  22.7  22.8  23.2  22.7  22.7  23.0  23.2  22.7  22.7  24.1  24.7  23.3  23.1  23.5  23.6 
 25.9  26.3  27.8  27.9  30.0  31.7  45.7  55.5  67.7  57.2  25.6  23.7  23.0  22.9  23.2  23.0  22.9  22.7  23.1  22.9  23.0  22.6  23.0  23.1  23.0  22.8  23.4  23.4  23.2  23.0  23.8  23.8 
 25.8  26.2  27.3  27.7  28.3  29.6  37.6  42.9  46.3  39.1  24.0  23.8  23.0  23.0  23.0  23.2  22.7  22.8  23.0  23.1  22.5  22.8  22.9  23.2  22.7  22.9  23.2  23.3  23.2  23.2  23.9  24.0 
 26.0  25.8  27.0  27.0  27.2  27.3  29.2  29.2  28.1  26.4  23.9  23.4  23.2  23.0  23.3  23.1  23.0  22.7  23.2  23.2  23.1  22.6  23.3  23.2  23.1  22.8  23.3  23.3  23.6  23.1  23.9  24.2 
 25.4  26.0  26.2  26.7  26.5  26.6  27.6  27.7  26.3  25.5  23.8  23.7  22.8  23.1  23.1  23.3  22.8  22.9  23.3  23.2  22.8  22.8  23.2  23.3  22.9  23.0  23.4  23.6  23.0  23.5  24.0  24.7 
 25.8  25.6  26.7  26.2  26.0  25.7  26.1  25.9  25.1  24.0  24.0  23.8  23.4  23.2  23.5  23.2  22.9  23.0  23.2  23.1  23.0  22.8  23.6  23.3  23.2  23.0  23.6  23.6  23.7  23.4  24.7  25.1 
 25.5  25.6  26.1  26.2  25.5  25.6  25.6  25.8  24.5  24.2  23.9  23.8  23.1  23.2  23.2  23.4  23.1  23.2  23.4  23.4  22.8  23.0  23.4  23.5  22.9  23.3  23.8  23.7  23.5  23.2  25.0  25.9 
 26.7  25.8  26.1  25.8  25.4  24.9  25.4  24.9  24.2  23.7  24.1  24.0  23.7  23.2  23.6  23.5  23.4  23.1  23.8  23.2  23.4  23.2  23.5  23.6  23.2  23.3  24.2  24.3  24.2  23.7  26.5  26.7 
 27.0  26.6  25.7  26.1  25.1  25.3  25.2  25.0  24.0  24.0  24.0  23.8  23.4  23.2  23.4  23.6  23.1  23.2  23.7  23.6  23.3  23.1  23.7  23.7  23.2  23.5  24.5  25.1  24.6  24.5  26.6  27.6 
