 23.4  22.5  23.2  23.2  22.7  22.7  22.8  22.9  22.4  22.1  22.7  22.6  22.2  22.2  22.6  22.7  22.3  22.2  22.5  22.9  22.5  22.5  22.6  23.1  22.6  22.7  23.1  24.0  23.2  23.3  24.5  25.0 
 23.4  22.8  23.3  23.1  22.7  22.7  22.9  22.8  22.6  22.1  22.8  22.7  22.6  22.0  22.9  22.7  22.2  22.1  22.5  22.6  22.6  22.2  23.1  22.8  22.6  22.6  23.6  24.3  23.8  22.7  24.1  24.9 
 23.4  23.0  23.4  23.2  22.5  22.5  22.7  23.0  22.6  22.3  22.6  22.9  22.2  22.4  22.5  22.7  22.4  22.4  22.5  22.7  22.5  22.2  22.6  22.9  22.7  22.5  23.2  23.4  22.5  22.8  23.3  24.1 
 23.2  22.7  23.2  23.1  22.6  22.4  23.1  22.8  22.7  22.4  22.9  22.6  22.5  22.2  22.7  22.4  22.3  22.2  22.7  22.6  22.4  22.3  22.8  22.7  22.5  22.3  23.1  23.0  22.7  22.7  23.6  23.7 
 23.3  22.9  23.0  23.1  22.8  22.6  22.9  22.8  23.0  23.1  22.8  23.0  22.3  22.4  22.4  22.7  22.1  22.4  22.5  22.8  22.3  22.3  22.6  23.0  22.5  22.5  22.9  23.2  22.7  22.8  23.3  23.6 
 22.8  23.0  23.4  23.0  22.7  22.4  22.9  23.0  23.6  23.7  23.2  22.9  22.5  22.3  22.6  22.5  22.3  22.2  22.7  22.4  22.4  22.2  22.7  22.7  22.8  22.4  23.1  23.1  22.9  22.9  23.7  23.0 
 23.0  22.7  23.0  23.3  22.7  22.7  22.9  23.4  25.0  26.7  24.2  23.3  22.4  22.4  22.6  22.6  22.3  22.1  22.4  22.6  22.3  22.5  22.5  22.8  22.5  22.5  22.9  23.2  22.8  22.7  23.3  23.2 
 23.2  22.8  23.2  22.8  22.7  22.3  23.3  23.4  25.7  27.0  24.5  23.1  22.5  22.3  22.7  22.6  22.5  22.2  22.7  22.7  22.6  22.2  22.9  22.6  22.4  22.2  22.9  22.9  22.6  22.6  23.0  22.1 
 23.2  23.0  23.3  23.2  22.6  22.7  23.0  23.2  23.1  23.3  22.9  22.9  22.5  22.5  22.6  22.7  22.2  22.6  22.6  22.7  22.3  22.5  22.8  22.7  22.3  22.6  22.8  23.3  22.8  22.7  23.2  23.6 
 23.6  22.9  23.6  23.4  23.0  22.6  23.0  22.9  22.8  22.7  22.8  22.7  22.5  22.3  22.7  22.6  22.5  22.3  22.8  22.6  22.4  22.3  22.8  22.7  22.5  22.4  23.0  23.2  22.7  22.7  23.7  23.1 
 23.5  23.8  23.8  24.1  23.7  23.5  23.3  23.1  22.7  22.8  22.7  22.8  22.4  22.5  22.6  22.7  22.5  22.3  22.6  22.7  22.4  22.7  22.6  22.7  22.5  22.6  23.2  23.7  23.2  23.2  23.2  23.4 
 24.0  23.4  24.1  24.5  24.4  24.4  24.2  23.6  22.9  22.8  22.9  22.9  22.6  22.4  22.7  22.6  22.5  22.3  22.6  22.5  22.5  22.3  22.7 nan  22.5  22.3  24.2  25.1  23.8  23.0  23.3  23.4 
 24.3  24.1  25.3  26.1  27.0  27.6  32.7  35.0  32.7  29.3  23.1  23.2  22.5  22.6  22.6  22.8  22.5  22.5  22.5  22.7  22.4  22.5  22.6  22.8  22.5  22.6  23.8  24.7  23.6  23.1  23.3  23.5 
 24.7  24.6  26.0  26.5  28.3  29.8  41.8  49.0  53.4  47.1  24.8  23.3  22.8  22.4  22.9  22.6  22.5  22.3  22.8  22.7  22.5  22.3  23.0  22.6  22.8  22.5  23.2  23.5  23.2  22.9  23.4  23.2 
 25.2  25.3  26.6  27.3  30.4  33.6  54.7  63.0  74.5  71.3  34.4  25.7  22.7  22.6  22.5  22.9  22.7  22.5  22.7  22.8  22.5  22.5  22.7  22.8  22.6  22.5  22.8  23.0  22.6  23.0  23.2  23.6 
 25.2  25.1  27.0  27.5  30.7  34.0  53.5  62.5  78.4  79.1  37.2  25.8  22.8  22.6  22.8  22.7  22.7  22.5  22.9  22.7  22.5  22.5  22.8  22.6  22.6  22.4  23.1  22.9  22.9  23.0  23.4  23.5 
 25.1  25.2  26.4  27.1  29.5  31.6  44.2  53.4  73.0  69.9  29.9  24.5  22.6  22.7  22.7  22.8  22.5  22.4  22.8  22.7  22.6  22.5  22.5  22.8  22.8  22.7  23.1  23.2  22.6  22.9  23.4  23.7 
 25.2  24.8  26.5  26.6  28.5  29.3  36.9  42.1  54.0  49.4  25.8  23.7  22.8  22.7  22.9  22.7  22.6  22.4  22.9  22.8  22.6  22.2  22.9  22.8  22.8  22.7  23.2  23.0  23.1  22.6  23.8  23.2 
 25.2  25.5  26.4  26.5  26.7  27.1  28.6  29.6  29.5  27.9  23.8  23.6  22.6  22.8  22.8  22.9  22.6  22.8  22.5  22.9  22.4  22.5  22.9  23.1  22.7  22.7  22.9  23.2  22.9  22.7  23.5  24.0 
 25.2  25.3  26.3  26.4  26.3  25.9  27.3  27.4  26.8  25.9  23.8  23.3  22.8  22.7  23.1  22.8  22.7  22.5  23.0  22.9  22.6  22.4  23.1  22.7  22.7  22.8  23.1  23.2  22.8  22.9  24.4  23.9 
 25.1  24.9  25.5  25.6  25.5  25.5  25.7  26.1  25.1  24.4  23.6  23.6  22.8  22.9  22.8  23.3  22.6  22.7  22.6  23.1  22.7  22.8  23.1  23.1  22.8  22.7  23.3  23.5  23.4  24.2  25.1  25.5 
 25.4  24.7  25.6  25.4  25.3  24.7  25.6  25.5  24.5  24.1  23.6  23.5  22.8  22.7  23.2  23.1  22.6  22.6  23.1  22.9  22.8  22.8  23.5  23.0  22.9  22.7  23.3  23.6  24.4  24.4  25.7  25.9 
 26.1  25.4  25.2  25.7  24.7  24.6  24.7  24.8  24.0  23.7  23.6  23.7  23.1  22.8  23.0  23.2  22.8  23.0  23.2  23.3  22.8  22.7  23.4  23.6  23.2  23.6  25.3  25.7  25.6  25.5  26.0  27.6 
 26.4  25.4  25.4  25.2  24.8  24.6  24.9  24.8  24.0  23.5  23.6  23.6  23.1  22.7  23.3  23.0  22.9  22.7  23.3  23.2  23.0  23.0  23.7  24.0  24.1  24.4  26.4  26.6  26.0  25.7  26.7  27.3 
