 24.7  23.5  23.7  23.5  23.3  22.8  23.1  22.9  22.9  22.5  23.0  23.2  23.0  22.8  22.9  23.0  22.8  22.6  22.7  23.2  22.9  26.2  24.2  31.2  28.2  31.6  31.0  31.0  31.3  27.9  30.1  29.1 
 23.7  23.6  24.0  24.0  23.3  23.1  23.2  22.9  22.7  22.9  23.0  22.7  22.6  22.7  23.1  22.8  22.7  22.9  23.2  22.9  24.7  22.5  30.7  25.9  31.6  29.7  31.5  31.3  26.7  30.2  28.2  29.2 
 23.7  23.5  23.7  23.4  23.2  22.7  23.1  23.1  23.0  22.7  23.0  23.1  22.7  22.6  22.8  23.0  22.5  22.6  22.7  22.9  22.7  25.8  24.5  30.4  29.2  31.1  31.1  29.6  30.6  25.2  27.0  26.4 
 23.4  23.0  23.3  23.5  23.0  22.9  23.3  23.1  22.8  22.9  23.0  23.0  22.6  22.7  22.8  22.8  22.7  22.6  22.9  22.9  23.5  23.0  27.9  25.6  30.0  29.6  30.0  31.3  25.4  29.8  25.1  26.4 
 23.4  23.4  23.3  23.4  23.2  22.7  23.2  23.2  23.4  23.2  22.9  23.0  23.0  22.7  22.7  22.9  22.6  22.6  22.7  23.0  22.9  22.8  23.6  24.5  26.5  24.8  30.3  25.3  30.9  24.1  26.3  24.3 
 23.6  23.3  23.5  23.4  22.8  23.2  23.2  23.3  23.8  24.1  23.3  23.0  22.7  22.7  22.8  22.9  22.7  22.6  23.0  23.0  22.7  22.9  23.3  23.4  23.5  25.9  23.7  30.1  23.6  30.0  24.0  25.8 
 23.4  23.2  23.3  23.3  23.2  22.9  23.2  23.6  25.7  26.9  24.2  23.3  22.8  22.7  22.9  23.0  22.7  22.6  22.7  23.0  22.8  22.8  23.0  23.0  23.2  22.9  26.4  23.6  29.5  23.2  26.3  23.9 
 23.4  23.2  23.3  23.1  23.0  23.0  23.2  23.7  26.1  27.8  25.0  23.4  22.8  22.7  22.8  22.8  22.8  22.7  22.9  23.0  22.6  22.9  23.2  23.3  22.9  23.1  23.4  26.9  23.2  28.3  23.5  24.0 
 23.7  23.3  23.5  23.3  23.1  22.8  23.1  23.5  23.6  23.6  23.2  23.1  22.7  22.7  22.9  23.0  23.0  22.8  22.9  23.0  22.9  22.6  23.0  23.0  23.0  23.0  23.8  23.6  26.1  23.4  24.6  24.0 
 23.6  23.2  23.4  23.2  23.2  23.0  23.1  23.0  23.1  23.1  23.0  23.0  22.8  22.8  22.9  22.8  22.7  22.9  23.0  22.9  22.9  22.9  23.1  23.0  23.2  23.0  23.6  24.0  23.1  24.7  24.0  24.2 
 23.8  23.8  23.7  24.2  23.7  23.3  23.2  23.3  23.0  22.9  22.9  22.9  22.8  22.6  22.9  23.0  22.9  22.8  22.8  23.0  22.9  22.8  22.9  23.1  22.9  22.8  23.4  23.8  23.8  23.7  23.8  24.0 
 23.9  23.8  24.3  24.1  24.1  24.2  23.8  23.4  23.0  22.8  23.2  22.9  22.7  22.8  23.0  22.9  22.9  23.0  23.0  22.8  22.7  23.0  23.1 nan  23.0  22.9  24.3  25.1  24.4  23.6  23.8  23.9 
 24.7  24.3  25.2  25.6  26.5  26.7  29.2  29.9  28.0  26.2  23.2  23.1  22.9  22.7  22.9  22.9  22.8  22.7  22.7  23.0  22.8  22.6  23.0  23.1  23.0  22.9  24.5  25.3  23.9  23.5  23.9  23.9 
 24.7  24.8  25.9  26.3  27.8  29.0  36.6  42.5  45.2  39.8  24.1  23.4  22.9  22.9  23.1  23.0  22.6  22.6  23.0  22.8  22.7  22.6  23.1  23.0  22.9  22.9  23.7  23.9  23.8  23.7  24.2  24.1 
 25.4  25.6  26.5  27.5  30.1  32.9  51.9  60.6  71.4  67.9  34.4  25.8  23.0  22.8  22.9  23.1  22.9  22.6  22.8  23.0  22.8  22.7  22.9  23.1  23.1  22.9  23.2  23.4  23.6  23.3  23.8  23.7 
 25.5  25.6  27.1  27.7  30.4  33.4  52.5  61.2  76.6  76.2  39.3  26.7  23.0  22.9  22.9  22.9  22.8  22.7  22.9  22.8  22.7  22.6  23.1  23.3  23.1  23.0  23.4  23.4  23.4  23.3  24.0  23.7 
 25.4  25.8  26.7  27.7  29.9  32.0  46.0  55.6  78.9  78.7  34.2  25.7  23.2  22.7  22.8  23.1  22.9  22.6  23.0  23.1  23.0  22.7  23.0  23.2  23.2  23.0  23.5  23.7  23.5  23.5  24.1  24.0 
 25.3  25.7  26.7  26.9  28.9  30.4  38.9  45.2  61.3  58.6  28.2  24.4  23.0  23.1  23.0  23.1  22.9  22.9  23.1  23.2  22.9  23.0  23.2  23.1  23.3  23.1  23.6  23.4  23.3  23.3  24.1  23.7 
 25.4  25.5  26.4  26.7  27.5  27.6  29.6  31.1  32.3  30.5  24.5  23.6  23.2  23.0  23.2  23.3  23.1  22.9  23.2  23.4  23.1  22.8  23.2  23.3  23.4  23.2  23.3  23.5  23.6  23.4  24.0  24.5 
 25.5  25.7  26.5  26.7  26.6  26.7  28.1  28.2  28.2  27.4  24.3  23.6  23.1  23.2  23.2  23.2  22.9  23.0  23.3  23.0  23.1  23.0  23.4  23.4  23.2  23.3  23.6  23.5  23.3  23.7  23.9  24.4 
 25.9  25.6  26.0  26.5  26.2  25.5  26.3  26.3  26.0  25.2  24.0  23.7  23.2  23.2  23.2  23.3  23.1  22.8  23.1  23.3  23.1  22.9  23.3  23.5  23.5  23.2  23.8  23.9  23.9  24.1  24.9  25.3 
 25.4  25.7  26.3  25.9  25.6  25.7  26.0  25.8  25.4  25.0  24.1  23.8  23.2  23.2  23.3  23.4  23.1  23.1  23.3  23.2  23.1  23.1  23.6  23.6  23.4  23.3  23.7  23.9  24.7  24.6  25.7  26.1 
 27.3  26.2  25.7  25.7  25.6  25.0  25.1  25.3  24.7  24.2  24.1  24.0  23.6  23.2  23.4  23.6  23.3  23.1  23.3  23.4  23.3  23.1  23.5  23.7  23.7  23.5  24.4  25.5  25.4  25.1  26.4  27.7 
 27.3  26.7  25.8  25.7  25.1  25.2  25.1  25.1  24.4  24.4  24.1  23.8  23.5  23.4  23.6  23.2  23.2  23.3  23.5  23.6  23.3  23.4  24.1  24.0  23.9  24.2  25.6  25.8  25.8  25.6  28.0  27.6 
