 24.7  23.2  24.1  23.7  23.5  23.2  23.4  23.2  23.4  23.0  23.2  22.9  23.0  22.7  23.2  23.1  23.0  22.7  23.1  23.2  23.1  22.7  23.2  23.2  23.2  22.8  23.4  23.6  23.6  23.3  24.4  25.7 
 23.7  23.5  23.8  24.1  23.2  23.4  23.1  23.5  23.0  23.2  23.2  23.3  22.9  23.0  23.1  23.0  22.5  23.0  22.9  23.2  22.9  22.6  23.0  23.3  22.8  23.2  23.4  23.5  23.3  23.7  24.3  25.0 
 23.8  22.9  23.7  23.3  23.5  22.6  23.4  23.1  23.1  23.0  23.4  23.2  23.2  22.6  23.1  22.9  23.0  22.5  22.8  22.8  23.0  22.5  23.0  22.9  23.1  22.7  23.4  23.1  23.6  23.2  23.8  24.2 
 23.0  23.4  23.6  23.7  22.9  22.8  23.1  23.0  23.0  23.1  23.3  23.3  22.7  22.9  22.8  23.3  22.8  22.9  23.1  23.0  22.7  23.0  23.0  23.0  22.8  23.1  23.2  23.4  23.2  24.3  24.3  24.0 
 23.7  23.0  23.3  23.3  23.1  22.8  23.2  23.1  23.8  23.7  24.4  23.6  23.0  22.7  23.0  23.0  22.9  22.5  22.7  22.8  23.1  22.5  23.0  23.0  23.1  22.7  23.2  23.1  23.7  23.9  24.0  23.7 
 23.0  23.3  23.4  23.4  22.7  23.1  23.2  23.3  23.6  24.8  25.9  24.5  22.8  22.8  22.7  23.0  22.6  23.0  22.8  22.8  22.6  22.8  23.0  23.2  22.8  23.0  23.0  23.2  23.0  23.3  23.6  23.8 
 23.6  22.9  23.4  23.2  23.1  22.7  23.2  23.1  24.1  25.1  27.8  25.0  23.1  22.8  22.9  22.8  22.8  22.6  23.0  22.8  22.9  22.5  23.0  23.0  23.1  22.6  23.1  23.3  23.2  22.8  23.3  23.3 
 23.4  23.5  23.4  23.5  22.5  23.2  23.0  23.2  23.1  23.6  24.5  23.6  22.7  22.9  22.8  23.0  22.6  22.9  22.9  23.0  22.6  22.9  23.1  23.1  22.7  23.0  23.2  23.3  22.9  23.4  23.4  22.8 
 23.9  23.1  23.6  23.2  23.4  22.8  23.1  23.0  23.0  22.5  23.2  23.0  23.0  22.6  22.8  22.9  22.9  22.6  23.1  22.9  23.0  22.6  22.9  23.0  23.0  22.7  23.0  23.1  23.0  22.8  23.2  23.0 
 23.5  23.5  23.4  23.6  23.5  23.4  23.0  23.2  22.9  22.9  22.8  23.2  22.6  22.9  22.9  23.0  22.6  22.8  22.8  23.0  22.7  22.9  23.0  23.1  22.9  22.9  22.8  23.1  22.8  23.1  23.4  23.5 
 24.5  24.3  24.8  24.9  24.8  24.3  24.0  23.5  23.2  22.8  23.1  22.9  23.2  22.6  23.0  22.9  23.1  22.6  23.0  22.9  22.9  22.5  22.9  22.9  23.1  22.6  22.9  23.1  23.2  22.9  23.3  23.3 
 24.2  24.4  25.2  25.3  25.3  25.8  25.0  24.4  23.1  23.3  23.1  23.2  22.9  22.9  22.7  23.1  22.6  22.8  22.9  23.0  22.6  22.9  22.9 nan  22.8  22.7  23.0  23.1  22.9  23.1  23.3  23.7 
 25.7  25.2  26.4  27.0  28.7  29.5  38.0  41.7  40.0  33.7  23.6  23.2  23.2  22.7  23.1  22.9  23.0  22.7  23.1  22.8  22.9  22.6  22.8  22.8  23.1  22.7  23.3  23.3  23.4  22.7  23.7  23.4 
 25.5  25.8  26.9  27.4  30.0  32.7  47.6  54.3  58.5  51.8  24.8  23.7  22.8  23.0  22.9  23.0  22.5  22.9  23.0  23.0  22.6  22.8  23.0  23.1  22.8  22.9  23.9  24.4  23.2  23.4  23.3  23.7 
 26.2  26.0  27.9  28.4  32.8  36.5  57.5  66.5  77.7  73.2  30.9  24.9  23.3  22.8  23.1  22.9  23.1  22.7  23.0  23.0  22.9  22.5  23.2  22.9  23.1  22.8  25.7  25.5  23.6  23.1  23.5  23.7 
 25.7  26.3  27.8  28.7  32.5  36.9  57.2  68.9  87.1  82.2  30.4  24.9  23.0  23.0  22.9  23.1  22.8  23.0  23.0  23.2  22.8  22.9  22.9  23.1  22.8  23.0  24.1  24.7  23.0  23.4  23.6  23.7 
 26.0  26.0  27.7  28.0  30.2  31.7  45.7  55.5  67.9  57.1  25.6  23.8  23.2  22.8  23.2  23.1  23.0  22.6  23.1  22.8  23.2  22.6  22.9  23.1  23.2  22.6  23.3  23.4  23.5  23.1  23.7  23.6 
 25.9  26.1  27.2  27.5  28.8  29.8  37.6  42.9  46.2  39.3  24.0  23.8  23.2  23.2  23.0  23.1  22.9  23.1  23.1  23.0  22.7  22.9  23.0  23.3  22.7  22.9  23.2  23.3  23.4  23.6  23.6  24.0 
 26.4  25.9  26.7  26.9  27.4  27.2  28.9  29.2  28.4  26.1  24.0  23.4  23.4  22.9  23.1  23.2  23.3  22.7  23.1  23.1  23.4  22.6  23.1  23.2  23.2  22.9  23.2  23.3  23.9  23.1  23.9  24.2 
 25.6  26.3  26.5  26.8  26.5  26.9  27.7  27.9  26.4  25.6  23.6  23.5  23.1  23.4  23.3  23.3  22.9  23.3  23.2  23.1  22.9  23.1  23.2  23.4  23.0  23.1  23.4  23.7  23.4  23.4  24.2  24.5 
 26.1  25.2  26.6  26.4  26.2  25.6  26.3  26.0  25.6  24.2  23.9  23.6  23.5  23.0  23.4  23.3  23.3  22.7  23.2  23.2  23.2  22.8  23.6  23.5  23.6  23.0  23.5  23.5  23.7  23.2  24.7  24.6 
 25.9  26.0  26.0  26.2  25.6  25.9  25.8  25.7  24.3  24.5  23.9  23.8  23.1  23.5  23.2  23.4  23.0  23.2  23.4  23.2  23.0  23.3  23.4  23.3  23.0  23.3  23.4  24.1  23.5  23.6  25.0  25.6 
 27.2  25.8  25.8  25.8  25.7  24.9  25.4  25.0  24.6  23.8  24.0  23.9  23.7  23.1  23.5  23.4  23.8  23.1  23.4  23.5  23.6  23.1  23.4  23.7  23.7  23.1  24.2  24.3  24.4  24.0  25.7  26.7 
 27.0  26.6  26.1  26.2  24.8  25.4  25.0  24.9  24.2  24.1  23.7  24.0  23.5  23.6  23.4  23.8  23.1  23.5  23.6  23.6  23.0  23.4  23.6  23.7  23.5  23.5  24.5  25.3  24.6  24.8  26.6  27.6 
