 23.7  23.2  23.7  23.7  23.1  23.0  23.1  23.5  23.0  22.7  22.9  23.0  22.8  22.6  22.9  23.1  22.7  22.7  22.9  23.1  22.6  22.6  22.9  23.2  22.8  22.6  23.0  23.1  23.3  22.9  24.0  25.3 
 23.7  23.0  23.6  23.8  22.9  23.1  23.3  23.4  22.8  22.8  23.1  23.1  22.7  22.8  23.1  22.8  22.6  22.5  22.9  22.9  22.8  22.6  23.0  22.9  22.5  22.8  23.3  23.1  22.9  23.1  24.5  24.6 
 23.5  23.1  23.6  23.4  23.2  22.7  23.1  23.3  23.1  22.8  23.2  23.1  23.0  22.5  22.7  23.0  22.7  22.5  22.8  22.8  22.7  22.4  22.7  23.1  22.8  22.7  23.0  23.2  23.0  23.1  23.7  23.8 
 23.0  23.0  23.3  23.4  22.9  22.7  23.2  23.2  23.0  22.9  23.3  23.2  22.6  22.6  22.7  22.9  22.6  22.7  23.0  23.0  22.6  22.6  23.1  23.0  22.7  22.6  23.2  23.3  23.4  23.8  23.6  24.3 
 23.0  22.8  23.0  23.3  22.9  22.9  23.2  23.2  23.3  23.5  24.0  23.6  22.7  22.5  22.6  22.8  22.6  22.5  22.8  22.8  22.8  22.5  22.8  22.7  22.9  22.4  23.1  23.4  23.6  23.8  23.4  23.7 
 23.0  23.2  23.2  23.0  22.7  22.7  23.2  23.1  23.6  24.4  26.0  24.2  22.6  22.6  22.7  22.8  22.5  22.5  22.7  22.8  22.6  22.5  22.9  22.8  22.8  22.7  23.0  23.0  23.0  23.4  23.5  23.3 
 23.2  23.0  23.3  23.1  23.0  22.6  23.0  23.1  23.9  24.9  27.7  25.1  22.8  22.6  22.9  22.8  22.6  22.7  22.7  22.8  22.6  22.7  22.9  22.9  22.7  22.6  23.1  23.2  22.8  22.5  23.4  23.2 
 23.4  22.9  23.4  23.3  22.6  22.6  23.1  23.1  23.1  23.4  24.5  23.5  22.6  22.7  22.8  22.8  22.6  22.7  22.8  22.8  22.5  22.5  23.1  23.2  22.6  22.8  23.1  23.1  22.8  23.0  23.1  22.5 
 23.6  23.1  23.3  23.4  23.0  22.7  22.9  23.2  22.8  22.5  23.0  23.0  22.8  22.6  22.6  22.9  22.6  22.5  23.0  22.7  22.7  22.5  22.8  22.9  22.7  22.6  23.1  23.1  22.8  22.2  23.2  22.8 
 23.3  23.4  23.6  23.6  23.1  22.8  23.0  22.9  22.6  22.6  23.0  23.0  22.7  22.7  22.8  22.7  22.5  22.6  22.8  22.8  22.6  22.7  23.0  22.9  22.8  22.7  22.9  23.0  22.8  22.7  23.4  23.4 
 24.1  24.2  24.5  24.6  24.4  24.1  23.6  23.4  22.9  22.7  22.9  23.0  22.7  22.6  22.7  22.8  22.7  22.4  22.8  22.7  22.7  22.3  22.8  22.8  22.6  22.3  22.9  22.9  22.7  22.7  23.1  23.2 
 24.2  24.5  25.2  25.5  25.3  25.8  24.8  24.4  23.1  23.0  23.0  23.0  22.6  22.7  22.9  22.8  22.6  22.6  22.8  22.7  22.7  22.6  22.7 nan  22.5  22.5  23.0  23.0  22.9  22.6  23.2  23.6 
 25.1  24.9  26.3  26.8  28.4  29.5  38.2  41.8  39.6  33.4  23.6  23.2  22.9  22.7  22.9  22.8  22.7  22.4  22.9  22.8  22.7  22.5  22.7  22.8  22.5  22.5  23.2  23.2  23.2  22.9  23.6  23.4 
 25.3  25.5  26.9  27.5  29.9  32.4  47.5  54.1  58.5  51.6  24.9  23.5  22.8  22.8  23.0  22.8  22.7  22.8  22.9  22.9  22.7  22.4  22.9  22.8  22.8  22.6  24.0  24.0  23.5  23.0  23.4  23.1 
 25.6  26.0  27.4  28.4  32.6  36.5  57.5  66.4  77.5  73.2  30.7  25.0  22.9  22.7  22.8  23.0  22.8  22.6  22.9  22.9  22.7  22.5  22.8  22.9  22.7  22.6  25.3  25.4  23.0  22.9  23.5  23.4 
 25.5  25.9  27.6  28.5  32.5  36.7  57.2  68.7  87.0  82.2  30.3  24.6  22.9  23.0  22.9  22.8  22.7  22.7  23.0  23.1  22.6  22.7  23.0  22.9  22.6  22.6  24.1  24.4  23.3  23.2  23.5  23.5 
 25.8  25.8  27.4  28.0  29.9  31.5  45.5  55.5  67.7  57.0  25.3  23.7  23.1  22.7  22.8  22.9  22.7  22.7  22.9  22.9  22.9  22.5  22.8  22.7  22.8  22.6  23.2  23.2  23.4  23.0  23.8  23.4 
 25.9  26.1  27.2  27.4  28.4  29.5  37.5  42.7  46.2  38.9  24.1  23.4  22.9  22.9  23.0  23.1  22.7  22.9  23.0  23.1  22.7  22.6  23.0  23.0  22.6  22.8  23.2  23.1  23.1  23.1  23.6  23.7 
 25.9  25.5  26.7  26.8  27.1  27.2  28.7  29.3  28.2  26.1  23.7  23.5  23.0  22.9  23.2  23.2  23.0  22.6  23.0  23.1  23.0  22.5  23.1  23.2  23.0  22.6  23.3  23.2  23.5  23.1  23.8  24.1 
 25.8  25.7  26.4  26.5  26.7  26.7  27.6  27.5  26.2  25.3  23.8  23.4  23.1  23.1  23.3  23.0  22.8  22.8  23.0  23.1  22.7  22.7  22.9  23.2  22.8  23.0  23.3  23.1  23.1  23.3  24.2  24.2 
 25.8  25.6  26.0  26.2  25.9  25.7  26.3  26.0  24.9  24.1  23.8  23.7  23.2  23.0  23.1  23.3  22.9  22.6  23.0  23.1  23.0  22.8  23.4  23.2  23.2  22.7  23.5  23.5  23.3  22.9  24.1  24.3 
 25.7  25.5  26.0  26.1  25.4  25.6  25.7  25.7  24.3  24.3  23.7  23.8  23.0  23.0  23.2  23.4  23.0  23.0  23.3  23.1  23.0  22.9  23.3  23.1  22.9  23.1  23.6  23.6  23.3  23.7  24.5  24.9 
 26.6  25.8  25.7  25.6  25.4  24.9  25.2  24.8  24.4  23.8  24.0  23.7  23.5  23.1  23.2  23.3  23.2  22.9  23.3  23.5  23.1  22.8  23.6  23.4  23.0  22.7  23.9  24.3  24.1  24.0  26.0  26.2 
 26.7  26.2  25.7  25.7  24.8  24.9  25.0  24.8  24.0  24.0  23.8  23.9  23.4  23.1  23.4  23.4  23.1  23.4  23.6  23.3  23.1  23.1  23.6  23.6  23.0  23.4  24.7  24.8  24.2  24.7  26.6  28.0 
