 23.9  23.9  24.0  23.8  23.3  23.6  23.5  23.4  23.0  22.8  23.4  23.2  22.9  22.8  23.0  23.2  22.9  22.8  23.2  23.2  22.7  22.9  23.2  23.2  23.2  23.2  23.6  23.8  23.3  23.6  24.9  26.1 
 24.0  23.7  24.1  23.8  23.6  23.4  23.4  23.5  23.3  23.1  23.4  23.3  23.1  22.9  23.2  22.8  23.0  22.6  23.4  23.0  23.0  22.9  23.2  23.3  23.1  23.1  23.4  23.5  23.7  23.5  24.7  24.5 
 23.7  23.6  23.7  23.6  23.1  23.1  23.2  23.4  23.0  23.1  23.4  23.3  22.9  22.9  23.1  23.0  22.9  22.8  23.0  23.0  22.8  22.9  23.2  23.3  23.1  23.1  23.5  23.6  23.6  23.5  23.8  24.2 
 23.9  22.9  23.6  23.7  23.2  22.7  23.2  23.5  23.4  23.0  23.6  23.2  22.9  22.7  23.1  23.1  23.0  22.7  23.1  23.1  22.9  22.8  23.1  23.3  23.1  23.0  23.4  23.3  23.7  24.1  23.9  24.6 
 23.7  23.6  23.6  23.4  23.1  23.2  23.2  23.5  23.4  23.7  24.4  23.6  23.0  22.9  23.1  23.0  22.7  22.9  22.9  22.9  22.8  22.7  22.9  23.0  23.0  23.0  23.5  23.3  23.5  24.0  23.7  23.9 
 23.5  23.0  23.2  23.4  23.1  23.1  23.4  23.6  23.7  24.5  26.1  24.5  22.9  22.8  22.9  23.1  23.0  22.8  23.0  23.0  22.9  22.6  23.1  23.1  23.3  22.8  23.4  23.2  23.3  23.2  23.8  23.6 
 23.3  23.6  23.4  23.6  22.9  23.0  23.1  23.3  24.2  25.3  27.8  25.3  23.0  22.9  22.9  22.9  22.8  22.8  22.9  22.8  23.0  22.8  23.1  22.9  22.8  23.1  23.2  23.1  22.9  23.2  23.5  23.3 
 23.7  23.2  23.5  23.4  23.1  22.8  23.2  23.1  23.5  23.7  24.5  23.7  22.9  22.8  23.1  23.1  22.8  22.7  23.1  22.9  22.9  22.6  23.1  23.2  22.9  22.7  23.1  23.2  23.2  23.0  23.2  22.6 
 23.7  23.5  23.6  23.4  23.1  23.1  23.3  23.0  22.9  22.8  23.2  22.9  23.0  22.8  22.9  22.9  22.8  22.8  23.1  23.0  22.8  23.0  23.2  23.1  23.0  22.8  23.1  23.0  23.0  23.0  23.5  23.4 
 23.5  23.7  24.0  23.7  23.5  23.1  23.3  23.2  23.0  22.7  23.1  23.2  22.9  22.6  23.0  23.0  22.7  22.9  23.1  23.1  23.0  22.7  23.2  23.0  23.1  22.8  23.2  23.3  23.0  23.3  23.5  23.6 
 24.4  24.4  24.7  24.9  24.7  24.7  24.0  23.7  23.0  23.1  23.2  22.9  22.7  22.7  23.1  23.1  22.9  22.8  23.1  23.0  22.8  23.0  23.0  23.0  22.9  22.9  23.1  23.1  22.8  23.1  23.7  23.6 
 24.7  24.7  25.4  25.5  25.7  25.7  25.2  24.8  23.4  23.1  23.1  23.3  22.9  22.7  22.9  23.0  22.8  22.8  23.0  23.1  22.9  22.8  23.2 nan  22.9  22.7  23.1  23.1  23.0  22.7  23.6  23.9 
 25.4  25.7  26.4  26.9  28.6  29.8  38.2  42.1  39.8  33.9  23.6  23.2  22.9  23.1  23.2  23.1  22.9  22.8  23.1  23.1  22.8  22.7  23.0  23.0  22.9  22.7  23.4  23.3  23.2  23.3  23.4  23.4 
 25.4  25.5  27.1  27.7  30.1  32.7  47.7  54.4  58.8  51.7  24.9  23.7  23.0  23.1  23.0  23.1  22.9  22.8  23.1  23.2  22.9  22.7  23.0  23.2  23.2  23.0  24.0  24.4  23.7  23.2  23.4  23.6 
 26.0  26.4  28.0  28.7  32.8  36.7  57.7  66.6  77.5  73.5  30.8  25.0  23.2  23.1  23.1  23.0  23.1  22.9  23.2  23.0  22.7  22.7  23.2  22.9  22.8  23.0  25.7  25.2  23.6  23.3  23.6  23.7 
 26.1  26.1  27.9  28.6  32.7  36.8  57.2  68.8  87.2  82.2  30.5  24.9  23.2  23.0  23.1  23.1  23.1  22.8  23.1  23.2  22.9  22.7  23.0  23.1  23.0  23.0  24.5  24.9  23.6  23.2  23.6  23.8 
 26.1  26.4  27.7  28.4  30.2  31.9  45.7  55.8  67.7  57.4  25.6  23.9  23.2  23.1  23.2  23.0  22.9  23.0  23.2  23.1  23.0  22.8  23.0  23.1  23.1  22.9  23.4  23.4  23.4  23.3  24.0  23.7 
 26.1  26.3  27.4  27.6  28.7  29.6  37.9  42.9  46.4  39.2  24.3  23.8  23.3  22.9  23.4  23.2  23.1  22.8  23.3  23.3  22.9  22.8  23.1  23.2  22.9  22.7  23.3  23.4  23.5  23.2  23.7  24.0 
 26.2  26.3  26.9  26.9  27.3  27.7  29.1  29.5  28.2  26.4  23.8  23.5  23.3  23.2  23.3  23.4  23.2  23.1  23.2  23.3  23.1  23.0  23.3  23.3  23.0  23.2  23.3  23.4  23.5  23.5  23.9  23.8 
 25.9  26.2  26.7  26.8  26.9  26.9  27.8  27.8  26.6  25.4  23.8  23.7  23.3  23.3  23.4  23.2  23.1  22.9  23.3  23.2  23.3  23.0  23.4  23.3  23.1  23.1  23.5  23.4  23.2  23.6  23.8  24.3 
 26.0  25.7  26.3  26.5  26.1  26.1  26.2  26.3  25.2  24.6  24.0  23.9  23.4  23.2  23.3  23.4  23.3  23.2  23.4  23.3  23.3  23.0  23.5  23.5  23.3  23.4  23.8  23.7  23.5  23.9  24.5  25.0 
 26.1  25.9  26.4  26.2  25.9  25.5  25.8  25.8  24.7  24.4  24.0  24.2  23.5  23.3  23.6  23.7  23.2  23.2  23.4  23.4  23.3  23.1  23.7  23.5  23.3  23.2  23.8  24.1  23.5  23.8  25.2  25.9 
 27.0  26.8  26.0  26.1  25.6  25.3  25.3  25.2  24.4  24.2  24.3  24.1  23.7  23.4  23.6  23.6  23.3  23.3  23.7  23.6  23.3  23.4  23.6  23.8  23.4  23.4  24.3  24.5  24.2  24.5  26.1  26.8 
 27.7  26.1  26.2  26.4  25.4  25.3  25.2  25.2  24.0  24.2  23.8  24.0  23.6  23.5  23.7  23.7  23.6  23.4  23.6  23.7  23.4  23.5  23.7  23.7  23.4  23.2  24.8  24.9  25.0  24.8  26.8  27.7 
