 24.1  23.7  23.8  24.0  23.3  23.4  23.5  23.4  22.9  22.8  23.5  23.6  22.9  22.8  23.1  23.1  22.6  23.0  23.1  23.3  22.6  22.8  23.3  23.3  22.7  22.9  23.6  23.6  23.1  23.6  24.6  25.8 
 24.0  23.5  23.8  24.1  23.4  22.8  23.5  23.3  22.9  23.0  23.4  23.2  22.8  22.8  23.3  23.2  22.9  22.6  23.1  23.2  22.8  22.6  23.3  23.2  23.1  22.8  23.4  23.3  23.0  23.2  24.2  24.8 
 23.3  23.4  23.7  23.9  23.0  22.7  23.4  23.3  22.8  23.0  23.3  23.4  22.7  22.9  23.2  23.0  22.6  22.7  23.0  22.9  22.7  23.0  23.2  23.3  22.7  23.0  23.3  23.3  23.0  23.7  24.0  23.9 
 23.3  23.3  23.9  24.0  23.0  22.6  23.3  23.4  23.2  23.0  23.7  23.4  22.8  22.6  23.1  23.2  23.0  22.6  23.3  22.9  22.7  22.7  23.0  23.3  23.1  22.6  23.4  23.5  23.5  23.8  24.1  24.4 
 23.1  23.3  23.4  23.5  22.7  23.1  23.3  23.5  23.4  23.8  24.3  23.7  22.8  22.8  23.0  23.1  22.5  22.6  22.9  22.9  22.6  22.6  22.8  23.1  22.6  22.9  23.4  23.5  23.4  24.0  23.7  24.0 
 23.3  22.9  23.3  23.4  22.9  22.9  23.3  23.2  23.7  24.4  26.1  24.6  22.9  22.5  23.0  23.1  22.8  22.5  23.1  23.1  22.8  22.5  23.0  23.1  22.8  22.3  23.4  23.3  23.1  22.9  23.9  23.8 
 22.8  23.1  23.3  23.6  22.8  23.0  23.2  23.5  23.8  25.3  27.9  25.2  22.8  22.8  22.9  22.9  22.6  22.8  22.9  23.0  22.6  22.6  23.0  23.1  22.8  22.8  23.3  23.3  22.6  23.1  23.3  23.6 
 23.4  22.9  23.3  23.5  23.1  22.7  23.3  23.2  23.4  23.4  24.7  23.7  22.8  22.6  23.0  22.9  22.7  22.6  22.8  22.8  22.5  22.7  23.0  23.1  22.9  22.6  23.2  23.3  23.0  22.8  23.5  23.0 
 23.4  23.2  23.7  23.5  22.7  22.8  23.1  23.3  22.9  22.8  23.3  23.2  22.8  22.8  22.8  23.0  22.7  22.7  23.0  22.9  22.6  22.9  23.1  22.9  22.7  22.9  23.2  23.1  22.9  22.8  23.5  23.4 
 23.6  22.9  23.7  23.7  23.6  22.8  23.2  23.2  22.9  22.7  23.2  23.2  22.8  22.6  23.0  23.1  22.7  22.6  23.0  23.1  22.7  22.5  23.1  23.1  22.9  22.7  23.4  23.4  22.9  22.7  23.6  23.5 
 24.1  24.3  24.8  25.0  24.6  24.3  23.7  23.8  22.8  23.0  23.0  23.2  22.7  22.8  22.9  22.9  22.6  22.7  23.1  22.9  22.6  22.7  23.0  22.9  22.6  22.7  23.0  23.1  22.7  22.8  23.5  23.5 
 24.4  24.2  25.2  25.7  25.6  25.5  25.3  24.6  23.3  22.9  23.2  23.1  22.9  22.6  23.1  23.1  22.9  22.5  23.0  23.1  22.7  22.5  23.1 nan  22.7  22.6  23.0  23.2  23.0  22.6  23.8  23.7 
 25.1  25.3  26.4  26.9  28.5  29.5  38.1  42.0  39.6  33.6  23.7  23.5  22.9  22.8  23.1  23.1  22.8  22.6  23.2  23.0  22.5  22.7  23.0  23.1  22.6  22.7  23.5  23.7  23.0  23.4  23.7  23.7 
 25.6  25.6  27.0  27.7  30.0  32.4  47.9  54.4  58.7  51.5  25.0  23.7  23.0  22.7  23.1  23.0  22.9  22.6  23.1  23.0  22.7  22.6  23.1  23.1  23.0  22.6  24.2  24.2  23.5  23.0  23.7  23.9 
 25.6  26.2  27.7  28.6  32.4  36.5  57.6  66.5  77.4  73.5  30.9  25.0  22.9  23.0  23.0  23.0  22.8  22.9  23.0  23.2  22.7  22.9  23.1  23.0  22.8  22.8  25.9  25.5  23.1  23.0  23.6  23.7 
 26.0  25.8  28.0  28.6  32.9  36.6  57.3  68.9  87.1  82.1  30.7  25.0  23.1  22.9  23.0  23.1  22.8  22.8  23.1  23.1  22.8  22.7  23.1  23.1  22.9  22.6  24.5  24.7  23.3  23.0  23.9  24.0 
 25.7  26.3  27.9  28.1  29.8  31.9  45.6  55.7  67.6  57.2  25.7  23.9  23.1  23.0  23.1  23.0  22.8  22.8  23.2  23.1  22.9  22.8  22.9  23.0  22.5  22.9  23.4  23.5  22.8  23.4  23.9  24.2 
 25.9  25.6  27.2  27.6  28.7  29.5  37.8  42.9  46.3  39.0  24.4  23.7  23.2  23.0  23.2  23.1  22.9  22.6  23.3  23.1  22.7  22.7  23.1  23.1  22.9  22.7  23.3  23.4  23.2  22.9  23.9  23.8 
 25.9  25.7  26.8  27.2  26.9  27.5  28.9  29.4  28.0  26.3  24.1  23.5  23.1  23.2  23.4  23.3  23.0  23.0  23.3  23.2  22.8  22.8  23.3  23.4  22.7  23.0  23.4  23.6  23.3  23.5  24.0  24.2 
 25.6  25.8  26.8  27.0  26.7  26.4  27.6  27.9  26.6  25.4  23.9  23.6  23.3  23.0  23.5  23.2  23.0  22.8  23.4  23.4  22.9  22.8  23.4  23.3  23.0  22.8  23.4  23.5  23.4  23.4  24.1  24.5 
 25.6  25.5  26.3  26.3  25.9  25.8  26.3  26.3  24.8  24.4  24.0  23.9  23.2  23.3  23.3  23.6  22.8  23.1  23.2  23.3  22.9  23.1  23.5  23.3  23.2  23.0  23.8  23.9  22.9  23.5  24.5  24.7 
 25.9  25.5  26.2  26.2  25.6  25.3  25.9  25.8  24.7  24.1  24.0  23.8  23.2  23.1  23.6  23.6  23.1  23.0  23.4  23.3  23.1  22.8  23.4  23.6  23.0  22.9  23.7  23.7  23.6  23.3  25.2  25.6 
 26.7  26.4  26.3  26.1  25.1  25.3  25.3  24.9  24.4  24.1  24.3  24.2  23.4  23.3  23.6  23.7  23.3  23.1  23.8  23.5  23.1  23.2  23.4  23.6  23.2  23.2  24.2  24.6  23.6  24.3  26.5  27.3 
 26.8  26.3  26.0  26.3  25.0  25.0  25.3  25.1  24.1  23.9  24.2  24.3  23.7  23.3  23.6  23.6  23.4  23.1  23.8  23.8  23.5  23.2  23.9  23.6  23.4  23.5  24.8  25.1  24.8  24.6  27.6  27.1 
