 24.3  23.3  23.9  23.5  23.6  23.1  23.5  23.3  23.3  22.7  23.2  23.4  23.0  22.8  23.0  23.1  22.8  22.8  23.1  23.2  22.7  22.8  23.2  23.2  23.1  22.8  23.4  23.4  23.5  23.4  24.4  25.2 
 23.6  23.5  23.6  23.6  23.1  23.4  23.1  23.2  22.9  23.0  23.4  23.3  22.7  22.9  23.0  23.0  22.7  22.7  23.4  22.9  22.8  22.7  23.1  23.2  22.8  23.2  23.2  23.4  22.9  23.5  24.4  24.2 
 23.5  23.2  23.9  23.4  23.3  22.7  23.0  23.1  23.0  22.9  23.3  23.3  23.1  22.9  23.2  23.1  22.8  22.6  23.0  22.9  22.9  22.8  23.2  22.9  23.2  22.8  23.4  23.5  23.5  23.5  24.0  23.9 
 23.2  23.3  23.4  23.5  23.0  22.8  23.1  23.5  23.0  23.1  23.4  23.2  22.8  22.9  23.0  23.1  22.9  22.8  23.0  22.9  22.8  22.8  22.9  23.1  22.8  23.0  23.2  23.7  23.5  24.1  23.7  24.2 
 23.7  23.3  23.6  23.2  23.1  22.8  23.1  23.1  23.5  23.7  24.4  23.5  22.9  22.7  22.8  22.9  22.7  22.6  22.8  23.0  22.7  22.5  22.8  23.0  22.9  22.9  23.2  23.2  23.4  23.7  23.7  23.9 
 23.2  23.3  23.5  23.3  22.7  23.0  23.1  23.3  23.6  24.7  26.0  24.3  22.8  22.8  22.7  23.0  22.6  22.7  22.8  22.8  22.6  22.8  22.8  23.2  23.0  22.9  23.0  23.1  23.0  23.6  23.6  23.6 
 23.3  23.1  23.3  23.5  22.9  22.9  23.2  23.4  24.2  25.2  28.1  25.2  23.0  22.7  22.8  22.8  22.9  22.5  22.9  22.9  22.9  22.8  23.0  23.0  22.9  22.8  23.2  23.3  22.9  22.9  23.3  23.5 
 23.3  23.0  23.3  23.1  22.9  22.9  23.2  23.1  23.2  23.8  24.5  23.8  22.7  23.0  22.8  23.0  22.7  22.6  22.8  22.9  22.7  22.6  23.0  23.0  22.9  22.8  23.1  23.3  22.9  23.2  23.4  22.6 
 23.6  23.2  23.6  23.4  23.1  22.9  23.1  23.0  23.1  22.7  23.1  23.0  22.9  22.7  22.9  22.9  22.9  22.7  23.0  22.9  22.8  22.6  23.2  23.0  22.9  22.8  22.9  23.1  23.0  22.9  23.2  23.3 
 23.6  23.4  23.6  23.7  23.4  23.3  23.3  23.0  22.9  22.9  22.9  23.1  22.8  22.8  22.9  22.9  22.7  22.8  22.9  23.0  22.8  22.8  22.9  22.9  22.9  22.9  23.0  22.9  22.7  23.0  23.2  23.4 
 24.2  24.4  24.7  25.0  24.7  24.3  23.9  23.5  23.1  23.0  23.1  23.0  22.8  22.8  23.0  23.0  22.8  22.6  22.9  23.0  22.8  22.7  22.7  22.8  22.8  22.6  22.8  23.1  23.0  22.8  23.3  23.5 
 24.4  24.6  25.3  25.3  25.5  25.7  25.3  24.4  23.2  23.1  23.1  23.2  22.7  22.7  22.9  22.9  22.8  22.8  23.0  23.0  22.7  22.8  22.9 nan  22.8  22.9  22.9  23.1  22.7  22.7  23.3  23.4 
 25.5  25.2  26.4  27.0  28.7  29.5  38.1  41.9  39.8  33.6  23.7  23.3  23.0  22.8  23.1  23.0  22.9  22.8  23.1  23.0  22.8  22.7  22.9  23.1  23.0  22.7  23.3  23.4  23.3  23.1  23.7  23.6 
 25.4  25.9  27.0  27.6  30.0  32.5  47.4  54.3  58.6  51.6  24.9  23.6  22.9  23.1  23.0  23.0  22.8  22.8  23.0  23.0  22.8  22.7  22.8  23.1  22.9  22.7  24.1  24.4  23.3  23.4  23.4  23.4 
 26.0  26.1  27.6  28.6  32.7  36.7  57.5  66.3  77.5  73.3  30.7  24.9  23.1  22.8  23.0  23.0  23.0  22.5  23.0  23.0  22.7  22.6  23.0  23.0  23.0  22.9  25.7  25.2  23.4  23.0  23.5  23.5 
 25.8  26.3  27.5  28.6  32.6  36.7  57.2  68.8  87.1  82.2  30.5  25.0  23.0  23.1  22.9  23.1  22.8  22.9  22.7  23.1  22.8  22.9  22.9  22.9  22.7  22.9  24.2  24.7  23.3  23.3  23.5  23.7 
 26.1  26.0  27.4  28.0  30.0  31.8  45.6  55.6  67.8  57.1  25.6  23.8  23.2  22.8  23.0  23.1  23.0  22.9  23.2  23.0  23.2  22.7  23.0  23.1  23.0  22.7  23.3  23.5  23.4  23.1  24.0  23.7 
 25.9  26.0  27.3  27.6  28.5  29.7  37.7  42.7  46.4  39.2  24.2  23.7  23.2  23.1  23.2  23.0  22.8  22.9  23.1  23.0  22.9  23.0  23.2  23.1  22.7  22.8  23.3  23.2  23.3  23.6  23.7  23.8 
 26.1  26.0  26.7  26.8  27.2  27.2  28.8  29.4  28.2  26.3  24.0  23.6  23.3  23.2  23.2  23.2  23.2  23.1  23.0  23.3  23.2  22.8  23.2  23.3  23.1  22.9  23.3  23.3  23.3  23.2  23.7  24.2 
 25.7  26.2  26.5  26.8  26.5  26.8  27.6  27.8  26.2  25.4  23.7  23.6  23.3  23.2  23.4  23.1  23.0  23.0  23.3  23.2  22.8  22.9  23.0  23.2  22.9  23.2  23.4  23.2  23.2  23.7  23.8  23.9 
 25.8  25.5  26.3  26.0  26.2  26.0  26.1  26.0  25.4  24.2  23.8  23.8  23.4  23.1  23.4  23.3  23.3  23.1  23.4  23.1  23.1  22.9  23.6  23.5  23.3  23.0  23.6  23.9  23.7  23.4  24.2  24.5 
 25.7  26.0  26.1  26.2  25.5  25.7  25.7  25.7  24.8  24.4  23.8  23.8  23.3  23.3  23.5  23.5  23.1  23.2  23.1  23.4  23.0  23.1  23.3  23.6  23.0  23.2  23.4  23.9  23.6  23.6  24.4  25.0 
 27.0  25.9  26.0  25.9  25.4  25.0  25.3  25.4  24.5  24.1  24.0  24.0  23.6  23.4  23.5  23.4  23.4  23.0  23.5  23.5  23.3  23.2  23.6  23.6  23.7  23.2  24.3  24.3  24.4  23.7  25.8  26.8 
 27.1  26.3  26.1  25.8  25.3  25.1  25.0  24.9  24.2  24.0  23.7  24.3  23.5  23.3  23.3  23.7  23.3  23.5  23.6  23.5  23.2  23.6  23.7  23.7  23.2  23.8  24.8  25.1  24.6  24.8  25.5  27.2 
