 24.3  23.4  23.5  23.4  23.2  22.7  22.9  22.8  22.9  22.6  23.0  23.0  23.0  22.5  23.0  22.9  22.8  22.6  23.1  23.2  22.7  22.8  22.9  23.1  26.1  26.6  28.0  28.3  28.7  28.8  29.4  29.3 
 23.9  23.8  23.5  23.7  23.3  23.1  22.9  23.0  22.8  22.7  23.1  23.0  22.6  22.7  22.9  22.9  22.6  22.5  23.1  23.0  22.9  23.0  23.1  23.3  25.6  26.9  28.3  28.9  28.8  28.9  29.1  29.7 
 23.9  23.0  23.7  23.3  23.1  22.7  23.0  22.8  23.1  22.7  22.9  22.9  22.8  22.6  22.9  22.8  22.7  22.7  22.9  22.9  22.9  22.7  23.2  23.0  25.0  26.1  28.6  28.5  28.8  28.8  29.2  29.6 
 23.7  23.6  23.4  23.6  22.8  22.5  22.8  23.3  22.9  22.9  23.1  23.0  22.5  22.7  22.8  22.9  22.5  22.5  23.0  22.8  22.8  23.0  23.2  23.1  24.2  25.8  27.8  28.5  28.5  28.7  29.1  29.8 
 23.6  23.5  23.5  23.4  23.0  22.8  23.1  23.2  23.4  23.3  23.1  22.8  23.0  22.6  22.9  22.8  22.8  22.6  22.8  22.7  22.8  22.7  23.1  22.9  23.5  24.3  27.1  27.1  28.2  28.4  29.1  29.3 
 23.1  23.3  23.4  23.2  23.0  23.0  23.1  23.3  23.7  24.0  23.1  23.2  22.7  22.9  22.5  22.9  22.8  22.9  22.8  22.9  22.7  22.8  23.0  23.0  23.3  23.2  24.8  25.9  27.4  28.1  29.5  29.6 
 23.5  23.3  23.5  23.0  23.2  22.8  23.3  23.6  25.7  26.6  24.2  23.2  22.9  22.7  22.8  22.7  22.8  22.8  22.8  22.9  22.9  22.9  23.0  22.8  23.1  22.8  23.2  23.4  25.9  27.7  29.7  29.7 
 23.4  23.1  23.0  23.3  23.2  23.0  23.4  23.7  26.1  27.8  24.6  23.3  22.7  22.7  22.8  22.8  22.9  22.8  22.7  22.9  22.7  22.9  23.2  23.1  23.2  23.0  23.2  23.7  26.1  28.6  29.8  29.3 
 23.9  23.6  23.5  23.1  23.2  22.8  23.3  23.1  23.6  23.7  23.3  22.9  22.9  22.7  22.9  22.7  22.8  22.7  22.9  22.9  22.9  22.8  23.0  23.0  23.0  23.0  23.7  24.0  28.6  29.8  31.3  31.6 
 23.8  23.7  23.6  23.5  23.2  23.1  23.1  23.0  23.0  23.1  22.8  23.0  22.8  22.7  22.8  23.0  22.9  23.0  22.8  23.1  22.9  22.9  22.9  23.1  23.1  23.0  24.0  26.1  29.6  30.2  31.6  32.1 
 23.8  23.9  24.2  24.1  24.1  23.8  23.5  23.3  23.1  23.0  23.1  22.8  22.9  22.7  22.8  22.7  23.2  22.9  23.0  22.9  23.0  22.7  23.0  23.0  23.0  23.0  25.8  27.4  30.4  30.8  31.9  32.0 
 24.1  24.3  24.1  24.6  24.6  24.7  24.0  23.8  23.1  23.0  22.9  23.1  22.9  22.9  22.8  23.1  22.9  23.1  22.9  23.0  22.8  23.0  23.1 nan  23.2  23.2  26.0  27.9  30.3  30.7  31.5  31.1 
 24.7  24.5  25.5  25.9  27.4  27.8  32.6  34.4  32.5  28.9  23.5  23.2  22.9  22.6  23.0  22.9  22.8  22.7  23.0  22.7  22.9  22.8  23.1  23.0  23.2  23.4  27.0  28.8  30.8  30.6  32.0  31.8 
 24.7  25.3  25.8  26.6  28.5  30.4  41.3  48.7  52.9  46.6  24.5  23.6  22.9  23.0  22.9  23.0  22.9  23.0  22.8  23.1  22.8  22.9  22.9  23.0  23.1  23.5  27.0  28.8  30.8  30.8  31.6  31.9 
 25.5  25.1  26.8  27.2  30.8  34.1  54.9  63.1  74.3  71.0  34.5  25.6  23.0  22.9  22.9  22.9  22.9  22.8  23.1  23.0  22.9  22.7  23.1  23.1  22.9  23.1  26.4  28.2  31.4  31.1  32.3  32.6 
 25.4  25.5  27.0  27.7  31.0  34.2  53.7  62.6  78.3  79.0  37.0  26.2  23.1  23.0  22.9  23.0  22.9  22.9  22.8  22.9  22.9  22.8  23.2  23.1  23.1  23.1  25.5  27.7  31.1  31.3  32.4  32.9 
 25.4  25.7  26.9  27.2  29.7  31.9  44.8  53.8  73.8  70.6  30.3  24.6  23.2  22.9  22.9  22.8  23.0  22.9  22.9  23.0  23.2  22.8  23.0  22.9  23.1  22.9  23.7  25.0  29.6  30.4  32.0  31.6 
 25.4  25.7  26.6  27.0  28.9  30.1  37.2  42.6  54.9  50.3  26.0  23.9  23.1  23.0  23.0  23.0  23.0  22.9  23.1  23.0  22.8  22.9  22.9  23.3  23.1  23.0  23.6  23.8  26.5  27.6  29.3  29.2 
 25.9  25.8  26.8  26.7  27.3  27.3  28.8  29.8  30.1  28.4  24.2  23.5  23.2  23.0  23.1  22.9  23.2  22.9  23.1  23.2  23.1  22.8  23.2  23.1  23.4  22.9  23.4  23.2  24.1  24.2  25.8  26.0 
 25.6  26.0  26.3  26.6  26.5  26.7  27.6  27.8  27.1  26.5  23.9  23.6  22.9  23.1  23.1  23.2  22.9  23.0  23.4  23.1  22.8  22.8  23.2  23.3  23.2  23.2  23.4  23.6  23.6  24.2  25.5  25.8 
 26.1  25.1  26.1  25.9  25.9  25.9  26.2  25.8  25.7  24.7  23.9  23.7  23.3  23.1  23.3  23.1  23.3  23.0  23.5  23.0  23.3  22.9  23.5  23.3  23.3  23.1  23.7  23.8  24.2  24.5  25.8  26.2 
 25.3  25.6  25.8  25.9  25.9  25.7  25.7  25.8  24.7  24.7  23.7  23.9  23.5  23.2  23.3  23.3  23.1  23.0  23.4  23.4  23.2  23.2  23.5  23.4  23.3  23.3  23.7  24.1  24.8  25.3  26.3  27.2 
 27.1  25.7  25.7  25.7  25.6  25.2  25.0  24.7  24.5  24.2  23.8  23.8  23.8  23.4  23.3  23.4  23.6  23.1  23.4  23.5  23.5  23.1  23.5  23.7  23.9  23.6  25.3  25.8  26.3  26.0  27.5  28.0 
 27.2  26.8  25.6  25.9  24.8  25.0  25.1  25.1  24.4  24.1  23.9  23.9  23.6  23.5  23.5  23.6  23.5  23.3  23.6  23.6  23.5  23.5  23.8  24.2  24.8  24.9  26.6  27.1  26.5  26.2  27.5  28.4 
