 23.6  22.7  23.5  23.2  22.7  22.6  23.1  22.7  22.4  22.4  22.7  22.7  22.4  22.3  22.6  22.4  22.2  22.5  23.0  22.6  22.3  22.2  22.6  22.7  22.5  22.6  23.6  23.9  23.0  22.9  24.4  24.7 
 23.2  22.8  23.4  23.4  22.9  22.6  22.7  23.1  22.6  22.2  22.8  22.9  22.4  22.2  22.5  22.7  22.2  22.2  22.5  22.7  22.5  22.2  22.7  23.1  22.6  22.5  23.3  24.7  23.7  23.3  24.1  24.8 
 23.2  23.0  23.5  23.0  22.7  22.2  22.7  22.9  22.5  22.4  22.8  22.7  22.4  22.2  22.7  22.6  22.3  22.3  22.7  22.7  22.3  22.5  22.8  22.7  22.6  22.7  23.3  23.0  22.8  22.8  24.0  23.5 
 23.1  22.7  22.9  23.4  22.6  22.5  22.8  23.1  22.8  22.5  22.9  22.8  22.4  22.3  22.3  22.7  22.4  22.1  22.5  22.9  22.3  22.3  22.8  22.8  22.4  22.5  23.0  23.2  22.9  22.7  23.0  23.6 
 23.1  23.1  23.3  23.2  22.6  22.6  22.9  22.9  23.1  23.0  23.1  22.6  22.3  22.3  22.7  22.6  22.2  22.3  22.7  22.6  22.3  22.3  22.8  22.7  22.6  22.5  23.2  22.9  22.9  22.9  23.3  23.2 
 23.0  22.6  22.8  23.1  22.6  22.4  22.8  23.2  23.5  23.6  23.2  22.9  22.5  22.2  22.4  22.8  22.4  22.4  22.6  22.7  22.4  22.3  22.6  22.8  22.7  22.3  22.7  23.0  22.8  22.8  23.4  23.6 
 22.9  23.0  23.1  22.9  22.7  22.6  23.3  23.4  25.2  26.4  24.4  23.1  22.5  22.6  22.7  22.6  22.2  22.4  22.6  22.5  22.4  22.5  22.9  22.7  22.6  22.5  23.0  23.1  22.6  22.8  23.5  22.9 
 23.1  22.8  23.2  23.4  22.7  22.6  23.2  23.5  25.7  27.0  24.6  23.3  22.5  22.4  22.5  22.6  22.5  22.4  22.5  22.6  22.3  22.5  22.7  22.8  22.5  22.6  23.0  23.0  22.8  22.6  22.9  22.6 
 23.3  23.0  23.3  23.0  22.8  22.7  23.0  23.0  23.1  23.2  23.1  22.9  22.4  22.5  22.5  22.6  22.2  22.4  22.7  22.5  22.5  22.5  22.8  22.7  22.4  22.4  22.8  22.8  22.5  22.9  23.2  22.9 
 23.5  23.2  23.6  23.5  22.8  22.9  23.0  23.0  22.8  22.9  22.7  22.8  22.5  22.4  22.5  22.5  22.5  22.4  22.6  22.7  22.6  22.4  22.6  22.7  22.8  22.4  22.9  23.3  22.6  22.4  23.5  23.2 
 23.7  23.8  24.2  23.9  23.8  23.6  23.3  22.9  22.7  22.9  23.0  22.7  22.4  22.5  22.7  22.6  22.4  22.6  22.6  22.8  22.3  22.3  22.8  22.7  22.4  22.6  23.3  23.6  23.3  23.2  23.4  23.3 
 23.7  23.6  24.3  24.2  24.5  24.3  23.9  23.8  22.9  22.8  22.8  22.7  22.5  22.5  22.6  22.7  22.4  22.5  22.8  22.8  22.6  22.5  22.6 nan  22.4  22.4  24.2  25.3  23.7  23.1  23.0  23.4 
 24.4  24.1  25.3  25.6  27.0  27.5  32.8  34.9  33.0  29.1  23.4  22.9  22.4  22.5  23.0  22.7  22.6  22.6  22.7  22.5  22.5  22.4  22.8  22.9  22.6  22.8  24.0  24.3  23.2  23.0  23.4  23.1 
 24.6  24.5  25.7  26.7  28.5  30.0  41.6  48.9  53.4  47.2  24.8  23.4  22.7  22.5  22.6  22.8  22.6  22.5  22.7  22.8  22.6  22.3  22.8  22.7  22.7  22.6  23.1  23.4  23.4  22.9  23.3  23.6 
 24.9  25.2  26.9  27.2  30.5  33.7  54.8  63.1  74.6  71.2  34.5  25.4  22.6  22.6  22.7  22.6  22.6  22.5  23.0  22.8  22.4  22.5  22.8  22.6  22.4  22.6  22.9  23.0  22.8  23.0  23.7  23.3 
 25.1  25.1  27.0  27.8  30.7  34.1  53.4  62.6  78.5  79.0  37.0  26.0  22.8  22.6  22.6  22.9  22.6  22.5  22.6  22.8  22.5  22.6  22.7  23.0  22.7  22.4  23.0  23.1  23.0  22.7  23.1  23.3 
 25.1  25.3  27.0  27.0  29.4  31.5  44.4  53.3  73.0  70.0  30.1  24.3  22.7  22.7  23.0  22.7  22.5  22.5  22.9  22.8  22.6  22.4  23.0  22.6  22.7  22.6  23.1  23.1  22.7  23.1  24.0  23.9 
 25.3  25.2  26.3  27.1  28.8  29.6  36.8  42.2  54.0  49.4  25.7  23.7  22.9  22.5  22.7  22.8  22.5  22.3  22.7  22.7  22.5  22.5  22.8  22.9  22.6  22.5  23.1  23.2  23.2  22.8  23.7  23.9 
 25.5  25.2  26.5  26.4  26.6  26.9  28.7  29.5  29.7  27.9  23.9  23.1  22.6  22.7  22.8  22.8  22.5  22.7  22.9  22.8  22.7  22.4  23.2  22.9  22.7  22.9  23.3  23.1  22.9  22.9  23.6  24.0 
 25.0  25.5  26.0  26.6  26.2  26.1  27.2  27.3  26.8  26.1  23.6  23.4  22.8  22.6  22.8  22.9  22.7  22.5  22.8  22.9  22.6  22.5  22.7  23.0  22.8  22.8  23.0  23.5  23.1  22.9  24.0  24.5 
 25.3  25.1  25.7  25.8  25.6  25.4  26.1  25.6  25.2  24.6  23.7  23.4  23.0  23.0  23.1  23.0  22.6  22.7  23.0  22.9  22.4  22.8  23.2  22.9  22.7  22.9  23.5  23.2  23.5  23.8  25.1  24.8 
 25.3  25.0  25.3  25.6  25.4  25.0  25.5  25.5  24.6  24.1  23.7  23.5  22.9  22.8  22.9  23.3  22.8  22.5  22.9  23.1  22.9  22.5  23.0  23.2  22.9  22.5  23.3  24.1  24.3  24.6  25.5  26.4 
 26.0  25.7  25.5  25.0  24.7  24.6  25.1  24.6  24.0  23.6  23.7  23.6  23.1  22.8  23.3  23.2  22.7  22.7  23.2  23.2  23.0  22.9  23.6  23.5  23.4  23.6  25.1  25.6  25.9  25.6  26.6  26.3 
 27.0  25.6  25.4  25.4  24.8  24.6  24.7  24.8  23.9  23.8  23.5  23.7  23.1  22.7  23.1  23.3  22.8  22.6  23.2  23.4  23.2  22.9  23.6  23.8  24.1  24.5  26.1  26.8  26.0  25.9  26.7  28.5 
