 24.1  23.7  23.6  24.0  23.7  23.4  23.7  23.6  23.4  23.0  23.4  23.6  22.9  22.7  23.0  23.3  23.0  22.7  23.2  23.3  23.0  22.8  23.2  23.5  23.1  22.8  23.4  23.8  23.7  23.2  24.4  25.8 
 23.8  23.9  24.3  23.6  23.5  23.5  23.5  23.2  23.2  23.2  23.6  23.4  22.8  23.0  23.3  23.2  22.9  22.6  23.4  23.2  22.9  22.9  23.5  23.1  22.9  23.4  23.6  23.2  23.2  23.5  24.7  24.8 
 23.8  23.4  23.9  24.1  23.3  23.0  23.2  23.4  23.2  23.0  23.2  23.3  22.9  22.8  23.2  23.2  22.9  22.8  23.0  23.2  22.8  22.8  23.2  23.2  23.1  22.8  23.3  23.5  23.3  23.4  24.0  24.4 
 23.5  23.6  23.9  23.7  23.0  23.0  23.5  23.2  23.3  22.9  23.9  23.3  22.9  22.8  23.3  22.9  23.1  22.9  23.2  23.1  22.8  22.7  23.3  23.3  23.0  23.0  23.7  23.4  23.7  24.0  24.5  23.8 
 23.3  23.3  23.3  23.4  23.1  22.9  23.3  23.6  23.5  23.7  24.4  24.0  22.9  22.8  23.2  23.0  22.8  22.7  22.9  23.2  22.8  22.7  23.0  23.2  23.0  22.8  23.3  23.3  23.7  23.7  23.9  24.0 
 23.2  23.1  23.6  23.2  23.0  23.0  23.5  23.3  23.8  24.6  26.2  24.5  23.0  23.0  23.2  22.9  22.7  22.7  23.1  23.1  22.9  22.8  23.4  23.1  22.8  22.9  23.7  23.4  23.3  23.3  23.9  23.5 
 23.7  23.3  23.2  23.6  23.2  22.8  23.2  23.6  24.0  25.1  27.7  25.5  22.8  22.6  23.0  23.0  22.7  22.7  22.9  23.1  22.9  22.8  23.1  23.5  23.0  22.9  23.4  23.4  23.2  22.8  23.3  24.0 
 23.4  23.7  23.5  23.7  22.9  22.9  23.3  23.2  23.1  23.8  24.6  23.7  22.9  22.8  23.2  22.9  22.7  22.8  23.0  22.9  22.8  22.8  23.4  23.1  23.0  22.8  23.6  23.2  23.2  23.3  23.7  22.6 
 23.8  23.2  23.6  23.6  23.0  23.0  23.2  23.2  22.9  22.7  23.2  23.2  22.9  22.8  22.8  23.1  22.9  22.8  23.0  23.0  22.9  22.7  23.0  23.1  22.9  23.1  23.1  23.3  23.0  22.9  23.5  23.9 
 23.8  23.4  24.0  23.7  23.5  23.3  23.5  23.1  22.8  22.8  23.3  23.1  22.8  22.9  23.1  22.9  22.8  22.8  23.1  23.1  22.9  22.8  23.3  23.0  23.0  23.1  23.4  23.3  22.9  23.3  23.7  23.6 
 24.4  24.3  24.7  25.1  24.7  24.4  23.8  23.7  23.2  23.1  23.0  23.1  22.8  22.8  23.1  23.2  23.0  22.7  23.0  23.1  23.0  22.8  23.1  23.2  23.0  22.8  23.1  23.3  23.0  22.9  23.4  23.8 
 24.7  24.4  25.4  25.6  25.6  25.7  25.4  24.7  23.4  23.2  23.2  23.2  22.8  22.8  23.1  23.0  22.9  22.8  23.2  23.1  22.8  22.9  23.1 nan  22.8  22.8  23.1  23.1  23.0  23.1  23.8  23.4 
 25.4  25.3  26.4  27.0  28.8  29.8  38.0  42.1  39.8  33.7  23.6  23.3  23.0  22.8  23.1  23.3  23.0  22.7  23.1  23.1  23.1  22.8  23.0  23.2  22.9  22.9  23.3  23.7  23.3  23.0  23.7  23.9 
 25.6  26.1  27.4  27.5  30.1  32.7  47.9  54.2  58.6  51.7  25.2  23.8  23.0  23.0  23.1  23.0  22.8  22.8  23.2  23.1  23.0  22.8  23.2  23.0  22.8  23.0  24.4  24.4  23.6  23.4  23.9  24.1 
 25.9  26.1  27.8  28.7  32.7  36.7  57.4  66.6  77.6  73.4  30.7  25.0  23.2  23.1  23.0  23.2  22.9  22.8  23.2  23.2  23.0  22.8  23.1  23.0  22.8  22.9  25.7  25.7  23.4  23.5  23.6  24.2 
 26.0  26.2  28.0  28.5  32.6  37.0  57.4  68.7  87.1  82.2  30.7  25.0  23.2  23.0  23.3  23.1  22.9  22.9  23.2  22.9  22.8  22.9  23.1  23.0  22.8  22.8  24.4  24.8  23.4  23.3  23.9  23.8 
 26.1  26.0  27.6  28.5  30.1  31.7  45.7  55.8  67.7  57.2  25.6  24.1  23.4  22.9  23.2  23.2  23.0  22.8  23.1  23.2  23.0  22.9  23.0  23.3  23.1  22.8  23.3  23.6  23.4  23.3  23.7  24.1 
 25.9  26.3  27.3  27.6  28.8  29.6  38.1  42.8  46.3  39.1  24.2  23.7  23.2  23.1  23.4  23.3  23.1  22.9  23.3  23.2  23.0  23.0  23.2  23.4  22.8  22.7  23.6  23.3  23.2  23.3  24.1  24.0 
 26.2  26.0  26.7  27.2  27.2  27.4  29.1  29.6  28.2  26.4  23.9  23.8  23.4  23.2  23.3  23.5  23.2  23.1  23.1  23.3  23.2  22.7  23.2  23.4  23.1  22.8  23.2  23.7  23.5  23.5  23.7  24.6 
 25.7  26.0  26.8  26.6  26.8  26.8  27.9  27.9  26.5  25.4  24.2  23.8  23.3  23.2  23.6  23.2  23.0  23.0  23.4  23.3  23.0  23.0  23.4  23.3  23.2  23.1  23.5  23.4  23.2  23.7  24.5  24.3 
 25.8  25.7  26.3  27.0  26.2  26.0  26.2  26.3  25.3  24.6  23.9  24.0  23.5  23.2  23.3  23.5  23.3  23.0  23.3  23.4  23.1  22.9  23.5  23.5  23.6  23.1  23.8  23.8  23.9  23.5  24.3  25.3 
 25.7  25.9  26.6  26.1  25.9  25.9  26.1  25.8  24.7  24.4  24.2  24.0  23.4  23.4  23.6  23.4  23.1  23.2  23.5  23.4  23.0  23.2  23.8  23.5  23.0  23.2  23.7  23.8  23.5  23.8  25.2  25.6 
 27.0  26.2  26.0  26.1  25.7  25.2  25.3  25.3  24.5  24.1  23.9  24.5  23.7  23.2  23.6  23.8  23.2  23.0  23.5  23.7  23.4  22.9  23.8  23.9  23.6  23.1  24.2  24.6  24.4  24.1  25.4  27.3 
 27.4  26.6  26.2  26.0  25.6  25.3  25.2  24.9  24.4  24.0  24.3  23.9  23.6  23.5  24.2  23.6  23.4  23.3  23.7  23.7  23.4  23.4  23.9  23.7  23.5  23.6  24.9  25.1  24.8  25.1  27.2  28.1 
