 23.9  23.9  23.6  24.0  23.5  23.3  23.4  23.3  23.1  23.1  23.0  23.5  23.1  23.0  23.1  23.4  22.9  22.9  22.9  23.2  23.0  22.9  22.9  23.5  23.0  22.9  23.3  23.8  23.3  23.6  24.4  25.8 
 23.8  23.5  24.3  23.6  23.5  23.4  23.5  23.4  23.2  23.1  23.3  23.3  23.0  23.0  23.1  22.9  23.0  22.6  23.3  22.9  23.0  22.8  23.4  23.1  23.1  23.0  23.4  23.1  23.6  23.5  24.4  24.8 
 23.5  23.6  23.7  23.6  23.1  23.2  23.1  23.3  23.2  23.0  23.1  23.2  22.9  22.8  23.0  23.2  22.9  23.1  22.9  23.2  22.7  22.7  22.8  23.3  23.2  22.9  23.2  23.5  23.6  23.5  23.6  24.2 
 23.7  23.5  24.1  23.5  23.2  22.7  23.2  23.4  23.2  23.0  23.8  23.2  22.9  22.7  23.1  22.9  23.0  23.1  23.2  23.0  22.9  22.8  23.3  22.9  23.0  23.0  23.6  23.3  23.5  24.3  24.3  24.0 
 23.3  23.5  23.1  23.5  23.1  23.1  23.1  23.4  23.4  23.8  24.3  23.8  23.0  22.8  23.0  23.0  22.8  22.8  22.8  23.0  22.8  22.8  22.8  23.2  23.0  23.0  23.1  23.3  23.6  23.7  23.4  24.2 
 23.5  23.1  23.6  23.3  23.0  23.0  23.3  23.3  23.9  24.5  26.1  24.3  23.1  22.9  23.0  22.9  22.9  22.6  23.0  22.8  22.7  22.6  23.1  23.0  23.2  22.8  23.1  23.2  23.4  23.2  23.9  23.5 
 23.2  23.5  23.2  23.6  22.9  23.0  23.1  23.3  24.1  25.3  27.8  25.3  22.9  22.9  22.8  23.0  22.7  22.8  22.7  22.9  22.9  22.8  22.8  23.3  23.0  22.9  23.0  23.4  22.9  23.0  23.3  23.5 
 23.6  23.4  23.5  23.4  23.0  22.8  23.3  23.0  23.4  23.7  24.6  23.7  23.0  22.8  23.0  22.8  22.9  22.8  22.9  22.8  22.8  22.8  23.2  22.9  22.9  22.8  23.3  23.2  23.2  22.8  23.7  22.6 
 23.8  23.5  23.5  23.8  23.1  23.0  23.3  23.1  23.0  22.8  23.0  23.2  23.0  22.9  22.8  23.0  22.9  22.8  22.9  23.0  22.8  22.9  23.1  23.1  22.8  23.1  23.1  23.3  23.0  23.1  23.2  23.6 
 24.1  23.4  23.8  23.5  23.4  23.1  23.5  23.1  22.9  22.9  23.2  23.0  22.9  22.6  23.1  22.8  22.8  22.8  23.1  23.1  23.0  22.8  23.1  22.9  23.1  22.8  23.2  23.0  23.0  23.0  23.8  23.2 
 24.6  24.6  24.6  25.0  24.6  24.6  23.7  23.8  22.9  23.0  23.1  23.2  22.9  22.8  22.9  23.0  22.9  22.7  23.0  23.0  22.9  22.8  23.1  23.2  22.9  22.8  22.9  23.1  23.0  22.9  23.1  23.8 
 24.5  24.5  25.4  25.2  25.9  25.7  25.2  24.4  23.5  23.1  23.3  23.2  22.7  22.7  23.0  22.9  22.9  22.8  23.1  22.8  22.9  22.8  23.1 nan  22.9  22.8  23.0  23.1  23.0  22.9  23.8  23.4 
 25.4  25.2  26.2  27.1  28.5  29.7  38.0  42.0  39.8  33.9  23.5  23.4  23.0  22.8  23.0  23.1  23.0  22.8  22.9  23.1  22.9  22.8  22.7  23.3  22.9  22.9  23.3  23.6  23.3  23.1  23.6  23.9 
 25.6  25.7  27.2  27.6  30.1  32.5  47.7  54.2  58.7  51.7  24.9  23.6  23.1  22.9  23.2  23.0  22.8  22.8  23.2  23.0  22.8  22.7  23.2  23.0  22.8  23.1  24.1  24.1  23.6  23.0  23.9  23.6 
 26.1  26.2  27.8  28.7  32.6  36.7  57.5  66.6  77.5  73.3  30.7  24.9  23.1  23.0  22.9  23.0  23.0  22.9  23.1  23.3  22.9  22.8  23.0  23.1  22.8  23.0  25.7  25.5  23.6  23.2  23.5  23.8 
 25.8  26.1  27.9  28.5  32.9  36.9  57.3  68.7  87.1  82.2  30.7  24.9  23.3  23.0  23.2  23.0  22.9  22.8  23.1  23.0  23.0  22.8  23.2  22.9  22.9  22.9  24.4  24.5  23.4  23.2  23.9  23.7 
 26.2  26.3  27.7  28.1  30.0  31.9  45.6  55.8  67.7  57.2  25.5  24.1  23.4  23.0  23.1  23.0  23.0  23.0  23.1  23.2  22.9  22.8  23.0  23.1  23.0  23.0  23.2  23.8  23.4  23.3  23.7  23.9 
 26.2  26.0  27.3  27.5  28.7  29.6  37.9  42.9  46.4  39.1  24.5  23.7  23.1  23.0  23.2  23.2  23.0  22.9  23.4  23.2  23.1  23.0  23.0  23.2  22.9  22.7  23.3  23.3  23.6  23.5  23.9  23.8 
 25.7  26.3  26.7  27.0  27.2  27.7  28.7  29.5  28.3  26.4  23.8  23.7  23.1  23.2  23.3  23.4  23.3  23.1  23.0  23.4  23.0  22.8  23.1  23.4  23.1  23.3  23.1  23.4  23.5  23.5  23.7  24.6 
 26.3  26.0  26.7  26.5  26.8  26.6  28.1  27.8  26.5  25.2  24.0  23.6  23.2  23.2  23.4  23.0  23.1  23.0  23.4  23.1  23.0  23.0  23.4  23.2  23.0  23.1  23.5  23.3  23.4  23.6  24.3  23.9 
 26.0  25.9  26.1  26.3  26.1  26.0  26.0  26.4  25.0  24.4  23.8  23.9  23.3  23.2  23.3  23.5  23.2  23.1  23.3  23.3  23.1  23.0  23.4  23.6  23.3  23.1  23.5  23.9  23.2  23.5  24.0  25.0 
 25.9  25.9  26.4  26.2  25.9  25.6  26.0  25.7  24.7  24.3  24.1  23.7  23.5  23.4  23.7  23.3  23.2  23.1  23.5  23.4  23.0  23.1  23.4  23.4  23.3  23.2  23.8  23.9  23.8  23.5  25.2  25.3 
 27.0  26.4  25.8  26.1  25.4  25.3  25.0  25.3  24.6  24.2  23.8  24.2  23.6  23.4  23.5  23.8  23.4  23.5  23.7  23.7  23.4  23.4  23.3  23.9  23.4  23.4  24.4  24.5  24.2  24.1  25.8  27.7 
 27.1  26.4  25.9  25.8  25.4  25.0  25.3  24.9  24.2  24.2  24.2  23.9  23.4  23.5  23.7  23.6  23.4  23.3  23.4  23.5  23.5  23.3  23.7  23.5  23.8  23.6  24.8  25.0  25.0  24.6  27.2  26.7 
