 24.3  23.3  23.6  24.0  23.5  23.3  23.4  23.3  23.0  22.8  23.4  23.2  23.2  22.9  23.1  23.4  22.9  22.6  23.2  23.3  23.0  22.8  23.2  23.5  23.1  22.8  23.1  23.8  23.3  23.1  24.4  25.5 
 24.0  23.3  24.1  23.8  23.3  23.4  23.7  23.4  23.2  23.1  23.6  23.6  23.0  22.8  23.2  23.0  22.9  22.6  23.3  23.0  22.9  22.6  23.1  23.1  23.1  23.0  23.4  23.5  23.4  23.2  24.9  24.8 
 23.3  23.4  23.9  23.7  23.1  22.9  23.3  23.4  23.4  22.8  23.3  23.3  22.7  22.8  23.1  23.1  22.8  22.8  22.9  23.3  22.8  22.7  22.9  23.2  23.0  22.8  23.3  23.7  23.5  23.4  23.8  24.4 
 23.4  23.3  23.9  23.7  22.9  22.7  23.6  23.3  23.3  23.0  23.6  23.3  22.7  22.7  23.1  23.0  23.0  22.8  23.2  23.0  22.7  22.8  23.0  23.0  22.8  22.7  23.3  23.4  23.2  24.0  23.7  24.4 
 23.3  23.2  23.3  23.8  23.2  22.9  23.2  23.6  23.5  23.5  24.5  23.7  23.1  22.9  23.0  22.9  22.6  22.6  23.0  23.0  22.7  22.7  23.0  23.1  23.0  22.7  23.3  23.5  23.7  23.6  23.5  24.1 
 23.0  23.3  23.3  23.3  23.0  22.9  23.6  23.5  23.5  24.5  26.2  24.5  22.9  22.7  23.0  23.0  22.8  22.6  23.0  23.0  22.7  22.7  23.1  23.2  23.2  22.8  23.3  23.5  23.1  23.2  23.8  23.6 
 23.5  23.2  23.4  23.6  22.9  22.9  23.2  23.5  24.0  25.3  27.9  25.3  22.9  22.8  22.8  23.1  22.6  22.7  22.9  23.0  22.8  22.7  23.1  23.3  22.9  22.8  23.1  23.4  22.9  22.8  23.5  23.3 
 23.4  23.4  23.4  23.7  23.1  22.8  23.2  23.3  23.0  23.7  24.7  23.7  22.8  22.8  23.0  22.9  23.0  22.7  22.9  22.9  22.8  22.7  23.3  23.2  22.7  22.7  23.1  23.2  22.9  23.0  23.2  22.6 
 23.6  23.4  23.6  23.5  23.1  23.0  23.3  23.3  23.0  23.0  23.1  23.1  23.0  22.8  22.8  23.1  22.7  22.8  23.0  23.1  22.7  22.6  23.0  23.1  22.9  22.7  23.3  23.1  22.9  22.8  23.5  23.6 
 23.5  23.2  23.8  23.7  23.4  23.1  23.3  23.1  22.9  22.8  23.0  23.0  22.8  22.8  23.0  23.1  22.8  22.9  22.9  23.1  22.9  22.8  23.3  23.1  22.9  23.0  23.1  23.0  23.0  22.8  23.5  23.1 
 24.4  24.4  25.0  25.1  24.6  24.2  23.9  23.7  23.1  22.8  23.2  23.0  22.9  22.7  23.0  23.0  22.7  22.7  23.1  23.1  22.9  22.8  23.0  23.2  23.0  22.7  23.1  23.0  23.2  23.0  23.5  23.8 
 24.5  24.7  25.3  25.6  25.8  25.6  25.4  24.4  23.4  23.2  23.2  23.2  22.8  22.8  23.1  23.0  22.8  22.9  23.1  22.9  22.7  22.8  23.1 nan  22.7  22.7  23.1  23.2  23.0  22.8  23.5  23.7 
 25.4  25.2  26.4  27.0  28.6  29.5  38.0  42.0  39.7  33.7  23.8  23.4  23.1  22.7  23.0  23.2  22.9  22.7  23.0  23.0  22.9  22.7  23.1  23.2  22.8  22.7  23.3  23.3  23.3  23.1  23.5  24.1 
 25.6  25.5  27.0  27.5  30.0  32.4  47.6  54.1  58.6  51.6  24.9  23.6  22.9  22.8  23.2  23.0  22.8  22.7  23.2  23.1  22.8  22.7  23.1  23.1  22.9  23.0  24.4  24.3  23.8  23.0  23.4  23.6 
 26.0  25.8  27.7  28.8  32.5  36.7  57.4  66.3  77.2  73.1  30.7  25.0  23.1  23.0  23.0  23.0  23.0  22.8  23.1  23.2  22.8  22.7  23.0  23.1  22.9  23.0  25.7  25.7  23.6  23.0  23.5  23.8 
 25.8  25.9  27.9  28.5  32.8  36.8  57.1  68.5  86.9  82.1  30.5  24.9  23.2  22.9  23.0  23.1  22.9  22.9  23.0  23.1  22.7  22.7  23.1  23.0  22.8  22.8  24.4  24.6  23.3  23.0  23.8  23.7 
 25.9  26.1  27.7  28.2  30.2  31.8  45.5  55.6  67.7  57.2  25.6  24.0  23.1  23.0  23.2  23.1  22.9  22.8  23.1  23.2  22.8  22.7  23.2  23.2  23.0  22.8  23.3  23.6  23.4  23.1  24.2  24.1 
 25.7  26.1  27.3  27.4  28.7  29.6  37.8  42.8  46.3  39.2  24.3  23.6  23.2  23.1  23.3  23.1  22.9  22.8  23.1  23.2  22.8  22.8  23.2  23.2  22.8  22.8  23.3  23.4  23.4  23.3  23.6  24.0 
 26.2  26.0  26.9  27.2  27.3  27.4  29.1  29.7  28.3  26.3  24.0  23.7  23.4  23.1  23.2  23.3  23.3  22.9  23.1  23.3  23.0  22.8  23.3  23.4  22.9  22.8  23.2  23.4  23.6  23.2  23.9  24.4 
 25.6  25.7  26.7  26.6  26.8  26.4  27.7  27.8  26.4  25.3  23.8  23.7  23.1  23.1  23.4  23.3  23.1  23.2  23.4  23.2  22.9  23.0  23.4  23.3  22.8  23.1  23.4  23.5  23.3  23.2  24.1  24.5 
 25.8  25.4  26.3  26.5  25.8  26.0  26.3  26.5  25.4  24.5  23.9  24.2  23.4  23.2  23.3  23.5  23.2  23.2  23.2  23.5  23.0  22.8  23.4  23.3  23.3  23.1  23.4  24.1  23.5  23.5  23.8  25.0 
 25.9  25.7  25.8  26.4  25.9  25.5  26.0  25.8  24.8  24.3  24.0  24.0  23.4  23.3  23.4  23.4  23.1  23.2  23.6  23.3  23.1  23.2  23.4  23.4  23.2  23.4  23.5  23.9  23.8  23.6  25.2  25.6 
 26.7  26.0  25.8  26.1  25.4  25.2  25.3  25.3  24.4  24.1  24.0  24.1  23.6  23.4  23.6  23.6  23.4  23.0  23.4  23.6  23.5  22.9  23.6  23.9  23.6  23.1  24.2  24.3  24.2  24.3  25.8  28.2 
 26.8  26.4  25.9  26.0  25.5  25.2  25.3  25.0  24.3  23.9  24.2  24.2  23.4  23.5  23.8  23.8  23.5  23.4  23.4  23.7  23.1  23.1  23.7  23.9  23.5  23.5  24.8  25.1  24.8  24.8  27.2  27.7 
