 24.0  23.2  23.8  23.5  22.9  23.2  23.6  23.3  23.0  22.7  23.3  23.3  22.8  22.7  23.2  23.0  22.7  22.7  23.0  23.1  22.6  22.8  23.2  23.2  22.9  22.8  23.3  23.6  23.0  23.1  24.3  25.4 
 23.7  23.4  23.8  24.0  23.2  23.1  23.6  23.4  23.1  22.7  23.5  23.1  22.7  22.9  23.1  23.0  22.6  22.5  23.2  22.9  22.8  22.8  23.3  23.1  22.8  22.8  23.5  23.3  23.3  23.2  24.8  24.7 
 23.5  23.3  23.8  23.6  23.2  22.6  23.2  23.3  23.0  22.7  23.2  23.2  22.8  22.8  23.0  23.1  22.8  22.5  22.8  23.1  22.7  22.6  22.8  23.3  23.0  22.8  23.5  23.4  23.2  23.4  23.7  24.3 
 23.2  23.2  23.6  23.7  22.9  22.6  23.3  23.3  23.2  23.0  23.6  23.2  22.7  22.7  23.0  22.9  22.7  22.6  23.1  22.9  22.7  22.6  23.1  22.8  22.7  23.0  23.3  23.3  23.1  24.2  24.4  23.9 
 23.4  23.0  23.6  23.4  22.9  22.8  23.1  23.4  23.4  23.7  24.4  23.7  22.7  22.6  22.9  22.9  22.7  22.6  22.9  22.8  22.7  22.6  22.9  23.1  22.8  22.7  23.2  23.2  23.1  23.6  23.8  23.9 
 23.1  23.0  23.5  23.2  22.7  22.8  23.3  23.3  23.5  24.4  26.0  24.4  22.8  22.7  22.8  22.9  22.7  22.5  22.9  23.2  22.7  22.5  23.1  23.0  22.8  22.7  23.3  23.1  23.2  23.1  23.8  23.7 
 23.2  23.0  23.6  23.5  22.9  22.6  23.1  23.4  23.8  25.1  27.9  25.3  22.7  22.6  22.9  22.9  22.6  22.6  22.7  22.8  22.6  22.6  23.0  23.2  22.8  22.8  23.2  23.4  23.0  22.8  23.4  23.9 
 23.5  23.2  23.2  23.4  23.0  22.6  23.2  23.0  23.3  23.5  24.6  23.5  22.8  22.7  23.0  22.8  22.8  22.5  22.8  23.0  22.5  22.5  23.2  23.2  23.1  22.6  23.0  23.2  23.1  22.8  23.2  22.7 
 23.6  23.2  23.5  23.4  22.9  22.7  23.3  23.2  22.7  22.7  23.2  23.2  22.6  22.7  22.8  22.9  22.7  22.6  22.9  22.9  22.6  22.8  23.0  23.1  22.6  22.6  23.1  23.0  22.8  22.7  23.1  23.5 
 23.5  23.4  23.7  23.6  23.3  23.2  23.1  23.2  22.7  22.8  22.8  22.9  22.6  22.7  22.9  22.8  22.7  22.7  23.0  22.9  22.9  22.7  23.0  23.0  22.7  22.6  23.1  23.2  22.6  22.7  23.5  23.4 
 24.3  24.2  24.7  24.8  24.5  24.1  23.8  23.8  22.9  22.9  23.1  23.1  22.7  22.6  23.0  22.9  22.7  22.6  22.9  22.9  22.7  22.6  22.9  22.8  22.5  22.8  22.9  23.2  22.9  23.0  23.2  23.4 
 24.4  24.5  25.2  25.6  25.7  25.5  25.3  24.4  23.2  23.0  23.3  23.1  22.7  22.6  23.0  22.9  22.8  22.7  22.9  22.9  22.8  22.6  23.1 nan  22.7  22.4  23.1  23.1  22.9  22.6  23.4  23.6 
 25.1  25.2  26.3  26.9  28.3  29.6  38.0  41.9  39.6  33.7  23.6  23.4  23.0  22.9  23.0  23.0  22.7  22.6  23.1  23.0  22.8  22.6  22.8  22.9  22.8  22.8  23.4  23.3  23.1  22.7  23.6  23.8 
 25.6  25.7  26.9  27.5  30.0  32.4  47.6  54.1  58.6  51.5  24.9  23.6  23.0  22.8  23.0  23.2  22.7  22.7  23.0  22.9  22.7  22.6  23.0  23.0  22.8  22.6  24.1  24.3  23.5  23.2  23.6  23.6 
 25.8  25.8  27.8  28.7  32.6  36.5  57.3  66.2  77.1  73.2  30.7  24.9  23.0  22.9  22.9  23.0  23.0  22.6  23.0  23.1  22.6  22.7  23.2  23.0  22.7  22.7  25.6  25.6  23.2  23.4  23.5  24.2 
 25.9  25.7  27.8  28.6  32.7  36.7  57.0  68.5  86.8  81.9  30.4  24.9  23.0  22.7  22.9  23.0  22.8  22.6  22.9  23.0  22.6  22.6  22.9  23.1  22.5  23.0  24.5  24.6  23.3  23.2  23.8  23.9 
 25.9  25.9  27.4  28.3  29.9  31.7  45.5  55.6  67.6  57.1  25.5  24.0  23.1  23.0  23.0  23.1  22.9  23.0  23.1  23.1  22.9  22.6  23.0  23.1  22.9  22.7  23.3  23.6  23.1  23.0  23.6  23.8 
 25.9  25.9  27.5  27.4  28.6  29.4  37.6  42.8  46.2  38.8  24.2  23.6  23.1  23.0  23.2  23.1  22.9  22.9  23.3  23.2  22.8  22.8  23.1  23.0  22.8  22.7  23.3  23.3  23.2  23.1  23.9  23.9 
 26.1  25.9  26.7  26.9  27.1  27.3  28.7  29.5  28.2  26.2  24.0  23.6  23.1  22.9  23.2  23.3  22.9  22.8  23.1  23.2  22.9  22.8  23.1  23.2  22.9  23.0  23.3  23.3  23.4  23.4  24.0  24.5 
 25.6  25.7  26.4  26.7  26.6  26.6  27.6  27.9  26.5  25.3  23.8  23.8  23.3  23.1  23.4  23.1  23.0  23.0  23.2  23.2  22.9  22.8  23.3  23.2  22.9  22.9  23.4  23.4  23.1  23.3  24.2  24.6 
 25.7  25.8  26.0  26.2  25.7  25.9  26.0  26.2  25.0  24.4  23.8  23.7  23.3  23.1  23.4  23.5  22.9  23.2  23.1  23.4  22.9  23.0  23.3  23.6  23.2  22.9  23.4  23.8  23.3  23.3  24.6  25.4 
 25.7  25.4  26.5  25.9  25.8  25.6  26.0  25.6  24.6  24.2  24.2  24.0  23.2  23.1  23.4  23.7  23.0  23.0  23.2  23.4  23.0  22.8  23.8  23.4  23.2  23.0  23.6  23.5  23.4  23.7  25.1  25.5 
 26.9  25.8  26.2  26.0  25.1  25.1  25.3  25.1  24.1  24.0  23.9  24.1  23.5  23.2  23.6  23.7  23.3  23.0  23.7  23.6  23.2  23.1  23.6  23.7  23.2  23.0  23.9  24.4  24.1  24.0  26.7  27.1 
 27.3  26.5  26.1  26.1  25.0  25.2  25.3  24.9  24.2  24.1  24.1  23.9  23.3  23.2  23.6  23.4  23.2  23.1  23.3  23.5  23.4  23.0  23.8  23.7  23.0  23.1  24.5  24.7  24.2  24.5  27.1  27.0 
