 24.5  23.4  24.0  23.9  23.6  23.0  23.5  23.6  23.3  22.9  23.1  23.2  23.2  22.7  23.1  23.1  22.9  22.7  22.9  23.0  23.0  22.7  23.2  23.2  23.0  22.8  23.3  23.5  23.7  23.1  24.4  25.7 
 23.9  23.5  23.8  24.0  23.2  23.4  23.6  23.3  22.9  23.0  23.3  23.4  22.7  22.9  23.0  23.0  22.8  22.9  22.9  22.9  22.9  22.9  23.2  23.3  23.0  23.2  23.1  23.4  22.9  23.5  24.5  24.8 
 24.0  23.3  24.0  23.6  23.4  22.8  23.4  23.4  23.3  22.8  23.3  23.3  23.1  22.7  23.1  23.1  22.9  22.6  23.0  23.1  22.9  22.6  23.1  23.2  23.2  22.8  23.3  23.4  23.5  23.3  24.0  23.8 
 23.2  23.6  23.8  23.7  22.9  22.9  23.1  23.4  23.2  23.3  23.7  23.4  22.7  22.8  22.9  23.1  22.7  22.9  23.1  22.9  22.7  22.9  23.2  23.2  22.6  22.7  23.6  23.3  23.4  24.1  23.8  23.8 
 23.7  23.2  23.4  23.4  23.2  22.8  23.2  23.4  23.4  23.6  24.3  23.7  23.1  22.7  22.9  23.0  22.9  22.5  22.9  22.9  22.8  22.7  23.0  22.9  23.0  22.7  23.5  23.2  23.5  23.6  23.7  23.9 
 23.1  23.5  23.5  23.3  22.6  23.0  23.3  23.2  23.7  24.5  25.9  24.5  22.8  23.0  22.6  23.1  22.7  22.6  22.9  22.9  22.5  22.7  23.0  22.9  23.0  23.0  23.1  23.4  23.0  23.2  23.8  23.6 
 23.5  23.2  23.4  23.0  23.1  22.8  23.1  23.3  24.2  25.1  27.9  25.1  23.0  22.7  23.0  23.0  22.8  22.8  23.0  22.9  23.0  22.5  23.0  23.0  23.1  22.7  23.2  23.3  23.1  22.7  23.8  23.7 
 23.3  23.2  23.2  23.4  23.0  23.1  23.2  23.3  23.2  23.8  24.6  23.7  22.8  23.0  22.9  23.0  22.8  22.7  23.0  22.9  22.6  22.8  23.1  22.9  22.6  22.8  23.0  23.2  22.8  23.1  23.4  22.5 
 23.7  22.9  23.7  23.2  23.3  22.8  23.1  23.0  23.1  22.6  23.2  23.0  22.9  22.7  22.9  23.1  22.9  22.6  23.0  22.8  22.8  22.8  23.0  23.1  23.0  22.7  23.2  23.0  23.2  22.8  23.5  23.3 
 23.3  23.6  23.6  23.6  23.3  23.4  23.1  23.3  22.9  23.1  23.0  23.3  22.8  22.7  22.9  23.0  22.6  22.8  22.9  23.1  22.8  22.8  22.9  23.0  22.8  23.1  23.3  23.0  22.9  22.8  23.5  23.4 
 24.4  24.3  24.7  24.9  24.7  24.2  23.9  23.4  23.1  22.9  23.2  23.0  23.0  22.6  23.0  22.8  22.8  22.7  23.0  22.9  22.9  22.6  23.0  23.1  22.7  22.7  22.8  23.1  23.1  22.8  23.2  23.5 
 24.4  24.7  25.3  25.8  25.6  25.9  25.3  24.5  23.2  23.4  23.2  23.3  22.8  22.9  23.0  22.9  22.6  22.8  22.9  23.0  22.6  22.8  23.0 nan  22.6  22.9  23.0  23.1  22.8  23.1  23.5  23.6 
 25.4  25.1  26.4  26.8  28.6  29.5  37.9  41.9  40.0  33.5  23.5  23.4  23.2  22.8  23.2  23.1  23.0  22.8  23.1  22.8  22.9  22.6  22.9  23.0  22.9  22.7  23.3  23.4  23.2  22.9  23.7  24.1 
 25.5  25.8  27.0  27.7  29.8  32.7  47.6  54.2  58.5  51.7  24.8  23.8  22.9  22.9  23.0  23.1  22.8  22.9  23.0  23.0  22.7  22.8  22.9  23.2  22.8  22.8  24.1  24.3  23.4  23.3  23.5  23.9 
 26.0  25.8  27.5  28.6  32.7  36.6  57.4  66.2  77.3  73.3  30.8  24.9  23.1  22.9  23.1  23.1  23.0  22.7  23.2  23.0  22.8  22.6  23.1  22.9  22.9  22.9  25.6  25.6  23.6  23.2  23.6  23.7 
 25.7  26.2  27.9  28.7  32.5  36.6  56.9  68.7  86.9  82.2  30.5  24.8  23.1  23.2  22.9  23.0  22.7  22.9  22.8  23.1  22.6  22.9  23.0  23.1  22.9  22.7  24.3  24.8  23.3  23.5  23.7  23.7 
 26.2  25.9  27.4  28.0  30.2  31.8  45.4  55.5  67.7  57.1  25.5  23.9  23.1  22.9  23.1  22.8  23.0  22.8  23.1  23.1  23.0  22.5  23.1  23.1  23.1  22.8  23.2  23.7  23.4  22.9  23.9  23.6 
 25.8  26.3  27.2  27.6  28.7  29.6  37.7  42.8  46.2  39.3  24.0  23.7  23.0  23.3  23.1  23.2  22.8  23.1  23.1  23.1  22.8  22.9  23.0  23.2  22.8  22.9  23.3  23.6  23.2  23.3  23.8  23.8 
 26.1  26.0  26.7  26.9  27.4  27.3  29.1  29.4  28.4  26.2  24.0  23.4  23.4  23.1  23.4  23.3  23.2  23.0  23.1  23.3  23.2  22.7  23.2  23.4  23.0  22.9  23.3  23.3  23.6  23.4  23.9  24.3 
 25.5  26.0  26.4  26.5  26.6  26.9  27.7  27.7  26.3  25.4  23.9  23.8  23.3  23.4  23.3  23.3  22.9  23.0  23.3  23.2  22.8  23.1  23.2  23.4  22.9  23.1  23.5  23.5  23.0  23.7  24.0  24.3 
 26.2  25.6  26.3  26.4  26.1  25.9  26.0  26.2  25.0  24.4  24.2  23.8  23.6  23.1  23.4  23.6  23.2  23.1  23.1  23.2  23.2  22.9  23.6  23.2  23.3  23.0  23.7  23.8  23.5  23.4  24.3  24.6 
 25.7  26.0  26.1  26.0  25.5  25.9  25.6  25.8  24.3  24.4  24.1  23.7  23.0  23.2  23.4  23.4  23.0  23.3  23.4  23.4  23.0  23.1  23.6  23.5  22.9  23.1  23.9  23.8  23.7  23.4  24.8  25.3 
 27.0  25.8  26.0  26.0  25.7  25.2  25.3  24.9  24.5  24.1  24.0  24.1  23.5  23.2  23.5  23.3  23.4  23.0  23.7  23.5  23.5  22.9  23.7  23.8  23.6  23.3  24.0  24.2  24.4  24.2  25.8  27.1 
 26.7  26.6  25.8  26.0  25.2  25.3  25.2  25.2  24.2  24.2  24.0  23.9  23.3  23.6  23.6  23.5  23.2  23.4  23.4  23.7  23.2  23.4  23.6  23.4  23.2  23.6  24.5  25.3  24.7  25.1  27.1  27.2 
