 23.6  22.5  23.5  22.9  22.9  22.4  22.8  22.6  22.5  22.3  22.8  22.7  22.5  22.2  22.6  22.6  22.3  22.2  22.7  22.6  22.3  22.4  22.9  22.8  22.6  22.4  23.4  23.8  23.4  23.1  24.7  25.0 
 23.4  23.2  23.0  23.2  22.6  22.6  22.7  23.1  22.4  22.5  22.7  22.8  22.3  22.4  22.6  22.7  22.6  22.2  22.7  22.6  22.5  22.4  22.6  22.9  22.4  22.8  23.4  24.5  23.4  23.1  23.6  24.8 
 23.4  22.8  23.4  23.1  22.6  22.2  23.0  22.7  22.4  22.5  22.7  22.8  22.3  22.3  22.8  22.7  22.5  22.3  22.7  22.5  22.5  22.4  22.7  22.7  22.7  22.5  23.1  23.1  23.0  22.7  23.7  23.5 
 22.9  23.1  23.1  23.1  22.5  22.3  22.8  23.0  22.5  22.6  22.9  22.7  22.3  22.3  22.5  22.7  22.4  22.2  22.7  22.7  22.2  22.3  22.6  22.9  22.4  22.6  23.3  23.2  22.4  23.2  23.6  23.7 
 23.3  23.0  23.4  23.0  22.6  22.5  23.0  23.0  23.1  22.9  23.1  22.7  22.4  22.3  22.6  22.3  22.4  22.3  22.4  22.5  22.4  22.2  22.8  22.7  22.7  22.4  23.1  22.8  22.7  22.6  23.1  23.2 
 22.8  22.8  23.1  23.3  22.4  22.6  23.0  23.2  23.4  23.7  23.1  22.8  22.5  22.3  22.4  22.6  22.3  22.3  22.6  22.5  22.3  22.3  22.5  22.8  22.6  22.3  22.9  22.8  22.8  22.8  23.1  23.4 
 23.2  22.7  23.1  23.1  22.6  22.6  23.2  23.3  25.3  26.4  24.2  23.2  22.6  22.4  22.7  22.4  22.3  22.4  22.6  22.4  22.4  22.3  23.0  22.8  22.6  22.2  22.9  22.9  22.8  22.6  23.3  23.5 
 22.8  23.1  22.8  23.3  22.6  22.6  23.0  23.4  25.3  27.2  24.5  23.2  22.4  22.3  22.5  22.7  22.3  22.4  22.4  22.5  22.2  22.3  22.8  22.7  22.3  22.5  23.1  23.1  22.6  22.6  22.9  22.4 
 23.3  22.9  23.7  23.0  22.6  22.6  23.1  22.9  23.2  23.0  23.2  22.8  22.6  22.3  22.6  22.7  22.4  22.5  22.8  22.4  22.6  22.3  22.7  22.7  22.7  22.6  22.9  22.8  23.1  22.8  23.1  23.1 
 23.4  23.3  23.3  23.4  22.7  22.8  22.9  23.0  22.8  23.0  22.8  22.8  22.3  22.3  22.5  22.5  22.4  22.4  22.5  22.7  22.4  22.5  22.5  22.5  22.4  22.5  22.8  23.2  22.8  22.7  23.2  23.6 
 23.9  23.5  24.2  24.0  23.8  23.2  23.2  23.1  22.9  22.7  22.9  22.7  22.4  22.3  22.8  22.6  22.5  22.3  22.6  22.7  22.5  22.5  22.7  22.7  22.5  22.4  23.4  23.8  23.5  23.0  23.6  23.3 
 23.4  23.6  24.1  24.4  24.2  24.2  23.9  23.7  22.8  22.7  23.0  22.8  22.5  22.5  22.6  22.8  22.4  22.6  22.8  22.7  22.4  22.5  22.7 nan  22.4  22.5  24.1  25.0  23.4  23.1  23.2  23.5 
 24.4  24.1  25.6  25.7  26.9  27.4  32.9  34.8  32.9  29.0  23.4  23.0  22.7  22.5  22.8  22.6  22.6  22.4  22.9  22.7  22.4  22.3  22.8  22.7  22.4  22.7  24.0  24.5  23.3  23.1  23.7  23.4 
 24.5  24.6  26.0  26.4  28.4  29.9  41.6  48.8  53.4  47.2  24.7  23.4  22.6  22.6  22.7  22.8  22.5  22.5  22.6  22.8  22.5  22.3  22.8  22.9  22.6  22.6  23.1  23.4  23.3  22.9  23.0  23.4 
 25.0  25.2  26.9  27.3  30.4  33.6  54.8  63.0  74.6  71.1  34.6  25.5  22.7  22.6  22.8  22.7  22.7  22.3  22.8  22.8  22.6  22.4  22.9  22.7  22.6  22.5  22.9  23.0  22.9  22.7  23.3  23.3 
 25.0  25.1  26.6  27.9  30.5  34.0  53.4  62.6  78.2  79.0  36.8  26.0  22.6  22.6  22.7  22.8  22.5  22.5  22.8  22.9  22.4  22.4  22.7  22.8  22.6  22.7  23.0  23.2  22.8  22.9  23.3  23.7 
 25.3  25.1  27.0  27.0  29.7  31.5  44.4  53.3  73.0  69.9  30.1  24.4  22.6  22.6  22.8  22.7  22.4  22.4  22.8  22.9  22.8  22.3  22.8  22.7  22.7  22.6  23.1  23.0  22.8  23.1  23.7  23.5 
 25.1  25.2  26.3  26.7  28.4  29.7  36.7  42.2  54.0  49.4  25.7  23.9  22.6  22.5  22.8  22.9  22.3  22.4  22.8  22.9  22.5  22.6  22.7  23.1  22.8  22.8  23.0  23.2  22.8  23.1  23.4  23.6 
 25.2  24.9  26.5  26.7  26.7  26.8  28.6  29.4  29.7  27.7  24.0  23.2  22.6  22.5  22.9  22.9  22.7  22.5  22.6  22.8  22.7  22.3  23.0  22.7  22.9  22.6  23.1  23.4  23.0  23.0  23.8  24.1 
 25.1  25.5  26.0  26.6  26.1  26.1  27.4  27.4  26.6  26.0  23.5  23.4  22.6  22.9  23.0  22.9  22.5  22.5  22.8  22.8  22.5  22.5  22.8  23.1  22.7  22.7  23.1  23.4  22.9  23.1  23.9  24.5 
 25.5  25.0  25.5  25.5  25.8  25.4  25.6  25.6  25.0  24.6  23.6  23.2  22.8  22.7  23.0  22.8  22.6  22.5  23.0  22.9  22.8  22.5  23.3  23.1  23.1  22.5  23.2  23.4  23.5  24.0  25.3  25.0 
 25.1  25.2  25.5  25.8  25.0  24.9  25.2  25.4  24.3  24.0  23.6  23.4  22.8  22.8  22.9  22.9  22.6  22.5  22.9  23.0  22.5  22.7  23.0  23.3  22.8  23.0  23.5  23.7  24.5  24.4  25.5  26.4 
 26.0  25.2  25.2  25.5  24.8  24.5  25.1  24.4  24.0  23.6  23.7  23.5  23.3  22.7  23.0  23.2  23.0  22.7  23.5  23.1  23.1  22.5  23.4  23.4  23.4  23.3  25.2  25.8  26.0  25.1  26.6  27.2 
 26.2  26.1  25.1  25.6  24.7  24.6  24.8  24.8  23.8  23.7  23.6  23.9  22.9  23.1  23.1  23.3  22.8  23.0  22.9  23.6  23.2  22.9  23.3  23.8  23.8  24.5  26.1  26.8  25.6  25.9  26.7  28.0 
