 24.1  23.7  24.0  24.2  23.5  23.3  23.4  23.5  23.1  23.1  23.4  23.4  23.0  22.9  23.0  23.2  22.9  22.7  23.0  23.1  22.9  22.7  23.0  23.2  23.0  23.1  23.3  23.3  23.3  23.2  24.6  25.5 
 24.0  23.3  23.9  23.9  23.3  23.2  23.5  23.5  23.0  22.8  23.4  23.4  23.0  23.0  23.2  23.0  23.0  22.9  23.2  22.8  23.2  22.9  23.2  23.1  23.1  22.9  23.4  23.4  23.6  23.4  24.4  24.5 
 23.5  23.3  23.9  23.7  23.4  22.9  23.4  23.4  23.0  23.0  23.2  23.3  22.9  22.9  23.0  22.9  22.9  22.8  22.8  23.2  22.9  22.8  23.0  23.2  23.2  23.1  23.3  23.4  23.6  23.2  23.8  24.4 
 23.5  23.1  23.7  23.7  23.0  22.8  23.3  23.4  23.2  23.3  23.7  23.4  22.9  22.8  23.1  23.1  22.8  22.7  23.1  22.8  23.0  22.6  23.1  23.3  22.8  23.0  23.3  23.4  23.5  24.1  24.1  24.0 
 23.3  23.5  23.3  23.5  23.0  22.9  23.2  23.4  23.6  23.6  24.3  23.9  22.9  22.7  23.0  22.9  22.7  22.7  22.9  22.9  22.8  22.7  23.0  23.0  22.9  22.9  23.3  23.3  23.2  23.7  23.9  24.2 
 23.2  23.1  23.5  23.4  23.1  22.9  23.4  23.3  23.7  24.6  26.1  24.5  23.1  22.8  23.0  23.1  22.7  22.6  23.0  22.9  22.8  22.7  23.0  23.3  23.2  22.8  23.3  23.2  23.1  23.5  23.8  23.3 
 23.5  23.3  23.2  23.5  22.9  22.9  22.9  23.3  24.0  25.3  27.7  25.4  23.0  22.7  22.9  23.0  22.7  22.7  22.7  23.0  22.9  22.7  23.2  23.2  22.9  22.9  23.2  23.3  23.2  23.1  23.5  23.5 
 23.3  23.3  23.6  23.5  23.1  22.8  23.2  23.1  23.4  23.8  24.6  23.5  22.9  22.7  23.0  23.1  22.7  22.8  22.9  22.9  22.8  22.7  23.2  23.1  22.7  22.8  23.3  23.4  23.1  23.0  23.5  22.5 
 23.6  23.2  23.6  23.4  23.1  23.3  23.0  23.3  22.8  23.0  23.0  23.0  22.9  22.7  22.9  23.0  22.7  22.8  22.9  23.0  22.9  22.8  22.9  23.0  22.8  22.8  23.2  23.1  23.2  23.1  23.2  23.4 
 23.8  23.4  23.7  23.6  23.4  23.2  23.4  22.9  22.9  22.8  23.1  23.1  22.9  22.6  23.1  22.8  22.7  22.8  23.0  23.0  22.8  22.8  23.0  22.9  23.0  22.7  23.1  23.3  23.0  22.8  23.5  23.4 
 24.6  24.4  24.7  24.9  24.7  24.4  23.8  23.7  23.0  23.0  23.2  23.1  22.9  22.8  22.9  23.0  22.8  22.8  22.9  23.1  22.9  22.7  22.9  22.9  22.7  22.7  22.9  23.1  22.8  22.9  23.2  23.3 
 24.5  24.5  25.2  25.5  25.6  25.7  25.3  24.5  23.5  23.1  23.0  23.3  22.9  22.7  23.0  22.9  22.9  22.7  23.0  23.1  22.8  22.8  22.9 nan  22.7  22.6  23.1  23.0  23.0  22.7  23.3  23.7 
 25.3  25.2  26.3  26.9  28.4  29.6  37.9  41.9  39.7  33.7  23.6  23.4  23.1  22.9  23.0  23.1  22.9  22.7  22.9  23.0  23.0  22.7  23.0  23.0  22.8  22.8  23.5  23.4  23.2  23.0  23.7  23.6 
 25.6  25.5  27.0  27.7  30.1  32.6  47.6  54.1  58.6  51.6  24.9  23.7  23.2  23.0  23.1  23.0  23.0  22.8  23.0  23.1  22.8  22.8  23.0  23.0  23.1  23.0  24.0  24.4  23.5  23.3  23.7  23.4 
 25.7  26.1  27.4  28.6  32.7  36.7  57.4  66.3  77.2  73.2  30.9  25.1  23.1  23.0  23.0  23.0  23.1  23.0  23.1  23.0  22.8  22.6  23.0  23.0  22.9  22.9  25.6  25.4  23.4  23.3  23.6  24.0 
 26.1  26.1  27.8  28.6  32.9  36.6  57.0  68.5  87.0  82.1  30.6  24.6  23.3  23.0  23.1  23.2  23.2  22.9  23.0  23.1  22.8  22.8  22.9  23.1  22.8  22.7  24.4  24.5  23.3  23.3  23.6  23.7 
 26.1  26.3  27.5  28.1  30.1  31.9  45.5  55.5  67.7  57.3  25.6  23.8  23.2  23.0  23.1  23.1  22.8  22.8  23.1  23.0  23.1  22.9  23.1  23.0  22.9  22.9  23.0  23.4  23.4  23.4  24.0  23.7 
 26.1  26.3  27.3  27.5  28.7  29.8  37.7  42.8  46.4  39.0  24.3  23.6  23.2  23.0  23.1  23.1  22.9  22.9  23.2  23.2  23.0  22.7  23.0  23.3  22.9  22.8  23.3  23.3  23.5  23.2  24.1  23.8 
 25.9  25.8  26.9  27.2  27.3  27.8  29.1  29.4  28.3  26.5  24.0  23.7  23.4  23.0  23.3  23.3  23.1  23.1  23.1  23.3  23.1  23.0  23.2  23.4  23.1  23.1  23.5  23.3  23.5  23.4  23.5  24.2 
 26.1  26.0  26.4  26.8  26.8  26.7  27.6  27.7  26.6  25.6  23.8  23.4  23.3  23.1  23.3  23.2  23.1  23.0  23.1  23.2  22.9  22.9  23.2  23.3  23.2  22.9  23.7  23.4  23.4  23.4  23.9  24.3 
 26.0  25.9  26.3  26.2  26.2  26.1  26.3  26.3  25.3  24.5  24.0  23.8  23.5  23.2  23.3  23.5  23.2  23.1  23.3  23.3  23.0  22.9  23.5  23.5  23.3  23.2  23.4  23.9  23.4  23.4  24.2  25.0 
 25.9  25.7  26.1  26.2  25.8  25.5  25.8  25.8  24.7  24.4  23.9  23.7  23.5  23.1  23.4  23.5  23.1  23.1  23.4  23.2  23.1  23.2  23.6  23.4  23.3  23.2  23.7  23.8  23.6  23.6  24.9  25.6 
 27.2  26.0  26.0  26.1  25.4  25.3  25.6  24.9  24.5  24.2  23.8  23.9  23.7  23.4  23.5  23.7  23.6  23.1  23.5  23.4  23.3  23.2  23.8  23.9  23.4  23.4  24.2  24.3  24.2  24.1  25.8  26.8 
 27.4  26.1  26.1  25.8  25.3  24.8  25.2  25.0  24.2  24.0  24.0  24.0  23.6  23.3  23.9  23.5  23.4  23.1  23.6  23.6  23.4  23.4  23.6  23.7  23.6  23.6  24.8  25.1  25.0  24.8  26.8  27.2 
