 24.3  23.5  24.1  23.9  23.4  23.0  23.0  23.0  23.0  22.7  22.9  23.1  22.7  22.9  22.9  23.1  22.8  22.8  23.0  23.0  22.8  22.8  23.0  23.6  25.4  26.5  28.5  28.7  29.6  29.3  30.1  31.0 
 23.8  23.6  24.0  23.8  23.5  22.8  23.2  23.2  22.9  22.7  23.1  23.0  22.9  22.7  23.0  22.7  22.7  22.6  22.8  22.9  23.1  22.8  23.1  23.1  23.7  24.8  27.6  28.6  29.7  29.9  30.8  30.5 
 23.8  23.3  23.4  23.6  23.1  22.9  22.9  23.1  22.7  22.8  22.9  23.0  22.8  22.6  22.8  22.9  23.0  22.7  22.8  23.0  22.7  22.8  22.9  23.1  23.3  23.8  26.6  28.3  29.9  29.9  30.3  30.3 
 23.6  23.4  23.5  23.6  23.1  22.7  23.1  23.1  23.0  22.8  23.0  23.1  22.6  22.6  22.7  22.9  22.7  22.6  23.0  22.9  22.8  22.7  23.3  23.2  23.5  24.5  28.3  30.2  31.0  30.9  30.3  30.2 
 23.4  23.5  23.3  23.2  22.9  22.9  23.0  23.2  23.4  23.4  23.1  23.0  22.8  22.7  22.8  22.8  22.8  22.8  22.9  23.0  23.0  22.9  23.1  23.1  25.4  27.0  30.4  30.7  31.5  31.7  31.8  31.6 
 23.4  23.5  23.2  23.1  22.9  23.1  23.2  23.1  23.7  24.2  23.2  23.2  22.7  22.6  22.6  22.8  22.8  22.7  22.9  22.8  22.7  22.9  23.0  23.3  26.4  27.8  30.7  31.2  31.8  32.1  32.1  31.4 
 23.4  23.5  23.3  23.2  23.1  22.9  22.9  23.5  25.6  26.8  24.3  23.6  22.8  22.9  22.7  22.6  22.7  22.8  22.8  22.9  22.9  22.8  23.1  23.5  26.4  27.8  30.6  31.1  31.9  32.0  30.2  29.2 
 23.3  23.2  23.2  23.2  23.0  23.0  23.4  23.7  26.1  27.8  24.9  23.4  22.9  22.8  22.9  22.7  22.8  22.8  22.9  22.8  22.9  22.9  23.2  23.4  26.2  28.0  30.6  31.0  31.7  32.0  29.8  27.2 
 23.6  23.5  23.4  23.2  23.0  23.0  23.0  23.2  23.7  23.7  23.3  22.9  22.7  22.8  22.7  22.8  22.8  22.8  22.9  22.8  22.9  22.8  22.9  23.1  25.3  27.3  30.7  31.0  31.3  30.6  28.0  26.4 
 23.6  23.4  23.4  23.3  23.3  23.0  23.0  23.0  23.1  23.0  23.1  22.9  22.7  22.6  22.9  22.8  22.7  22.8  23.1  23.0  22.8  22.9  23.1  23.0  24.6  26.6  30.3  30.7  30.7  29.8  27.2  26.1 
 24.0  23.8  23.9  24.0  23.6  23.6  23.1  23.0  23.0  23.1  22.9  22.8  22.8  22.7  22.8  23.0  22.8  22.8  23.0  22.9  22.9  22.9  23.0  23.1  23.2  23.7  27.1  27.8  27.9  27.3  25.7  25.3 
 23.9  23.9  24.1  24.3  24.1  24.0  23.6  23.5  23.0  22.8  23.0  23.0  22.7  22.6  22.9  22.9  22.8  22.7  22.9  23.0  22.9  22.9  23.0 nan  23.0  23.2  25.1  26.3  25.8  25.1  25.2  24.9 
 24.4  24.2  25.2  25.7  26.3  26.7  29.3  29.5  27.9  26.4  23.2  23.1  22.8  22.8  22.8  23.1  22.9  22.8  22.9  22.8  22.8  22.7  23.1  23.1  23.1  23.0  24.9  25.4  24.2  23.9  24.3  24.4 
 24.9  24.9  25.8  26.4  27.7  28.8  36.7  42.6  45.1  39.7  24.1  23.4  22.9  22.8  22.9  22.8  22.8  22.6  22.8  22.9  22.9  22.7  23.2  23.0  23.0  23.0  23.7  23.9  24.0  23.9  24.2  24.1 
 25.3  25.4  26.5  27.3  29.9  32.9  52.0  60.6  71.3  67.9  34.4  25.7  23.0  22.9  22.9  23.0  23.0  22.9  22.9  22.8  22.7  22.7  23.0  23.0  23.1  23.0  23.3  23.3  23.5  23.6  24.1  24.1 
 25.4  25.5  27.1  27.8  30.5  33.5  52.6  61.4  76.3  76.1  39.1  26.5  22.9  23.0  23.0  22.8  23.0  22.7  22.9  22.8  22.7  22.8  23.2  23.1  23.0  22.9  23.5  23.3  23.7  23.7  24.0  23.9 
 25.5  25.5  26.8  27.2  29.9  32.2  46.0  55.5  78.7  78.7  34.2  25.5  23.2  22.9  23.1  23.0  22.9  22.8  23.1  23.0  22.9  22.7  23.0  23.1  23.2  22.9  23.5  23.2  23.2  23.4  24.1  24.2 
 25.8  25.5  26.6  27.1  29.1  30.4  38.9  45.5  61.4  58.7  28.0  24.6  23.0  23.0  23.1  23.0  22.9  22.8  23.4  23.2  22.8  23.1  23.1  23.2  23.2  23.1  23.8  23.5  23.5  23.3  24.1  24.2 
 25.8  25.7  26.6  26.8  27.3  27.5  29.4  30.9  32.4  30.5  24.5  23.6  23.0  23.1  23.1  23.0  23.0  23.0  23.1  23.1  23.2  23.0  23.0  23.5  23.3  22.8  23.4  23.4  23.6  23.4  23.8  24.1 
 25.6  25.7  26.4  26.8  26.8  26.7  28.1  28.4  28.2  27.3  24.1  23.7  23.2  23.2  23.2  23.1  22.9  22.9  23.2  23.2  23.0  23.0  23.2  23.6  23.4  23.2  23.6  23.5  23.6  23.6  24.1  24.3 
 25.5  25.8  26.0  26.2  26.2  26.0  26.2  26.3  25.7  25.3  23.9  23.6  23.3  23.1  23.3  23.3  23.0  23.0  23.4  23.2  23.0  22.8  23.4  23.3  23.4  22.9  23.4  23.6  23.9  24.1  24.7  25.1 
 25.6  25.9  26.0  26.1  25.8  25.6  25.9  25.9  25.2  25.0  24.0  23.6  23.2  23.1  23.3  23.4  23.0  23.0  23.3  23.4  23.1  23.0  23.5  23.5  23.3  23.4  23.7  24.1  24.2  24.4  25.7  26.4 
 26.8  26.0  25.7  25.7  25.4  25.0  25.4  25.3  24.7  24.4  24.1  23.9  23.6  23.4  23.3  23.4  23.5  23.0  23.3  23.2  23.4  23.1  23.5  23.6  23.8  23.7  24.9  24.8  25.4  25.2  26.4  26.8 
 27.0  26.7  25.8  25.7  25.2  25.2  25.3  25.2  24.5  24.1  24.0  23.8  23.3  23.4  23.6  23.6  23.5  23.4  23.4  23.2  23.3  23.5  23.6  23.8  24.0  24.1  25.5  25.8  25.6  25.6  27.2  27.2 
