 24.5  23.9  24.0  24.0  23.5  23.5  23.4  23.6  23.3  23.1  23.5  23.4  23.1  23.2  23.1  23.3  23.0  22.9  23.2  23.5  22.8  23.1  23.2  23.3  23.1  23.1  23.6  23.4  23.5  23.8  24.4  26.1 
 24.2  23.3  23.9  23.8  23.6  23.2  23.4  23.6  23.4  23.2  23.4  23.2  23.1  23.0  23.3  23.3  23.1  22.7  23.3  23.1  23.0  22.9  23.2  23.1  22.9  23.1  23.6  23.5  23.6  23.4  24.7  25.1 
 23.7  23.6  23.9  23.7  23.3  23.0  23.3  23.4  23.0  22.8  23.4  23.5  22.9  22.9  23.1  23.2  22.9  22.8  22.9  23.1  23.0  23.0  23.1  23.3  23.0  23.1  23.5  23.5  23.5  23.6  24.0  24.4 
 23.7  23.5  24.1  23.7  23.3  22.9  23.6  23.7  23.3  23.1  23.7  23.4  23.1  22.8  23.2  23.0  23.0  22.7  23.3  23.0  23.1  22.8  23.3  23.2  23.0  23.0  23.6  23.4  23.7  24.3  24.3  24.4 
 23.5  23.5  23.3  23.5  23.2  23.3  23.3  23.5  23.5  23.8  24.6  23.8  23.0  22.8  23.0  23.0  22.9  22.9  23.0  23.1  22.9  22.9  23.0  23.2  22.9  23.1  23.6  23.2  23.5  24.2  23.9  23.9 
 23.7  23.0  23.5  23.4  23.2  23.0  23.7  23.5  24.0  24.5  26.3  24.6  23.0  22.8  23.1  23.0  22.9  22.7  22.9  23.0  23.0  22.7  23.2  23.1  23.2  22.8  23.3  23.4  23.6  23.6  24.0  23.6 
 23.2  23.6  23.4  23.5  23.0  23.1  23.1  23.8  24.1  25.4  27.8  25.3  23.0  22.9  22.8  23.0  22.7  22.8  23.0  23.1  22.9  22.9  23.1  23.4  23.1  23.1  23.2  23.4  23.2  22.8  23.3  23.7 
 23.7  23.4  23.4  23.4  23.1  22.9  23.2  23.4  23.5  23.7  24.6  23.7  23.1  22.7  23.0  23.0  22.8  22.6  23.1  23.0  23.0  22.8  23.1  23.1  23.2  22.9  23.4  23.1  23.3  23.0  23.2  22.6 
 23.7  23.5  23.7  23.6  23.1  23.3  23.3  23.3  23.0  22.8  23.1  23.2  22.9  22.8  23.0  23.3  22.8  22.9  23.0  23.0  23.0  22.7  23.1  23.1  22.9  22.9  23.1  23.3  23.2  23.1  23.5  23.8 
 23.8  23.4  23.7  23.7  23.5  23.2  23.5  23.4  22.9  22.9  23.1  23.2  23.0  22.8  23.1  23.0  22.9  22.8  23.1  23.1  23.1  22.9  23.2  23.0  23.1  22.7  23.2  23.1  23.2  23.0  24.0  23.4 
 24.4  24.7  24.7  25.2  24.6  24.7  23.8  23.7  23.0  23.1  23.2  23.2  22.9  23.0  22.9  23.0  22.9  22.8  23.0  23.1  22.8  22.8  23.1  23.2  23.0  22.9  23.1  23.2  23.1  23.1  23.7  23.8 
 24.5  24.5  25.4  25.5  25.9  25.7  25.4  24.5  23.7  23.3  23.3  23.3  23.1  22.8  23.0  22.9  23.0  22.9  23.0  23.0  22.9  22.8  23.0 nan  22.9  22.7  23.1  23.1  23.3  23.0  23.6  23.6 
 25.3  25.5  26.4  27.3  28.6  29.7  38.2  41.9  39.7  33.9  23.6  23.5  23.1  23.0  23.0  23.1  22.9  23.1  23.2  23.2  22.9  22.8  23.3  23.2  23.0  22.9  23.5  23.6  23.3  23.4  23.7  23.9 
 25.6  25.5  27.1  27.7  30.3  32.5  47.7  54.2  58.7  51.6  25.1  23.7  23.2  23.0  23.2  23.1  22.9  22.8  23.2  23.1  23.0  22.7  23.1  23.1  23.0  22.9  24.2  24.4  23.6  23.2  23.7  23.6 
 26.0  26.4  27.9  28.7  32.6  36.8  57.3  66.2  77.2  73.3  30.8  25.0  23.0  23.0  23.1  23.1  23.0  23.0  23.1  23.2  22.9  22.9  23.0  23.0  22.8  23.2  25.6  25.5  23.4  23.5  23.6  24.0 
 26.1  26.1  27.9  28.7  32.7  36.6  57.3  68.5  87.0  82.1  30.7  24.8  23.3  23.0  23.2  23.1  23.0  22.9  23.2  23.1  22.9  22.7  23.2  23.2  23.0  22.9  24.5  24.8  23.4  23.2  23.9  24.0 
 26.1  26.3  27.5  28.2  30.2  32.0  45.5  55.7  67.8  57.1  25.5  23.9  23.2  23.2  23.2  23.2  23.0  22.9  23.1  23.2  22.8  22.7  23.1  23.2  22.9  22.9  23.5  23.7  23.4  23.3  23.9  23.9 
 26.1  26.1  27.6  27.6  28.9  29.7  37.7  42.6  46.5  39.3  24.5  23.8  23.3  23.2  23.4  23.2  23.1  22.7  23.3  23.2  23.1  23.0  23.2  23.3  23.2  22.8  23.3  23.3  23.6  23.5  24.1  23.8 
 26.1  26.1  26.9  27.0  27.3  27.6  29.1  29.7  28.1  26.5  24.0  23.6  23.2  23.3  23.5  23.5  23.1  23.0  23.1  23.4  23.1  22.8  23.2  23.6  23.1  23.1  23.2  23.4  23.3  23.4  23.7  24.2 
 26.3  26.0  26.5  26.5  27.1  26.7  27.7  27.8  26.6  25.5  23.7  23.8  23.5  23.3  23.6  23.2  23.3  23.1  23.3  23.1  23.2  22.9  23.4  23.4  23.3  23.0  23.5  23.7  23.3  23.6  24.5  24.3 
 26.0  25.9  26.4  26.7  26.1  26.1  26.4  26.4  25.3  24.5  23.8  24.1  23.3  23.2  23.4  23.5  23.2  23.1  23.5  23.5  23.1  23.1  23.5  23.7  23.3  23.1  23.7  23.8  23.4  23.5  24.5  25.3 
 26.1  25.9  26.7  26.4  26.2  25.6  26.0  25.8  24.9  24.5  24.1  23.8  23.6  23.4  23.7  23.6  23.2  23.1  23.4  23.5  23.2  23.2  23.6  23.4  23.6  23.3  23.7  23.6  24.0  23.6  25.2  25.3 
 27.0  26.0  25.8  26.1  25.6  25.5  25.3  25.3  24.5  24.4  24.0  24.4  23.7  23.4  23.5  23.8  23.4  23.2  23.7  23.6  23.3  23.2  23.6  23.9  23.6  23.6  24.3  24.5  24.2  23.9  26.1  27.3 
 27.1  26.6  26.1  25.8  25.6  25.5  25.2  25.0  24.6  24.2  24.5  24.2  23.5  23.7  23.6  23.8  23.5  23.5  23.7  23.5  23.4  23.3  23.9  23.7  23.5  23.6  24.8  25.3  25.0  24.8  27.2  27.7 
