 24.2  23.5  24.0  24.0  23.4  23.6  23.6  23.5  23.2  23.2  23.3  23.2  22.9  22.7  23.1  23.2  23.0  22.9  23.2  23.2  22.8  22.8  23.1  23.5  23.0  23.1  23.3  23.6  23.2  23.6  24.5  25.8 
 24.0  23.6  24.0  23.8  23.3  22.8  23.5  23.4  23.2  23.1  23.5  23.3  23.0  22.9  23.2  23.1  22.9  22.6  23.2  23.2  23.2  22.8  23.5  23.2  23.1  23.0  23.6  23.4  23.4  23.6  24.7  25.2 
 23.5  23.4  23.9  23.9  23.2  23.0  23.2  23.2  22.9  23.0  23.4  23.5  22.8  22.8  23.1  23.1  22.8  22.9  22.7  23.1  22.8  22.7  22.9  23.2  23.0  22.8  23.3  23.7  23.4  23.7  23.9  24.4 
 23.6  23.2  23.4  23.7  23.2  22.9  23.3  23.3  23.3  22.9  23.6  23.1  23.0  22.7  23.2  22.9  22.9  22.7  23.1  22.9  22.9  22.8  23.1  23.2  23.0  22.9  23.5  23.5  23.4  23.9  24.1  23.7 
 23.6  23.3  23.6  23.5  23.0  23.3  23.2  23.5  23.4  23.7  24.6  23.9  22.8  22.8  22.8  23.1  22.7  22.8  22.8  23.1  22.8  22.9  23.0  23.2  22.8  23.0  23.2  23.4  23.4  23.8  23.9  24.1 
 23.5  23.0  23.6  23.3  23.1  22.9  23.4  23.5  23.7  24.5  26.2  24.5  22.9  22.6  23.1  22.9  22.8  22.7  22.9  23.0  22.9  22.6  22.9  23.1  23.2  22.8  23.3  23.3  23.2  23.4  24.1  23.7 
 23.2  23.5  23.5  23.5  22.9  22.9  23.2  23.4  23.9  25.3  27.7  25.3  22.9  23.0  23.0  23.1  22.8  22.7  22.8  23.0  22.7  23.0  23.0  23.1  22.8  22.8  23.2  23.3  23.0  23.0  23.2  23.5 
 23.6  23.4  23.5  23.4  23.1  22.7  23.4  23.3  23.4  23.5  24.7  23.7  23.0  22.7  23.1  23.0  22.8  22.7  22.8  22.8  23.0  22.7  23.3  23.1  23.1  22.7  23.3  23.2  23.1  22.8  23.2  22.4 
 23.3  23.4  23.5  23.4  22.9  22.8  23.1  23.3  22.9  22.9  23.1  23.2  22.8  22.7  22.7  23.0  22.7  22.9  22.9  23.0  22.8  22.9  23.0  23.0  22.7  22.7  22.9  23.1  22.8  23.1  23.4  23.3 
 23.6  23.4  24.0  23.6  23.4  23.1  23.3  23.2  23.0  22.8  23.0  23.0  22.9  22.6  23.0  22.8  22.8  22.7  23.1  22.9  22.8  22.6  23.1  23.0  23.1  22.7  23.3  23.3  22.9  22.7  23.5  23.6 
 24.3  24.3  24.7  25.1  24.4  24.4  23.7  23.7  22.9  23.0  23.0  23.1  22.7  22.9  23.0  23.1  22.7  22.8  23.0  22.9  22.7  22.7  23.0  22.9  22.7  22.9  22.9  23.2  23.0  23.0  23.4  23.8 
 24.5  24.5  25.3  25.5  25.7  25.5  25.4  24.5  23.4  23.0  23.3  23.1  23.0  22.6  23.1  22.9  22.8  22.7  23.0  22.9  22.9  22.8  23.1 nan  23.0  22.5  22.9  23.1  23.0  22.9  23.5  23.8 
 25.3  25.2  26.2  27.2  28.5  29.7  38.0  42.0  39.6  33.8  23.4  23.4  22.9  22.9  23.0  23.0  22.9  22.9  23.0  23.0  22.6  22.9  22.9  23.3  22.8  22.7  23.2  23.5  23.3  23.3  23.7  23.6 
 25.7  25.6  27.0  27.7  30.1  32.4  47.7  54.1  58.6  51.5  24.8  23.6  23.1  22.8  23.2  23.2  23.0  22.7  23.1  23.0  22.9  22.7  23.1  23.0  23.0  22.8  24.1  24.3  23.6  23.2  23.6  23.6 
 25.9  26.1  27.5  28.8  32.7  36.7  57.3  66.3  77.3  73.3  30.5  24.9  23.2  22.9  23.1  23.1  22.8  22.8  23.1  23.2  22.9  22.8  23.1  23.1  22.8  22.9  25.7  25.7  23.5  23.2  23.2  23.8 
 26.0  26.0  27.9  28.8  32.8  36.8  57.1  68.6  87.0  82.2  30.5  24.9  23.0  23.1  23.2  23.0  22.9  22.7  23.1  23.0  23.0  22.5  23.0  23.1  22.9  22.6  24.5  24.5  23.2  23.2  23.8  23.9 
 25.6  26.1  27.4  28.3  30.0  31.7  45.5  55.5  67.7  57.3  25.6  23.9  23.1  23.0  22.9  23.2  22.7  22.9  23.1  23.2  22.7  22.9  23.1  23.1  22.8  22.9  23.0  23.7  23.4  23.6  23.9  24.1 
 26.1  25.9  27.3  27.7  28.8  29.5  37.8  42.8  46.4  38.9  24.2  23.6  23.1  23.1  23.3  23.2  23.0  22.9  23.3  23.1  22.9  22.8  23.1  23.1  23.1  22.7  23.5  23.3  23.4  23.4  23.7  23.9 
 26.3  26.0  26.7  26.9  27.3  27.6  29.0  29.4  28.3  26.5  23.9  23.8  23.1  23.1  23.1  23.3  23.2  23.1  23.2  23.3  23.1  22.9  23.1  23.3  23.0  23.0  23.5  23.6  23.4  23.1  23.8  24.2 
 25.9  25.7  26.4  26.7  26.8  26.8  27.7  27.7  26.6  25.3  23.6  23.5  23.2  23.1  23.2  23.2  23.1  22.9  23.4  23.1  23.0  22.9  23.4  23.3  23.0  23.0  23.4  23.6  23.4  23.1  24.1  24.2 
 25.9  25.6  26.2  26.4  26.1  26.0  26.3  25.9  25.2  24.6  23.9  23.9  23.5  23.3  23.2  23.4  23.0  23.0  23.3  23.3  22.9  22.9  23.3  23.6  23.2  23.1  23.5  23.8  23.4  23.9  24.4  25.3 
 25.9  25.6  26.4  26.1  25.9  25.4  26.1  25.9  24.9  24.4  24.0  23.8  23.6  23.1  23.4  23.7  23.1  23.0  23.5  23.5  23.1  22.8  23.3  23.4  23.3  23.0  23.8  23.6  23.3  23.3  24.9  25.5 
 26.9  26.2  26.0  26.3  25.4  25.2  25.3  25.0  24.5  24.2  24.2  24.2  23.6  23.4  23.6  23.8  23.3  23.1  23.7  23.6  23.2  23.1  23.3  23.9  23.2  23.4  23.9  24.3  24.3  24.3  26.0  25.9 
 26.8  26.2  25.9  25.9  25.5  25.0  25.2  24.9  24.3  23.9  24.0  24.2  23.5  23.4  23.6  23.7  23.5  23.3  23.6  23.5  23.2  23.4  23.9  23.6  23.6  23.4  24.6  25.3  25.0  24.7  26.8  27.0 
