 24.0  23.7  24.4  24.0  23.5  23.4  23.6  23.3  23.1  22.8  23.1  23.5  22.7  23.1  23.0  23.3  22.8  22.9  23.2  23.2  22.8  22.9  23.2  23.2  22.7  23.1  23.5  23.6  23.3  23.4  24.8  26.5 
 23.8  23.4  24.3  23.8  23.5  23.3  23.5  23.5  23.0  23.0  23.4  23.4  23.2  22.9  23.1  23.0  23.0  22.6  23.3  23.1  23.2  22.6  23.4  23.3  23.1  23.0  23.4  23.6  23.4  23.1  24.9  24.9 
 23.3  23.4  23.7  23.4  23.2  22.7  23.2  23.3  23.0  23.0  23.3  23.3  22.8  22.9  23.0  23.2  22.9  22.8  23.0  23.1  22.9  22.7  22.9  23.3  22.8  23.1  23.5  23.7  23.0  23.5  24.1  24.2 
 23.7  23.2  23.7  23.7  23.0  22.9  23.6  23.3  23.3  22.9  23.6  23.3  22.9  22.7  23.1  23.1  22.9  22.5  23.1  23.1  22.9  22.6  23.0  23.3  23.0  22.7  23.6  23.6  23.5  24.0  24.1  24.3 
 23.5  23.3  23.2  23.7  22.9  23.1  23.3  23.5  23.3  23.9  24.6  23.7  22.7  22.8  23.0  23.1  22.6  22.8  23.0  23.0  22.6  23.0  22.9  23.1  22.8  22.9  23.5  23.1  23.4  24.2  23.9  24.0 
 23.5  22.8  23.5  23.3  23.2  22.7  23.4  23.4  23.7  24.5  26.2  24.5  23.0  22.6  23.1  23.1  22.9  22.6  23.0  22.9  22.9  22.5  23.2  23.1  23.3  22.7  23.3  23.4  23.1  23.2  23.8  23.7 
 23.4  23.5  23.5  23.3  22.8  23.0  23.2  23.6  23.7  25.5  28.0  25.5  22.7  22.8  23.0  23.2  22.7  22.9  22.8  23.2  22.8  22.8  23.1  23.2  22.9  22.9  23.0  23.4  22.8  23.1  23.5  23.8 
 23.7  23.1  23.8  23.5  23.2  22.7  23.3  22.9  23.4  23.5  24.7  23.7  23.0  22.7  23.1  23.0  22.9  22.6  22.9  22.9  22.8  22.7  23.2  23.0  23.0  22.7  23.3  23.4  23.2  22.8  23.2  22.9 
 23.5  23.4  23.7  23.6  23.0  23.0  23.2  23.3  22.7  23.0  23.1  23.3  22.7  22.9  22.9  23.1  22.5  22.8  22.9  23.0  22.9  23.0  23.0  23.2  22.9  22.9  23.2  23.1  23.0  23.2  23.4  23.4 
 23.6  23.2  23.8  23.7  23.5  22.9  23.4  23.1  22.9  22.7  23.0  23.2  22.8  22.7  23.0  23.0  22.9  22.6  23.1  23.1  22.9  22.8  23.2  22.9  23.0  22.6  23.1  23.5  23.2  22.7  23.7  23.8 
 24.3  24.4  24.9  25.0  24.6  24.5  23.9  23.9  22.9  23.1  23.1  23.1  22.7  22.8  22.9  23.0  22.7  22.9  23.0  23.0  22.7  22.9  22.9  23.2  22.8  23.0  23.1  23.1  22.7  22.9  23.7  23.8 
 24.8  24.5  25.3  25.7  25.8  25.5  25.4  24.6  23.5  23.0  23.3  23.3  22.9  22.7  23.0  23.0  23.0  22.7  23.1  23.0  22.8  22.7  22.9 nan  22.9  22.5  23.1  23.2  23.1  22.6  23.6  23.8 
 25.3  25.3  26.6  27.1  28.5  29.7  38.2  41.9  39.7  33.7  23.7  23.4  23.0  22.9  23.1  23.1  22.8  22.9  23.0  23.0  22.8  22.9  23.0  23.0  22.6  22.9  23.3  23.6  23.1  23.1  23.7  23.6 
 25.9  25.7  27.2  27.8  30.1  32.3  47.6  54.3  58.6  51.6  25.0  23.7  23.0  22.9  23.2  23.1  22.8  22.7  23.1  23.0  23.0  22.7  23.0  23.2  22.9  22.7  24.2  24.3  23.6  23.0  23.7  23.6 
 25.8  26.2  27.6  28.7  32.6  36.7  57.6  66.4  77.3  73.4  30.8  25.0  23.0  23.1  23.1  23.1  22.9  23.0  23.0  23.2  22.7  22.8  23.0  22.9  22.8  23.1  25.7  25.7  23.2  23.5  23.8  23.7 
 25.8  25.9  27.9  28.5  32.7  36.5  57.3  68.6  87.1  82.1  30.6  24.9  23.2  22.8  23.0  23.1  23.0  22.8  23.0  23.0  22.9  22.7  23.1  23.0  23.0  22.6  24.5  24.8  23.6  23.1  23.8  23.9 
 25.6  26.3  28.0  28.1  29.9  31.9  45.5  55.6  67.6  57.4  25.6  24.0  23.1  23.1  23.1  23.2  22.9  23.0  23.1  23.1  22.8  22.8  23.0  23.1  22.9  23.0  23.4  23.7  23.4  23.4  23.9  23.9 
 26.2  26.0  27.4  27.6  28.9  29.5  37.9  42.8  46.4  39.1  24.3  23.7  23.3  23.0  23.2  23.1  23.0  22.6  23.1  23.2  23.0  22.5  23.1  23.2  23.3  22.7  23.3  23.3  23.6  23.2  23.9  24.0 
 25.9  26.1  26.9  27.0  27.1  27.6  29.0  29.4  28.1  26.5  24.0  23.7  23.2  23.3  23.3  23.4  23.0  22.9  23.0  23.3  23.0  23.0  23.2  23.3  23.0  23.1  23.2  23.4  23.4  23.4  23.8  24.2 
 25.8  25.7  26.7  26.6  26.7  26.5  27.7  27.5  26.6  25.4  23.9  23.7  23.4  23.1  23.5  23.3  23.2  22.9  23.3  23.2  23.0  22.9  23.3  23.2  23.2  23.1  23.4  23.7  23.6  23.6  24.1  24.2 
 25.8  25.7  26.5  26.5  25.9  26.3  26.3  26.4  25.1  24.6  24.0  24.0  23.3  23.3  23.4  23.6  22.8  23.3  23.2  23.3  22.9  23.0  23.5  23.6  23.2  23.1  23.8  23.8  23.4  23.4  24.1  24.8 
 25.5  25.9  26.4  26.2  25.9  25.3  25.8  25.7  24.7  24.3  24.1  23.9  23.5  23.1  23.5  23.6  23.2  23.1  23.5  23.6  23.2  22.9  23.6  23.5  23.2  23.1  23.7  23.6  23.3  23.7  25.2  26.1 
 27.1  26.4  26.2  25.8  25.3  25.3  25.5  25.3  24.5  24.2  24.0  24.1  23.5  23.6  23.6  23.7  23.3  23.2  23.7  23.5  23.3  23.2  23.6  23.8  23.4  23.3  24.4  24.5  24.1  24.3  26.0  26.4 
 27.1  26.5  25.9  26.4  25.3  25.2  25.0  25.0  24.2  23.9  24.1  24.2  23.9  23.2  23.8  23.7  23.5  23.2  23.6  23.8  23.6  23.3  23.9  23.9  23.5  23.2  25.1  25.2  25.2  24.4  26.8  28.5 
