 24.3  23.9  23.8  24.0  23.3  23.7  23.4  23.4  23.3  23.1  23.2  23.5  23.2  23.1  22.9  23.1  22.8  22.9  23.3  23.1  23.1  23.1  23.2  23.3  22.8  23.1  23.4  23.6  23.6  23.6  24.6  25.5 
 24.2  23.3  23.9  23.6  23.6  23.4  23.5  23.2  23.3  22.8  23.3  23.2  23.1  23.0  23.4  23.2  22.9  22.8  23.1  23.1  23.0  22.7  23.2  23.3  23.1  22.9  23.2  23.5  23.6  23.2  24.7  24.8 
 23.6  23.4  23.7  24.0  23.3  23.1  23.0  23.4  23.2  23.1  23.2  23.4  23.0  23.0  23.0  23.2  22.8  22.6  23.0  23.2  22.8  22.9  23.2  23.1  23.1  23.1  23.2  23.5  23.1  23.7  24.0  24.2 
 23.4  23.6  23.7  23.7  23.2  23.0  23.3  23.3  23.5  23.0  23.7  23.2  23.0  22.6  23.1  23.1  23.0  22.8  23.1  22.9  22.8  22.9  23.1  22.9  23.0  22.9  23.3  23.4  23.7  24.0  24.1  24.0 
 23.3  23.6  23.4  23.4  23.2  23.1  23.2  23.2  23.5  23.8  24.3  23.6  22.9  23.0  22.9  22.9  22.7  22.9  22.9  22.8  22.8  22.7  23.0  23.1  22.8  23.0  23.2  23.5  23.5  24.0  23.9  23.7 
 23.7  23.0  23.5  23.1  23.3  22.9  23.3  23.2  23.7  24.5  26.2  24.5  22.9  22.7  23.1  23.0  23.0  22.7  22.9  22.9  22.8  22.7  23.0  23.1  23.0  22.8  23.4  23.1  23.6  23.5  23.8  23.6 
 23.3  23.6  23.4  23.5  22.9  23.1  23.2  23.3  23.8  25.4  27.9  25.2  22.9  22.9  22.7  23.0  22.6  23.0  22.9  23.0  22.7  22.9  23.0  23.2  23.1  22.9  23.2  23.3  23.2  23.2  23.5  23.6 
 23.9  23.2  23.6  23.5  23.1  22.9  23.3  23.2  23.5  23.6  24.6  23.7  23.1  22.8  23.1  22.9  23.0  22.7  23.0  22.9  22.9  22.6  23.2  23.1  23.2  22.8  23.0  23.2  23.1  22.9  23.4  22.6 
 23.7  23.5  23.4  23.4  22.9  23.2  23.2  23.2  22.9  23.0  23.0  23.2  22.9  23.0  22.9  23.1  22.7  22.9  22.9  23.0  22.8  22.9  23.1  23.0  22.8  22.9  23.0  23.1  22.9  23.2  23.2  23.4 
 23.6  23.5  23.8  23.7  23.5  22.9  23.4  23.1  23.0  22.9  23.0  23.0  22.9  22.7  23.0  22.9  22.8  22.8  23.0  23.1  23.0  22.7  23.1  23.0  23.1  22.7  23.3  23.1  22.9  22.6  23.5  23.2 
 24.2  24.4  25.0  25.0  24.8  24.6  23.9  23.5  22.9  23.1  23.1  22.9  22.8  22.8  23.0  23.0  22.9  22.9  23.0  23.0  22.8  22.8  23.0  23.1  22.7  22.9  23.2  23.1  23.1  23.2  23.3  23.5 
 24.5  24.5  25.4  25.7  25.8  25.7  25.3  24.5  23.4  23.0  23.2  23.2  23.0  22.8  23.0  23.2  23.0  22.7  23.1  23.1  22.9  22.7  23.1 nan  22.7  22.6  23.2  23.1  23.4  23.1  23.6  23.4 
 25.4  25.5  26.3  26.9  28.5  29.8  38.1  41.9  39.9  33.9  23.6  23.4  22.9  23.0  23.1  23.1  23.0  23.0  23.1  23.0  22.9  22.9  22.9  23.0  23.0  23.0  23.3  23.4  23.0  23.4  23.5  23.6 
 25.9  25.5  27.1  27.7  30.2  32.7  47.8  54.4  58.8  51.7  25.1  23.7  23.1  22.9  23.2  23.1  23.1  22.8  23.1  23.2  22.9  22.6  23.1  23.1  23.1  22.7  24.1  24.2  23.7  23.1  23.6  23.6 
 25.9  26.4  27.7  28.6  32.7  36.6  57.5  66.5  77.4  73.4  30.7  25.0  23.1  23.0  23.0  23.1  23.0  22.9  23.0  23.1  22.9  22.8  23.0  23.1  22.8  23.0  25.7  25.6  23.6  23.5  23.6  23.8 
 26.0  25.9  27.8  28.5  32.7  36.7  57.1  68.7  87.1  82.2  30.5  24.8  23.2  22.9  23.1  23.1  23.1  22.9  23.0  23.1  22.9  22.7  23.0  23.2  23.1  22.7  24.2  24.7  23.6  23.2  23.6  23.7 
 26.0  26.1  27.7  28.0  30.0  31.9  45.6  55.5  67.7  57.3  25.6  23.9  23.2  23.1  22.8  23.2  23.0  23.0  23.1  23.1  23.0  22.9  23.0  23.2  23.1  22.8  23.4  23.4  23.1  23.6  23.7  23.9 
 26.4  26.0  27.3  27.5  28.9  29.7  37.8  42.7  46.3  39.0  24.3  23.6  23.3  23.0  23.3  23.1  23.2  22.8  23.1  23.0  23.1  22.9  23.0  23.1  23.1  22.8  23.4  23.2  23.6  23.0  23.7  23.8 
 26.5  26.1  26.7  27.0  27.0  27.5  28.8  29.5  28.2  26.6  23.8  23.6  23.3  23.4  23.2  23.2  23.2  23.0  23.1  23.3  23.1  23.1  23.1  23.2  23.0  23.0  23.3  23.6  23.5  23.4  23.7  24.4 
 25.7  26.0  26.7  26.8  27.0  26.7  27.7  27.5  26.8  25.3  23.8  23.5  23.5  23.2  23.2  23.4  23.2  23.0  23.4  23.3  23.0  23.0  23.3  23.4  23.3  22.8  23.3  23.7  23.5  23.2  24.1  24.3 
 26.0  25.9  26.1  26.3  25.9  25.8  26.0  26.1  25.3  24.8  24.0  23.9  23.3  23.3  23.3  23.4  23.2  23.4  23.2  23.4  23.1  23.2  23.5  23.5  23.3  23.2  23.4  23.7  23.4  23.4  24.0  25.0 
 25.9  25.8  26.4  26.2  26.2  25.6  26.1  26.0  24.9  24.4  24.0  23.8  23.6  23.2  23.5  23.6  23.3  23.1  23.3  23.5  23.3  23.1  23.4  23.5  23.4  23.2  23.8  23.7  24.0  23.4  25.2  26.2 
 27.2  26.8  25.9  26.1  25.4  25.3  25.6  24.9  24.5  24.5  24.0  24.1  23.8  23.7  23.6  23.6  23.4  23.3  23.4  23.5  23.3  23.6  23.6  23.4  23.7  23.4  23.9  24.5  24.4  24.1  25.7  27.3 
 27.1  26.3  25.9  25.8  25.6  25.0  25.2  25.0  24.4  24.3  24.1  24.0  23.9  23.5  23.6  23.7  23.7  23.4  23.7  23.4  23.5  23.4  23.9  23.7  23.7  23.5  24.6  25.1  25.4  24.6  28.0  26.7 
