 24.1  23.3  23.7  23.9  23.1  23.0  22.8  23.2  22.8  22.5  22.8  22.8  22.7  22.4  22.7  23.0  22.7  22.7  23.0  23.0  22.9  22.6  23.1  23.4  24.9  25.5  28.4  29.1  30.0  29.8  30.8  31.3 
 23.6  23.5  24.2  23.8  23.0  22.9  23.2  23.2  22.6  22.5  23.0  22.9  22.6  22.3  22.9  22.8  22.5  22.4  22.8  22.8  22.7  22.6  23.2  23.4  23.9  24.3  28.0  28.6  29.4  29.9  30.8  30.8 
 23.2  23.0  23.4  23.6  23.0  22.9  22.9  23.1  22.7  22.7  22.9  23.0  22.4  22.4  22.9  22.9  22.6  22.7  22.7  23.0  22.8  22.8  23.0  23.3  24.3  24.7  28.4  30.0  30.5  30.1  30.3  30.7 
 23.1  23.2  23.5  23.6  22.9  22.8  23.1  23.1  22.8  22.7  23.0  23.0  22.7  22.7  22.7  23.0  22.5  22.5  22.9  22.9  22.6  22.7  23.0  23.3  24.9  26.7  30.3  31.2  31.1  31.3  31.0  30.6 
 23.4  23.2  23.5  23.2  22.9  22.8  23.0  23.4  23.3  23.2  23.2  22.8  22.7  22.4  22.9  22.9  22.7  22.5  22.8  23.1  22.6  22.6  23.6  24.6  28.0  29.3  31.4  31.7  31.7  32.0  32.6  31.3 
 23.2  23.2  23.6  23.3  22.9  22.8  23.1  23.3  23.5  23.7  23.3  23.0  22.5  22.6  22.8  22.7  22.6  22.5  22.9  22.7  22.6  22.7  23.9  25.0  28.6  29.1  31.2  31.6  31.8  32.1  31.7  30.7 
 23.4  23.2  23.1  23.3  22.8  22.7  23.3  23.7  25.4  26.8  24.3  23.4  22.7  22.6  22.8  22.8  22.6  22.7  23.0  22.8  23.0  22.7  23.7  25.1  29.0  30.6  31.5  31.7  32.0  31.6  28.8  28.0 
 23.1  23.1  23.2  23.5  22.8  22.7  23.4  23.6  25.9  27.5  24.9  23.3  22.4  22.7  22.9  22.8  22.7  22.6  22.9  22.9  22.6  22.8  23.9  24.7  29.7  30.2  31.6  31.7  31.4  31.7  27.8  26.1 
 23.5  23.1  23.4  23.2  23.0  22.7  23.1  23.1  23.2  23.5  23.3  22.9  22.7  22.6  22.8  22.9  22.7  22.6  23.0  23.0  22.8  22.9  23.2  25.2  28.7  30.5  30.9  31.4  30.6  29.0  26.6  25.9 
 23.3  23.2  23.5  23.4  23.1  22.9  23.0  22.9  22.9  23.1  23.1  23.1  22.5  22.6  22.9  22.8  22.7  22.7  23.0  23.1  22.7  22.8  23.4  23.8  28.6  29.0  31.2  30.9  30.2  28.8  26.0  25.4 
 24.0  23.6  24.0  24.2  23.7  23.5  23.1  23.1  22.9  22.8  22.9  22.9  22.7  22.7  22.8  23.0  22.7  22.7  22.9  23.0  22.9  22.8  23.0  23.3  23.9  24.9  25.8  27.5  26.5  25.6  25.1  24.9 
 23.6  23.6  24.1  24.3  24.0  24.0  23.5  23.5  22.9  22.9  23.0  23.0  22.8  22.6  22.9  23.0  22.7  22.7  22.9  23.0  22.7  22.7  23.0 nan  23.0  23.2  25.3  25.8  25.4  24.4  24.7  24.7 
 24.5  24.2  25.1  25.5  26.2  26.6  29.2  29.8  27.9  26.2  23.3  23.0  22.7  22.6  22.9  22.8  22.8  22.7  22.9  22.8  22.8  22.7  23.0  23.1  23.2  23.2  24.9  25.5  24.0  23.9  24.6  24.4 
 24.7  24.7  25.7  26.3  27.7  28.9  37.0  42.6  45.0  39.6  24.1  23.2  22.7  22.7  23.0  22.9  22.7  22.6  22.9  23.1  22.7  22.6  23.1  23.1  23.0  23.0  23.7  23.9  23.7  23.5  24.1  24.4 
 25.2  25.1  26.7  27.3  30.1  32.7  52.0  60.5  71.3  67.9  34.2  25.9  23.1  22.6  22.8  22.8  22.7  22.7  23.0  23.0  22.7  22.7  23.0  23.0  22.9  22.7  23.2  23.5  23.4  23.3  24.0  24.1 
 25.2  25.6  27.0  27.7  30.4  33.3  52.6  61.4  76.5  76.1  39.2  26.6  22.9  22.9  22.9  22.9  22.6  22.7  22.9  22.8  22.9  22.7  23.1  22.9  22.9  23.0  23.5  23.3  23.3  23.6  24.3  23.9 
 25.5  25.7  26.7  27.3  29.8  32.0  46.2  55.6  78.8  78.6  34.2  25.5  23.0  22.6  23.0  23.0  22.9  22.6  23.0  23.1  22.9  22.8  22.9  23.1  23.1  22.8  23.3  23.2  23.4  23.3  23.9  24.3 
 25.1  25.4  26.6  27.2  28.7  30.2  38.9  45.2  61.1  58.5  28.1  24.5  22.8  23.0  23.0  23.3  22.7  22.7  23.1  23.2  22.7  22.9  23.0  23.2  23.1  23.1  23.4  23.4  23.5  23.3  23.8  24.1 
 25.6  25.6  26.6  27.0  27.1  27.4  29.7  31.1  32.4  30.5  24.6  23.8  22.9  22.9  23.1  23.2  23.1  22.9  23.1  23.1  23.0  22.8  23.2  23.2  23.2  23.1  23.4  23.6  23.6  23.1  24.2  24.1 
 25.3  25.7  26.2  26.6  26.6  26.5  28.2  28.2  28.1  27.4  24.2  23.5  23.1  22.9  23.2  23.1  22.8  23.0  23.2  23.2  23.0  22.9  23.3  23.3  22.8  23.2  23.5  23.5  23.3  23.4  24.4  24.5 
 25.7  25.5  26.2  26.1  26.0  26.0  26.3  26.3  26.0  25.1  23.9  23.8  23.1  23.0  23.3  23.2  22.9  22.8  23.1  23.0  23.0  22.9  23.4  23.5  23.3  23.1  23.5  23.8  23.8  23.8  24.9  25.4 
 25.6  25.6  25.8  25.8  25.6  25.7  25.9  25.9  25.0  24.8  23.9  23.7  23.0  23.2  23.4  23.2  23.0  22.9  23.4  23.4  23.0  23.1  23.5  23.6  23.1  23.2  23.7  23.8  23.9  24.2  25.5  25.8 
 26.5  26.0  25.7  25.7  25.4  25.0  25.4  25.2  24.6  24.3  23.8  23.9  23.4  23.2  23.3  23.5  23.2  23.2  23.2  23.4  23.2  23.1  23.5  23.9  23.5  23.4  24.9  25.0  25.3  24.7  26.4  26.8 
 26.4  26.4  25.8  25.9  24.8  24.9  25.3  25.2  24.3  24.1  24.2  24.1  23.2  23.5  23.5  23.5  23.2  23.3  23.6  23.7  23.3  23.1  23.7  23.7  23.9  24.0  25.3  25.7  25.4  25.4  26.7  27.2 
