 24.5  23.7  23.6  24.0  23.6  23.3  23.4  23.4  23.0  23.2  23.4  23.2  23.0  22.8  23.1  23.3  23.0  22.8  23.1  23.2  23.1  22.9  23.0  23.3  23.0  22.8  23.4  23.4  23.6  23.4  25.2  25.5 
 24.2  23.5  24.1  23.9  23.1  23.2  23.4  23.3  23.3  22.8  23.4  23.3  23.1  22.8  23.2  23.1  22.9  22.7  23.3  22.9  22.9  22.7  23.2  23.3  22.9  23.1  23.4  23.4  23.4  23.7  24.4  24.8 
 23.6  23.4  23.7  23.6  23.4  23.0  23.0  23.3  22.9  23.0  23.2  23.3  22.9  22.9  23.2  23.0  22.9  22.7  23.0  23.1  23.0  22.9  23.0  23.0  23.2  22.9  23.4  23.5  23.6  23.4  23.8  24.2 
 23.9  23.3  24.0  23.7  23.2  22.8  23.3  23.4  23.2  23.3  23.7  23.4  23.1  22.8  23.0  23.0  23.0  22.7  23.1  23.0  22.9  22.9  23.2  23.1  23.0  23.0  23.6  23.4  23.3  24.1  23.9  24.4 
 23.5  23.3  23.3  23.5  23.1  22.9  23.3  23.1  23.5  23.9  24.4  23.8  22.8  22.8  23.1  23.0  22.7  22.7  23.1  23.0  22.9  22.8  22.9  23.1  23.1  22.9  23.3  23.2  23.7  23.7  24.0  24.0 
 23.3  23.3  23.5  23.3  23.1  22.9  23.3  23.4  23.7  24.6  26.1  24.5  23.2  22.9  22.9  23.0  22.8  22.8  22.9  23.1  22.8  22.8  23.1  23.0  23.2  22.9  23.4  23.2  23.3  23.3  23.9  23.6 
 23.6  23.5  23.6  23.5  22.8  23.0  23.3  23.3  24.1  25.5  28.0  25.3  23.0  22.9  22.9  22.9  22.8  22.8  23.0  22.9  22.8  22.8  23.1  23.2  22.9  22.8  23.3  23.1  23.1  22.9  23.1  23.3 
 23.7  23.3  23.2  23.2  23.1  23.0  23.2  23.2  23.3  23.8  24.8  23.9  22.7  22.7  23.0  23.0  22.7  22.8  22.9  23.0  22.7  22.7  23.0  23.1  22.9  23.0  23.2  23.4  23.1  23.0  23.0  22.6 
 23.6  23.5  23.3  23.4  23.1  22.8  23.1  23.1  23.2  22.8  23.2  23.1  23.0  22.8  22.9  23.1  22.7  22.8  23.0  22.8  23.0  22.9  23.2  23.1  23.0  23.0  23.2  23.0  23.0  22.9  23.3  23.3 
 23.6  23.6  23.8  23.7  23.6  23.1  23.4  23.1  23.0  22.9  23.2  23.3  23.0  22.8  22.9  22.8  22.8  22.8  22.9  23.0  22.9  22.9  23.1  23.2  23.1  22.9  23.3  23.1  23.0  23.0  23.7  23.4 
 24.6  24.3  24.8  24.9  24.8  24.5  23.9  23.6  23.2  23.0  23.2  23.1  22.9  22.9  23.1  23.0  23.0  22.8  22.9  23.0  22.8  22.7  23.0  23.0  22.7  22.9  22.8  23.1  23.1  22.9  23.3  23.5 
 24.8  24.5  25.3  25.6  25.8  25.8  25.1  24.6  23.3  23.0  23.0  23.2  22.8  22.9  23.0  23.1  22.8  22.8  23.0  23.1  22.9  22.8  23.0 nan  22.8  22.7  23.0  23.2  22.9  22.8  23.5  23.4 
 25.4  25.3  26.5  27.0  28.7  29.6  38.1  42.0  39.7  34.0  23.6  23.4  23.0  22.9  22.9  23.2  22.9  22.9  23.1  22.8  22.8  22.8  23.0  23.0  22.9  22.7  23.3  23.3  23.3  23.1  23.5  23.7 
 25.4  25.7  27.0  27.6  29.9  32.8  47.7  54.2  58.7  51.6  24.8  23.7  23.0  23.0  23.1  23.0  22.8  22.9  23.1  23.1  22.7  22.8  22.9  23.2  23.0  23.0  24.1  24.4  23.6  23.3  23.4  23.7 
 26.2  26.2  27.7  28.7  32.7  36.7  57.5  66.2  77.4  73.3  30.7  25.0  23.1  23.1  23.0  23.1  23.1  22.9  23.1  23.0  22.9  22.8  23.2  23.1  23.0  22.9  25.7  25.5  23.4  23.3  23.8  23.8 
 25.8  26.2  27.8  28.6  32.8  36.6  56.9  68.6  87.1  82.2  30.6  24.8  23.2  23.0  23.2  23.0  22.9  22.9  23.0  23.2  22.9  22.9  23.1  23.1  22.9  22.9  24.4  24.6  23.4  23.5  23.8  23.7 
 26.2  26.0  27.5  28.2  30.0  31.8  45.5  55.6  67.7  57.2  25.5  23.9  23.3  23.0  23.3  23.2  23.0  22.9  23.1  23.2  23.0  22.8  23.0  23.1  23.1  22.8  23.4  23.4  23.2  23.3  23.5  23.2 
 26.1  25.8  27.2  27.6  28.7  29.6  37.7  43.0  46.4  39.1  24.3  23.5  23.1  23.1  23.2  23.1  23.0  22.9  23.1  23.2  23.0  22.7  23.1  23.3  23.0  22.9  23.3  23.3  23.3  23.2  24.0  23.8 
 26.2  26.1  26.7  27.2  27.3  27.5  29.0  29.4  28.3  26.3  23.9  23.5  23.3  23.1  23.2  23.2  23.1  23.1  23.2  23.3  23.2  22.9  23.3  23.3  23.1  22.9  23.3  23.3  23.6  23.5  23.9  24.2 
 25.9  26.0  26.5  26.8  26.8  26.7  27.7  27.5  26.6  25.6  24.0  23.5  23.3  23.2  23.4  23.3  23.0  23.1  23.3  23.3  22.9  22.9  23.2  23.3  23.0  23.2  23.4  23.4  23.2  23.7  24.1  24.5 
 26.1  25.5  26.1  26.2  26.1  26.0  26.0  26.1  25.0  24.5  24.0  23.9  23.4  23.2  23.2  23.5  23.2  23.1  23.5  23.2  23.3  22.8  23.5  23.5  23.4  23.1  23.8  23.7  23.4  23.4  24.5  25.3 
 25.7  25.7  26.2  26.2  25.9  25.9  25.8  26.0  24.7  24.5  24.0  24.0  23.3  23.4  23.6  23.7  23.1  23.1  23.4  23.4  23.2  23.2  23.3  23.6  23.1  23.3  23.7  23.9  23.6  23.6  24.9  25.9 
 27.0  26.2  26.0  26.1  25.4  25.0  25.4  25.0  24.6  24.1  24.3  24.0  23.7  23.5  23.5  23.4  23.4  23.1  23.4  23.5  23.6  23.2  23.8  23.5  23.5  23.2  24.2  24.5  24.2  23.9  26.5  26.8 
 27.1  26.9  25.9  26.0  25.3  25.1  25.3  25.2  24.2  24.0  24.2  24.0  23.5  23.6  23.7  23.7  23.2  23.5  23.7  23.5  23.7  23.4  23.7  23.7  23.6  23.3  24.8  24.8  25.0  24.6  26.3  27.7 
