 24.2  23.2  24.0  24.0  23.5  23.2  23.4  23.6  23.2  22.9  23.4  23.6  22.8  22.6  23.1  23.0  22.7  22.8  23.0  23.1  22.8  22.8  22.9  23.2  23.0  22.7  23.3  23.5  23.5  23.3  24.5  25.7 
 23.7  23.4  24.2  23.8  23.3  23.3  23.4  23.4  23.2  23.1  23.3  23.4  23.0  22.8  23.1  23.1  22.8  22.7  23.2  23.0  22.8  22.6  23.5  23.2  22.8  23.1  23.3  23.4  23.1  23.4  24.5  24.7 
 23.5  23.1  24.1  23.6  23.3  22.8  23.3  23.3  23.1  22.9  23.1  23.3  22.8  22.9  23.1  23.2  22.8  22.6  22.9  22.8  22.8  22.6  23.1  23.3  23.0  22.9  23.0  23.7  23.5  23.1  24.1  24.0 
 23.4  23.3  23.6  23.6  22.9  22.9  23.3  23.3  23.1  23.1  23.4  23.2  22.9  22.8  23.2  22.9  22.8  22.6  23.1  23.0  22.7  22.8  23.0  23.0  22.7  23.0  23.5  23.2  23.4  24.2  23.8  23.9 
 23.2  23.2  23.3  23.4  22.9  22.8  23.1  23.4  23.4  23.6  24.3  23.8  22.8  22.7  23.0  22.9  22.7  22.6  23.0  23.0  22.8  22.6  22.8  23.1  22.9  22.7  23.2  23.4  23.7  23.5  23.9  24.1 
 23.4  23.3  23.4  23.2  22.7  23.0  23.2  23.3  23.6  24.6  26.1  24.4  22.7  22.8  23.0  22.9  22.7  22.5  22.9  22.9  22.7  22.5  23.0  23.0  22.8  22.9  23.3  23.0  23.0  23.2  23.7  23.5 
 23.4  23.2  23.2  23.4  22.8  22.9  23.3  23.5  24.0  25.2  28.0  25.3  22.9  22.6  22.9  22.8  22.7  22.6  23.0  22.9  22.8  22.6  23.1  23.3  23.0  22.7  23.2  23.4  23.1  23.0  23.4  23.7 
 23.6  23.2  23.4  23.4  22.9  22.8  23.2  23.1  23.3  23.6  24.6  23.7  22.8  22.8  23.0  22.8  22.7  22.7  22.8  22.8  22.6  22.7  23.1  23.1  22.8  22.8  23.3  23.3  22.9  23.3  23.4  22.9 
 23.6  23.1  23.5  23.5  23.1  23.0  23.1  22.9  22.9  22.9  23.0  23.1  22.9  22.7  22.9  22.9  22.9  22.7  22.9  22.8  22.8  22.8  22.9  23.0  22.8  22.8  23.2  23.3  23.2  22.9  23.2  23.5 
 23.5  23.4  23.7  23.8  23.3  23.1  23.1  23.0  22.9  22.9  23.0  22.9  22.8  22.8  22.9  22.8  22.7  22.6  23.0  22.9  22.6  22.7  22.9  22.8  22.9  22.8  23.2  23.0  22.8  22.9  23.2  23.6 
 24.6  24.2  24.7  24.7  24.6  24.4  23.9  23.8  22.9  23.0  23.1  22.9  22.8  22.6  22.9  23.0  22.8  22.6  23.0  23.1  22.8  22.5  22.9  23.0  22.8  22.7  23.1  23.1  23.0  23.0  23.2  23.4 
 24.4  24.5  25.3  25.3  25.6  25.6  25.3  24.4  23.2  23.0  23.1  23.1  22.7  22.9  23.0  23.0  22.7  23.0  23.0  22.8  22.7  22.6  23.1 nan  22.7  22.5  23.0  23.2  22.8  23.0  23.7  23.8 
 25.4  25.2  26.4  27.0  28.6  29.6  38.1  41.9  39.6  33.5  23.6  23.3  23.0  22.7  23.0  23.1  22.8  22.6  23.0  22.9  22.8  22.7  23.0  23.0  23.0  22.6  23.4  23.3  23.3  22.9  23.6  23.8 
 25.5  25.7  27.1  27.3  30.0  32.5  47.6  54.2  58.5  51.7  24.9  23.6  23.0  22.9  23.1  22.9  22.7  22.7  23.1  23.0  22.8  22.8  23.0  23.1  22.7  22.8  24.0  24.3  23.5  23.3  23.5  23.6 
 25.9  26.1  27.8  28.6  32.7  36.6  57.4  66.3  77.4  73.2  30.8  24.9  23.1  23.0  23.1  23.1  23.0  22.8  23.0  23.0  22.8  22.6  23.1  22.9  22.9  22.9  25.6  25.5  23.3  23.2  23.5  23.7 
 26.0  26.1  27.7  28.5  32.7  36.8  57.0  68.6  86.9  82.2  30.5  24.7  23.1  23.0  23.0  23.0  22.8  22.8  23.1  22.9  22.7  22.8  23.0  22.9  22.8  22.6  24.5  24.8  23.2  23.2  24.0  23.7 
 26.4  26.2  27.4  27.9  30.0  31.6  45.6  55.4  67.7  57.1  25.7  23.9  23.2  22.9  22.9  23.0  23.0  22.9  23.0  23.3  22.9  22.7  23.0  23.1  22.9  22.8  23.3  23.4  23.6  23.2  23.8  23.8 
 25.8  26.2  27.2  27.3  28.8  29.7  37.7  42.9  46.3  39.2  24.2  23.6  23.1  23.0  23.2  23.1  22.9  22.8  23.2  23.2  22.8  22.9  23.0  23.1  22.6  22.9  23.3  23.3  23.4  23.4  24.1  24.0 
 26.1  26.0  26.6  26.9  27.2  27.2  28.8  29.5  28.2  26.2  23.8  23.7  23.2  22.9  23.2  23.4  23.1  22.9  23.2  23.4  23.1  22.7  23.3  23.2  23.0  22.7  23.2  23.6  23.4  23.1  23.8  24.3 
 25.8  25.9  26.6  26.7  26.7  26.8  27.7  27.8  26.3  25.5  24.0  23.6  23.3  23.1  23.4  23.3  22.8  23.1  23.4  23.0  22.8  22.7  23.2  23.2  22.9  23.0  23.6  23.7  23.1  23.6  24.2  24.2 
 25.9  25.6  26.3  26.4  26.1  25.9  26.2  26.3  25.0  24.3  23.8  23.8  23.4  23.1  23.3  23.4  23.2  23.1  23.2  23.3  23.0  22.9  23.5  23.6  23.2  23.0  23.7  23.8  23.6  23.3  24.4  24.9 
 25.7  25.7  26.0  25.9  25.8  25.6  25.8  26.0  24.6  24.2  24.0  24.0  23.1  23.4  23.4  23.4  23.0  23.2  23.3  23.5  22.9  23.3  23.6  23.3  23.2  23.2  23.7  24.0  23.0  23.9  25.1  25.8 
 26.9  25.8  25.8  26.3  25.4  25.1  25.2  25.1  24.4  24.0  23.9  24.0  23.6  23.3  23.6  23.6  23.4  23.0  23.5  23.5  23.3  23.1  23.7  23.8  23.3  23.0  24.1  24.5  24.5  24.0  26.0  27.6 
 26.4  26.7  26.1  26.1  25.3  25.2  25.5  25.0  24.0  24.0  24.0  23.8  23.4  23.5  23.7  23.5  23.3  23.5  23.7  23.5  23.1  23.3  23.8  23.7  23.3  23.5  24.7  25.0  24.7  25.2  27.1  27.5 
