 24.4  23.4  23.5  23.9  23.5  23.2  23.6  23.5  23.0  22.7  23.3  23.2  22.8  22.7  23.0  23.1  22.8  22.7  22.9  23.2  22.8  22.8  23.2  23.2  22.8  22.8  23.5  23.6  23.5  23.1  24.3  25.7 
 23.9  23.4  24.0  23.7  23.0  23.1  23.4  23.2  23.0  23.2  23.6  23.2  22.7  22.9  23.3  22.8  22.8  22.6  23.3  22.9  22.7  22.6  23.0  23.2  22.8  22.8  23.3  23.1  23.1  23.2  24.5  24.9 
 23.7  23.3  23.7  24.1  23.2  22.9  23.1  23.4  23.1  22.7  23.3  23.4  22.8  22.7  23.0  23.1  22.9  22.7  22.9  22.9  22.8  22.6  22.7  23.2  23.1  22.8  23.2  23.5  23.4  23.1  23.9  24.5 
 23.4  23.5  23.8  23.4  22.9  22.9  23.6  23.2  23.0  23.0  23.7  23.3  22.8  22.6  22.9  23.0  22.7  22.7  23.2  22.8  22.8  22.7  23.3  22.9  22.6  22.7  23.5  23.2  23.1  24.2  24.0  24.1 
 23.4  23.4  23.2  23.6  23.0  22.9  23.2  23.4  23.4  23.6  24.3  23.9  22.8  22.7  22.9  22.9  22.7  22.6  22.9  23.1  22.8  22.6  22.9  23.3  22.8  22.9  23.1  23.5  23.6  23.6  23.8  23.9 
 23.4  23.3  23.5  23.5  22.8  22.9  23.3  23.3  23.6  24.4  26.1  24.3  22.8  22.7  22.8  23.0  22.7  22.7  23.0  22.9  22.6  22.6  23.2  23.0  22.9  22.8  23.1  23.2  23.0  23.1  23.8  23.9 
 23.4  23.2  23.2  23.5  22.9  22.8  23.1  23.4  24.1  25.1  27.7  25.2  22.9  22.7  22.8  22.9  22.6  22.6  22.8  22.9  22.8  22.5  22.9  23.3  22.9  22.9  23.1  23.4  23.0  22.8  23.4  23.5 
 23.3  23.5  23.5  23.4  22.9  22.8  23.3  23.1  23.1  23.6  24.7  23.7  22.8  22.8  23.1  22.9  22.7  22.5  22.8  22.8  22.7  22.7  23.0  23.1  22.8  22.8  23.1  23.1  22.9  22.8  23.2  22.3 
 23.6  23.4  23.6  23.4  22.8  23.1  23.0  23.1  23.0  22.7  23.0  23.0  22.8  22.7  22.9  23.1  22.8  22.6  23.0  22.8  22.9  22.6  23.1  23.2  22.9  22.7  22.9  23.3  22.9  22.9  23.4  23.8 
 23.6  23.4  23.8  23.5  23.3  23.1  23.4  22.9  22.9  22.7  23.1  22.9  22.6  22.6  22.9  23.0  22.6  22.7  22.9  22.8  22.6  22.8  23.0  23.0  23.0  22.8  23.2  23.4  22.9  22.6  23.5  23.3 
 24.3  24.3  24.9  24.9  24.5  24.0  23.9  23.8  22.9  22.9  22.9  23.0  22.8  22.6  22.9  22.8  22.8  22.7  22.7  22.9  22.7  22.4  23.0  22.9  22.8  22.6  22.8  23.1  23.1  22.7  23.2  23.7 
 24.3  24.2  25.2  25.5  25.5  25.5  25.2  24.5  23.2  23.1  23.2  23.1  22.9  22.8  23.0  22.8  22.8  22.6  23.0  22.9  22.6  22.8  23.2 nan  22.5  22.5  23.2  23.1  22.8  22.7  23.5  23.5 
 25.3  25.2  26.2  27.2  28.5  29.5  38.1  41.8  39.7  33.7  23.6  23.4  22.9  22.6  22.9  23.1  22.7  22.7  22.9  22.8  22.8  22.3  22.7  23.0  22.7  22.5  23.3  23.4  23.2  22.9  23.6  23.9 
 25.5  25.4  27.1  27.5  29.9  32.4  47.6  54.1  58.6  51.5  24.8  23.6  22.8  22.8  23.1  23.0  22.8  22.7  22.9  22.9  22.6  22.8  23.0  23.0  22.7  22.8  24.1  24.4  23.2  23.3  23.6  23.6 
 25.8  26.1  27.9  28.6  32.7  36.6  57.4  66.5  77.3  73.3  30.6  25.0  22.9  22.9  23.1  22.9  22.9  22.8  23.0  23.0  22.8  22.6  23.0  23.0  22.8  22.9  25.4  25.6  23.5  22.9  23.5  23.9 
 25.9  26.1  27.8  28.6  32.9  36.7  57.3  68.5  87.0  82.2  30.6  24.7  23.0  22.8  23.0  22.8  22.6  22.6  22.9  22.9  22.6  22.8  23.2  23.0  22.8  22.7  24.4  24.4  23.2  23.3  23.5  23.5 
 25.9  26.0  27.4  28.3  30.0  31.8  45.5  55.5  67.6  57.2  25.6  23.8  23.0  22.9  23.1  23.3  22.8  22.7  22.9  23.0  22.9  22.7  22.9  23.0  23.0  22.6  23.3  23.4  23.1  23.1  23.9  24.0 
 25.8  26.0  27.5  27.4  28.7  29.6  37.9  42.7  46.2  39.1  24.2  23.5  23.1  23.1  23.1  23.0  22.9  22.8  23.3  23.2  22.9  22.9  23.1  23.2  22.8  22.6  23.5  23.1  23.1  23.4  24.1  23.9 
 25.9  25.9  26.9  26.8  27.2  27.2  28.7  29.6  28.1  26.2  23.9  23.7  23.2  23.0  23.3  23.2  23.0  22.9  23.1  23.3  23.0  22.7  23.1  23.3  23.1  22.8  23.3  23.6  23.2  23.2  23.8  24.1 
 25.6  25.7  26.6  26.5  26.6  26.7  27.8  27.4  26.1  25.3  23.9  23.5  23.3  23.2  23.5  23.1  23.0  22.7  23.3  23.3  22.7  22.7  23.3  23.0  23.0  22.9  23.4  23.6  23.3  23.7  24.4  24.0 
 26.0  25.6  26.2  26.5  26.1  25.7  26.0  26.2  25.0  24.4  24.0  23.8  23.4  22.8  23.4  23.5  23.0  22.9  23.2  23.4  23.1  22.9  23.5  23.5  23.3  23.0  23.4  23.6  23.4  23.2  24.6  25.2 
 25.7  25.5  26.3  26.1  25.4  25.6  26.1  25.7  24.6  24.4  24.1  23.6  23.1  23.2  23.4  23.4  23.0  23.0  23.3  23.2  23.0  23.1  23.4  23.4  22.9  22.8  23.9  23.8  23.3  23.9  25.1  25.5 
 26.6  26.1  25.7  25.8  25.4  24.9  25.2  25.1  24.4  24.0  23.9  24.2  23.7  23.2  23.4  23.4  23.4  23.0  23.5  23.6  23.5  22.9  23.6  23.8  23.3  22.8  23.9  24.3  24.5  23.8  25.6  26.7 
 27.0  26.5  25.9  26.0  25.2  25.0  25.2  24.8  24.0  24.0  24.2  23.8  23.4  23.4  23.7  23.8  23.2  23.4  23.6  23.4  23.4  23.4  23.9  23.6  23.2  23.4  24.8  25.2  24.4  25.2  26.6  27.0 
