 24.2  23.4  23.8  24.0  23.4  23.3  23.6  23.5  22.9  22.9  23.3  23.2  23.2  22.7  23.0  23.2  22.8  22.7  23.0  23.2  22.8  22.9  23.3  23.1  22.8  22.8  23.5  23.5  23.4  23.3  24.5  25.0 
 23.9  23.0  24.2  23.8  23.5  23.0  23.3  23.2  22.9  23.0  23.2  23.2  23.0  22.8  23.1  23.0  22.9  22.6  23.2  22.9  22.9  22.5  23.1  23.3  22.7  22.8  23.4  23.4  23.3  23.4  24.8  24.9 
 23.5  23.7  23.7  23.8  23.0  23.0  23.4  23.0  23.0  23.0  23.3  23.2  22.7  22.8  23.0  23.0  22.9  22.7  23.0  23.0  22.8  22.6  23.1  23.0  23.0  22.9  23.3  23.4  23.4  23.4  23.7  24.0 
 23.8  23.3  23.8  23.4  23.2  22.7  23.2  23.3  23.1  23.0  23.7  23.1  22.9  22.7  23.1  23.1  22.9  22.6  23.1  22.9  23.0  22.6  23.2  23.0  23.0  22.7  23.0  23.4  23.7  24.0  24.0  24.3 
 23.6  23.2  23.5  23.4  23.0  22.8  23.2  23.3  23.4  23.9  24.2  23.7  22.7  22.9  22.9  23.0  22.6  22.7  23.0  22.9  22.8  22.7  22.9  23.2  22.9  22.9  23.2  23.5  23.4  23.5  23.8  23.9 
 23.1  23.0  23.2  23.0  22.8  22.9  23.4  23.2  23.7  24.4  26.1  24.5  22.9  22.7  22.8  23.1  22.7  22.7  23.0  22.8  22.6  22.6  23.0  23.1  23.0  22.8  23.4  23.4  23.2  23.1  23.7  23.9 
 23.2  23.2  23.3  23.5  22.9  23.0  23.1  23.3  23.9  25.1  27.8  25.1  22.7  22.7  22.9  22.8  22.7  22.7  23.0  22.9  22.6  22.6  23.0  23.0  22.9  22.7  23.1  23.3  23.0  22.7  23.5  23.4 
 23.5  23.1  23.4  23.3  23.1  22.9  23.2  23.1  23.4  23.4  24.7  23.7  22.8  22.6  22.9  22.9  22.8  22.4  22.8  22.9  22.8  22.6  23.0  23.2  22.8  22.8  23.3  23.1  22.9  23.0  23.2  22.7 
 23.5  23.2  23.6  23.4  22.7  23.0  23.1  23.1  22.9  22.7  23.1  23.1  22.7  22.7  23.0  23.1  22.7  22.6  22.9  22.8  22.7  22.8  22.8  23.0  23.0  22.9  23.1  23.1  22.8  22.8  23.2  23.2 
 23.6  23.1  23.6  23.7  23.4  23.2  23.3  23.2  22.9  22.9  22.9  23.0  22.6  22.8  23.0  22.8  22.8  22.7  22.8  22.9  22.9  22.5  22.9  22.8  23.0  22.8  23.2  23.1  22.9  22.9  23.5  23.4 
 24.3  24.3  24.9  25.0  24.6  24.4  23.7  23.7  22.9  23.0  23.1  23.0  22.8  22.6  23.0  23.0  22.8  22.6  23.0  23.0  22.8  22.8  22.9  22.9  22.7  22.8  23.2  23.1  22.8  23.0  23.4  23.5 
 24.4  24.5  25.5  25.7  25.7  25.6  25.2  24.6  23.3  23.0  23.2  23.0  22.8  22.7  22.9  23.0  22.9  22.7  23.0  23.0  22.7  22.7  23.1 nan  22.6  22.5  23.0  23.4  23.2  22.7  23.7  23.5 
 25.4  25.2  26.3  27.0  28.5  29.6  38.0  41.9  39.7  33.6  23.6  23.3  22.9  22.9  23.0  23.0  22.9  22.6  23.0  22.9  22.6  22.6  23.0  22.9  22.6  22.8  23.4  23.5  22.9  23.2  23.7  23.6 
 25.6  25.6  27.1  27.6  29.9  32.4  47.6  54.3  58.6  51.5  24.8  23.5  23.0  22.8  23.0  22.9  22.6  22.6  23.0  23.2  22.7  22.5  23.0  23.1  22.9  22.8  24.2  24.4  23.6  23.2  23.6  23.4 
 25.8  26.1  27.8  28.7  32.8  36.5  57.5  66.3  77.3  73.3  30.7  25.0  23.0  22.9  23.0  22.9  22.9  22.8  22.9  23.0  22.7  22.7  23.0  22.9  22.7  22.9  25.8  25.5  23.5  23.2  23.5  23.6 
 26.2  25.8  27.9  28.7  32.7  36.6  57.2  68.7  87.0  82.1  30.4  24.8  23.2  22.9  22.9  23.0  22.8  22.7  23.0  22.9  22.7  22.7  23.0  23.1  22.9  22.7  24.4  24.5  23.3  23.1  23.8  23.7 
 25.9  26.0  27.7  27.9  29.9  31.7  45.5  55.5  67.7  57.1  25.7  23.9  23.0  22.9  23.1  22.9  22.9  22.8  23.1  23.0  22.8  22.7  23.2  23.2  22.9  22.8  23.3  23.3  23.4  23.1  23.8  23.6 
 25.9  26.0  27.3  27.8  28.6  29.6  37.8  42.9  46.3  39.0  24.1  23.7  23.2  23.1  23.2  23.2  22.8  22.7  23.2  23.2  22.8  22.6  23.0  23.1  22.9  22.5  23.2  23.2  23.5  23.1  23.9  24.0 
 26.4  25.9  27.0  26.9  27.2  27.4  28.8  29.5  28.1  26.3  23.9  23.5  23.2  23.0  23.3  23.3  23.0  23.0  23.0  23.2  23.1  22.8  23.1  23.3  22.9  22.9  23.2  23.3  23.4  23.3  23.6  24.1 
 25.8  25.9  26.6  26.7  26.7  26.6  27.7  27.7  26.5  25.2  23.9  23.6  23.2  23.0  23.3  23.1  23.0  23.0  23.3  23.1  22.9  22.7  23.3  23.3  22.9  22.9  23.6  23.4  23.3  23.1  24.4  24.2 
 25.9  25.8  26.5  26.4  25.8  25.9  26.3  26.0  25.0  24.3  23.9  24.0  23.3  23.0  23.4  23.4  23.2  23.0  23.1  23.2  22.8  22.9  23.3  23.2  23.1  23.3  23.5  23.8  23.6  22.9  23.9  24.9 
 25.5  25.5  26.1  26.1  25.7  25.6  25.8  26.0  24.7  24.4  23.8  24.0  23.3  23.2  23.5  23.5  23.1  23.0  23.3  23.5  23.0  23.1  23.3  23.5  23.2  23.1  23.6  23.8  23.3  23.3  25.1  26.1 
 26.4  26.1  26.0  25.8  25.1  25.1  25.2  25.2  24.4  24.0  23.9  24.0  23.5  23.2  23.5  23.7  23.4  23.0  23.5  23.6  23.1  23.3  23.7  23.7  23.3  23.1  24.1  24.2  24.3  24.0  26.0  26.7 
 27.3  26.2  25.8  25.9  25.3  24.9  25.3  25.2  24.0  24.2  24.0  23.9  23.4  23.4  23.6  23.5  23.2  23.2  23.6  23.7  23.4  23.1  23.8  23.7  23.3  23.4  24.7  25.0  24.9  24.7  27.1  27.5 
