 23.6  23.0  23.2  23.1  22.4  22.4  22.9  22.7  22.3  22.0  22.5  22.6  22.1  22.3  22.6  22.5  22.2  22.1  22.7  22.5  22.4  22.3  22.7  22.8  22.8  22.4  23.1  23.8  23.4  23.0  24.2  25.0 
 22.8  22.4  23.2  23.1  22.6  22.3  22.7  22.8  22.4  22.3  22.7  22.8  22.2  22.3  22.5  22.6  22.2  22.1  22.7  22.4  22.7  22.1  22.8  22.7  22.4  22.2  23.5  24.4  23.6  23.3  24.1  23.9 
 23.2  22.9  23.2  22.7  22.8  22.1  22.7  22.7  22.4  22.2  22.6  22.6  22.2  22.1  22.8  22.6  22.3  22.2  22.5  22.5  22.4  22.4  22.7  22.5  22.6  22.4  22.8  23.1  22.8  22.7  23.5  23.7 
 22.8  22.7  23.0  23.1  22.6  22.2  22.8  22.8  22.4  22.5  23.0  22.6  22.0  22.2  22.6  22.5  22.4  22.3  22.5  22.6  22.1  22.1  22.7  22.8  22.3  22.4  23.2  22.8  22.6  22.5  23.6  23.3 
 23.0  22.8  23.2  22.9  22.6  22.5  22.7  22.8  22.8  23.0  22.8  22.8  22.2  22.3  22.4  22.4  22.2  22.1  22.5  22.5  22.4  22.2  22.6  22.7  22.6  22.5  22.8  22.9  22.7  22.6  23.3  23.6 
 23.0  22.7  23.0  23.1  22.5  22.6  23.0  22.9  23.2  23.6  23.0  23.0  22.3  22.4  22.4  22.5  22.2  22.1  22.6  22.5  22.4  22.2  22.8  22.4  22.6  22.3  22.6  23.0  22.8  22.8  23.3  23.2 
 23.2  22.7  22.9  22.9  22.6  22.6  23.1  23.1  25.1  26.4  24.1  23.2  22.3  22.3  22.5  22.5  22.3  22.4  22.4  22.6  22.3  22.1  22.7  22.7  22.4  22.4  22.8  23.0  22.4  22.8  23.2  23.1 
 22.8  22.8  22.8  22.9  22.6  22.5  23.2  23.3  25.4  26.9  24.5  23.1  22.4  22.3  22.6  22.5  22.4  22.2  22.6  22.6  22.4  22.5  22.9  22.8  22.6  22.4  22.9  23.1  22.4  22.7  23.1  22.3 
 23.3  22.9  23.2  23.0  22.6  22.5  22.9  23.0  23.1  23.2  22.9  22.6  22.4  22.5  22.4  22.5  22.4  22.5  22.6  22.5  22.5  22.6  22.6  22.6  22.6  22.5  22.8  23.1  22.5  22.7  23.1  23.5 
 23.4  22.9  23.5  23.4  22.9  22.5  23.0  22.8  22.6  22.9  22.9  22.8  22.4  22.3  22.5  22.5  22.3  22.3  22.6  22.5  22.4  22.2  22.7  22.6  22.5  22.4  23.1  22.7  22.9  22.8  23.3  23.1 
 23.7  23.5  24.1  23.9  23.8  23.6  23.2  23.2  22.7  22.6  22.6  22.5  22.4  22.3  22.6  22.4  22.5  22.4  22.7  22.6  22.4  22.4  22.6  22.5  22.4  22.7  23.3  23.5  23.5  23.0  23.3  23.5 
 23.6  23.5  24.3  24.3  24.3  24.3  23.8  23.6  22.8  22.8  22.9  22.8  22.5  22.3  22.6  22.5  22.4  22.4  22.6  22.5  22.5  22.4  22.6 nan  22.4  22.4  24.2  25.0  23.7  23.1  23.1  23.1 
 24.1  24.0  25.3  25.6  26.9  27.6  32.6  34.7  32.9  29.1  23.2  22.9  22.6  22.4  22.6  22.7  22.5  22.5  22.8  22.4  22.5  22.4  22.7  22.8  22.5  22.5  23.8  24.4  23.4  22.7  23.3  23.6 
 24.3  24.8  25.8  26.4  28.3  29.9  41.6  48.8  53.4  47.1  24.5  23.3  22.7  22.5  22.8  22.7  22.3  22.3  22.7  22.8  22.6  22.3  22.8  22.7  22.6  22.4  23.1  23.5  22.9  23.0  23.2  23.3 
 25.1  25.2  26.6  27.3  30.4  33.6  54.6  63.0  74.5  71.3  34.4  25.5  22.8  22.6  22.7  22.7  22.6  22.3  22.7  22.7  22.5  22.4  22.8  22.7  22.5  22.4  22.9  22.7  22.8  22.8  23.4  23.3 
 25.2  25.0  26.9  27.7  30.6  33.9  53.5  62.6  78.2  78.9  37.0  25.8  22.6  22.5  22.7  22.8  22.5  22.5  22.7  22.6  22.4  22.5  22.7  22.8  22.5  22.4  22.8  23.0  22.8  22.9  23.5  23.5 
 25.0  25.3  26.4  27.0  29.2  31.4  44.2  53.1  72.9  69.8  29.9  24.3  22.6  22.4  22.6  22.5  22.5  22.4  22.8  22.8  22.6  22.4  22.7  22.8  22.7  22.5  22.9  23.0  22.7  22.8  23.4  23.7 
 24.9  25.1  26.2  26.8  28.3  29.5  36.9  42.0  53.9  49.5  25.8  23.8  22.6  22.6  22.7  22.9  22.5  22.2  22.8  22.7  22.4  22.4  22.8  23.0  22.9  22.4  23.3  23.0  22.9  22.7  23.4  23.9 
 25.2  25.1  26.2  26.6  26.6  26.8  28.5  29.4  29.6  28.0  23.9  23.4  22.6  22.6  22.8  22.8  22.8  22.5  22.6  22.9  22.7  22.5  22.8  23.0  22.8  22.6  23.1  23.3  23.0  22.6  23.3  23.7 
 25.2  25.4  26.2  26.0  26.1  26.0  27.3  27.5  26.9  25.8  23.6  23.4  22.7  22.7  23.0  22.8  22.4  22.4  22.8  23.0  22.5  22.4  22.9  22.8  22.7  22.6  23.3  22.9  22.7  23.1  24.0  24.1 
 24.9  24.8  25.7  25.5  25.4  25.4  25.8  25.4  24.9  24.5  23.4  23.2  22.8  22.8  23.0  23.0  22.4  22.8  22.7  22.8  22.6  22.6  23.1  23.0  23.1  22.6  23.3  23.4  23.5  24.2  24.9  24.8 
 24.9  24.9  25.8  25.4  25.3  25.0  25.3  25.4  24.4  24.0  23.6  23.3  22.8  22.9  22.8  23.2  22.7  22.5  23.2  23.1  22.4  22.5  23.0  23.1  22.5  22.8  23.3  23.7  24.3  25.0  25.3  25.8 
 26.0  25.5  25.4  25.2  25.0  24.5  24.9  24.7  23.9  23.7  23.7  23.4  22.8  23.0  23.1  23.0  22.9  22.6  23.3  23.0  23.0  22.8  23.3  23.3  23.2  23.3  25.3  25.5  26.1  25.4  26.9  27.6 
 26.2  25.4  25.4  25.4  24.7  24.6  24.7  24.7  24.1  23.7  23.8  23.6  22.9  23.0  23.3  23.3  23.0  22.6  23.3  23.1  22.9  22.9  23.7  23.7  24.1  24.5  26.3  26.6  26.2  25.6  26.7  27.5 
