 24.5  23.7  23.9  24.0  23.3  23.6  23.5  23.3  23.1  23.0  23.2  23.4  23.0  22.9  23.2  23.1  23.0  23.0  23.1  23.2  22.8  22.9  23.3  23.3  23.1  22.9  23.4  23.8  23.5  23.6  24.9  25.5 
 24.0  23.3  24.1  23.9  23.6  23.2  23.4  23.6  23.5  23.0  23.4  23.4  23.1  22.9  23.2  23.2  23.0  22.7  23.2  23.1  23.1  22.7  23.4  23.4  23.2  22.9  23.2  23.7  23.6  23.2  24.9  24.8 
 23.6  23.6  23.8  23.6  23.3  23.3  23.4  23.1  23.0  23.1  23.4  23.4  23.1  23.0  23.2  23.2  22.9  22.8  22.9  23.1  22.7  23.0  23.0  23.3  23.1  23.1  23.3  23.4  23.6  23.5  23.6  24.2 
 23.7  23.1  23.9  23.8  22.9  22.7  23.5  23.4  23.3  23.2  23.7  23.3  23.0  22.8  23.1  23.1  23.0  22.7  23.2  23.0  22.9  22.8  23.2  23.3  23.0  22.7  23.6  23.6  23.7  24.1  24.3  24.0 
 23.7  23.3  23.4  23.5  23.1  23.1  23.3  23.2  23.6  23.8  24.5  23.7  23.0  22.8  23.0  23.0  22.8  22.8  22.9  22.9  22.7  22.9  23.1  23.1  22.9  23.1  23.4  23.2  23.4  24.1  24.2  24.2 
 23.3  23.3  23.6  23.3  23.0  23.0  23.4  23.2  23.8  24.6  26.2  24.6  23.0  22.7  23.0  23.2  23.1  22.6  23.0  23.1  22.8  22.6  23.2  23.2  23.2  22.9  23.3  23.4  23.6  23.2  23.8  23.6 
 23.3  23.5  23.4  23.5  23.0  23.0  23.2  23.4  23.9  25.3  28.0  25.4  23.0  22.8  23.0  23.0  22.7  22.7  22.7  23.1  22.7  22.7  23.2  23.3  22.8  22.8  23.2  23.5  23.1  22.8  23.6  23.5 
 23.6  23.3  23.5  23.4  23.2  22.9  23.3  23.4  23.5  23.8  24.7  23.9  22.9  22.7  23.1  23.1  22.8  22.8  22.9  22.9  22.9  22.6  23.1  23.2  22.9  22.9  23.1  23.2  23.2  22.9  23.4  22.8 
 23.7  23.4  23.6  23.6  23.2  23.2  23.2  23.1  22.9  23.1  23.1  23.0  22.7  22.8  23.0  23.0  22.8  22.9  23.1  23.0  22.8  22.9  23.2  23.1  22.9  23.1  23.3  23.3  23.2  23.2  23.3  23.4 
 23.8  23.2  23.7  23.9  23.6  23.2  23.2  23.2  23.0  23.0  23.2  23.2  22.9  22.7  23.0  23.0  22.9  22.8  23.2  23.0  23.0  23.0  23.1  23.2  23.1  22.7  23.2  23.4  23.0  22.7  23.8  23.4 
 24.4  24.3  24.8  24.9  24.7  24.6  23.9  23.6  23.0  23.0  23.1  23.0  22.7  22.8  23.0  23.0  22.9  22.7  22.9  23.0  22.7  22.9  23.0  23.0  22.9  22.7  23.0  23.3  23.2  23.1  23.3  23.6 
 24.5  24.5  25.3  25.7  25.9  25.8  25.2  24.6  23.4  23.1  23.3  23.2  22.9  22.8  23.0  23.1  22.9  22.8  23.0  23.1  22.9  22.8  22.9 nan  23.0  22.7  23.0  23.4  23.1  23.0  23.8  23.7 
 25.5  25.2  26.5  26.8  28.7  29.7  37.9  42.0  39.8  33.8  23.6  23.4  23.0  23.0  23.2  23.2  23.0  22.8  23.2  23.0  22.8  22.7  23.0  23.1  22.8  22.8  23.6  23.4  23.2  23.0  23.5  23.7 
 25.6  25.7  27.1  27.9  30.2  32.6  47.7  54.1  58.6  51.6  25.0  23.7  23.2  22.8  23.2  23.1  22.9  22.7  23.0  23.1  22.9  22.8  23.0  23.1  23.1  22.7  24.2  24.2  23.6  23.1  23.7  23.6 
 25.7  26.2  27.9  28.7  32.7  36.8  57.6  66.4  77.4  73.3  30.8  25.0  23.2  23.1  23.3  23.1  23.0  23.0  23.2  23.1  22.8  22.8  23.1  23.0  22.9  23.0  25.7  25.4  23.7  23.5  23.8  23.8 
 26.1  25.9  27.6  28.7  32.9  36.8  57.2  68.7  87.1  82.2  30.5  24.9  23.3  23.0  23.0  23.2  23.1  22.7  23.0  23.0  22.8  22.7  23.1  23.2  23.0  23.0  24.5  24.7  23.6  23.2  23.6  23.8 
 26.0  26.1  27.8  28.1  30.1  31.8  45.6  55.6  67.7  57.3  25.5  24.0  23.2  23.1  23.1  23.1  23.0  22.9  23.0  23.2  23.0  22.8  23.1  23.0  22.9  22.9  23.4  23.4  23.4  23.1  23.7  23.7 
 26.1  26.1  27.2  27.5  28.8  29.6  37.8  42.9  46.5  39.1  24.4  23.8  23.4  23.1  23.3  23.1  23.1  22.9  23.4  23.3  23.0  22.9  23.1  23.3  22.9  22.8  23.2  23.3  23.6  23.2  23.9  24.1 
 26.2  26.3  26.7  27.0  27.2  27.4  29.1  29.5  28.5  26.5  23.9  23.5  23.3  23.2  23.4  23.3  23.0  23.1  23.3  23.3  23.1  23.0  23.3  23.3  23.1  23.0  23.3  23.6  23.6  23.2  23.7  24.2 
 25.9  26.0  26.5  26.8  26.8  26.8  27.8  27.8  26.5  25.4  23.9  23.7  23.3  23.1  23.4  23.2  23.1  23.0  23.2  23.2  23.2  23.0  23.4  23.4  23.2  23.1  23.5  23.7  23.6  23.4  24.3  24.5 
 26.0  25.9  26.6  26.3  26.2  26.0  26.1  26.3  25.1  24.7  23.9  23.8  23.3  23.3  23.5  23.4  23.2  23.0  23.2  23.2  23.1  23.1  23.6  23.6  23.2  23.1  23.4  23.9  23.0  23.2  24.0  25.0 
 26.1  25.7  26.1  26.2  25.9  25.5  26.0  25.8  24.8  24.4  23.9  23.8  23.5  23.2  23.6  23.6  23.4  23.1  23.4  23.5  23.2  23.1  23.6  23.6  23.3  23.3  23.8  24.1  23.6  23.4  24.7  25.9 
 27.0  26.2  26.1  26.1  25.4  25.3  25.3  25.2  24.5  24.2  24.0  24.1  23.7  23.7  23.6  23.7  23.4  23.5  23.5  23.5  23.5  23.6  23.6  23.5  23.3  23.4  24.0  24.5  24.2  24.5  26.5  27.3 
 27.1  26.6  25.9  26.2  25.4  25.1  25.3  25.3  24.3  24.0  24.1  24.4  23.5  23.6  23.8  23.8  23.4  23.2  23.6  23.6  23.5  23.4  23.9  23.8  23.5  23.5  24.8  25.3  25.2  24.6  26.8  26.7 
