 24.2  23.8  23.8  23.5  23.4  23.3  23.3  23.3  23.3  23.0  23.0  23.2  22.8  22.7  22.7  23.1  22.9  22.9  22.9  23.1  22.8  22.9  22.9  23.1  22.8  22.9  23.1  23.5  23.3  23.5  24.5  25.4 
 23.7  23.2  24.2  23.7  23.3  23.4  23.3  23.2  23.2  23.0  23.3  23.1  22.9  22.9  23.0  22.9  22.9  22.6  23.3  22.9  22.9  22.7  23.0  22.9  23.1  23.0  23.6  23.1  23.1  23.6  24.5  24.4 
 23.9  23.7  23.4  23.5  23.2  23.0  23.3  23.3  23.0  23.0  23.1  23.2  22.9  22.9  23.1  23.0  22.9  22.7  22.9  22.8  22.8  22.9  22.7  23.3  22.8  23.1  23.0  23.4  23.2  23.4  23.7  24.3 
 23.6  23.3  23.6  23.6  22.9  22.9  23.3  23.4  23.2  23.0  23.5  23.0  22.8  22.7  23.1  23.0  22.8  22.6  23.1  22.8  22.8  22.6  23.3  22.9  22.7  23.1  23.5  23.1  23.2  24.3  23.8  23.7 
 23.5  23.4  23.5  23.3  23.0  22.9  22.9  23.4  23.3  23.6  24.3  23.8  22.7  22.6  22.8  23.1  22.7  22.6  22.8  22.9  22.6  22.6  22.8  22.9  23.0  22.8  23.1  23.2  23.4  23.9  23.4  23.9 
 23.6  23.2  23.5  23.2  23.0  22.6  23.2  23.1  23.7  24.5  26.0  24.3  22.9  22.6  22.7  22.9  22.7  22.6  23.1  22.9  22.8  22.8  23.2  22.8  23.0  22.7  23.0  23.0  23.0  23.1  24.0  23.5 
 23.4  23.5  23.3  23.4  22.9  23.0  23.1  23.4  24.0  25.2  27.7  25.2  22.8  22.8  22.8  22.9  22.6  22.5  22.8  22.8  22.7  22.7  22.7  23.1  22.9  22.9  22.8  23.3  23.1  22.8  23.2  23.3 
 23.4  23.2  23.4  23.1  22.9  22.6  23.1  23.0  23.2  23.6  24.6  23.6  22.8  22.6  22.9  22.8  22.7  22.7  22.8  22.8  22.7  22.9  23.0  23.0  22.8  22.7  23.1  23.0  23.1  22.8  23.2  22.3 
 23.6  23.4  23.3  23.5  22.9  22.8  23.1  23.2  23.0  22.7  23.1  23.0  22.8  22.7  22.7  22.8  22.7  22.7  22.9  22.8  22.7  22.8  23.1  23.0  22.8  22.7  22.9  23.0  23.0  22.9  23.2  23.3 
 23.6  23.4  23.8  23.4  23.5  23.1  23.2  23.0  22.9  22.8  22.8  22.8  22.7  22.6  22.8  22.8  22.7  22.7  22.8  22.8  22.8  22.7  22.8  23.0  22.9  22.6  23.1  23.0  22.9  22.8  23.5  23.3 
 24.3  24.4  24.5  24.9  24.5  24.5  23.6  23.5  22.9  23.0  23.0  23.0  22.7  22.6  23.0  23.0  22.8  22.8  22.9  22.9  22.6  22.8  22.7  23.0  22.7  22.6  22.9  22.9  23.1  23.1  23.2  23.5 
 24.7  24.4  25.4  25.5  25.7  25.7  25.1  24.4  23.4  23.2  23.1  23.0  22.9  22.8  23.1  22.8  22.8  22.7  23.0  22.9  22.7  22.7  23.0 nan  22.8  22.5  23.0  23.1  23.0  22.9  23.2  23.3 
 25.1  25.2  26.2  26.9  28.5  29.6  37.9  41.9  39.6  33.5  23.3  23.3  22.9  22.8  22.8  22.9  22.8  22.5  23.0  22.8  22.7  22.8  22.6  23.0  22.8  22.7  23.2  23.4  23.2  23.0  23.3  23.6 
 25.8  25.7  27.1  27.5  30.0  32.5  47.5  54.1  58.6  51.5  24.9  23.4  23.1  23.1  23.0  22.7  22.7  22.7  22.9  22.8  22.7  22.6  23.0  22.8  22.9  22.8  24.1  24.0  23.4  23.2  23.6  23.6 
 25.6  26.1  27.7  28.6  32.5  36.7  57.3  66.2  77.3  73.3  30.6  25.0  23.1  23.0  22.9  23.1  22.8  22.8  23.0  22.9  22.7  22.5  22.8  22.8  22.7  22.8  25.7  25.4  23.3  23.2  23.2  23.7 
 26.0  25.9  27.8  28.4  32.7  36.6  57.1  68.4  87.1  82.2  30.4  24.8  23.1  23.1  23.1  23.0  22.9  22.8  23.1  22.9  22.8  22.6  23.1  23.0  22.9  22.8  24.2  24.4  23.3  23.3  23.7  23.2 
 25.8  26.0  27.3  28.0  30.0  31.6  45.3  55.6  67.7  57.2  25.4  23.8  22.9  22.8  23.0  23.0  22.9  22.8  23.0  23.1  22.9  22.6  22.8  23.0  22.9  22.8  23.3  23.6  23.1  23.4  23.4  24.0 
 25.8  26.1  27.0  27.1  28.5  29.5  37.7  42.6  46.3  39.0  24.1  23.5  23.1  22.9  23.1  23.1  22.9  22.8  23.3  23.0  22.8  22.9  23.0  23.1  22.8  22.8  23.3  23.2  23.2  23.2  23.8  23.8 
 25.9  26.0  26.6  26.9  27.1  27.7  28.7  29.4  28.1  26.4  23.7  23.6  23.1  23.1  23.1  23.3  23.0  22.9  23.1  23.2  23.1  22.8  23.2  23.3  22.9  22.9  23.1  23.3  23.4  23.2  23.6  24.4 
 25.8  26.0  26.4  26.5  26.7  26.7  27.7  27.6  26.3  25.4  23.8  23.6  23.2  23.1  23.3  23.3  22.9  22.8  23.2  23.1  23.2  22.8  23.0  23.1  23.2  22.8  23.4  23.3  23.1  23.4  24.2  24.0 
 25.7  25.6  26.2  26.4  25.9  26.1  26.0  26.0  25.4  24.4  23.8  23.8  23.4  23.2  23.2  23.5  23.1  23.2  23.0  23.3  23.1  22.9  23.2  23.5  23.2  23.0  23.5  23.6  23.4  23.4  24.1  24.9 
 25.7  25.4  26.0  26.1  25.8  25.5  26.0  25.5  24.5  24.3  24.0  23.6  23.3  23.2  23.4  23.3  23.1  23.0  23.3  23.2  23.0  22.8  23.4  23.3  23.0  22.9  23.6  23.6  23.8  23.7  24.3  25.2 
 26.6  26.3  25.8  26.0  25.3  25.2  25.0  24.9  24.2  24.0  24.0  24.0  23.5  23.4  23.3  23.4  23.4  23.0  23.3  23.5  23.4  23.1  23.4  23.5  23.4  23.1  23.7  24.3  24.3  24.2  25.6  26.7 
 26.7  26.5  26.1  25.9  25.3  25.0  24.9  24.9  24.3  24.0  24.1  24.0  23.5  23.5  23.7  23.4  23.4  23.0  23.4  23.3  23.4  23.4  23.6  23.6  23.5  23.4  24.8  25.0  24.6  24.7  26.6  26.5 
