 24.0  23.2  23.0  23.1  22.9  22.3  22.8  22.9  22.5  22.1  22.6  22.7  22.6  22.0  22.5  22.6  22.3  22.4  22.5  22.6  22.4  22.3  22.5  22.9  22.8  22.1  23.3  23.8  23.6  23.0  23.9  25.3 
 23.2  23.0  23.2  23.3  22.7  22.7  23.1  22.7  22.2  22.4  22.8  22.6  22.4  22.5  22.8  22.5  22.0  22.4  22.8  22.6  22.4  22.5  22.8  22.7  22.5  22.8  23.4  24.2  23.2  23.7  23.9  24.2 
 23.4  22.8  23.1  23.1  22.8  22.2  22.6  22.7  22.9  22.3  22.5  22.7  22.4  22.1  22.4  22.6  22.5  22.1  22.6  22.5  22.4  22.0  22.4  22.7  22.7  22.4  22.8  23.1  23.2  23.0  23.1  23.7 
 22.9  23.3  23.1  22.8  22.5  22.5  22.9  22.9  22.6  22.7  22.8  22.6  22.2  22.3  22.7  22.6  22.1  22.4  22.7  22.5  22.3  22.7  22.8  22.7  22.4  22.7  23.0  22.9  22.9  23.0  23.8  23.7 
 23.3  22.7  23.1  23.0  22.9  22.4  22.7  23.0  23.1  22.9  22.8  22.7  22.5  22.3  22.4  22.6  22.5  22.3  22.5  22.5  22.5  22.2  22.6  22.8  22.5  22.3  22.8  22.9  22.9  22.6  23.0  23.4 
 22.5  22.8  23.1  23.0  22.2  22.5  23.0  23.0  23.3  23.8  23.2  22.9  22.3  22.4  22.4  22.7  22.4  22.3  22.5  22.5  22.3  22.3  22.7  22.8  22.6  22.6  22.9  22.8  22.7  22.8  23.6  22.9 
 23.0  22.9  23.0  23.1  22.8  22.6  22.8  23.1  25.3  26.4  24.0  23.2  22.5  22.5  22.4  22.5  22.5  22.3  22.5  22.5  22.5  22.2  22.5  22.9  22.6  22.4  22.7  22.9  22.7  22.6  23.0  22.9 
 23.0  23.1  23.1  23.0  22.4  22.6  23.2  23.3  25.6  27.3  24.6  23.1  22.3  22.4  22.6  22.5  22.3  22.4  22.4  22.5  22.4  22.6  22.8  22.9  22.4  22.5  23.0  22.9  22.7  22.7  23.4  22.3 
 23.5  22.9  23.1  23.1  22.8  22.5  23.0  23.0  23.4  23.1  23.0  23.0  22.5  22.3  22.4  22.5  22.5  22.3  22.5  22.6  22.7  22.4  22.6  22.7  22.6  22.6  22.7  22.8  23.1  22.6  23.2  23.5 
 23.2  23.3  23.3  23.2  22.9  22.9  22.9  22.8  23.0  23.0  22.8  22.6  22.3  22.4  22.6  22.5  22.3  22.4  22.6  22.6  22.4  22.6  22.7  22.5  22.5  22.5  23.1  23.0  22.9  22.8  23.7  23.1 
 23.9  23.5  23.8  23.8  23.7  23.5  23.0  23.1  22.9  22.5  22.7  22.8  22.7  22.3  22.5  22.6  22.6  22.3  22.6  22.7  22.5  22.4  22.5  22.6  22.5  22.3  23.3  23.7  23.4  23.1  23.3  23.2 
 23.6  23.8  24.1  24.3  24.4  24.5  23.9  23.4  22.9  22.8  22.9  22.6  22.5  22.6  22.6  22.7  22.5  22.5  22.7  22.6  22.4  22.6  22.8 nan  22.4  22.5  24.2  24.8  23.4  23.0  23.2  23.3 
 24.6  24.2  25.2  25.9  27.0  27.4  32.5  34.8  32.9  29.1  23.3  22.9  22.8  22.3  22.6  22.7  22.5  22.4  22.7  22.6  22.5  22.3  22.6  22.8  22.8  22.5  23.8  24.8  23.6  22.9  23.0  23.4 
 24.2  24.8  25.9  26.3  28.4  30.0  41.7  48.7  53.3  47.2  24.5  23.1  22.5  22.6  22.8  22.7  22.6  22.5  22.9  22.7  22.4  22.5  22.7  22.7  22.5  22.7  23.1  23.3  23.3  23.3  23.5  23.4 
 25.1  25.2  26.5  27.4  30.6  33.5  54.6  63.0  74.6  71.2  34.4  25.4  22.9  22.6  22.6  22.6  22.8  22.4  22.7  22.9  22.7  22.4  22.7  22.7  22.7  22.3  22.8  23.0  23.1  22.7  23.2  23.7 
 25.5  25.1  26.9  27.4  30.5  34.2  53.5  62.5  78.2  78.9  37.1  25.8  22.7  22.7  22.7  22.8  22.4  22.6  22.7  22.6  22.5  22.6  22.7  22.6  22.6  22.6  23.2  22.8  22.9  22.9  23.5  23.3 
 25.3  25.1  26.7  27.0  29.6  31.5  44.2  53.3  73.1  69.8  29.9  24.3  22.9  22.4  22.6  22.6  22.7  22.3  22.7  22.9  22.7  22.3  22.7  22.8  22.6  22.5  23.0  23.2  23.1  22.6  23.4  23.5 
 25.3  25.4  26.3  26.6  28.4  29.6  36.7  42.1  53.8  49.5  25.6  23.7  22.5  22.8  22.7  22.7  22.4  22.5  22.9  22.5  22.3  22.5  23.0  22.8  22.5  22.6  23.1  22.8  22.9  23.0  23.7  23.6 
 25.6  25.2  26.2  26.6  27.0  26.9  28.6  29.5  29.8  27.6  23.8  23.2  22.8  22.8  22.8  22.7  22.8  22.3  22.6  23.0  22.9  22.5  22.8  22.9  22.8  22.5  23.1  23.1  23.4  23.0  23.5  23.7 
 24.9  25.5  26.5  26.0  26.1  26.5  27.6  27.1  27.0  26.1  23.7  23.2  22.6  22.9  22.9  22.7  22.6  22.6  22.8  22.6  22.5  22.5  22.9  23.0  22.5  22.8  23.3  23.1  22.7  23.4  24.2  24.1 
 25.3  25.3  25.5  26.1  25.5  25.3  25.7  26.0  25.2  24.4  23.4  23.4  23.1  22.7  23.0  22.9  22.7  22.7  22.8  22.9  22.7  22.5  22.9  23.1  23.1  22.8  23.0  23.5  23.7  23.7  24.6  25.3 
 25.1  25.2  25.6  25.3  25.0  25.3  25.5  25.3  24.4  24.4  23.7  23.7  22.8  23.0  22.9  23.0  22.5  22.6  22.9  23.0  22.9  22.6  23.3  23.0  22.5  22.8  23.5  23.7  24.1  24.8  26.2  25.8 
 26.3  25.4  25.2  25.2  24.9  24.5  24.7  24.9  24.4  23.5  23.5  23.6  23.1  22.5  22.9  23.3  23.1  22.7  23.0  23.2  23.0  22.5  23.3  23.2  23.5  23.2  25.0  25.8  25.8  25.1  26.2  27.2 
 26.4  25.6  25.4  25.6  24.5  24.6  24.7  24.6  23.9  23.8  23.6  23.6  23.0  23.0  23.3  22.9  22.8  23.1  23.0  23.1  23.1  23.1  23.5  23.7  23.8  24.8  26.3  26.4  25.8  26.1  27.2  27.0 
