 24.3  23.5  24.2  23.7  23.4  22.9  23.1  23.0  23.2  22.7  23.1  23.1  23.0  22.7  22.9  23.1  22.8  22.7  23.0  23.0  22.9  22.6  23.2  23.4  24.9  25.4  28.2  29.0  30.2  29.7  30.8  31.3 
 23.6  23.8  23.7  23.9  23.0  23.1  23.3  23.1  23.0  22.8  23.1  23.1  22.7  22.7  23.0  22.9  22.6  22.9  22.8  23.0  22.7  22.9  23.3  23.2  23.6  24.4  27.7  28.8  29.7  29.9  30.9  30.8 
 23.6  23.4  23.8  23.6  23.3  22.6  23.1  23.1  23.1  22.7  22.9  23.1  22.7  22.6  22.9  22.8  22.9  22.6  22.8  23.0  22.9  22.6  23.0  23.2  23.6  24.6  27.6  29.9  30.7  29.9  30.7  30.7 
 23.1  23.6  23.6  23.6  22.9  23.0  23.2  23.2  23.0  22.8  23.4  23.0  22.7  22.7  23.0  23.0  22.7  22.8  23.1  23.1  22.6  22.9  23.3  23.2  24.6  25.8  30.3  30.6  31.3  31.3  30.9  30.8 
 23.8  22.9  23.3  23.1  23.1  23.0  23.1  23.3  23.4  23.4  23.2  23.1  22.9  22.6  22.9  22.8  22.8  22.7  23.0  22.9  22.9  22.6  23.1  23.5  26.8  28.2  30.9  31.5  31.8  31.9  31.9  31.4 
 23.4  23.3  23.5  23.4  22.9  23.1  23.2  23.3  23.7  24.0  23.4  23.0  22.7  22.7  22.9  22.8  22.8  22.9  23.0  22.9  22.7  22.9  23.3  23.7  27.5  28.4  31.0  31.6  31.9  32.0  31.7  30.9 
 23.4  23.2  23.4  23.5  23.2  22.8  23.5  23.6  25.7  26.8  24.3  23.5  22.9  22.6  22.8  22.9  22.7  22.8  22.9  22.9  23.0  22.8  23.3  23.9  27.4  28.8  30.8  31.3  31.7  31.9  29.9  28.0 
 23.3  23.2  23.3  23.4  22.9  23.0  23.4  23.6  26.2  27.8  24.8  23.3  22.7  22.8  22.8  22.8  22.8  22.9  22.9  22.9  22.9  23.0  23.2  23.5  27.1  28.9  31.4  31.4  31.5  31.8  28.4  26.9 
 23.9  23.1  23.5  23.3  22.9  22.9  23.2  23.4  23.6  23.5  23.3  23.0  22.8  22.8  22.9  22.9  23.0  22.8  23.2  23.0  23.0  22.7  23.2  23.3  26.2  28.1  31.1  30.8  31.0  29.3  27.4  25.6 
 23.5  23.5  23.5  23.4  23.0  23.0  23.2  23.1  23.0  23.1  23.0  23.0  22.6  22.8  22.8  22.9  22.7  22.9  23.0  23.0  22.9  22.8  23.1  23.2  25.1  27.5  29.9  30.8  29.6  30.1  26.0  25.8 
 24.3  23.9  23.9  23.9  23.7  23.3  23.2  23.1  23.2  23.0  23.1  23.0  22.8  22.8  23.0  23.0  22.9  22.6  22.9  23.0  23.1  22.8  23.1  23.0  23.6  23.1  26.2  25.2  26.6  25.5  25.4  24.8 
 23.5  23.7  24.1  24.3  23.9  24.2  23.6  23.4  23.1  23.1  22.9  23.1  22.6  22.6  22.9  22.9  22.8  22.7  23.1  22.9  22.8  22.8  23.2 nan  22.8  23.1  24.8  25.9  24.9  25.0  24.7  24.9 
 24.8  24.3  25.2  25.9  26.7  26.7  29.2  29.8  27.9  26.2  23.4  23.0  22.9  22.7  23.0  22.8  22.9  22.8  23.0  23.0  23.0  22.5  23.1  23.1  23.1  23.1  24.8  25.4  24.6  23.5  24.2  24.4 
 24.7  25.0  25.8  26.4  27.6  28.9  36.9  42.6  45.0  39.9  24.3  23.3  22.9  22.8  22.9  22.8  22.7  22.7  22.9  23.0  22.8  22.8  23.2  23.1  23.1  23.3  23.7  24.2  23.7  23.7  24.1  24.3 
 25.3  25.4  26.5  27.4  30.3  32.7  52.1  60.6  71.5  67.9  34.4  25.8  23.2  22.8  22.8  23.0  22.8  22.7  23.0  23.0  22.9  22.7  23.1  23.0  23.1  23.0  23.4  23.5  23.5  23.5  24.2  24.1 
 25.3  25.6  27.0  27.7  30.4  33.6  52.7  61.5  76.5  76.3  39.3  26.6  23.1  22.9  23.0  22.9  22.8  22.8  22.9  22.8  22.7  22.9  23.0  23.0  22.9  23.0  23.5  23.3  23.4  23.6  24.0  24.4 
 25.8  25.7  27.0  27.4  30.1  32.1  46.2  55.5  78.8  78.6  34.5  25.6  23.1  22.8  23.0  23.1  22.9  22.6  23.0  23.2  23.2  22.9  23.2  23.3  23.4  23.1  23.6  23.5  23.4  23.4  24.1  24.3 
 25.6  25.5  26.9  27.1  29.1  30.3  39.1  45.2  61.2  58.7  28.1  24.6  23.1  23.1  23.0  23.0  22.8  22.8  23.1  23.1  22.9  23.1  23.1  23.3  23.1  23.0  23.5  23.5  23.4  23.5  24.3  24.2 
 25.8  25.6  26.7  26.8  27.5  27.4  29.8  31.1  32.5  30.6  24.6  23.7  23.2  22.9  23.2  23.2  23.2  23.0  23.1  23.2  23.2  22.8  23.2  23.4  23.3  23.0  23.6  23.4  23.7  23.4  24.4  24.1 
 25.5  25.9  26.5  26.8  26.4  26.7  28.2  28.4  28.1  27.5  24.3  23.6  23.1  23.0  23.1  23.1  23.0  22.9  23.4  23.2  22.9  23.1  23.3  23.3  23.1  23.2  23.4  23.7  23.4  23.8  24.3  24.7 
 25.7  25.5  26.0  26.2  26.1  25.7  26.4  26.3  26.1  25.1  24.2  24.0  23.5  23.0  23.3  23.5  23.2  23.0  23.3  23.3  23.1  22.9  23.4  23.6  23.7  23.1  23.8  23.9  23.8  24.1  25.1  25.4 
 25.6  25.4  26.2  25.9  25.6  25.6  26.0  25.9  25.2  25.0  23.9  23.8  23.2  23.2  23.3  23.4  22.9  23.3  23.4  23.4  23.1  23.2  23.5  23.7  23.1  23.3  23.9  23.9  24.2  24.8  26.0  26.7 
 26.8  26.0  25.9  25.9  25.6  24.9  25.4  25.5  24.7  24.3  24.0  23.8  23.5  23.1  23.4  23.6  23.2  23.0  23.5  23.4  23.6  23.1  23.8  23.8  23.7  23.6  24.9  25.0  25.6  25.0  27.1  27.7 
 26.7  26.9  26.0  25.9  25.2  25.2  25.3  25.2  24.1  24.5  24.2  24.0  23.5  23.4  23.6  23.5  23.3  23.4  23.5  23.6  23.3  23.5  23.9  24.0  23.9  24.4  25.5  26.0  25.6  25.9  27.6  28.1 
