 24.5  23.5  23.8  23.8  23.6  23.4  23.8  23.3  23.4  23.1  23.6  23.5  23.2  23.0  23.2  23.2  23.0  23.0  23.3  23.2  23.1  23.2  23.3  23.4  23.1  23.1  23.4  23.6  23.6  23.6  24.7  25.8 
 23.8  23.7  23.9  23.9  23.6  23.4  23.5  23.5  23.3  23.1  23.6  23.3  23.1  23.0  23.3  23.3  22.8  23.0  23.3  23.0  23.0  23.0  23.1  22.9  23.1  23.4  23.4  23.9  23.2  23.5  25.1  25.3 
 23.7  23.4  23.9  23.6  23.4  22.9  23.3  23.4  23.3  23.1  23.4  23.4  22.9  22.9  23.3  23.1  23.0  22.9  23.1  23.1  22.9  22.9  23.2  23.3  23.2  23.0  23.4  23.3  23.6  23.2  24.2  23.9 
 23.7  23.6  23.7  23.7  23.1  23.3  23.6  23.4  23.3  23.1  23.7  23.4  23.0  22.7  23.0  23.1  22.9  22.9  23.0  23.0  23.0  22.9  23.2  23.3  23.0  23.3  23.6  23.6  23.8  24.1  24.3  24.4 
 23.5  23.3  23.9  23.4  23.2  23.1  23.4  23.4  23.6  23.8  24.6  23.8  22.9  23.0  23.1  23.1  22.9  22.7  23.1  22.9  22.8  22.7  23.0  23.1  23.0  22.9  23.4  23.5  23.7  24.0  23.7  23.5 
 23.3  23.1  23.6  23.6  23.0  23.2  23.4  23.6  23.7  24.7  26.2  24.4  23.0  22.8  22.9  23.0  22.9  22.9  23.0  23.1  22.8  22.7  23.1  23.1  23.2  22.9  23.2  23.4  23.3  23.6  23.6  23.8 
 23.7  23.4  23.4  23.5  23.0  22.9  23.5  23.5  24.0  25.4  27.8  25.3  23.0  22.8  23.0  22.9  22.9  22.7  23.0  23.2  22.9  22.8  23.1  23.3  23.1  23.0  23.1  23.5  23.2  23.1  23.6  23.5 
 23.6  23.4  23.8  23.6  23.2  23.1  23.3  23.3  23.4  23.7  24.7  23.8  22.8  23.0  23.0  23.0  22.8  22.9  23.1  22.9  22.8  22.8  23.1  23.1  22.9  22.9  23.2  23.2  23.1  23.1  23.5  23.1 
 23.7  23.3  23.7  23.5  23.3  23.1  23.3  23.2  23.0  23.0  23.3  23.1  22.9  22.9  22.9  23.0  22.8  22.7  23.1  22.9  22.9  23.0  23.2  23.1  23.0  22.9  23.2  23.1  23.0  23.0  23.5  23.4 
 23.6  23.6  24.0  23.9  23.6  23.3  23.2  23.4  22.8  22.8  23.1  23.3  23.0  22.8  23.0  23.1  22.7  22.8  23.1  23.2  23.0  22.9  23.1  23.1  23.2  22.8  23.3  23.1  22.9  23.1  24.0  23.7 
 24.4  24.4  25.0  24.9  24.6  24.6  23.9  23.8  23.0  23.1  23.2  23.2  22.8  22.8  23.1  23.0  22.9  22.8  23.0  22.9  22.9  22.9  23.1  23.1  23.2  22.9  23.1  23.2  22.8  23.2  23.2  23.6 
 24.4  24.7  25.6  25.6  25.7  25.8  25.3  24.4  23.4  23.3  23.2  23.1  23.0  23.1  22.9  23.1  22.8  22.9  23.1  23.2  22.9  23.0  23.0 nan  22.8  22.8  23.1  23.2  23.0  22.8  23.6  23.7 
 25.5  25.5  26.7  27.0  28.6  29.7  38.3  42.0  39.9  33.8  23.7  23.3  23.1  23.0  23.1  23.1  22.9  23.0  23.2  23.0  22.9  22.8  23.1  23.0  23.1  22.8  23.4  23.3  23.3  23.3  23.7  23.7 
 25.6  25.9  27.2  27.9  30.1  32.7  47.8  54.4  58.8  51.7  25.0  23.8  23.0  23.1  23.0  23.0  22.8  22.8  23.1  23.1  22.9  22.8  23.1  23.3  23.1  22.7  24.2  24.7  23.7  23.4  23.6  23.7 
 26.2  26.2  27.6  28.7  32.7  36.8  57.7  66.6  77.7  73.5  30.8  24.9  23.1  23.0  23.2  23.2  23.1  22.9  23.1  23.1  22.9  22.8  23.1  23.1  23.2  23.0  25.8  25.5  23.7  23.2  23.9  23.7 
 26.1  26.2  27.9  28.7  32.9  36.9  57.2  68.8  87.3  82.3  30.5  25.0  23.1  23.1  23.1  23.1  23.0  22.8  23.1  23.1  23.0  22.9  23.1  23.1  23.0  23.0  24.6  25.0  23.7  23.5  23.6  23.8 
 26.1  26.1  27.8  28.1  30.4  31.7  45.7  55.6  67.8  57.3  25.6  24.1  23.3  23.1  23.4  23.2  23.1  23.0  23.2  23.1  23.1  22.8  23.2  23.1  23.0  23.0  23.5  23.5  23.5  23.4  24.0  23.9 
 26.0  26.4  27.4  27.6  28.8  29.7  37.8  43.1  46.3  39.1  24.4  23.7  23.4  23.2  23.3  23.3  23.0  23.1  23.3  23.3  23.1  22.9  23.1  23.2  23.2  22.8  23.3  23.6  23.5  23.6  23.9  24.2 
 26.4  26.1  27.1  26.9  27.3  27.7  29.1  29.5  28.4  26.4  24.2  23.6  23.3  23.1  23.4  23.3  23.2  23.1  23.1  23.3  23.0  22.9  23.3  23.4  23.1  23.1  23.5  23.4  23.6  23.2  24.1  24.4 
 26.1  26.2  26.7  26.9  26.9  26.8  27.8  28.0  26.6  25.5  23.9  23.8  23.2  23.2  23.5  23.2  23.1  23.2  23.4  23.2  23.1  23.1  23.4  23.3  23.1  23.1  23.7  23.5  23.5  23.2  23.9  24.3 
 26.0  25.9  26.3  26.3  26.1  26.1  26.3  26.0  25.3  24.5  24.0  23.8  23.5  23.3  23.6  23.7  23.1  23.3  23.4  23.3  23.2  23.0  23.5  23.3  23.3  23.1  23.5  23.7  23.5  23.5  24.7  25.3 
 26.3  25.8  26.1  26.2  25.8  25.6  25.9  26.0  24.7  24.4  24.0  24.0  23.2  23.3  23.4  23.5  23.3  23.1  23.5  23.5  23.1  23.3  23.5  23.4  23.4  23.3  23.7  23.9  23.8  23.6  24.9  25.9 
 27.2  26.2  26.1  26.1  25.6  25.2  25.5  25.2  24.4  24.2  24.3  24.0  23.8  23.4  23.8  23.7  23.4  23.0  23.5  23.7  23.3  23.2  23.8  23.8  23.5  23.4  24.3  24.3  24.4  24.3  26.1  26.8 
 27.1  26.6  26.0  26.0  25.6  25.1  25.0  25.0  24.3  24.2  24.2  24.2  23.6  23.6  23.8  23.5  23.6  23.4  23.7  23.8  23.5  23.4  23.9  23.9  23.3  23.8  24.8  25.1  25.2  25.1  26.8  27.7 
