 24.4  23.6  24.0  24.2  23.2  23.2  23.3  24.0  22.9  22.7  23.5  23.6  22.9  22.8  23.0  23.1  22.8  22.6  23.2  23.4  23.0  22.7  23.2  23.6  22.8  22.5  23.5  23.6  23.4  23.3  24.8  26.0 
 23.7  23.4  24.0  23.7  23.2  23.0  23.5  23.2  23.0  23.0  23.4  23.2  22.8  22.9  23.3  23.0  22.9  22.7  23.3  23.1  22.8  22.6  23.4  23.2  22.9  23.0  23.4  23.4  23.3  23.4  24.8  25.2 
 23.4  23.1  23.9  23.9  23.2  22.9  23.3  23.4  23.0  22.8  23.0  23.3  22.6  22.6  23.1  23.1  22.6  22.6  23.0  23.0  22.8  22.5  23.1  23.4  22.8  22.7  23.3  23.7  23.4  23.2  23.9  24.5 
 23.0  23.2  23.8  23.6  22.9  22.7  23.5  23.3  22.9  22.9  23.6  23.4  22.7  22.6  23.1  22.9  22.5  22.6  23.3  22.9  22.7  22.6  23.1  23.0  22.7  22.9  23.6  23.2  23.2  24.0  24.0  24.3 
 23.2  23.2  23.3  23.8  23.1  22.8  23.1  23.5  23.4  23.5  24.2  23.9  22.8  22.8  23.0  23.1  22.7  22.7  23.0  23.0  22.6  22.6  23.0  23.2  22.8  22.8  23.2  23.5  23.3  23.8  24.1  24.1 
 23.2  23.0  23.7  23.5  22.7  22.8  23.5  23.2  23.6  24.6  26.0  24.4  22.8  22.5  23.0  23.0  22.6  22.6  23.0  23.0  22.7  22.6  23.2  23.1  23.2  22.7  23.3  23.2  23.0  23.1  24.0  23.5 
 23.2  23.2  23.3  23.5  23.0  22.9  23.1  23.5  23.8  25.1  27.8  25.4  22.9  22.7  22.8  22.9  22.5  22.7  22.9  23.0  22.7  22.8  23.2  23.2  22.8  22.8  23.1  23.4  22.7  22.7  23.2  23.5 
 23.4  22.9  23.5  23.4  22.7  22.9  23.4  23.1  23.1  23.6  24.8  23.7  22.7  22.7  23.1  22.9  22.7  22.7  23.0  22.8  22.6  22.5  23.0  23.0  22.7  22.7  23.4  23.1  22.9  23.0  23.4  22.9 
 23.6  23.1  23.5  23.6  23.0  22.8  23.2  23.0  22.8  22.6  23.0  23.2  22.7  22.7  22.8  23.0  22.7  22.7  23.0  23.0  22.7  22.7  22.9  23.2  22.9  22.7  23.2  23.3  22.9  22.9  23.2  23.3 
 23.8  23.2  23.8  23.6  23.3  23.0  23.2  23.0  22.8  22.7  23.2  23.1  22.7  22.7  22.9  22.9  22.7  22.7  23.0  23.0  22.7  22.6  22.9  22.9  22.9  22.8  23.2  23.3  22.6  22.6  23.7  23.1 
 24.3  24.2  25.0  25.0  24.5  24.2  23.8  23.6  22.9  22.8  22.9  23.1  22.6  22.5  22.9  22.9  22.7  22.6  22.9  23.1  22.6  22.6  22.9  23.1  22.6  22.4  23.2  23.2  23.0  22.8  23.4  23.7 
 24.4  24.4  25.4  25.6  25.5  25.7  25.2  24.7  23.2  23.1  23.2  23.1  22.8  22.7  22.9  22.9  22.7  22.7  23.0  22.9  22.9  22.8  23.0 nan  22.7  22.6  23.2  23.2  22.7  22.9  23.5  23.5 
 25.3  24.9  26.4  27.0  28.5  29.7  38.2  42.1  39.8  33.7  23.5  23.4  22.9  22.7  23.0  23.1  22.7  22.5  23.1  22.9  22.8  22.5  22.8  23.1  22.6  22.7  23.4  23.3  23.1  23.0  23.7  23.8 
 25.6  25.4  27.2  27.5  30.0  32.5  47.6  54.1  58.6  51.5  25.0  23.7  23.0  22.7  23.1  23.0  22.8  22.7  22.9  22.9  22.7  22.8  23.3  22.9  22.8  22.8  24.1  24.4  23.4  22.9  23.6  23.8 
 25.6  26.0  27.9  28.7  32.3  36.5  57.6  66.5  77.4  73.2  30.9  25.0  23.0  22.8  23.0  23.2  22.9  22.7  23.1  23.2  22.8  22.5  23.2  23.0  22.7  22.8  25.6  25.6  23.5  22.8  23.7  23.9 
 25.9  26.0  27.9  28.6  32.4  36.6  57.2  68.7  87.1  82.2  30.6  24.9  23.0  23.0  23.1  23.1  22.9  22.8  23.1  23.2  22.7  22.8  23.1  23.0  22.7  22.7  24.4  24.9  23.2  23.2  23.8  23.5 
 26.1  26.0  27.6  28.2  30.0  31.6  45.6  55.7  67.7  57.2  25.6  24.1  23.1  22.7  23.0  23.1  22.8  22.7  23.0  23.2  22.8  22.6  23.1  23.1  22.9  22.8  23.3  23.6  23.4  23.1  23.9  24.0 
 25.8  25.8  27.5  27.5  28.7  29.5  37.8  42.9  46.2  39.1  24.3  23.6  23.1  23.0  23.4  23.0  22.9  22.8  23.2  22.8  22.8  22.7  23.3  23.2  22.9  22.6  23.6  23.3  23.2  23.1  23.9  23.9 
 25.8  25.5  27.2  27.1  27.1  27.2  28.8  29.6  28.2  26.4  24.0  23.7  23.1  22.9  23.3  23.4  23.0  22.9  23.2  23.4  22.7  22.7  23.2  23.4  23.0  23.0  23.5  23.5  23.5  23.1  23.6  24.4 
 25.6  25.9  26.7  26.9  26.4  26.7  27.9  27.7  26.4  25.3  23.8  23.6  23.0  23.1  23.5  23.1  22.9  22.9  23.4  23.0  22.9  22.8  23.2  23.2  23.0  22.7  23.5  23.4  23.3  23.3  24.4  24.6 
 25.9  25.6  26.3  26.4  25.8  25.6  26.3  26.2  25.0  24.4  23.8  23.7  23.3  23.1  23.4  23.5  22.8  22.9  23.4  23.4  22.9  22.8  23.4  23.3  23.2  22.8  23.5  23.8  23.1  23.1  24.1  25.4 
 25.9  25.5  26.3  26.1  25.6  25.6  25.8  25.8  24.4  24.3  24.0  23.7  23.1  23.0  23.6  23.3  23.1  22.9  23.3  23.2  23.0  22.9  23.4  23.4  23.2  23.0  23.7  23.8  23.3  23.5  25.0  25.8 
 26.6  25.8  26.0  26.0  25.4  24.9  25.1  25.2  24.1  24.0  24.0  24.2  23.6  23.2  23.5  23.5  23.3  22.9  23.7  23.5  23.1  22.9  23.7  23.8  23.1  23.0  24.1  24.7  24.3  23.7  25.6  28.0 
 26.7  26.2  26.1  25.9  25.3  25.2  25.3  24.9  23.9  23.9  24.2  24.0  23.5  23.2  23.8  23.5  23.1  23.2  23.6  23.4  23.2  23.3  24.0  23.6  23.3  23.4  24.7  25.0  24.6  24.2  27.1  27.5 
