 24.3  23.5  23.9  24.2  23.5  23.3  23.2  23.4  23.3  23.0  23.1  23.4  23.0  23.0  23.2  23.3  23.0  23.0  23.3  23.2  23.1  22.8  23.0  23.4  23.1  22.9  23.4  23.6  23.6  23.6  24.6  25.8 
 23.8  23.7  24.3  23.6  23.6  23.1  23.7  23.2  23.4  23.1  23.6  23.2  23.1  22.9  23.3  23.1  23.0  23.0  23.3  22.8  23.1  22.9  23.1  23.2  23.1  22.9  23.6  23.2  23.2  23.3  24.2  24.8 
 23.6  23.4  23.4  23.6  23.1  22.9  23.4  23.4  23.1  23.0  23.4  23.5  23.0  22.9  22.9  23.1  22.8  22.8  22.6  23.1  23.0  22.9  22.9  23.3  22.9  23.1  22.9  23.5  23.5  23.7  23.8  24.4 
 23.4  23.5  23.7  23.4  23.2  22.8  23.4  23.3  23.3  23.1  23.8  23.2  23.0  22.6  23.0  22.9  23.0  23.0  23.1  22.9  22.9  23.0  23.2  23.0  23.1  22.9  23.9  23.1  23.7  24.0  24.1  23.8 
 23.5  23.5  23.3  23.7  23.1  23.1  23.2  23.4  23.6  23.8  24.3  23.8  23.0  22.9  23.0  23.0  22.8  22.7  22.9  23.0  23.0  22.6  22.9  23.3  22.9  22.9  23.2  23.3  23.4  24.0  23.9  24.2 
 23.7  23.1  23.6  23.3  23.0  23.1  23.5  23.4  23.7  24.5  26.3  24.3  22.8  22.7  23.1  22.9  23.1  22.8  23.1  22.9  22.7  22.7  23.0  23.0  23.2  22.8  23.4  23.0  23.0  23.5  23.8  23.6 
 23.3  23.3  23.3  23.6  22.8  22.9  23.1  23.5  24.0  25.4  27.8  25.4  23.0  22.9  23.0  23.0  22.7  22.8  22.8  23.0  22.7  22.7  23.0  23.2  23.0  22.9  23.1  23.7  23.1  22.7  23.5  23.6 
 23.6  23.3  23.3  23.1  23.0  23.0  23.4  23.0  23.4  23.8  24.8  23.6  23.0  22.9  23.0  22.9  23.0  22.7  23.1  22.8  22.8  22.8  23.2  23.1  23.0  22.8  23.4  23.0  23.1  23.0  23.2  22.5 
 23.6  23.4  23.3  23.6  23.1  22.9  22.9  23.2  22.9  22.9  22.9  23.2  22.7  22.9  22.8  23.1  22.9  22.8  23.1  22.9  22.8  22.8  22.9  23.2  23.0  22.9  23.3  23.3  23.2  23.2  23.0  23.6 
 23.6  23.4  23.8  23.6  23.5  23.3  23.5  23.0  23.0  23.1  23.1  23.1  22.9  22.8  23.0  22.8  22.7  22.8  23.0  22.9  23.0  22.8  23.2  23.1  23.0  22.9  23.4  23.1  23.0  22.8  23.7  23.4 
 24.4  24.3  24.6  24.9  24.8  24.6  23.8  23.7  23.2  23.1  23.1  23.1  23.1  22.8  22.8  23.0  22.9  22.8  23.0  23.2  22.8  22.7  22.7  23.1  23.0  22.7  23.0  23.2  23.1  23.1  23.2  23.8 
 24.8  24.6  25.3  25.3  25.8  25.8  25.4  24.3  23.4  23.1  23.2  23.1  23.1  22.9  23.0  22.9  22.9  22.7  23.1  22.9  22.8  22.7  23.1 nan  22.9  22.9  23.1  23.0  23.1  22.8  23.6  23.6 
 25.5  25.3  26.3  27.0  28.7  29.9  38.0  42.1  40.0  33.9  23.4  23.5  23.1  23.0  22.9  23.1  23.0  22.7  22.9  23.1  22.9  22.8  22.9  23.3  22.9  22.8  23.2  23.6  23.2  23.1  23.7  23.9 
 25.9  25.8  27.1  27.4  30.1  32.5  47.8  54.2  58.8  51.6  25.0  23.6  23.1  23.1  23.1  22.9  23.0  22.8  23.1  23.0  22.9  22.7  23.2  23.0  23.0  22.8  24.5  24.0  23.7  23.3  23.6  23.4 
 25.9  26.2  27.5  28.7  32.7  36.7  57.6  66.7  77.5  73.5  30.7  25.0  23.2  22.9  23.1  23.3  23.1  22.9  23.1  23.0  22.8  22.8  23.0  23.2  22.8  23.0  25.5  25.6  23.6  23.2  23.5  24.2 
 26.1  26.2  27.9  28.5  32.9  36.8  57.4  68.8  87.2  82.3  30.7  24.6  23.2  23.1  23.0  22.9  23.0  23.0  23.1  22.9  22.9  22.9  23.1  23.0  22.9  22.8  24.5  24.5  23.7  23.4  23.6  23.7 
 25.9  26.4  27.5  28.4  30.1  31.8  45.5  55.6  67.7  57.3  25.4  24.0  23.2  23.1  22.9  23.2  23.0  23.0  22.9  23.1  23.1  22.8  22.8  23.3  23.0  22.9  23.3  23.5  23.4  23.1  23.9  23.9 
 26.1  26.3  27.4  27.6  28.9  29.7  37.8  42.9  46.4  39.1  24.4  23.6  23.3  23.2  23.2  23.1  23.1  23.0  23.3  23.1  23.0  22.8  23.0  23.0  23.1  23.0  23.4  23.2  23.5  23.3  24.0  23.8 
 26.2  26.1  26.7  27.0  27.2  27.7  29.0  29.6  28.3  26.3  23.8  23.7  23.2  23.2  23.3  23.4  23.1  23.0  23.2  23.3  23.2  23.0  23.1  23.4  23.0  23.3  23.0  23.4  23.5  23.5  23.5  24.2 
 25.9  26.2  26.7  26.5  26.8  26.7  27.8  27.6  26.6  25.5  23.9  23.5  23.4  23.2  23.5  23.1  23.1  23.0  23.4  23.1  22.9  23.0  23.6  23.3  23.3  23.0  23.5  23.5  23.4  23.9  24.3  23.9 
 25.8  25.5  26.0  26.5  26.1  26.1  26.0  26.5  25.3  24.2  23.9  23.8  23.4  23.4  23.4  23.7  23.2  23.1  23.2  23.4  23.3  23.0  23.2  23.5  23.4  23.1  23.5  24.0  23.7  23.5  24.0  25.0 
 25.7  25.7  26.4  25.9  26.0  25.6  26.1  25.6  24.9  24.5  24.0  23.7  23.3  23.3  23.6  23.5  23.1  23.2  23.3  23.2  23.1  23.1  23.6  23.3  23.3  23.2  24.0  23.8  23.6  23.8  25.2  25.0 
 27.2  26.2  25.8  26.3  25.4  25.2  25.2  25.3  24.5  24.1  24.0  24.1  23.5  23.7  23.4  23.6  23.4  23.1  23.4  23.6  23.3  23.2  23.6  23.8  23.4  23.4  23.7  24.5  24.4  24.3  25.8  27.7 
 26.8  26.9  26.1  25.6  25.3  25.1  25.2  24.9  24.4  24.2  24.3  23.9  23.6  23.6  24.0  23.5  23.6  23.4  23.7  23.4  23.4  23.5  23.7  23.6  23.6  23.6  24.8  24.9  25.0  25.1  27.2  26.7 
