 24.3  23.5  24.0  23.8  23.6  23.3  23.4  23.5  23.3  23.0  23.4  23.4  23.3  23.0  23.0  23.3  23.2  22.9  23.0  23.2  23.0  22.9  23.2  23.3  23.1  22.9  23.6  23.4  23.8  23.4  24.4  25.8 
 24.0  23.7  23.9  23.9  23.3  23.5  23.4  23.3  23.0  23.3  23.3  23.3  22.8  23.1  23.3  23.1  23.0  22.9  23.3  23.3  22.9  22.9  23.2  23.3  23.1  23.1  23.2  23.7  23.6  23.5  24.4  25.0 
 24.0  23.4  23.9  23.6  23.4  22.7  23.4  23.1  23.1  23.0  23.2  23.4  23.0  22.9  23.3  23.3  22.9  22.8  22.9  23.1  23.0  22.9  23.0  23.1  23.2  22.9  23.4  23.3  23.5  23.4  23.8  24.2 
 23.4  23.5  23.7  23.7  23.2  23.0  23.2  23.5  23.2  23.4  23.8  23.4  22.9  22.7  23.2  23.0  23.0  23.0  23.1  23.2  22.9  22.9  23.2  23.3  23.1  23.0  23.6  23.6  23.5  24.1  23.9  24.2 
 23.8  23.3  23.6  23.7  23.0  22.9  23.3  23.2  23.7  23.8  24.4  23.7  23.1  22.8  23.0  23.1  22.8  22.7  22.9  23.1  22.9  22.7  22.7  23.1  23.0  22.9  23.3  23.2  23.7  23.9  23.9  24.0 
 23.3  23.3  23.5  23.3  23.1  23.0  23.4  23.5  23.7  24.5  26.1  24.5  23.0  22.8  22.9  23.0  22.8  22.9  23.0  23.0  22.6  22.6  22.9  23.1  23.0  22.8  23.1  23.5  23.1  23.3  23.8  23.6 
 23.7  23.3  23.3  23.3  23.1  22.9  23.1  23.3  24.2  25.1  27.8  25.3  22.9  22.7  22.9  23.0  22.8  22.6  22.9  22.9  22.9  22.8  23.0  23.2  22.9  22.8  23.2  23.3  23.2  22.8  23.3  23.5 
 23.7  23.7  23.4  23.6  23.1  22.9  23.3  23.3  23.3  23.8  24.8  23.8  22.9  22.8  23.1  23.0  22.7  22.7  22.9  22.8  22.9  22.8  23.1  23.1  23.0  23.1  23.3  23.3  23.1  23.2  23.4  23.0 
 23.7  23.4  23.6  23.5  23.2  22.8  23.3  23.2  23.0  23.0  23.0  23.2  23.0  22.8  23.0  23.1  23.1  22.7  23.0  23.0  22.9  23.0  23.1  22.9  23.1  22.9  23.1  23.3  23.3  23.1  23.2  23.3 
 23.5  23.4  23.8  23.9  23.5  23.4  23.3  23.4  22.9  22.9  23.1  23.2  22.8  22.7  23.0  23.0  22.8  22.8  23.0  23.0  22.7  22.9  23.1  23.1  23.0  22.8  23.4  23.3  22.9  23.0  23.5  23.4 
 24.7  24.3  24.7  24.9  24.8  24.4  23.8  23.7  23.2  23.0  23.2  23.0  23.1  22.8  23.0  23.0  23.1  22.8  23.0  23.0  22.8  22.7  23.0  23.1  23.0  22.7  23.1  23.1  23.1  22.9  23.4  23.6 
 24.5  24.8  25.3  25.5  25.8  25.9  25.3  24.6  23.5  23.3  23.2  23.3  22.9  22.9  23.0  23.0  22.8  22.9  23.1  23.0  22.7  22.8  23.1 nan  22.8  22.9  23.2  23.1  23.1  23.1  23.5  23.6 
 25.5  25.3  26.4  27.3  28.7  29.6  38.1  42.1  40.0  33.8  23.9  23.5  23.2  22.9  23.0  22.9  22.9  22.9  23.0  23.0  23.0  22.8  22.9  23.1  22.9  22.8  23.4  23.6  23.3  23.1  23.4  23.9 
 25.6  25.9  27.2  27.8  30.1  32.8  47.7  54.3  58.7  51.7  25.2  23.7  23.0  23.2  23.1  23.2  22.9  22.9  23.2  23.1  22.7  22.9  23.2  22.9  22.9  23.1  24.0  24.4  23.6  23.6  23.7  23.6 
 26.2  26.1  27.7  28.7  32.8  36.7  57.7  66.5  77.7  73.4  30.9  25.0  23.1  23.1  23.0  23.0  23.1  22.9  23.1  23.0  22.8  22.6  23.1  22.9  22.9  22.9  25.7  25.5  23.7  23.3  23.5  23.5 
 25.8  26.2  27.9  28.6  32.7  36.8  57.2  68.7  87.2  82.2  30.5  24.9  23.0  23.2  23.2  23.2  22.9  22.9  23.1  23.1  22.9  22.9  23.1  23.2  22.9  23.0  24.1  24.6  23.6  23.5  23.8  23.7 
 26.1  26.3  27.5  28.1  30.4  31.8  45.6  55.7  67.8  57.3  25.6  23.8  23.2  23.2  23.1  23.1  23.0  22.9  23.1  23.2  22.9  22.8  23.0  23.1  23.2  22.7  23.3  23.7  23.4  23.4  24.0  23.7 
 26.1  26.3  27.3  27.5  28.7  29.7  37.7  43.0  46.3  39.3  24.4  23.7  23.2  23.2  23.4  23.2  22.9  23.0  23.2  23.2  22.8  22.9  23.1  23.3  22.9  22.8  23.2  23.6  23.2  23.5  23.7  24.0 
 26.1  26.0  26.7  26.8  27.4  27.4  28.8  29.5  28.4  26.4  23.9  23.7  23.4  22.9  23.2  23.3  23.2  23.1  23.4  23.3  23.3  22.9  23.4  23.3  23.2  23.1  23.3  23.3  23.5  23.2  24.1  24.0 
 26.2  26.2  26.7  26.8  26.7  26.8  27.8  27.7  26.4  25.5  23.9  23.8  23.4  23.3  23.4  23.3  23.1  23.2  23.4  23.2  23.1  22.9  23.2  23.4  23.0  23.2  23.3  23.4  23.4  23.5  24.3  24.5 
 26.2  25.7  26.4  26.3  26.2  26.1  26.1  26.2  25.3  24.6  24.0  24.0  23.5  23.3  23.3  23.6  23.4  23.1  23.3  23.2  23.2  22.9  23.5  23.5  23.6  23.1  23.5  24.1  23.7  23.4  24.5  25.5 
 26.1  25.8  26.3  26.2  25.9  25.9  26.0  25.8  24.7  24.6  24.0  24.1  23.3  23.3  23.5  23.6  23.1  23.3  23.4  23.6  23.0  23.3  23.3  23.4  23.2  23.3  24.0  24.1  23.6  23.8  24.9  25.9 
 27.2  25.9  25.8  26.1  25.4  25.3  25.3  25.2  24.6  24.1  24.1  24.1  23.8  23.4  23.6  23.6  23.6  23.2  23.5  23.2  23.4  23.3  23.7  23.8  23.4  23.2  24.0  24.3  24.6  23.9  26.1  27.3 
 27.4  27.4  26.2  26.0  25.4  25.3  25.2  25.2  24.2  24.3  24.0  24.0  23.5  23.3  23.8  23.7  23.4  23.2  23.8  23.8  23.4  23.6  23.9  23.7  23.5  23.8  24.6  25.3  24.6  25.6  27.2  27.2 
