 23.9  23.3  23.6  24.0  23.5  23.1  23.1  23.3  22.9  22.7  23.4  23.4  22.8  22.7  23.1  23.2  22.9  22.6  23.2  23.1  22.8  22.8  23.2  23.0  23.1  22.8  23.3  23.3  23.5  23.4  24.4  25.5 
 23.6  23.5  23.9  24.0  23.3  23.1  23.4  23.6  23.2  23.0  23.4  23.2  22.8  23.0  23.2  23.2  22.8  22.7  23.1  23.1  22.9  22.9  23.2  23.1  22.6  23.1  23.6  23.2  23.1  23.7  24.4  25.1 
 23.7  23.2  23.7  23.6  23.1  22.7  23.3  23.1  23.1  22.8  23.4  23.4  22.9  22.9  23.1  22.9  22.7  22.7  23.0  23.1  22.8  22.4  23.1  23.1  23.1  22.9  23.3  23.3  23.2  23.4  24.0  23.9 
 23.0  23.1  23.4  23.7  23.0  22.7  23.3  23.5  23.0  23.0  23.7  23.3  22.8  22.8  22.9  23.1  22.8  22.8  23.1  22.9  22.7  22.7  23.1  23.2  22.7  23.0  23.2  23.4  23.0  23.8  23.9  23.8 
 23.3  23.1  23.3  23.5  23.2  22.9  23.2  23.2  23.3  23.8  24.5  23.6  23.0  22.6  22.9  22.8  22.6  22.6  22.9  22.7  22.8  22.6  22.9  22.9  22.9  22.8  23.3  23.3  23.4  23.7  23.7  23.9 
 23.2  22.8  23.5  23.0  23.0  23.1  23.3  23.1  23.6  24.4  26.1  24.4  22.8  22.8  22.9  23.1  22.6  22.7  22.9  22.9  22.7  22.7  23.0  23.1  22.9  22.8  23.0  23.5  23.0  23.2  23.8  23.6 
 23.2  23.3  23.4  23.5  22.9  22.7  23.2  23.3  23.9  25.1  28.0  25.3  22.9  22.8  22.9  23.0  22.8  22.7  22.9  22.9  22.9  22.8  23.1  23.0  22.9  22.7  23.3  23.3  22.9  22.7  23.5  23.3 
 23.3  23.4  23.3  23.4  23.0  22.6  23.2  23.3  23.1  23.7  24.6  23.8  22.9  22.7  22.9  23.0  22.7  22.7  22.8  22.8  22.6  22.8  23.0  23.2  22.8  22.7  23.1  23.2  22.8  23.0  23.5  22.6 
 23.4  23.2  23.4  23.4  23.0  22.8  23.0  23.1  23.0  22.9  23.3  23.0  22.9  22.6  22.9  22.9  22.6  22.7  23.0  22.9  22.8  22.7  22.9  23.0  22.8  22.6  23.1  23.0  23.2  22.8  23.2  23.3 
 23.1  23.5  23.6  23.9  23.3  23.0  23.0  23.3  22.9  22.8  23.1  23.0  22.7  22.7  22.9  23.0  22.6  22.6  23.0  22.9  22.7  22.7  23.1  23.0  22.9  22.8  23.2  23.4  22.9  23.0  23.2  23.2 
 24.3  24.3  24.7  24.9  24.4  24.2  23.9  23.7  23.1  23.0  23.2  23.0  22.8  22.6  23.0  23.0  22.7  22.6  23.0  22.8  22.9  22.8  23.0  22.9  23.0  22.7  23.1  22.9  23.1  22.8  23.5  23.3 
 24.2  24.4  25.3  25.7  25.5  25.7  25.1  24.5  23.3  23.2  23.3  23.2  22.9  22.8  22.9  22.9  22.8  22.8  22.9  23.0  22.5  22.7  22.9 nan  22.6  22.8  23.0  23.2  22.9  22.9  23.3  23.6 
 25.1  24.9  26.6  26.9  28.4  29.6  38.1  41.8  39.8  33.7  23.5  23.2  23.0  22.8  23.1  23.0  22.9  22.7  23.1  22.9  22.6  22.6  23.0  23.1  23.0  22.7  23.4  23.4  23.3  23.1  23.7  23.2 
 25.4  25.5  26.9  27.6  29.9  32.4  47.5  54.2  58.6  51.7  25.0  23.7  22.9  22.8  23.0  23.0  22.8  22.9  23.1  23.2  22.7  22.8  22.9  23.1  23.0  22.9  24.0  24.1  23.3  23.2  23.6  23.6 
 25.7  26.2  27.9  28.6  32.5  36.6  57.5  66.5  77.5  73.3  30.8  24.8  23.1  22.9  23.1  23.0  22.8  22.8  23.2  22.9  22.8  22.7  23.2  23.0  22.8  22.9  25.8  25.4  23.4  23.2  24.0  23.7 
 25.8  26.2  27.6  28.5  32.6  36.7  57.2  68.8  87.1  82.1  30.4  24.9  23.1  23.0  23.0  23.2  22.7  22.9  23.2  23.1  22.6  22.7  23.0  23.1  22.8  22.6  24.2  24.6  23.3  23.3  23.5  23.5 
 26.1  25.8  27.4  28.1  30.0  31.6  45.5  55.5  67.8  57.2  25.6  23.9  23.1  22.8  23.1  23.1  23.0  22.8  23.2  23.0  23.0  22.7  23.0  23.1  22.9  22.8  23.4  23.4  23.1  23.1  23.7  23.9 
 25.9  26.0  27.0  27.6  28.4  29.8  37.7  43.0  46.1  39.0  24.3  23.6  23.2  23.2  23.1  23.3  22.9  22.8  23.3  23.2  22.8  22.9  23.0  23.1  23.1  22.7  23.2  23.4  23.5  23.3  23.9  23.8 
 26.1  25.8  27.0  26.6  27.1  27.4  29.0  29.5  28.2  26.3  24.0  23.5  23.3  23.0  23.3  23.2  23.1  23.0  23.2  23.1  23.0  22.9  23.3  23.2  22.9  22.9  23.3  23.4  23.5  23.2  24.1  24.0 
 25.6  25.7  26.5  26.8  26.8  26.7  27.6  27.7  26.4  25.3  23.9  23.8  23.3  23.2  23.5  23.4  23.1  22.9  23.2  23.3  22.9  22.7  23.2  23.6  23.0  23.0  23.3  23.4  23.1  23.2  23.8  24.1 
 25.6  25.4  26.5  26.3  26.1  26.0  26.3  26.1  25.0  24.4  24.1  23.7  23.3  23.2  23.5  23.4  23.1  23.1  23.3  23.2  23.0  22.9  23.6  23.3  23.3  23.0  23.7  23.4  23.0  23.4  24.7  24.5 
 25.7  25.5  26.4  26.4  25.3  25.6  25.8  26.0  24.4  24.4  23.7  24.0  23.3  23.2  23.5  23.5  23.0  23.1  23.4  23.3  22.9  22.8  23.4  23.6  23.0  23.1  23.5  24.1  23.3  23.6  25.2  25.3 
 26.5  25.7  26.0  25.8  25.3  25.2  25.3  25.0  24.5  24.0  24.0  24.0  23.4  23.1  23.4  23.7  23.3  23.2  23.5  23.5  23.1  23.1  23.7  23.8  23.3  22.9  23.9  24.3  24.0  23.9  26.1  27.3 
 26.8  26.1  26.1  26.2  25.1  25.0  25.2  25.0  24.2  24.2  24.0  24.2  23.4  23.5  23.6  23.7  23.4  23.1  23.4  23.7  23.2  23.3  23.4  23.7  23.3  23.3  24.8  25.0  24.6  25.1  26.3  27.2 
