 24.3  23.5  23.3  23.7  23.4  22.7  23.0  22.9  22.7  22.4  22.8  23.1  22.8  22.6  22.7  23.0  22.7  22.7  23.1  22.9  22.9  22.8  23.2  23.6  26.8  29.1  31.4  31.8  32.0  31.9  31.6  32.5 
 23.8  23.5  23.9  23.9  23.2  23.1  23.1  22.9  22.7  22.7  23.1  22.9  22.8  22.7  23.1  22.8  22.7  22.7  22.7  22.8  22.9  23.1  23.2  23.3  26.9  28.9  31.7  31.5  31.7  31.9  31.7  31.8 
 23.6  23.0  23.6  23.5  23.1  22.6  22.9  23.0  23.0  22.7  22.9  23.0  22.7  22.7  22.8  22.9  22.8  22.7  22.5  22.9  23.0  22.7  23.1  23.7  26.8  29.5  31.8  31.7  31.9  31.8  31.2  31.4 
 23.3  23.2  23.5  23.6  23.0  22.8  23.2  22.9  23.0  23.0  23.1  22.9  22.6  22.5  22.7  22.8  22.8  22.8  23.0  23.0  22.7  22.8  23.5  23.7  28.8  29.8  32.0  32.0  31.7  31.9  31.4  30.8 
 23.6  23.4  23.3  23.1  22.8  22.8  23.0  23.3  23.1  23.2  23.1  22.8  22.7  22.7  22.7  22.7  22.8  22.7  22.8  22.8  22.9  22.8  23.7  26.7  30.3  31.2  32.2  32.1  31.8  32.0  31.2  30.4 
 23.1  23.4  23.4  23.2  22.7  23.1  23.1  23.1  23.8  24.1  23.1  23.0  22.8  22.8  22.9  22.7  22.8  22.7  23.0  22.8  22.9  22.8  24.9  26.9  31.3  31.3  32.3  32.4  31.9  32.0  29.5  29.4 
 23.2  23.2  23.2  23.1  23.1  22.9  23.3  23.4  25.4  26.8  24.1  23.5  22.8  22.7  22.7  22.9  22.7  22.8  23.1  23.0  22.9  23.0  24.9  27.1  31.0  31.8  32.7  32.8  32.1  31.3  27.9  26.9 
 23.3  23.2  23.3  23.0  23.1  23.0  23.5  23.4  26.1  27.8  24.6  23.2  22.8  22.8  22.8  22.8  22.9  22.7  22.9  22.9  22.8  23.0  24.8  26.6  31.2  31.8  32.8  32.8  32.1  31.3  27.2  25.7 
 23.6  23.2  23.3  23.1  23.0  22.9  23.2  23.2  23.4  23.6  23.4  23.0  22.8  22.7  22.8  22.8  22.7  22.8  22.9  23.0  23.0  22.9  25.4  28.5  31.8  32.0  32.6  33.2  32.3  30.6  26.8  26.4 
 23.6  23.5  23.4  23.3  23.1  23.1  23.2  22.9  23.1  23.1  23.0  22.9  22.9  22.5  22.9  22.8  22.9  22.9  23.0  23.0  23.0  23.0  27.5  29.2  32.2  32.4  32.9  33.0  32.1  30.6  27.1  26.5 
 24.0  24.0  24.0  23.7  23.6  23.4  23.2  23.1  23.0  23.0  22.8  22.8  22.9  22.6  22.8  22.9  22.9  22.9  23.0  22.9  22.9  23.4  28.4  30.8  32.3  32.5  33.1  33.2  32.3  30.6  27.0  26.4 
 23.8  23.8  24.0  24.2  24.0  24.1  23.5  23.3  23.2  22.9  22.9  22.9  22.8  22.8  22.9  22.9  22.9  22.8  22.9  22.9  22.9  23.3  28.8 nan  32.4  32.3  33.1  33.5  32.1  30.3  26.8  26.6 
 24.5  24.5  25.2  25.6  26.6  26.6  29.3  29.8  28.0  26.1  23.3  23.2  22.9  22.7  22.9  22.9  22.9  22.8  22.9  22.8  23.0  22.9  27.2  29.8  32.2  32.5  33.2  33.1  31.6  29.4  26.3  26.2 
 24.7  25.0  25.8  25.8  27.8  29.0  37.0  42.5  45.2  39.7  24.1  23.2  22.9  22.8  23.0  22.9  22.8  22.6  22.9  22.9  22.9  22.8  26.9  28.7  32.0  32.3  33.1  32.9  30.5  28.6  26.1  25.9 
 25.2  25.1  26.7  27.3  30.1  32.8  52.0  60.7  71.5  68.2  34.4  25.9  22.8  22.8  22.8  22.8  22.9  22.7  22.9  23.0  22.8  22.8  24.9  27.6  30.2  30.4  30.0  29.1  26.9  25.9  25.1  25.2 
 25.4  25.5  26.8  27.4  30.5  33.5  52.8  61.3  76.6  76.3  39.1  26.7  22.9  23.0  22.9  22.8  22.9  22.7  22.9  22.9  22.9  22.7  24.0  25.0  27.0  27.1  26.9  26.7  25.8  25.4  25.1  25.2 
 25.3  25.6  26.9  27.2  30.0  32.1  46.0  55.6  78.7  78.9  34.2  25.5  23.0  22.9  22.9  22.8  22.9  22.8  23.1  23.0  23.1  22.9  23.1  23.3  23.9  24.0  24.2  24.7  24.4  24.6  24.8  25.0 
 25.3  25.5  26.6  27.0  29.0  30.4  39.1  45.3  61.3  58.6  28.0  24.5  23.1  22.9  23.0  22.9  22.9  22.9  23.1  23.2  22.9  22.9  23.1  23.2  23.5  23.5  24.2  24.3  24.2  24.4  25.0  24.6 
 25.8  25.6  26.3  26.9  27.4  27.4  29.6  31.0  32.5  30.6  24.6  23.7  22.9  22.9  23.1  23.1  23.0  23.0  23.0  23.2  23.1  22.9  23.1  23.5  23.3  23.6  23.7  24.0  24.3  24.0  24.2  25.1 
 25.5  25.9  26.3  26.6  26.6  26.8  28.1  28.1  28.3  27.4  24.1  23.4  23.1  23.0  23.1  23.2  23.1  22.9  23.3  23.0  23.0  23.1  23.2  23.2  23.2  23.3  23.9  23.8  23.9  24.1  24.8  24.9 
 25.9  25.5  25.9  26.1  25.9  26.1  26.4  26.0  26.0  25.4  23.8  23.6  23.2  22.9  23.1  23.4  23.0  23.0  23.0  23.3  23.0  23.2  23.3  23.4  23.4  23.2  23.7  23.9  24.1  24.1  24.9  25.4 
 25.8  25.6  26.0  26.1  25.8  25.7  26.1  25.7  25.3  24.8  23.9  23.8  23.3  23.1  23.4  23.3  23.1  22.9  23.1  23.2  23.1  23.2  23.4  23.3  23.5  23.3  23.7  24.0  24.4  24.8  26.0  26.7 
 26.6  25.7  25.5  25.5  25.6  25.1  25.3  25.2  24.7  24.5  24.0  23.8  23.8  23.4  23.2  23.3  23.5  22.9  23.2  23.4  23.3  23.1  23.4  23.6  23.7  23.6  24.7  25.0  25.5  25.2  26.8  27.7 
 26.7  26.2  25.5  25.7  25.2  25.2  25.2  25.2  24.3  24.4  24.1  24.0  23.5  23.4  23.4  23.2  23.4  23.2  23.5  23.1  23.4  23.3  23.6  23.9  23.9  24.4  25.5  25.8  25.6  25.6  27.6  28.1 
