 24.3  23.7  24.1  24.2  23.8  23.6  23.8  23.6  23.3  23.1  23.5  23.5  22.9  23.0  23.2  23.3  22.8  22.9  23.3  23.2  23.1  23.2  23.3  23.5  23.1  23.1  23.4  23.8  23.5  23.4  24.9  25.5 
 24.0  23.5  24.1  24.3  23.5  23.4  23.4  23.8  23.4  23.2  23.6  23.7  23.0  22.8  23.3  23.4  23.1  22.9  23.4  23.4  23.3  22.6  23.4  23.6  23.1  23.1  23.6  23.7  23.4  23.7  24.9  25.3 
 23.8  23.4  24.2  23.8  23.3  23.0  23.7  23.5  23.3  23.2  23.5  23.5  23.1  23.0  23.3  23.1  23.0  23.0  23.1  23.1  22.9  22.9  23.2  23.2  23.2  22.9  23.6  23.5  23.5  23.7  24.4  24.2 
 23.7  23.8  23.8  24.2  23.2  23.0  23.5  23.5  23.4  23.2  23.6  23.5  23.0  22.8  23.0  23.2  22.9  22.8  23.1  23.2  23.0  22.8  23.1  23.3  23.1  22.9  23.6  23.7  23.8  24.0  24.3  24.4 
 23.7  23.2  23.6  23.5  23.1  23.1  23.4  23.4  23.6  23.9  24.5  23.7  23.2  23.0  23.3  23.0  22.9  22.8  23.2  22.9  22.9  22.8  23.1  23.2  23.0  23.0  23.6  23.5  23.8  24.1  24.1  24.1 
 23.5  23.3  23.5  23.7  23.1  23.0  23.4  23.6  23.7  24.6  26.3  24.8  23.1  22.9  22.9  23.3  23.0  22.9  23.1  23.0  23.0  22.8  23.0  23.3  23.1  23.1  23.1  23.6  23.3  23.3  24.1  24.0 
 23.5  23.5  23.7  23.4  23.0  23.0  23.4  23.4  24.2  25.2  28.1  25.5  22.9  22.9  23.1  23.2  22.9  22.9  23.1  23.1  22.9  23.0  23.2  23.3  23.0  22.9  23.4  23.3  23.4  23.1  23.6  23.7 
 23.7  23.2  23.6  23.7  23.1  22.8  23.4  23.5  23.5  23.7  24.9  24.1  23.0  22.7  23.2  23.1  22.8  22.9  22.9  23.0  22.9  22.7  23.4  23.3  23.3  22.9  23.3  23.4  23.2  23.0  23.4  22.8 
 23.9  23.7  23.6  23.4  23.2  23.3  23.5  23.2  23.1  22.9  23.4  23.1  22.9  22.9  23.2  23.1  22.9  22.9  23.1  23.0  22.9  22.7  23.1  23.1  22.9  23.0  23.3  23.3  23.2  22.7  23.5  23.5 
 23.9  23.2  23.7  24.0  23.6  23.3  23.4  23.6  23.0  22.9  23.1  23.3  22.9  22.8  23.0  23.2  22.8  22.9  23.1  23.1  22.9  22.8  23.1  23.3  23.1  23.0  23.3  23.4  23.3  23.0  23.8  23.7 
 24.7  24.6  24.9  25.1  24.7  24.4  24.2  23.8  23.0  23.0  23.3  23.2  22.9  22.9  23.2  23.1  22.9  22.7  23.1  22.9  22.9  22.8  23.2  22.9  23.0  22.8  23.3  23.1  23.2  23.1  23.7  23.3 
 24.4  24.8  25.6  25.7  25.8  25.8  25.3  24.7  23.4  23.2  23.2  23.3  22.9  22.8  23.1  23.2  22.8  23.0  23.1  23.1  22.8  22.8  22.9 nan  23.0  22.8  23.2  23.6  23.1  23.3  23.5  23.9 
 25.6  25.3  26.8  27.0  28.5  29.9  38.1  42.1  39.9  33.9  23.8  23.5  23.1  23.0  23.2  23.2  23.0  22.8  23.1  23.1  23.0  22.7  23.2  23.2  23.1  22.8  23.5  23.3  23.2  23.3  23.9  23.9 
 25.7  26.0  27.2  28.1  30.3  32.9  47.8  54.5  58.8  51.8  25.0  23.9  23.0  22.8  23.0  23.2  22.9  22.8  23.1  23.2  23.0  22.7  23.1  23.2  23.1  23.0  24.3  24.5  23.8  23.3  23.7  24.1 
 26.2  26.2  28.0  28.7  32.9  36.7  57.7  66.7  77.8  73.6  30.9  25.0  23.1  23.2  23.2  23.1  23.0  23.0  23.3  23.3  23.0  22.8  23.3  23.0  23.1  23.1  25.9  25.5  23.6  23.3  24.0  23.7 
 26.1  26.4  27.9  29.1  32.8  37.1  57.3  69.0  87.3  82.2  30.7  25.0  23.3  23.1  23.1  23.3  23.0  22.9  23.3  23.3  22.9  22.9  23.1  23.3  23.0  22.8  24.5  24.9  23.4  23.6  23.8  23.8 
 26.1  26.1  28.0  28.3  30.4  31.8  45.8  55.7  67.8  57.4  25.8  23.9  23.3  23.0  23.3  23.2  23.0  22.9  23.2  23.3  22.9  22.8  23.2  23.1  23.0  22.8  23.5  23.4  23.4  23.4  24.1  24.1 
 26.4  26.4  27.0  27.8  28.8  29.7  37.7  43.1  46.5  39.2  24.5  23.8  23.3  23.2  23.3  23.5  23.1  22.9  23.1  23.2  22.9  22.9  23.3  23.2  23.2  22.9  23.3  23.7  23.6  23.3  23.9  24.5 
 26.2  26.2  27.0  26.9  27.3  27.6  29.3  29.7  28.3  26.3  24.1  23.9  23.2  23.3  23.4  23.4  23.3  23.1  23.3  23.2  23.0  23.0  23.3  23.3  23.2  22.9  23.5  23.3  23.3  23.5  24.3  24.2 
 25.9  26.3  26.7  26.9  26.7  26.7  28.0  27.9  26.6  25.5  23.9  23.8  23.3  23.2  23.4  23.5  23.2  23.1  23.3  23.4  22.9  23.1  23.6  23.6  23.0  23.0  23.4  23.7  23.6  23.6  24.1  24.7 
 26.2  25.9  26.8  26.5  26.3  26.0  26.5  26.2  25.3  24.6  24.2  23.8  23.4  23.5  23.7  23.6  23.3  23.0  23.4  23.4  23.3  23.0  23.6  23.5  23.5  23.1  24.0  23.9  23.7  23.6  24.7  25.0 
 26.3  26.0  26.4  26.5  25.9  25.6  26.0  26.0  24.9  24.5  24.0  24.1  23.6  23.2  23.4  23.9  23.5  23.1  23.5  23.6  23.1  23.1  23.7  23.7  23.3  23.4  23.7  24.1  23.8  23.5  24.9  25.9 
 26.7  26.2  26.3  26.3  26.0  25.2  25.7  25.2  24.5  24.2  24.3  24.2  23.6  23.3  23.8  23.8  23.6  23.4  23.8  23.6  23.5  23.3  23.8  23.9  23.6  23.4  24.2  24.6  24.2  24.3  27.2  27.3 
 27.4  26.4  25.9  26.4  25.3  25.3  25.3  25.3  24.3  24.2  24.2  24.3  23.6  23.5  23.7  23.9  23.3  23.3  23.7  23.7  23.5  23.5  23.9  24.0  23.8  23.6  24.6  25.3  25.0  24.8  27.2  27.7 
