 24.3  23.9  24.0  24.0  23.6  23.6  23.5  23.3  23.1  23.4  23.5  23.4  22.9  23.2  23.1  23.3  22.9  23.2  23.3  23.2  22.8  23.2  23.2  23.3  23.1  23.2  23.3  23.6  23.7  24.0  24.7  25.5 
 24.2  23.7  23.8  23.6  23.5  23.4  23.5  23.3  23.4  23.1  23.6  23.3  23.3  23.0  23.2  23.1  23.1  22.9  23.3  23.1  23.2  22.8  23.4  23.2  23.1  23.1  23.4  23.5  23.6  23.5  24.7  25.0 
 23.7  24.1  23.9  23.6  23.4  23.3  23.2  23.4  23.3  23.4  23.3  23.7  23.0  23.0  23.1  23.1  22.9  23.1  22.9  23.1  22.8  23.0  23.1  23.2  23.1  23.3  23.3  23.5  23.1  23.7  23.8  24.4 
 23.9  23.3  24.1  23.5  23.4  23.0  23.5  23.3  23.2  23.1  23.8  23.2  23.0  22.8  23.2  23.1  23.2  22.7  23.1  23.0  22.9  22.9  23.2  23.2  23.1  22.9  23.5  23.3  24.0  24.1  24.1  24.2 
 23.7  23.8  23.4  23.5  23.0  23.2  23.1  23.3  23.6  23.8  24.4  23.8  23.1  23.0  22.9  23.0  22.9  23.0  22.9  22.9  22.9  23.0  22.9  23.2  23.1  23.2  23.3  23.4  23.7  24.1  23.7  23.9 
 23.7  23.3  23.4  23.3  23.4  23.2  23.6  23.2  24.1  24.6  26.2  24.5  23.2  22.8  23.0  22.9  23.0  22.8  23.0  23.0  23.0  22.7  23.1  23.2  23.2  22.9  23.1  23.4  23.3  23.3  23.8  23.5 
 23.5  23.5  23.4  23.6  23.1  23.1  23.2  23.4  24.2  25.5  28.0  25.3  23.1  23.0  23.0  23.1  22.7  22.9  22.9  23.0  22.9  23.0  23.2  23.1  23.0  22.9  23.3  23.3  23.2  23.4  23.3  23.1 
 23.6  23.2  23.5  23.4  23.2  22.9  23.4  23.1  23.5  23.8  24.8  23.8  23.1  22.9  23.1  23.0  22.9  22.8  23.1  22.9  22.9  22.9  23.2  23.2  23.2  22.9  23.3  23.0  23.2  23.1  23.5  22.5 
 23.6  23.7  23.6  23.4  23.0  23.1  23.1  23.3  23.0  23.1  23.0  23.1  22.8  23.0  23.0  23.1  22.9  22.9  23.1  22.9  23.0  22.9  23.1  23.0  23.0  23.2  23.2  23.3  23.2  23.2  23.3  23.6 
 23.8  23.5  23.8  23.6  23.7  23.1  23.4  23.2  23.2  23.0  23.2  23.2  23.0  22.8  23.0  23.0  22.9  22.7  23.1  23.1  23.0  22.7  23.1  23.0  22.9  22.8  23.3  23.1  23.2  23.1  23.7  23.6 
 24.6  24.9  24.8  24.9  24.8  24.7  23.7  23.6  23.0  23.1  23.1  23.1  22.9  23.1  23.1  23.1  22.8  23.0  22.9  23.0  23.0  22.8  22.7  23.0  22.9  23.0  22.9  23.1  23.2  23.5  23.4  23.8 
 24.8  24.7  25.6  25.6  25.8  25.7  25.3  24.4  23.3  23.1  23.4  23.2  23.0  22.9  22.9  23.1  22.9  22.9  23.2  23.0  23.0  22.8  23.1 nan  22.8  22.6  23.0  23.1  23.7  23.0  23.6  23.4 
 25.6  25.3  26.4  27.2  28.8  29.8  38.1  42.0  39.8  34.0  23.5  23.4  23.0  23.0  23.1  23.1  23.1  23.2  23.2  23.1  22.9  22.9  23.0  23.2  23.0  23.1  23.3  23.5  23.3  23.6  23.5  23.6 
 25.7  25.8  27.0  27.7  30.2  32.7  47.8  54.4  58.8  51.6  25.0  23.6  23.2  23.0  23.0  23.1  23.0  22.9  22.9  23.0  23.0  23.0  23.1  23.2  23.3  23.1  24.5  24.5  23.5  23.6  23.4  23.6 
 25.9  26.8  27.6  28.7  32.6  36.8  57.6  66.5  77.7  73.5  30.7  24.8  23.1  23.2  23.2  23.2  23.1  23.1  23.2  23.1  22.8  22.9  23.0  23.0  22.9  23.4  25.4  25.6  23.8  23.5  23.5  23.7 
 26.3  26.2  27.8  28.6  32.9  37.1  57.3  68.8  87.4  82.3  30.6  24.9  23.3  23.0  23.1  23.0  23.0  22.9  23.2  23.0  22.8  23.0  23.0  23.0  23.1  23.0  24.4  24.8  23.7  23.2  24.0  23.8 
 26.1  26.6  27.4  28.4  30.4  32.2  45.6  55.7  67.9  57.4  25.6  24.0  23.3  23.3  23.0  23.0  22.9  23.2  23.0  23.2  23.2  22.8  23.2  23.0  23.0  22.9  23.5  23.6  23.5  23.4  23.7  23.6 
 26.4  26.1  27.5  27.6  28.8  29.6  37.8  42.9  46.4  39.3  24.4  23.8  23.3  23.2  23.4  23.1  23.2  23.0  23.3  23.2  23.0  22.9  23.1  23.1  23.3  22.9  23.5  23.4  23.4  23.5  24.1  23.8 
 26.1  26.5  26.7  27.1  27.3  27.7  28.8  29.6  28.3  26.5  24.0  23.8  23.3  23.3  23.3  23.5  23.2  23.3  23.2  23.2  23.2  23.0  23.2  23.3  23.1  23.0  23.5  23.3  23.8  23.7  23.7  24.2 
 26.3  26.2  26.7  26.6  26.9  27.0  27.7  27.8  26.9  25.5  23.9  23.7  23.4  23.3  23.5  23.2  23.4  23.1  23.4  23.2  23.1  23.1  23.3  23.3  23.3  23.1  23.5  23.4  23.4  23.7  24.1  24.3 
 26.2  25.9  26.1  26.5  26.2  26.1  26.1  26.2  25.3  24.6  23.9  23.8  23.4  23.5  23.3  23.5  23.3  23.2  23.3  23.2  23.2  23.1  23.5  23.4  23.4  23.4  23.7  23.6  23.7  23.7  24.0  25.0 
 25.9  26.0  26.4  26.2  26.1  25.7  26.0  25.8  24.8  24.5  24.1  24.0  23.6  23.4  23.5  23.6  23.6  23.2  23.4  23.5  23.1  23.3  23.7  23.6  23.3  23.2  23.7  23.6  24.0  23.4  25.2  25.6 
 27.3  26.6  25.8  26.1  25.9  25.5  25.3  25.2  24.5  24.5  23.9  24.1  23.8  23.6  23.4  23.7  23.7  23.6  23.3  23.6  23.5  23.6  23.8  23.5  23.7  23.7  24.0  24.3  24.6  24.3  26.5  26.8 
 27.5  26.4  26.4  26.0  25.5  25.3  25.2  25.0  24.4  24.2  24.2  23.9  23.8  23.6  23.7  23.5  23.5  23.5  23.6  23.7  23.6  23.5  23.7  23.4  23.8  23.5  24.8  24.9  25.0  24.6  26.4  28.6 
