 23.2  22.6  23.2  22.9  22.6  22.5  22.4  22.6  22.3  22.2  22.4  22.7  22.0  21.9  22.4  22.6  22.2  22.0  22.5  22.7  22.1  22.2  22.6  22.8  22.4  22.6  23.3  23.6  23.1  23.0  23.9  24.4 
 23.3  22.6  23.2  23.3  22.5  22.3  22.4  22.6  22.4  22.1  22.6  22.5  22.3  22.1  22.6  22.4  22.1  22.2  22.5  22.5  22.4  22.2  22.7  22.7  22.4  22.4  23.2  24.2  23.6  23.3  23.7  24.5 
 22.9  22.5  23.1  23.0  22.6  22.2  22.6  22.6  22.6  22.4  22.5  22.6  21.9  22.3  22.5  22.4  22.3  22.1  22.5  22.3  22.1  22.0  22.6  22.5  22.4  22.3  22.7  23.0  22.9  22.7  23.3  23.7 
 23.1  22.8  23.0  22.7  22.4  22.1  22.7  22.8  22.5  22.4  22.7  22.5  22.0  22.1  22.5  22.5  22.3  22.0  22.5  22.4  22.2  22.1  22.7  22.6  22.3  22.6  22.9  22.8  22.3  22.6  23.1  23.5 
 22.8  22.9  22.9  23.1  22.3  22.4  22.6  22.6  22.9  22.9  22.7  22.8  22.2  22.2  22.3  22.4  22.0  22.1  22.3  22.4  22.3  22.0  22.5  22.6  22.6  22.2  22.8  22.8  22.6  22.5  23.2  23.3 
 22.7  22.7  22.9  22.6  22.4  22.4  22.9  22.9  23.4  23.6  23.0  22.8  22.5  22.2  22.4  22.4  22.1  22.1  22.4  22.4  22.2  22.2  22.5  22.6  22.6  22.2  22.8  22.9  22.4  22.5  23.3  23.2 
 22.4  22.5  22.9  23.1  22.4  22.4  22.9  23.1  24.9  26.1  24.0  23.0  22.2  22.2  22.4  22.5  22.2  22.2  22.6  22.2  22.3  22.3  22.6  22.8  22.3  22.3  22.7  22.8  22.8  22.2  23.2  22.8 
 22.7  22.8  22.7  22.8  22.4  22.4  23.1  23.3  25.5  26.9  24.3  23.0  22.4  22.2  22.4  22.4  22.3  22.1  22.5  22.2  22.3  22.2  22.5  22.7  22.4  22.1  22.8  22.8  22.7  22.5  22.8  22.1 
 23.4  22.8  22.8  23.1  22.5  22.7  22.8  23.0  22.9  23.1  22.9  22.8  22.4  22.3  22.4  22.6  22.2  22.3  22.5  22.5  22.3  22.2  22.6  22.5  22.3  22.4  22.8  22.8  22.4  22.7  22.9  23.2 
 23.1  22.9  23.2  23.2  22.9  22.6  22.9  22.8  22.7  22.6  22.5  22.6  22.4  22.1  22.3  22.3  22.2  22.3  22.4  22.5  22.3  22.3  22.5  22.6  22.5  22.4  22.9  23.1  22.7  22.5  23.4  23.1 
 23.6  23.7  23.9  23.8  23.6  23.3  23.2  23.0  22.6  22.6  22.6  22.7  22.3  22.1  22.6  22.6  22.5  22.3  22.4  22.4  22.4  22.2  22.6  22.6  22.5  22.1  23.2  23.7  23.4  22.7  23.1  22.9 
 23.4  23.2  24.0  24.0  24.5  24.2  24.0  23.4  22.8  22.5  22.7  22.7  22.4  22.2  22.4  22.5  22.4  22.3  22.5  22.5  22.4  22.3  22.6 nan  22.3  22.2  24.0  24.8  23.6  22.8  22.9  23.2 
 24.2  24.2  25.1  25.6  26.7  27.4  32.5  34.9  32.8  29.1  23.1  22.8  22.5  22.3  22.6  22.6  22.5  22.3  22.6  22.5  22.3  22.2  22.6  22.6  22.4  22.4  23.9  24.3  23.1  22.8  23.0  23.0 
 24.8  24.5  25.8  26.2  28.2  29.9  41.4  48.8  53.2  47.1  24.5  23.2  22.6  22.4  22.6  22.6  22.4  22.3  22.5  22.5  22.4  22.3  22.6  22.6  22.5  22.4  22.9  23.0  23.2  22.5  23.2  23.3 
 24.9  25.1  26.4  27.2  30.4  33.8  54.5  63.0  74.3  71.0  34.4  25.3  22.4  22.4  22.6  22.7  22.6  22.4  22.7  22.6  22.3  22.3  22.6  22.6  22.4  22.3  22.7  22.6  22.6  22.6  23.5  23.2 
 25.0  24.9  26.7  27.3  30.6  33.9  53.2  62.5  78.2  78.9  36.7  25.7  22.7  22.5  22.6  22.6  22.4  22.3  22.6  22.6  22.5  22.3  22.7  22.7  22.6  22.3  22.8  22.8  22.4  22.6  23.4  23.2 
 25.0  25.2  26.3  26.8  29.2  31.3  44.0  53.3  72.8  69.7  29.8  24.1  22.5  22.5  22.7  22.7  22.4  22.3  22.6  22.7  22.4  22.3  22.8  22.8  22.6  22.3  23.0  22.9  22.8  22.7  23.4  23.4 
 25.3  25.1  26.2  26.5  28.3  29.3  36.7  42.1  53.9  49.3  25.5  23.5  22.6  22.6  22.7  22.5  22.2  22.2  22.6  22.6  22.3  22.2  22.6  22.8  22.6  22.3  22.8  22.9  22.8  22.4  23.4  23.1 
 25.3  25.4  26.3  26.4  26.6  26.8  28.6  29.4  29.5  28.0  23.7  23.2  22.5  22.4  22.8  22.6  22.5  22.3  22.6  22.8  22.4  22.2  22.7  22.7  22.8  22.4  22.9  23.2  22.8  22.7  23.1  23.5 
 25.1  25.2  25.9  26.0  26.0  25.9  27.3  27.4  26.8  25.7  23.4  23.1  22.6  22.5  22.8  22.7  22.5  22.4  22.7  22.5  22.5  22.4  22.6  22.7  22.3  22.5  23.0  23.0  22.7  23.1  23.7  23.9 
 25.0  25.0  25.6  25.7  25.4  25.1  25.5  25.8  25.0  24.3  23.5  23.4  22.7  22.5  22.8  23.1  22.4  22.4  22.7  22.8  22.7  22.4  23.0  23.0  22.8  22.8  23.2  23.3  23.4  23.7  24.9  25.1 
 25.1  24.7  25.5  25.2  25.2  25.1  25.1  25.2  24.5  23.8  23.5  23.2  22.7  22.6  22.9  23.1  22.6  22.4  23.0  23.0  22.5  22.8  22.9  23.0  22.7  22.6  23.1  23.5  24.2  24.7  25.5  25.9 
 25.8  25.0  25.2  25.4  24.6  24.2  24.9  24.6  23.8  23.8  23.5  23.5  22.9  22.8  22.9  23.0  22.8  22.7  23.1  23.0  22.8  22.8  23.0  23.3  23.1  23.4  25.0  25.3  25.6  25.4  27.0  26.3 
 26.2  25.4  25.3  25.1  24.7  24.3  24.6  24.7  23.8  23.6  23.3  23.6  23.1  22.8  23.0  23.1  22.6  22.7  23.0  22.9  22.8  22.7  23.4  23.7  23.9  24.3  26.0  26.1  26.1  25.4  26.3  27.0 
