 24.5  23.5  24.0  23.8  23.7  23.3  23.4  23.2  23.3  22.8  23.4  23.4  23.1  22.7  23.2  23.3  23.1  22.7  23.3  23.1  23.0  22.7  23.2  23.3  23.0  22.6  23.3  23.4  23.5  23.1  24.7  25.5 
 23.6  23.9  23.8  23.8  23.2  23.2  23.4  23.6  22.9  23.1  23.2  23.3  22.8  23.0  23.2  23.1  22.8  22.7  23.3  23.3  22.9  22.9  23.2  23.2  22.9  23.2  23.6  23.2  23.2  23.5  24.7  24.8 
 24.0  23.3  23.7  23.6  23.4  22.5  23.4  23.4  23.3  22.8  23.3  23.4  23.1  22.6  23.2  23.2  23.0  22.7  22.9  23.1  23.0  22.7  23.1  22.9  23.2  22.9  23.5  23.2  23.6  23.6  23.8  24.0 
 23.4  23.5  23.6  23.7  23.0  22.9  23.3  23.4  22.9  23.3  23.7  23.2  22.8  23.0  23.1  22.9  22.9  22.8  23.1  22.9  22.8  22.9  23.2  23.2  22.6  23.0  23.4  23.3  23.4  24.3  23.9  23.8 
 23.7  23.2  23.6  23.2  23.1  22.8  23.3  23.4  23.5  23.6  24.4  23.5  23.0  22.6  23.1  22.9  22.9  22.5  23.0  22.9  22.7  22.6  23.1  23.1  23.0  22.5  23.2  23.5  23.7  23.8  23.7  23.9 
 23.3  23.3  23.5  23.3  22.8  23.0  23.4  23.2  23.8  24.6  26.3  24.5  22.7  22.9  23.1  23.0  22.5  22.8  23.1  23.2  22.5  22.9  23.1  23.1  23.1  22.9  23.0  23.1  23.3  23.2  24.0  23.6 
 23.5  23.2  23.3  23.3  23.0  22.8  23.4  23.5  24.2  25.2  28.1  25.4  23.0  22.6  22.9  23.1  22.7  22.6  22.9  22.9  23.1  22.6  23.1  23.2  23.1  22.5  23.1  23.2  23.1  22.8  23.6  23.5 
 23.6  23.7  23.2  23.5  23.1  23.1  23.3  23.3  23.2  23.8  24.7  23.7  22.8  22.7  23.0  22.8  22.7  22.8  22.8  22.8  22.7  23.1  23.2  23.2  22.7  22.8  23.3  23.2  22.9  23.1  23.2  22.8 
 23.9  22.9  23.6  23.5  23.2  22.8  23.2  23.3  23.0  22.7  23.2  23.0  22.9  22.6  23.0  22.9  22.8  22.6  22.9  22.9  23.1  22.6  23.0  23.2  22.9  22.7  23.2  23.1  22.9  22.8  23.2  23.3 
 23.2  23.5  24.0  23.7  23.3  23.2  23.2  23.2  22.9  22.9  23.1  23.0  22.6  22.9  23.1  23.0  22.5  22.8  23.0  22.9  22.8  22.7  23.1  23.0  23.0  23.0  23.3  23.3  22.8  23.1  23.5  23.4 
 25.0  24.0  24.8  24.9  24.7  24.4  23.9  23.8  23.2  22.9  23.1  22.9  22.8  22.8  22.9  23.0  23.1  22.6  22.8  22.9  22.9  22.6  23.0  23.1  22.8  22.7  23.1  23.3  23.2  22.7  23.5  23.5 
 24.4  24.7  25.2  25.6  25.6  25.7  25.3  24.6  23.3  23.3  23.1  23.2  22.9  23.0  22.9  23.0  22.6  22.8  22.8  22.9  22.6  22.9  23.0 nan  22.7  22.8  23.0  23.1  22.9  22.8  23.5  23.7 
 25.7  25.0  26.4  27.0  28.6  29.3  38.0  42.0  39.9  33.7  23.8  23.3  23.2  22.7  23.1  23.2  23.0  22.7  23.0  23.0  22.9  22.5  23.0  23.1  23.0  22.6  23.4  23.6  23.2  22.9  23.7  23.6 
 25.6  25.8  27.1  27.6  30.0  32.8  47.7  54.3  58.6  51.7  25.0  23.8  22.9  23.2  23.0  23.0  22.9  23.0  23.1  23.1  22.6  22.7  23.0  22.9  22.9  22.7  24.2  24.5  23.4  23.3  23.6  23.6 
 26.0  26.1  27.9  28.7  32.8  36.6  57.8  66.5  77.6  73.4  30.7  24.9  23.0  22.9  23.1  23.1  23.2  22.7  23.2  23.0  22.9  22.5  23.1  23.1  22.9  22.8  25.7  25.6  23.4  22.9  23.5  23.8 
 25.7  26.1  27.9  28.6  32.7  37.0  57.2  68.8  87.1  82.3  30.7  24.9  23.2  23.1  23.0  23.0  22.9  23.0  23.0  23.1  22.7  22.9  23.0  23.1  22.7  22.9  24.4  24.8  23.2  23.5  23.8  23.7 
 26.1  26.0  27.6  28.0  30.4  31.8  45.7  55.6  67.9  57.3  25.6  23.9  23.3  22.9  23.2  23.0  23.1  22.7  23.1  23.1  23.0  22.7  23.2  23.0  22.9  22.5  23.2  23.6  23.1  23.1  23.5  23.7 
 25.7  26.3  27.4  27.5  28.6  29.8  37.7  42.9  46.4  39.2  24.4  23.7  23.0  23.2  23.2  23.2  22.8  23.0  23.1  23.2  22.9  22.9  23.1  22.9  22.8  22.9  23.2  23.2  23.2  23.3  23.9  24.0 
 26.2  25.7  26.7  27.0  27.3  27.3  29.0  29.5  28.3  26.2  23.9  23.7  23.4  22.9  23.3  23.3  23.3  22.9  23.2  23.3  23.2  22.8  23.2  23.3  23.2  22.9  23.2  23.4  23.8  22.9  23.9  24.2 
 26.1  26.2  26.5  26.8  26.7  26.7  27.6  27.5  26.4  25.4  23.8  23.9  23.3  23.3  23.3  23.2  23.0  23.0  23.4  23.2  22.9  23.1  23.3  23.2  22.9  23.2  23.4  23.4  23.3  23.7  24.1  24.3 
 26.2  25.6  26.3  26.2  26.2  25.8  26.2  26.2  25.3  24.3  23.9  23.8  23.5  23.1  23.3  23.6  23.3  23.0  23.3  23.3  23.1  22.8  23.4  23.3  23.6  22.8  23.8  23.9  23.5  23.2  23.8  24.7 
 25.7  26.0  26.3  26.2  25.8  25.8  25.7  25.8  24.4  24.5  23.9  23.8  23.2  23.3  23.5  23.4  23.0  23.3  23.4  23.6  22.9  23.1  23.6  23.4  22.9  23.3  23.7  23.6  23.3  23.8  24.9  25.0 
 27.0  25.7  25.8  25.9  25.9  25.0  25.2  25.5  24.6  24.1  24.2  24.0  23.6  23.2  23.6  23.7  23.4  23.0  23.5  23.6  23.5  23.2  23.8  23.7  23.4  23.3  23.9  24.5  24.4  23.7  26.1  27.3 
 26.8  26.6  25.9  25.8  24.8  25.2  25.2  25.0  24.2  24.2  24.1  24.2  23.4  23.7  23.8  23.5  23.3  23.6  23.7  23.7  23.2  23.5  23.7  23.7  23.2  23.5  24.5  25.1  24.8  25.1  26.3  26.7 
