 24.1  23.7  24.0  24.0  23.5  23.5  23.7  23.6  23.3  23.1  23.5  23.5  23.2  22.9  23.2  23.2  23.0  22.8  23.3  23.3  23.1  22.7  23.5  23.5  23.1  23.1  23.4  23.8  23.5  23.6  24.9  25.8 
 23.8  23.3  24.1  24.1  23.8  23.4  23.4  23.4  23.3  23.2  23.4  23.3  23.1  23.0  23.4  23.0  22.9  22.8  23.3  23.3  22.9  22.9  23.2  23.5  23.1  23.3  23.6  23.5  23.2  23.7  24.7  24.8 
 23.7  23.4  23.7  23.7  23.3  22.9  23.3  23.3  23.0  23.2  23.4  23.4  23.0  23.0  23.1  23.1  22.9  22.7  23.0  23.2  23.1  22.8  23.2  23.2  23.1  23.2  23.5  23.4  23.3  23.7  24.0  24.2 
 23.5  23.5  23.9  23.9  23.0  23.0  23.5  23.6  23.4  23.3  23.6  23.3  22.8  23.0  23.1  23.2  23.0  22.8  23.1  23.0  22.9  22.8  23.1  23.3  22.8  22.9  23.5  23.6  23.5  24.1  24.1  24.2 
 23.3  23.6  23.6  23.7  23.0  22.9  23.3  23.6  23.6  23.8  24.4  23.8  22.9  22.7  23.2  23.0  22.6  22.9  23.1  23.0  22.8  22.8  23.1  23.1  23.0  23.0  23.6  23.5  23.4  23.9  24.1  23.9 
 23.3  23.5  23.6  23.3  23.1  23.0  23.6  23.4  23.7  24.6  26.3  24.6  22.9  22.9  23.0  23.1  22.9  22.8  23.0  22.9  22.6  22.7  23.1  23.1  22.9  22.9  23.4  23.4  23.3  23.5  23.8  23.6 
 23.5  23.5  23.3  23.3  23.0  22.9  23.4  23.4  24.1  25.3  28.1  25.4  22.9  22.9  23.1  23.1  22.7  22.8  22.9  23.0  22.9  23.0  23.2  23.3  23.2  22.8  23.4  23.3  23.1  22.8  23.5  23.7 
 23.7  23.5  23.5  23.3  23.1  23.1  23.4  23.4  23.4  23.7  24.5  23.7  22.8  22.8  23.1  23.0  22.8  22.8  22.7  23.0  22.8  22.8  23.1  23.1  23.1  22.9  23.4  23.2  23.2  23.0  23.4  22.7 
 23.6  23.2  23.6  23.5  23.2  22.8  23.3  23.5  23.0  22.9  23.3  23.1  22.9  22.9  22.9  23.0  22.7  22.8  23.1  22.9  22.8  22.8  23.1  23.1  23.1  22.6  23.2  23.3  23.1  22.9  23.4  23.5 
 23.6  23.5  23.8  23.9  23.3  23.3  23.3  23.2  23.0  22.9  23.1  23.1  22.9  22.9  23.0  22.9  22.8  22.8  23.0  23.0  22.9  22.7  22.9  23.2  23.0  23.0  23.2  23.4  23.0  23.0  23.5  23.4 
 24.6  24.3  24.9  24.9  24.7  24.3  23.9  23.7  23.2  23.1  23.2  23.1  22.9  22.8  23.1  23.1  22.7  22.7  22.9  23.0  22.8  22.8  23.2  23.1  22.9  22.9  23.1  23.1  23.0  22.8  23.7  23.6 
 24.4  24.8  25.3  25.5  25.7  25.8  25.3  24.5  23.3  23.1  23.2  23.3  22.9  22.9  23.0  23.1  22.9  22.9  22.9  23.1  22.8  22.9  23.0 nan  22.6  22.8  23.0  23.1  23.0  23.0  23.5  23.6 
 25.6  25.2  26.4  27.0  28.4  29.8  38.3  41.9  39.8  33.9  23.7  23.3  22.9  22.8  23.2  23.0  22.9  22.9  23.2  23.2  23.0  22.8  23.0  23.2  22.9  22.9  23.3  23.6  23.5  23.0  23.7  23.9 
 25.6  25.8  27.2  27.7  30.0  32.8  47.6  54.4  58.8  51.7  25.0  23.8  23.0  23.1  23.1  23.0  22.9  22.8  23.2  23.1  22.8  22.8  23.0  22.9  23.0  23.0  24.1  24.5  23.9  23.6  23.6  23.9 
 26.1  26.2  28.1  29.0  32.7  36.6  57.8  66.5  77.5  73.3  30.9  24.9  23.2  23.0  23.1  23.0  23.0  22.8  23.1  23.3  22.9  22.7  23.1  23.1  22.8  23.0  25.8  25.6  23.6  23.2  23.5  23.7 
 26.0  26.2  27.8  28.5  32.8  36.9  57.2  69.0  87.2  82.3  30.4  25.0  23.2  23.1  23.1  23.2  22.9  22.9  23.0  23.1  22.9  23.0  23.0  23.1  22.9  22.9  24.4  24.9  23.6  23.5  23.8  23.9 
 26.1  26.1  27.7  28.2  30.1  31.9  45.6  55.6  67.8  57.3  25.8  24.0  23.2  23.0  23.2  23.2  23.1  22.8  23.1  23.2  22.8  22.8  23.0  23.1  22.9  22.8  23.4  23.6  23.6  23.1  23.7  24.3 
 26.1  26.4  27.4  27.7  28.7  29.7  37.7  43.1  46.4  39.1  24.3  23.8  23.1  23.0  23.3  23.3  23.0  22.8  23.3  23.2  22.9  23.0  23.1  23.1  23.0  22.9  23.5  23.5  23.5  23.5  23.9  24.0 
 26.1  25.8  26.9  27.0  27.4  27.6  29.1  29.5  28.4  26.4  24.0  23.7  23.3  23.3  23.5  23.3  23.1  23.0  23.1  23.3  23.1  23.0  23.5  23.2  23.4  23.0  23.3  23.6  23.7  23.5  23.7  24.4 
 25.9  26.0  26.5  26.8  26.8  26.9  27.9  27.8  26.5  25.6  23.8  23.8  23.2  23.4  23.4  23.2  23.2  23.2  23.4  23.2  22.9  23.0  23.2  23.2  23.0  23.0  23.5  23.7  23.7  23.6  24.0  24.3 
 26.2  25.9  26.6  26.7  26.2  26.1  26.3  26.2  25.4  24.5  24.1  23.8  23.5  23.2  23.5  23.5  23.3  23.2  23.4  23.3  23.2  23.0  23.5  23.5  23.5  23.2  23.7  23.6  23.7  23.5  24.3  25.0 
 26.3  25.9  26.1  26.2  25.9  25.8  26.0  26.0  24.6  24.5  23.8  23.9  23.2  23.3  23.4  23.5  23.2  23.2  23.3  23.5  23.2  23.1  23.4  23.8  23.0  23.2  23.7  24.1  23.5  23.6  25.2  25.9 
 26.8  26.0  26.2  26.1  25.6  25.3  25.5  25.5  24.7  24.1  24.2  24.1  23.6  23.6  23.7  23.8  23.7  23.4  23.9  23.5  23.5  23.2  23.8  23.8  23.3  23.3  24.0  24.6  24.4  23.7  26.1  27.3 
 27.1  26.6  26.2  26.2  25.3  25.2  25.0  25.2  24.2  24.0  24.2  24.4  23.4  23.6  23.7  23.7  23.2  23.5  23.7  23.7  23.5  23.3  23.7  23.7  23.6  23.7  24.6  25.3  24.8  25.1  26.8  27.7 
