 23.9  24.1  24.0  23.8  23.5  23.6  23.6  23.3  23.0  23.0  23.3  23.4  23.2  23.0  23.0  23.2  23.0  23.0  23.0  23.0  23.0  22.7  23.2  23.3  23.1  23.1  23.4  23.4  23.7  23.4  24.7  25.5 
 24.0  23.7  23.8  23.8  23.6  23.2  23.3  23.6  23.3  23.2  23.4  23.6  23.1  23.0  23.2  23.3  22.8  22.8  23.0  23.2  23.1  22.8  23.1  23.5  23.1  23.0  23.7  23.5  23.4  23.5  24.7  24.8 
 23.7  23.2  23.7  23.7  23.1  23.1  23.3  23.1  23.0  23.0  23.3  23.3  22.8  22.9  23.1  23.0  23.0  22.8  22.7  23.1  22.9  22.8  22.8  23.0  23.2  23.1  23.3  23.5  23.8  23.7  24.2  24.2 
 23.4  23.1  23.7  23.8  23.2  22.7  23.4  23.3  23.2  23.2  23.6  23.2  22.9  22.7  23.2  23.2  22.8  22.6  23.1  23.0  22.8  22.9  23.1  23.0  23.1  22.7  23.4  23.4  23.7  24.1  23.7  24.0 
 23.7  23.3  23.3  23.2  23.0  23.2  23.2  23.5  23.6  23.7  24.5  23.6  22.8  22.7  23.0  22.9  22.9  22.8  22.9  22.8  22.8  22.8  23.0  23.1  23.2  23.0  23.5  23.2  23.4  23.9  23.5  23.7 
 23.7  23.5  23.3  23.3  23.1  23.1  23.3  23.5  23.8  24.5  26.2  24.6  23.0  22.9  22.9  23.0  22.9  22.7  22.9  22.9  22.8  22.7  23.0  23.0  23.2  22.7  23.1  23.4  23.3  23.3  23.9  23.8 
 23.3  23.3  23.3  23.2  23.2  23.0  23.1  23.3  24.2  25.4  28.1  25.3  22.8  22.9  22.9  22.9  22.6  22.8  22.9  22.8  22.9  22.8  23.2  23.2  22.8  22.8  23.2  23.0  23.2  23.0  23.5  23.5 
 23.6  23.2  23.5  23.4  23.1  22.7  23.1  23.0  23.3  23.8  24.6  23.8  23.0  22.8  23.0  22.8  22.8  22.8  22.7  22.9  22.8  22.8  23.0  23.1  22.9  22.9  23.2  23.3  22.9  23.0  23.2  22.5 
 23.6  23.8  23.5  23.2  23.1  22.8  23.2  22.9  23.1  22.9  23.1  23.0  22.9  22.8  22.8  23.0  22.8  22.8  22.9  22.9  22.7  22.9  23.1  23.0  23.1  22.9  23.2  23.0  22.9  23.1  23.0  23.1 
 23.6  23.5  23.4  23.7  23.6  23.2  23.3  23.3  23.1  22.9  23.0  23.1  22.9  22.8  23.0  22.9  22.9  22.7  23.0  23.0  22.8  22.8  23.2  23.0  23.2  22.9  23.1  22.9  23.1  22.9  23.3  23.6 
 24.4  24.3  24.7  25.0  24.7  24.4  23.9  23.6  23.1  23.1  23.1  23.0  22.8  22.9  23.2  23.0  22.7  22.9  22.9  22.9  22.9  22.8  23.1  22.9  23.0  22.8  22.9  23.1  23.0  22.9  23.4  23.1 
 24.7  24.4  25.0  25.5  25.9  25.6  25.2  24.4  23.3  23.1  23.2  23.2  22.9  22.7  22.9  23.0  22.8  22.8  23.1  22.9  22.8  22.8  23.0 nan  22.7  22.9  23.0  23.3  22.9  22.7  23.5  23.4 
 25.4  25.3  26.4  27.0  28.7  29.7  38.1  41.8  39.6  33.9  23.5  23.1  23.0  23.0  23.1  23.1  23.0  22.8  23.1  23.0  22.8  22.7  23.0  22.9  22.9  22.7  23.4  23.2  23.3  23.3  23.4  23.6 
 25.7  25.7  27.0  27.7  30.0  32.5  47.8  54.4  58.8  51.7  24.9  23.6  23.1  22.8  22.9  23.1  22.8  22.8  23.0  23.2  22.9  22.7  23.0  23.1  23.1  22.9  24.0  24.4  23.6  23.2  23.4  23.7 
 25.9  26.2  27.8  28.6  32.8  36.6  57.6  66.5  77.6  73.4  30.7  24.9  23.2  22.9  23.0  23.0  23.0  22.9  23.1  23.0  22.8  22.5  23.1  22.9  22.9  23.0  25.8  25.4  23.4  23.3  23.6  23.7 
 26.3  25.8  27.9  28.6  32.8  36.9  57.3  68.8  87.2  82.1  30.5  25.0  23.3  23.0  23.0  23.2  22.8  22.8  23.0  23.1  22.8  22.8  23.0  23.1  22.9  22.8  24.5  24.6  23.6  23.3  23.8  23.8 
 26.2  26.3  27.4  28.0  30.1  31.9  45.5  55.6  67.8  57.3  25.6  23.9  23.3  23.1  23.2  23.2  22.9  23.0  23.1  23.1  23.0  22.8  22.9  23.1  23.0  22.8  23.3  23.4  23.4  23.3  23.9  23.6 
 26.2  26.0  27.2  27.6  28.9  29.6  37.7  42.9  46.3  39.2  24.3  23.7  23.1  23.2  23.2  23.2  22.9  22.9  23.1  23.3  23.0  22.9  23.0  23.2  23.1  22.8  23.2  23.3  23.5  23.3  23.5  24.0 
 26.1  26.1  26.9  26.9  27.3  27.7  29.0  29.4  28.3  26.4  24.0  23.5  23.2  23.1  23.3  23.2  23.3  23.0  23.2  23.2  23.3  23.0  23.1  23.3  23.0  23.0  23.3  23.4  23.3  23.5  23.7  23.6 
 26.1  26.0  26.5  26.6  26.8  26.8  27.7  27.7  26.5  25.3  23.8  23.7  23.4  23.1  23.3  23.4  23.1  23.1  23.3  23.1  22.9  22.8  23.1  23.3  23.0  22.9  23.4  23.5  23.6  23.7  23.9  24.3 
 26.0  25.9  26.3  26.2  26.2  26.2  26.2  26.3  25.4  24.4  24.1  23.8  23.4  23.1  23.3  23.5  23.1  23.0  23.3  23.2  23.1  23.0  23.4  23.5  23.3  23.2  23.7  23.4  23.6  23.4  24.3  24.7 
 26.1  25.9  26.1  26.2  25.9  25.8  25.8  26.0  25.0  24.4  24.0  23.9  23.6  23.3  23.4  23.6  23.2  23.1  23.4  23.3  23.3  23.2  23.6  23.7  23.4  23.4  23.5  23.8  23.8  23.6  24.9  25.6 
 26.7  26.2  25.8  25.9  25.6  25.5  25.3  25.0  24.5  24.1  24.0  24.0  23.6  23.4  23.4  23.6  23.4  23.1  23.4  23.2  23.5  23.3  23.6  23.6  23.6  23.5  23.9  24.3  24.2  24.1  25.8  26.4 
 27.1  26.6  26.1  26.0  25.3  24.9  25.3  25.0  24.3  24.2  23.8  24.2  23.6  23.4  23.6  23.6  23.6  23.4  23.4  23.4  23.4  23.3  23.9  23.7  23.3  23.6  24.5  25.0  24.8  24.8  27.2  27.7 
