 24.7  23.7  23.6  24.0  23.5  23.5  23.4  23.6  23.1  23.2  23.3  23.5  23.1  22.9  23.2  23.3  23.0  23.1  23.0  23.2  23.0  23.1  23.3  23.3  23.1  23.1  23.1  23.8  23.7  23.4  24.4  25.8 
 24.0  23.7  24.1  23.8  23.6  23.5  23.4  23.5  23.4  23.1  23.5  23.3  23.2  22.8  23.3  23.1  22.9  22.9  23.3  23.1  23.2  22.9  23.2  23.3  23.2  23.1  23.6  23.5  23.6  23.7  24.9  24.5 
 23.8  23.4  23.7  23.9  23.3  22.9  23.2  23.4  23.3  23.2  23.3  23.4  23.0  23.0  23.0  23.1  22.9  22.7  22.9  23.1  22.9  22.9  23.2  23.4  23.1  23.1  23.3  23.5  23.1  23.6  24.0  24.4 
 23.5  23.3  23.7  23.5  23.3  22.9  23.3  23.4  23.3  23.0  23.7  23.4  23.0  22.9  23.0  22.9  23.0  22.9  23.3  22.9  22.9  22.8  23.3  23.2  23.0  22.7  23.5  23.6  23.5  24.3  24.1  24.0 
 23.5  23.3  23.3  23.5  23.4  23.1  23.1  23.6  23.6  23.7  24.3  23.8  23.1  22.9  23.0  23.1  22.8  22.8  22.9  23.1  22.8  23.0  22.8  23.1  23.0  22.9  23.2  23.5  23.7  23.9  23.7  23.9 
 23.2  23.1  23.5  23.4  23.2  23.0  23.4  23.2  23.7  24.6  26.2  24.5  22.9  22.8  22.9  23.0  22.7  22.7  23.0  22.8  22.7  22.5  23.3  23.0  23.2  22.8  23.4  23.1  23.4  23.2  23.8  23.4 
 23.7  23.5  23.3  23.3  23.2  23.0  23.2  23.4  24.4  25.5  28.0  25.3  23.0  22.9  22.9  23.1  22.8  22.9  22.7  23.0  22.9  22.9  23.0  23.4  23.0  22.9  23.2  23.6  23.4  23.1  23.1  23.3 
 23.6  23.4  23.4  23.4  23.1  22.8  23.3  23.0  23.2  23.7  24.8  23.7  23.0  22.8  23.1  23.0  23.0  22.8  22.8  22.9  22.8  22.7  23.1  23.1  22.8  22.8  23.4  23.0  23.1  23.0  23.5  22.8 
 23.7  23.4  23.4  23.5  23.1  23.1  23.3  23.4  23.0  23.1  23.1  23.1  22.9  23.0  22.9  22.9  22.7  22.8  22.9  23.1  23.0  22.7  23.0  23.0  22.9  23.1  23.1  23.4  23.2  23.1  23.2  23.6 
 23.8  23.4  24.0  23.7  23.4  23.3  23.2  23.1  23.1  22.9  23.1  23.0  23.0  22.7  23.1  22.9  22.9  22.9  23.0  23.0  22.9  22.8  23.1  23.0  23.0  22.8  23.1  23.1  23.0  23.0  23.4  23.4 
 24.7  24.3  24.6  25.1  24.7  24.4  23.9  23.7  23.2  23.1  23.2  23.1  22.9  22.9  23.0  23.1  23.0  22.9  22.9  23.1  22.9  23.0  22.9  23.1  23.0  22.9  22.8  23.1  23.1  23.1  23.2  23.6 
 24.8  24.7  25.6  25.6  25.7  25.6  25.2  24.5  23.3  23.1  23.3  23.2  22.9  22.9  23.1  22.9  22.8  22.8  23.1  22.9  22.9  22.9  23.1 nan  22.8  22.8  22.9  23.4  23.0  22.7  23.8  23.6 
 25.6  25.3  26.3  27.2  28.8  29.8  38.1  42.1  39.7  33.7  23.7  23.5  23.0  22.9  22.8  23.1  22.9  22.8  23.1  23.0  22.8  22.8  22.8  23.1  22.8  22.9  23.3  23.5  23.4  23.3  23.5  23.7 
 25.7  25.8  27.1  27.6  30.2  32.6  47.9  54.2  58.7  51.7  25.0  23.6  22.9  22.9  23.3  23.0  23.1  22.7  23.1  22.9  23.0  22.8  23.1  23.1  23.0  22.9  24.2  24.3  23.8  23.2  23.6  23.6 
 25.7  26.2  27.9  28.7  32.7  36.8  57.6  66.5  77.6  73.5  30.8  25.0  23.1  23.0  22.9  23.2  23.0  22.9  23.1  23.2  22.8  22.8  23.0  23.0  23.0  23.2  25.8  25.7  23.6  23.3  23.3  24.0 
 26.0  26.2  27.8  28.6  32.9  37.0  57.2  68.5  87.2  82.3  30.8  24.8  23.1  22.9  23.3  23.0  22.9  22.8  23.0  23.0  23.0  23.1  23.1  23.1  23.0  22.9  24.5  24.8  23.6  23.5  23.8  23.5 
 26.1  26.4  27.5  28.3  30.4  31.9  45.7  55.6  67.8  57.2  25.5  24.1  23.2  23.1  23.1  23.2  23.0  23.0  23.1  23.1  23.0  23.0  23.0  23.0  23.0  22.9  23.2  23.7  23.4  23.6  23.7  23.8 
 26.2  26.4  27.3  27.5  28.7  29.8  37.8  42.9  46.4  39.2  24.4  23.7  23.3  23.1  23.5  23.2  23.1  22.9  23.3  23.2  22.9  22.8  23.1  23.2  23.0  22.7  23.5  23.3  23.5  23.3  24.1  23.6 
 26.2  26.2  27.0  27.1  27.2  27.6  28.9  29.7  28.2  26.6  24.0  23.9  23.3  23.3  23.3  23.3  23.2  23.0  23.1  23.3  23.1  22.9  23.3  23.3  23.2  23.1  23.2  23.6  23.8  23.4  23.9  24.2 
 26.1  25.8  26.5  26.6  26.9  26.8  27.8  27.7  26.5  25.4  24.1  23.7  23.4  23.2  23.5  23.3  23.3  23.0  23.4  23.2  23.0  22.9  23.4  23.1  23.2  23.2  23.4  23.4  23.3  23.4  24.1  24.3 
 26.0  25.7  26.1  26.4  26.2  26.0  26.3  26.4  25.4  24.5  24.0  23.8  23.3  23.3  23.3  23.7  23.3  23.2  23.3  23.4  23.0  23.0  23.4  23.5  23.3  23.2  23.5  23.8  23.7  23.7  24.2  25.6 
 26.3  25.7  26.4  26.0  25.9  25.6  25.8  25.7  24.8  24.5  24.0  23.7  23.6  23.1  23.7  23.6  23.1  23.2  23.4  23.3  23.1  22.9  23.6  23.3  23.4  23.2  23.8  23.9  23.8  23.6  24.9  25.3 
 27.0  26.4  26.0  26.1  25.7  25.5  25.5  25.2  24.5  24.1  24.0  24.0  23.7  23.4  23.5  23.7  23.6  23.2  23.5  23.6  23.3  23.2  23.4  23.8  23.3  23.1  23.7  24.5  24.2  24.3  25.8  27.3 
 27.7  26.9  26.1  26.0  25.3  25.0  25.2  25.0  24.6  24.0  24.4  24.0  23.6  23.5  23.8  23.7  23.5  23.4  23.7  23.4  23.5  23.5  23.9  23.6  23.3  23.5  24.6  25.1  25.4  25.1  27.2  27.1 
