 24.3  23.5  24.0  23.8  23.7  23.6  23.7  23.6  23.3  23.2  23.4  23.6  23.1  22.9  23.2  23.3  22.9  22.9  23.3  23.2  23.0  22.9  23.1  23.2  23.1  23.1  23.1  23.3  23.7  23.6  24.7  25.8 
 23.8  23.3  24.1  23.8  23.5  23.2  23.4  23.2  23.4  23.0  23.5  23.4  23.2  22.8  23.0  23.2  23.0  22.8  23.2  22.9  23.2  22.6  23.2  23.3  22.9  23.0  23.6  23.5  23.6  23.2  24.4  24.5 
 23.8  23.6  24.0  23.8  23.4  22.9  23.2  23.3  23.3  23.1  23.4  23.4  23.1  22.8  23.2  23.2  23.2  23.0  23.1  23.0  23.1  23.0  23.2  23.2  23.2  23.1  23.5  23.5  23.3  23.7  24.2  24.0 
 23.2  23.3  23.9  23.5  23.2  23.0  23.3  23.5  23.1  23.0  23.5  23.3  23.1  22.8  23.0  23.2  22.9  22.8  23.1  23.0  23.0  22.6  23.2  23.2  22.9  23.0  23.3  23.3  23.5  24.1  24.3  24.2 
 23.5  23.5  23.4  23.4  23.3  23.1  23.3  23.5  23.5  23.7  24.4  23.7  23.1  22.9  22.9  23.0  22.8  22.9  22.8  22.9  22.9  22.8  23.0  23.2  23.2  22.9  23.2  23.4  23.6  23.8  24.1  23.7 
 23.5  23.5  23.2  23.3  23.1  23.0  23.3  23.5  23.8  24.6  26.4  24.4  22.9  22.8  23.1  23.0  22.8  22.5  23.1  22.9  22.8  22.6  23.2  23.1  23.2  22.7  23.1  23.2  23.2  23.5  23.8  23.5 
 23.7  23.5  23.6  23.4  23.0  23.0  23.1  23.5  24.0  25.5  28.0  25.4  23.0  23.0  23.0  22.9  22.8  22.7  22.8  22.9  23.0  22.9  23.1  23.2  22.8  22.9  23.1  23.2  23.1  23.1  23.3  23.7 
 23.4  23.5  23.4  23.1  22.9  22.9  23.2  23.2  23.4  23.7  24.5  23.8  23.0  22.7  22.8  23.0  23.0  22.6  22.9  22.9  23.0  22.7  23.1  23.1  23.1  22.7  23.3  23.3  23.1  23.0  23.5  22.6 
 23.8  23.7  23.5  23.4  23.2  23.2  23.1  23.1  23.1  23.1  23.2  23.1  22.9  23.0  22.9  23.0  22.7  22.9  23.0  23.1  22.9  22.9  23.0  23.1  23.2  22.9  23.1  23.1  23.0  22.9  23.5  23.3 
 23.6  23.4  23.6  23.6  23.5  23.2  23.4  23.2  23.0  22.8  23.1  23.0  22.8  22.8  23.1  23.0  22.9  22.5  23.0  23.1  23.0  22.6  23.0  23.0  22.9  23.0  23.2  23.4  23.0  22.9  23.7  23.6 
 24.4  24.4  24.9  24.9  24.6  24.6  23.8  23.7  23.2  23.1  22.9  23.0  22.8  22.9  23.0  22.9  22.7  22.8  23.0  23.0  22.9  22.8  22.9  23.1  22.8  22.9  23.1  23.0  23.0  23.1  23.2  23.6 
 24.7  24.5  25.5  25.6  25.7  25.6  25.3  24.7  23.4  23.0  23.1  23.1  22.9  22.8  23.0  23.0  22.9  22.8  23.1  22.9  22.9  22.7  23.0 nan  22.9  22.6  23.0  23.1  23.2  23.0  23.5  23.6 
 25.4  25.3  26.4  26.9  28.5  29.7  38.1  41.9  39.9  33.8  23.7  23.2  23.1  23.0  23.2  23.0  23.0  22.8  23.0  23.0  22.8  22.7  22.9  23.2  22.9  22.8  23.3  23.3  23.2  23.3  23.4  23.8 
 25.7  25.8  27.1  27.8  30.2  32.6  47.8  54.3  58.8  51.6  24.9  23.8  23.2  23.0  23.1  23.1  23.0  22.8  23.2  23.1  22.8  22.6  23.0  23.1  22.9  22.9  24.1  24.5  23.8  23.0  23.4  23.6 
 26.1  26.1  27.9  28.5  32.8  36.8  57.6  66.4  77.6  73.4  30.8  24.9  23.2  23.2  22.9  23.0  23.2  23.0  23.0  23.1  22.9  22.8  23.1  23.0  23.0  23.0  25.8  25.4  23.7  23.2  23.6  23.7 
 26.3  26.2  27.8  28.5  32.8  36.9  57.2  68.7  87.2  82.3  30.5  24.8  23.4  23.0  23.1  23.1  23.0  22.9  23.2  22.9  22.9  22.8  23.1  23.1  22.9  22.6  24.5  24.9  23.3  23.3  23.8  23.3 
 26.2  26.3  27.6  28.0  30.3  31.8  45.7  55.6  67.8  57.3  25.6  24.0  23.2  22.9  23.2  23.2  23.1  22.9  23.1  22.9  22.9  22.7  23.1  23.0  23.0  22.9  23.4  23.4  23.4  23.6  24.1  23.8 
 26.2  26.1  27.3  27.5  28.8  29.7  37.7  42.8  46.4  39.2  24.3  23.8  23.3  23.0  23.3  23.3  23.0  22.8  23.1  23.2  23.0  22.8  23.1  23.3  23.2  22.7  23.5  23.3  23.7  23.2  23.9  23.8 
 25.9  26.0  26.9  27.1  27.3  27.6  28.7  29.6  28.3  26.3  23.9  23.7  23.2  23.2  23.4  23.4  23.2  23.1  23.1  23.2  23.1  23.0  23.2  23.3  23.3  22.9  23.2  23.5  23.5  23.7  23.9  24.2 
 25.9  26.2  26.5  26.9  26.9  26.7  27.7  27.6  26.5  25.3  23.7  23.8  23.4  23.0  23.3  23.3  23.3  23.0  23.3  23.1  23.2  23.1  23.4  23.4  23.2  23.0  23.4  23.5  23.4  23.4  24.1  24.3 
 25.8  26.1  26.1  26.4  26.1  26.0  26.3  26.3  25.3  24.5  23.9  23.8  23.4  23.3  23.4  23.3  23.1  23.1  23.2  23.4  23.2  23.0  23.4  23.5  23.5  23.1  23.5  23.8  23.6  23.6  24.0  25.3 
 25.9  25.7  26.1  26.1  25.9  25.6  26.0  25.9  24.9  24.3  24.0  23.9  23.4  23.3  23.5  23.5  23.3  23.1  23.3  23.5  23.2  23.2  23.3  23.3  23.4  23.2  23.7  23.6  23.6  23.5  24.7  25.6 
 26.5  26.4  26.1  26.1  25.6  25.3  25.5  25.0  24.4  24.1  23.9  24.1  23.6  23.3  23.5  23.6  23.5  23.3  23.5  23.4  23.4  23.5  23.6  23.8  23.6  23.3  23.9  24.3  24.2  24.1  26.5  27.3 
 27.4  26.4  25.9  26.0  25.6  25.0  25.3  25.2  24.2  24.0  24.1  23.9  23.7  23.5  23.7  23.6  23.6  23.3  23.8  23.5  23.5  23.5  23.9  24.0  23.5  23.5  24.6  25.1  25.0  24.6  26.8  27.7 
