 24.3  24.0  23.8  24.2  23.5  23.5  23.4  23.6  23.3  23.3  23.4  23.5  23.1  23.0  23.1  23.1  22.9  23.1  23.2  23.2  23.0  23.1  23.2  23.5  23.1  22.8  23.4  23.5  23.3  23.5  24.7  25.5 
 24.2  23.5  24.0  24.0  23.3  23.3  23.7  23.4  23.3  23.0  23.6  23.3  23.2  22.8  23.1  23.1  23.0  22.8  23.2  23.2  22.9  22.9  23.3  23.3  23.1  23.1  23.3  23.7  23.3  23.6  24.2  25.1 
 23.9  23.5  23.7  23.6  23.3  22.9  23.5  23.4  23.0  23.1  23.3  23.3  22.9  22.9  23.0  23.3  22.9  22.9  22.9  23.1  23.0  22.8  23.0  23.2  23.0  23.1  23.5  23.4  23.7  23.6  24.4  24.2 
 23.6  23.5  23.8  23.6  23.2  23.0  23.6  23.3  23.3  23.2  23.7  23.3  22.8  22.9  23.1  23.0  22.8  22.6  23.1  22.9  23.2  22.7  23.2  23.2  22.9  22.8  23.5  23.3  23.4  24.2  24.1  24.2 
 23.5  23.5  23.3  23.7  23.3  23.2  23.2  23.6  23.5  24.0  24.4  24.0  22.8  22.6  22.9  23.0  22.7  22.7  22.9  22.9  22.9  22.8  23.0  23.0  23.0  23.0  23.3  23.4  23.6  23.9  23.7  24.2 
 23.5  23.0  23.5  23.3  23.1  22.9  23.6  23.4  24.0  24.6  26.4  24.5  23.0  23.0  23.1  23.0  22.8  22.7  23.1  23.1  23.0  22.7  23.2  23.1  23.0  22.9  23.3  23.4  23.0  23.2  23.8  24.2 
 23.4  23.5  23.5  23.4  22.8  23.0  23.2  23.6  24.2  25.4  27.9  25.4  22.9  22.9  22.8  23.0  22.7  22.7  22.9  23.0  22.8  22.9  23.0  23.2  22.9  22.7  23.1  23.4  23.1  23.0  23.2  23.5 
 23.4  23.2  23.4  23.8  23.1  23.0  23.3  23.2  23.4  23.5  24.7  23.7  23.0  22.7  23.1  22.9  22.9  22.7  23.0  23.0  22.8  22.8  23.2  23.0  23.0  22.9  23.2  23.1  23.1  23.1  23.4  22.7 
 23.6  23.7  23.6  23.4  22.9  23.2  23.1  23.3  23.0  23.0  23.2  23.1  22.9  22.8  22.7  22.9  22.8  22.9  22.8  22.9  23.0  22.9  22.9  23.0  22.9  22.8  23.1  23.3  22.9  23.1  23.2  23.5 
 23.8  23.7  23.9  23.8  23.4  23.1  23.3  23.3  23.1  22.8  23.1  23.2  22.9  22.8  23.1  22.9  22.9  22.9  23.0  23.2  22.9  22.7  23.2  23.2  23.0  22.9  23.2  23.0  22.8  22.9  23.5  23.6 
 24.3  24.3  24.9  25.0  24.6  24.5  23.8  23.6  23.2  23.1  23.1  23.2  22.9  22.9  23.1  23.0  22.9  22.9  23.1  23.0  23.0  22.9  23.0  23.1  22.8  22.8  22.7  23.1  23.1  23.1  23.5  23.7 
 24.6  24.5  25.3  25.5  25.8  25.6  25.3  24.7  23.4  23.1  23.2  23.2  22.9  22.7  23.1  23.1  22.7  22.9  23.2  22.8  22.8  22.8  23.1 nan  22.7  22.6  23.0  23.4  23.0  22.7  23.5  23.3 
 25.3  25.4  26.3  27.2  28.8  29.7  38.1  42.1  39.8  33.7  23.6  23.4  23.0  22.9  23.0  23.0  23.0  22.8  23.0  23.0  22.6  22.7  23.1  23.1  23.0  22.8  23.4  23.6  22.8  23.3  23.6  23.6 
 25.8  25.6  27.0  27.6  30.1  32.6  47.8  54.3  58.8  51.6  25.1  23.6  23.2  23.0  23.1  23.0  22.9  22.9  23.1  23.1  22.9  22.5  23.1  23.0  23.2  22.9  24.0  24.4  23.5  23.5  23.8  23.6 
 25.9  26.3  27.8  28.8  32.6  36.5  57.7  66.6  77.7  73.4  30.8  25.0  23.2  23.0  23.0  23.1  22.9  22.7  23.1  23.2  22.9  22.8  22.9  23.1  23.0  23.0  25.7  25.5  23.6  23.3  23.7  23.7 
 26.0  25.9  27.9  28.6  32.9  36.9  57.4  68.8  87.3  82.2  30.6  24.9  23.2  23.1  23.2  23.1  22.9  22.8  23.1  23.0  22.8  22.7  23.1  23.0  22.8  22.7  24.4  24.9  23.2  23.1  23.8  23.9 
 25.9  26.1  27.3  28.3  30.3  31.8  45.5  55.7  67.7  57.3  25.8  24.0  23.2  22.9  23.2  23.1  22.9  22.9  23.2  23.1  23.0  22.8  22.9  23.0  23.0  22.9  23.2  23.7  23.1  23.3  23.9  24.1 
 26.1  26.3  27.6  27.5  28.8  29.8  37.8  42.8  46.5  39.2  24.5  23.8  23.1  23.2  23.3  23.2  22.8  23.0  23.3  23.2  23.0  22.9  23.1  23.1  22.9  22.8  23.2  23.3  23.2  23.4  24.1  24.0 
 26.3  26.0  26.9  27.1  27.3  27.6  29.0  29.6  28.4  26.5  23.8  23.7  23.2  23.0  23.1  23.4  23.1  23.2  23.1  23.3  22.9  23.0  23.3  23.2  23.1  23.0  23.2  23.5  23.4  23.4  23.7  24.2 
 25.6  25.9  26.6  26.7  27.0  26.7  27.7  27.8  26.3  25.3  23.9  23.6  23.3  23.2  23.5  23.4  23.2  23.0  23.4  23.2  23.0  22.9  23.2  23.5  23.2  23.3  23.6  23.4  23.6  23.4  24.2  24.7 
 25.8  25.9  26.5  26.4  26.1  26.3  26.0  26.3  25.3  24.6  24.1  24.0  23.3  23.3  23.2  23.4  23.1  23.1  23.3  23.4  23.0  22.9  23.4  23.4  23.5  23.1  23.5  23.6  23.4  23.2  24.1  25.0 
 25.9  25.9  26.4  26.2  25.8  25.5  26.0  26.0  24.8  24.3  24.0  24.0  23.3  23.4  23.5  23.5  23.2  23.0  23.7  23.4  23.1  23.2  23.6  23.5  23.2  23.1  23.9  23.8  23.7  23.5  24.7  25.6 
 26.2  25.8  26.0  26.1  25.4  25.2  25.3  25.2  24.5  24.3  24.1  24.1  23.6  23.3  23.5  23.7  23.3  23.3  23.6  23.8  23.5  23.3  23.6  23.7  23.4  23.3  24.1  24.5  24.2  23.9  25.8  26.8 
 27.5  26.4  26.1  26.2  25.6  25.2  25.0  25.2  24.5  24.2  24.1  24.2  23.5  23.4  23.6  23.6  23.4  23.3  23.8  23.3  23.5  23.5  23.9  23.9  23.6  23.5  24.7  24.8  24.8  25.1  26.4  27.7 
