 24.1  23.5  23.9  23.9  23.4  22.6  23.3  23.0  22.9  22.4  23.3  22.8  22.5  22.4  22.9  23.1  23.1  22.5  23.0  23.0  23.1  22.4  23.3  23.3  24.4  25.0  28.7  29.2  30.2  30.0  31.1  31.3 
 24.0  23.5  23.9  23.7  23.0  23.1  23.0  23.5  22.7  22.7  23.3  23.2  22.7  22.7  23.1  23.2  22.6  22.8  23.2  23.1  22.7  22.7  23.2  23.6  23.5  24.1  27.4  28.8  29.2  30.3  30.6  30.8 
 23.6  23.2  23.8  23.2  23.3  22.5  23.2  23.2  23.0  22.5  23.0  23.1  22.6  22.5  23.1  23.0  22.6  22.5  22.9  23.0  22.9  22.6  23.2  23.5  23.6  23.8  27.4  29.6  30.7  30.1  30.7  30.8 
 23.5  23.4  23.5  23.6  22.6  22.9  23.2  23.3  22.9  23.0  23.0  22.9  22.7  22.5  22.9  22.8  22.7  22.7  22.8  23.1  22.5  22.7  23.2  23.2  23.8  24.9  29.2  30.4  31.3  31.5  31.1  31.2 
 23.3  23.1  23.3  23.4  23.1  22.5  23.1  23.2  23.5  23.2  23.2  23.0  22.7  22.6  22.9  22.7  22.7  22.5  23.0  22.8  22.9  22.7  23.3  23.5  26.7  28.0  31.2  31.5  32.1  32.0  32.1  31.4 
 23.3  23.2  23.4  23.3  22.8  23.0  23.3  23.4  23.5  23.9  23.4  23.2  22.7  22.8  22.9  22.9  22.6  22.7  23.1  23.0  22.7  22.7  23.3  24.1  27.4  28.9  31.0  31.8  32.1  32.6  31.5  30.8 
 23.3  23.2  23.5  23.3  23.0  22.7  23.1  23.6  25.4  26.7  24.4  23.5  22.8  22.6  22.9  22.9  22.8  22.5  23.0  23.0  22.9  22.7  23.7  24.6  28.9  30.0  31.5  31.6  32.1  31.5  29.3  28.4 
 23.5  23.3  23.3  23.4  22.7  22.9  23.5  23.8  26.0  27.7  24.9  23.4  22.7  22.8  22.9  23.0  22.9  22.8  22.9  22.9  22.6  23.0  23.6  24.7  29.1  30.4  31.8  31.7  31.2  30.5  28.0  26.6 
 23.5  23.2  23.6  23.2  22.9  22.5  23.2  23.4  23.6  23.4  23.2  23.0  22.7  22.7  22.9  22.9  22.8  22.8  23.1  23.0  23.0  22.7  23.4  23.9  28.9  30.1  31.4  31.4  31.7  30.4  27.3  26.3 
 23.3  23.4  23.7  23.6  23.1  22.9  23.1  23.2  23.0  23.1  23.1  23.0  22.7  22.6  22.8  22.9  22.8  22.7  23.0  23.1  22.7  22.9  23.2  24.0  28.4  30.0  31.4  31.8  31.2  30.4  26.8  25.9 
 23.9  23.7  24.1  23.9  23.4  23.4  23.3  23.2  23.1  22.6  22.9  22.7  22.9  22.4  23.1  23.0  22.9  22.7  23.0  22.9  22.9  22.8  23.1  23.1  25.5  27.0  29.6  29.5  28.4  26.8  25.6  25.3 
 23.5  24.0  24.0  24.2  23.9  24.2  23.8  23.6  23.0  23.0  23.0  23.1  22.7  22.8  23.0  23.0  22.7  22.9  22.8  22.9  22.8  22.9  23.0 nan  23.7  24.5  27.1  27.7  25.9  25.6  25.0  25.4 
 24.6  24.2  25.4  25.4  26.4  26.5  29.2  29.8  27.9  26.1  23.3  23.2  22.9  22.7  22.9  22.9  22.9  22.6  22.9  22.8  22.8  22.6  23.2  23.1  23.2  23.1  25.1  25.6  24.6  23.9  24.7  24.8 
 24.3  24.7  26.1  26.3  27.7  29.1  36.9  42.7  45.2  39.7  24.0  23.4  22.7  22.7  23.0  23.0  22.4  22.7  22.8  23.1  22.5  22.7  23.0  23.2  22.9  23.0  23.7  24.3  24.0  24.0  24.4  24.4 
 25.2  25.2  26.8  27.4  30.2  32.7  52.3  60.8  71.6  67.9  34.6  25.8  23.1  22.7  23.0  22.9  22.7  22.6  22.9  22.9  22.8  22.5  23.2  23.1  23.1  22.9  23.5  23.3  23.4  23.5  24.5  24.1 
 25.4  25.8  27.0  27.6  30.4  33.7  52.7  61.5  76.5  76.3  39.1  26.7  23.0  22.8  22.9  22.9  22.5  22.6  22.9  23.0  22.9  22.8  23.0  23.1  22.9  23.0  23.1  23.4  23.6  23.5  24.0  24.1 
 25.7  25.4  27.1  27.3  29.9  32.2  46.2  55.7  78.9  78.7  34.3  25.6  23.1  22.7  23.0  23.1  22.9  22.6  23.1  23.0  23.1  22.6  23.1  23.1  23.2  22.7  23.5  23.4  23.4  23.3  24.5  23.8 
 25.5  25.7  26.8  27.2  28.8  30.2  39.1  45.4  61.2  58.7  28.1  24.5  23.1  22.9  23.1  23.1  22.8  22.8  23.1  23.2  22.8  22.9  23.1  23.3  23.2  23.0  23.4  23.4  23.1  23.4  24.3  24.4 
 26.0  25.4  26.7  26.8  27.4  27.4  29.6  31.1  32.4  30.3  24.6  23.7  23.1  22.9  23.2  23.2  23.1  22.7  23.1  23.2  23.1  22.7  23.4  23.4  23.3  23.0  23.5  23.7  23.7  23.6  24.2  24.3 
 25.7  25.6  26.4  26.8  26.5  26.5  28.0  28.3  28.3  27.3  24.1  23.9  23.1  23.1  23.1  23.1  22.8  23.0  23.2  23.2  22.8  22.9  23.3  23.4  23.0  23.2  23.4  23.7  23.3  23.5  24.1  24.5 
 25.9  25.7  26.2  25.9  25.9  25.6  26.5  26.4  25.9  25.0  24.0  23.7  23.5  22.9  23.4  23.3  23.0  22.9  23.3  23.1  23.3  22.7  23.7  23.4  23.4  22.7  23.8  23.6  23.8  23.8  25.2  25.6 
 25.6  25.6  26.0  26.4  25.6  25.6  25.8  26.1  25.2  24.8  24.2  23.9  23.1  23.2  23.3  23.3  22.9  23.1  23.3  23.3  22.9  22.9  23.4  23.6  23.3  23.2  23.6  24.0  23.9  24.6  25.5  26.7 
 26.8  26.0  25.7  26.0  25.5  24.8  25.8  25.2  24.8  24.2  23.9  23.9  23.4  23.1  23.5  23.6  23.4  22.7  23.4  23.2  23.5  23.0  23.7  23.6  23.6  23.3  25.1  25.0  25.3  25.2  26.8  27.7 
 26.7  26.2  25.8  25.9  25.2  25.2  25.3  25.3  24.1  24.2  23.9  24.0  23.3  23.4  23.5  23.5  23.3  23.3  23.6  23.7  23.3  23.4  23.6  23.9  23.8  24.4  25.0  25.9  25.4  25.6  27.2  28.2 
