 23.9  23.8  24.5  24.0  23.7  23.3  23.8  23.3  23.3  23.1  23.6  23.1  23.2  22.9  23.2  23.4  22.8  22.8  23.2  23.3  22.8  23.0  23.5  23.2  23.0  22.8  23.6  23.6  23.8  23.3  25.2  25.2 
 23.8  23.5  24.0  24.3  23.3  23.4  23.4  23.6  23.3  23.0  23.5  23.3  23.1  23.0  23.2  23.4  22.8  22.6  23.2  23.2  23.2  22.6  23.1  23.5  23.1  23.1  23.4  23.7  23.2  23.6  24.2  25.6 
 23.9  23.8  24.2  23.4  23.3  23.0  23.6  23.4  23.3  22.9  23.4  23.4  22.8  22.9  23.1  23.1  22.9  22.8  23.1  23.0  22.9  22.7  23.1  23.2  22.8  23.1  23.6  23.5  23.3  23.4  24.4  24.2 
 23.6  23.5  23.6  24.0  23.0  23.0  23.3  23.5  23.3  23.2  23.5  23.6  23.0  22.9  22.9  23.3  22.7  22.6  23.0  23.2  22.7  22.8  23.2  23.4  22.7  23.0  23.6  23.4  23.7  24.1  23.8  24.4 
 23.3  23.2  23.9  23.4  23.3  23.0  23.7  23.3  23.5  23.8  24.6  23.9  23.0  22.9  23.2  22.8  22.7  22.7  23.2  22.8  22.8  22.8  23.3  23.2  23.0  23.0  23.5  23.4  23.7  24.1  24.4  23.9 
 23.2  23.5  23.6  23.6  22.8  23.0  23.3  23.6  23.9  24.7  26.2  24.6  22.9  23.1  23.0  23.3  22.7  22.7  22.9  23.3  22.8  22.8  23.3  23.3  23.1  22.8  23.3  23.4  23.2  23.5  23.6  23.8 
 23.4  23.3  23.6  23.4  23.0  22.8  23.5  23.3  24.2  25.2  28.2  25.3  22.8  22.8  23.1  23.0  22.8  22.7  23.2  22.8  22.9  22.7  23.3  23.1  23.0  22.8  23.5  23.2  23.1  23.0  23.8  23.5 
 23.6  23.4  23.5  23.7  23.1  22.8  23.1  23.4  23.3  23.6  24.8  23.9  22.9  22.8  22.9  23.1  22.8  22.8  22.9  23.0  22.6  22.8  23.1  23.3  23.0  22.8  23.1  23.3  23.1  23.0  23.4  23.0 
 23.6  23.5  23.7  23.3  23.0  22.9  23.3  23.2  23.0  22.9  23.4  23.1  22.9  22.8  23.0  22.9  22.8  22.6  23.2  23.0  22.8  22.9  23.3  23.1  23.0  22.9  23.3  23.2  23.1  23.2  23.7  23.5 
 23.5  23.4  23.5  24.0  23.4  23.0  23.4  23.4  22.8  22.8  23.0  23.2  22.8  22.7  22.9  23.1  22.8  22.6  23.0  23.1  22.8  22.8  23.0  23.3  22.9  22.9  23.1  23.5  23.0  23.1  23.5  23.4 
 24.4  24.4  25.0  24.9  24.6  24.6  24.0  23.6  23.2  23.1  23.2  22.9  22.9  22.8  23.2  23.1  22.9  22.7  23.0  23.0  22.9  22.7  23.2  23.0  22.9  22.7  23.3  23.2  23.1  22.8  23.7  23.6 
 24.5  24.5  25.3  25.7  25.6  25.8  25.2  24.7  23.1  23.2  23.1  23.2  22.8  22.8  23.0  23.2  22.8  22.9  22.9  23.1  22.8  22.8  23.1 nan  22.9  22.7  23.0  23.1  22.9  22.9  23.5  23.9 
 25.4  25.1  26.6  26.9  28.7  29.6  38.5  41.8  39.8  33.8  23.8  23.5  23.1  22.8  23.2  23.0  23.0  22.9  23.3  22.9  22.8  22.8  23.0  23.1  22.9  22.9  23.5  23.5  23.3  23.2  24.0  23.9 
 25.6  25.8  27.1  27.8  30.1  32.6  47.7  54.4  58.7  51.7  24.9  23.8  23.0  23.0  23.1  23.3  22.9  22.8  23.2  23.1  22.8  22.8  23.0  23.2  22.9  22.9  24.0  24.8  23.6  23.2  23.6  23.9 
 25.9  26.4  28.0  28.6  32.7  36.5  57.8  66.5  77.6  73.3  30.9  24.9  23.2  22.9  23.3  23.1  23.0  22.8  23.2  23.1  22.9  22.7  23.0  23.0  23.0  22.9  25.8  25.9  23.6  23.3  23.8  23.9 
 26.0  26.1  27.8  28.9  32.8  36.7  57.3  68.9  87.2  82.2  30.5  25.0  23.1  23.2  23.0  23.2  22.9  22.9  23.1  23.2  22.8  22.8  23.0  23.2  22.8  22.8  24.4  24.8  23.3  23.3  23.6  24.0 
 26.1  26.0  28.0  28.0  30.1  31.9  45.9  55.5  67.8  57.2  25.8  24.0  23.3  23.1  23.2  23.2  23.0  22.8  23.3  23.1  22.8  22.7  23.3  23.0  23.0  22.7  23.5  23.7  23.4  23.4  23.9  23.9 
 25.8  26.0  27.2  27.8  28.7  29.6  37.7  43.1  46.4  39.2  24.2  23.9  23.1  23.2  23.2  23.3  23.0  22.9  23.2  23.4  22.8  23.0  23.1  23.5  23.0  23.1  23.1  23.3  23.5  23.2  23.7  24.2 
 26.4  26.0  27.0  26.9  27.3  27.4  29.2  29.3  28.3  26.5  24.1  23.7  23.2  23.1  23.6  23.2  23.1  23.1  23.3  23.2  22.9  22.8  23.5  23.2  23.3  23.2  23.5  23.5  23.3  23.2  24.3  24.2 
 25.8  26.0  26.6  26.8  26.8  26.8  27.7  27.8  26.4  25.5  23.9  23.9  23.2  23.1  23.4  23.4  23.1  23.1  23.2  23.3  23.1  22.9  23.4  23.5  23.1  23.1  23.3  23.6  23.3  23.4  24.0  24.7 
 26.2  25.7  26.3  26.5  26.1  26.1  26.5  26.2  25.3  24.3  24.3  24.0  23.5  23.3  23.5  23.4  23.2  23.0  23.5  23.2  23.0  22.9  23.6  23.6  23.2  23.0  23.8  23.9  23.4  23.2  24.7  24.8 
 25.9  25.9  26.1  26.4  25.8  25.6  25.6  26.1  24.6  24.3  23.9  24.1  23.4  23.3  23.4  23.6  23.1  23.2  23.3  23.7  23.2  23.2  23.3  23.7  23.3  23.2  23.7  24.1  23.5  23.6  24.5  26.2 
 26.8  26.2  26.3  26.0  25.7  24.9  25.6  25.1  24.3  24.1  24.3  24.1  23.5  23.5  23.8  23.6  23.5  23.1  23.8  23.4  23.4  23.1  24.0  23.8  23.6  23.3  24.4  24.3  24.4  24.1  26.5  27.3 
 26.9  26.6  26.3  26.0  25.3  25.2  24.9  25.3  24.2  24.2  24.2  24.2  23.4  23.4  23.5  23.8  23.3  23.5  23.7  23.7  23.4  23.4  23.6  24.2  23.2  23.3  25.0  25.3  24.8  24.6  27.2  28.6 
