 23.5  22.9  23.3  23.2  22.7  22.1  22.4  22.7  22.6  22.0  22.8  22.6  22.5  21.9  22.4  22.8  22.4  22.0  22.6  22.6  22.3  22.2  23.0  22.9  22.4  22.2  23.1  23.8  23.4  22.9  24.6  25.2 
 23.0  22.8  23.5  23.4  22.6  22.7  22.9  23.1  22.5  22.3  22.8  22.9  22.2  22.3  22.5  22.7  22.1  22.4  22.8  22.6  22.3  22.3  22.8  22.8  22.5  22.8  23.5  24.4  23.4  23.5  23.8  24.7 
 23.4  22.3  23.4  23.1  22.6  22.1  22.6  23.1  22.6  22.4  22.6  22.6  22.4  22.1  22.6  22.5  22.3  22.1  22.6  22.7  22.3  22.1  22.6  22.8  22.6  22.6  23.1  23.3  22.8  22.7  23.8  23.7 
 22.7  22.9  23.1  23.0  22.4  22.4  22.8  22.8  22.4  22.4  22.9  22.9  22.1  22.2  22.5  22.8  22.2  22.3  22.7  22.6  22.3  22.3  22.7  22.8  22.6  22.6  22.8  23.1  22.6  22.5  23.4  23.6 
 23.3  22.8  23.1  22.9  22.5  22.5  23.0  22.8  23.0  23.0  22.7  22.9  22.4  22.2  22.7  22.5  22.3  22.1  22.5  22.5  22.3  22.2  22.7  22.6  22.6  22.3  22.8  23.0  22.6  22.6  23.1  23.4 
 22.8  22.8  23.2  22.9  22.5  22.5  23.1  22.9  23.5  23.6  23.0  22.9  22.4  22.2  22.7  22.4  22.4  22.4  22.4  22.5  22.3  22.2  22.7  22.8  22.4  22.5  22.9  22.7  22.7  22.8  23.2  23.6 
 22.7  22.7  23.0  23.1  22.7  22.5  23.1  23.3  25.0  26.3  24.2  23.3  22.5  22.3  22.5  22.5  22.2  22.4  22.6  22.4  22.4  22.3  22.6  22.8  22.6  22.3  22.8  22.9  22.8  22.4  23.2  23.1 
 23.2  22.8  23.0  23.0  22.7  22.5  23.0  23.5  25.5  26.9  24.5  23.1  22.2  22.4  22.5  22.5  22.2  22.2  22.6  22.4  22.2  22.4  22.8  22.6  22.5  22.4  22.9  22.9  22.7  22.8  23.1  22.3 
 23.4  22.7  23.2  23.2  22.6  22.4  23.2  23.0  23.2  23.2  23.1  22.8  22.4  22.3  22.5  22.8  22.3  22.3  22.7  22.6  22.4  22.2  22.7  22.7  22.6  22.5  22.7  22.9  22.8  22.5  23.4  23.3 
 23.1  23.2  23.4  23.4  22.8  22.8  22.8  23.1  22.9  22.9  22.8  22.9  22.4  22.3  22.5  22.7  22.4  22.4  22.6  22.7  22.1  22.5  22.7  22.7  22.5  22.5  22.9  23.0  22.7  22.9  23.3  23.3 
 23.9  23.7  24.0  24.1  23.8  23.2  23.3  23.2  22.9  22.6  22.9  22.7  22.5  22.2  22.7  22.7  22.5  22.3  22.7  22.7  22.5  22.4  22.7  22.5  22.6  22.2  23.3  23.5  23.3  23.0  23.3  23.2 
 23.6  23.8  24.2  24.4  24.5  24.4  24.0  23.6  23.0  23.0  22.9  22.8  22.5  22.3  22.6  22.8  22.4  22.4  22.7  22.7  22.4  22.5  22.7 nan  22.4  22.5  24.2  24.8  23.5  23.2  23.2  23.5 
 24.3  24.2  25.2  25.9  26.8  27.3  32.7  35.1  32.9  29.1  23.2  23.0  22.5  22.3  22.7  22.6  22.5  22.5  22.7  22.7  22.6  22.2  22.9  22.8  22.6  22.3  23.8  24.6  23.2  22.9  23.5  23.6 
 24.5  24.8  25.8  26.5  28.2  30.0  41.6  48.9  53.3  47.3  24.7  23.4  22.8  22.5  22.7  22.6  22.5  22.3  22.8  22.7  22.3  22.4  22.8  22.6  22.6  22.4  23.0  23.5  23.2  22.9  23.2  23.4 
 25.2  25.1  26.6  27.4  30.6  33.6  54.7  63.1  74.6  71.1  34.6  25.7  22.7  22.5  22.7  22.9  22.6  22.4  22.8  22.8  22.5  22.5  22.7  22.7  22.6  22.6  23.2  23.0  23.0  22.6  23.5  23.5 
 25.0  25.0  26.8  27.7  30.4  34.0  53.5  62.7  78.4  79.0  36.9  26.0  22.6  22.7  22.6  22.7  22.3  22.4  22.8  22.7  22.4  22.4  22.8  22.8  22.3  22.3  23.0  23.0  22.7  22.9  23.3  23.5 
 25.3  25.3  26.6  26.9  29.5  31.3  44.2  53.4  72.8  69.7  30.1  24.3  22.9  22.6  22.7  22.6  22.5  22.4  22.9  22.8  22.5  22.4  22.8  22.6  22.7  22.2  23.0  23.3  22.6  22.5  23.5  23.4 
 25.3  25.4  26.2  26.9  28.4  29.6  36.9  42.0  54.0  49.5  25.8  23.7  22.6  22.7  22.7  22.7  22.3  22.3  22.7  22.7  22.4  22.5  22.8  23.1  22.5  22.5  23.0  23.1  22.9  22.7  23.7  23.8 
 25.2  25.1  26.3  26.5  26.8  26.8  28.6  29.7  29.5  27.9  23.9  23.3  22.6  22.4  22.8  22.8  22.8  22.6  22.8  23.0  22.7  22.4  22.8  23.0  22.7  22.4  23.1  23.0  23.1  22.8  23.5  24.1 
 25.1  25.4  26.1  26.2  26.0  26.3  27.5  27.4  26.8  26.0  23.6  23.1  22.5  22.7  22.9  22.7  22.5  22.4  22.9  22.9  22.4  22.6  23.0  23.1  22.5  22.6  23.2  23.4  22.9  23.0  24.0  24.1 
 25.3  25.0  25.7  25.8  25.5  25.3  25.7  25.4  25.2  24.2  23.7  23.4  23.0  22.4  22.9  23.0  22.7  22.5  23.0  23.1  22.7  22.5  23.2  23.1  22.8  22.5  23.3  23.4  23.6  23.7  25.0  25.5 
 24.9  25.0  25.6  25.5  25.1  25.2  25.1  25.6  24.2  24.0  23.6  23.6  22.9  22.8  23.0  23.1  22.5  22.7  23.0  22.9  22.6  22.7  23.1  23.0  22.6  22.6  23.4  23.7  24.0  24.6  25.7  25.7 
 25.9  25.2  25.4  25.4  24.9  24.4  25.0  24.8  24.1  23.6  23.7  23.8  23.0  22.8  23.3  23.1  23.0  22.7  23.2  23.1  22.8  22.7  23.4  23.3  23.3  23.1  25.3  25.8  25.8  25.3  26.0  26.5 
 25.8  25.6  25.2  25.4  24.4  24.6  24.7  24.7  23.7  23.6  23.6  23.8  22.8  22.8  23.1  23.2  22.9  22.8  23.2  23.4  22.8  23.0  23.4  24.0  24.0  24.5  26.4  26.6  25.8  26.1  27.4  27.7 
