 24.5  23.6  24.0  24.0  23.7  23.8  23.7  23.8  23.4  23.3  23.5  23.5  23.2  23.2  23.2  23.4  23.0  23.1  23.2  23.2  22.9  23.1  23.2  23.5  23.0  23.1  23.4  23.6  23.7  23.7  24.9  26.5 
 24.2  23.9  24.1  24.3  23.5  23.4  23.4  23.8  23.4  23.4  23.6  23.6  23.3  23.0  23.5  23.3  23.1  23.0  23.3  23.2  23.3  22.9  23.3  23.4  23.1  23.3  23.8  23.7  23.6  23.7  24.7  25.1 
 24.1  23.6  23.7  23.6  23.4  23.0  23.6  23.6  23.3  23.2  23.3  23.5  23.1  23.0  23.2  23.2  23.0  23.0  22.9  23.2  23.1  23.0  23.3  23.2  23.2  23.2  23.2  23.4  23.7  23.7  24.0  24.0 
 23.6  23.5  23.8  23.9  23.2  23.2  23.6  23.6  23.3  23.2  23.5  23.5  22.9  22.8  23.2  23.2  23.0  23.0  23.2  23.0  23.0  22.8  23.3  23.3  23.1  23.0  23.5  23.3  23.6  24.5  24.1  24.2 
 23.4  23.5  23.6  23.4  23.4  23.2  23.2  23.4  23.6  23.9  24.7  23.9  23.0  23.0  23.1  23.0  22.8  22.8  23.1  23.1  22.8  22.7  23.0  23.1  23.2  22.8  23.3  23.5  23.7  24.1  23.9  24.1 
 23.2  23.6  23.5  23.5  23.0  23.0  23.5  23.4  23.9  24.8  26.4  24.5  23.0  22.9  23.0  23.2  22.9  22.8  23.2  23.1  23.0  22.7  23.2  23.2  23.2  22.8  23.3  23.7  23.5  23.4  24.0  23.8 
 23.7  23.5  23.6  23.4  23.2  23.1  23.4  23.5  24.3  25.4  28.0  25.5  23.0  22.9  23.0  23.1  22.8  22.8  22.8  22.9  22.9  22.9  23.2  23.3  22.9  22.9  23.4  23.4  23.2  23.0  23.5  23.5 
 23.8  23.4  23.4  23.5  23.1  23.2  23.5  23.3  23.6  23.9  24.8  24.0  22.8  22.8  23.0  23.1  23.0  22.8  22.8  23.1  22.9  22.8  23.3  23.2  23.1  22.7  23.2  23.5  23.2  23.3  23.6  22.8 
 23.8  23.5  23.6  23.5  23.2  23.1  23.3  23.2  23.1  23.1  23.3  23.2  22.9  22.9  22.9  23.1  22.8  22.9  23.1  23.0  22.9  22.9  23.1  23.0  23.0  23.0  23.1  23.2  23.1  23.2  23.2  23.5 
 23.9  23.5  23.9  23.9  23.5  23.1  23.2  23.4  23.1  22.9  23.1  23.2  22.9  22.8  23.0  23.1  22.8  22.7  23.0  23.2  23.0  22.8  23.1  23.0  22.9  22.9  23.1  23.4  22.9  22.9  24.0  23.4 
 24.6  24.6  24.7  25.0  24.8  24.6  24.0  23.7  23.1  23.1  23.3  23.2  23.0  23.0  23.2  23.2  23.0  22.9  23.0  23.1  23.0  22.9  23.0  23.1  23.1  23.0  23.0  23.4  23.0  23.1  23.5  23.8 
 24.7  25.0  25.3  25.9  25.7  25.7  25.3  24.6  23.3  23.1  23.3  23.3  23.0  22.8  23.0  23.1  23.0  22.8  23.0  22.9  22.9  22.8  23.0 nan  22.9  22.8  23.0  23.1  23.0  22.9  23.3  23.5 
 25.4  25.4  26.6  26.9  28.9  29.9  38.1  42.1  39.9  33.9  23.6  23.4  23.0  22.9  23.1  23.0  23.1  22.9  23.2  23.0  23.0  22.7  23.0  23.3  22.9  23.0  23.6  23.7  23.3  23.4  23.7  24.1 
 25.6  26.1  27.1  27.9  30.2  32.7  48.0  54.4  58.8  51.7  25.2  23.7  23.2  23.0  23.1  23.1  23.0  22.9  23.0  23.1  23.0  22.9  23.2  23.1  23.0  23.0  24.3  24.4  23.9  23.5  23.5  23.8 
 26.2  26.1  27.9  28.9  32.7  36.7  57.7  66.7  77.6  73.5  30.9  24.9  23.2  23.1  23.0  23.1  23.1  22.9  23.1  23.3  23.0  22.9  23.1  23.2  23.0  23.3  25.6  25.6  23.7  23.6  23.5  23.7 
 26.3  26.1  27.8  28.6  33.0  36.9  57.4  68.9  87.3  82.3  30.5  25.2  23.2  23.1  23.2  23.1  23.2  23.0  23.1  23.1  22.9  22.8  23.2  23.1  23.1  22.9  24.4  24.8  23.5  23.3  23.7  23.9 
 26.1  26.5  27.7  28.3  30.0  32.1  45.9  55.7  67.8  57.3  25.8  24.1  23.2  23.1  23.3  23.1  23.1  23.1  23.3  23.1  23.1  22.8  23.0  23.1  22.9  23.0  23.4  23.7  23.6  23.4  23.7  23.9 
 26.3  26.1  27.5  27.8  28.7  29.8  37.8  43.0  46.5  39.1  24.4  23.9  23.3  23.4  23.2  23.2  22.9  23.0  23.3  23.2  22.9  23.0  23.2  23.2  23.0  22.8  23.4  23.3  23.7  23.4  24.1  24.2 
 26.6  26.3  26.7  27.2  27.3  27.5  29.1  29.6  28.3  26.5  24.0  23.7  23.4  23.2  23.4  23.4  23.2  23.3  23.2  23.3  23.2  22.8  23.4  23.5  23.0  23.2  23.6  23.3  23.5  23.6  23.7  24.2 
 26.1  26.5  26.7  26.9  26.7  26.8  27.6  27.7  26.6  25.4  24.0  23.7  23.3  23.3  23.5  23.5  23.2  23.0  23.5  23.2  23.3  22.9  23.2  23.5  23.2  23.0  23.6  23.4  23.7  23.3  24.5  24.1 
 25.8  26.1  26.3  26.5  26.2  26.0  26.3  26.3  25.3  24.5  24.1  24.0  23.6  23.4  23.7  23.6  23.1  23.3  23.5  23.5  23.2  22.9  23.6  23.7  23.5  23.3  23.8  23.9  23.6  23.6  24.1  25.1 
 26.1  26.1  26.3  26.2  25.9  25.8  26.0  25.9  24.7  24.5  24.0  23.9  23.5  23.4  23.5  23.5  23.2  23.1  23.7  23.6  23.3  23.3  23.6  23.4  23.3  23.2  23.7  23.9  23.8  23.8  25.5  25.7 
 26.5  26.2  26.2  25.8  25.6  25.2  25.5  25.2  24.5  24.3  24.1  24.0  23.9  23.5  23.7  23.8  23.6  23.3  23.6  23.6  23.4  23.3  23.5  23.8  23.4  23.3  24.2  24.7  24.2  23.9  26.5  26.9 
 27.5  26.6  26.1  26.0  25.2  25.2  25.3  25.1  24.5  24.2  24.1  24.2  23.7  23.4  23.7  23.9  23.6  23.4  23.8  23.7  23.6  23.5  23.8  23.8  23.8  23.7  24.8  25.3  25.0  25.1  27.2  27.7 
