 24.5  23.8  23.8  24.0  23.5  23.5  23.4  23.3  23.4  23.1  23.4  23.5  23.1  23.0  23.0  23.2  22.9  22.8  23.3  23.1  22.9  23.0  23.3  23.3  23.3  22.8  23.4  23.3  23.7  23.6  24.7  25.8 
 24.4  23.9  23.6  24.1  23.6  23.6  23.6  23.2  23.4  23.2  23.4  23.3  23.1  22.8  23.2  23.2  23.0  22.9  23.2  23.1  23.1  23.0  23.1  23.1  23.1  23.0  23.3  23.6  23.4  23.6  24.5  24.8 
 24.1  23.5  23.9  23.5  23.2  22.9  23.1  23.4  23.1  23.1  23.2  23.3  22.9  22.9  23.0  22.9  23.0  22.9  22.6  23.1  22.8  22.9  23.1  23.2  23.1  23.1  23.5  23.5  23.3  23.2  24.0  24.2 
 23.6  23.5  23.5  23.6  23.1  22.9  23.2  23.4  23.1  23.2  23.7  23.5  22.9  23.0  22.8  23.1  22.9  22.6  23.1  22.8  23.0  22.9  23.3  22.9  22.7  22.9  23.5  23.3  23.5  24.0  24.1  23.8 
 23.5  23.3  23.5  23.6  23.3  23.1  23.3  23.4  23.4  23.8  24.3  24.0  23.0  22.8  23.0  22.9  22.8  22.7  23.0  22.9  22.8  22.8  22.9  23.1  22.9  22.8  23.5  23.5  23.6  24.2  23.9  23.9 
 23.2  23.2  23.5  23.2  23.3  22.9  23.5  23.4  23.8  24.6  26.3  24.5  22.9  22.9  23.0  23.0  23.0  22.6  23.0  22.9  22.9  22.8  23.0  23.0  23.1  22.8  23.4  23.4  23.0  23.4  23.6  23.5 
 23.4  23.5  23.3  23.4  23.1  23.1  23.4  23.4  24.1  25.4  27.9  25.5  23.0  23.0  23.0  23.1  22.7  22.9  22.8  22.9  22.9  22.8  23.0  23.1  23.0  22.9  23.2  23.3  23.2  23.0  23.5  23.5 
 23.6  23.4  23.2  23.1  23.3  23.1  23.2  23.3  23.6  23.6  24.7  23.9  23.0  22.8  23.0  22.9  23.0  22.6  22.8  23.1  22.8  23.0  23.0  22.9  23.1  22.9  23.3  23.2  23.1  23.0  22.9  22.3 
 23.8  23.4  23.5  23.4  23.1  23.0  23.1  23.2  23.2  22.9  23.1  23.1  22.9  22.8  22.9  22.9  22.8  23.0  23.0  23.0  22.8  22.8  22.9  22.9  22.9  22.9  23.2  23.3  23.1  23.0  23.2  23.5 
 23.6  23.5  23.9  23.8  23.4  23.1  23.3  23.1  23.0  22.8  23.1  23.1  23.0  22.7  23.0  22.9  22.8  22.8  23.0  23.1  22.9  22.7  23.1  22.9  23.1  23.0  23.1  23.3  23.1  23.0  23.4  23.4 
 24.4  24.3  24.6  24.9  24.8  24.7  23.8  23.6  23.0  23.1  23.1  23.0  23.0  22.8  23.0  23.0  22.9  22.8  23.0  22.9  23.0  22.8  23.1  22.9  23.0  22.8  22.8  22.9  23.0  23.0  23.4  23.7 
 24.6  24.4  25.6  25.6  25.6  25.7  25.2  24.5  23.4  23.2  23.2  23.1  22.8  22.9  23.0  23.1  22.9  22.9  22.9  23.0  22.9  22.6  22.9 nan  23.0  22.8  23.0  23.0  23.2  22.9  23.7  23.5 
 25.6  25.1  26.3  27.1  28.7  29.7  38.1  41.8  39.9  33.9  23.6  23.4  23.0  23.0  23.1  23.0  23.1  22.9  23.1  22.9  22.8  22.7  22.9  23.0  23.1  22.9  23.3  23.6  23.3  23.3  23.6  23.6 
 25.9  25.8  27.1  27.6  30.1  32.6  47.7  54.3  58.7  51.7  25.0  23.6  23.0  23.1  23.1  22.9  22.9  22.8  23.0  23.0  22.8  22.7  23.0  23.1  22.7  22.9  24.0  24.4  23.6  23.2  23.5  23.6 
 25.9  26.3  27.6  28.6  32.7  36.8  57.5  66.6  77.6  73.4  30.7  24.9  23.1  22.9  23.1  23.0  23.2  22.9  23.1  23.0  22.9  22.7  23.1  23.1  22.8  23.2  25.6  25.6  23.3  23.4  23.5  23.7 
 26.3  25.9  27.9  28.5  33.0  37.0  57.3  68.8  87.2  82.3  30.5  24.8  23.2  23.2  23.2  23.1  22.8  22.8  23.0  23.0  22.9  22.8  23.0  23.0  22.9  22.9  24.5  24.7  23.6  23.3  23.8  23.7 
 25.9  26.3  27.8  28.3  30.3  32.0  45.5  55.5  67.7  57.4  25.6  23.9  23.3  23.2  23.1  23.2  23.0  22.8  23.1  23.2  22.9  23.0  23.0  23.0  22.9  23.0  23.2  23.5  23.4  23.3  23.9  23.6 
 26.1  26.1  27.3  27.7  28.8  29.6  37.7  42.8  46.5  39.1  24.4  23.8  23.2  23.1  23.2  23.1  22.8  22.9  23.1  23.0  23.1  22.9  22.9  22.9  23.0  22.8  23.2  23.3  23.5  23.4  23.6  23.8 
 26.1  26.2  26.6  26.9  27.2  27.6  29.0  29.6  28.5  26.3  23.9  23.5  23.3  23.2  23.4  23.5  23.2  23.0  23.1  23.2  23.1  22.8  23.3  23.4  23.1  23.0  23.4  23.5  23.5  23.2  23.7  24.2 
 26.0  26.0  26.6  26.8  26.7  26.7  27.6  27.7  26.5  25.3  23.9  23.6  23.4  23.2  23.5  23.3  23.1  23.0  23.3  23.1  23.1  22.8  23.1  23.2  23.2  22.9  23.4  23.4  23.4  23.3  24.2  24.1 
 25.8  25.8  26.2  26.5  26.2  25.9  26.3  26.3  25.3  24.6  23.9  24.1  23.3  23.2  23.4  23.3  23.1  23.1  23.4  23.3  23.0  23.2  23.5  23.5  23.1  23.3  23.4  23.9  23.6  23.4  24.1  25.0 
 25.9  25.7  26.3  26.2  25.7  25.6  25.7  25.6  24.7  24.4  23.8  24.0  23.5  23.4  23.6  23.4  23.3  23.0  23.5  23.4  23.0  23.2  23.6  23.4  23.2  23.1  23.7  23.8  23.5  23.8  25.2  25.6 
 26.8  26.0  25.8  26.3  25.6  25.2  25.5  25.1  24.5  24.3  24.2  24.1  23.7  23.5  23.5  23.4  23.3  23.4  23.4  23.5  23.2  23.3  23.6  23.7  23.6  23.3  24.1  24.3  24.2  24.1  25.8  26.9 
 27.5  26.6  25.9  26.0  25.2  25.3  25.2  24.9  24.2  23.9  24.0  24.2  23.7  23.6  23.7  23.7  23.5  23.5  23.5  23.6  23.5  23.3  23.9  23.6  23.6  23.5  24.7  25.1  25.2  24.9  26.8  27.2 
