 24.1  23.6  24.2  24.4  23.7  23.5  23.7  23.6  23.4  23.0  23.3  23.5  23.2  23.0  23.2  23.3  23.0  23.0  23.2  23.4  23.0  22.7  23.3  23.6  23.1  22.8  23.6  23.8  23.7  23.5  24.9  25.8 
 24.0  23.7  24.3  24.0  23.3  23.4  23.7  23.6  23.3  23.2  23.6  23.6  23.0  22.8  23.4  23.3  22.9  22.9  23.4  23.2  22.8  22.8  23.5  23.2  23.0  23.3  23.6  23.7  23.3  23.4  24.9  25.3 
 23.7  23.3  23.9  23.9  23.3  22.9  23.6  23.7  23.3  23.1  23.5  23.3  23.0  22.9  23.1  23.2  22.9  22.9  23.0  23.3  23.1  22.9  23.2  23.4  23.0  23.0  23.5  23.7  23.7  23.4  23.8  24.6 
 23.2  23.5  24.2  23.7  23.3  22.9  23.6  23.6  23.2  23.3  23.8  23.6  22.8  22.8  23.3  23.1  22.8  22.9  23.3  22.9  22.9  22.8  23.4  23.3  22.7  23.0  23.8  23.3  23.4  24.0  24.1  24.2 
 23.7  23.2  23.5  23.7  23.3  23.0  23.2  23.4  23.5  23.6  24.4  24.0  22.9  22.8  23.2  23.1  22.8  22.8  22.9  23.0  22.8  22.7  23.2  23.4  23.0  22.9  23.3  23.5  23.9  23.9  23.9  24.1 
 23.2  23.2  23.8  23.5  23.0  23.0  23.6  23.2  23.9  24.6  26.2  24.4  23.0  23.0  23.1  23.0  22.8  22.8  23.1  22.9  22.9  22.8  23.2  23.1  23.1  22.9  23.6  23.4  23.2  23.2  24.0  23.8 
 23.5  23.3  23.6  23.8  23.1  23.0  23.1  23.5  24.2  25.3  28.2  25.6  23.0  22.9  22.9  23.1  22.8  22.8  22.9  23.1  23.0  22.9  23.1  23.3  22.9  22.8  23.2  23.6  23.1  23.1  23.7  24.0 
 23.4  23.5  23.5  23.5  23.0  23.0  23.5  23.4  23.5  23.8  24.9  23.9  22.8  22.8  23.2  22.9  22.8  22.8  22.9  23.1  22.7  22.8  23.4  23.1  23.0  23.0  23.4  23.5  23.2  23.1  23.7  22.8 
 23.5  23.4  23.6  23.7  23.1  23.1  23.3  23.5  22.9  22.9  23.2  23.2  23.1  22.8  22.9  23.2  22.8  22.8  23.0  23.0  22.9  22.8  23.0  23.1  23.1  23.0  23.1  23.4  23.2  22.8  23.2  23.6 
 23.3  23.5  24.0  23.6  23.4  23.3  23.4  23.1  22.8  22.9  23.2  23.2  22.9  22.7  23.2  23.1  22.7  22.8  23.2  23.1  22.8  22.8  23.3  23.0  22.8  23.0  23.3  23.4  22.8  22.9  23.7  23.6 
 24.3  24.3  24.9  25.1  24.7  24.3  23.8  23.7  23.3  23.1  23.1  23.2  23.0  22.7  23.1  23.1  23.0  22.8  23.0  23.1  22.9  22.9  22.9  23.2  23.0  22.7  23.0  23.1  23.1  23.1  23.2  23.7 
 24.4  24.5  25.5  25.6  25.7  25.7  25.4  24.6  23.4  23.2  23.2  23.4  22.6  22.8  23.1  23.2  22.9  22.9  23.1  22.9  22.8  22.8  23.0 nan  22.9  22.7  23.3  23.3  23.2  22.9  24.0  23.9 
 25.3  25.4  26.3  27.2  28.7  29.6  38.2  42.2  39.8  33.8  23.8  23.5  23.1  22.9  23.1  23.2  23.0  22.7  23.1  22.9  23.0  22.7  23.1  23.1  22.9  22.8  23.5  23.6  23.3  23.3  23.9  23.9 
 25.5  25.6  27.3  27.8  30.1  32.6  48.1  54.5  58.7  51.8  25.1  23.8  22.9  22.9  23.1  23.0  22.9  22.9  23.1  23.1  22.9  22.9  23.3  23.1  22.9  22.8  24.3  24.3  23.4  23.2  23.8  23.4 
 26.1  26.4  27.8  28.7  32.7  36.7  57.7  66.7  77.6  73.5  30.9  25.1  23.3  22.9  23.1  23.2  23.0  22.8  23.1  23.3  23.0  22.9  23.1  23.4  23.1  23.0  25.8  25.8  23.7  23.2  23.7  24.0 
 26.0  26.1  27.8  28.6  32.9  36.8  57.4  68.9  87.2  82.3  30.6  25.0  23.1  23.1  23.3  23.1  22.8  23.0  23.2  23.1  22.7  23.0  23.3  23.1  22.7  22.8  24.6  24.8  23.3  23.5  24.0  23.9 
 25.9  26.1  27.6  28.3  30.3  31.7  45.7  55.6  67.8  57.2  25.7  24.0  23.3  23.0  23.1  23.2  23.0  22.9  23.1  23.2  23.1  22.7  23.1  23.3  23.1  22.6  23.3  23.8  23.6  23.1  23.7  24.3 
 26.1  26.3  27.6  27.8  28.6  29.7  37.9  42.9  46.3  39.2  24.3  23.8  23.3  23.0  23.3  23.2  22.9  22.9  23.2  23.3  22.8  23.0  23.4  23.3  22.9  22.9  23.6  23.2  23.4  23.5  24.2  24.0 
 26.2  26.2  26.7  27.2  27.5  27.6  29.1  29.7  28.5  26.4  23.9  23.9  23.4  23.1  23.5  23.4  23.2  23.1  23.2  23.5  23.0  23.0  23.1  23.6  23.0  22.9  23.3  23.6  23.7  23.2  23.9  24.6 
 25.9  26.2  26.9  26.7  26.6  26.8  28.0  27.9  26.5  25.3  24.1  23.8  23.3  23.1  23.5  23.3  23.3  23.1  23.5  23.3  22.9  22.9  23.3  23.3  22.8  23.1  23.6  23.6  23.4  23.6  24.3  24.3 
 26.0  25.6  26.5  26.4  26.1  25.9  26.0  26.3  25.5  24.4  24.0  24.2  23.4  23.2  23.4  23.5  23.3  23.2  23.4  23.4  23.2  22.9  23.5  23.6  23.6  23.0  23.7  24.1  23.6  23.6  24.3  25.6 
 25.7  25.9  26.4  26.1  25.9  25.8  26.0  25.9  24.7  24.4  24.3  23.9  23.3  23.2  23.6  23.7  23.1  23.0  23.3  23.3  23.0  23.2  23.7  23.5  23.3  23.4  24.0  23.9  23.3  23.6  25.2  25.9 
 27.0  26.0  25.8  26.5  25.4  25.2  25.5  25.3  24.7  24.1  24.3  24.5  23.7  23.3  23.5  24.1  23.7  23.3  23.8  23.8  23.5  23.1  23.6  24.0  23.4  23.4  24.2  24.7  24.6  24.1  26.1  28.2 
 27.2  26.9  26.4  26.2  25.0  25.5  25.2  25.0  24.1  24.1  24.2  24.2  23.5  23.7  23.8  23.4  23.4  23.4  24.0  23.7  23.3  23.4  23.9  23.7  23.5  23.7  25.0  25.5  24.8  25.1  27.2  27.7 
