 24.1  23.3  24.3  23.6  23.4  22.9  23.3  23.2  23.0  22.3  23.0  22.8  22.8  22.6  22.9  22.9  22.9  22.5  23.2  23.0  22.9  22.6  23.9  24.0  26.8  26.0  29.5  30.1  30.0  30.2  31.1  31.3 
 23.8  23.5  24.0  24.1  23.3  22.8  23.1  23.1  22.6  22.8  23.0  23.3  22.5  22.8  23.0  23.0  22.7  22.8  23.2  23.0  22.9  22.7  23.2  23.8  24.0  26.3  28.2  29.8  30.1  30.4  31.1  31.0 
 23.4  23.4  23.6  23.5  23.3  22.7  23.2  23.0  23.1  22.6  23.0  23.1  22.7  22.5  23.0  22.8  22.7  22.6  22.9  23.1  22.7  22.6  23.4  23.6  24.4  25.2  28.8  30.6  30.1  30.1  30.7  30.4 
 23.3  23.2  23.6  23.6  23.0  22.9  23.3  23.3  22.8  23.0  23.1  23.1  22.6  22.6  22.9  23.1  22.7  22.7  22.9  23.0  22.6  22.8  23.3  23.6  25.9  26.4  31.0  30.8  31.3  30.2  30.9  30.4 
 23.6  23.2  23.5  23.4  22.8  22.8  23.3  23.2  23.3  23.1  23.0  22.9  22.8  22.7  23.0  22.7  22.6  22.5  22.9  22.9  22.8  22.7  23.8  25.5  28.3  29.7  31.6  32.0  32.1  32.3  31.0  30.6 
 23.1  23.1  23.5  23.6  22.9  22.7  23.4  23.4  23.3  24.0  23.3  23.2  22.8  22.7  22.9  23.1  22.7  22.7  23.0  23.0  22.8  22.8  24.5  25.7  29.8  30.0  31.6  32.3  32.6  32.2  30.4  30.8 
 23.1  23.2  23.5  23.3  22.9  22.6  23.4  23.6  25.3  26.8  24.4  23.5  22.8  22.6  22.9  22.9  22.8  22.7  23.0  23.0  22.9  22.8  24.8  27.0  30.1  31.0  31.8  32.2  32.3  30.7  29.0  27.6 
 23.3  23.3  23.5  23.5  22.9  23.0  23.5  23.7  26.0  27.8  24.9  23.5  22.8  22.8  22.8  22.9  22.7  22.8  22.8  23.0  22.7  23.0  24.7  26.8  30.9  30.9  31.8  32.1  30.0  31.2  26.6  27.4 
 23.8  22.9  23.4  23.3  22.9  22.8  23.3  23.4  23.6  23.6  23.5  23.0  22.9  22.6  23.0  23.1  22.8  22.8  23.2  23.1  22.9  22.9  24.7  26.8  30.5  30.7  31.7  32.0  30.2  28.1  26.8  25.3 
 23.3  23.5  23.7  23.6  23.0  23.0  23.3  23.2  23.0  23.1  23.0  23.0  22.6  22.8  22.9  22.9  22.8  22.8  23.1  23.1  22.8  22.9  24.0  25.8  29.6  30.7  31.6  31.8  28.9  28.3  25.6  26.2 
 23.9  23.9  24.1  23.9  23.5  23.2  23.4  23.3  22.9  22.8  23.1  22.9  22.7  22.6  23.0  23.0  22.9  22.8  23.2  22.9  22.8  22.6  23.3  23.6  26.6  26.0  29.2  27.5  28.2  24.9  26.9  25.0 
 23.8  23.8  24.3  24.4  24.0  24.1  23.7  23.5  22.9  22.9  23.1  23.1  22.7  22.7  22.9  23.0  22.7  22.9  23.0  23.1  22.8  22.8  23.2 nan  23.3  25.1  25.8  28.6  25.6  29.1  24.9  28.1 
 24.6  24.5  25.6  25.6  26.5  26.6  29.2  29.9  27.8  26.0  23.5  23.1  22.9  22.6  23.1  23.0  23.0  22.6  23.0  22.8  22.7  22.6  23.2  23.2  23.2  23.1  25.4  25.8  29.4  24.2  31.6  25.5 
 24.6  25.1  25.7  26.3  27.5  28.8  37.0  42.6  45.2  39.8  24.2  23.4  22.9  22.9  23.0  23.0  22.7  22.8  22.9  23.0  22.7  22.8  23.2  23.1  22.9  23.0  23.7  24.9  24.1  30.0  25.2  30.5 
 25.3  25.2  26.8  27.3  30.3  32.8  52.3  60.8  71.5  67.9  34.6  25.8  23.0  22.6  23.0  22.8  22.9  22.5  23.1  23.1  22.7  22.6  23.2  23.0  23.0  22.8  23.6  23.3  25.3  24.0  27.4  26.2 
 25.4  25.4  27.0  27.7  30.5  33.5  52.7  61.6  76.7  76.2  39.3  26.8  23.1  22.9  22.8  22.8  22.7  22.7  23.0  23.0  22.7  22.8  23.1  23.2  22.7  23.0  23.6  23.6  23.3  25.0  25.9  26.1 
 25.7  25.7  27.1  27.5  29.9  32.0  46.2  55.6  78.9  78.8  34.3  25.5  23.0  22.7  23.2  22.9  22.9  22.7  23.3  23.0  23.1  22.6  23.3  23.1  23.3  22.8  23.6  23.5  23.6  23.1  24.8  25.9 
 25.5  25.7  26.8  27.2  29.0  30.5  39.2  45.6  61.3  58.6  28.0  24.5  23.0  22.9  23.2  23.2  22.9  22.9  23.1  23.2  22.9  23.0  23.1  23.5  23.1  23.2  23.5  23.4  23.4  23.7  25.0  24.6 
 26.0  25.7  26.9  26.9  27.3  27.5  29.8  31.2  32.6  30.5  24.6  23.7  23.2  22.9  23.4  23.1  23.0  22.8  23.1  23.2  23.1  22.7  23.5  23.6  23.3  23.1  23.5  23.7  23.4  23.3  24.4  24.7 
 25.7  25.8  26.7  26.8  26.6  26.8  28.1  28.5  28.3  27.4  24.3  23.8  23.1  23.1  23.1  23.3  22.8  22.8  23.2  23.2  22.9  22.9  23.1  23.3  23.0  23.2  23.5  24.0  23.1  23.6  24.3  24.7 
 25.6  25.3  26.4  26.1  26.1  25.8  26.6  26.4  25.7  25.2  24.2  23.6  23.2  23.1  23.3  23.4  22.9  22.9  23.2  23.2  23.2  22.8  23.6  23.3  23.4  22.9  24.0  23.6  23.8  23.6  25.4  25.4 
 25.6  25.6  25.8  26.1  25.6  25.5  25.9  26.2  25.1  25.0  23.9  23.9  23.3  23.2  23.3  23.4  23.1  23.0  23.3  23.5  23.0  23.4  23.5  23.7  23.3  23.3  23.6  24.1  24.2  24.4  26.0  26.1 
 27.1  26.0  26.1  25.9  25.5  25.1  25.5  25.5  24.8  23.9  24.1  24.1  23.7  23.4  23.7  23.5  23.4  23.1  23.6  23.6  23.4  23.1  24.0  23.4  23.6  23.3  24.9  25.4  25.7  25.0  26.8  27.3 
 26.4  26.7  25.8  25.8  25.0  25.2  25.3  25.0  24.3  24.3  24.1  24.1  23.3  23.3  23.4  23.6  23.1  23.3  23.5  23.5  23.2  23.5  23.9  24.0  24.1  24.3  25.5  26.2  25.4  25.6  27.2  28.7 
