 24.3  23.6  24.0  24.0  23.7  23.5  23.7  23.6  23.5  23.1  23.5  23.4  23.2  23.0  23.2  23.2  23.1  22.8  23.3  23.2  23.0  23.0  23.6  23.3  23.1  22.9  23.4  23.5  23.8  23.6  24.9  25.5 
 23.8  23.5  23.8  24.0  23.3  23.3  23.6  23.5  23.1  23.2  23.5  23.5  23.0  23.0  23.3  23.3  22.9  23.0  23.3  23.2  22.9  23.0  23.3  23.3  23.2  23.1  23.4  23.7  23.4  23.9  24.7  25.1 
 24.0  23.5  24.0  23.4  23.3  22.9  23.4  23.5  23.2  22.9  23.4  23.4  23.1  22.9  23.3  23.0  23.0  22.9  23.0  23.1  22.8  22.8  23.2  23.2  23.4  23.1  23.6  23.4  23.6  23.7  24.2  24.2 
 23.6  23.7  23.6  23.7  23.2  23.0  23.4  23.6  23.3  23.3  23.7  23.4  22.8  22.9  23.0  23.0  22.8  22.9  23.0  23.0  22.8  22.6  23.1  23.2  22.9  23.0  23.5  23.4  23.5  24.5  24.3  24.2 
 23.9  23.2  23.6  23.3  23.1  22.8  23.3  23.3  23.6  23.9  24.4  23.9  22.9  22.8  23.1  22.9  22.8  22.7  23.0  22.9  22.8  22.7  23.1  23.1  23.0  22.9  23.5  23.6  23.7  24.1  24.1  24.1 
 23.4  23.1  23.5  23.0  22.7  23.0  23.4  23.5  23.9  24.6  26.3  24.7  23.0  23.1  22.9  23.1  22.8  22.8  23.1  23.0  22.9  22.8  23.0  23.3  23.1  22.9  23.2  23.4  23.2  23.2  24.0  23.8 
 23.7  23.2  23.6  23.5  23.0  22.9  23.4  23.3  24.2  25.3  28.1  25.3  22.9  22.9  22.9  23.0  22.6  22.8  22.9  22.9  23.0  22.8  23.1  23.2  23.1  22.8  23.4  23.4  23.2  23.1  23.7  23.5 
 23.4  23.5  23.5  23.7  23.0  23.0  23.1  23.3  23.3  23.8  24.7  23.9  23.0  22.7  23.0  23.0  22.8  22.6  22.8  22.9  22.8  22.8  23.2  23.3  23.0  22.8  23.3  23.3  23.1  23.0  23.2  22.7 
 23.8  23.4  23.7  23.4  23.2  23.2  23.1  23.2  23.0  22.9  23.2  23.1  23.0  22.8  22.9  23.1  22.8  22.8  23.0  23.0  22.9  22.9  23.1  23.1  23.0  22.9  23.3  23.0  23.2  23.1  23.4  23.5 
 23.6  23.7  23.6  23.9  23.3  23.3  23.3  23.1  23.0  22.9  23.1  23.1  22.9  22.8  23.0  23.1  22.9  22.8  23.0  23.1  22.9  22.9  23.1  23.2  22.8  22.9  23.1  23.4  22.9  22.9  23.5  23.6 
 24.7  24.4  24.9  24.9  24.7  24.3  23.9  23.7  23.0  23.0  23.2  23.1  22.9  22.9  23.1  23.0  22.7  22.9  23.0  22.9  23.0  22.8  23.1  23.1  23.0  22.7  23.1  23.1  23.1  23.0  23.7  23.5 
 24.4  24.5  25.1  25.7  25.7  25.6  25.4  24.6  23.2  23.2  23.1  23.2  22.8  22.9  23.1  23.1  22.8  22.9  22.9  23.1  22.8  22.9  23.0 nan  22.9  22.9  22.8  23.4  23.0  23.1  23.6  23.9 
 25.4  25.2  26.8  27.0  28.8  29.7  38.1  42.0  39.8  33.9  23.8  23.3  23.1  22.9  23.2  23.2  23.1  22.8  23.1  23.0  22.9  22.8  23.0  23.1  22.9  23.0  23.5  23.3  23.2  23.3  23.9  23.8 
 25.9  26.1  27.1  27.7  30.1  32.8  47.7  54.4  58.7  51.7  25.1  23.8  23.0  23.0  23.1  23.2  22.8  22.9  22.9  23.2  22.8  22.8  23.1  23.2  22.9  22.9  24.1  24.5  23.6  23.3  23.4  23.7 
 26.1  26.4  28.0  28.7  32.7  36.7  57.7  66.6  77.6  73.4  30.8  24.7  23.2  23.0  23.1  23.2  23.0  22.8  23.2  23.2  22.8  22.8  23.2  23.0  22.8  23.0  25.9  25.5  23.7  23.3  23.6  23.7 
 25.9  26.1  27.5  29.0  33.0  36.9  57.2  68.9  87.3  82.2  30.6  24.9  23.2  23.1  23.1  23.1  22.9  22.9  23.1  23.1  22.8  22.9  23.0  23.1  22.8  23.0  24.4  24.8  23.5  23.6  23.6  23.9 
 26.2  26.1  27.8  28.3  30.1  31.7  45.7  55.6  67.8  57.2  25.7  24.1  23.3  23.1  23.1  23.1  23.1  22.8  23.2  23.2  22.8  22.7  23.1  23.0  23.1  22.8  23.3  23.3  23.3  23.1  24.1  23.8 
 26.1  26.1  27.5  27.7  28.8  29.7  37.7  43.0  46.4  39.3  24.4  23.9  23.3  23.2  23.3  23.4  23.0  22.9  23.0  23.2  22.9  23.0  23.1  23.2  23.0  22.8  23.3  23.5  23.4  23.3  23.9  24.2 
 26.6  26.0  26.9  27.1  27.3  27.4  29.1  29.5  28.2  26.5  24.1  23.8  23.3  23.1  23.5  23.3  23.3  23.1  23.3  23.3  23.1  23.0  23.4  23.4  23.1  22.9  23.5  23.5  23.8  23.2  23.9  24.2 
 25.8  25.9  26.6  26.9  26.7  26.9  27.7  27.7  26.6  25.4  24.0  23.8  23.2  23.3  23.3  23.3  23.3  23.0  23.4  23.3  23.0  23.0  23.1  23.3  23.1  23.2  23.4  23.6  23.6  23.4  24.2  24.5 
 26.2  26.1  26.3  26.4  25.9  26.1  26.2  26.2  25.4  24.6  24.1  23.7  23.4  23.2  23.3  23.6  23.1  23.0  23.4  23.4  23.2  23.0  23.5  23.4  23.5  23.3  24.0  23.8  23.4  23.6  24.5  24.5 
 25.5  26.0  26.1  26.5  25.8  25.9  25.8  26.1  24.6  24.4  23.9  24.1  23.4  23.3  23.6  23.7  23.0  23.2  23.7  23.4  23.1  23.2  23.3  23.5  23.3  23.1  23.7  23.9  23.8  23.6  25.0  25.3 
 27.0  26.2  25.8  26.1  25.7  25.0  25.6  25.2  24.5  24.1  24.2  24.3  23.6  23.5  23.4  23.6  23.6  23.3  23.7  23.4  23.3  23.1  23.6  23.8  23.4  23.1  24.0  24.2  24.6  23.9  26.5  26.4 
 26.9  26.6  26.1  26.4  25.5  25.3  25.2  25.2  24.2  24.3  24.1  24.2  23.7  23.4  23.7  23.8  23.4  23.6  23.7  23.7  23.3  23.4  23.9  23.9  23.5  23.5  24.7  25.1  24.6  24.6  27.2  28.2 
