 24.5  23.3  24.2  23.8  23.1  22.5  23.0  23.1  22.7  22.4  23.1  22.9  22.7  22.3  22.9  22.9  22.6  22.4  23.0  22.9  22.8  22.6  23.2  23.7  25.7  26.2  27.7  27.6  27.9  27.7  29.4  30.8 
 23.3  23.4  23.8  23.9  22.8  23.0  22.9  23.2  22.6  22.5  22.9  23.0  22.4  22.6  23.0  22.7  22.7  22.6  22.9  22.8  22.5  22.6  23.1  23.3  24.9  26.2  27.9  28.2  28.0  28.8  29.1  29.5 
 23.3  22.9  23.8  23.4  22.7  22.3  23.0  23.0  22.7  22.4  22.6  22.9  22.5  22.3  22.7  22.9  22.6  22.3  22.9  22.8  22.7  22.5  23.1  23.1  23.2  23.7  27.0  27.9  28.8  28.7  30.2  30.3 
 23.0  23.3  23.5  23.8  22.6  22.4  23.2  23.1  22.6  22.6  23.2  23.0  22.4  22.5  22.6  22.9  22.5  22.4  22.9  22.9  22.6  22.7  22.9  23.1  22.8  23.0  25.8  26.9  27.8  28.7  29.8  30.0 
 23.2  23.0  23.5  23.4  23.0  22.5  23.1  23.3  23.2  23.0  22.9  22.8  22.7  22.4  22.9  22.8  22.6  22.5  22.8  22.7  22.7  22.6  22.9  23.2  22.9  23.0  23.9  24.6  27.1  28.0  28.8  29.2 
 23.0  23.1  23.3  23.3  22.7  22.9  23.2  23.4  23.4  23.8  22.9  23.0  22.3  22.7  22.7  22.8  22.5  22.4  22.9  22.9  22.4  22.5  23.1  23.2  22.8  22.7  23.4  24.2  28.2  29.5  30.3  29.7 
 23.3  22.9  23.2  23.2  22.8  22.7  23.2  23.5  25.5  26.7  24.3  23.3  22.7  22.4  22.8  22.8  22.6  22.6  22.8  22.8  22.7  22.8  22.9  23.1  22.8  22.7  23.5  24.0  28.2  29.1  30.6  30.8 
 22.9  23.1  23.2  23.2  22.7  22.9  23.2  23.8  26.0  27.9  24.7  23.2  22.6  22.5  22.8  22.7  22.6  22.7  22.9  23.0  22.5  22.6  23.1  23.1  22.7  23.0  23.7  24.4  27.6  28.5  29.7  29.9 
 23.4  23.1  23.6  23.5  23.0  22.6  23.2  23.2  23.4  23.5  23.2  22.8  22.5  22.5  22.8  22.8  22.8  22.6  23.0  22.8  22.7  22.7  23.1  23.1  23.1  22.7  24.1  24.9  26.9  27.9  30.4  30.7 
 23.5  23.4  23.4  23.7  22.9  22.9  22.9  23.1  22.7  23.0  23.0  22.9  22.6  22.4  22.7  23.0  22.5  22.7  22.7  23.0  22.7  22.7  23.0  23.0  22.9  22.9  24.9  25.7  27.4  28.1  30.8  30.9 
 23.9  23.6  24.2  23.9  23.2  23.0  23.2  23.1  22.6  22.6  23.0  23.0  22.7  22.4  22.7  22.9  22.7  22.7  23.0  22.9  22.9  22.5  22.9  22.9  23.1  23.4  26.0  26.6  27.5  27.3  28.9  30.2 
 23.6  23.7  24.1  24.3  23.9  24.1  23.5  23.3  22.7  22.9  22.9  22.9  22.5  22.6  22.6  22.9  22.5  22.8  22.8  22.9  22.6  22.7  23.0 nan  23.1  24.1  26.3  27.2  27.3  27.6  30.1  30.6 
 24.3  23.9  25.1  25.4  26.1  26.0  28.9  29.1  27.3  25.8  23.2  23.1  22.8  22.5  22.8  22.9  22.8  22.7  22.8  22.8  22.6  22.6  23.0  23.0  23.6  24.2  26.9  27.4  28.1  28.6  31.2  31.3 
 24.3  24.9  25.7  26.2  27.2  28.6  36.3  41.9  43.8  38.4  23.8  23.4  22.6  22.7  22.8  22.8  22.6  22.6  22.8  22.8  22.6  22.8  22.9  23.1  23.6  24.6  26.7  27.3  27.7  28.2  30.9  31.5 
 24.8  25.0  26.7  27.0  29.9  32.5  51.2  59.6  70.2  66.4  33.3  25.3  22.8  22.6  22.9  23.0  22.7  22.5  22.9  22.9  22.5  22.4  22.9  23.2  23.7  24.4  26.5  26.5  26.9  27.6  30.3  31.3 
 25.3  25.4  26.7  27.7  29.9  33.1  51.9  60.5  75.5  74.9  37.7  26.4  22.9  22.8  22.9  22.8  22.5  22.6  22.8  22.9  22.5  22.7  22.9  23.1  23.3  24.6  26.5  26.9  26.8  27.5  30.5  31.0 
 25.2  25.0  26.7  27.2  29.7  31.6  45.8  55.2  78.2  77.7  33.4  25.3  22.9  22.8  22.9  22.9  22.7  22.5  23.1  23.0  23.0  22.5  23.0  23.2  23.1  23.2  26.3  26.7  26.9  27.3  30.1  30.8 
 25.2  25.4  26.5  27.0  28.5  30.0  38.8  45.2  60.9  57.9  27.7  24.3  22.9  23.0  23.1  23.1  22.6  22.7  23.0  23.0  22.8  22.9  23.2  23.4  22.9  23.1  24.8  25.6  25.9  26.5  29.1  29.9 
 25.6  25.2  26.3  26.7  27.0  27.1  29.5  30.8  32.2  30.1  24.5  23.7  22.9  22.8  23.3  23.1  23.1  22.8  23.2  23.1  23.0  22.6  23.1  23.3  23.2  23.1  23.4  23.9  24.3  23.9  28.3  29.6 
 25.1  25.6  26.3  26.2  26.1  26.6  28.0  28.0  27.8  27.2  24.0  23.6  22.9  22.9  22.9  23.2  22.9  22.8  23.2  23.1  22.9  22.8  23.2  23.3  22.8  23.0  23.5  23.9  23.6  24.1  28.6  29.4 
 25.5  25.1  25.8  26.1  25.9  25.3  26.2  26.1  25.5  24.7  23.8  23.6  23.2  22.9  23.3  23.2  23.0  22.6  23.1  23.3  23.1  22.8  23.4  23.5  23.3  23.0  23.6  23.8  23.8  24.5  27.9  28.5 
 25.4  25.3  25.9  25.8  25.4  25.4  25.5  25.7  25.0  24.8  23.9  23.6  22.9  23.1  23.2  23.4  22.9  22.8  23.2  23.2  22.9  22.9  23.3  23.5  23.1  23.2  23.5  23.9  24.0  24.7  27.9  28.0 
 26.6  25.7  26.0  25.6  25.0  24.6  25.2  24.9  24.6  24.1  24.0  23.8  23.4  23.2  23.3  23.4  23.3  22.6  23.5  23.4  23.3  22.9  23.6  23.8  23.4  23.3  24.3  24.3  24.5  24.5  27.6  27.9 
 26.1  25.9  25.6  25.7  24.9  24.8  24.9  24.9  24.0  23.9  23.8  24.0  22.8  23.3  23.3  23.6  23.0  23.3  23.4  23.5  23.2  23.1  23.9  23.9  23.2  23.7  24.8  24.9  24.5  24.9  27.8  28.8 
