 24.6  23.8  23.8  24.0  23.7  23.6  23.7  23.5  23.4  23.3  23.0  23.4  23.2  23.0  23.1  23.2  23.0  23.0  23.2  23.1  23.1  22.8  23.2  23.4  23.3  23.3  23.3  23.1  23.9  23.7  24.2  25.5 
 24.0  23.6  23.8  23.7  23.6  23.3  23.4  23.2  23.3  23.3  23.4  23.5  23.1  22.9  23.2  23.0  23.0  23.0  23.2  22.9  23.2  22.9  23.1  23.1  22.8  23.1  23.3  23.4  23.3  23.6  24.2  24.5 
 23.7  23.5  23.7  23.6  23.5  22.9  23.3  23.6  23.1  23.2  23.4  23.3  23.2  23.0  23.2  23.2  23.1  22.9  23.1  23.2  23.2  22.8  23.1  22.9  23.2  23.1  23.3  23.2  23.5  23.7  23.8  24.0 
 23.2  23.8  23.8  23.7  23.2  23.2  23.5  23.3  23.1  23.2  23.6  23.2  23.0  22.9  23.0  23.0  23.1  22.9  23.1  23.0  23.0  23.2  23.3  23.2  23.1  23.2  23.5  23.3  23.6  24.0  24.1  24.0 
 23.5  23.5  23.6  23.1  23.4  23.1  23.2  23.5  23.7  23.8  24.4  23.9  23.2  22.9  23.1  23.0  22.8  22.8  22.9  22.8  22.9  22.8  23.1  23.3  23.1  23.1  23.4  23.4  23.7  23.9  23.9  23.9 
 23.4  23.3  23.4  23.2  22.9  23.2  23.5  23.3  23.8  24.7  26.2  24.5  23.0  23.0  23.0  22.9  22.9  22.7  23.0  22.7  22.9  22.9  23.2  23.0  23.4  23.1  23.3  23.0  23.2  24.0  23.8  23.5 
 23.5  23.2  23.3  23.5  23.2  23.0  23.3  23.5  24.2  25.4  28.0  25.4  23.0  22.9  22.9  23.0  22.9  22.9  23.0  22.9  22.9  23.1  23.1  23.1  23.1  22.8  23.1  23.3  23.1  23.0  23.5  23.5 
 23.6  23.5  23.5  23.3  23.2  22.9  23.4  23.4  23.5  23.8  24.7  23.7  23.0  22.9  23.0  22.9  23.0  22.9  22.9  23.0  23.0  22.9  23.2  23.0  22.8  22.8  23.3  23.1  23.1  23.1  23.2  22.8 
 23.8  23.4  23.3  23.5  23.2  23.0  23.2  23.1  23.3  23.1  23.3  23.0  22.9  22.9  23.0  23.0  22.8  22.8  23.0  22.9  22.9  22.9  23.0  23.1  23.1  23.0  23.2  23.3  22.9  23.0  23.2  23.6 
 23.9  23.7  23.7  23.6  23.4  23.1  23.3  23.1  23.0  22.9  23.2  23.1  22.9  22.8  23.0  22.8  22.8  22.8  23.0  23.1  22.8  22.8  23.2  22.8  23.1  22.9  23.1  23.1  23.1  23.2  23.5  23.3 
 24.6  24.6  24.6  24.9  24.7  24.5  23.9  23.6  23.4  23.2  23.1  23.1  23.0  22.8  23.0  23.1  23.0  22.9  23.0  23.0  22.9  22.8  22.9  23.0  22.9  22.8  23.1  23.2  23.3  23.0  23.4  23.8 
 24.7  24.8  25.3  25.4  25.8  25.7  25.2  24.5  23.4  23.0  23.2  23.0  22.8  22.9  23.2  23.0  23.0  22.9  23.1  22.8  22.8  23.0  23.0 nan  22.9  22.9  22.9  23.2  23.2  22.9  23.7  23.5 
 25.6  25.4  26.3  26.9  28.8  29.7  37.9  42.0  39.9  33.9  23.6  23.3  23.1  23.0  23.1  23.1  23.1  22.9  23.0  23.0  23.0  22.7  22.9  23.0  23.0  22.9  23.3  23.4  23.5  23.3  23.6  23.6 
 25.6  25.6  27.1  27.7  30.2  32.9  47.9  54.2  58.7  51.8  25.1  23.5  23.1  23.1  23.1  23.0  23.0  23.0  23.0  23.0  22.9  22.8  23.1  23.0  23.0  23.0  24.2  24.3  23.7  23.3  23.6  23.6 
 25.9  26.1  27.8  28.6  32.8  36.7  57.6  66.7  77.7  73.5  30.9  24.8  23.4  23.0  23.0  23.2  22.9  22.9  23.0  23.1  22.8  22.8  22.9  23.1  23.2  23.1  25.6  25.5  23.7  23.5  23.5  23.7 
 26.2  26.3  28.1  28.5  32.9  37.0  57.3  68.8  87.3  82.2  30.5  24.7  23.2  23.2  23.3  22.9  22.9  22.9  23.1  22.9  22.8  23.0  22.9  23.1  23.0  23.0  24.3  24.7  23.6  23.5  23.8  23.7 
 26.1  26.3  27.6  28.2  30.3  32.0  45.6  55.6  67.8  57.3  25.8  24.0  23.2  23.1  23.2  23.2  23.2  22.9  23.2  23.2  23.1  22.9  23.2  23.2  23.3  22.8  23.3  23.5  23.6  23.2  23.7  23.8 
 26.3  26.3  27.3  27.4  28.8  29.7  37.8  43.0  46.5  39.3  24.5  23.7  23.4  23.3  23.3  23.1  23.1  22.9  23.2  23.2  22.9  22.9  23.0  23.1  22.9  23.0  23.5  23.2  23.5  23.4  23.8  24.0 
 26.3  26.2  26.7  26.8  27.5  27.6  28.9  29.7  28.2  26.4  23.8  23.7  23.5  23.1  23.4  23.5  23.3  23.2  23.1  23.3  23.1  23.1  23.4  23.3  23.3  23.3  23.4  23.5  23.4  23.4  23.9  24.4 
 26.0  26.0  26.4  26.7  26.7  27.0  27.7  27.5  26.4  25.5  23.7  23.6  23.4  23.4  23.5  23.2  23.1  23.2  23.3  23.1  22.9  23.1  23.4  23.0  23.3  23.1  23.4  23.4  23.3  23.6  24.2  24.1 
 26.2  25.8  26.5  26.2  26.1  25.9  26.2  26.1  25.3  24.4  23.9  24.0  23.5  23.4  23.3  23.4  23.2  23.0  23.2  23.1  23.3  23.0  23.4  23.3  23.4  23.1  23.4  23.8  23.9  23.6  24.1  24.5 
 26.1  26.2  26.3  26.4  25.8  25.8  26.0  25.6  24.8  24.5  23.9  23.7  23.6  23.3  23.6  23.3  23.4  23.2  23.7  23.4  23.3  23.3  23.7  23.2  23.3  23.3  23.7  23.8  23.8  23.7  25.0  25.4 
 27.0  25.8  25.8  26.0  25.6  25.2  25.5  25.2  24.5  24.1  24.1  24.0  23.9  23.5  23.6  23.5  23.5  23.4  23.6  23.6  23.5  23.2  23.7  23.8  23.7  23.3  24.1  24.3  24.0  24.1  26.2  26.9 
 27.2  26.7  25.9  26.0  25.2  25.3  25.1  25.1  24.5  24.3  24.1  24.0  23.6  23.6  23.7  23.6  23.5  23.5  23.5  23.8  23.5  23.2  23.5  23.5  23.6  23.7  24.7  25.2  24.8  25.1  26.8  27.2 
