 24.5  23.8  24.0  23.8  23.5  23.3  23.6  23.6  23.2  23.1  23.4  23.5  23.3  22.9  23.2  23.3  22.9  22.9  23.4  23.2  23.0  23.0  23.2  23.3  23.1  22.9  23.8  23.4  23.5  23.6  24.9  25.5 
 24.2  23.3  24.0  23.8  23.5  23.2  23.4  23.6  23.3  23.2  23.5  23.2  23.1  23.0  23.3  23.2  22.9  22.9  23.1  23.3  23.2  23.0  23.2  23.3  23.1  23.4  23.4  23.5  23.4  23.2  24.4  25.3 
 23.7  23.5  23.7  23.6  23.3  23.2  23.3  23.5  23.3  23.3  23.3  23.3  23.0  22.9  23.2  23.3  23.0  23.1  23.0  23.2  23.1  22.9  23.4  23.3  23.1  23.1  23.6  23.5  23.5  23.6  24.2  24.6 
 23.9  23.3  23.8  23.5  23.5  23.1  23.2  23.7  23.4  23.3  23.7  23.4  23.0  22.8  23.0  23.2  22.9  22.9  23.1  22.9  23.2  22.9  23.2  23.2  23.1  22.9  23.6  23.3  23.4  24.1  24.3  24.0 
 23.3  23.5  23.6  23.4  23.4  23.1  23.4  23.5  23.5  24.0  24.5  24.1  23.0  22.8  23.2  22.9  22.8  22.7  23.0  23.0  23.0  22.9  23.1  23.0  23.2  23.2  23.3  23.5  23.7  23.8  23.9  24.1 
 23.2  23.1  23.5  23.3  23.1  23.1  23.4  23.2  23.9  24.7  26.4  24.5  22.9  22.9  23.1  23.0  22.8  22.6  23.0  22.9  23.0  22.9  23.0  23.1  23.2  22.9  23.3  23.2  23.2  23.5  24.0  23.8 
 23.5  23.6  23.5  23.4  23.2  23.1  23.5  23.5  24.2  25.5  27.9  25.4  23.1  22.8  22.9  23.1  22.7  22.8  23.0  23.0  23.0  23.0  23.0  23.3  23.1  22.9  23.2  23.6  23.4  23.0  23.7  23.5 
 23.6  23.1  23.4  23.5  23.1  22.8  23.1  23.4  23.3  23.7  24.7  23.8  23.0  22.7  23.0  22.9  22.9  22.8  22.9  22.9  22.9  22.8  23.1  23.2  23.0  22.9  23.3  23.3  23.1  23.0  23.4  22.8 
 23.8  23.7  23.9  23.4  23.1  23.1  23.2  23.2  23.1  22.9  23.2  23.2  22.9  22.9  23.0  23.1  22.8  22.9  23.0  23.0  22.9  22.8  23.0  23.0  23.1  23.1  23.1  23.3  23.2  23.1  23.5  23.5 
 23.5  23.5  23.9  23.8  23.6  23.2  23.2  23.3  23.1  23.1  23.3  23.1  23.1  22.9  23.1  23.0  22.8  22.7  23.0  23.1  23.0  22.7  22.9  23.2  23.0  23.0  23.2  23.5  22.9  23.1  23.5  23.6 
 24.6  24.6  24.6  25.0  24.8  24.5  23.9  23.7  23.2  23.0  23.4  23.2  23.0  23.0  23.1  23.2  22.9  22.8  23.0  22.9  23.0  22.9  23.2  23.2  23.0  22.9  23.2  23.2  23.1  23.1  23.7  23.7 
 24.5  24.4  25.3  25.5  25.7  25.6  25.3  24.6  23.4  23.2  23.1  23.2  23.0  23.0  23.0  23.0  22.8  22.8  23.2  23.0  22.9  22.8  23.0 nan  22.9  22.8  23.0  23.4  23.2  23.0  23.8  23.8 
 25.4  25.2  26.6  27.0  28.7  29.7  38.1  42.1  39.8  33.8  23.7  23.3  22.9  22.8  23.1  23.2  22.8  22.8  23.3  22.9  22.8  22.8  23.0  23.1  22.9  23.1  23.5  23.6  23.2  23.4  23.7  23.9 
 25.6  26.0  27.1  27.7  30.2  32.5  47.8  54.3  58.8  51.8  25.0  23.7  23.3  22.9  23.1  23.1  22.9  22.9  22.9  23.2  22.9  22.8  23.1  23.1  23.0  23.0  24.4  24.5  23.9  23.3  23.8  23.7 
 25.9  26.3  27.9  28.7  32.7  36.7  57.7  66.7  77.7  73.4  30.8  25.0  23.2  23.2  23.1  23.2  23.2  22.9  23.1  23.2  22.9  22.9  23.1  23.1  22.9  22.9  25.8  25.7  23.6  23.3  23.8  23.9 
 26.0  26.4  27.9  29.0  33.0  37.0  57.4  68.9  87.3  82.1  30.6  25.1  23.2  23.0  23.1  23.1  23.0  22.9  23.1  23.0  22.9  22.9  23.1  23.0  23.0  22.9  24.4  24.6  23.6  23.2  23.8  23.7 
 26.1  26.3  27.7  28.3  30.1  32.1  45.6  55.5  67.8  57.3  25.7  24.1  23.2  23.1  23.1  23.1  23.2  22.9  23.2  23.2  22.9  22.9  23.1  23.1  23.1  22.9  23.3  23.4  23.7  23.4  23.9  23.9 
 26.1  26.1  27.2  27.9  28.7  29.7  37.8  43.0  46.4  39.1  24.4  23.7  23.2  23.1  23.3  23.3  23.0  22.7  23.3  23.2  23.0  22.9  23.1  23.2  23.1  22.8  23.5  23.2  23.2  23.5  23.9  24.2 
 26.2  26.0  26.7  26.9  27.4  27.6  29.1  29.6  28.4  26.5  23.9  23.8  23.3  23.3  23.5  23.2  23.2  23.1  23.2  23.3  23.0  23.0  23.4  23.3  23.4  23.0  23.3  23.6  23.6  23.4  23.9  24.0 
 25.8  26.2  26.7  26.9  26.7  26.8  27.6  27.7  26.5  25.5  23.8  23.8  23.3  23.1  23.4  23.2  23.2  23.1  23.2  23.4  22.9  22.9  23.3  23.2  23.4  23.1  23.5  23.8  23.3  23.4  24.2  24.3 
 26.0  25.7  26.3  26.5  26.3  26.3  26.2  26.3  25.1  24.6  23.9  24.0  23.4  23.4  23.4  23.7  23.2  23.2  23.2  23.4  23.2  23.0  23.5  23.5  23.5  23.1  23.7  23.8  23.6  23.9  24.5  25.3 
 26.3  25.9  26.3  26.4  25.8  25.8  26.1  25.9  24.6  24.4  24.0  24.2  23.4  23.1  23.4  23.5  23.2  23.1  23.4  23.4  23.4  23.1  23.6  23.4  23.2  23.2  23.9  23.9  23.8  23.5  24.7  25.9 
 26.5  26.0  26.0  26.3  25.6  25.2  25.5  25.2  24.6  24.1  24.2  24.1  23.8  23.6  23.5  23.6  23.5  23.3  23.5  23.6  23.4  23.5  23.6  23.9  23.6  23.1  24.4  24.5  24.6  24.3  25.8  27.7 
 27.5  26.4  25.7  25.8  25.5  25.3  25.2  25.0  24.3  24.2  24.0  23.9  23.7  23.5  23.9  23.7  23.5  23.4  23.6  23.7  23.5  23.4  24.0  23.9  23.6  23.6  24.6  25.3  24.6  24.8  25.9  27.2 
