 24.7  23.6  23.8  23.8  24.0  23.8  23.8  23.5  23.3  23.1  23.3  23.4  23.1  22.9  23.1  23.2  23.1  23.1  23.2  23.2  23.0  22.8  23.2  23.3  23.0  23.1  23.6  23.5  23.7  23.5  24.7  25.8 
 24.0  23.7  24.0  24.0  23.3  23.4  23.4  23.5  23.2  23.1  23.3  23.2  23.0  23.1  23.2  23.2  22.9  22.9  22.9  23.2  23.3  22.9  23.3  23.2  23.1  23.0  23.4  23.4  23.4  23.6  24.5  25.1 
 23.9  23.8  23.5  23.6  23.6  23.0  23.4  23.4  23.3  23.3  23.3  23.4  23.1  23.0  23.1  23.0  22.9  22.8  22.9  23.1  23.1  23.0  23.1  23.2  23.2  23.1  23.3  23.1  23.6  23.2  24.0  24.0 
 23.6  23.7  23.8  23.7  23.0  22.9  23.2  23.4  23.3  23.3  23.5  23.3  23.0  22.7  22.9  23.1  23.1  22.8  23.0  23.0  22.8  23.0  22.9  23.3  23.0  23.0  23.5  23.4  23.5  24.3  23.9  24.2 
 23.3  23.5  23.5  23.6  23.4  23.1  23.2  23.4  23.6  23.9  24.6  23.8  23.0  22.9  23.1  22.9  22.8  22.9  22.9  22.8  22.9  22.7  23.0  23.0  23.0  22.7  23.5  23.5  23.6  23.9  23.6  23.9 
 23.7  23.3  23.5  23.3  23.0  23.1  23.3  23.6  23.8  24.6  26.3  24.6  22.9  23.0  23.0  23.1  22.9  22.8  22.8  23.1  22.9  22.9  22.9  22.9  23.3  22.8  23.1  23.2  23.3  23.5  23.6  23.8 
 23.7  23.5  23.5  23.4  23.2  22.9  23.4  23.2  24.3  25.3  27.8  25.4  23.1  22.8  22.8  23.0  22.8  22.7  22.9  23.0  23.0  22.8  23.0  23.0  23.0  23.0  23.2  23.3  23.4  23.0  23.3  23.7 
 23.4  23.5  23.5  23.4  23.1  23.0  23.2  23.2  23.4  23.8  24.6  23.9  23.1  22.9  22.9  23.1  22.9  22.9  22.8  23.0  22.9  23.0  23.2  23.1  23.0  22.8  23.3  23.1  23.1  23.1  23.1  22.3 
 23.8  23.4  23.7  23.4  23.1  23.0  23.2  23.1  23.1  23.0  23.2  23.2  23.0  22.9  22.8  22.9  22.9  22.9  22.9  22.9  22.9  22.9  23.1  23.0  23.2  23.2  23.3  23.2  23.2  22.9  23.4  23.3 
 23.6  23.7  23.7  23.9  23.5  23.4  23.2  23.1  22.9  22.9  23.1  23.1  23.0  22.9  22.9  22.9  22.9  22.8  22.9  23.1  23.0  23.0  23.1  23.0  22.9  23.0  23.2  23.3  22.9  23.1  23.5  23.6 
 24.4  24.4  24.7  24.9  24.7  24.5  23.8  23.6  23.1  23.0  23.1  23.2  23.0  22.9  23.0  23.0  23.1  23.0  23.0  22.9  23.0  23.0  22.9  22.8  22.9  22.8  23.1  23.0  23.1  23.2  23.2  23.7 
 24.7  24.7  25.2  25.6  25.7  25.8  25.2  24.6  23.4  23.2  23.1  23.2  22.9  22.9  23.0  23.0  23.1  22.8  23.0  23.0  22.8  22.9  23.0 nan  22.8  22.9  22.9  23.0  23.0  23.0  23.3  23.6 
 25.3  25.3  26.4  26.8  28.8  29.8  38.2  42.0  39.9  33.8  23.6  23.2  23.2  23.0  23.1  23.2  23.0  22.9  23.3  22.8  22.9  22.7  23.0  23.0  23.0  23.0  23.4  23.2  23.3  23.3  23.6  23.6 
 25.9  25.8  27.1  27.6  30.1  32.6  47.6  54.3  58.9  51.7  25.0  23.7  23.2  23.0  23.1  23.1  22.9  22.8  22.9  23.1  23.0  22.8  23.0  23.0  22.9  23.0  24.1  24.5  23.8  23.3  23.4  23.7 
 26.2  26.4  27.6  28.7  32.7  36.7  57.6  66.5  77.6  73.4  30.8  24.8  23.2  23.1  23.0  23.0  23.1  22.8  23.3  23.1  23.0  22.8  23.0  23.0  23.1  23.0  25.6  25.6  23.7  23.5  23.2  23.5 
 25.9  26.1  27.8  28.6  32.9  36.9  57.3  68.9  87.2  82.2  30.4  24.9  23.1  23.1  23.1  23.1  23.0  22.9  23.0  23.0  22.9  22.9  23.0  23.1  22.9  22.8  24.3  24.8  23.5  23.3  23.6  24.0 
 26.1  26.4  27.4  28.1  30.1  32.1  45.5  55.6  67.9  57.2  25.7  24.0  23.4  23.1  23.1  23.1  23.0  23.0  23.3  23.1  23.0  22.7  23.0  23.0  23.0  22.8  23.3  23.4  23.4  23.3  23.7  24.1 
 25.8  26.4  27.3  27.7  28.8  29.8  37.7  43.0  46.4  39.3  24.3  23.9  23.5  23.3  23.2  23.2  23.0  22.8  23.2  23.2  22.9  23.0  22.9  23.2  22.9  23.1  23.5  23.2  23.2  23.3  23.7  23.6 
 26.4  26.3  26.9  27.1  27.3  27.6  29.0  29.6  28.3  26.5  23.9  23.7  23.3  23.1  23.5  23.3  23.4  23.1  23.2  23.2  23.3  22.9  23.0  23.1  23.1  23.0  23.2  23.5  23.3  23.4  23.7  24.0 
 25.9  26.0  26.6  26.8  26.8  26.9  27.6  27.9  26.5  25.4  23.9  23.6  23.4  23.4  23.4  23.1  23.2  22.9  23.2  23.1  23.1  23.1  23.3  23.3  23.2  23.1  23.3  23.4  23.4  23.2  24.0  24.1 
 26.2  25.6  26.5  26.4  26.1  26.0  26.2  26.2  25.2  24.5  23.8  23.8  23.4  23.2  23.4  23.5  23.2  23.2  23.4  23.2  23.2  22.9  23.3  23.5  23.3  23.1  23.7  23.6  23.2  23.4  24.5  24.8 
 26.1  25.9  26.1  25.9  25.9  25.8  25.7  26.0  24.8  24.4  24.0  23.9  23.6  23.3  23.5  23.5  23.4  23.2  23.1  23.3  23.2  23.2  23.5  23.5  23.4  23.2  23.7  23.6  23.8  23.8  25.0  25.3 
 27.0  26.2  25.8  26.0  25.7  25.3  25.2  24.9  24.4  24.4  24.0  24.1  23.8  23.2  23.5  23.7  23.7  23.4  23.4  23.5  23.4  23.3  23.7  23.5  23.6  23.4  24.0  24.3  24.4  24.3  25.8  26.4 
 27.2  26.4  25.7  25.8  25.2  25.3  25.0  24.9  24.5  24.0  24.1  24.1  23.8  23.7  23.6  23.8  23.4  23.4  23.5  23.8  23.5  23.4  23.6  23.7  23.6  23.5  24.6  25.0  24.8  24.8  26.4  27.2 
