 24.5  23.7  23.7  23.8  23.2  23.2  23.0  22.8  22.7  22.7  22.8  22.8  22.8  22.4  22.8  22.9  22.6  22.5  22.7  22.9  22.8  22.8  24.4  25.4  27.7  27.7  29.6  29.8  29.3  28.8  29.6  30.4 
 23.6  23.1  23.9  23.9  23.2  22.8  23.0  23.3  22.6  22.3  23.0  22.8  22.8  22.6  22.8  22.8  22.7  22.3  23.0  22.9  22.9  22.6  23.5  24.6  26.9  28.1  28.9  29.2  29.1  29.1  30.0  30.5 
 23.4  23.4  23.5  23.6  23.0  22.9  23.2  22.9  22.6  22.6  22.8  22.8  22.7  22.6  22.8  22.8  22.7  22.6  22.7  22.9  22.7  22.7  23.1  23.1  24.2  24.9  27.7  28.6  29.5  29.8  30.7  30.6 
 23.1  23.4  23.5  23.6  23.0  22.4  23.0  23.0  22.9  22.6  22.8  22.9  22.7  22.5  22.6  23.0  22.8  22.6  23.0  22.9  22.6  22.7  23.2  23.0  23.3  23.4  26.5  27.6  29.2  29.4  30.5  30.4 
 23.3  23.2  23.5  23.1  22.8  22.8  22.9  23.1  23.1  23.4  23.0  23.0  22.6  22.6  22.7  22.8  22.6  22.6  22.8  22.8  22.7  22.9  22.9  23.0  23.1  23.1  25.2  26.9  30.0  30.2  29.7  30.1 
 23.3  23.2  23.2  23.3  22.7  22.8  23.3  23.3  23.5  23.8  23.2  23.0  22.8  22.4  22.8  23.0  22.8  22.7  22.9  22.8  22.6  22.7  22.9  23.0  23.3  23.3  26.1  28.5  31.0  31.3  31.1  30.4 
 23.2  23.1  23.2  23.2  23.0  22.8  23.2  23.5  25.4  26.8  24.2  23.5  22.7  22.6  22.7  22.9  22.7  22.8  22.9  22.7  22.8  22.9  23.1  23.3  24.5  26.2  30.0  30.9  31.4  31.7  32.4  31.9 
 23.2  22.9  23.1  23.1  22.9  22.6  23.4  23.6  26.2  27.6  24.7  23.2  22.7  22.7  22.8  22.7  22.8  22.6  22.9  22.8  22.7  22.7  23.1  23.0  25.9  27.2  30.7  31.0  31.9  32.2  32.4  31.3 
 23.5  23.2  23.4  23.3  22.9  22.8  23.1  23.3  23.4  23.4  23.3  23.0  22.8  22.8  22.9  22.9  22.9  22.7  22.9  22.9  22.8  22.8  23.2  23.9  27.7  29.1  31.0  31.5  31.8  32.0  31.6  31.2 
 23.5  23.2  23.6  23.3  23.2  22.9  23.1  23.1  23.1  23.0  23.1  23.0  22.6  22.6  22.6  22.9  22.9  22.8  22.8  23.0  23.0  22.8  23.3  24.0  28.2  29.8  31.3  31.5  31.6  31.3  30.3  29.3 
 23.8  23.6  23.8  23.8  23.5  23.4  23.0  23.3  22.7  22.9  23.0  22.7  22.6  22.7  22.7  22.9  23.0  22.7  22.8  22.8  22.7  22.7  23.2  23.9  28.5  30.2  31.3  31.3  31.0  30.4  28.8  28.5 
 23.8  23.8  23.9  24.4  24.0  24.0  23.4  23.6  22.9  22.8  22.9  23.0  22.7  22.7  22.7  22.9  22.9  22.7  22.8  22.8  22.9  22.6  23.2 nan  28.6  30.2  31.2  31.6  31.6  31.0  30.6  29.6 
 24.6  24.3  25.1  25.5  26.2  26.6  29.1  29.4  27.7  26.1  23.3  23.1  22.8  22.8  22.8  23.0  22.7  22.7  22.9  22.8  22.9  22.7  23.0  23.3  27.8  29.5  31.5  31.7  31.5  31.3  31.9  31.5 
 24.7  24.7  25.6  26.2  27.8  28.9  36.8  42.6  44.9  39.2  24.1  23.3  22.9  22.8  22.9  22.8  22.7  22.5  22.7  22.8  22.8  22.6  23.2  23.2  26.1  27.7  29.9  30.3  29.4  29.0  31.2  31.6 
 25.2  25.4  26.4  27.3  30.0  32.9  52.2  60.8  71.4  67.6  33.8  25.6  23.0  22.8  22.9  22.8  22.8  22.5  22.9  22.9  22.7  22.7  23.0  23.0  23.3  23.6  24.7  25.1  24.9  24.9  26.0  27.2 
 25.3  25.5  27.0  27.6  30.7  33.6  52.9  61.6  76.7  76.0  38.3  26.3  23.0  22.8  22.6  22.7  22.7  22.7  22.9  22.9  22.9  22.6  23.0  23.1  23.2  23.0  24.1  24.2  24.2  24.3  24.8  25.4 
 25.7  25.7  27.0  27.1  30.0  32.3  46.3  56.0  78.9  78.6  33.9  25.3  22.9  22.9  22.9  23.0  22.8  22.7  22.9  23.0  22.9  22.8  23.0  23.1  23.2  22.9  23.4  23.5  23.7  23.9  24.5  24.5 
 25.5  25.6  26.8  27.0  29.1  30.3  39.3  45.5  61.4  58.6  28.0  24.3  23.0  22.9  23.0  22.9  22.8  22.7  23.1  23.0  22.9  22.8  23.0  23.1  23.1  22.9  23.5  23.4  23.5  23.8  24.5  24.1 
 25.8  25.4  26.6  26.8  27.3  27.5  29.6  30.8  32.3  30.5  24.3  23.6  23.1  23.0  23.2  23.1  22.9  22.9  23.0  23.1  23.1  22.9  23.3  23.3  23.1  23.0  23.4  23.6  24.0  23.6  24.0  24.5 
 25.0  25.6  26.4  26.5  26.8  26.6  28.0  28.3  28.1  27.3  24.1  23.6  23.1  22.8  23.2  23.0  22.9  22.9  23.2  23.1  22.9  22.9  23.1  23.1  23.1  23.1  23.3  23.5  23.4  23.6  24.3  24.5 
 25.7  25.3  26.0  25.9  26.1  26.0  26.1  26.4  25.7  25.1  24.0  23.4  23.2  22.9  23.1  23.2  23.1  23.1  23.1  23.2  22.9  22.9  23.4  23.3  23.6  23.1  23.5  23.6  23.8  24.3  24.7  25.6 
 25.6  25.3  26.0  25.9  25.6  25.5  25.8  25.6  25.3  24.6  23.8  23.5  23.0  23.1  23.3  23.3  23.0  23.0  23.3  23.1  23.0  23.1  23.4  23.4  23.0  23.1  23.6  24.0  24.4  24.3  25.3  26.1 
 26.3  26.0  25.5  25.9  25.3  25.2  25.5  25.0  24.7  24.2  24.1  23.8  23.5  23.4  23.3  23.4  23.0  23.1  23.6  23.3  23.2  23.2  23.6  23.7  23.3  23.4  24.7  25.4  25.3  25.2  26.1  26.8 
 27.3  26.2  25.6  25.6  25.2  25.0  25.2  25.0  24.3  24.1  23.9  24.0  23.3  23.3  23.4  23.4  23.2  23.2  23.3  23.4  23.2  23.2  23.7  24.0  23.9  24.1  25.5  25.9  25.4  25.4  27.2  27.2 
