 24.5  23.8  24.2  24.0  23.8  23.5  24.0  23.6  23.4  23.0  23.5  23.4  23.3  23.1  23.2  23.4  23.1  22.8  23.4  23.2  23.1  23.0  23.3  23.5  23.4  22.7  23.6  23.6  23.7  23.3  24.9  25.2 
 23.6  23.9  24.0  24.1  23.6  23.4  23.7  23.8  23.3  23.4  23.5  23.6  23.2  23.3  23.1  23.4  22.8  23.0  23.3  23.3  22.9  22.9  23.3  23.2  23.1  23.4  23.4  23.7  23.3  23.9  24.2  25.6 
 24.0  23.5  24.2  23.6  23.4  23.0  23.5  23.4  23.4  22.9  23.7  23.7  23.1  22.9  23.3  23.1  23.1  22.8  23.0  22.9  23.1  22.8  23.2  23.2  23.4  22.8  23.5  23.5  23.3  23.6  24.2  24.2 
 23.2  23.1  23.6  23.9  23.1  23.1  23.2  23.6  23.1  23.3  23.6  23.8  23.1  23.0  23.2  23.1  22.9  22.9  23.1  23.0  22.8  23.1  23.4  23.3  23.0  23.1  23.3  23.4  23.2  24.3  23.9  24.2 
 23.9  23.2  23.8  23.3  23.4  23.0  23.4  23.4  23.6  23.9  24.7  23.9  23.1  23.0  23.0  23.0  22.9  22.6  23.1  23.1  23.0  22.6  23.2  23.1  23.0  22.8  23.5  23.4  23.6  23.9  24.1  23.7 
 23.4  23.5  23.5  23.6  22.9  23.1  23.3  23.6  23.7  24.8  26.3  24.6  22.9  23.0  23.0  23.1  22.9  22.7  22.9  23.2  22.8  22.9  23.1  23.3  23.1  22.9  23.3  23.7  23.2  23.5  23.8  23.6 
 23.5  23.5  23.6  23.5  23.2  22.9  23.5  23.5  24.2  25.5  28.2  25.4  23.0  22.9  23.1  23.1  23.0  22.8  23.1  22.9  23.1  22.9  23.2  23.3  23.2  22.9  23.4  23.4  23.4  23.0  23.7  23.5 
 23.4  23.5  23.4  23.9  22.9  23.0  23.2  23.4  23.4  23.7  24.8  24.0  23.0  23.0  23.1  23.1  22.7  22.7  23.0  23.1  22.9  22.9  23.2  23.2  23.0  23.2  23.3  23.3  23.0  23.3  23.2  23.0 
 23.9  23.1  23.7  23.5  23.2  23.0  23.3  23.1  23.2  22.8  23.3  23.1  23.0  22.9  23.0  23.0  23.0  22.8  23.1  23.0  23.0  22.8  23.2  23.0  23.3  22.8  23.3  23.2  23.3  22.9  23.7  23.5 
 23.8  23.7  24.0  23.9  23.3  23.3  23.2  23.4  23.0  23.0  23.2  23.2  22.8  22.9  23.2  22.9  22.9  22.9  22.9  23.2  22.8  22.8  23.2  23.2  23.0  23.0  23.1  23.4  22.8  23.0  23.7  23.6 
 24.7  24.2  24.7  25.0  24.8  24.4  23.9  23.7  23.1  22.9  23.3  23.1  23.1  22.8  23.1  23.1  22.8  22.8  23.1  22.9  23.1  22.7  23.1  22.8  23.0  22.6  23.1  23.1  23.2  23.0  23.5  23.3 
 24.4  24.7  25.5  25.7  25.5  25.8  25.3  24.8  23.4  23.4  23.2  23.4  22.8  23.0  22.9  23.2  23.0  22.9  23.0  23.2  22.8  22.9  23.0 nan  22.9  22.9  23.0  23.4  23.2  23.1  23.5  23.6 
 25.7  25.2  26.7  27.0  28.9  29.6  38.3  41.9  40.1  33.8  23.5  23.4  23.2  22.8  23.1  23.0  23.1  22.9  23.2  23.1  23.0  22.8  23.0  23.1  23.1  22.9  23.3  23.6  23.5  23.0  23.9  23.6 
 25.6  26.0  27.3  27.8  30.1  32.8  47.6  54.4  58.6  51.7  25.1  23.9  23.0  23.1  23.1  23.3  23.0  22.9  23.0  23.2  22.8  22.8  22.9  23.2  22.9  23.0  24.0  24.6  23.6  23.3  23.6  23.7 
 26.4  26.3  27.9  28.7  32.7  36.6  57.6  66.5  77.5  73.3  31.0  25.0  23.3  22.8  23.3  23.2  23.2  22.9  23.1  23.1  23.0  22.7  23.1  23.0  23.1  22.8  25.9  25.6  23.6  23.3  23.6  23.7 
 26.0  26.4  27.9  28.8  32.8  36.8  57.2  68.8  87.1  82.2  30.6  25.0  23.1  23.1  23.2  23.2  22.9  23.1  23.2  23.1  22.7  22.9  23.1  23.2  22.9  22.9  24.5  24.9  23.5  23.5  23.6  23.8 
 26.4  26.1  27.8  28.0  30.1  31.7  45.8  55.5  67.8  57.2  25.8  24.2  23.2  23.0  23.2  23.1  23.2  22.8  23.1  23.1  23.1  22.8  23.2  23.0  23.1  22.9  23.4  23.5  23.6  23.4  24.1  23.8 
 25.9  26.3  27.3  27.9  28.8  30.0  37.9  43.0  46.4  39.2  24.4  23.9  23.4  23.3  23.4  23.3  22.9  23.0  23.3  23.3  22.9  23.1  23.1  23.2  22.9  23.1  23.3  23.5  23.5  23.3  24.1  24.0 
 26.2  25.9  26.9  26.8  27.5  27.5  29.2  29.6  28.5  26.3  24.1  23.7  23.5  23.1  23.5  23.4  23.4  23.0  23.3  23.2  23.1  22.9  23.5  23.2  23.3  23.0  23.3  23.6  23.8  23.6  23.9  24.2 
 25.8  26.2  26.6  27.2  26.8  26.8  27.9  28.0  26.5  25.5  23.9  23.8  23.3  23.4  23.5  23.3  23.1  23.2  23.4  23.3  23.0  23.0  23.3  23.6  22.9  23.4  23.3  23.6  23.1  23.6  24.0  24.5 
 26.2  25.4  26.5  26.2  26.2  25.9  26.3  26.3  25.5  24.6  24.1  23.9  23.5  23.3  23.4  23.5  23.4  23.2  23.2  23.2  23.2  22.9  23.5  23.6  23.6  23.0  23.8  23.9  23.9  23.7  24.3  25.3 
 25.7  25.9  26.3  26.4  25.9  25.8  25.9  26.1  24.6  24.5  24.0  24.0  23.3  23.4  23.4  23.7  23.1  23.3  23.3  23.5  23.2  23.2  23.6  23.4  23.2  23.2  23.6  24.1  23.5  23.6  25.2  25.9 
 27.0  26.0  26.3  25.8  25.7  25.2  25.6  24.9  24.5  24.1  24.2  24.1  24.0  23.3  23.8  23.7  23.5  23.2  23.8  23.5  23.5  23.2  23.7  23.7  23.7  23.1  24.2  24.5  24.6  24.1  26.1  26.9 
 27.2  26.6  26.1  26.4  25.3  25.0  25.0  25.3  23.8  24.2  24.0  24.3  23.7  23.6  23.6  23.7  23.6  23.6  23.6  23.7  23.4  23.7  23.9  23.9  23.5  23.5  24.8  25.1  24.8  25.1  26.8  27.6 
