 24.8  23.6  23.8  24.0  23.8  23.6  23.7  23.6  23.4  23.3  23.4  23.3  23.2  23.0  23.1  23.3  23.1  23.0  23.4  23.1  23.1  23.0  23.2  23.2  23.0  23.0  23.4  23.3  23.9  23.3  24.7  25.5 
 24.0  23.7  24.0  24.0  23.5  23.4  23.6  23.4  23.3  23.2  23.6  23.6  23.3  23.3  23.2  23.1  22.9  22.9  23.3  23.1  22.9  22.9  23.3  23.3  23.1  23.0  23.1  23.6  23.3  23.4  24.2  24.8 
 23.9  23.3  24.1  23.4  23.4  22.9  23.3  23.3  23.4  23.3  23.6  23.3  23.1  23.1  23.3  23.0  23.0  22.9  23.2  23.0  23.2  23.0  23.0  23.1  23.1  23.2  23.5  23.4  23.3  23.7  24.0  24.0 
 23.6  23.5  23.4  23.9  23.2  23.2  23.4  23.6  23.2  23.3  23.7  23.3  23.1  22.9  22.9  23.1  23.1  22.8  23.2  23.1  22.8  23.1  23.2  23.2  23.0  23.0  23.5  23.4  23.7  24.2  24.0  24.2 
 23.7  23.7  23.6  23.4  23.4  23.0  23.3  23.4  23.6  23.9  24.7  24.0  23.0  23.0  23.2  23.0  22.9  22.8  23.1  22.8  22.9  22.6  23.2  23.0  23.2  23.1  23.3  23.2  23.9  23.9  24.1  23.9 
 23.4  23.5  23.2  23.6  23.1  23.0  23.3  23.7  24.0  24.6  26.4  24.6  22.8  22.8  23.2  23.2  22.8  22.8  22.9  22.9  23.0  22.9  23.1  23.1  23.2  23.1  23.3  23.4  23.2  23.5  23.8  23.8 
 23.4  23.2  23.5  23.5  23.2  23.0  23.4  23.3  24.2  25.4  28.1  25.4  23.1  22.9  23.1  23.0  22.8  22.8  23.0  22.8  23.2  22.9  23.2  23.2  23.1  22.9  23.2  23.3  23.1  23.1  23.3  23.5 
 23.8  23.5  23.4  23.4  23.0  23.1  23.1  23.3  23.6  24.0  24.7  24.0  23.0  22.9  23.0  23.1  22.9  22.7  22.8  22.9  22.9  22.9  23.1  23.2  23.0  22.8  23.2  23.5  23.1  23.0  23.2  22.8 
 23.8  23.2  23.6  23.4  23.1  23.0  23.4  23.1  23.1  23.0  23.4  22.9  22.9  23.0  23.0  23.1  22.8  22.8  23.1  23.0  22.9  22.6  23.0  22.9  23.1  23.0  23.2  23.3  23.1  22.9  23.4  23.5 
 23.8  23.7  23.9  23.8  23.5  23.3  23.2  23.2  23.2  23.0  23.2  23.2  22.8  22.9  23.1  23.0  22.9  22.9  22.9  23.1  22.7  22.9  23.1  23.1  23.0  22.9  23.1  23.4  22.9  23.1  23.4  23.6 
 24.4  24.3  24.7  25.0  24.8  24.5  23.9  23.6  23.2  23.1  23.3  23.1  22.9  22.9  23.0  23.1  23.0  23.0  23.0  22.9  23.1  23.0  23.0  22.9  23.1  22.8  23.1  23.0  23.3  23.4  23.7  23.7 
 24.7  24.7  25.3  25.7  25.8  25.7  25.2  24.6  23.2  23.3  23.1  23.3  22.8  22.9  22.9  23.1  23.0  22.9  22.9  23.0  23.0  22.9  23.0 nan  22.9  22.9  23.0  23.5  23.4  22.9  23.3  23.8 
 25.6  25.5  26.6  26.9  28.8  29.7  37.9  41.9  39.8  33.8  23.7  23.4  23.1  22.9  23.1  23.0  23.0  22.9  23.3  22.9  22.9  22.7  23.1  22.9  23.0  22.9  23.3  23.5  23.3  23.2  23.7  23.6 
 25.6  25.8  27.1  27.7  30.1  32.5  47.6  54.4  58.6  51.7  24.9  23.8  23.0  23.0  23.0  23.0  23.0  22.9  23.0  23.3  23.0  22.8  23.0  23.1  23.0  23.0  24.2  24.5  23.6  23.3  23.5  23.8 
 26.2  26.4  28.0  28.8  32.7  36.5  57.6  66.6  77.6  73.3  30.9  24.9  23.3  23.2  23.1  23.2  23.0  22.9  23.2  23.2  22.8  22.9  23.1  23.1  22.9  23.2  25.7  25.5  23.7  23.2  23.8  23.7 
 26.2  26.2  27.7  28.6  32.9  37.0  57.4  68.8  87.2  82.2  30.5  24.9  23.2  23.2  23.2  23.0  23.0  23.0  23.0  23.1  22.8  22.7  23.0  23.2  22.9  23.0  24.3  24.9  23.7  23.2  23.8  23.9 
 26.4  26.3  27.6  27.9  30.2  32.0  45.7  55.5  67.9  57.3  25.6  24.1  23.3  23.0  23.2  23.1  23.0  22.9  23.2  23.1  23.0  22.8  23.1  22.9  23.0  22.8  23.6  23.3  23.6  23.3  24.1  23.6 
 26.1  26.1  27.1  27.8  28.8  29.7  37.6  43.0  46.4  39.1  24.3  23.8  23.3  23.2  23.2  23.2  23.0  22.8  23.1  23.2  22.9  23.0  23.1  23.2  22.9  23.0  23.2  23.3  23.1  23.5  23.7  24.0 
 26.3  26.0  27.0  26.7  27.2  27.3  29.1  29.5  28.5  26.4  24.1  23.7  23.3  23.2  23.5  23.3  23.3  23.1  23.2  23.2  23.3  23.0  23.5  23.4  23.0  22.9  23.6  23.5  23.7  23.4  23.9  24.0 
 25.8  26.4  26.3  26.9  26.7  27.1  27.7  27.8  26.6  25.6  23.8  23.9  23.4  23.2  23.4  23.4  23.2  23.1  23.2  23.3  23.0  23.0  23.3  23.4  23.3  23.1  23.6  23.6  23.4  23.6  24.0  24.3 
 26.2  25.8  26.3  26.4  26.2  25.9  26.3  26.1  25.4  24.5  24.0  23.7  23.4  23.4  23.4  23.5  23.3  23.1  23.4  23.4  23.1  23.0  23.5  23.4  23.5  23.3  23.8  23.8  23.4  23.6  24.5  24.5 
 26.1  25.9  26.3  26.4  25.9  25.9  25.9  26.0  24.7  24.5  23.9  23.8  23.5  23.5  23.4  23.6  23.3  23.2  23.3  23.5  23.4  23.3  23.2  23.5  23.1  23.2  23.9  23.6  23.5  23.8  24.7  25.7 
 27.0  26.4  26.0  26.1  25.6  25.0  25.6  25.3  24.5  24.3  24.2  24.1  23.7  23.6  23.5  23.5  23.6  23.3  23.7  23.4  23.5  23.2  23.6  23.7  23.3  23.3  24.4  24.5  24.2  23.9  25.8  26.9 
 26.9  26.9  26.1  26.4  25.3  25.5  25.2  24.9  24.2  24.2  24.1  24.2  23.5  23.5  23.6  23.7  23.2  23.5  23.6  23.6  23.5  23.4  23.8  23.9  23.5  23.4  24.5  25.0  24.8  25.1  27.2  28.2 
