 23.8  23.0  23.0  22.9  22.9  22.3  22.4  22.4  22.6  22.1  22.4  22.6  22.6  22.0  22.4  22.5  22.5  22.0  22.6  22.5  22.5  22.3  22.5  22.5  22.8  22.3  23.0  23.4  23.6  22.8  23.9  24.4 
 23.3  23.0  23.0  22.9  22.5  22.6  22.7  22.7  22.2  22.4  22.5  22.5  22.2  22.5  22.4  22.5  22.2  22.2  22.3  22.6  22.2  22.5  22.5  22.8  22.5  22.7  23.0  24.2  23.4  23.7  23.4  24.5 
 23.6  22.5  23.1  23.0  22.9  22.1  22.5  22.3  22.7  22.4  22.4  22.6  22.3  22.0  22.4  22.4  22.3  22.1  22.5  22.4  22.6  22.1  22.5  22.4  22.9  22.4  22.7  22.7  23.2  22.7  23.1  23.1 
 22.6  23.4  22.7  23.0  22.4  22.3  22.5  22.8  22.4  22.5  22.6  22.6  22.1  22.2  22.2  22.4  22.4  22.3  22.4  22.4  22.3  22.3  22.6  22.4  22.3  22.5  23.2  23.1  22.3  23.0  23.1  23.5 
 23.3  22.8  23.1  22.8  22.6  22.5  22.8  22.7  23.3  22.9  22.7  22.5  22.4  22.1  22.4  22.3  22.2  22.1  22.2  22.4  22.5  22.0  22.6  22.6  22.6  22.3  22.8  22.7  22.9  22.6  23.0  23.1 
 22.5  22.7  22.6  23.0  22.3  22.7  22.7  23.0  23.3  24.0  23.0  22.7  22.3  22.5  22.5  22.4  22.2  22.2  22.3  22.6  22.3  22.5  22.5  22.6  22.4  22.5  22.5  22.6  22.5  23.1  23.1  23.0 
 23.0  22.8  22.9  22.8  22.8  22.4  23.0  23.0  25.3  26.2  24.1  23.0  22.6  22.2  22.5  22.4  22.4  22.2  22.5  22.4  22.5  22.3  22.5  22.4  22.6  22.3  22.7  22.7  22.8  22.5  22.8  22.8 
 22.8  22.8  22.7  23.1  22.6  22.7  22.8  23.0  25.5  27.0  24.4  23.0  22.3  22.4  22.2  22.3  22.3  22.4  22.3  22.5  22.1  22.3  22.6  22.4  22.2  22.5  22.6  22.7  22.5  22.8  22.6  21.9 
 23.7  22.7  23.2  22.9  22.9  22.5  23.0  22.7  23.2  23.0  23.0  22.5  22.6  22.3  22.4  22.5  22.4  22.0  22.6  22.3  22.6  22.2  22.5  22.4  22.6  22.4  22.7  22.7  22.5  22.7  22.9  22.7 
 23.1  23.2  23.0  23.0  22.7  22.8  22.6  22.6  22.8  23.0  22.4  22.7  22.3  22.5  22.5  22.4  22.3  22.5  22.4  22.6  22.4  22.4  22.4  22.4  22.4  22.6  22.6  22.9  22.4  23.0  22.8  23.3 
 23.9  23.7  23.9  23.7  23.9  23.2  23.2  22.9  22.8  22.5  22.8  22.7  22.6  22.2  22.5  22.4  22.5  22.3  22.7  22.5  22.5  22.2  22.6  22.4  22.5  22.3  23.2  23.3  23.5  22.8  23.4  22.9 
 23.4  23.8  23.9  24.3  24.4  24.7  23.8  23.4  22.8  22.9  22.6  22.6  22.4  22.3  22.4  22.5  22.3  22.4  22.5  22.6  22.4  22.5  22.5 nan  22.3  22.5  24.1  24.8  23.5  23.0  22.9  23.2 
 24.6  23.7  25.2  25.6  27.0  27.4  32.4  34.9  33.2  29.2  23.1  22.8  22.6  22.3  22.5  22.5  22.5  22.3  22.5  22.5  22.5  22.2  22.6  22.4  22.7  22.4  23.7  24.5  23.4  22.8  23.1  23.0 
 24.3  24.7  25.7  26.2  28.2  30.0  41.5  48.9  53.4  47.3  24.5  23.2  22.4  22.6  22.5  22.8  22.3  22.5  22.4  22.5  22.3  22.3  22.5  22.5  22.6  22.6  22.9  23.3  23.2  23.2  23.0  23.4 
 25.1  24.9  26.5  27.2  30.6  33.6  54.6  63.1  74.7  71.1  34.4  25.4  22.8  22.4  22.5  22.6  22.6  22.3  22.6  22.6  22.7  22.5  22.7  22.5  22.5  22.3  22.6  22.6  22.9  22.6  23.2  23.0 
 25.0  25.4  26.7  27.4  30.6  34.2  53.4  62.6  78.3  78.9  36.8  25.7  22.5  22.6  22.4  22.4  22.4  22.6  22.4  22.6  22.5  22.3  22.6  22.6  22.5  22.4  22.8  22.9  22.5  23.0  23.2  23.2 
 25.5  25.1  26.6  26.9  29.5  31.3  44.2  53.2  73.0  69.7  30.0  24.1  22.7  22.3  22.6  22.6  22.6  22.2  22.7  22.6  22.6  22.4  22.7  22.6  22.9  22.6  22.7  22.9  22.8  22.6  23.2  23.2 
 24.8  25.4  26.2  26.5  28.2  29.7  36.7  42.0  53.8  49.4  25.5  23.5  22.6  22.7  22.4  22.6  22.4  22.6  22.5  22.7  22.4  22.6  22.5  22.8  22.4  22.5  22.6  22.7  22.8  22.7  23.2  23.6 
 25.7  25.1  26.3  26.5  27.0  26.7  28.4  29.4  29.5  27.8  23.8  23.2  22.8  22.5  22.7  22.6  22.7  22.5  22.6  22.7  22.7  22.3  22.8  22.8  22.8  22.5  22.8  23.0  23.1  23.0  23.3  23.7 
 25.3  25.5  25.8  26.0  25.9  26.1  27.2  27.2  26.8  26.0  23.3  23.3  22.6  22.7  22.7  22.9  22.5  22.7  22.8  22.7  22.6  22.5  22.6  22.8  22.6  22.8  22.9  23.2  22.9  23.1  23.5  23.9 
 25.5  24.8  25.7  25.5  25.6  25.2  25.5  25.4  25.0  24.3  23.6  23.1  23.1  22.6  22.9  22.6  22.7  22.5  22.8  22.5  22.8  22.5  23.0  22.7  23.0  22.6  23.1  23.2  23.7  23.7  24.6  24.8 
 24.9  25.2  25.3  25.5  25.1  25.0  25.0  25.2  24.6  24.3  23.3  23.3  22.8  22.8  22.7  22.8  22.5  22.7  22.8  22.7  22.6  22.9  22.8  23.1  22.7  22.8  22.9  23.5  24.2  24.6  25.3  26.1 
 26.3  25.5  25.0  25.2  25.0  24.4  24.7  24.2  24.0  23.7  23.4  23.4  23.4  22.6  23.0  23.0  22.9  22.6  23.0  22.6  23.0  22.8  23.1  23.0  23.2  23.1  24.9  25.6  26.2  25.4  25.9  25.9 
 25.9  26.2  25.3  25.1  24.6  24.4  24.6  24.4  23.7  23.7  23.4  23.1  23.0  22.9  22.9  22.9  22.9  22.9  22.9  23.1  22.8  22.9  23.2  23.7  23.9  24.6  25.8  26.4  25.8  25.9  26.3  28.0 
