 24.5  23.8  23.6  23.8  23.7  23.5  23.6  23.6  23.2  23.1  23.5  23.4  23.1  23.1  23.2  23.2  23.0  23.1  23.2  23.0  22.8  23.0  23.3  23.3  22.8  22.8  23.6  23.6  23.5  23.4  24.4  25.5 
 23.6  23.7  23.8  23.8  23.8  23.1  23.6  23.4  23.2  23.1  23.3  23.3  23.1  23.1  23.3  23.2  22.9  22.8  23.2  23.3  23.0  22.6  23.1  23.1  23.1  23.4  23.3  23.5  23.6  23.6  24.4  25.1 
 24.0  23.5  23.9  23.6  23.3  23.0  23.2  23.5  23.3  23.2  23.2  23.3  23.0  22.9  23.1  23.2  23.1  23.0  22.9  23.0  23.1  22.8  22.7  23.2  23.1  22.9  23.2  23.2  23.3  23.6  23.8  24.2 
 23.4  23.5  23.6  23.7  23.3  23.0  23.3  23.7  23.2  23.0  23.5  23.4  22.9  22.9  23.2  23.0  22.9  22.7  23.0  23.1  22.9  22.9  23.1  23.2  23.0  23.1  23.5  23.4  23.7  24.3  23.9  24.0 
 23.5  23.2  23.6  23.4  23.1  23.1  23.2  23.4  23.7  23.8  24.4  23.7  22.8  22.9  23.0  23.1  22.9  22.7  22.9  22.9  22.8  22.7  22.9  23.0  22.9  22.9  23.2  23.2  23.7  23.8  24.1  23.9 
 23.4  23.3  23.4  23.3  22.9  23.0  23.4  23.5  24.0  24.6  26.4  24.5  23.0  22.9  23.0  22.9  22.8  22.8  22.9  23.0  22.8  22.7  22.9  23.1  23.3  22.8  23.1  23.2  23.3  23.4  23.6  23.8 
 23.5  23.5  23.3  23.5  23.0  22.9  23.3  23.5  24.2  25.4  28.0  25.5  22.9  22.8  22.8  23.1  22.6  22.7  22.8  22.9  23.0  22.9  23.1  23.1  23.1  22.9  23.2  23.3  23.1  22.8  23.3  23.5 
 23.8  23.4  23.5  23.3  23.1  23.0  23.1  23.4  23.2  23.7  24.6  24.0  22.8  23.0  23.0  23.0  22.9  22.8  22.8  22.8  22.7  22.9  23.1  23.2  23.0  22.9  23.1  23.3  23.2  23.1  23.2  22.5 
 23.6  23.4  23.9  23.5  23.1  23.0  23.3  23.3  23.0  23.1  23.2  23.1  22.9  22.7  23.1  23.1  22.9  22.7  22.9  23.1  22.8  22.9  23.1  23.0  23.2  23.0  23.1  23.3  22.9  22.8  23.4  23.1 
 23.6  23.5  23.7  23.6  23.3  23.2  23.4  23.3  22.9  23.0  23.1  23.2  22.8  23.0  23.1  23.0  22.8  22.8  23.0  23.2  22.9  22.8  23.0  23.0  23.0  23.0  23.0  23.3  23.0  23.3  23.5  23.4 
 24.4  24.4  25.0  25.3  24.7  24.6  23.7  23.6  23.1  23.0  23.1  23.1  22.9  22.9  23.0  23.0  22.8  22.7  23.0  22.9  23.0  22.8  23.1  23.0  22.9  22.8  22.8  23.0  23.0  23.0  23.4  23.5 
 24.8  24.5  25.3  25.7  25.7  25.7  25.2  24.5  23.3  23.2  23.2  23.2  22.9  22.8  23.0  23.1  23.0  22.8  22.9  22.9  22.9  22.8  23.0 nan  22.6  22.7  22.9  23.1  23.0  22.9  23.6  23.6 
 25.4  25.2  26.4  26.9  28.5  29.8  38.0  41.9  40.0  33.8  23.7  23.1  23.0  22.9  23.2  23.0  22.9  22.8  23.0  22.9  22.9  22.7  23.0  23.0  22.9  22.9  23.3  23.6  23.2  23.3  23.7  23.8 
 25.9  25.8  27.0  27.7  30.1  32.6  47.7  54.3  58.8  51.7  25.1  23.7  23.2  22.9  23.0  22.9  22.9  22.8  23.1  23.1  23.0  22.7  22.8  23.0  22.8  22.9  24.1  24.4  23.8  23.2  23.4  23.7 
 25.9  26.4  27.8  28.7  32.7  36.5  57.6  66.5  77.7  73.4  30.8  24.8  23.2  23.0  23.0  23.1  23.0  22.8  23.2  23.1  22.8  22.8  23.1  23.0  22.8  23.1  25.8  25.4  23.6  23.1  23.5  23.9 
 26.0  25.9  27.8  28.5  32.8  36.9  57.3  68.8  87.1  82.2  30.6  24.7  23.2  23.0  23.0  23.0  22.9  22.9  22.9  23.0  23.0  22.8  23.0  23.1  22.8  22.8  24.3  24.9  23.2  23.3  23.6  23.5 
 26.1  26.0  27.7  28.1  30.3  31.9  45.7  55.7  67.8  57.3  25.6  23.9  23.1  23.0  23.2  23.0  23.2  23.0  23.1  23.1  23.2  22.7  23.1  23.0  23.1  22.8  23.0  23.4  23.4  23.4  23.6  23.8 
 26.1  26.3  27.0  27.5  28.8  29.8  37.9  42.9  46.4  39.2  24.1  23.8  23.2  23.2  23.2  23.3  23.1  22.7  23.1  23.2  23.1  23.0  23.0  23.1  23.0  22.9  23.3  23.2  23.5  23.2  23.4  23.8 
 26.1  26.0  26.7  26.9  27.3  27.4  28.9  29.5  28.4  26.5  24.0  23.6  23.2  23.2  23.5  23.3  23.2  23.1  23.1  23.2  23.2  22.8  23.2  23.3  23.3  22.9  23.1  23.5  23.5  23.1  23.9  24.2 
 25.8  25.9  26.7  26.6  26.6  26.7  27.7  27.9  26.6  25.5  23.8  23.8  23.2  23.2  23.3  23.2  23.2  23.0  23.1  23.2  23.0  22.9  23.3  23.3  23.1  23.1  23.3  23.6  23.1  23.4  24.2  24.1 
 25.8  25.9  26.3  26.4  26.2  26.0  26.3  26.0  25.4  24.4  24.0  23.8  23.6  23.3  23.3  23.3  23.1  23.0  23.4  23.3  23.1  22.9  23.4  23.4  23.5  23.0  23.5  23.9  23.7  23.2  24.3  24.8 
 25.7  25.9  26.3  26.2  26.1  25.9  25.8  25.9  24.8  24.4  23.8  24.0  23.4  23.3  23.4  23.5  23.2  23.2  23.2  23.5  23.2  23.2  23.3  23.4  23.0  23.1  23.4  23.6  23.3  24.0  25.0  25.9 
 27.0  26.4  26.2  26.0  25.7  25.2  25.5  25.1  24.4  24.1  24.2  23.9  23.6  23.3  23.5  23.7  23.5  23.1  23.7  23.4  23.4  23.5  23.7  23.7  23.6  23.3  24.2  24.3  24.4  23.9  26.5  26.4 
 26.6  26.4  25.7  25.8  25.3  25.3  25.2  25.2  24.2  24.0  24.1  24.3  23.7  23.5  23.6  23.6  23.5  23.4  23.6  23.8  23.4  23.3  23.6  23.9  23.5  23.8  24.6  25.3  24.8  24.8  26.4  28.2 
