 24.7  23.7  24.3  23.8  24.0  23.6  23.7  23.6  23.5  23.2  23.6  23.5  23.3  22.9  23.3  23.2  23.2  23.1  23.4  23.3  23.2  23.1  23.5  23.3  23.4  22.9  23.6  23.4  23.8  23.4  25.2  25.8 
 24.2  23.9  24.0  24.3  23.8  23.2  23.7  23.8  23.3  23.2  23.7  23.7  23.0  23.1  23.5  23.3  23.1  23.0  23.3  23.3  23.0  23.0  23.4  23.2  22.9  23.2  23.6  23.9  23.4  23.9  24.7  25.3 
 24.0  23.6  23.9  23.9  23.8  23.2  23.6  23.7  23.4  23.0  23.4  23.4  23.3  23.0  23.4  23.2  23.2  23.0  22.9  23.2  23.2  22.9  23.1  23.3  23.2  23.1  23.6  23.7  24.0  23.6  24.2  24.4 
 23.6  23.5  23.8  23.8  23.3  23.3  23.5  23.5  23.5  23.4  23.8  23.4  22.9  22.9  23.2  23.2  23.0  22.9  23.4  23.2  23.0  23.3  23.5  23.4  22.9  23.1  23.7  23.6  23.5  24.5  24.1  24.2 
 24.0  23.7  23.6  23.7  23.4  23.1  23.7  23.4  23.6  23.8  24.7  23.9  23.3  22.9  23.2  23.2  23.0  22.7  23.1  23.0  23.0  22.8  23.1  23.3  23.1  23.0  23.5  23.4  23.8  24.1  23.7  24.1 
 23.2  23.5  23.8  23.7  23.0  23.3  23.7  23.5  24.0  24.8  26.4  24.8  22.9  23.1  23.0  23.1  23.0  22.8  23.1  23.1  22.9  22.9  23.3  23.2  23.2  23.1  23.3  23.5  23.2  23.3  24.0  23.8 
 23.7  23.2  23.5  23.4  23.2  22.8  23.4  23.5  24.3  25.4  28.1  25.5  23.1  22.9  23.1  23.1  22.9  22.7  23.1  23.0  23.1  22.9  23.4  23.2  23.1  22.9  23.4  23.4  23.5  23.0  23.6  23.7 
 23.6  23.7  23.4  23.5  23.1  23.2  23.4  23.6  23.3  23.8  24.7  23.8  22.9  23.1  23.2  23.1  22.9  23.0  22.9  22.9  22.8  23.0  23.4  23.2  23.1  22.9  23.4  23.4  23.1  23.3  23.5  22.6 
 24.1  23.5  23.7  23.5  23.2  23.1  23.3  23.4  23.1  23.2  23.2  23.2  23.2  22.8  23.0  23.2  22.9  22.9  23.1  23.1  22.9  22.9  23.3  23.1  23.3  23.0  23.3  23.1  23.0  22.9  23.7  23.3 
 23.8  23.7  24.0  24.0  23.4  23.2  23.3  23.5  23.1  23.2  23.1  23.3  23.0  22.8  23.1  23.1  22.8  22.9  23.2  23.1  23.0  22.9  23.3  23.3  23.1  23.1  23.3  23.6  23.0  22.8  23.5  23.7 
 24.6  24.3  25.0  25.1  24.9  24.5  24.1  23.8  23.1  23.0  23.2  23.3  23.0  22.9  23.2  23.1  22.8  23.0  23.1  23.1  22.9  22.7  23.1  23.1  23.1  22.9  23.4  23.2  23.4  23.0  23.5  23.6 
 24.2  24.9  25.6  25.7  25.7  25.8  25.4  24.8  23.4  23.2  23.3  23.2  23.0  23.1  23.2  23.0  23.0  22.9  23.1  23.2  22.7  22.8  23.0 nan  22.8  22.8  23.1  23.2  23.2  23.1  23.5  23.9 
 25.7  25.3  26.7  27.2  29.0  29.5  38.2  42.1  39.9  33.8  23.8  23.5  23.3  22.8  23.3  23.2  23.1  22.8  23.2  23.1  23.1  22.7  23.2  23.1  23.1  22.7  23.5  23.7  23.3  23.1  23.9  23.9 
 25.7  25.8  27.1  27.8  30.1  32.8  47.7  54.4  58.8  51.8  25.0  23.9  23.1  23.1  23.1  23.3  22.9  23.0  23.0  23.2  22.7  22.9  23.2  23.3  22.9  23.2  24.1  24.5  23.6  23.4  23.7  23.9 
 26.3  26.1  28.0  28.5  32.9  36.7  57.7  66.5  77.7  73.4  31.1  25.2  23.3  23.0  23.2  23.2  23.2  22.8  23.2  23.1  22.9  22.8  23.2  23.1  23.1  23.1  26.0  25.6  23.4  23.5  23.8  23.8 
 26.1  26.4  27.9  28.9  32.8  37.1  57.4  68.8  87.2  82.3  30.7  24.9  23.3  23.1  23.2  23.3  23.0  23.1  23.1  23.1  22.8  23.0  23.2  23.3  23.0  23.2  24.5  24.9  23.6  23.3  24.1  24.2 
 26.2  26.3  27.8  28.3  30.3  31.9  45.6  55.8  67.8  57.3  25.8  24.0  23.5  23.1  23.3  23.2  23.2  22.9  23.4  23.2  23.2  22.7  23.2  23.1  23.1  22.8  23.4  23.4  23.5  23.4  24.1  24.1 
 26.1  26.6  27.5  27.9  28.8  29.8  37.9  43.0  46.3  39.4  24.4  23.9  23.2  23.2  23.4  23.4  23.1  23.1  23.4  23.2  23.1  22.9  23.2  23.3  23.1  22.9  23.5  23.4  23.8  23.3  24.1  24.3 
 26.7  25.8  27.0  27.1  27.4  27.4  29.2  29.7  28.5  26.4  24.2  23.8  23.5  23.2  23.5  23.2  23.3  23.0  23.3  23.3  23.2  23.0  23.5  23.3  23.4  23.0  23.6  23.6  23.8  23.5  24.1  24.2 
 25.9  26.3  26.5  26.9  26.9  27.1  27.7  27.9  26.5  25.7  24.1  23.9  23.4  23.3  23.5  23.3  23.0  23.2  23.4  23.3  23.0  23.1  23.3  23.4  23.2  23.2  23.8  23.8  23.3  23.6  24.1  24.9 
 26.2  25.7  26.6  26.5  26.3  26.0  26.4  26.3  25.3  24.5  24.1  23.8  23.6  23.4  23.6  23.5  23.3  23.0  23.5  23.7  23.2  23.1  23.5  23.5  23.7  23.0  23.5  23.9  23.7  23.4  24.3  25.0 
 25.7  26.2  26.4  26.4  26.1  25.9  25.8  26.2  24.6  24.6  24.1  23.9  23.4  23.5  23.7  23.8  23.1  23.3  23.7  23.7  23.2  23.4  23.6  23.5  23.3  23.2  24.0  23.8  23.8  23.8  25.2  25.9 
 27.0  26.4  26.1  26.1  25.7  25.2  25.5  25.0  24.6  24.2  24.2  24.1  23.9  23.5  23.5  23.7  23.6  23.4  23.7  23.4  23.6  23.3  24.0  23.9  23.7  23.4  24.2  24.3  24.6  24.1  26.5  27.3 
 26.8  26.9  25.9  26.0  25.3  25.3  25.2  25.2  24.3  24.2  24.4  24.4  23.7  23.8  23.8  23.8  23.6  23.7  23.8  23.8  23.6  23.6  23.6  24.0  23.3  23.6  25.0  25.5  24.6  25.6  27.6  27.2 
