 24.3  24.0  24.2  24.2  23.7  23.6  23.6  23.5  23.2  23.0  23.4  23.6  23.1  23.0  23.4  23.4  22.9  23.0  22.9  23.4  23.1  22.8  23.1  23.5  23.0  23.0  23.4  23.6  23.5  23.5  24.9  26.2 
 24.0  23.5  24.0  24.1  23.8  23.3  23.6  23.5  23.3  23.1  23.5  23.6  23.0  23.1  23.4  23.1  23.1  22.6  23.4  23.3  22.9  23.0  23.4  23.3  23.2  23.0  23.4  23.5  23.3  23.4  24.5  24.8 
 23.5  23.3  24.2  23.8  23.2  23.0  23.7  23.3  23.2  23.3  23.4  23.6  23.0  23.0  23.2  23.1  22.8  23.0  22.9  23.2  22.9  22.9  23.0  23.3  23.1  23.1  23.3  23.7  23.5  23.7  24.2  24.4 
 23.7  23.5  24.1  23.7  23.3  23.0  23.4  23.4  23.5  23.2  23.6  23.4  22.9  22.8  23.2  23.1  23.1  22.6  23.1  23.1  23.0  22.8  23.3  23.2  22.9  22.9  23.6  23.4  23.5  24.1  24.3  24.0 
 23.3  23.3  23.6  23.6  23.3  23.0  23.3  23.6  23.6  23.7  24.5  23.9  23.0  23.0  23.1  23.0  22.8  22.7  23.1  23.1  22.8  22.8  23.2  23.3  22.9  23.1  23.5  23.4  23.7  23.9  23.7  24.1 
 23.2  23.0  24.0  23.5  23.1  23.0  23.5  23.6  23.7  24.6  26.3  24.6  23.0  22.9  23.2  23.0  22.9  22.6  23.1  23.1  23.0  22.6  23.3  23.1  23.1  22.8  23.2  23.2  23.0  23.5  24.0  23.8 
 23.4  23.5  23.5  23.8  22.8  23.0  23.4  23.6  24.2  25.3  28.2  25.5  22.9  22.7  23.0  23.0  22.7  22.7  23.0  23.0  22.8  22.8  23.0  23.3  22.9  23.0  23.4  23.3  23.1  22.8  23.7  23.5 
 23.6  23.1  23.7  23.5  23.1  23.1  23.6  23.2  23.5  23.7  24.8  23.7  22.9  22.8  23.2  23.1  22.9  22.8  22.8  22.8  22.9  22.9  23.4  23.1  23.0  22.7  23.3  23.2  23.1  23.0  23.4  22.7 
 23.6  23.4  23.7  23.5  22.9  23.1  23.3  23.3  22.9  23.1  23.3  23.1  23.0  22.8  22.9  23.2  22.6  22.9  23.1  23.1  22.9  22.9  23.1  23.2  22.7  23.0  23.2  23.4  22.8  23.0  23.5  23.5 
 23.5  23.4  23.7  23.8  23.4  23.1  23.4  23.2  23.1  22.8  23.4  23.2  23.0  22.8  23.1  23.0  22.9  22.8  23.1  23.2  22.8  22.8  23.1  23.0  23.0  22.9  23.3  23.2  23.1  23.0  24.0  23.6 
 24.4  24.5  25.0  25.0  24.6  24.4  23.9  23.7  23.1  23.0  23.3  23.2  22.9  22.8  23.2  23.0  22.9  22.8  23.1  23.1  22.9  23.1  23.2  23.0  22.9  22.7  23.3  23.2  22.9  23.2  23.8  23.8 
 24.9  24.4  25.6  25.7  25.7  25.7  25.4  24.6  23.3  23.1  23.2  23.2  22.9  22.8  23.2  23.1  22.8  22.8  23.0  23.0  22.9  22.8  23.2 nan  22.7  22.8  23.1  23.4  23.2  23.0  23.8  23.8 
 25.3  25.4  26.6  27.2  28.8  29.7  38.0  42.1  39.8  33.9  23.5  23.5  22.9  22.9  23.1  23.2  23.0  22.8  23.1  23.1  22.8  22.7  23.0  23.2  23.0  22.9  23.5  23.7  23.2  23.0  23.7  23.9 
 25.8  25.5  27.3  27.7  30.1  32.6  47.9  54.4  58.8  51.6  25.1  23.8  23.0  22.9  23.2  23.1  23.0  22.8  23.1  23.2  22.9  22.7  23.2  23.1  22.9  22.9  24.4  24.4  23.6  23.3  23.8  23.7 
 25.9  26.3  27.8  28.7  32.7  36.8  57.6  66.6  77.6  73.4  30.9  25.0  23.1  23.1  23.2  23.2  23.1  22.8  23.4  23.2  22.9  22.8  23.1  23.1  22.9  22.9  25.7  25.8  23.6  23.4  23.5  23.9 
 26.0  26.1  27.8  28.8  32.9  36.9  57.2  68.8  87.2  82.2  30.6  24.9  23.1  23.1  23.2  23.2  23.0  22.9  23.2  22.9  22.8  22.8  23.0  23.1  22.9  22.9  24.6  24.8  23.6  23.3  23.8  24.0 
 25.9  26.2  27.7  28.3  30.0  31.8  45.4  55.9  67.7  57.3  25.7  24.2  23.1  23.1  23.2  23.2  23.0  23.0  23.3  23.1  22.9  22.8  23.0  23.0  23.0  23.0  23.4  23.6  23.3  23.3  23.9  23.9 
 26.1  26.1  27.3  27.7  28.9  29.5  37.9  42.9  46.5  39.1  24.3  23.9  23.2  23.1  23.3  23.3  23.1  22.9  23.2  23.1  22.9  22.9  23.1  23.2  23.1  22.8  23.5  23.5  23.5  23.5  24.1  23.8 
 25.9  26.0  26.9  27.1  27.5  27.5  29.1  29.7  28.2  26.3  24.0  23.9  23.1  23.2  23.4  23.6  23.1  23.2  23.3  23.2  23.1  23.1  23.2  23.6  23.0  22.9  23.3  23.5  23.3  23.4  23.9  24.6 
 25.9  25.9  26.7  26.9  26.7  26.7  28.1  27.7  26.5  25.2  24.0  23.7  23.2  23.1  23.5  23.3  23.1  23.0  23.5  23.3  23.0  22.9  23.4  23.6  22.9  23.0  23.6  23.4  23.3  23.6  24.2  24.5 
 26.0  25.8  26.5  26.2  26.1  25.9  26.3  26.4  25.1  24.6  23.8  24.0  23.5  23.4  23.5  23.6  23.3  23.1  23.2  23.6  23.0  23.2  23.6  23.4  23.2  23.1  23.7  23.9  23.4  23.4  24.5  25.3 
 25.9  25.9  26.3  26.1  26.1  25.6  25.9  26.0  24.8  24.4  24.2  24.0  23.4  23.4  23.6  23.7  23.3  23.2  23.5  23.3  23.1  23.0  23.5  23.4  23.2  23.2  23.9  23.8  23.8  23.5  25.2  25.6 
 26.5  26.2  26.0  25.8  25.4  24.9  25.5  25.5  24.3  24.1  24.3  24.3  23.6  23.7  23.5  23.9  23.5  23.2  23.6  23.5  23.4  23.2  23.8  24.0  23.4  23.3  24.2  24.5  24.4  24.1  26.1  27.3 
 27.2  26.6  26.3  26.2  25.6  25.3  25.3  25.0  24.3  24.3  24.2  24.3  23.4  23.5  23.8  23.8  23.5  23.3  23.7  23.5  23.4  23.4  23.9  23.7  23.3  23.7  24.8  25.3  24.8  24.3  27.2  27.6 
