 24.5  23.7  24.3  23.8  23.8  23.8  24.0  23.6  23.2  23.2  23.9  23.5  23.3  23.1  23.3  23.3  23.1  22.8  23.4  23.1  23.1  22.9  23.3  23.2  23.4  22.8  23.4  23.3  23.7  23.3  24.9  25.5 
 24.0  24.1  24.0  24.3  23.5  23.7  23.4  23.6  23.4  23.5  23.3  23.6  23.2  23.3  23.0  23.3  23.0  23.0  23.2  23.5  23.0  23.0  23.2  23.5  23.1  23.3  23.4  23.7  23.4  23.9  24.4  25.4 
 23.9  23.4  24.0  23.8  23.4  23.0  23.4  23.3  23.5  23.2  23.5  23.5  23.1  23.1  23.4  23.1  23.0  22.9  23.2  23.0  23.2  22.8  23.3  23.2  23.2  22.9  23.6  23.4  24.0  23.4  24.0  24.0 
 23.6  23.7  23.6  24.0  23.2  23.3  23.3  23.6  23.3  23.5  23.6  23.8  22.9  23.0  23.1  23.3  22.8  23.0  23.1  23.3  23.0  22.9  23.1  23.4  23.1  23.3  23.6  23.9  23.4  24.5  24.1  24.6 
 23.7  23.5  23.8  23.4  23.4  23.2  23.6  23.5  23.7  23.8  24.6  23.7  23.1  22.8  23.3  23.0  22.9  22.7  23.2  23.0  22.9  22.8  23.3  23.0  23.4  22.9  23.6  23.4  24.0  23.9  24.1  24.1 
 23.4  23.5  23.5  23.5  23.1  23.1  23.3  23.4  24.0  24.9  26.5  24.8  23.0  23.0  23.1  23.2  22.9  22.8  23.0  23.1  23.1  22.8  23.0  23.2  23.1  23.2  23.1  23.5  23.4  23.4  23.6  23.8 
 23.7  23.5  23.7  23.4  23.3  22.8  23.6  23.3  24.3  25.5  28.4  25.4  23.2  22.8  23.1  22.9  22.8  22.7  23.0  23.0  23.1  23.0  23.3  23.3  23.4  23.0  23.4  23.2  23.4  23.0  23.8  23.3 
 23.7  23.7  23.2  23.7  22.9  23.0  23.2  23.5  23.4  23.9  24.8  23.9  23.0  23.0  23.0  23.3  23.0  23.0  22.7  23.1  22.9  22.8  23.0  23.1  23.0  23.0  23.1  23.6  23.1  23.3  23.0  23.0 
 24.4  23.7  24.0  23.2  23.4  23.0  23.3  23.1  23.1  23.1  23.4  23.2  22.9  23.0  23.1  23.1  22.8  22.9  23.1  23.0  22.9  22.9  23.2  23.1  23.2  23.0  23.4  23.1  23.1  22.9  23.8  23.3 
 23.9  23.7  23.3  24.0  23.5  23.4  23.3  23.4  23.1  23.1  23.0  23.4  23.1  22.9  23.1  23.2  22.9  23.0  23.0  23.2  22.9  22.9  23.0  23.4  23.1  23.1  23.2  23.4  23.0  23.0  23.7  23.9 
 24.6  24.6  25.0  25.1  24.8  24.7  24.1  23.5  23.3  23.0  23.4  23.1  23.0  22.8  23.2  23.1  23.0  22.7  23.0  23.0  23.0  22.8  23.0  23.0  23.1  22.8  23.3  23.1  23.2  23.0  23.5  24.0 
 24.5  25.0  25.2  26.0  25.7  25.7  25.1  24.9  23.5  23.4  23.0  23.3  22.9  23.1  22.9  23.2  23.0  23.0  23.1  23.0  22.9  23.1  22.8 nan  23.0  22.9  23.1  23.4  23.2  23.3  23.5  23.9 
 25.7  25.5  26.7  26.8  28.8  29.8  38.3  42.0  39.8  33.8  23.7  23.3  23.3  23.0  23.3  23.0  23.1  22.9  23.1  23.1  23.0  22.8  23.0  22.9  23.0  22.8  23.5  23.5  23.5  23.3  23.9  23.4 
 25.7  26.0  27.0  28.0  30.1  32.8  47.6  54.5  58.6  51.7  25.0  23.9  23.1  23.2  23.0  23.3  23.0  23.1  23.0  23.3  23.0  22.9  23.0  23.2  23.0  23.1  24.3  24.6  23.6  23.4  23.6  23.7 
 26.4  26.4  28.3  28.7  32.9  36.6  57.8  66.5  77.6  73.3  30.9  24.9  23.3  23.2  23.2  23.0  23.3  23.0  23.2  23.0  23.0  22.8  23.3  22.9  23.2  22.9  25.8  25.7  23.7  23.1  24.0  23.7 
 26.1  26.2  27.9  29.0  32.9  37.1  57.2  69.0  87.1  82.2  30.5  25.0  23.3  23.2  23.1  23.2  23.0  23.0  23.0  23.2  22.9  23.0  23.2  23.3  22.8  23.0  24.3  25.0  23.9  23.6  23.5  23.9 
 26.1  26.1  27.8  28.1  30.4  31.9  45.8  55.5  68.0  57.2  25.8  23.8  23.5  23.1  23.4  23.1  23.2  22.8  23.3  23.1  23.0  22.9  23.1  23.0  23.1  22.9  23.5  23.4  23.6  23.4  24.1  23.6 
 26.2  26.4  27.2  27.7  28.8  29.8  37.6  43.2  46.4  39.4  24.2  23.9  23.3  23.4  23.3  23.4  23.0  23.1  23.1  23.5  23.1  23.0  23.0  23.3  23.1  23.2  23.3  23.5  23.7  23.6  23.9  23.8 
 26.6  26.0  27.2  27.1  27.7  27.7  29.1  29.6  28.5  26.4  24.1  23.9  23.5  23.2  23.5  23.2  23.4  23.0  23.2  23.2  23.4  22.9  23.4  23.1  23.3  23.0  23.3  23.5  23.8  23.2  23.9  24.0 
 25.9  26.5  26.4  27.1  27.1  26.9  27.7  28.1  26.7  25.6  23.8  24.0  23.5  23.4  23.3  23.4  23.2  23.3  23.2  23.4  23.3  23.1  23.3  23.6  23.0  23.4  23.3  23.8  23.6  23.7  23.8  24.7 
 26.4  26.1  26.6  26.5  26.4  26.1  26.4  26.0  25.4  24.5  24.1  24.0  23.4  23.4  23.6  23.3  23.5  23.2  23.4  23.3  23.2  22.9  23.6  23.1  23.6  23.1  23.8  23.8  24.1  23.4  24.5  24.5 
 25.9  25.9  26.4  26.7  25.8  26.0  26.0  26.0  24.8  24.6  24.0  24.1  23.6  23.4  23.5  23.6  23.4  23.2  23.4  23.6  23.1  23.3  23.4  23.7  23.3  23.2  23.9  24.1  23.6  24.0  24.7  25.7 
 27.3  26.4  26.3  25.8  25.7  25.3  25.6  25.0  24.7  24.2  24.3  24.0  23.8  23.6  23.8  23.5  23.6  23.3  23.6  23.6  23.4  23.2  24.1  23.5  23.6  23.4  24.4  24.3  24.4  24.1  26.5  26.8 
 27.2  26.9  25.9  26.4  25.6  25.2  25.2  25.5  24.3  24.4  24.1  24.3  23.5  23.6  23.7  23.9  23.5  23.5  23.7  23.9  23.6  23.5  23.3  23.9  23.6  23.5  24.6  25.6  25.0  25.1  26.4  28.2 
