 24.7  23.7  24.3  24.0  23.7  23.6  23.8  23.9  23.4  23.2  23.5  23.6  23.2  23.1  23.3  23.3  23.2  22.9  23.2  23.0  23.0  22.9  23.3  23.3  23.1  22.9  23.3  23.6  23.5  23.6  24.7  25.2 
 24.0  23.7  24.3  24.1  23.5  23.4  23.5  23.6  23.6  23.1  23.5  23.6  23.3  23.1  23.2  23.3  23.0  23.0  23.3  23.3  23.0  22.9  23.1  23.3  23.1  23.2  23.4  23.5  23.4  23.4  24.2  25.1 
 23.8  23.6  24.0  23.6  23.1  22.9  23.4  23.3  23.3  23.3  23.4  23.3  23.2  23.1  23.3  23.3  22.9  22.7  23.2  23.1  22.9  22.9  23.2  23.2  23.2  23.2  23.6  23.5  23.3  23.6  24.2  24.2 
 23.4  23.5  23.6  23.8  23.2  23.0  23.5  23.4  23.4  23.4  23.7  23.6  23.1  22.9  23.1  23.1  23.1  22.9  23.1  23.3  23.0  22.9  23.2  23.2  23.0  23.0  23.6  23.6  23.5  24.0  24.3  24.0 
 23.7  23.3  23.6  23.5  23.2  23.2  23.6  23.4  23.6  23.9  24.6  23.9  23.1  22.9  23.1  22.9  23.0  22.7  22.8  22.9  22.9  23.0  23.1  23.0  23.1  23.2  23.5  23.5  23.7  24.2  23.9  23.9 
 23.4  23.6  23.5  23.6  23.1  23.0  23.3  23.5  24.0  24.8  26.3  24.6  23.0  22.9  23.1  23.1  23.0  22.8  23.0  23.0  22.8  22.8  23.1  23.2  23.2  22.9  23.4  23.5  23.4  23.3  23.8  23.8 
 23.5  23.5  23.7  23.2  23.0  23.0  23.2  23.5  24.3  25.5  28.2  25.4  23.1  23.0  23.1  23.1  22.9  22.8  23.0  23.0  23.0  22.9  23.2  23.2  23.1  22.9  23.3  23.3  23.2  22.7  23.6  23.5 
 23.6  23.4  23.5  23.4  23.2  23.1  23.2  23.4  23.4  23.6  24.7  23.9  23.1  22.9  23.1  23.1  22.8  22.8  22.8  23.0  22.9  22.9  23.2  23.1  22.9  22.8  23.1  23.3  23.1  23.0  23.5  22.5 
 23.9  23.5  23.8  23.2  23.2  23.0  23.3  23.0  22.9  23.0  23.3  23.1  22.8  23.0  23.0  23.0  22.9  22.8  23.2  23.0  22.9  22.9  23.1  22.9  22.9  23.0  23.2  23.0  23.2  23.1  23.4  23.5 
 23.8  23.7  23.7  23.7  23.5  23.2  23.2  23.4  23.0  22.9  23.1  23.2  23.0  22.8  23.0  22.9  22.9  22.7  22.9  23.1  23.0  22.9  22.9  23.1  23.1  23.0  23.2  23.4  23.0  23.1  23.8  23.7 
 24.6  24.6  25.0  25.1  24.7  24.4  24.1  23.8  23.1  23.2  23.3  23.2  22.9  22.9  23.1  23.1  22.9  22.9  23.1  23.1  23.0  22.9  23.2  23.1  22.7  22.8  23.2  23.1  23.0  23.0  23.5  23.8 
 24.5  24.5  25.4  25.7  25.7  25.8  25.2  24.6  23.4  23.3  23.4  23.4  23.1  22.8  23.1  23.1  23.0  22.9  23.1  23.1  22.9  22.8  23.1 nan  22.9  23.0  23.0  23.4  23.0  22.9  23.5  23.6 
 25.9  25.2  26.4  27.3  28.8  29.6  38.2  41.9  39.7  33.9  23.9  23.4  22.9  22.9  23.3  23.1  23.0  23.0  23.2  23.1  23.0  22.7  23.0  23.1  23.0  22.8  23.6  23.5  23.2  23.0  23.9  23.9 
 25.7  25.8  26.9  27.8  30.1  32.7  47.8  54.3  58.8  51.7  25.0  23.7  23.1  23.1  23.1  23.2  23.0  22.7  23.1  23.2  23.0  22.7  23.0  23.3  23.0  22.9  24.1  24.4  23.5  23.2  23.7  23.7 
 26.3  26.1  27.9  28.7  32.7  36.9  57.6  66.5  77.6  73.4  30.9  25.0  23.1  23.1  23.3  23.1  23.0  23.0  23.2  23.1  22.9  22.9  23.2  23.0  23.0  23.2  25.8  25.9  23.6  23.5  24.0  23.8 
 26.1  26.2  27.9  28.7  32.8  37.0  57.3  68.9  87.2  82.2  30.7  25.1  23.3  23.2  23.1  23.2  23.0  22.9  23.2  23.2  22.9  22.9  23.0  23.1  22.8  22.8  24.4  24.8  23.6  23.3  23.8  23.8 
 25.9  26.3  27.8  28.3  30.3  31.9  45.8  55.7  67.8  57.3  25.6  23.9  23.3  23.1  23.2  23.2  23.0  23.0  23.2  23.2  22.9  22.6  23.2  23.2  23.0  22.9  23.4  23.6  23.4  23.3  24.0  23.9 
 26.1  26.1  27.3  27.9  28.7  29.7  37.7  43.0  46.4  39.2  24.4  23.6  23.4  23.1  23.3  23.3  23.0  22.9  23.2  23.3  23.0  23.0  23.0  23.3  23.1  23.0  23.3  23.8  23.5  23.5  23.9  23.8 
 26.4  26.0  26.9  27.1  27.3  27.6  29.3  29.7  28.4  26.6  24.2  23.5  23.4  23.2  23.3  23.4  23.2  23.2  23.3  23.3  23.1  23.0  23.3  23.3  23.1  22.9  23.5  23.6  23.5  23.2  24.1  23.8 
 25.9  26.2  26.7  26.8  26.8  26.7  27.8  27.7  26.6  25.3  23.8  23.8  23.4  23.2  23.4  23.3  23.2  23.0  23.4  23.3  23.1  23.1  23.2  23.6  23.3  23.0  23.5  23.5  23.6  23.4  24.1  24.5 
 25.8  25.7  26.5  26.4  26.1  26.1  26.4  26.2  25.3  24.7  24.1  24.1  23.3  23.4  23.4  23.5  23.1  23.3  23.3  23.3  23.1  23.0  23.6  23.6  23.5  23.2  23.7  23.9  23.4  23.5  24.3  24.5 
 25.9  25.9  25.9  26.4  26.1  25.5  25.8  26.1  24.7  24.4  24.1  24.1  23.5  23.3  23.6  23.6  23.2  23.2  23.5  23.5  23.1  23.3  23.3  23.6  23.3  23.2  23.8  23.8  24.0  23.6  24.9  25.9 
 27.0  26.4  26.1  26.1  25.6  25.6  25.6  25.2  24.4  24.0  24.3  24.2  23.5  23.3  23.6  23.6  23.6  23.4  23.9  23.4  23.3  23.3  23.8  23.8  23.4  23.6  24.2  24.3  24.4  24.3  25.8  26.4 
 27.1  27.4  26.1  26.0  25.5  25.5  25.3  25.2  24.4  24.2  24.2  24.3  23.5  23.6  23.8  23.9  23.5  23.4  23.7  23.8  23.4  23.4  24.0  24.0  23.6  23.6  24.8  25.3  25.0  24.6  26.4  27.2 
