 23.2  23.0  23.0  23.8  22.8  22.4  22.5  23.0  22.2  22.1  22.5  22.8  22.4  22.1  22.4  22.6  22.2  22.2  22.4  22.6  22.4  22.1  22.7  22.9  22.2  22.3  23.0  23.8  23.1  23.5  23.9  25.0 
 23.2  22.8  23.4  23.1  22.6  22.4  23.0  22.8  22.5  22.2  22.6  22.6  22.4  22.0  22.8  22.4  22.3  22.2  22.8  22.6  22.3  22.1  23.0  22.7  22.7  22.4  23.6  24.2  23.5  22.9  24.1  24.2 
 22.8  23.0  23.2  23.1  22.7  22.3  23.0  22.8  22.4  22.3  22.5  22.8  22.2  22.1  22.5  22.6  22.3  22.2  22.4  22.7  22.4  22.3  22.5  22.6  22.4  22.4  22.7  23.1  22.9  22.9  23.1  23.7 
 22.9  22.8  23.4  23.0  22.4  22.4  22.9  22.8  22.5  22.4  23.0  22.6  22.1  22.1  22.6  22.4  22.1  22.1  22.8  22.5  22.2  22.0  22.7  22.6  22.4  22.3  23.0  22.9  22.5  22.5  23.6  23.7 
 22.8  23.0  23.1  23.3  22.4  22.5  22.6  23.1  22.9  23.1  22.8  22.8  22.2  22.2  22.5  22.6  22.1  22.2  22.4  22.5  22.2  22.3  22.4  22.8  22.6  22.4  22.9  22.9  22.8  22.7  23.2  23.4 
 22.7  22.7  23.1  23.0  22.5  22.6  23.3  22.8  23.5  23.6  23.2  22.8  22.3  22.1  22.5  22.6  22.2  22.1  22.6  22.6  22.4  22.0  22.8  22.6  22.6  22.5  22.8  22.7  22.8  22.7  23.4  23.6 
 22.9  22.9  22.9  23.1  22.3  22.4  23.1  23.2  25.0  26.2  24.1  23.3  22.4  22.4  22.5  22.5  22.1  22.3  22.3  22.5  22.4  22.4  22.6  22.9  22.4  22.5  22.8  22.9  22.5  22.5  23.0  23.1 
 23.0  23.0  22.9  23.0  22.5  22.6  23.3  23.2  25.3  26.7  24.5  23.0  22.4  22.2  22.6  22.3  22.3  22.2  22.6  22.5  22.5  22.1  22.9  22.5  22.3  22.5  22.9  22.6  22.4  22.5  23.2  22.3 
 23.2  22.9  23.1  23.2  22.5  22.6  22.7  23.1  23.0  23.2  22.9  22.8  22.4  22.4  22.3  22.7  22.3  22.4  22.6  22.7  22.2  22.4  22.6  22.7  22.4  22.5  22.6  23.2  22.8  22.8  22.8  23.1 
 23.1  22.9  23.4  23.2  22.7  22.5  23.2  22.9  22.9  22.6  22.9  22.6  22.4  22.3  22.5  22.4  22.2  22.2  22.6  22.5  22.4  22.3  22.7  22.7  22.5  22.4  23.0  23.1  22.7  22.4  23.4  23.3 
 23.4  23.5  23.9  24.0  23.5  23.4  23.2  23.2  22.7  22.7  22.6  22.8  22.3  22.4  22.5  22.7  22.3  22.3  22.4  22.7  22.4  22.2  22.6  22.7  22.4  22.4  23.2  23.8  23.2  23.0  23.1  23.5 
 23.6  23.3  24.3  24.4  24.1  24.3  24.0  23.5  22.9  22.5  22.8  22.7  22.5  22.3  22.7  22.4  22.5  22.3  22.7  22.8  22.4  22.3  22.6 nan  22.3  22.2  24.2  24.8  23.6  22.9  23.4  23.2 
 24.3  24.2  25.2  25.7  26.9  27.4  32.6  35.0  32.8  29.2  23.0  23.1  22.5  22.4  22.5  22.7  22.4  22.3  22.7  22.7  22.3  22.4  22.4  22.7  22.5  22.5  23.7  24.6  23.2  22.9  23.2  23.6 
 24.5  24.5  26.0  26.2  28.4  29.8  41.7  48.8  53.3  47.1  24.6  23.1  22.6  22.5  22.8  22.6  22.4  22.3  22.6  22.6  22.4  22.4  22.8  22.7  22.4  22.3  23.2  23.3  23.1  22.8  23.5  23.4 
 24.8  25.1  26.5  27.3  30.2  33.7  54.8  63.2  74.6  71.1  34.4  25.5  22.5  22.4  22.6  22.7  22.5  22.3  22.6  22.8  22.3  22.4  22.7  22.9  22.5  22.4  22.7  23.0  22.7  22.9  23.0  23.7 
 24.9  24.9  27.0  27.3  30.6  33.9  53.7  62.6  78.3  78.8  37.0  25.8  22.6  22.6  22.8  22.6  22.5  22.3  22.8  22.5  22.5  22.3  22.8  22.7  22.6  22.4  23.0  22.9  22.8  22.6  23.7  23.2 
 24.8  25.1  26.5  27.3  29.3  31.4  44.2  53.4  72.9  69.5  29.9  24.4  22.6  22.5  22.5  22.7  22.3  22.4  22.6  22.8  22.3  22.2  22.5  22.9  22.6  22.5  22.9  23.2  22.5  22.8  23.2  23.5 
 25.1  25.1  26.6  26.6  28.4  29.5  37.0  42.1  53.7  49.2  26.0  23.6  22.6  22.5  22.7  22.7  22.4  22.3  22.8  22.6  22.5  22.4  22.7  22.9  22.4  22.4  23.3  23.0  23.0  22.7  23.5  23.4 
 25.1  25.1  26.1  26.7  26.5  26.9  28.4  29.5  29.4  27.7  23.8  23.4  22.6  22.5  22.8  22.9  22.5  22.3  22.6  22.9  22.6  22.4  22.8  23.0  22.4  22.9  22.8  23.3  22.8  23.0  22.9  23.9 
 25.1  25.4  26.5  26.3  26.1  26.0  27.5  27.4  26.8  25.7  23.7  23.3  22.6  22.6  22.9  22.8  22.5  22.5  22.9  22.6  22.6  22.3  23.0  22.9  22.7  22.5  23.3  23.1  23.0  22.8  24.2  24.1 
 25.3  25.0  25.5  25.8  25.2  25.3  25.7  25.8  24.8  24.4  23.6  23.4  23.0  22.7  22.9  23.0  22.5  22.5  22.7  23.1  22.6  22.5  22.8  23.1  22.6  22.6  23.2  23.5  23.6  23.9  24.6  25.3 
 24.9  24.9  25.6  25.5  25.2  24.8  25.5  25.4  24.4  23.9  23.7  23.3  22.9  22.4  23.0  22.9  22.6  22.4  23.0  22.9  22.7  22.4  23.1  23.1  22.7  22.6  23.5  23.8  24.1  24.6  26.0  25.2 
 25.5  25.2  25.4  25.5  24.6  24.5  24.7  24.7  24.0  23.6  23.5  23.7  22.9  22.9  22.7  23.2  22.8  22.4  23.2  23.1  22.9  22.6  23.2  23.5  23.1  23.3  24.9  25.8  25.6  25.4  26.6  27.6 
 25.8  24.8  25.4  25.2  24.6  24.1  24.8  24.6  23.8  23.4  23.4  23.6  23.0  22.7  23.1  22.9  22.7  22.8  23.3  23.1  23.1  22.7  23.5  23.6  23.9  24.3  26.4  26.4  25.8  25.4  28.0  27.0 
