 24.3  23.5  24.3  23.7  23.5  23.5  23.7  23.5  23.4  23.0  23.6  23.5  23.2  23.0  23.2  23.2  23.1  22.9  23.0  23.2  23.0  22.8  23.3  23.3  23.3  22.9  23.4  23.8  23.8  23.3  24.7  25.5 
 23.6  23.7  24.1  24.0  23.3  23.4  23.4  23.5  23.3  23.4  23.5  23.6  23.0  23.1  23.2  23.2  23.0  22.9  23.3  23.3  22.9  23.0  23.5  23.1  22.9  23.2  23.6  23.4  23.2  23.5  24.4  24.5 
 24.2  23.3  23.7  23.4  23.3  22.9  23.3  23.5  23.3  23.0  23.4  23.6  23.1  22.9  23.1  23.1  23.0  22.8  23.1  23.2  23.0  22.8  22.9  23.3  23.1  22.9  23.2  23.7  23.3  23.7  24.0  24.2 
 23.2  23.5  23.6  23.8  23.0  23.1  23.3  23.5  23.3  23.2  23.7  23.5  22.9  22.9  23.1  23.2  22.9  23.0  23.1  23.0  23.0  22.7  23.2  23.2  22.9  23.1  23.5  23.4  23.4  24.3  23.9  24.2 
 23.7  23.3  23.4  23.5  23.3  23.0  23.2  23.6  23.7  23.8  24.4  23.8  23.1  22.9  23.1  23.1  23.0  22.7  23.0  23.0  23.0  22.8  22.9  23.0  23.0  23.0  23.3  23.4  23.8  24.1  23.9  24.1 
 23.2  23.3  23.5  23.4  22.8  23.1  23.4  23.5  23.8  24.7  26.4  24.5  23.0  23.0  23.0  23.2  22.8  22.9  22.9  22.9  22.7  22.8  23.2  23.0  23.1  22.9  23.3  23.4  23.3  23.5  23.8  23.6 
 23.5  23.3  23.6  23.8  23.0  22.8  23.4  23.4  24.3  25.5  28.1  25.6  23.1  22.9  22.9  23.1  22.8  22.7  22.9  22.9  23.0  22.9  23.0  23.2  23.1  22.9  23.1  23.3  23.4  22.7  23.3  23.5 
 23.4  23.2  23.2  23.1  23.0  22.8  23.3  23.2  23.3  23.9  24.8  23.9  22.8  22.9  23.0  22.9  22.9  22.7  22.9  23.0  23.0  22.8  23.1  23.0  22.8  22.9  23.4  23.3  23.2  23.1  23.7  22.8 
 23.9  23.4  23.6  23.4  23.1  22.7  23.1  23.2  23.1  23.0  23.2  23.2  22.9  22.9  23.0  23.1  23.0  22.9  23.1  23.0  22.9  22.8  23.0  23.2  23.2  22.9  22.9  23.1  23.2  22.7  23.4  23.6 
 23.6  23.7  23.7  23.6  23.3  23.2  23.4  23.3  22.9  23.0  23.0  23.2  22.9  23.0  23.1  22.9  22.9  22.9  23.1  23.0  22.9  22.8  23.1  22.9  23.0  23.1  23.2  23.5  23.0  22.8  23.4  23.6 
 24.6  24.2  24.9  24.9  24.9  24.4  23.7  23.6  23.3  22.9  23.3  23.1  23.0  22.9  23.0  23.1  22.9  22.8  23.0  23.0  23.0  22.8  22.9  23.0  23.0  23.0  22.9  23.2  23.2  23.0  23.4  23.5 
 24.5  24.7  25.3  25.5  25.7  25.7  25.2  24.5  23.2  23.2  23.3  23.3  22.9  22.9  23.1  23.0  22.8  22.9  23.1  23.2  22.7  22.9  23.0 nan  23.0  22.9  23.0  23.2  22.8  22.9  23.3  23.7 
 25.4  25.2  26.3  27.0  28.5  29.7  38.1  42.1  39.8  33.8  23.5  23.5  23.0  22.8  23.3  23.2  23.0  22.8  23.1  23.0  23.0  22.7  23.0  23.2  23.0  22.7  23.4  23.5  23.4  23.1  23.9  23.6 
 25.6  25.8  27.1  27.8  30.0  32.8  47.7  54.3  58.7  51.7  25.0  23.7  23.1  23.1  23.2  23.1  22.8  22.8  23.0  23.0  22.9  22.7  22.9  23.0  23.0  23.1  24.4  24.4  23.6  23.3  23.6  23.6 
 25.9  26.1  27.8  28.7  32.8  36.5  57.7  66.6  77.5  73.4  30.7  25.0  23.2  23.0  23.0  23.1  22.9  22.8  23.2  23.1  22.9  22.7  23.2  23.0  22.9  22.8  25.8  25.5  23.7  23.2  23.6  23.8 
 25.8  26.2  27.7  28.4  32.8  36.9  57.3  68.8  87.1  82.2  30.4  24.9  23.1  23.1  23.2  23.2  22.9  23.1  23.1  23.1  22.8  23.0  23.0  23.1  22.7  22.8  24.5  24.8  23.2  23.3  23.6  23.8 
 26.1  26.3  27.4  28.1  30.0  31.6  45.5  55.8  67.8  57.3  25.6  24.0  23.3  23.0  23.1  23.0  22.9  22.9  23.1  23.2  23.0  22.8  23.0  23.1  23.1  22.9  23.2  23.4  23.3  23.6  23.7  23.8 
 25.9  26.6  27.3  27.5  28.7  29.7  37.9  42.9  46.4  39.3  24.3  23.7  23.2  23.0  23.2  23.2  22.9  22.9  23.1  23.2  22.8  23.1  23.1  23.2  23.0  22.9  23.5  23.4  23.4  23.3  24.1  24.0 
 26.4  26.0  27.0  26.9  27.4  27.4  29.0  29.4  28.4  26.4  23.9  23.7  23.3  23.1  23.4  23.4  23.4  23.0  23.1  23.1  23.1  22.8  23.2  23.3  23.2  22.8  23.5  23.5  23.6  23.1  23.5  24.2 
 25.8  26.0  26.5  26.8  26.7  26.7  28.0  27.8  26.6  25.5  23.9  23.7  23.4  23.3  23.6  23.2  23.1  23.1  23.4  23.2  22.9  23.0  23.6  23.2  23.0  23.1  23.4  23.3  23.3  23.6  24.1  24.1 
 26.0  25.9  26.3  26.4  26.3  25.9  26.0  26.5  25.3  24.6  23.9  24.1  23.5  23.2  23.3  23.6  23.3  23.1  23.3  23.2  23.1  23.0  23.4  23.4  23.3  23.1  23.4  23.9  23.5  23.4  24.3  25.0 
 25.9  26.0  26.3  26.0  25.9  25.9  26.0  25.7  24.9  24.4  24.1  23.9  23.4  23.3  23.6  23.5  23.0  23.3  23.4  23.4  23.0  23.2  23.4  23.5  23.2  23.5  23.8  23.8  23.5  23.5  24.9  25.6 
 26.7  26.2  26.0  25.9  25.7  25.2  25.5  25.2  24.8  24.1  23.9  24.1  23.5  23.6  23.6  23.7  23.4  23.3  23.5  23.6  23.5  23.3  23.4  23.8  23.4  23.3  24.0  24.5  24.4  24.1  25.8  26.8 
 26.5  26.1  25.9  25.8  25.1  25.3  25.2  25.2  24.2  24.2  24.2  24.2  23.5  23.6  23.7  23.7  23.2  23.6  23.7  23.5  23.4  23.5  23.7  23.7  23.6  23.9  24.6  24.9  24.6  24.8  26.8  27.6 
