 24.5  23.7  23.8  24.0  24.0  23.5  23.7  23.5  23.3  23.0  23.3  23.6  23.2  23.0  23.0  23.2  22.9  23.1  23.2  23.3  23.0  22.8  23.0  23.3  23.1  23.1  23.4  23.3  23.5  23.4  24.4  25.5 
 24.0  23.7  23.8  23.8  23.6  23.2  23.3  23.5  23.2  23.5  23.5  23.3  22.9  23.0  23.3  23.0  22.9  23.0  23.2  23.1  23.3  22.8  23.5  23.2  22.9  22.9  23.3  23.4  23.2  23.4  24.4  24.5 
 23.7  23.4  23.7  23.6  23.3  23.0  23.2  23.3  23.1  23.2  23.3  23.4  23.0  22.8  23.1  23.1  23.0  23.1  22.8  23.1  22.9  22.7  22.9  23.2  23.1  22.8  23.2  23.5  23.3  23.7  23.6  24.0 
 23.5  23.1  23.6  23.7  23.2  22.9  23.3  23.2  23.2  23.3  23.7  23.3  22.8  22.8  23.1  22.9  23.0  22.8  23.2  23.0  22.9  22.8  23.0  22.9  23.0  23.1  23.6  23.4  23.5  24.1  23.7  24.0 
 23.5  23.3  23.3  23.4  23.1  22.8  23.2  23.5  23.5  23.8  24.5  23.9  23.0  22.8  22.9  23.0  22.8  22.8  22.8  22.9  22.9  22.9  23.0  23.1  22.9  22.9  23.3  23.2  23.7  23.9  23.5  24.1 
 23.4  23.3  23.3  23.2  23.0  23.2  23.3  23.1  23.9  24.7  26.3  24.7  23.0  23.0  23.0  23.0  22.8  22.7  22.8  23.0  22.8  22.9  23.0  23.0  23.3  22.9  23.3  23.2  23.3  23.3  23.8  23.4 
 23.5  23.3  23.3  23.5  23.3  23.0  23.1  23.5  24.3  25.4  28.2  25.4  23.1  22.9  22.9  23.1  22.8  22.8  22.9  23.0  23.0  22.9  23.1  23.1  23.1  22.8  23.0  23.3  23.2  23.1  23.3  23.5 
 23.4  23.2  23.2  23.2  23.0  22.9  23.3  23.4  23.4  23.7  24.7  23.9  23.0  22.9  23.0  23.0  22.9  22.8  22.9  22.8  22.8  22.7  23.2  23.1  22.9  22.9  23.1  23.0  23.1  22.8  23.4  22.3 
 23.7  23.2  23.3  23.4  23.1  23.0  23.2  23.2  23.1  22.9  23.1  23.1  22.9  22.9  22.8  23.1  22.8  22.8  23.0  23.1  22.9  22.7  23.0  23.1  22.9  22.8  22.8  23.1  23.0  23.1  22.9  23.5 
 23.6  23.5  23.6  23.6  23.4  23.4  23.3  23.1  23.0  22.9  23.2  23.3  22.8  22.9  23.0  22.9  22.9  22.9  23.0  23.1  23.0  22.9  23.0  22.9  23.0  23.0  23.2  23.1  23.0  23.0  23.5  23.4 
 24.6  24.3  24.6  24.7  24.7  24.4  23.7  23.7  23.3  23.1  23.1  23.0  22.8  22.8  23.0  23.1  22.9  23.0  22.9  23.1  22.9  22.8  22.9  23.0  23.1  22.7  22.7  23.0  22.8  23.1  23.2  23.3 
 24.5  24.5  25.3  25.6  25.6  25.8  25.3  24.6  23.3  23.2  23.1  23.2  22.9  22.9  23.0  22.9  22.8  22.8  23.1  23.0  22.7  22.9  23.1 nan  22.7  22.7  23.0  23.2  23.0  23.0  23.6  23.6 
 25.4  25.3  26.3  26.9  28.6  29.8  38.1  42.0  39.7  33.7  23.6  23.4  23.2  22.9  22.9  22.9  22.9  22.9  23.0  23.0  22.9  22.5  22.8  23.2  23.0  22.7  23.2  23.6  23.4  23.1  23.5  23.7 
 25.6  25.8  27.0  27.6  30.1  32.6  47.7  54.2  58.7  51.7  25.0  23.8  23.0  23.1  23.0  23.0  22.9  22.7  23.0  23.1  22.9  22.6  22.9  23.0  22.8  22.7  24.2  24.3  23.6  23.3  23.4  23.6 
 25.9  26.1  27.5  28.6  32.8  36.6  57.6  66.5  77.6  73.4  30.7  24.9  23.2  23.2  23.1  23.1  23.1  23.0  23.0  23.1  22.8  22.6  23.0  23.0  23.0  23.1  25.7  25.6  23.7  23.3  23.5  23.5 
 26.1  26.1  27.8  28.5  32.6  36.8  57.2  68.8  87.1  82.2  30.5  24.8  23.1  23.2  23.0  23.1  22.8  22.9  22.9  22.9  22.8  22.9  23.0  23.1  22.9  22.6  24.4  24.5  23.4  23.3  23.6  23.3 
 26.2  26.3  27.5  28.0  30.2  31.8  45.6  55.5  67.8  57.2  25.5  24.1  23.4  23.1  23.0  23.0  23.0  23.0  23.1  23.1  22.9  22.7  23.1  23.1  23.1  22.9  23.2  23.7  23.4  23.4  23.7  23.6 
 26.2  26.3  27.4  27.5  28.8  29.6  37.7  42.8  46.3  39.2  24.3  23.6  23.1  23.1  23.3  23.2  23.1  22.7  23.2  23.1  22.8  22.8  23.0  23.1  22.8  22.8  23.3  23.3  23.5  23.2  23.7  23.8 
 26.1  26.0  27.0  26.9  27.4  27.6  29.0  29.5  28.4  26.4  23.8  23.7  23.3  23.2  23.3  23.2  23.2  23.0  23.1  23.2  23.2  22.7  23.2  23.2  23.1  22.9  23.2  23.4  23.3  23.4  23.5  24.0 
 26.1  25.8  26.5  26.8  26.7  26.7  27.7  27.7  26.5  25.6  23.8  23.7  23.3  23.3  23.4  23.2  23.3  23.1  23.1  23.3  23.1  22.9  23.3  23.2  23.0  23.1  23.5  23.2  23.4  23.2  24.0  24.1 
 25.8  25.9  26.1  26.4  26.3  26.0  26.0  26.0  25.4  24.5  23.8  23.8  23.5  23.1  23.2  23.4  23.0  23.3  23.1  23.3  23.3  23.0  23.1  23.6  23.4  23.2  23.4  23.5  23.4  23.4  23.6  24.5 
 26.1  25.5  26.3  25.9  26.1  25.6  26.0  25.8  24.8  24.4  23.9  23.6  23.4  23.1  23.5  23.5  23.1  23.2  23.5  23.4  23.1  23.1  23.3  23.3  23.3  23.1  23.4  23.8  23.6  23.6  24.4  25.9 
 26.5  26.0  25.6  25.9  25.4  25.2  25.5  25.0  24.5  24.1  24.0  24.0  23.7  23.3  23.4  23.8  23.4  23.4  23.7  23.5  23.4  23.3  23.4  23.7  23.5  23.4  23.9  24.5  24.8  24.1  25.7  26.4 
 27.1  26.6  25.9  26.0  25.5  25.1  25.0  25.0  24.3  23.9  24.2  24.0  23.5  23.5  23.7  23.5  23.3  23.4  23.7  23.4  23.6  23.4  23.6  23.6  23.3  23.5  24.5  25.1  24.6  24.6  26.3  27.1 
