 23.1  23.0  23.0  23.4  22.6  22.6  22.5  22.7  22.1  22.1  22.6  22.7  22.1  22.1  22.3  22.4  22.2  22.2  22.5  22.6  22.3  22.3  22.6  22.6  22.3  22.3  23.1  23.6  23.4  22.8  23.9  24.7 
 23.0  22.8  23.2  22.9  22.8  22.4  22.7  22.5  22.4  22.3  22.7  22.6  22.4  22.3  22.6  22.4  22.0  22.0  22.6  22.4  22.3  22.1  22.8  22.5  22.5  22.6  23.3  24.0  23.4  23.3  24.3  23.6 
 22.8  22.9  22.9  23.1  22.5  22.2  22.6  22.8  22.5  22.3  22.6  22.7  22.3  22.2  22.5  22.5  22.2  22.0  22.3  22.4  22.2  22.4  22.6  22.7  22.3  22.6  22.8  23.1  22.7  22.7  22.9  23.5 
 23.1  22.6  23.0  22.6  22.5  22.3  22.8  22.6  22.5  22.5  22.8  22.5  22.3  22.1  22.6  22.4  22.3  22.1  22.5  22.5  22.3  22.3  22.7  22.4  22.4  22.2  23.2  22.9  22.8  22.8  23.4  23.3 
 22.6  22.8  23.1  22.9  22.3  22.5  22.9  22.9  22.9  23.0  22.8  22.7  22.2  22.3  22.4  22.5  22.2  22.2  22.4  22.5  22.2  22.2  22.4  22.8  22.3  22.2  22.8  22.8  22.4  22.7  23.0  23.1 
 22.8  22.6  23.1  22.8  22.4  22.3  23.0  23.0  23.3  23.6  23.1  22.5  22.3  22.4  22.4  22.5  22.3  22.1  22.4  22.3  22.3  22.1  22.6  22.3  22.5  22.3  22.8  22.6  22.8  22.6  23.4  23.2 
 23.0  22.7  22.9  23.1  22.6  22.5  22.8  23.2  24.9  26.2  24.0  23.3  22.5  22.2  22.3  22.5  22.3  22.1  22.3  22.6  22.4  22.2  22.6  22.6  22.4  22.2  22.7  23.1  22.6  22.5  22.8  23.1 
 23.0  22.6  22.8  22.9  22.8  22.3  23.0  23.1  25.3  26.8  24.3  23.0  22.4  22.2  22.6  22.5  22.3  22.1  22.6  22.4  22.3  22.3  22.8  22.5  22.4  22.3  22.6  22.6  22.5  22.4  22.9  22.3 
 23.2  23.0  22.9  22.8  22.5  22.6  22.9  23.0  22.9  23.3  23.0  22.6  22.4  22.2  22.3  22.6  22.1  22.3  22.5  22.5  22.4  22.3  22.6  22.7  22.4  22.2  22.8  22.8  22.7  22.5  23.1  22.8 
 23.5  22.9  23.4  23.3  22.9  22.5  22.9  22.6  22.8  22.8  22.8  22.4  22.3  22.3  22.5  22.3  22.4  22.4  22.6  22.6  22.4  22.2  22.6  22.5  22.7  22.5  23.1  22.7  22.8  23.0  23.2  22.7 
 23.6  23.8  23.6  23.8  23.4  23.3  23.0  23.1  22.6  22.6  22.4  22.7  22.2  22.1  22.4  22.6  22.3  22.4  22.5  22.6  22.5  22.3  22.4  22.6  22.4  22.4  23.1  23.5  23.4  23.0  22.9  23.3 
 23.6  23.5  24.1  24.1  24.5  24.4  23.7  23.4  22.7  22.4  22.8  22.7  22.5  22.4  22.7  22.4  22.4  22.3  22.4  22.5  22.4  22.2  22.5 nan  22.4  22.4  24.2  24.7  23.6  22.9  22.9  23.3 
 24.0  24.0  25.1  25.6  26.8  27.6  32.6  34.9  32.8  29.2  23.2  23.0  22.3  22.4  22.6  22.7  22.3  22.5  22.6  22.4  22.4  22.3  22.5  22.5  22.4  22.3  23.8  24.3  23.3  22.6  23.1  23.3 
 24.2  24.5  25.6  26.2  28.3  30.0  41.6  48.8  53.5  47.2  24.5  23.0  22.7  22.6  22.8  22.6  22.4  22.4  22.7  22.5  22.5  22.3  22.7  22.6  22.5  22.3  23.1  23.0  23.1  22.9  22.9  23.2 
 24.9  25.0  26.5  27.3  30.3  33.7  54.8  63.2  74.6  71.1  34.3  25.4  22.7  22.4  22.5  22.6  22.4  22.4  22.7  22.6  22.4  22.5  22.7  22.6  22.2  22.5  22.7  22.9  22.8  22.9  23.2  23.2 
 25.2  25.1  26.8  27.3  30.4  34.0  53.5  62.6  78.3  78.8  36.8  25.8  22.6  22.5  22.6  22.6  22.4  22.3  22.6  22.6  22.5  22.5  22.6  22.5  22.6  22.3  23.0  22.8  22.7  22.9  23.3  23.0 
 25.1  25.1  26.4  26.9  29.2  31.6  44.0  53.3  72.8  69.5  29.8  24.3  22.6  22.5  22.5  22.6  22.5  22.4  22.6  22.6  22.4  22.4  22.4  22.6  22.4  22.5  22.8  23.0  22.7  22.6  23.7  23.4 
 24.8  25.1  26.2  26.3  28.4  29.2  36.8  42.2  53.8  49.2  25.8  23.5  22.6  22.4  22.5  22.4  22.4  22.4  22.7  22.4  22.3  22.5  22.6  22.7  22.8  22.3  23.0  22.7  22.8  22.8  23.5  23.2 
 25.2  25.2  26.1  26.3  26.7  26.9  28.4  29.6  29.4  27.7  23.8  23.1  22.4  22.5  22.6  22.8  22.6  22.5  22.6  22.7  22.6  22.3  22.9  22.8  22.6  22.6  22.9  23.0  22.9  22.6  23.3  23.5 
 25.2  25.3  25.7  26.2  26.2  26.2  27.3  27.1  26.9  25.9  23.6  23.0  22.7  22.6  22.8  22.7  22.4  22.4  22.8  22.7  22.6  22.3  23.0  22.7  22.7  22.6  23.1  22.9  23.2  22.9  24.0  23.9 
 25.3  25.0  25.4  25.9  25.3  25.2  25.3  25.6  24.9  24.4  23.4  23.4  22.8  22.8  22.8  22.8  22.5  22.3  22.8  22.8  22.6  22.6  23.0  23.1  22.6  22.5  23.0  23.4  23.4  23.7  24.6  25.0 
 25.1  25.0  25.5  25.3  25.3  25.0  25.3  25.3  24.3  24.1  23.5  23.4  22.8  22.6  22.9  22.9  22.6  22.6  22.8  22.7  22.8  22.5  23.0  23.0  22.8  22.6  23.2  23.5  24.5  24.6  25.7  25.5 
 25.5  25.4  25.2  25.4  24.7  24.6  25.0  24.5  23.9  23.8  23.5  23.6  23.0  22.7  22.8  22.9  22.7  22.6  23.0  22.9  22.7  22.6  23.2  23.1  23.1  23.2  24.5  25.5  25.8  25.6  26.2  27.2 
 26.1  25.3  25.2  25.2  24.7  24.3  24.5  24.5  23.9  23.5  23.4  23.4  22.9  22.7  23.1  22.8  22.8  22.8  23.1  22.9  22.9  22.8  23.6  23.7  24.0  24.3  26.1  26.3  25.8  25.6  26.7  26.5 
