 24.3  23.7  23.8  24.2  23.6  23.3  23.7  23.8  23.4  23.2  23.2  23.6  23.3  22.9  23.2  23.5  23.0  23.1  23.3  23.5  23.1  23.2  23.4  23.5  23.1  23.1  23.6  23.9  23.6  24.0  24.9  25.8 
 24.2  23.5  24.3  23.8  23.8  23.4  23.7  23.6  23.6  23.5  23.6  23.4  23.1  23.1  23.6  23.2  23.1  22.8  23.5  23.1  23.2  23.0  23.6  23.0  23.2  23.1  23.7  23.2  23.4  23.3  24.4  24.2 
 23.8  23.6  23.5  23.9  23.4  23.0  23.3  23.7  23.4  23.2  23.6  23.8  22.9  23.2  23.3  23.4  23.1  23.1  23.0  23.2  22.8  23.0  23.0  23.3  23.1  23.1  23.3  23.7  23.5  23.7  23.8  24.4 
 23.9  23.5  23.9  23.5  23.4  23.1  23.6  23.4  23.4  23.3  23.9  23.3  23.1  22.8  23.2  23.0  23.1  23.0  23.4  22.9  22.8  23.0  23.4  23.3  23.0  22.9  23.7  23.1  23.8  24.1  24.1  24.2 
 23.5  23.5  23.4  23.7  23.1  23.1  23.4  23.5  23.7  23.9  24.5  24.0  23.0  22.9  23.0  23.3  22.8  22.8  23.0  23.2  22.7  22.9  23.0  23.2  23.1  23.2  23.4  23.6  23.5  23.8  23.7  23.7 
 23.7  23.3  23.6  23.3  23.2  23.0  23.7  23.3  23.9  24.9  26.7  24.7  23.2  22.9  23.2  23.1  22.9  22.8  23.2  23.0  22.8  22.7  23.2  23.0  23.3  22.8  23.3  23.2  23.2  23.3  24.1  23.6 
 23.5  23.5  23.6  23.8  23.1  23.1  23.2  23.5  24.1  25.6  28.4  25.6  23.0  22.9  23.1  23.2  22.8  22.8  23.1  23.0  22.8  22.9  23.3  23.2  22.9  23.0  23.1  23.8  23.3  23.1  23.5  23.5 
 23.6  23.3  23.8  23.2  23.3  23.0  23.4  23.2  23.5  23.7  25.1  23.7  23.1  23.0  23.1  23.0  22.9  22.7  23.0  22.8  23.0  22.8  23.3  23.2  23.1  22.9  23.4  23.2  23.1  23.0  23.5  22.8 
 23.6  23.5  23.6  23.6  23.0  23.1  23.1  23.4  23.1  23.1  23.1  23.2  23.0  23.1  23.0  23.2  22.7  22.9  23.1  23.2  23.0  23.0  23.1  23.2  23.1  23.1  23.3  23.4  23.2  23.2  23.3  23.6 
 23.6  23.6  24.0  23.7  23.6  23.3  23.4  23.1  23.2  22.9  23.3  23.2  23.0  22.9  23.2  22.9  22.9  22.8  23.1  23.0  22.8  22.9  23.1  23.2  23.0  22.8  23.3  23.4  23.0  23.0  23.7  23.4 
 24.4  24.6  24.8  25.0  24.6  24.5  23.9  23.8  23.2  23.1  23.2  23.2  22.8  22.9  23.1  23.1  23.0  22.8  23.0  23.1  22.8  22.9  23.0  23.2  22.7  22.8  23.3  23.3  23.0  23.1  23.7  24.1 
 24.8  24.5  25.7  25.4  25.8  25.9  25.5  24.5  23.5  23.2  23.3  23.2  23.1  22.8  23.1  23.1  23.1  22.9  23.0  23.1  23.1  22.9  23.2 nan  22.9  22.7  23.4  23.1  23.3  23.0  23.6  23.6 
 25.5  25.5  26.5  27.0  28.6  29.7  38.2  42.1  39.8  33.9  23.7  23.4  23.0  22.9  23.2  23.4  22.9  23.1  23.1  23.0  23.0  22.8  22.9  23.4  22.9  23.0  23.4  23.5  23.3  23.3  23.8  24.1 
 25.9  25.8  27.2  27.7  30.2  32.5  47.9  54.2  58.8  51.7  25.0  23.6  23.0  23.1  23.3  23.1  23.0  22.8  23.3  23.1  23.0  22.9  23.2  23.2  23.0  22.8  24.4  24.3  23.8  23.3  23.7  23.7 
 25.9  26.1  27.7  28.8  32.5  36.8  57.7  66.8  77.5  73.4  30.7  25.2  23.1  23.2  23.1  23.2  23.0  22.9  23.1  23.2  22.7  22.9  23.2  23.2  22.9  23.1  25.9  25.7  23.7  23.5  23.6  23.8 
 26.3  26.1  27.9  28.6  32.8  36.9  57.4  68.8  87.1  82.2  30.7  25.0  23.3  23.1  23.3  23.1  23.1  22.7  23.1  23.0  22.8  22.8  23.2  23.1  22.9  22.7  24.5  24.7  23.6  23.3  24.0  23.7 
 26.0  26.1  27.5  28.1  30.1  32.1  45.6  55.8  67.8  57.3  25.7  24.1  23.3  23.1  23.2  23.2  23.0  22.9  23.2  23.3  23.0  22.8  23.1  23.2  23.0  22.7  23.4  23.7  23.4  23.4  23.9  23.8 
 26.1  26.3  27.6  27.6  28.9  29.7  38.1  42.7  46.4  39.2  24.5  23.7  23.2  23.1  23.4  23.1  23.2  22.9  23.3  23.2  23.2  22.9  23.2  23.2  23.2  22.9  23.5  23.3  23.8  23.2  24.2  23.6 
 26.2  26.0  26.8  27.1  27.3  27.7  29.2  29.7  28.3  26.5  23.8  23.8  23.3  23.3  23.4  23.5  23.1  23.1  23.2  23.6  23.1  23.0  23.2  23.5  23.0  23.0  23.3  23.7  23.5  23.5  23.9  24.4 
 26.1  26.1  26.8  26.8  26.9  26.8  28.1  27.8  26.6  25.6  24.0  23.7  23.5  23.3  23.5  23.4  23.2  23.0  23.5  23.2  23.0  23.0  23.4  23.2  23.2  23.1  23.8  23.7  23.4  23.7  24.1  24.3 
 26.0  26.1  26.4  26.7  26.1  26.1  26.3  26.2  25.1  24.7  24.0  24.2  23.4  23.4  23.4  23.7  23.2  23.2  23.2  23.4  23.0  23.0  23.6  23.8  23.2  23.1  23.6  23.9  23.4  23.7  24.5  25.0 
 25.9  25.8  26.4  26.3  25.8  25.7  26.0  25.7  24.8  24.4  24.0  23.8  23.6  23.3  23.6  23.5  23.3  23.2  23.5  23.5  23.4  23.1  23.6  23.5  23.2  23.1  23.7  23.6  23.6  23.6  24.9  25.0 
 26.7  26.4  25.9  26.3  25.4  25.5  25.6  25.3  24.5  24.4  24.1  24.1  23.8  23.6  23.7  23.9  23.5  23.4  23.6  23.6  23.4  23.5  23.7  24.2  23.4  23.6  24.0  25.0  24.2  24.5  25.7  26.8 
 27.4  26.6  26.2  25.8  25.8  25.1  25.3  24.9  24.6  24.2  24.4  24.0  23.7  23.5  23.9  23.5  23.5  23.4  23.8  23.6  23.8  23.5  24.0  23.7  23.6  23.5  24.8  24.9  25.0  25.0  27.2  27.1 
