 24.2  23.5  23.7  24.0  23.2  23.6  23.7  23.6  23.0  23.4  23.5  23.6  22.9  23.2  22.9  23.3  23.0  22.8  23.2  23.2  22.7  22.8  23.1  23.6  23.0  22.8  23.5  23.6  23.4  23.1  24.8  25.8 
 23.8  23.4  24.1  23.7  23.5  23.1  23.7  23.5  23.3  23.0  23.6  23.5  22.9  22.9  23.3  23.2  22.8  22.8  23.4  23.0  23.0  22.5  23.2  23.2  22.9  22.7  23.6  23.4  23.2  23.4  24.9  24.9 
 23.5  23.4  23.9  23.9  23.5  22.9  23.3  23.4  23.3  23.2  23.2  23.5  22.9  22.7  23.1  23.3  23.0  23.0  22.9  23.2  22.8  22.8  22.9  23.3  22.8  23.1  23.2  23.5  23.4  23.4  23.5  24.0 
 23.7  23.4  23.9  23.4  23.0  22.7  23.5  23.7  23.2  23.0  23.7  23.3  22.9  22.6  23.1  22.9  23.0  22.8  23.1  23.0  22.8  22.8  23.1  23.3  23.0  23.0  23.6  23.2  23.4  24.0  24.3  24.3 
 23.2  23.3  23.5  23.7  23.3  23.1  23.2  23.4  23.4  23.6  24.4  23.9  22.8  22.8  22.9  23.0  22.6  22.7  22.9  23.1  22.5  22.8  22.9  23.3  22.7  22.8  23.3  23.6  23.6  24.2  24.0  23.7 
 23.4  23.0  23.6  23.2  23.0  22.9  23.4  23.2  23.9  24.8  26.5  24.4  22.9  22.6  23.1  22.9  22.9  22.6  23.2  22.9  22.9  22.6  23.1  23.0  23.3  22.7  23.3  23.3  23.4  23.1  24.0  23.7 
 23.2  23.2  23.3  23.6  22.7  22.9  23.2  23.5  23.9  25.4  28.2  25.5  22.8  22.8  22.9  23.0  22.7  22.9  22.9  23.0  22.7  23.0  23.1  23.1  22.8  22.9  23.1  23.4  23.1  23.1  23.4  23.7 
 23.6  22.9  23.5  23.5  23.0  22.7  23.4  23.1  23.4  23.5  24.9  23.7  22.8  22.8  23.1  22.8  22.8  22.7  22.9  22.7  22.8  22.8  23.2  23.0  22.8  22.6  23.3  23.1  22.9  22.9  23.0  22.4 
 23.5  23.1  23.5  23.6  23.0  22.8  23.3  23.3  22.8  22.8  23.1  23.2  22.8  22.9  22.7  23.1  22.6  23.0  22.9  23.1  22.7  22.8  23.0  23.2  22.8  22.8  23.1  23.3  22.9  23.1  23.2  23.5 
 23.6  23.4  23.8  23.8  23.5  23.0  23.3  23.0  23.0  22.9  23.3  22.9  23.0  22.6  23.0  22.7  22.9  22.7  23.2  22.9  23.1  22.7  23.2  23.0  23.1  22.7  23.2  23.3  22.9  22.7  23.4  23.3 
 24.5  24.4  24.5  25.1  24.6  24.5  23.8  23.7  23.0  23.1  23.1  23.1  22.8  22.9  23.0  23.0  22.8  22.7  22.8  23.2  22.7  22.8  22.8  23.1  22.8  22.8  23.2  23.2  23.0  22.8  23.2  23.8 
 24.4  24.5  25.4  25.6  25.7  25.5  25.3  24.4  23.4  23.0  23.3  23.1  23.1  22.7  23.1  22.9  23.0  22.8  23.2  22.8  22.8  22.8  22.8 nan  22.7  22.5  23.1  23.1  23.0  22.6  23.6  23.5 
 25.3  25.5  26.5  27.0  28.5  29.7  38.0  41.9  39.7  33.9  23.5  23.5  23.0  22.9  23.1  23.2  22.9  22.8  22.9  23.1  22.7  22.7  22.9  23.2  22.9  22.8  23.2  23.5  22.9  23.1  23.6  23.9 
 25.6  25.7  27.2  27.6  30.1  32.4  47.8  54.2  58.8  51.6  25.2  23.6  23.2  22.9  23.2  22.9  22.9  22.6  23.1  23.0  22.9  22.7  23.1  23.1  22.9  22.7  24.4  24.4  23.6  23.3  23.7  23.8 
 25.8  26.1  27.6  28.6  32.5  36.7  57.6  66.5  77.4  73.4  30.6  25.0  22.9  23.1  23.0  23.1  22.8  22.9  22.9  23.1  22.7  22.7  23.1  23.2  22.8  23.0  25.8  25.5  23.5  23.3  23.7  23.8 
 26.0  25.7  27.9  28.4  32.9  36.8  57.3  68.7  87.0  82.1  30.5  24.8  23.2  22.9  23.2  23.0  22.8  22.7  23.2  22.8  22.7  22.6  23.1  23.0  22.9  22.8  24.6  24.8  23.6  23.1  23.6  23.7 
 26.0  26.1  27.4  28.3  30.1  31.8  45.5  55.7  67.7  57.3  25.5  24.1  23.2  23.1  23.0  23.2  23.0  23.0  23.0  23.3  23.0  22.6  23.1  23.0  22.8  22.7  23.2  23.6  23.3  23.3  23.8  24.1 
 25.9  26.2  27.5  27.5  28.8  29.4  37.9  42.7  46.3  38.8  24.4  23.7  23.2  23.1  23.3  23.2  23.0  22.8  23.3  23.1  22.9  22.7  23.1  23.0  23.0  22.7  23.5  23.1  23.4  23.1  24.1  23.9 
 26.1  26.0  26.9  26.9  27.1  27.4  29.1  29.6  28.1  26.3  23.8  23.8  23.2  23.1  23.1  23.4  23.1  22.9  23.0  23.3  23.0  22.8  23.1  23.5  22.8  22.9  23.2  23.6  23.4  23.1  23.6  24.2 
 25.6  26.1  26.7  26.7  26.9  26.6  27.8  27.7  26.7  25.4  24.1  23.7  23.4  23.0  23.4  23.2  23.0  23.0  23.4  22.9  23.1  22.8  23.4  23.1  23.0  22.7  23.5  23.6  23.3  23.3  24.1  24.0 
 25.7  25.6  26.2  26.1  26.0  25.9  26.0  26.2  25.2  24.6  23.9  24.1  23.3  23.4  23.2  23.4  23.1  23.1  23.2  23.3  23.2  22.9  23.5  23.4  23.3  23.0  23.4  23.8  23.1  23.2  23.7  24.8 
 25.9  25.7  26.3  26.1  25.9  25.5  26.0  25.9  24.8  24.0  23.8  23.9  23.4  23.2  23.4  23.5  23.1  22.9  23.4  23.1  23.0  23.0  23.4  23.5  23.3  23.1  23.7  23.7  23.5  23.5  24.7  25.5 
 26.6  26.4  25.7  26.1  25.6  25.3  25.2  25.2  24.1  24.0  23.9  24.2  23.5  23.4  23.4  23.7  23.4  23.1  23.6  23.7  23.3  23.1  23.6  23.7  23.3  23.1  23.9  24.6  24.1  24.1  25.7  27.3 
 26.5  25.7  26.2  25.9  25.1  24.7  25.2  25.1  24.0  23.9  24.2  24.1  23.5  23.2  23.7  23.6  23.5  23.1  23.7  23.4  23.4  23.0  23.7  23.8  23.5  23.5  24.8  24.8  24.6  24.5  27.2  27.1 
