 24.5  23.3  23.7  23.8  23.2  22.4  22.8  22.9  22.7  22.7  22.8  23.3  22.9  22.6  22.7  22.9  22.8  22.4  23.0  23.0  22.9  22.7  23.2  24.3  26.8  27.3  29.2  29.8  29.3  28.8  29.9  30.4 
 23.8  23.5  24.0  23.7  23.2  23.0  23.1  22.8  22.5  22.7  22.9  23.0  22.8  22.6  22.9  23.0  22.4  22.4  23.0  23.0  22.9  22.6  23.2  23.4  25.7  27.1  28.8  28.8  28.8  29.2  30.0  30.0 
 23.6  23.4  23.6  23.5  22.9  22.5  22.9  23.0  22.9  22.6  22.8  23.0  22.8  22.7  22.8  22.9  22.8  22.6  22.7  22.9  22.7  22.6  22.9  23.2  23.5  23.7  26.7  28.2  29.6  29.5  30.1  30.6 
 23.5  23.4  23.5  23.3  22.8  22.6  23.0  23.1  22.6  22.6  23.0  22.8  22.5  22.6  22.9  22.8  22.7  22.6  22.9  23.0  22.6  22.6  23.2  23.1  22.8  23.1  26.1  27.2  28.9  29.2  30.4  30.2 
 23.3  23.1  23.2  23.4  22.8  22.7  22.9  23.0  23.2  23.2  23.0  23.0  22.7  22.7  22.8  22.7  22.6  22.6  22.8  22.9  22.7  22.5  22.9  23.2  23.3  23.9  28.0  29.9  31.3  31.0  30.2  30.1 
 23.3  23.0  23.2  23.6  22.7  22.8  23.3  23.3  23.8  23.9  23.3  23.0  22.6  22.6  22.8  22.7  22.7  22.6  22.8  22.7  22.5  22.7  23.2  23.1  23.8  25.2  29.4  30.5  31.4  31.5  31.4  30.8 
 23.1  23.1  23.0  23.5  22.9  22.7  23.3  23.4  25.5  26.7  24.1  23.5  22.7  22.6  22.6  22.7  22.6  22.7  23.0  22.9  22.7  22.7  23.0  23.3  25.3  26.9  30.0  30.9  31.4  31.3  32.1  31.9 
 23.3  23.2  23.1  23.1  22.9  22.6  23.4  23.5  26.1  27.6  24.8  23.2  22.6  22.8  22.7  22.8  22.7  22.7  22.9  22.9  22.9  22.7  23.2  23.1  25.7  27.3  30.6  31.1  31.4  31.7  32.2  31.3 
 23.6  23.1  23.4  23.3  22.7  22.7  23.0  23.3  23.5  23.5  23.1  23.0  22.7  22.5  22.8  23.0  22.8  22.7  23.1  22.8  22.8  22.8  23.0  23.1  25.0  26.3  30.0  30.8  31.4  31.6  31.1  31.1 
 23.7  23.4  23.3  23.5  23.1  22.9  23.1  23.0  23.1  23.1  23.1  22.8  22.7  22.6  22.9  22.8  22.9  22.8  23.0  23.1  22.7  22.8  23.0  23.1  24.4  26.4  30.1  30.3  31.1  31.6  30.6  29.1 
 23.8  23.7  24.0  23.8  23.4  23.4  23.0  23.2  23.0  23.0  22.8  23.0  22.8  22.5  22.8  22.9  22.9  22.7  23.1  23.0  22.9  22.8  22.9  23.1  23.4  24.2  28.8  29.6  31.0  30.7  28.8  27.9 
 23.7  23.7  24.3  24.0  23.8  23.8  23.6  23.3  22.9  22.8  23.1  22.9  22.6  22.6  22.8  23.0  22.7  22.8  23.0  22.8  22.7  22.7  23.0 nan  23.0  23.2  27.1  29.2  31.1  31.3  29.8  28.1 
 24.3  24.3  25.0  25.4  26.4  26.7  29.0  29.8  27.6  26.1  23.1  23.2  22.8  22.6  22.9  22.9  22.8  22.6  22.9  22.9  22.7  22.7  22.8  23.1  23.1  23.2  24.8  26.3  29.9  30.8  31.4  31.8 
 24.6  24.8  25.8  26.2  27.7  28.8  37.0  42.5  44.8  39.2  24.2  23.2  22.9  22.7  22.9  22.9  22.7  22.6  22.9  22.8  22.7  22.7  23.0  23.0  23.0  23.0  24.1  24.3  28.6  30.4  31.6  31.6 
 24.9  25.3  26.4  27.4  30.1  32.9  52.1  60.8  71.3  67.6  33.8  25.7  23.0  22.7  22.8  22.8  22.9  22.6  22.7  22.9  22.7  22.6  22.9  23.0  22.9  22.7  23.3  23.5  26.3  28.1  29.7  29.4 
 25.3  25.5  27.1  27.7  30.5  33.7  52.8  61.6  76.5  76.0  38.6  26.5  23.0  22.9  22.8  22.8  22.6  22.6  23.0  22.9  22.7  22.6  23.1  23.0  22.8  22.9  23.5  23.4  24.1  25.4  26.8  26.5 
 25.6  25.6  26.9  27.5  29.8  32.3  46.4  55.9  78.9  78.7  33.9  25.5  22.9  22.7  23.0  22.8  22.9  22.7  23.0  23.0  22.9  22.7  23.1  23.1  23.0  22.9  23.2  23.7  23.3  23.4  24.5  25.0 
 25.5  25.4  26.6  27.1  28.7  30.3  39.4  45.5  61.5  58.5  27.9  24.4  22.9  22.9  23.0  23.1  22.8  22.7  23.1  23.0  22.8  22.8  23.1  23.0  23.0  22.9  23.7  23.5  23.4  23.4  24.5  24.8 
 25.8  25.6  26.4  27.2  27.3  27.8  29.6  31.3  32.3  30.3  24.4  23.6  23.1  22.8  23.0  23.1  22.9  22.8  22.9  23.2  23.1  22.8  23.1  23.4  23.2  23.1  23.3  23.6  23.5  23.3  24.0  24.3 
 25.3  25.7  26.7  26.2  26.3  26.8  28.1  28.2  28.1  27.3  24.2  23.7  23.0  23.0  23.1  23.0  22.7  22.9  23.2  23.0  22.9  22.8  23.2  23.3  23.0  23.1  23.7  23.5  23.3  23.6  24.4  24.7 
 25.6  25.3  25.7  26.3  25.9  26.0  26.0  26.4  25.9  25.1  23.5  23.8  23.2  22.8  23.0  23.1  23.0  22.8  23.1  23.1  23.0  23.1  23.3  23.4  23.4  23.2  23.4  23.6  23.8  23.8  24.9  25.4 
 25.4  25.4  26.0  25.6  25.5  25.5  25.8  25.8  25.0  24.7  23.9  23.9  23.3  23.1  23.2  23.3  22.9  22.9  23.3  23.3  22.8  23.1  23.5  23.4  23.1  23.2  23.6  23.7  24.4  24.1  26.0  26.1 
 26.6  26.0  25.7  25.9  25.4  25.1  25.3  25.2  24.7  24.3  23.9  23.9  23.5  23.1  23.3  23.5  23.3  22.8  23.4  23.4  23.2  22.9  23.6  23.8  23.6  23.4  24.6  25.4  25.3  25.0  26.8  27.7 
 26.4  26.4  25.8  25.8  25.0  25.0  25.2  25.0  24.3  24.3  24.2  23.8  23.2  23.5  23.5  23.4  23.2  22.9  23.4  23.5  23.3  23.1  23.7  23.7  23.9  24.1  25.7  25.9  25.4  25.4  26.8  27.7 
