 24.7  23.7  24.3  24.2  23.8  23.8  23.7  23.6  23.3  23.4  23.6  23.7  23.2  23.1  23.1  23.4  23.0  23.1  23.4  23.3  23.2  23.1  23.3  23.3  23.1  22.9  23.4  23.8  23.8  23.6  24.9  25.5 
 24.0  23.7  24.1  24.0  23.5  23.5  23.5  23.6  23.4  23.5  23.6  23.4  23.2  23.0  23.3  23.3  23.0  23.1  23.2  23.3  23.0  23.0  23.2  23.5  22.9  23.2  23.4  23.5  23.6  23.5  24.7  25.0 
 23.8  23.3  24.0  23.9  23.4  23.2  23.6  23.7  23.4  23.3  23.4  23.5  23.2  23.0  23.2  23.1  23.1  23.0  23.2  23.2  23.2  22.9  23.1  23.5  23.2  23.2  23.3  23.5  23.8  23.7  24.4  24.2 
 23.9  23.6  23.8  23.7  23.4  23.1  23.7  23.7  23.4  23.1  23.8  23.5  22.9  23.0  23.2  23.3  23.1  23.1  23.3  23.1  22.9  22.9  23.1  23.2  23.1  23.1  23.6  23.7  23.8  24.5  24.5  24.4 
 23.7  23.7  23.4  23.7  23.2  23.2  23.3  23.5  23.7  24.0  24.6  23.7  23.1  23.0  23.1  23.1  23.0  23.0  22.9  23.0  22.9  22.9  23.0  23.1  23.1  23.0  23.5  23.4  23.8  24.1  24.1  23.9 
 23.4  23.3  23.6  23.6  23.1  23.2  23.6  23.6  24.1  24.9  26.5  24.7  23.1  23.0  23.0  23.2  23.0  22.9  23.0  22.9  22.9  22.7  23.1  23.2  23.2  22.9  23.3  23.5  23.4  23.3  24.0  23.4 
 23.7  23.3  23.7  23.5  23.3  23.1  23.4  23.6  24.4  25.7  28.4  25.6  23.1  22.9  23.3  23.0  22.9  22.8  23.0  23.1  23.1  23.0  23.2  23.4  23.1  22.8  23.2  23.6  23.2  23.0  23.0  23.8 
 23.6  23.5  23.5  23.6  23.2  23.1  23.3  23.6  23.4  24.0  25.0  23.9  23.0  23.0  23.1  23.0  22.9  22.9  23.0  22.9  22.9  22.9  23.2  23.1  23.2  23.1  23.4  23.3  23.2  23.0  23.2  22.6 
 24.0  23.5  23.8  23.4  23.2  23.1  23.2  23.3  23.2  23.0  23.2  23.0  23.1  23.0  23.1  23.0  22.9  22.9  23.0  23.0  23.0  22.9  23.2  23.1  22.9  23.0  23.1  23.3  23.3  23.1  23.2  23.5 
 23.8  23.8  23.7  23.9  23.5  23.3  23.3  23.4  23.0  23.0  23.2  23.3  23.1  22.9  23.1  23.0  22.8  23.0  23.1  23.0  23.0  23.0  23.3  23.1  23.1  23.1  23.3  23.3  22.9  23.0  23.8  23.9 
 24.7  24.4  24.8  25.0  24.8  24.5  24.0  23.6  23.3  23.2  23.3  23.4  22.9  22.9  23.1  23.0  23.1  23.1  23.1  23.1  22.9  23.0  23.1  23.1  23.0  23.0  23.2  23.2  23.2  23.1  23.5  23.6 
 24.5  24.7  25.6  25.7  25.7  26.0  25.3  24.7  23.4  23.4  23.4  23.2  23.0  23.0  23.1  23.1  23.0  23.1  23.0  23.0  22.8  23.1  23.2 nan  23.0  22.9  23.0  23.2  23.3  23.0  23.5  23.4 
 25.6  25.3  26.6  27.0  28.8  29.9  38.2  42.0  40.0  33.9  23.7  23.5  23.2  23.0  23.2  23.1  22.9  22.8  23.1  23.0  23.1  22.8  23.0  23.4  23.0  23.0  23.4  23.6  23.3  23.1  23.5  23.9 
 25.7  26.1  27.2  27.8  30.3  32.9  47.9  54.5  58.7  51.9  25.0  23.8  23.2  23.2  23.0  23.2  22.9  23.0  23.2  23.1  23.0  22.8  23.1  23.0  23.0  22.9  24.5  24.5  23.8  23.3  23.9  23.7 
 26.3  26.4  27.7  28.7  32.8  36.8  57.7  66.7  77.7  73.4  30.9  25.0  23.3  23.2  23.2  23.1  23.0  22.8  23.1  23.3  23.0  22.9  23.1  23.1  23.1  23.1  25.8  26.0  23.7  23.5  23.5  23.9 
 26.1  26.4  28.0  28.7  32.9  37.0  57.3  68.9  87.2  82.2  30.5  25.1  23.3  23.2  23.1  23.2  22.9  22.9  23.2  23.0  22.8  23.0  23.2  23.2  23.1  23.0  24.5  24.8  23.5  23.5  23.8  23.8 
 26.2  26.3  27.8  28.3  30.2  31.9  45.7  55.8  67.9  57.3  25.6  24.2  23.4  23.1  23.1  23.0  23.0  23.0  23.2  23.2  23.0  22.9  23.4  23.2  23.0  22.9  23.4  23.6  23.4  23.4  23.9  23.6 
 26.2  26.3  27.6  27.8  28.9  29.9  37.8  43.0  46.4  39.2  24.4  23.8  23.2  23.2  23.4  23.3  23.0  22.9  23.4  23.1  23.0  22.9  23.2  23.2  23.1  22.9  23.6  23.4  23.7  23.3  24.1  24.3 
 26.4  26.3  27.0  27.3  27.4  27.8  28.8  29.7  28.4  26.6  23.9  23.8  23.5  23.3  23.4  23.4  23.3  23.1  23.1  23.3  23.3  23.2  23.2  23.5  23.4  23.1  23.5  23.3  23.8  23.4  23.9  24.4 
 26.1  26.2  26.7  26.6  26.8  26.9  27.8  27.8  26.6  25.4  24.0  23.8  23.4  23.4  23.5  23.5  23.3  23.2  23.5  23.2  23.1  23.1  23.6  23.3  23.2  23.2  23.7  23.4  23.7  23.6  24.1  24.1 
 26.2  26.1  26.3  26.5  26.3  26.1  26.4  26.4  25.3  24.7  24.0  23.8  23.5  23.5  23.4  23.7  23.3  23.4  23.3  23.5  23.3  23.1  23.4  23.6  23.6  23.1  23.8  23.9  23.5  23.7  24.5  25.3 
 25.9  26.0  26.4  26.2  25.9  26.0  26.0  26.1  25.0  24.4  24.3  24.1  23.6  23.3  23.7  23.6  23.4  23.3  23.5  23.5  23.1  23.3  23.7  23.5  23.3  23.3  23.9  23.9  23.6  23.6  25.2  25.9 
 26.7  26.2  26.3  25.9  25.7  25.3  25.5  25.2  24.8  24.2  24.2  24.0  23.9  23.7  23.6  23.8  23.4  23.3  23.5  23.5  23.6  23.5  23.7  23.8  23.3  23.3  24.3  24.6  24.4  24.1  25.7  27.3 
 27.5  26.9  26.1  26.0  25.5  25.3  25.5  24.9  24.4  24.3  24.2  24.2  23.8  23.6  23.9  23.8  23.5  23.6  23.9  23.7  23.6  23.4  23.6  23.9  23.5  23.5  24.8  24.9  24.8  25.1  27.2  27.6 
