 24.3  24.1  24.1  24.3  23.7  23.6  23.6  23.9  23.4  23.4  23.6  23.7  23.2  23.0  23.1  23.4  23.0  23.1  23.3  23.3  23.0  23.1  23.3  23.3  22.8  23.1  23.6  23.6  23.3  23.6  25.2  26.1 
 24.2  23.7  24.1  23.8  23.5  23.2  23.7  23.5  23.4  23.2  23.5  23.4  23.3  23.0  23.3  23.3  23.1  22.9  23.4  23.2  23.2  22.9  23.4  23.3  23.1  23.4  23.7  23.7  23.2  23.4  24.9  24.8 
 23.7  23.8  23.9  23.6  23.4  22.9  23.3  23.7  23.3  23.2  23.6  23.5  23.1  23.1  23.2  23.3  22.9  23.1  23.2  23.1  22.9  22.9  23.3  23.4  23.1  23.2  23.7  23.7  23.5  23.6  23.8  24.6 
 23.6  23.6  24.1  23.8  23.6  23.0  23.5  23.7  23.5  23.2  23.9  23.7  22.9  22.7  23.4  23.1  23.1  22.6  23.3  23.2  23.0  22.8  23.3  23.2  23.0  22.9  23.7  23.4  23.7  24.3  24.1  24.2 
 23.3  23.5  23.4  23.7  23.1  23.2  23.4  23.5  23.6  23.9  24.6  24.0  23.1  22.9  23.2  22.9  23.0  22.9  23.0  23.1  22.8  23.0  23.0  23.1  22.9  23.2  23.3  23.4  23.4  24.2  24.1  24.2 
 23.5  23.3  23.9  23.3  23.4  23.1  23.6  23.7  24.0  24.8  26.6  24.8  23.2  22.9  23.1  23.1  22.8  22.6  23.1  23.0  22.9  22.7  23.1  22.9  23.3  22.9  23.4  23.2  23.2  23.3  24.1  23.8 
 23.5  23.3  23.5  23.6  23.0  22.9  23.4  23.6  24.2  25.5  28.2  25.7  22.9  22.9  23.0  23.1  22.7  22.6  22.9  23.2  22.8  23.2  23.1  23.3  23.0  22.9  23.4  23.7  22.9  23.3  23.5  23.7 
 23.7  23.4  23.8  23.5  22.9  22.8  23.3  23.4  23.5  23.7  24.7  23.8  23.1  22.9  23.3  23.1  23.0  22.8  23.2  23.0  22.9  22.8  23.3  23.1  22.9  22.9  23.5  23.4  23.1  23.0  23.5  22.6 
 23.4  23.2  23.6  23.5  23.1  23.1  23.3  23.3  23.0  23.1  23.2  23.3  22.9  23.0  22.9  23.2  22.7  22.9  23.0  23.0  22.9  23.0  23.2  23.3  23.1  23.0  23.2  23.0  23.0  23.1  23.4  23.6 
 23.6  23.4  23.8  23.6  23.5  23.2  23.5  23.2  23.1  23.0  23.2  23.1  22.9  22.7  23.1  23.1  22.9  22.8  23.1  23.1  23.0  22.9  23.1  23.2  23.1  22.7  23.4  23.3  23.3  23.0  23.5  23.6 
 24.4  24.6  25.0  25.1  24.6  24.6  24.0  23.7  23.1  23.0  23.4  23.1  22.9  23.1  23.2  23.1  22.8  22.9  23.1  23.1  22.8  22.9  23.1  23.1  22.9  22.9  23.2  23.2  23.0  23.2  23.5  24.0 
 24.5  24.8  25.6  25.7  25.9  25.6  25.4  24.6  23.5  23.3  23.4  23.4  22.9  22.8  23.1  23.1  23.1  22.8  23.2  23.2  23.0  22.8  23.1 nan  22.8  22.7  23.4  23.2  23.3  22.9  23.6  23.6 
 25.3  25.5  26.7  27.0  28.5  29.7  38.1  42.0  39.8  33.9  23.9  23.5  23.0  23.0  23.2  23.3  23.1  22.9  23.1  23.2  22.8  22.9  23.1  23.2  23.0  23.1  23.6  23.6  22.9  23.3  23.7  24.1 
 25.4  25.7  27.0  27.6  30.1  32.5  47.8  54.4  58.8  51.8  25.3  23.8  23.2  23.1  23.3  23.1  22.9  22.8  23.3  23.1  23.0  22.7  23.2  23.2  22.9  22.9  24.3  24.5  23.9  23.2  23.9  23.9 
 25.9  26.4  27.8  28.7  32.6  36.8  57.7  66.6  77.6  73.5  30.8  25.1  23.2  23.1  23.1  23.2  23.0  23.0  23.2  23.1  22.8  22.9  23.2  23.1  23.0  23.1  25.8  25.7  23.6  23.5  24.0  23.8 
 26.1  26.1  28.2  28.9  33.1  36.7  57.4  68.9  87.1  82.2  30.7  25.0  23.2  23.0  23.2  23.0  22.9  22.9  23.3  23.0  22.9  22.7  23.2  23.1  22.9  22.8  24.6  25.0  23.6  23.5  24.0  23.8 
 25.9  26.1  27.7  28.1  30.3  32.0  45.7  55.8  67.6  57.2  25.7  23.9  23.3  23.2  23.2  23.3  22.9  23.0  23.2  23.4  23.0  22.9  23.0  23.2  22.9  22.9  23.3  23.7  23.1  23.4  23.7  24.3 
 26.1  26.4  27.5  27.8  28.9  29.7  37.8  42.9  46.5  39.0  24.5  23.7  23.5  23.2  23.3  23.2  23.1  22.9  23.3  23.2  23.1  23.0  23.1  23.2  23.1  22.8  23.5  23.4  23.6  23.3  24.1  24.0 
 26.2  26.3  27.3  27.2  27.3  27.6  29.2  29.7  28.3  26.4  24.0  23.8  23.2  23.3  23.3  23.4  23.3  23.0  23.2  23.3  23.1  23.1  23.0  23.5  23.0  22.9  23.6  23.6  23.3  23.5  23.7  24.2 
 25.8  25.8  26.5  26.8  26.8  26.7  28.0  28.0  26.5  25.4  24.0  23.8  23.4  23.3  23.4  23.3  23.1  23.0  23.5  23.3  23.1  23.0  23.4  23.6  23.3  23.0  23.4  23.4  23.4  23.4  24.1  24.3 
 26.0  25.9  26.6  26.4  25.9  26.1  26.3  26.3  25.0  24.6  24.1  24.1  23.4  23.4  23.4  23.7  23.2  23.4  23.4  23.5  23.0  23.0  23.5  23.7  23.2  23.4  23.8  24.1  23.4  23.6  23.8  25.3 
 25.7  25.5  26.3  26.2  25.8  25.6  26.0  26.1  24.8  24.3  24.1  24.0  23.5  23.2  23.6  23.6  23.4  23.1  23.7  23.5  23.2  23.1  23.4  23.4  23.4  23.1  24.0  23.9  23.8  23.6  25.4  25.9 
 26.7  26.4  26.1  26.3  25.4  25.3  25.6  25.2  24.5  24.1  24.0  24.4  23.8  23.7  23.6  23.8  23.3  23.4  23.4  23.6  23.3  23.3  23.7  23.8  23.4  23.3  24.0  24.3  24.0  24.1  26.1  27.3 
 27.4  26.9  26.4  26.0  25.3  25.2  25.3  25.2  24.2  24.2  24.2  24.3  23.5  23.6  23.6  23.8  23.5  23.1  23.8  23.8  23.6  23.4  23.7  23.9  23.5  23.5  24.8  25.3  25.0  24.8  27.2  27.7 
