 24.3  23.9  24.0  24.0  23.8  23.6  23.7  23.7  23.7  23.5  23.4  23.5  23.3  23.1  23.3  23.5  23.2  23.0  23.3  23.3  23.1  23.1  23.2  23.6  23.2  23.4  23.4  23.4  23.6  23.6  24.7  25.5 
 24.0  23.9  24.3  24.0  23.6  23.5  23.5  23.8  23.5  23.5  23.8  23.6  23.1  23.1  23.4  23.3  23.0  22.9  23.1  23.4  23.1  22.8  23.4  23.7  23.2  23.1  23.4  23.5  23.2  23.7  24.9  25.0 
 23.8  23.6  23.9  23.7  23.4  23.3  23.7  23.5  23.5  23.3  23.4  23.5  23.3  22.9  23.4  23.2  23.2  22.9  23.1  23.1  23.0  23.0  23.2  23.5  23.2  22.9  23.7  23.6  23.8  23.7  24.2  24.2 
 23.7  23.5  24.1  24.0  23.6  23.3  23.7  23.4  23.5  23.1  23.8  23.5  23.0  22.8  23.2  23.3  23.0  22.8  23.2  23.2  23.0  23.0  23.1  23.3  23.1  23.0  23.6  23.4  23.7  24.5  24.3  24.4 
 23.7  23.5  23.6  23.5  23.1  23.2  23.5  23.7  23.7  24.0  24.6  23.9  23.2  23.1  23.2  23.2  23.0  23.0  22.9  23.1  22.9  22.8  23.2  23.1  23.1  22.9  23.7  23.2  23.5  24.2  24.1  23.9 
 23.3  23.5  23.8  23.3  23.2  23.0  23.4  23.5  23.9  24.9  26.4  24.9  23.0  23.0  22.9  23.2  23.0  22.8  23.1  23.1  23.0  22.8  23.0  23.2  23.2  23.0  23.3  23.5  23.4  23.3  23.9  23.8 
 23.7  23.8  23.6  23.7  23.0  23.0  23.5  23.5  24.3  25.8  28.4  25.6  23.2  23.0  23.1  23.0  23.0  22.9  23.1  23.0  23.0  22.8  23.2  23.3  23.1  23.0  23.3  23.4  23.4  23.2  23.6  23.8 
 23.6  23.7  23.3  23.8  23.2  22.9  23.3  23.3  23.5  23.7  24.7  23.9  23.0  23.1  23.1  23.0  22.9  22.9  23.0  23.0  23.0  22.7  23.2  23.1  23.0  23.1  23.2  23.6  23.1  23.1  23.5  22.8 
 23.7  23.5  23.7  23.5  23.1  23.1  23.3  23.1  23.2  22.9  23.3  23.3  23.0  22.9  23.1  23.1  23.0  22.8  23.1  23.0  23.0  23.0  23.1  22.9  23.3  22.8  23.3  23.5  23.2  22.9  23.3  23.6 
 23.9  23.6  24.0  23.9  23.8  23.5  23.5  23.5  23.2  23.2  23.2  23.4  23.0  22.9  23.0  23.2  22.9  23.0  23.0  23.1  23.0  22.9  23.0  23.0  23.0  23.1  23.3  23.3  23.0  23.1  24.0  23.7 
 24.4  24.7  25.0  25.0  24.9  24.6  23.9  23.7  23.3  23.2  23.2  23.2  23.0  22.9  23.1  23.0  23.1  22.9  23.2  23.0  22.9  22.8  23.0  23.0  22.9  22.9  23.3  23.2  23.2  23.1  23.5  23.8 
 24.7  25.1  25.4  25.6  25.7  25.8  25.4  24.7  23.4  23.3  23.4  23.2  23.0  23.0  23.0  23.3  23.0  22.9  23.2  23.2  22.8  22.9  23.1 nan  22.8  22.8  23.1  23.4  23.0  23.0  23.3  23.7 
 25.4  25.5  26.7  27.1  28.6  29.8  38.3  42.0  39.8  33.9  23.7  23.4  23.0  23.0  23.2  23.1  23.1  22.9  23.2  22.9  23.0  22.9  23.2  23.2  23.1  22.8  23.5  23.3  23.2  23.3  23.8  23.7 
 25.6  26.0  27.1  27.8  30.1  32.8  47.9  54.5  58.7  51.7  25.1  23.8  23.2  23.0  23.2  23.0  23.0  22.9  23.2  23.1  22.9  22.8  23.3  23.2  23.2  22.8  24.2  24.6  23.9  23.3  23.6  23.7 
 26.0  26.5  28.0  28.8  33.0  36.9  57.7  66.7  77.7  73.4  30.8  25.1  23.2  23.1  23.2  23.1  23.1  23.0  23.2  23.2  23.0  22.8  23.2  22.9  22.9  23.0  26.1  25.8  24.0  23.3  23.8  23.8 
 26.1  26.2  27.9  28.9  32.9  36.8  57.3  68.9  87.3  82.2  30.8  25.1  23.1  23.2  23.0  23.2  23.1  22.9  23.2  23.1  22.8  23.0  23.0  23.2  23.0  22.9  24.6  25.0  23.4  23.5  23.6  24.2 
 26.2  26.3  27.7  28.1  30.1  32.0  45.7  55.7  67.9  57.4  25.7  24.0  23.4  23.1  23.2  23.2  23.2  23.0  23.1  23.1  23.1  22.8  23.2  23.1  23.1  22.9  23.4  23.5  23.3  23.4  24.2  24.1 
 26.1  26.4  27.6  27.6  28.8  29.8  38.0  43.0  46.2  39.4  24.4  23.9  23.4  23.3  23.4  23.4  22.9  23.1  23.3  23.2  23.1  22.8  23.2  23.3  23.1  22.9  23.4  23.4  23.5  23.5  23.7  24.0 
 26.4  26.0  27.0  27.0  27.3  27.5  29.0  29.6  28.3  26.5  24.0  23.8  23.5  23.2  23.4  23.5  23.4  23.1  23.2  23.5  23.2  23.0  23.2  23.3  23.2  23.1  23.7  23.3  23.8  23.4  24.1  24.0 
 25.7  26.2  26.8  26.9  26.9  26.8  27.8  27.8  26.6  25.6  24.0  23.8  23.3  23.4  23.4  23.4  23.1  23.2  23.3  23.3  23.2  23.0  23.4  23.3  23.2  23.4  23.4  23.5  23.4  23.7  24.1  24.3 
 25.8  25.9  26.6  26.5  25.9  26.1  26.4  26.3  25.3  24.7  24.0  23.9  23.6  23.2  23.6  23.6  23.3  23.4  23.5  23.4  23.3  22.9  23.5  23.6  23.4  23.1  23.9  23.7  23.5  23.5  24.9  24.7 
 25.9  26.0  26.2  26.4  25.9  25.9  25.9  26.1  24.9  24.6  24.2  24.0  23.7  23.4  23.5  23.6  23.3  23.4  23.6  23.6  23.2  23.3  23.7  23.8  23.3  23.6  24.0  24.2  23.5  23.8  25.2  25.6 
 27.2  26.4  26.1  25.9  25.7  25.3  25.6  25.3  24.8  24.5  24.2  24.2  23.9  23.4  23.8  23.8  23.7  23.2  23.5  23.7  23.4  23.3  23.8  23.6  23.8  23.5  24.0  24.3  24.6  24.3  26.1  26.8 
 27.1  26.6  26.0  26.2  25.4  25.1  25.3  25.2  24.3  24.2  24.2  24.3  23.8  23.6  23.8  23.7  23.4  23.6  23.6  23.7  23.5  23.4  23.6  23.9  23.6  23.6  24.9  25.1  25.2  24.8  26.3  27.6 
