 24.5  23.8  24.1  24.2  23.7  23.3  23.4  23.6  23.1  23.1  23.6  23.5  23.3  23.0  23.3  23.3  23.1  22.9  23.4  23.2  23.0  23.0  23.3  23.5  23.1  22.8  23.3  23.6  23.7  23.3  24.9  24.9 
 23.6  23.7  24.3  24.0  23.2  23.4  23.7  23.5  23.2  23.4  23.5  23.7  23.0  22.9  23.3  23.3  22.9  23.0  23.4  23.4  23.0  23.0  23.4  23.3  22.9  23.0  23.6  23.5  23.1  23.9  24.7  25.3 
 23.7  23.5  24.0  23.8  23.4  23.0  23.6  23.4  23.4  22.9  23.6  23.3  23.1  22.8  23.3  23.2  23.0  22.8  23.0  23.2  23.2  22.9  23.2  23.4  23.2  22.9  23.3  23.5  23.8  23.6  24.2  24.2 
 23.4  23.5  23.9  23.8  23.0  23.1  23.5  23.5  23.3  23.3  23.8  23.4  22.6  22.9  23.2  23.2  22.7  23.0  23.3  23.0  22.8  22.9  23.2  23.4  22.7  22.9  23.7  23.4  23.5  24.1  24.1  24.6 
 23.5  23.2  23.6  23.6  23.4  23.0  23.4  23.6  24.1  23.9  24.7  23.8  23.2  22.8  23.2  23.3  23.0  22.7  23.1  23.1  22.9  22.6  23.0  23.2  23.3  22.9  23.6  23.4  23.4  23.8  24.1  24.1 
 23.4  23.3  23.7  23.3  22.7  23.3  23.4  23.5  23.8  24.8  26.6  24.7  22.7  23.0  23.2  23.3  22.8  22.8  23.1  23.0  22.7  22.8  23.0  23.3  23.2  22.9  23.3  23.2  23.2  23.5  24.0  23.8 
 23.5  23.2  23.7  23.5  23.2  22.9  23.2  23.5  24.4  25.4  28.3  25.3  23.2  22.8  23.1  22.9  22.9  22.7  23.0  23.1  23.1  22.8  23.3  23.2  23.1  22.9  23.2  23.4  23.1  23.1  23.3  23.7 
 23.3  23.5  23.5  23.5  22.9  23.1  23.3  23.3  23.3  23.9  24.9  23.9  23.0  22.9  23.1  23.1  22.9  22.9  23.1  23.0  22.9  23.0  23.2  23.2  22.7  22.9  23.4  23.3  22.8  23.3  23.5  22.6 
 23.8  23.4  23.6  23.4  23.0  22.9  23.3  23.3  23.0  22.8  23.3  23.2  23.1  22.8  22.9  23.1  22.7  22.7  23.1  23.1  22.9  22.7  23.2  23.1  23.0  23.0  23.4  23.5  23.2  23.2  23.5  23.6 
 23.5  23.5  23.9  23.7  23.4  23.3  23.4  23.4  23.0  23.0  23.0  23.1  22.7  22.8  23.2  23.1  22.7  22.9  23.2  23.0  22.9  23.0  23.3  23.2  22.9  22.8  23.5  23.4  22.6  23.0  23.7  24.0 
 24.4  24.2  24.9  25.1  24.8  24.4  24.1  23.7  23.3  23.0  23.4  23.2  22.9  22.7  23.3  23.1  23.1  22.7  23.1  23.1  22.9  22.9  23.0  23.0  23.1  22.7  23.2  23.1  23.5  22.8  23.7  23.7 
 24.4  24.8  25.3  25.7  25.5  25.8  25.4  24.7  23.3  23.3  23.2  23.3  22.8  23.1  22.9  23.2  22.8  23.0  23.1  23.2  22.8  22.8  23.0 nan  22.8  22.9  23.3  23.5  22.9  23.0  23.5  23.6 
 25.9  25.2  26.6  27.0  28.6  29.6  38.3  42.1  39.8  33.8  23.8  23.5  23.1  22.7  23.3  23.3  23.0  22.8  23.2  23.0  23.0  22.7  23.0  23.1  23.0  22.7  23.4  23.6  23.4  23.2  23.7  23.8 
 25.6  25.8  27.1  27.7  30.0  32.8  47.8  54.4  58.7  51.7  25.3  23.8  22.9  23.0  23.1  23.2  22.9  23.1  23.2  23.2  22.8  22.8  23.1  23.1  22.8  23.2  24.4  24.6  23.4  23.0  23.9  23.7 
 25.9  26.3  27.8  28.7  32.8  36.7  57.7  66.5  77.6  73.3  30.9  25.0  23.1  23.1  23.2  23.1  23.0  22.9  23.1  23.1  22.9  22.8  23.1  23.1  23.0  23.0  26.0  25.7  23.7  23.1  23.8  23.9 
 25.8  26.2  27.9  28.9  32.7  37.0  57.2  68.8  87.2  82.3  30.7  24.9  23.2  23.1  23.2  23.2  22.8  22.9  23.3  23.1  22.7  23.0  23.0  23.1  22.8  23.1  24.5  25.0  23.2  23.5  24.0  23.7 
 26.2  26.0  27.6  28.0  30.1  31.8  45.7  55.6  67.8  57.1  25.7  24.1  23.3  23.1  23.4  23.2  23.1  22.8  23.2  23.0  23.2  22.7  23.2  23.2  23.0  22.9  23.3  23.6  23.4  23.1  23.9  24.1 
 26.1  26.3  27.5  27.6  28.7  29.8  37.9  42.9  46.3  39.3  24.4  23.7  23.3  23.5  23.3  23.3  22.9  22.9  23.2  23.3  23.0  22.9  23.3  23.3  22.9  22.9  23.3  23.4  23.5  23.5  24.1  24.0 
 26.1  25.8  27.0  27.1  27.4  27.6  29.1  29.5  28.4  26.4  24.2  23.8  23.3  23.2  23.5  23.3  23.3  23.1  23.2  23.5  23.1  22.7  23.3  23.3  23.0  22.8  23.5  23.5  23.6  23.4  24.3  24.2 
 25.9  26.2  26.6  26.8  26.7  27.1  27.8  27.9  26.5  25.6  24.0  23.8  23.3  23.2  23.5  23.4  23.0  23.1  23.3  23.2  22.9  23.1  23.3  23.4  23.1  23.1  23.4  23.7  23.1  23.4  24.3  24.5 
 26.0  25.4  26.5  26.4  26.5  25.7  26.3  26.3  25.5  24.4  24.1  24.1  23.6  23.3  23.6  23.5  23.2  23.0  23.4  23.5  23.5  22.8  23.5  23.5  23.5  23.3  23.7  24.1  23.7  23.4  24.5  25.0 
 25.9  26.2  26.3  26.4  25.8  25.9  26.0  26.2  24.6  24.4  24.0  24.0  23.4  23.3  23.5  23.7  23.0  23.2  23.3  23.5  23.0  23.2  23.6  23.7  23.0  23.2  23.9  23.9  23.5  23.8  25.4  25.9 
 27.0  26.0  26.1  26.1  25.6  25.2  25.7  25.1  24.5  24.1  24.3  24.3  23.8  23.3  23.6  23.8  23.4  23.3  23.5  23.6  23.5  23.1  23.7  23.8  23.4  23.1  24.0  24.6  24.4  24.1  25.8  26.4 
 26.6  26.6  26.1  26.2  25.2  25.3  25.3  25.3  24.2  24.3  24.1  24.3  23.4  23.7  23.8  23.6  23.5  23.6  23.8  23.5  23.3  23.4  23.7  24.0  23.3  23.6  24.8  25.3  24.8  25.1  26.8  28.1 
