 24.2  23.6  23.8  24.2  23.7  23.5  23.4  23.8  23.3  23.1  23.1  23.5  23.2  22.9  23.1  23.3  23.0  23.1  23.0  23.2  23.1  22.8  23.2  23.3  22.8  23.3  23.5  23.7  23.5  23.3  24.5  25.4 
 23.7  23.6  24.2  23.5  23.5  23.4  23.6  23.9  23.2  23.2  23.6  23.4  23.1  22.8  23.3  23.1  22.9  23.0  23.2  23.1  22.9  22.9  23.3  23.3  23.0  23.0  23.5  23.4  23.5  23.6  24.5  24.6 
 23.7  23.3  23.7  23.8  23.4  22.9  23.3  23.5  23.3  23.2  23.4  23.5  23.1  23.0  23.3  23.3  23.0  22.8  22.9  23.2  22.9  22.7  23.1  23.3  23.2  22.7  23.2  23.5  23.4  23.4  23.9  23.8 
 23.4  23.7  23.9  23.6  23.3  23.0  23.6  23.5  23.3  23.1  23.7  23.3  22.7  22.7  23.2  23.1  22.8  22.8  23.1  23.2  22.8  22.8  23.3  22.8  22.9  22.9  23.5  23.2  23.4  24.0  24.4  24.3 
 23.9  23.2  23.5  23.9  23.3  23.2  23.2  23.6  23.5  24.0  24.6  24.0  22.8  22.8  22.8  23.2  22.8  22.7  23.0  23.0  22.9  22.8  22.9  23.2  22.9  22.9  23.3  23.4  23.9  23.6  23.8  23.9 
 23.6  23.3  23.5  23.5  23.0  23.1  23.4  23.2  23.7  24.9  26.4  24.5  23.0  22.9  23.0  23.1  22.8  22.8  23.1  23.1  22.8  22.8  23.1  22.8  23.2  22.9  23.2  23.1  23.2  23.4  24.0  23.7 
 23.4  23.5  23.5  23.5  22.9  22.9  23.1  23.4  24.2  25.4  28.2  25.6  22.9  22.8  22.8  22.9  22.7  22.8  22.9  23.1  22.8  22.7  23.0  23.3  23.1  22.8  23.2  23.3  23.4  23.1  23.5  23.7 
 23.5  23.2  23.7  23.5  23.0  23.2  23.4  23.1  23.4  23.7  24.8  23.7  22.9  22.8  23.0  22.9  22.7  22.8  22.9  22.7  22.6  22.7  23.2  23.0  22.7  23.0  23.4  23.2  23.1  23.0  23.6  22.7 
 23.8  23.4  23.5  23.6  23.1  22.8  23.1  23.1  23.0  22.9  22.9  23.1  23.0  22.8  22.8  23.2  22.7  22.7  22.8  23.1  22.9  22.9  23.0  23.0  22.9  22.7  22.8  23.3  23.1  22.9  23.2  23.3 
 23.7  23.7  24.0  23.5  23.4  23.1  23.4  23.1  22.9  23.0  23.2  23.1  22.8  22.8  22.9  23.0  22.8  22.9  23.0  23.1  22.9  22.7  23.1  23.1  23.0  22.7  23.2  23.1  22.8  22.9  23.7  23.6 
 24.6  24.3  24.6  24.9  24.7  24.4  23.6  23.7  23.2  23.0  22.9  23.1  22.8  22.9  22.9  22.8  22.8  22.7  22.9  23.0  22.9  22.7  22.9  23.0  22.9  22.8  22.8  23.3  23.0  22.8  23.2  23.7 
 24.9  24.5  25.6  25.5  25.8  25.7  25.4  24.5  23.3  23.1  23.3  23.1  22.9  22.9  23.1  23.1  22.8  22.9  23.0  23.0  22.7  22.8  23.1 nan  22.7  22.5  23.0  23.1  23.0  22.7  23.5  23.6 
 25.6  25.4  26.4  27.3  28.7  29.6  38.1  41.9  39.8  33.8  23.7  23.3  23.0  22.9  23.0  23.2  22.9  22.8  23.1  22.9  22.8  22.8  22.8  23.4  23.0  22.9  23.2  23.7  23.2  23.2  23.6  23.5 
 25.6  25.7  27.0  27.6  30.2  32.8  47.8  54.4  58.7  51.7  24.9  23.6  23.1  23.0  23.2  23.1  22.9  22.9  23.0  23.0  22.8  22.8  23.1  23.0  23.0  22.8  24.1  24.4  23.5  23.0  23.5  23.4 
 25.8  26.1  27.6  28.8  32.6  36.7  57.6  66.7  77.7  73.3  30.7  25.0  23.1  22.9  23.0  23.1  23.1  22.8  23.0  23.1  22.8  22.6  22.9  23.1  23.0  22.9  25.7  25.6  23.7  23.2  23.4  23.7 
 26.2  26.1  27.7  28.4  32.8  36.8  57.2  68.8  87.1  82.2  30.7  24.9  23.0  23.2  23.1  23.0  22.8  22.8  22.9  23.1  22.8  22.8  23.0  23.2  22.7  22.9  24.4  24.8  23.2  23.3  23.7  23.7 
 25.8  26.0  27.7  28.0  30.4  31.8  45.5  55.7  67.7  57.2  25.5  24.0  23.2  23.0  23.1  23.1  23.0  22.9  22.9  23.2  22.9  22.7  22.9  23.1  23.0  22.8  23.0  23.6  23.1  23.3  23.8  23.8 
 26.1  26.2  27.5  27.5  28.7  29.8  37.8  42.8  46.3  39.1  24.3  23.6  23.4  23.1  23.3  23.0  23.0  22.8  23.1  23.0  22.9  22.9  23.1  23.3  23.0  22.9  23.5  23.3  23.4  23.4  23.9  24.0 
 26.3  25.9  26.6  27.2  27.2  27.4  28.8  29.4  28.3  26.3  24.0  23.7  23.2  23.2  23.1  23.3  23.2  22.9  23.2  23.2  23.1  22.7  23.2  23.4  23.0  22.8  23.1  23.3  23.5  23.3  23.6  24.5 
 25.8  26.0  26.4  26.7  26.6  27.1  27.7  27.7  26.6  25.4  24.0  23.7  23.3  23.2  23.4  23.1  23.0  23.1  23.4  23.1  23.1  22.9  23.4  23.1  23.0  23.0  23.3  23.3  23.1  23.6  24.4  24.4 
 25.8  25.6  26.0  26.5  26.1  26.0  26.3  26.3  25.2  24.5  23.9  23.9  23.5  23.2  23.5  23.6  23.2  23.1  23.2  23.3  23.1  22.9  23.3  23.6  23.1  23.0  23.2  23.9  23.7  23.6  24.1  25.2 
 26.0  25.9  26.3  26.1  25.8  25.8  25.8  25.8  24.7  24.5  24.0  23.8  23.4  23.2  23.6  23.3  23.2  23.1  23.5  23.4  23.1  23.2  23.6  23.3  23.0  23.2  23.6  23.8  23.9  23.5  25.1  25.5 
 27.1  26.3  25.8  26.2  25.6  25.4  25.5  25.2  24.4  24.0  24.0  24.1  23.8  23.3  23.4  23.8  23.6  23.1  23.5  23.6  23.5  23.3  23.6  23.7  23.4  23.0  23.9  24.4  24.1  24.0  26.4  26.7 
 27.0  26.7  26.1  25.9  25.3  25.3  25.3  25.0  24.3  24.2  24.2  23.8  23.8  23.6  23.9  23.5  23.5  23.4  23.7  23.5  23.4  23.5  23.8  23.6  23.2  23.4  24.8  25.0  24.9  24.9  26.6  27.5 
