 24.3  23.2  23.5  23.4  23.2  22.7  22.9  22.8  22.7  22.5  22.8  22.6  22.6  22.4  22.7  22.9  22.6  22.5  22.6  22.8  22.6  22.6  22.9  23.5  25.4  26.5  28.3  28.9  28.8  29.1  29.4  30.6 
 23.5  23.4  23.4  23.6  23.0  22.7  22.8  22.7  22.6  22.6  22.8  22.9  22.3  22.7  22.8  22.8  22.4  22.5  22.9  22.6  22.6  22.7  23.0  23.2  24.6  26.1  28.5  28.3  29.1  28.6  30.0  29.2 
 23.4  23.0  23.0  23.1  22.9  22.4  22.8  22.6  22.8  22.5  22.7  22.8  22.7  22.7  22.7  22.7  22.7  22.6  22.7  22.7  22.8  22.6  22.7  22.9  24.0  25.3  27.5  29.4  28.5  29.9  29.0  30.2 
 23.1  22.9  23.3  23.2  22.7  22.4  23.0  22.9  22.7  22.6  22.9  22.8  22.6  22.6  22.9  22.7  22.5  22.4  22.8  22.8  22.5  22.9  23.2  22.7  24.8  24.2  28.7  27.5  30.3  28.3  30.7  29.4 
 23.3  23.3  23.2  23.2  22.8  22.7  23.0  23.1  23.1  23.0  22.9  23.0  22.5  22.6  22.6  22.8  22.8  22.5  22.5  22.8  22.8  22.7  22.8  23.4  22.8  27.6  24.4  30.8  28.0  31.0  29.6  30.6 
 23.0  23.1  23.1  22.9  22.6  22.6  23.0  23.0  23.4  23.8  23.1  22.8  22.7  22.6  22.6  22.8  22.6  22.6  22.6  22.7  22.6  22.6  23.1  22.6  27.4  22.8  30.8  24.4  31.9  28.7  31.0  30.0 
 23.0  22.9  23.0  22.9  23.1  22.7  23.1  23.4  25.4  26.5  23.9  23.3  22.7  22.5  22.6  22.7  22.6  22.7  22.6  22.8  22.7  22.5  22.8  24.0  23.0  29.5  24.6  31.5  28.9  31.2  30.5  31.2 
 23.3  23.2  23.2  23.2  22.7  22.7  23.2  23.5  25.9  27.4  24.4  23.0  22.6  22.7  22.7  22.7  22.7  22.4  22.7  22.8  22.7  22.7  23.3  23.0  28.3  23.3  31.0  27.0  30.9  30.7  30.6  30.5 
 23.6  23.1  23.3  23.1  23.0  22.8  23.0  23.2  23.5  23.5  23.0  22.9  22.6  22.6  22.6  22.8  22.8  22.7  22.7  22.9  22.7  22.7  22.9  23.7  23.6  28.6  27.5  30.3  30.8  28.1  31.9  29.8 
 23.7  23.6  23.6  23.2  23.1  22.8  23.1  23.0  22.9  23.0  23.1  22.8  22.6  22.6  22.7  22.8  22.7  22.7  22.9  22.9  22.8  22.6  23.1  22.9  26.1  24.7  29.0  29.3  27.3  31.0  29.3  31.5 
 24.0  23.6  24.0  24.1  23.7  23.5  23.2  23.2  23.0  22.8  23.0  22.8  22.6  22.6  22.8  22.8  22.9  22.6  22.7  22.8  22.8  22.8  22.8  23.0  23.8  24.7  28.9  26.5  30.9  25.9  30.3  29.3 
 24.0  23.7  24.1  24.5  24.5  24.5  24.1  23.5  23.0  23.0  22.9  22.9  22.8  22.6  22.8  22.7  22.7  22.7  22.8  22.9  22.7  22.8  23.0 nan  23.4  24.9  25.9  30.1  25.3  30.9  27.9  29.3 
 24.7  24.5  25.4  25.9  27.0  27.7  32.3  34.5  32.3  29.0  23.3  23.1  22.8  22.7  22.8  22.7  22.7  22.6  22.8  22.8  22.8  22.5  22.8  22.9  23.4  23.0  28.0  24.9  30.3  24.5  30.3  27.9 
 24.7  25.0  26.0  26.4  28.4  30.3  41.4  48.4  52.9  46.3  24.5  23.3  22.8  22.6  22.9  22.8  22.7  22.5  22.7  22.8  22.7  22.7  22.8  22.8  22.9  23.3  23.6  28.3  23.7  29.9  27.0  30.6 
 25.5  25.3  26.8  27.3  30.6  33.9  54.8  63.1  74.5  71.0  34.2  25.7  23.0  22.6  22.7  22.7  22.8  22.8  22.8  22.9  22.7  22.7  22.8  22.8  22.7  22.9  23.7  23.2  27.6  23.4  30.1  25.6 
 25.3  25.4  27.1  27.6  30.8  34.3  53.4  62.8  78.4  78.9  37.2  26.0  22.8  22.8  22.8  22.7  22.7  22.6  22.7  22.6  22.6  22.8  22.9  22.8  22.6  22.6  23.2  23.5  23.0  28.2  24.3  30.9 
 25.3  25.6  26.7  27.1  29.6  31.8  44.6  53.7  73.8  70.6  30.2  24.5  23.0  22.8  22.8  22.7  22.7  22.4  22.9  23.0  22.8  22.7  22.9  22.8  23.0  22.9  23.2  23.3  23.8  23.0  26.5  23.7 
 25.4  25.5  26.6  26.7  28.7  29.8  37.2  42.5  54.6  50.1  25.9  23.5  23.0  22.9  22.8  22.8  22.7  22.6  23.0  22.9  22.7  22.8  23.1  23.1  22.9  22.7  23.5  23.2  23.3  23.4  23.7  25.1 
 25.7  25.3  26.3  26.6  27.0  27.2  28.7  29.7  30.2  28.1  23.9  23.3  23.0  22.9  22.8  22.9  23.0  22.8  22.8  23.0  22.7  22.7  23.2  23.3  23.0  22.7  22.9  23.2  23.7  23.1  24.0  24.1 
 25.2  25.7  26.3  26.4  26.4  26.4  27.5  27.5  27.1  26.4  23.6  23.4  22.8  22.9  23.0  23.0  22.8  22.8  23.0  22.9  22.7  22.8  23.1  23.2  22.8  22.9  23.1  23.2  23.1  23.4  24.2  24.5 
 25.7  25.3  25.8  25.8  25.7  25.8  25.8  25.8  25.3  24.8  23.7  23.5  23.0  22.9  23.1  23.1  22.8  22.7  22.7  23.1  23.0  22.8  23.2  23.0  23.1  23.0  23.4  23.8  23.9  24.0  25.1  25.4 
 25.3  25.4  25.8  25.7  25.6  25.3  25.6  25.6  24.7  24.4  23.9  23.5  23.0  23.0  23.0  23.2  22.7  23.0  23.1  23.3  23.1  22.9  23.5  23.3  23.0  23.0  23.5  23.8  24.5  24.6  26.1  26.3 
 26.9  25.7  25.4  25.5  25.3  24.8  25.0  25.0  24.5  24.0  23.6  23.4  23.5  23.0  23.3  23.5  23.3  23.1  23.1  23.2  23.0  23.1  23.4  23.6  23.5  23.8  25.3  25.4  25.8  25.6  26.0  27.5 
 26.6  26.0  25.4  25.6  25.0  25.0  24.8  24.9  24.0  23.9  23.9  23.7  23.1  23.1  23.4  23.5  23.0  23.2  23.3  23.1  23.4  23.1  23.7  23.8  24.1  24.6  26.1  26.6  26.1  26.0  27.5  27.4 
