 24.2  23.7  24.2  24.3  23.9  23.8  23.6  23.9  23.2  23.1  23.4  23.6  23.0  23.1  23.0  23.4  23.0  23.1  23.2  23.3  23.0  23.1  23.2  23.5  22.9  22.9  23.2  23.9  23.6  23.8  24.6  26.1 
 24.0  23.4  24.0  24.2  23.8  23.6  23.5  23.7  23.4  23.1  23.7  23.5  23.4  22.8  23.4  23.0  23.1  22.6  23.4  23.3  23.2  22.8  23.4  23.4  23.4  23.0  23.6  23.6  23.6  23.3  24.9  25.2 
 23.7  23.8  23.9  23.8  23.0  23.2  23.7  23.7  23.3  23.3  23.4  23.5  22.8  23.1  23.1  23.2  23.0  23.0  22.9  23.2  23.0  23.0  23.0  23.5  23.1  23.2  23.4  23.5  23.2  23.7  24.1  24.6 
 23.6  23.4  23.8  24.0  23.4  23.0  23.7  23.4  23.4  23.0  23.8  23.3  23.1  22.7  23.2  23.0  23.0  22.7  23.2  22.7  23.0  22.7  23.2  23.2  23.1  22.8  23.9  23.5  23.8  24.0  24.3  24.3 
 23.4  23.5  23.6  23.7  23.3  23.2  23.3  23.7  23.5  24.2  24.5  23.9  23.0  23.1  23.0  23.2  22.7  23.0  23.1  23.1  22.9  23.1  23.0  23.3  22.9  23.2  23.4  23.8  23.6  24.4  23.8  24.4 
 23.5  23.4  23.8  23.5  23.2  22.9  23.7  23.5  24.1  24.8  26.7  24.7  23.2  22.7  23.1  23.2  23.0  22.6  23.2  23.0  23.0  22.7  23.3  23.1  23.2  22.9  23.3  23.3  23.4  23.2  24.0  23.5 
 23.4  23.6  23.2  23.8  22.8  23.1  23.4  23.6  24.2  25.8  28.3  25.6  23.0  22.8  23.0  23.1  22.7  22.9  22.9  23.1  22.9  23.0  23.1  23.3  23.0  23.0  23.4  23.6  23.0  23.3  23.5  23.7 
 23.4  23.6  23.5  23.4  23.1  22.8  23.6  23.3  23.5  23.8  25.0  23.9  23.1  22.8  23.2  22.8  23.0  22.6  23.1  22.9  23.0  22.7  23.3  23.2  23.3  22.7  23.4  23.3  23.3  22.9  23.4  23.1 
 23.9  23.8  23.6  23.8  23.1  23.2  23.2  23.4  23.0  23.2  23.2  23.2  22.9  23.0  22.9  23.2  22.7  23.0  23.0  23.1  22.7  23.1  23.1  23.3  23.0  23.0  23.2  23.4  22.9  23.2  23.1  23.6 
 23.6  23.4  23.8  23.8  23.6  22.9  23.4  23.3  23.1  22.9  23.3  23.1  22.9  22.8  23.1  22.9  22.9  22.8  23.1  23.1  23.1  22.7  23.2  23.0  23.2  22.7  23.4  23.4  23.0  22.7  23.7  23.6 
 24.5  24.7  24.7  25.0  24.5  24.6  23.8  23.9  23.2  23.2  23.2  23.3  22.9  22.9  23.1  23.1  22.8  22.9  23.1  23.2  22.8  22.9  23.0  23.3  23.0  22.9  23.1  23.3  23.1  23.4  23.4  23.6 
 24.5  24.3  25.3  25.7  25.9  25.7  25.5  24.5  23.3  23.0  23.3  23.2  23.2  22.7  23.2  23.1  23.1  22.7  23.1  22.9  22.9  22.7  23.0 nan  23.1  22.7  23.5  23.3  23.1  22.7  23.6  23.8 
 25.3  25.5  26.5  27.2  28.7  29.7  38.1  42.0  39.7  33.9  23.6  23.5  23.0  23.0  23.0  23.1  22.8  23.0  23.2  22.9  22.7  22.8  22.8  23.4  23.0  22.8  23.5  23.7  23.2  23.4  23.6  24.1 
 25.9  25.6  27.4  27.7  30.2  32.6  47.8  54.4  58.7  51.6  25.0  23.7  23.3  23.0  23.2  23.1  23.2  22.7  23.2  23.0  23.1  22.7  23.2  23.1  23.1  22.7  24.5  24.5  23.8  23.2  23.7  23.8 
 26.2  26.4  27.6  28.8  32.8  36.9  57.6  66.7  77.5  73.5  30.7  25.1  23.2  23.2  22.9  23.2  22.9  23.1  23.1  23.3  22.7  22.7  23.2  23.2  23.0  23.0  25.8  25.9  23.3  23.3  23.7  24.0 
 26.0  26.1  27.9  28.8  32.8  36.8  57.4  68.7  87.2  82.1  30.7  25.1  23.2  23.0  23.1  23.0  23.1  22.8  23.3  22.9  23.0  22.7  23.1  23.0  23.0  22.9  24.6  24.8  23.9  23.1  23.8  23.7 
 26.0  26.6  27.7  28.5  30.0  32.0  45.7  55.7  67.7  57.3  25.5  24.1  23.2  23.2  23.1  23.3  22.9  23.2  23.0  23.3  23.1  22.9  22.8  23.2  23.0  23.2  23.3  23.6  23.3  23.6  23.9  23.9 
 26.2  26.0  27.3  27.7  28.8  29.7  37.9  42.9  46.4  39.0  24.6  23.8  23.4  23.2  23.2  23.1  23.2  22.8  23.3  23.1  23.0  22.7  23.3  23.2  23.0  22.7  23.5  23.5  23.6  23.2  24.2  24.1 
 26.3  26.0  26.9  27.2  27.3  27.7  29.1  29.6  28.3  26.5  24.0  23.9  23.3  23.4  23.3  23.4  23.2  23.1  23.1  23.4  23.0  23.1  23.3  23.6  23.1  23.0  23.5  23.6  23.4  23.2  23.8  24.2 
 25.9  26.1  27.0  26.8  26.9  26.8  27.8  27.7  26.8  25.4  24.0  23.6  23.5  23.1  23.6  23.4  23.4  23.1  23.6  23.2  23.2  22.8  23.6  23.5  23.2  22.9  23.5  23.3  23.6  23.5  24.1  24.4 
 26.1  25.9  26.2  26.7  26.0  26.4  26.2  26.4  25.1  24.6  23.9  23.9  23.3  23.7  23.3  23.5  23.0  23.3  23.3  23.6  22.9  23.2  23.2  23.7  23.1  23.4  23.3  23.9  23.4  23.7  24.2  25.6 
 26.1  25.6  26.6  26.1  26.1  25.7  26.1  25.9  24.7  24.2  24.5  24.0  23.5  23.1  23.7  23.6  23.4  23.1  23.7  23.6  23.3  23.1  23.6  23.3  23.2  23.1  24.1  23.7  24.0  23.5  25.2  25.5 
 26.9  26.2  26.2  26.5  25.5  25.5  25.5  25.3  24.4  24.5  23.8  24.2  23.7  23.7  23.5  23.8  23.2  23.5  23.4  23.7  23.2  23.4  23.6  23.9  23.2  23.4  23.9  24.6  24.1  24.1  25.3  27.3 
 27.1  26.8  25.7  26.1  25.8  25.1  25.6  24.9  24.2  23.9  24.5  24.3  23.8  23.4  23.8  23.6  23.7  23.3  23.9  23.4  23.6  23.2  24.2  23.5  23.5  23.4  25.0  25.2  25.2  24.7  27.6  26.6 
