 24.0  22.7  23.1  23.2  23.0  22.4  22.5  22.7  22.5  22.1  22.4  22.8  22.4  22.2  22.4  22.8  22.5  22.3  22.4  22.6  22.4  22.2  22.8  22.9  22.9  22.4  23.1  23.9  23.6  23.1  23.6  24.7 
 23.2  23.2  23.4  22.9  22.6  23.2  22.8  22.6  22.5  22.7  22.8  22.7  22.4  22.4  22.7  22.6  22.4  22.4  22.6  22.7  22.3  22.3  22.7  22.7  22.5  22.8  23.4  24.2  23.7  23.6  23.9  23.9 
 23.2  23.0  23.4  23.0  23.0  22.2  22.7  22.8  22.6  22.3  22.7  22.7  22.3  22.2  22.6  22.6  22.4  22.5  22.4  22.5  22.3  22.5  22.4  22.9  23.0  22.5  22.7  23.1  23.0  23.0  23.3  23.5 
 22.9  23.2  22.9  23.1  22.6  22.7  22.8  22.7  22.7  22.6  23.0  22.6  22.3  22.3  22.6  22.5  22.4  22.3  22.5  22.6  22.3  22.6  22.8  22.5  22.3  22.6  23.1  23.1  22.9  23.0  23.6  23.4 
 23.3  23.0  22.7  23.0  22.9  22.5  22.9  23.0  23.1  23.0  22.9  22.6  22.6  22.3  22.5  22.4  22.5  22.2  22.5  22.6  22.3  22.4  22.5  22.7  22.8  22.5  22.9  22.6  22.7  22.9  23.5  23.2 
 23.0  23.0  23.1  23.0  22.2  22.7  23.2  23.0  23.3  23.7  23.2  22.9  22.5  22.4  22.6  22.5  22.3  22.3  22.7  22.5  22.4  22.4  22.8  22.7  22.7  22.4  22.9  22.8  22.5  22.9  23.6  23.0 
 23.2  22.7  23.1  23.1  22.6  22.5  22.8  23.1  25.1  26.2  24.0  23.2  22.6  22.3  22.3  22.5  22.5  22.2  22.5  22.6  22.4  22.4  22.7  22.7  22.5  22.3  23.0  22.9  22.9  22.6  23.0  23.3 
 23.1  22.8  22.9  23.0  22.9  22.6  23.0  23.3  25.2  26.9  24.5  23.0  22.5  22.6  22.5  22.5  22.3  22.3  22.5  22.5  22.3  22.6  22.7  22.6  22.4  22.5  22.8  23.0  22.8  22.9  22.9  22.4 
 23.5  22.7  23.3  23.1  22.8  22.5  22.9  22.9  23.2  23.0  22.9  22.8  22.5  22.4  22.5  22.5  22.3  22.4  22.5  22.6  22.5  22.4  22.5  22.7  22.7  22.4  22.7  22.8  23.1  22.8  23.2  23.1 
 23.4  23.2  23.6  23.1  23.0  22.9  22.9  22.9  22.7  23.0  22.9  22.9  22.6  22.4  22.5  22.4  22.3  22.5  22.5  22.5  22.3  22.5  22.7  22.5  22.6  22.7  23.2  23.0  22.7  23.0  23.4  22.9 
 24.0  23.5  23.7  23.9  23.7  23.5  23.1  23.2  22.9  22.8  22.7  22.7  22.6  22.3  22.6  22.6  22.6  22.4  22.5  22.6  22.6  22.6  22.6  22.7  22.6  22.3  23.1  23.5  23.5  23.1  22.9  23.2 
 23.4  23.7  24.0  24.4  24.3  24.4  24.0  23.7  22.9  23.0  22.7  22.9  22.5  22.4  22.6  22.4  22.4  22.5  22.6  22.6  22.3  22.6  22.8 nan  22.2  22.6  24.3  24.8  23.6  23.0  23.2  23.1 
 24.6  24.1  25.3  25.6  27.0  27.5  32.7  34.9  33.1  29.3  23.0  22.9  22.8  22.5  22.5  22.6  22.7  22.4  22.8  22.6  22.5  22.2  22.5  22.8  22.7  22.5  23.8  24.4  23.5  22.9  23.3  23.4 
 24.5  24.9  25.9  26.3  28.3  30.3  41.7  49.1  53.4  47.3  24.6  23.3  22.6  22.6  22.8  22.6  22.3  22.5  22.8  22.6  22.4  22.4  22.8  22.7  22.6  22.5  23.1  23.5  23.3  23.1  23.5  23.2 
 25.3  25.3  26.7  27.5  30.6  33.6  54.9  63.2  74.7  71.2  34.4  25.4  22.8  22.4  22.7  22.6  22.7  22.5  22.7  22.8  22.7  22.4  22.7  22.5  22.7  22.4  22.7  23.1  22.9  22.9  23.2  23.3 
 25.0  25.4  27.0  27.6  30.6  34.3  53.6  62.7  78.3  78.9  36.8  25.9  22.7  22.7  22.6  22.6  22.5  22.4  22.8  22.7  22.4  22.6  22.7  22.7  22.7  22.7  23.0  22.7  22.8  22.9  23.3  23.3 
 25.4  25.1  26.4  26.9  29.4  31.5  44.2  53.2  73.0  69.6  30.0  24.4  22.8  22.5  22.6  22.6  22.7  22.3  22.7  22.8  22.7  22.5  22.5  22.7  22.8  22.4  23.0  23.0  23.1  22.9  23.3  23.7 
 24.8  25.4  26.4  26.9  28.4  29.7  36.8  42.0  53.9  49.3  25.6  23.7  22.7  22.8  22.7  22.7  22.3  22.6  22.8  22.7  22.4  22.6  22.7  22.7  22.4  22.8  23.1  23.1  22.9  23.0  23.7  23.6 
 25.2  25.2  26.2  26.7  26.8  27.0  28.5  29.6  29.7  27.8  23.8  23.2  22.8  22.7  22.8  22.8  22.6  22.5  22.6  22.7  22.7  22.3  22.8  23.0  22.9  22.6  22.9  23.1  22.9  22.8  23.4  23.9 
 25.2  25.7  26.3  26.3  25.9  26.5  27.4  27.4  26.8  26.1  23.6  23.2  22.7  22.6  22.9  22.8  22.5  22.6  22.9  22.7  22.5  22.4  22.8  23.0  22.8  22.7  23.0  22.8  22.8  23.2  24.2  24.1 
 25.3  25.1  25.5  26.1  25.9  25.4  25.4  25.7  25.3  24.5  23.5  23.4  23.0  22.7  22.8  22.8  22.7  22.6  22.8  22.7  22.7  22.5  22.9  23.1  23.0  22.7  23.2  23.5  23.7  23.9  24.6  25.3 
 25.1  24.8  25.8  25.4  25.5  25.1  25.3  25.1  24.5  24.3  23.6  23.3  22.8  22.7  23.0  22.9  22.7  22.7  23.0  22.8  22.7  22.8  22.7  23.0  22.6  23.1  23.3  23.6  24.3  25.1  25.5  25.8 
 26.0  25.4  25.2  25.4  25.1  24.5  24.8  24.7  24.5  23.8  23.3  23.6  23.2  23.0  22.9  23.2  22.8  22.7  23.0  23.5  23.0  22.9  23.0  23.4  23.5  23.2  24.8  25.9  26.1  25.8  26.5  27.2 
 26.1  25.9  25.4  25.4  24.7  24.6  24.8  24.8  23.8  23.8  23.8  23.6  23.0  23.2  22.9  23.1  22.8  23.0  23.2  23.0  23.0  23.3  23.4  23.8  24.1  24.7  26.4  26.6  26.0  26.4  26.7  27.5 
