 24.3  23.9  24.0  24.2  23.7  23.5  23.7  23.6  23.3  23.1  23.4  23.5  23.3  23.0  23.3  23.3  23.0  23.2  23.2  23.2  23.1  23.1  23.3  23.3  23.3  23.1  23.6  23.4  23.5  23.4  24.9  25.2 
 24.0  23.5  24.1  24.1  23.6  23.7  23.5  23.8  23.2  23.2  23.7  23.3  23.2  23.0  23.2  23.3  23.1  22.9  23.2  23.3  23.2  22.9  23.2  23.5  23.2  23.0  23.4  23.5  23.2  23.4  24.4  25.1 
 23.8  23.4  24.0  23.7  23.3  23.2  23.4  23.4  23.3  23.0  23.3  23.5  23.0  23.0  23.4  23.2  23.1  22.9  23.0  23.3  23.0  22.8  23.3  23.2  23.1  23.2  23.3  23.5  23.5  23.7  24.0  24.2 
 23.7  23.6  23.7  23.8  23.2  22.9  23.2  23.7  23.4  23.4  23.7  23.4  23.1  23.0  23.1  23.2  23.1  23.1  23.1  23.1  22.9  22.8  23.1  23.3  23.0  22.9  23.4  23.7  23.4  24.3  23.9  24.0 
 23.5  23.8  23.6  23.7  23.1  23.1  23.3  23.4  23.6  23.8  24.5  24.0  23.1  22.9  23.2  23.0  22.8  22.9  23.1  23.0  22.7  22.8  23.1  23.1  23.1  23.0  23.5  23.4  23.5  23.9  23.9  23.9 
 23.7  23.3  23.5  23.6  23.0  23.0  23.4  23.6  23.8  24.9  26.6  24.7  23.1  22.8  23.1  23.1  22.9  22.8  23.0  23.0  22.7  22.7  23.0  23.2  23.3  22.8  23.3  23.5  23.3  23.5  23.8  23.8 
 23.3  23.5  23.3  23.3  23.0  23.1  23.2  23.5  24.3  25.6  28.3  25.6  23.1  23.0  23.0  23.0  22.8  22.7  23.0  22.9  23.0  22.9  23.3  23.2  23.1  22.8  23.3  23.3  23.2  23.1  23.5  23.3 
 23.7  23.2  23.6  23.7  23.1  22.8  23.3  23.3  23.4  23.9  25.0  23.7  23.0  22.8  22.9  23.0  22.9  22.8  22.9  23.0  22.9  22.8  23.1  23.1  22.9  22.9  23.3  23.4  23.1  23.2  23.2  23.2 
 23.6  23.5  23.7  23.5  23.2  23.0  23.2  23.4  23.0  23.1  23.3  23.1  22.9  22.9  23.0  23.0  22.8  22.8  23.2  23.1  23.0  23.0  23.1  23.0  23.0  23.1  23.2  23.4  23.0  23.1  23.5  23.4 
 23.8  23.5  23.7  23.7  23.4  23.1  23.2  23.2  22.9  23.0  23.1  23.3  22.9  22.9  23.0  23.0  22.9  22.9  23.1  23.1  22.8  22.9  23.1  23.1  23.1  22.8  23.2  23.4  23.0  23.0  23.5  23.4 
 24.3  24.7  24.8  24.9  24.7  24.6  24.1  23.5  23.1  23.1  23.2  23.1  22.8  22.8  23.1  23.0  22.8  22.9  23.2  23.0  22.9  22.8  23.1  23.0  22.8  22.9  23.4  23.2  23.2  22.9  23.5  23.5 
 24.5  24.7  25.3  25.8  25.9  25.7  25.3  24.6  23.4  23.1  23.4  23.3  22.8  23.0  23.0  23.1  23.1  22.9  23.1  23.1  22.8  22.9  23.1 nan  22.8  22.7  23.0  23.2  23.3  22.9  23.5  23.9 
 25.3  25.3  26.6  27.0  28.6  29.9  38.1  41.9  40.0  33.9  23.7  23.5  22.9  23.0  23.2  23.1  22.9  22.8  23.1  23.2  22.8  22.8  23.0  23.1  22.8  23.1  23.8  23.2  23.3  23.3  23.7  23.6 
 25.6  25.7  27.1  27.8  30.1  32.7  47.7  54.5  58.8  51.7  25.0  23.8  23.2  23.1  23.0  23.1  22.9  22.9  23.1  23.2  23.0  22.7  23.1  23.2  23.0  22.7  24.4  24.6  23.8  23.4  23.6  23.7 
 25.9  26.1  27.9  28.6  32.7  36.8  57.7  66.5  77.5  73.4  30.9  25.0  23.3  23.1  23.2  23.1  22.9  23.0  23.2  23.1  22.9  22.7  23.2  23.0  23.0  23.0  26.1  25.6  23.7  23.0  23.8  24.0 
 26.0  26.2  27.9  29.0  32.8  36.8  57.3  68.8  87.1  82.2  30.5  24.9  23.2  23.1  23.0  23.2  22.9  22.8  22.9  23.3  22.9  22.9  23.0  23.2  22.9  22.9  24.6  24.9  23.3  23.3  23.8  23.8 
 26.1  26.0  27.7  28.1  30.4  31.9  45.7  55.7  67.7  57.2  25.5  23.9  23.2  23.1  23.2  23.1  23.1  22.8  23.1  23.2  23.0  22.8  23.3  23.1  23.1  22.9  23.5  23.7  23.3  23.4  24.2  23.7 
 26.1  26.3  27.4  27.6  28.8  29.7  37.8  43.0  46.4  39.2  24.4  23.7  23.4  23.2  23.3  23.3  23.2  22.9  23.3  23.3  23.0  22.8  23.1  23.3  23.1  22.9  23.1  23.6  23.5  23.3  23.9  23.8 
 26.1  26.0  26.9  27.0  27.3  27.4  29.1  29.5  28.3  26.5  24.1  23.7  23.4  23.3  23.5  23.3  23.2  23.0  23.2  23.2  23.1  22.9  23.3  23.4  23.1  22.9  23.5  23.4  23.3  23.4  23.9  24.0 
 25.8  26.2  26.5  26.8  26.7  26.9  27.7  28.0  26.6  25.6  24.0  23.7  23.5  23.2  23.4  23.3  23.3  23.2  23.3  23.2  23.1  22.9  23.3  23.4  23.0  23.2  23.4  23.5  23.3  23.2  24.1  24.5 
 25.8  25.7  26.5  26.4  26.2  26.0  26.3  26.3  25.3  24.6  24.0  23.8  23.4  23.2  23.6  23.5  23.2  23.2  23.4  23.4  23.1  22.9  23.5  23.5  23.5  23.0  23.8  23.6  23.5  23.5  24.7  24.8 
 25.9  25.7  26.1  26.0  25.8  25.9  25.8  25.8  24.8  24.5  23.9  24.1  23.5  23.3  23.5  23.6  23.2  23.0  23.6  23.5  23.2  23.2  23.4  23.6  23.2  23.4  23.8  23.9  23.6  23.8  24.9  25.6 
 27.0  26.4  26.1  25.8  25.6  25.3  25.5  25.0  24.4  24.2  24.3  24.1  23.7  23.3  23.9  23.7  23.6  23.2  23.9  23.5  23.4  23.3  23.8  23.7  23.4  23.4  24.5  24.3  24.2  24.1  26.5  26.8 
 27.1  26.9  25.3  26.2  25.1  25.2  25.2  25.0  24.3  24.2  24.1  24.2  23.4  23.4  23.6  23.9  23.5  23.4  23.8  23.9  23.5  23.3  23.7  24.0  23.5  23.6  24.5  25.3  25.0  24.6  26.8  27.7 
