 24.6  23.7  23.8  23.8  23.9  23.8  23.7  23.7  23.5  23.4  23.5  23.5  23.3  23.0  23.1  23.4  23.2  23.2  23.3  23.2  23.2  22.9  23.3  23.6  23.1  23.4  23.5  23.4  23.7  23.8  24.8  25.5 
 24.2  23.6  24.1  23.8  23.6  23.6  23.7  23.5  23.7  23.2  23.7  23.6  23.2  23.1  23.4  23.3  23.2  22.7  23.4  23.1  23.2  23.2  23.4  23.2  23.5  23.1  23.4  23.4  23.4  23.6  24.7  25.2 
 23.7  23.6  24.1  23.4  23.4  23.2  23.6  23.4  23.4  23.3  23.3  23.4  23.0  23.1  23.1  23.2  23.0  22.9  23.0  23.3  23.3  23.1  23.1  23.2  23.2  23.3  23.5  23.6  23.5  23.7  23.9  24.2 
 23.7  23.5  23.9  23.6  23.6  23.1  23.6  23.5  23.3  23.5  23.7  23.5  23.0  22.9  23.2  23.0  23.2  23.1  23.2  23.2  22.9  22.9  23.3  23.0  23.1  23.1  23.6  23.5  23.7  24.3  24.1  24.5 
 23.6  23.6  23.5  23.5  23.5  23.3  23.3  23.6  23.7  24.1  24.6  23.8  23.1  23.0  22.8  23.2  22.9  22.9  23.1  23.1  22.9  22.8  23.0  23.1  23.1  23.1  23.5  23.3  23.9  24.2  23.8  23.9 
 23.5  23.3  23.6  23.6  23.1  23.3  23.3  23.5  23.8  24.8  26.6  24.8  23.0  22.9  23.2  23.1  23.0  22.8  23.2  23.0  22.9  22.6  23.1  23.1  23.5  22.8  23.4  23.3  23.1  23.5  23.9  23.7 
 23.7  23.6  23.5  23.6  23.2  23.1  23.2  23.6  24.2  25.6  28.4  25.6  23.1  23.0  23.0  23.0  22.8  22.8  23.0  23.1  23.0  22.9  23.2  23.2  22.9  23.0  23.1  23.4  23.4  23.1  23.7  23.6 
 23.9  23.7  23.5  23.5  23.1  23.2  23.3  23.2  23.4  23.8  25.0  23.7  23.0  22.9  23.0  23.0  22.9  22.8  23.1  23.1  23.0  22.8  23.4  23.1  22.9  22.8  23.3  23.2  23.2  23.3  23.5  22.9 
 23.9  23.4  23.7  23.4  23.0  23.1  23.0  23.1  23.0  23.0  23.2  23.0  23.0  23.0  23.1  22.9  23.0  22.9  23.1  23.0  23.0  22.9  23.2  23.0  23.0  22.9  23.2  23.1  23.2  23.1  23.2  23.4 
 23.8  23.5  23.8  23.9  23.6  23.3  23.3  23.1  23.0  22.9  23.3  23.2  23.0  22.8  23.1  23.0  22.9  22.7  23.1  22.9  22.9  23.0  23.1  23.1  23.1  22.8  23.3  23.4  22.9  23.0  23.5  23.4 
 24.9  24.6  24.7  25.0  24.9  24.6  23.8  23.8  23.2  23.2  23.2  23.1  23.0  22.9  23.1  23.1  23.0  22.9  23.0  23.1  22.9  22.7  23.1  22.9  23.0  23.0  23.3  23.3  23.0  23.4  23.2  23.6 
 24.7  24.8  25.3  25.7  25.7  25.7  25.4  24.5  23.5  23.2  23.3  23.1  23.0  22.9  23.0  23.0  23.0  22.9  23.0  23.0  22.9  22.8  23.2 nan  22.9  22.6  23.1  23.1  23.3  23.1  23.6  23.6 
 25.6  25.6  26.6  27.0  28.8  29.8  38.2  42.0  39.8  33.9  23.6  23.5  23.2  23.0  23.1  23.2  23.0  22.8  22.9  23.0  22.9  22.9  23.0  23.1  22.9  22.9  23.4  23.6  23.2  23.3  23.9  23.7 
 25.7  26.0  27.2  28.0  30.2  32.6  47.6  54.3  58.7  51.6  25.1  23.7  23.1  23.1  23.3  23.0  23.0  23.0  23.1  23.0  22.9  22.9  23.1  23.0  23.2  23.0  24.4  24.6  23.7  23.5  23.6  23.8 
 26.2  26.4  27.8  28.6  32.8  36.6  57.5  66.5  77.5  73.4  30.9  25.2  23.1  23.0  23.1  23.1  23.1  23.0  23.1  23.0  22.8  22.9  23.0  23.1  23.0  23.2  26.0  26.0  23.5  23.5  23.7  23.8 
 25.8  26.2  27.8  28.8  32.9  37.0  57.4  68.7  87.2  82.1  30.6  25.0  23.3  23.1  23.1  23.2  23.0  23.0  23.1  23.1  23.0  23.0  22.9  23.0  22.9  22.9  24.6  25.0  23.3  23.5  23.8  23.6 
 26.3  26.4  27.4  28.1  30.4  32.0  45.7  55.6  67.8  57.3  25.6  24.1  23.3  23.2  23.2  23.1  23.1  23.1  23.2  23.1  22.9  22.9  23.2  23.1  23.1  23.0  23.3  23.4  23.4  23.4  23.9  23.7 
 26.2  26.2  27.3  27.7  28.7  29.9  38.0  42.9  46.3  39.2  24.4  23.8  23.3  23.2  23.4  23.2  23.0  23.0  23.4  23.1  22.9  23.0  23.1  23.0  23.2  22.9  23.3  23.1  23.5  23.5  23.7  23.7 
 26.3  26.3  26.9  27.0  27.5  27.7  29.2  29.4  28.5  26.4  23.9  23.7  23.4  23.2  23.3  23.5  23.2  23.2  23.2  23.3  23.0  23.1  23.2  23.4  23.2  23.1  23.3  23.4  23.4  23.5  24.0  24.0 
 26.3  26.1  26.5  27.1  26.9  26.8  27.7  27.7  26.8  25.5  23.9  23.9  23.5  23.3  23.5  23.4  23.2  23.1  23.3  23.3  23.0  23.0  23.3  23.2  23.2  23.2  23.5  23.6  23.7  23.8  23.9  24.2 
 26.0  26.1  26.5  26.3  26.4  26.1  26.2  26.4  25.5  24.7  23.8  23.9  23.4  23.3  23.4  23.5  23.3  23.3  23.3  23.5  23.3  23.1  23.4  23.5  23.5  23.2  23.4  23.9  23.8  23.5  24.4  24.7 
 25.9  26.1  25.9  26.4  26.1  26.1  26.1  25.9  24.8  24.4  24.1  23.7  23.5  23.3  23.5  23.5  23.6  23.3  23.4  23.4  23.3  23.1  23.6  23.4  23.2  23.2  23.5  24.0  23.6  23.7  25.2  25.5 
 26.6  26.4  26.2  25.9  25.6  25.3  25.6  25.0  24.8  24.4  24.0  24.2  23.8  23.6  23.6  23.6  23.7  23.4  23.4  23.5  23.6  23.3  23.9  23.7  23.6  23.4  24.2  24.3  24.7  24.3  26.4  26.8 
 26.8  26.8  26.2  26.2  25.4  25.3  25.2  25.1  24.0  24.4  24.3  24.1  23.6  23.6  23.7  23.8  23.4  23.6  23.9  23.8  23.5  23.5  23.6  23.8  23.6  23.8  24.5  25.2  25.2  25.2  27.2  27.1 
