 24.2  23.6  24.0  23.7  23.7  23.3  23.6  23.8  23.3  23.4  23.5  23.3  23.3  23.0  23.1  23.1  23.0  22.9  22.9  23.0  23.1  22.9  23.2  23.3  23.3  23.0  23.5  23.3  23.7  23.3  24.5  25.4 
 23.9  23.6  24.2  24.0  23.5  23.6  23.6  23.5  23.3  23.2  23.5  23.3  23.2  23.1  23.2  23.3  22.9  23.1  23.2  23.3  22.9  23.0  23.1  23.3  23.0  23.3  23.3  23.6  23.5  23.8  24.3  25.2 
 23.7  23.3  23.9  23.6  23.3  22.9  23.3  23.4  23.3  23.2  23.5  23.3  23.0  22.9  23.0  23.0  23.1  22.8  23.1  23.1  22.9  22.8  23.2  23.2  23.0  22.9  23.3  23.4  23.5  23.3  24.1  24.1 
 23.6  23.5  23.8  23.6  23.1  23.0  23.2  23.5  23.2  23.4  23.8  23.4  23.0  22.9  23.2  23.1  23.1  22.9  23.1  23.3  22.8  23.0  23.2  23.2  22.7  23.0  23.5  23.3  23.7  24.5  24.0  24.1 
 23.7  23.4  23.3  23.4  23.1  23.0  23.3  23.4  23.6  23.8  24.5  23.9  23.1  22.9  23.0  22.9  22.8  22.8  23.0  22.7  22.9  22.8  23.4  23.2  23.3  22.8  23.3  23.4  23.7  23.9  23.9  23.8 
 23.2  23.5  23.4  23.3  23.1  23.4  23.4  23.5  23.9  24.8  26.5  24.7  23.0  22.9  22.9  23.1  22.8  22.8  23.1  23.0  22.9  22.6  23.0  23.1  23.1  22.9  23.0  23.3  23.0  23.4  23.8  23.9 
 23.5  23.2  23.6  23.2  23.0  22.9  23.1  23.4  24.2  25.5  28.4  25.5  22.9  22.8  23.0  22.8  22.9  22.7  22.9  23.0  22.7  22.7  23.0  23.3  23.0  23.0  23.2  23.3  23.2  23.0  23.2  23.5 
 23.5  23.2  23.4  23.3  23.0  22.9  23.1  23.2  23.4  23.6  24.8  23.7  23.0  22.9  22.9  22.9  22.8  22.8  22.8  22.9  22.7  22.7  23.0  23.0  22.9  23.0  23.0  23.3  23.0  23.0  23.2  22.9 
 23.9  23.5  23.3  23.4  23.2  23.0  23.0  23.0  23.0  22.8  23.1  23.1  23.0  22.8  23.0  23.1  22.7  22.6  23.1  22.9  23.1  22.9  23.0  23.1  23.0  22.8  23.2  22.9  22.9  23.2  23.5  23.5 
 23.5  23.4  23.6  23.6  23.3  23.3  23.2  23.0  23.1  23.1  23.1  23.1  22.8  22.8  22.9  22.9  22.7  22.8  22.9  22.9  22.8  22.9  23.0  23.0  22.9  22.9  23.2  23.3  22.9  22.9  23.6  23.6 
 24.6  24.6  24.7  24.8  24.6  24.5  24.0  23.4  23.1  23.0  23.2  23.2  22.9  22.8  23.0  22.9  23.0  22.7  23.0  22.9  23.0  22.7  23.0  23.0  23.0  22.6  23.2  23.1  23.2  23.0  23.6  23.5 
 24.4  24.7  25.3  25.6  25.6  25.8  25.3  24.6  23.4  23.2  23.1  23.1  22.9  22.9  23.1  23.2  22.9  22.7  23.0  23.0  22.8  22.9  22.9 nan  22.7  23.0  23.1  23.0  23.0  23.0  23.4  23.5 
 25.6  25.2  26.4  26.9  28.8  29.6  38.1  41.8  40.0  33.8  23.7  23.1  23.1  23.0  23.0  23.2  23.0  22.8  23.1  22.9  22.8  22.6  23.0  23.1  23.1  22.8  23.3  23.3  23.5  23.0  23.6  23.6 
 25.6  25.8  26.9  27.6  30.0  32.7  47.6  54.3  58.7  51.6  24.9  23.6  23.1  23.1  22.9  23.0  22.9  22.9  23.1  23.1  22.9  22.9  22.9  23.1  22.8  23.0  24.2  24.4  23.4  23.2  23.6  23.6 
 26.1  26.1  27.9  28.6  32.8  36.7  57.6  66.4  77.6  73.3  30.8  24.8  23.0  22.9  23.0  22.9  23.0  22.8  23.0  23.0  23.0  22.7  23.0  22.8  23.0  22.9  25.9  25.6  23.9  23.4  23.5  23.7 
 26.0  26.2  27.8  28.6  32.8  36.9  57.2  68.7  87.1  82.2  30.4  24.8  23.1  23.4  23.0  23.0  22.8  23.0  23.1  23.1  22.9  22.8  23.1  23.0  22.8  23.1  24.4  25.0  23.5  23.3  23.8  23.9 
 26.3  26.3  27.7  28.1  30.3  31.9  45.6  55.6  67.7  57.2  25.6  23.9  23.3  23.0  23.2  22.9  23.1  22.8  23.0  22.9  22.9  22.7  23.1  23.0  23.1  22.9  23.4  23.3  23.6  23.3  23.9  23.8 
 26.1  26.3  27.1  27.8  28.8  29.7  37.7  43.0  46.3  39.3  24.3  23.6  23.2  23.2  23.2  23.0  22.9  23.1  23.1  23.2  23.0  22.8  23.1  23.2  22.9  22.8  23.5  23.2  23.2  23.2  23.8  24.0 
 26.4  26.0  26.9  27.1  27.4  27.6  29.2  29.3  28.2  26.4  23.9  23.5  23.4  23.1  23.3  23.2  23.2  22.9  23.2  23.2  23.0  22.8  23.1  23.2  23.0  22.8  23.3  23.3  23.7  23.3  23.8  24.1 
 25.8  26.2  26.3  26.9  26.8  26.8  27.6  27.9  26.4  25.5  23.8  23.6  23.3  23.2  23.2  23.3  23.0  23.0  23.3  23.2  23.0  23.1  23.1  23.3  23.0  23.0  23.4  23.4  23.1  23.4  24.0  24.0 
 25.9  26.0  26.2  26.1  26.2  25.9  26.2  25.9  25.2  24.4  23.9  23.8  23.5  23.2  23.5  23.4  23.2  23.1  23.1  23.3  23.2  22.8  23.4  23.4  23.5  23.1  23.4  23.8  23.6  23.3  24.1  25.2 
 25.6  26.1  26.1  26.2  25.9  25.8  25.7  25.7  24.8  24.5  24.1  24.0  23.3  23.4  23.4  23.6  23.2  23.2  23.4  23.4  23.2  23.1  23.4  23.5  23.2  23.1  23.7  24.0  23.5  23.9  24.8  25.5 
 27.4  26.3  25.8  25.5  25.7  25.2  25.3  25.1  24.5  24.1  24.0  23.9  23.7  23.4  23.6  23.4  23.3  23.1  23.4  23.5  23.3  23.1  23.7  23.5  23.7  23.3  24.2  24.2  24.3  24.2  26.0  26.3 
 26.7  26.8  26.1  25.9  25.2  25.3  25.1  25.3  24.1  24.3  24.1  24.2  23.5  23.4  23.7  23.6  23.2  23.4  23.5  23.4  23.4  23.7  23.8  23.6  23.6  23.7  24.5  25.3  24.9  25.0  27.1  26.6 
