 24.5  23.9  24.0  24.3  23.8  23.6  23.8  23.6  23.5  23.4  23.6  23.6  22.9  23.2  23.2  23.3  23.1  23.0  23.4  23.4  23.1  23.2  23.5  23.6  23.0  23.2  23.7  23.4  23.7  23.4  24.7  25.2 
 24.6  23.7  23.9  24.0  23.8  23.8  23.5  23.6  23.3  23.2  23.6  23.3  23.1  23.0  23.3  23.4  23.1  23.0  23.5  23.1  23.3  23.2  23.4  23.3  22.9  23.1  23.4  23.5  23.4  23.4  24.4  24.8 
 23.5  23.6  24.0  23.7  23.4  23.3  23.6  23.6  23.4  23.4  23.3  23.6  23.1  22.9  23.3  23.2  23.0  22.8  23.1  23.2  23.0  23.0  23.2  23.3  23.1  22.9  23.5  23.5  23.5  23.7  24.0  24.4 
 23.5  23.5  23.9  23.5  23.2  23.0  23.5  23.4  23.3  23.5  23.8  23.6  23.1  22.8  23.1  23.1  23.1  22.8  23.2  23.0  23.1  22.8  23.3  23.0  23.1  23.0  23.6  23.6  23.5  24.0  24.5  24.4 
 23.5  23.5  23.6  23.7  23.2  23.2  23.4  23.5  23.7  24.0  24.6  24.0  23.2  23.1  23.0  23.3  22.8  22.9  23.1  23.0  23.0  22.9  22.9  23.2  23.1  23.1  23.3  23.3  23.5  24.2  24.1  24.2 
 23.7  23.0  23.6  23.4  23.1  23.1  23.7  23.3  24.1  24.8  26.5  24.8  23.1  22.9  23.0  23.1  23.0  22.9  23.0  23.1  22.7  22.8  23.1  23.0  23.2  22.9  23.1  23.4  23.3  23.2  23.6  23.8 
 23.3  23.5  23.4  23.6  23.2  23.1  23.4  23.7  24.4  25.7  28.3  25.6  23.1  22.9  23.1  23.0  22.8  22.8  22.9  23.1  23.0  22.7  23.2  23.3  22.9  22.9  23.2  23.4  23.1  23.1  23.5  23.6 
 23.7  23.4  23.5  23.4  23.2  23.2  23.3  23.3  23.5  23.9  25.0  23.8  23.1  22.7  23.2  23.1  23.0  22.8  23.1  23.0  22.7  22.8  23.1  23.1  23.0  23.0  23.2  23.2  23.1  23.1  23.4  22.8 
 23.9  23.4  23.8  23.5  23.1  23.1  23.3  23.4  23.0  23.0  23.2  23.1  23.0  22.9  22.8  23.3  22.8  22.8  22.9  23.1  22.8  23.1  23.1  23.2  22.9  22.9  23.2  23.3  23.2  23.1  23.3  23.4 
 23.8  23.5  23.7  23.6  23.6  23.2  23.5  23.3  23.2  23.0  23.1  23.2  22.8  22.9  23.1  23.1  22.9  22.9  23.0  23.1  23.1  22.8  23.2  23.1  23.1  22.8  23.3  23.5  23.2  23.0  23.7  23.2 
 24.6  24.6  25.0  25.1  24.7  24.6  23.9  23.7  23.3  23.1  23.2  23.3  22.9  22.9  23.3  23.1  23.0  22.9  22.9  23.0  23.0  22.7  22.9  23.1  23.1  23.0  23.1  23.2  23.1  23.1  23.4  23.8 
 24.7  24.7  25.3  25.7  25.8  25.9  25.3  24.5  23.6  23.3  23.3  23.2  23.0  22.9  23.0  23.2  22.9  22.8  23.1  23.0  23.0  23.0  23.1 nan  22.8  22.7  23.5  23.2  23.3  23.0  23.8  23.6 
 25.4  25.6  26.6  27.1  28.9  29.9  38.1  42.2  39.9  33.8  24.0  23.4  23.2  23.1  23.2  23.2  23.1  23.0  23.2  23.1  22.9  22.9  23.0  23.2  23.1  22.8  23.6  23.7  23.3  23.3  23.5  23.7 
 25.7  25.7  27.2  27.7  30.2  32.7  47.9  54.4  58.8  51.6  25.0  23.8  23.2  23.2  23.2  23.0  22.8  22.9  23.2  23.1  23.0  22.9  23.2  23.0  23.0  22.9  24.4  24.5  23.6  23.4  23.7  23.7 
 26.0  26.4  27.9  28.8  32.8  36.8  57.7  66.7  77.5  73.4  30.9  25.1  23.1  23.0  23.1  23.4  23.0  22.9  23.2  23.1  22.9  22.7  23.2  23.0  23.1  23.0  25.9  25.7  23.6  23.3  23.8  23.8 
 26.1  26.2  28.2  28.6  32.7  36.9  57.4  68.9  87.2  82.2  30.6  24.7  23.3  23.2  23.3  23.1  23.0  22.9  23.1  23.2  23.0  22.8  23.1  23.2  23.0  23.2  24.4  24.9  23.4  23.2  23.8  23.5 
 26.1  26.4  27.8  28.1  30.2  31.9  45.7  55.8  67.8  57.4  25.7  24.0  23.2  23.2  23.2  23.3  23.0  23.1  23.1  23.2  23.0  22.8  23.1  23.1  23.1  22.9  23.7  23.5  23.5  23.4  24.0  23.9 
 26.5  26.1  27.4  27.5  28.9  29.7  37.9  42.9  46.4  39.4  24.4  23.8  23.4  23.2  23.4  23.2  22.9  22.9  23.2  23.3  22.9  22.9  23.3  23.2  22.9  22.8  23.3  23.6  23.6  23.3  23.9  24.0 
 26.4  26.3  26.7  27.2  27.6  27.7  29.0  29.8  28.3  26.7  23.9  23.9  23.6  23.3  23.3  23.4  23.2  23.2  23.2  23.3  23.2  23.1  23.2  23.4  23.2  23.1  23.3  23.6  23.8  23.4  23.9  24.2 
 26.1  26.2  26.7  26.6  26.8  26.8  27.8  27.9  26.7  25.5  24.0  23.7  23.6  23.2  23.4  23.2  23.3  23.1  23.3  23.2  23.0  23.0  23.3  23.6  23.2  23.2  23.5  23.7  23.4  23.7  23.9  24.1 
 26.0  26.1  26.4  26.7  26.2  26.1  26.0  26.3  25.4  24.6  24.0  23.9  23.4  23.3  23.4  23.5  23.1  23.2  23.4  23.5  23.1  23.0  23.6  23.5  23.6  23.4  23.5  24.1  23.7  23.5  24.7  24.7 
 26.1  25.8  26.1  26.2  25.9  25.6  26.3  25.7  24.8  24.6  24.1  24.1  23.5  23.4  23.5  23.6  23.2  23.1  23.4  23.5  23.3  23.3  23.8  23.4  23.3  23.1  23.7  23.9  23.8  23.8  24.7  25.9 
 26.7  26.2  26.1  26.1  25.7  25.3  25.5  25.5  24.5  24.5  24.0  24.1  23.6  23.6  23.5  23.6  23.3  23.2  23.7  23.5  23.5  23.3  23.7  23.5  23.4  23.4  24.0  24.5  24.4  24.3  25.4  26.8 
 27.4  26.4  26.1  25.8  25.4  25.2  25.2  25.2  24.6  24.3  24.3  24.2  23.6  23.5  23.7  23.5  23.4  23.5  23.8  23.7  23.5  23.4  23.9  23.7  23.7  23.6  24.8  24.9  25.0  24.8  26.3  27.2 
