 24.4  23.8  24.0  24.0  24.0  23.5  23.9  23.8  23.5  23.4  23.5  23.6  23.2  23.0  23.2  23.4  23.1  22.7  23.3  23.3  23.1  22.8  23.5  23.5  23.0  22.8  23.6  23.5  23.7  23.9  25.1  25.7 
 23.9  23.8  24.2  24.3  23.5  23.4  23.7  23.8  23.3  23.1  23.7  23.6  23.0  23.3  23.4  23.1  22.8  22.9  23.5  23.1  22.9  23.0  23.4  23.2  23.0  23.1  23.4  23.4  23.1  23.6  24.8  24.7 
 23.9  23.3  24.1  23.6  23.4  22.9  23.7  23.7  23.3  23.0  23.3  23.5  23.2  22.8  23.4  23.4  23.0  22.9  22.9  23.3  23.0  22.7  23.2  23.3  23.2  23.1  23.5  23.5  23.5  23.4  23.9  24.3 
 23.2  23.4  24.1  24.0  23.0  22.9  23.7  23.7  23.3  23.3  23.8  23.4  22.9  22.9  23.2  23.2  22.8  22.8  23.4  23.2  22.8  22.9  23.5  23.2  22.9  23.0  23.9  23.7  23.4  24.2  24.4  24.3 
 23.7  23.4  23.5  23.9  23.3  22.9  23.3  23.4  23.6  23.7  24.8  23.9  23.0  22.8  23.1  23.1  22.8  22.8  23.1  23.0  22.8  22.7  23.1  23.2  23.0  22.8  23.3  23.5  23.7  23.6  23.9  23.9 
 23.4  23.5  23.8  23.6  23.0  23.1  23.7  23.5  23.8  24.9  26.6  24.9  23.0  22.9  23.1  23.1  22.7  22.7  23.2  23.1  22.7  22.8  23.1  23.1  23.0  22.8  23.4  23.1  23.2  23.4  23.8  23.7 
 23.5  23.3  23.8  23.6  23.0  22.8  23.2  23.6  24.1  25.7  28.3  25.7  23.1  22.7  23.0  23.1  23.0  22.8  22.9  23.1  23.0  22.7  23.1  23.3  23.0  22.8  23.4  23.6  23.5  23.0  23.7  23.5 
 23.5  23.4  23.6  23.4  22.9  22.7  23.3  23.3  23.3  23.7  24.9  23.8  22.8  22.9  23.2  23.0  22.7  22.8  23.1  22.9  22.7  22.9  23.1  23.2  22.8  22.8  23.5  23.3  23.1  23.1  23.2  22.9 
 23.9  23.2  23.9  23.4  23.1  23.0  23.4  23.3  23.2  22.9  23.3  23.3  22.9  22.8  23.0  23.1  22.9  22.7  23.1  22.9  22.8  22.9  23.2  23.2  22.9  22.8  23.1  23.1  23.2  23.1  23.5  23.5 
 23.5  23.7  23.9  23.8  23.3  23.2  23.5  23.3  22.9  23.1  23.1  23.3  22.8  22.9  23.1  23.1  22.8  22.7  23.1  23.1  22.8  22.9  23.2  23.2  23.0  22.9  23.2  23.2  23.0  23.0  23.9  23.6 
 24.6  24.6  25.0  25.1  24.7  24.5  24.0  23.8  23.1  23.1  23.1  23.1  22.8  22.6  22.9  23.1  23.0  22.9  23.2  23.2  22.9  22.7  23.0  23.0  22.8  22.7  23.1  23.2  23.2  23.0  23.6  23.7 
 24.4  24.7  25.6  26.0  25.7  25.8  25.3  24.6  23.3  23.2  23.3  23.1  22.9  22.9  23.1  23.1  22.9  22.8  23.0  23.0  22.9  22.8  23.2 nan  22.7  22.9  23.1  23.3  23.0  23.1  23.7  23.5 
 25.4  25.4  26.4  27.2  28.8  29.5  38.2  42.2  39.8  33.6  23.6  23.4  23.1  22.8  23.1  23.2  23.1  22.6  23.1  23.0  22.8  22.6  23.0  23.2  23.0  22.7  23.6  23.7  23.3  23.0  23.7  23.8 
 25.6  25.8  27.1  27.6  30.1  32.6  47.8  54.4  58.7  51.7  25.3  23.9  23.1  23.1  23.1  23.1  22.7  23.0  23.1  23.2  22.7  22.8  23.3  23.2  22.7  22.8  24.5  24.4  23.6  23.5  23.9  23.9 
 26.1  26.1  28.0  28.8  32.8  36.6  57.6  66.7  77.5  73.4  30.9  25.1  23.1  22.9  23.1  23.3  23.0  22.8  23.0  23.1  22.8  22.8  23.2  23.1  23.0  23.0  26.0  25.9  23.7  23.2  23.7  23.7 
 26.0  26.5  27.9  28.6  32.9  36.7  57.3  68.7  87.1  82.3  30.7  24.9  23.0  23.2  23.2  23.2  22.8  22.9  23.1  23.1  22.6  22.9  23.1  23.2  22.9  22.9  24.7  25.0  23.5  23.3  24.1  23.7 
 26.3  26.0  28.0  28.3  30.1  31.7  45.7  55.7  67.7  57.1  25.7  24.0  23.2  23.0  23.2  23.2  23.1  22.9  23.1  23.2  22.9  22.9  23.1  23.2  23.2  22.8  23.3  23.6  23.3  23.1  23.8  24.0 
 25.8  26.5  27.3  27.7  28.7  29.7  38.0  43.0  46.2  39.2  24.5  23.8  23.2  23.2  23.2  23.3  22.9  23.0  23.4  23.3  22.8  22.9  23.2  23.3  22.9  23.0  23.5  23.5  23.2  23.5  24.1  24.2 
 26.4  25.9  26.9  27.1  27.3  27.6  29.1  29.5  28.5  26.4  24.1  23.9  23.3  23.0  23.4  23.4  23.3  23.0  23.2  23.4  23.1  22.8  23.3  23.4  23.0  22.9  23.6  23.6  23.7  23.6  24.0  24.3 
 25.8  26.5  26.9  26.8  26.7  26.8  27.8  28.0  26.5  25.5  24.0  23.9  23.3  23.2  23.4  23.2  23.1  23.2  23.4  23.3  23.0  23.0  23.4  23.4  22.9  23.2  23.4  23.6  23.1  23.4  24.6  24.2 
 26.2  25.6  26.7  26.4  26.1  26.1  26.4  26.0  25.2  24.5  23.9  23.9  23.5  23.2  23.4  23.6  23.3  23.2  23.3  23.4  23.1  22.8  23.5  23.5  23.3  22.9  23.8  23.6  23.6  23.4  24.6  24.6 
 25.9  25.7  26.5  26.4  25.8  25.8  26.1  26.0  24.8  24.4  24.1  24.0  23.2  23.3  23.6  23.6  23.1  23.1  23.5  23.7  23.1  23.4  23.6  23.5  22.9  23.5  23.7  23.8  23.5  23.7  24.8  25.5 
 27.1  26.3  25.9  26.2  25.6  25.2  25.8  25.3  24.7  24.1  24.0  24.4  23.6  23.2  23.5  23.9  23.4  23.1  23.4  23.6  23.4  23.4  23.6  23.9  23.4  23.4  24.6  24.7  24.1  23.8  26.4  26.7 
 27.3  26.5  26.1  26.2  25.2  25.0  25.5  25.1  24.2  24.2  24.1  24.1  23.5  23.7  23.8  23.7  23.3  23.6  23.8  23.9  23.4  23.4  24.0  23.9  23.3  23.7  25.2  25.5  24.4  25.0  27.5  27.5 
