 24.3  23.8  24.3  23.8  24.0  23.5  23.7  23.6  23.5  23.2  23.4  23.5  23.4  23.0  23.3  23.3  23.2  22.8  23.3  23.3  23.2  22.7  23.5  23.3  23.3  22.8  23.7  23.5  24.0  23.4  24.7  25.5 
 23.8  23.5  24.0  23.8  23.6  23.5  23.6  23.6  23.3  23.2  23.6  23.4  23.1  23.3  23.2  23.4  23.0  22.9  23.5  23.4  23.1  23.0  23.3  23.5  23.0  23.4  23.4  23.5  23.6  23.7  24.7  25.1 
 24.2  23.5  23.9  23.9  23.7  23.3  23.6  23.4  23.4  23.2  23.6  23.4  23.2  23.0  23.2  23.3  23.3  22.9  23.1  23.1  23.2  22.8  23.1  23.2  23.2  23.1  23.6  23.5  23.8  23.6  24.4  24.2 
 23.4  23.3  23.6  23.7  23.2  23.1  23.5  23.8  23.4  23.4  23.8  23.6  22.7  23.0  23.2  23.3  23.0  23.1  23.3  23.2  22.8  23.1  23.2  23.4  23.0  23.0  23.6  23.6  23.4  24.3  24.5  24.4 
 23.5  23.3  23.4  23.6  23.4  23.1  23.3  23.6  23.7  23.8  24.7  23.8  23.2  23.0  23.1  23.1  23.1  22.8  22.9  23.1  23.0  22.8  23.4  23.2  23.1  22.9  23.5  23.4  23.7  23.8  23.9  24.1 
 23.2  23.5  23.5  23.6  23.1  23.3  23.4  23.7  24.0  24.9  26.6  24.9  23.1  23.0  22.9  23.2  22.8  22.8  23.0  23.2  23.0  22.9  23.2  23.2  23.0  22.9  23.1  23.4  23.3  23.5  23.8  23.8 
 23.5  23.2  23.7  23.4  23.2  23.0  23.2  23.5  24.3  25.6  28.5  25.7  23.1  22.9  23.1  22.9  22.9  22.9  23.0  22.9  23.1  22.9  23.2  23.3  23.1  22.8  23.3  23.3  23.1  23.3  23.3  23.7 
 23.6  23.4  23.4  23.7  23.1  23.2  23.4  23.4  23.4  23.8  24.9  24.0  23.1  22.9  23.2  23.1  22.9  23.0  22.8  23.1  22.9  22.8  23.3  23.2  23.1  23.0  23.4  23.4  23.1  23.2  23.4  23.2 
 23.7  23.5  23.6  23.6  23.1  23.1  23.4  23.2  23.1  22.8  23.3  23.3  23.1  22.8  23.0  23.1  23.0  22.9  23.1  23.2  23.2  22.8  23.1  23.1  23.0  22.9  23.3  23.3  23.0  23.1  23.5  23.3 
 23.5  23.8  23.9  23.9  23.4  23.4  23.4  23.2  23.0  23.0  23.3  23.2  22.8  22.9  23.1  23.1  22.9  22.9  23.2  23.3  22.8  22.9  23.1  23.2  22.9  23.1  23.2  23.3  22.9  23.1  23.4  23.4 
 24.7  24.4  24.8  25.0  24.9  24.5  23.9  23.8  23.3  23.2  23.3  23.2  23.1  22.8  23.2  23.1  23.2  22.7  23.1  23.0  22.9  22.8  23.1  23.1  23.1  22.9  22.9  23.2  23.1  23.1  23.7  23.7 
 24.7  24.8  25.5  25.7  25.8  25.9  25.3  24.6  23.5  23.4  23.1  23.4  23.0  23.1  23.0  23.2  22.9  23.1  22.9  23.1  22.8  23.0  23.0 nan  22.8  23.0  23.0  23.4  23.2  23.1  23.5  23.9 
 25.9  25.1  26.4  27.3  28.9  29.7  38.2  42.0  39.9  33.8  23.8  23.4  23.2  22.9  23.1  23.1  23.1  22.8  23.2  23.1  22.8  22.7  23.1  23.2  23.1  22.9  23.5  23.7  23.6  23.2  24.0  23.6 
 25.5  26.0  27.1  28.0  29.9  32.8  47.7  54.5  58.7  51.7  25.1  23.8  23.1  23.0  23.1  22.9  22.9  23.1  23.1  23.2  22.7  23.0  23.1  23.2  22.8  23.0  24.5  24.6  23.4  23.3  23.8  23.7 
 26.0  26.4  28.1  28.7  32.7  36.6  57.7  66.5  77.7  73.3  31.1  24.9  23.2  22.8  23.2  23.1  23.2  22.9  23.2  23.2  22.9  22.9  23.2  23.0  23.0  23.1  26.0  25.7  23.7  23.3  23.6  23.9 
 25.8  26.2  27.9  29.0  32.6  37.0  57.2  68.8  87.1  82.3  30.5  25.0  23.1  23.3  23.2  23.2  23.1  22.9  23.2  23.1  22.6  23.1  23.1  23.2  22.9  23.1  24.5  25.1  23.6  23.2  23.8  23.8 
 26.1  26.1  27.7  28.1  30.4  31.8  45.7  55.7  67.9  57.2  25.8  24.1  23.4  23.0  23.3  23.2  23.2  22.9  23.1  23.1  23.0  22.9  23.1  23.2  23.2  22.8  23.3  23.4  23.4  23.1  24.0  23.8 
 25.9  26.3  27.6  27.6  28.6  29.9  37.8  43.1  46.4  39.4  24.3  23.7  23.2  23.3  23.3  23.5  22.9  23.0  23.1  23.3  22.9  22.9  23.1  23.3  23.0  22.9  23.5  23.4  23.2  23.5  23.7  24.0 
 26.1  26.0  26.9  27.3  27.6  27.7  29.2  29.6  28.5  26.4  24.1  23.6  23.4  23.4  23.4  23.4  23.2  23.1  23.2  23.2  23.2  22.9  23.2  23.6  23.1  22.9  23.5  23.6  24.1  23.4  23.9  24.0 
 25.8  26.0  26.6  26.8  26.7  26.7  27.8  28.0  26.6  25.6  24.0  23.9  23.5  23.5  23.5  23.3  23.0  23.2  23.4  23.4  22.9  23.1  23.3  23.4  22.9  23.2  23.6  23.7  23.4  23.9  23.8  24.3 
 26.0  25.4  26.6  26.2  26.5  25.7  26.4  26.4  25.4  24.5  24.3  23.8  23.6  23.2  23.5  23.5  23.4  23.2  23.2  23.2  23.2  23.0  23.6  23.5  23.3  23.1  23.7  23.8  23.2  23.2  24.3  24.8 
 25.9  26.0  26.4  26.2  25.8  25.9  25.8  26.0  24.8  24.5  23.9  24.1  23.5  23.3  23.7  23.6  23.4  23.4  23.7  23.6  23.1  23.4  23.6  23.8  23.0  23.4  23.6  23.9  23.5  23.8  24.9  25.6 
 27.3  26.4  26.1  26.0  25.7  25.2  25.6  25.2  24.8  24.2  24.2  24.3  23.7  23.5  23.6  23.6  23.7  23.1  23.8  23.6  23.4  23.2  23.8  23.5  23.4  23.1  24.2  24.5  24.8  24.1  26.1  27.3 
 26.9  26.6  26.1  26.2  25.2  25.2  25.2  25.0  24.3  24.2  24.0  24.3  23.4  23.5  23.9  23.7  23.5  23.5  23.8  23.9  23.5  23.5  24.0  23.9  23.3  23.8  24.8  25.1  24.6  25.3  27.2  27.7 
