 24.5  23.7  23.9  24.0  23.8  23.7  23.8  23.9  23.4  23.2  23.5  23.6  23.3  23.0  23.1  23.6  23.0  22.9  23.1  23.3  22.9  23.0  23.3  23.4  23.2  22.9  23.6  23.7  23.6  23.4  24.6  25.8 
 24.0  23.5  23.9  23.9  23.9  23.4  23.8  23.7  23.5  23.2  23.5  23.5  23.1  23.2  23.4  23.4  23.1  23.0  23.4  23.1  23.1  23.0  23.3  23.3  23.2  23.2  23.4  23.7  23.6  23.5  24.4  24.8 
 23.6  23.6  23.8  23.9  23.5  23.1  23.5  23.6  23.4  23.3  23.5  23.5  23.2  23.0  23.4  23.4  23.1  22.8  23.1  23.2  22.9  22.7  23.0  23.4  23.3  23.2  23.6  23.5  23.6  23.4  24.0  24.6 
 23.5  23.3  24.0  23.7  23.4  23.1  23.7  23.5  23.3  23.5  23.8  23.4  23.1  22.8  23.1  23.3  23.2  23.0  23.3  23.0  22.9  22.9  23.3  23.3  23.1  23.1  23.6  23.3  23.5  24.1  24.3  24.2 
 23.8  23.6  23.4  23.7  23.4  22.9  23.3  23.5  24.0  23.9  24.6  24.2  23.2  22.8  23.1  23.3  22.9  22.8  22.9  23.1  22.9  22.8  23.0  23.2  23.0  23.0  23.4  23.6  23.7  24.2  24.0  24.2 
 23.3  23.3  23.8  23.4  23.2  23.1  23.8  23.6  24.0  24.9  26.5  24.6  23.1  23.0  23.0  23.1  23.0  22.8  23.0  23.0  23.0  22.9  23.3  23.1  23.4  22.9  23.2  23.1  23.4  23.6  23.6  23.6 
 23.6  23.4  23.4  23.5  22.9  23.0  23.1  23.7  24.3  25.7  28.5  25.6  23.0  22.9  23.0  23.1  22.8  22.8  23.1  23.1  23.1  22.7  23.0  23.3  23.2  22.9  23.3  23.5  23.2  23.2  23.6  23.8 
 23.7  23.5  23.8  23.5  23.2  23.2  23.3  23.2  23.5  23.7  24.9  23.8  22.9  23.0  23.1  23.0  23.0  23.0  23.0  23.0  22.9  22.7  23.2  23.1  23.0  22.9  23.4  23.3  23.2  23.1  23.5  22.8 
 23.6  23.6  23.6  23.5  23.1  23.2  23.2  23.1  23.2  22.9  23.1  23.2  23.1  22.9  23.0  23.1  23.0  22.8  23.1  23.0  23.0  23.0  23.1  23.4  23.0  22.9  23.3  23.2  23.3  22.9  23.5  23.4 
 23.9  23.5  24.0  23.9  23.6  23.1  23.1  23.2  23.2  23.0  23.3  23.2  23.0  22.9  23.0  22.8  23.0  22.8  23.0  23.0  23.0  22.9  23.1  22.9  23.0  22.9  23.2  23.2  23.1  23.0  23.6  23.5 
 24.5  24.7  24.8  25.1  24.8  24.5  24.1  23.6  23.2  23.1  23.1  23.2  23.0  22.8  23.0  23.2  22.8  22.9  23.1  23.1  23.1  23.0  22.9  23.2  23.0  22.9  23.2  23.2  23.1  23.1  23.6  23.5 
 24.8  24.6  25.6  25.6  25.9  25.8  25.1  24.5  23.6  23.3  23.3  23.1  23.0  22.9  23.1  23.1  23.0  22.8  23.0  23.1  22.9  22.9  23.0 nan  22.9  22.9  23.1  23.1  23.1  22.8  23.8  23.4 
 25.5  25.3  26.4  27.3  28.7  29.8  38.1  42.2  39.9  34.0  23.7  23.5  23.0  22.9  23.1  23.3  23.2  22.8  23.1  23.1  22.9  22.8  23.1  23.2  23.1  22.9  23.5  23.7  23.3  23.3  23.8  23.7 
 25.7  25.9  27.2  27.7  30.2  32.5  47.8  54.3  58.7  51.8  25.1  23.7  23.2  23.0  23.3  23.0  22.9  22.9  23.1  23.1  22.9  22.7  23.2  23.0  23.1  22.9  24.3  24.4  23.9  23.5  23.4  23.7 
 26.2  26.2  27.7  28.8  32.8  36.6  57.6  66.6  77.5  73.5  30.9  25.2  23.3  23.2  23.1  23.2  23.0  22.9  23.1  23.3  22.8  22.8  23.2  23.1  23.0  23.2  26.0  25.7  23.6  23.3  23.6  24.0 
 26.3  26.1  27.8  28.6  32.9  36.9  57.2  68.8  87.1  82.2  30.7  25.1  23.2  23.0  23.2  23.2  22.9  22.9  23.2  23.2  22.9  22.9  23.0  23.1  23.0  22.8  24.5  24.9  23.6  23.4  23.9  23.6 
 26.2  26.4  27.5  28.1  30.2  31.8  45.6  55.8  67.8  57.3  25.5  24.1  23.3  23.2  23.0  23.2  23.1  22.9  23.1  23.1  23.0  22.9  23.2  23.3  23.2  22.9  23.4  23.8  23.4  23.5  23.9  23.9 
 26.2  26.6  27.4  27.6  28.8  29.8  37.9  42.9  46.5  39.2  24.3  23.6  23.3  23.2  23.3  23.2  23.0  22.9  23.4  23.1  23.0  22.9  23.2  23.2  23.2  22.7  23.4  23.3  23.3  23.5  24.0  23.8 
 26.0  26.3  26.8  26.9  27.3  27.7  29.1  29.6  28.3  26.4  23.9  23.9  23.4  23.2  23.5  23.4  23.0  23.2  23.1  23.5  23.2  22.9  23.3  23.7  23.0  23.1  23.3  23.7  23.8  23.5  23.9  24.4 
 25.9  26.0  26.7  26.8  27.0  26.7  27.8  27.9  26.7  25.6  24.0  23.7  23.4  23.3  23.5  23.4  23.2  23.1  23.5  23.0  23.1  23.0  23.4  23.2  23.1  23.2  23.5  23.7  23.2  23.5  24.1  24.1 
 25.8  26.1  26.3  26.6  26.2  26.1  26.3  26.3  25.4  24.7  23.9  24.1  23.5  23.4  23.5  23.5  23.3  23.2  23.3  23.4  23.3  23.0  23.4  23.6  23.3  23.2  23.6  23.7  23.5  23.5  24.2  25.0 
 26.0  25.8  26.4  26.2  26.2  25.6  26.1  25.8  24.9  24.5  24.1  24.2  23.7  23.3  23.5  23.5  23.2  23.2  23.6  23.3  23.2  23.4  23.8  23.6  23.1  23.2  23.7  23.7  24.0  23.6  24.9  25.9 
 27.0  26.4  25.9  26.1  25.8  25.3  25.6  24.9  24.4  24.3  24.3  24.0  23.7  23.3  23.6  23.9  23.4  23.3  23.6  23.8  23.4  23.3  23.7  23.6  23.7  23.5  24.0  24.8  24.4  23.6  25.7  26.8 
 26.8  27.1  26.0  26.0  25.3  25.1  25.6  25.3  24.4  24.3  24.3  24.1  23.6  23.3  23.8  23.6  23.4  23.3  23.5  23.6  23.6  23.4  24.0  23.7  23.6  23.6  24.6  24.9  25.0  25.0  26.3  27.1 
