 23.9  23.7  23.9  23.6  23.3  23.1  23.2  22.9  22.6  22.6  23.0  22.9  22.8  22.6  22.8  22.8  22.7  22.7  22.9  23.2  22.7  22.8  23.1  23.2  24.6  25.6  28.3  29.2  29.9  29.9  30.6  30.8 
 24.2  23.1  23.7  23.6  23.2  22.8  23.0  23.2  22.8  22.7  22.9  22.9  22.7  22.6  22.9  22.8  22.6  22.7  22.8  22.9  22.6  22.7  23.1  23.5  23.7  24.4  27.6  28.9  29.8  30.1  30.5  30.5 
 23.4  23.0  23.5  23.4  23.0  22.8  22.8  23.1  22.9  22.7  22.7  22.9  22.8  22.7  22.8  22.8  22.7  22.6  22.7  22.8  22.8  22.9  22.9  23.1  24.4  24.8  28.7  30.2  30.9  30.3  30.5  30.4 
 23.5  23.2  23.2  23.3  22.9  22.9  23.1  23.1  23.0  22.8  23.0  22.8  22.6  22.6  22.7  22.8  22.7  22.8  22.7  22.7  22.6  22.6  23.1  23.4  25.3  27.2  30.6  31.1  31.6  31.5  31.1  30.8 
 23.6  23.1  23.4  23.3  23.3  22.8  22.9  23.1  23.1  23.2  23.1  22.9  22.8  22.6  23.0  22.7  22.5  22.5  22.8  22.9  22.8  22.6  23.3  24.3  28.3  29.4  31.4  31.5  32.0  32.0  32.1  31.1 
 23.1  22.9  23.4  23.1  23.0  22.7  23.2  23.3  23.8  23.7  23.2  23.0  22.7  22.7  22.8  22.7  22.7  22.6  22.9  22.8  22.9  22.8  23.5  25.0  28.5  29.6  31.1  31.7  32.0  32.3  30.8  30.1 
 22.9  23.2  23.1  23.2  22.9  22.7  23.1  23.7  25.5  26.7  24.4  23.2  22.7  22.7  22.7  22.8  22.7  22.7  22.8  22.9  22.9  22.9  23.8  25.0  29.7  30.5  31.3  31.6  31.9  31.6  28.2  27.6 
 23.5  22.8  23.0  23.3  23.0  22.8  23.3  23.5  26.1  27.6  24.8  23.3  22.9  22.6  22.9  22.5  22.7  22.8  22.9  22.9  22.7  23.0  23.6  24.8  29.4  30.7  31.3  31.5  31.0  29.7  27.4  25.8 
 23.4  23.4  23.3  23.1  22.9  22.8  23.2  23.1  23.5  23.3  23.2  22.9  22.8  22.7  22.9  22.8  22.6  22.8  23.0  23.0  22.8  22.7  23.4  24.2  29.1  30.1  31.2  31.4  30.8  29.5  25.6  25.2 
 23.2  23.1  23.3  23.4  23.2  22.9  23.2  23.0  22.9  23.1  22.9  22.9  22.8  22.6  22.9  22.9  22.5  22.9  23.0  23.1  22.9  22.8  23.0  23.6  27.8  29.0  30.8  31.2  29.9  28.1  25.7  25.1 
 23.9  24.0  23.9  23.8  23.5  23.2  23.2  23.0  22.9  22.9  23.0  22.9  22.7  22.7  22.8  22.8  22.9  22.7  23.0  22.9  22.8  22.7  22.9  23.1  23.5  24.3  25.6  26.4  26.0  25.5  24.7  24.7 
 23.7  23.7  24.0  24.3  24.1  24.0  23.7  23.4  23.0  23.0  22.8  22.9  22.6  22.7  22.8  22.9  22.9  22.9  23.0  22.9  22.9  22.8  23.0 nan  23.1  23.0  24.9  25.7  25.3  24.5  24.6  24.6 
 24.4  24.2  25.2  25.7  26.4  26.6  29.1  29.6  27.8  26.2  23.3  22.9  22.8  22.7  22.9  22.8  22.8  22.7  22.9  22.8  22.7  22.7  23.0  22.9  23.1  23.2  24.9  25.2  23.8  23.7  24.2  24.0 
 24.5  24.7  25.8  26.1  27.7  28.8  36.8  42.6  45.3  39.7  23.9  23.4  22.9  22.7  22.9  22.7  22.8  22.6  22.8  23.0  22.7  22.5  23.0  23.0  22.7  22.8  23.5  24.0  24.0  23.7  24.0  24.1 
 25.1  25.6  26.7  27.1  30.0  32.8  52.2  60.6  71.4  67.9  34.3  25.6  23.0  22.9  22.9  22.6  22.8  22.7  22.9  22.8  22.7  22.7  23.0  22.8  23.0  22.9  23.4  23.3  23.4  23.5  24.0  23.9 
 25.4  25.4  27.0  27.5  30.6  33.4  52.8  61.3  76.5  76.2  39.0  26.6  22.9  22.8  22.8  22.9  22.7  22.5  22.9  22.8  22.6  22.7  23.1  22.9  22.8  22.7  23.4  23.4  23.3  23.4  23.7  24.1 
 25.7  25.9  26.8  27.4  29.9  32.1  46.2  55.7  78.7  78.7  34.1  25.4  23.2  22.9  22.9  22.9  23.0  22.8  23.0  22.9  22.9  22.6  22.9  22.8  23.2  22.8  23.3  23.4  23.4  23.2  24.0  23.9 
 25.7  25.6  26.6  27.0  29.0  30.4  39.0  45.1  61.3  58.5  27.9  24.5  23.1  22.9  23.0  23.0  22.9  22.9  23.0  23.1  22.9  22.8  23.0  23.2  23.1  23.0  23.4  23.4  23.3  23.4  23.8  24.1 
 25.7  25.8  26.3  26.7  27.4  27.4  29.6  30.9  32.3  30.4  24.6  23.6  22.8  22.9  23.1  23.1  23.0  22.8  22.9  23.0  22.9  22.8  23.2  23.3  23.1  23.1  23.3  23.2  23.5  23.1  23.9  24.2 
 25.5  25.9  26.4  26.4  26.5  26.7  28.1  28.3  28.2  27.2  24.0  23.5  23.0  23.0  23.0  23.1  22.9  22.8  23.0  22.9  22.9  22.9  23.3  23.2  23.1  23.1  23.4  23.4  23.3  23.3  24.1  24.3 
 25.6  25.5  25.9  26.0  26.0  26.0  26.3  26.3  25.8  25.2  24.0  23.8  23.1  23.0  23.1  23.1  23.0  23.0  22.9  23.3  23.1  22.7  23.2  23.2  23.3  23.1  23.4  23.7  23.8  24.0  25.0  24.9 
 25.7  25.5  25.9  25.8  25.7  25.8  25.8  25.8  25.1  24.9  24.0  23.8  23.2  23.0  23.2  23.3  23.1  23.0  23.5  23.2  22.9  23.0  23.3  23.5  23.2  23.1  23.4  23.8  24.2  24.5  25.8  25.8 
 26.6  26.4  25.7  25.7  25.2  25.1  25.5  25.1  24.8  24.2  23.9  24.0  23.2  23.3  23.4  23.3  23.3  23.0  23.4  23.5  23.4  23.1  23.4  23.7  23.4  23.5  24.6  25.1  25.3  25.2  26.8  26.9 
 27.0  26.5  25.5  26.1  25.2  25.2  25.2  25.1  24.2  24.2  24.0  23.9  23.4  23.3  23.3  23.3  23.1  23.1  23.4  23.3  23.5  23.4  23.8  24.0  23.7  24.2  25.4  26.1  25.4  25.7  27.6  26.7 
