 24.3  23.7  23.9  24.3  23.5  23.9  23.7  23.9  23.4  23.2  23.5  23.5  23.2  23.1  23.1  23.4  23.0  23.1  23.1  23.3  22.9  23.2  23.2  23.5  23.1  23.2  23.6  23.6  23.6  23.8  24.6  26.1 
 24.0  23.3  24.1  23.8  23.6  23.2  23.8  23.2  23.4  23.3  23.8  23.5  23.1  23.1  23.5  23.3  23.0  22.8  23.4  23.4  23.2  23.0  23.2  23.2  23.1  22.9  23.7  23.7  23.4  23.3  24.7  24.8 
 23.6  23.8  23.9  23.9  23.4  23.0  23.4  23.7  23.4  23.1  23.4  23.7  23.0  23.0  23.1  23.4  22.9  23.0  23.1  23.2  22.9  22.9  23.2  23.3  23.1  22.9  23.3  23.5  23.3  23.6  24.2  24.2 
 23.7  23.3  23.9  23.5  23.3  23.0  23.8  23.4  23.4  23.1  23.9  23.4  23.1  22.8  23.2  23.2  23.2  22.8  23.3  23.0  23.0  22.8  23.4  23.2  23.1  22.9  23.6  23.3  23.7  24.3  24.1  24.4 
 23.7  23.3  23.4  23.5  23.2  23.3  23.4  23.6  23.6  24.0  24.5  24.0  23.0  23.0  23.0  23.2  22.8  22.8  23.1  23.0  22.8  22.8  23.1  23.2  23.0  22.9  23.2  23.6  23.5  23.8  23.5  23.9 
 23.2  23.1  23.6  23.4  23.2  22.9  23.6  23.6  24.0  24.9  26.6  24.6  23.1  22.8  23.1  23.2  23.0  22.8  23.3  23.0  22.9  22.7  23.2  23.2  23.3  22.8  23.3  23.2  23.3  23.3  23.8  23.6 
 23.3  23.5  23.3  23.5  23.0  23.1  23.1  23.4  24.2  25.7  28.3  25.7  23.1  22.9  22.9  23.1  22.9  22.8  23.1  23.1  23.0  23.1  23.1  23.3  22.9  23.1  23.2  23.4  23.1  23.0  23.3  23.7 
 23.7  23.2  23.4  23.4  23.4  22.9  23.3  23.1  23.6  23.7  24.9  23.9  23.1  22.8  23.0  23.0  22.9  22.8  23.2  23.0  22.9  22.9  23.4  23.1  23.0  22.9  23.4  23.4  23.2  23.2  23.5  22.8 
 23.7  23.5  23.7  23.5  23.1  23.1  23.3  23.4  23.1  23.0  23.2  23.2  22.8  23.1  22.9  23.1  22.9  22.9  23.1  23.1  22.9  23.0  23.0  23.3  22.9  23.1  23.2  23.4  23.2  22.9  23.3  23.5 
 23.6  23.6  23.7  23.7  23.3  23.3  23.4  23.0  23.1  23.0  23.2  23.2  22.9  22.8  23.2  23.0  22.9  22.8  23.2  23.1  23.2  22.8  23.2  23.0  23.0  22.9  23.2  23.4  23.2  22.8  23.7  23.4 
 24.6  24.4  25.0  25.1  24.7  24.6  23.8  23.7  23.0  23.1  23.1  23.1  23.0  22.9  23.2  23.3  22.9  22.9  23.0  23.2  23.0  22.9  22.9  23.2  22.9  22.9  23.0  23.3  23.1  23.0  23.5  23.6 
 24.8  24.5  25.3  25.6  25.7  25.5  25.5  24.5  23.5  23.3  23.5  23.2  23.1  22.8  23.1  23.1  23.0  22.8  23.0  22.9  22.9  22.8  23.1 nan  23.1  22.9  23.1  23.1  23.0  22.7  23.6  23.6 
 25.2  25.2  26.5  27.2  28.6  29.8  38.2  42.0  39.9  33.8  23.9  23.6  23.0  22.9  23.1  23.3  23.0  22.9  23.2  23.1  22.9  22.9  23.0  23.0  23.1  22.9  23.5  23.7  23.3  23.3  23.5  23.9 
 25.7  25.7  27.4  27.8  30.2  32.6  47.8  54.4  58.7  51.7  25.1  23.7  23.1  23.0  23.1  22.9  23.0  22.9  23.2  23.1  23.0  22.7  23.1  23.1  23.0  23.0  24.3  24.5  23.9  23.4  23.6  23.4 
 25.7  26.4  27.7  28.7  32.9  36.7  57.6  66.5  77.5  73.5  30.9  25.1  23.1  23.1  23.1  23.2  23.1  23.0  23.1  23.1  22.8  22.9  23.3  23.1  23.0  23.1  26.0  25.9  23.6  23.5  23.3  24.0 
 26.0  26.2  27.8  28.7  33.0  36.8  57.3  68.8  87.1  82.1  30.6  24.9  23.1  23.2  23.2  23.0  23.0  23.0  23.2  23.1  22.8  22.8  23.3  23.2  23.1  22.7  24.5  24.7  23.7  23.5  24.0  23.7 
 26.1  26.3  27.8  28.1  30.4  31.9  45.7  55.8  67.8  57.3  25.7  24.1  23.3  23.2  23.2  23.2  23.0  23.1  23.0  23.3  22.9  22.7  23.1  23.1  23.0  22.9  23.4  23.6  23.1  23.6  23.9  23.9 
 26.2  26.3  27.5  27.6  28.8  29.8  38.0  42.9  46.5  39.2  24.5  23.7  23.4  23.2  23.3  23.2  23.2  23.0  23.2  23.0  23.0  22.9  23.2  23.2  23.0  22.9  23.6  23.4  23.4  23.5  24.1  24.0 
 25.9  26.0  26.8  27.1  27.2  27.6  29.0  29.7  28.3  26.5  24.0  23.9  23.3  23.2  23.3  23.4  23.2  23.1  23.1  23.3  23.1  23.0  23.2  23.2  23.0  23.2  23.5  23.6  23.8  23.4  23.7  24.0 
 25.9  26.0  26.7  26.8  26.8  26.8  27.8  27.7  26.6  25.3  24.0  23.8  23.4  23.2  23.6  23.3  23.4  23.0  23.5  23.2  23.2  22.9  23.3  23.4  23.1  23.1  23.4  23.5  23.3  23.2  24.3  24.3 
 25.8  25.7  26.4  26.7  26.1  26.1  26.1  26.2  25.1  24.6  24.0  23.8  23.4  23.4  23.3  23.5  23.3  23.3  23.2  23.3  23.1  22.9  23.5  23.7  23.4  23.3  23.5  24.1  23.5  23.6  24.2  25.3 
 25.9  25.8  26.3  26.0  25.8  25.5  25.8  25.8  24.8  24.5  24.3  24.1  23.5  23.2  23.6  23.5  23.3  23.1  23.5  23.5  23.1  23.1  23.6  23.4  23.2  23.3  24.0  23.8  23.8  23.4  25.2  25.0 
 26.7  26.2  25.9  26.5  25.4  25.5  25.3  25.0  24.5  24.1  24.0  24.4  23.9  23.7  23.6  23.8  23.3  23.4  23.5  23.6  23.4  23.3  23.7  23.7  23.5  23.3  24.2  24.6  24.2  24.3  25.7  27.3 
 27.4  26.3  26.1  25.8  25.5  25.1  25.2  25.0  24.3  24.0  24.2  24.0  23.7  23.3  23.9  23.7  23.5  23.4  23.6  23.5  23.6  23.4  23.7  23.9  23.5  23.6  24.6  25.1  25.0  24.8  26.8  27.6 
