 24.8  23.7  24.3  23.8  23.8  23.6  23.8  23.5  23.7  23.2  23.8  23.7  23.5  22.9  23.6  23.3  23.2  23.2  23.8  23.3  23.1  23.2  23.3  23.3  23.3  22.9  23.9  23.8  23.7  23.6  25.2  25.2 
 24.0  23.9  23.9  24.5  23.6  23.4  23.4  23.8  23.7  23.6  23.6  23.9  23.2  23.3  23.3  23.5  23.0  23.0  23.4  23.5  23.2  23.0  23.2  23.6  23.1  23.4  23.6  23.7  23.6  23.9  24.7  25.1 
 24.0  23.3  24.0  23.9  23.6  23.2  23.7  23.4  23.5  23.0  23.8  23.5  23.3  23.1  23.3  23.2  23.2  23.1  23.1  23.2  23.0  23.0  23.3  23.4  23.4  23.1  23.5  23.5  24.0  23.6  24.0  24.2 
 23.7  23.7  23.6  23.9  23.2  23.1  23.6  23.7  23.4  23.5  23.9  23.7  23.2  23.0  23.2  23.3  23.1  22.9  23.2  23.4  23.0  22.9  23.2  23.3  23.0  23.3  23.6  23.9  23.5  24.6  24.1  24.8 
 23.7  23.3  23.9  23.5  23.5  23.2  23.4  23.5  23.7  24.0  24.8  24.0  23.3  23.0  23.3  23.2  22.8  22.8  23.1  23.0  23.0  23.0  23.3  23.2  23.3  23.2  23.7  23.5  23.7  24.1  24.2  23.9 
 23.2  23.6  23.5  23.7  23.0  23.3  23.3  23.7  24.0  24.9  26.5  24.9  23.0  23.2  23.2  23.2  23.0  23.0  23.0  23.4  22.9  22.8  23.4  23.4  23.4  23.1  23.3  23.5  23.4  23.8  23.8  24.2 
 23.7  23.3  23.5  23.5  23.3  23.0  23.5  23.3  24.4  25.7  28.5  25.5  23.2  23.1  23.2  23.1  23.1  22.8  23.2  23.2  23.1  23.0  23.2  23.3  23.2  22.9  23.5  23.3  23.4  23.0  23.8  23.5 
 23.9  23.7  23.4  23.9  23.1  23.1  23.3  23.4  23.6  24.0  24.8  24.0  23.1  23.1  23.0  23.0  22.8  22.9  23.0  23.0  22.9  22.8  23.2  23.3  23.2  23.1  23.1  23.3  23.1  23.1  23.2  23.2 
 24.1  23.5  24.1  23.5  23.2  23.1  23.4  23.4  23.1  23.1  23.4  23.2  23.0  22.9  23.2  23.1  23.0  22.9  23.2  23.1  23.0  23.0  23.4  23.2  23.2  23.1  23.3  23.1  23.3  23.3  23.5  23.5 
 23.8  24.0  23.7  24.0  23.5  23.4  23.3  23.4  23.1  23.2  23.3  23.4  23.0  22.8  22.9  23.2  23.0  23.1  23.1  23.2  22.9  23.0  23.1  23.3  23.2  23.2  23.2  23.3  23.0  23.1  23.7  23.9 
 24.9  24.6  25.1  25.0  24.9  24.7  24.2  23.7  23.2  23.1  23.4  23.2  23.0  22.9  23.2  23.1  23.2  22.8  23.2  23.1  23.0  22.9  23.1  23.0  23.1  23.0  23.1  23.1  23.2  23.0  23.8  23.6 
 24.7  24.8  25.3  25.8  25.6  25.9  25.2  24.7  23.6  23.3  23.1  23.4  23.1  22.9  23.0  23.3  23.1  23.1  23.2  23.3  22.9  22.9  23.1 nan  22.9  23.0  22.9  23.4  23.1  23.3  23.6  24.1 
 25.9  25.5  26.8  27.0  29.0  29.8  38.3  41.9  40.1  33.8  24.1  23.4  23.3  22.8  23.3  23.2  23.1  22.9  23.4  23.2  23.0  22.7  23.1  23.2  23.2  23.0  23.4  23.6  23.3  23.4  24.0  23.9 
 25.6  25.8  26.9  27.8  30.1  32.8  47.6  54.4  58.9  51.8  25.0  23.9  23.2  23.2  23.2  23.3  23.0  23.0  23.1  23.2  23.0  22.9  23.2  23.4  22.9  23.1  24.5  24.8  23.6  23.6  23.6  24.1 
 26.4  26.1  27.9  28.8  32.7  36.9  57.7  66.7  77.6  73.4  31.0  25.0  23.4  23.1  23.3  23.3  23.0  22.9  23.2  23.1  22.9  22.8  23.3  23.0  23.1  23.2  26.2  25.9  23.6  23.3  24.0  23.7 
 26.1  26.2  27.9  28.7  33.0  37.1  57.2  68.9  87.1  82.2  30.6  25.0  23.4  23.1  23.1  23.3  22.9  23.0  23.1  23.4  22.9  23.0  23.1  23.3  23.1  23.0  24.5  24.9  23.4  23.6  23.8  23.8 
 26.2  26.1  27.8  28.1  30.4  31.8  45.8  55.7  67.9  57.3  25.8  24.0  23.4  23.1  23.4  23.2  23.1  22.9  23.2  23.3  23.3  23.0  23.1  23.2  23.1  22.7  23.5  23.6  23.8  23.4  24.2  24.1 
 26.2  26.6  27.3  28.0  28.8  29.8  37.9  43.0  46.4  39.3  24.3  23.9  23.3  23.4  23.2  23.3  23.0  23.3  23.2  23.2  23.1  23.1  22.9  23.3  23.2  23.1  23.3  23.7  23.5  23.3  23.9  24.2 
 26.7  26.2  27.2  27.1  27.4  27.7  29.1  29.5  28.5  26.6  24.2  23.5  23.5  23.4  23.4  23.4  23.3  23.1  23.2  23.5  23.5  23.0  23.5  23.4  23.3  23.1  23.7  23.3  23.6  23.4  24.1  23.8 
 26.1  26.2  26.5  26.9  26.9  26.9  27.8  27.9  26.7  25.7  23.9  23.8  23.5  23.4  23.4  23.6  23.2  23.2  23.1  23.5  23.0  23.1  23.4  23.6  23.2  23.2  23.4  23.7  23.3  23.7  24.1  24.7 
 26.2  25.7  26.8  26.4  26.3  26.0  26.4  26.3  25.4  24.6  24.2  24.2  23.6  23.4  23.9  23.6  23.5  23.3  23.6  23.5  23.3  22.9  23.9  23.4  23.6  23.1  23.8  23.9  23.7  23.4  24.7  25.3 
 26.1  26.0  26.1  26.4  26.2  25.9  26.0  26.2  25.0  24.5  24.0  24.2  23.5  23.6  23.5  23.7  23.2  23.3  23.3  23.7  23.1  23.3  23.3  23.9  23.2  23.5  23.6  24.2  23.5  24.0  25.2  26.3 
 27.8  26.4  26.3  26.3  25.7  25.0  25.6  25.2  24.8  24.2  24.3  24.1  23.8  23.6  23.8  23.7  23.4  23.2  23.7  23.6  23.5  23.4  23.8  23.9  23.6  23.4  24.5  24.3  24.6  24.5  26.5  26.8 
 26.9  27.4  26.1  26.4  25.5  25.3  25.2  25.3  24.3  24.4  24.1  24.4  23.8  23.8  23.6  23.8  23.6  23.6  23.6  23.9  23.5  23.7  23.7  24.0  23.6  23.7  24.6  25.3  25.0  25.3  26.8  27.7 
