 24.5  23.8  24.0  24.0  23.7  23.5  24.0  23.5  23.5  23.4  23.6  23.6  23.3  23.2  23.2  23.2  23.1  23.1  23.1  23.2  23.1  23.2  23.3  23.5  23.1  23.1  23.4  23.6  23.7  23.5  24.9  25.5 
 23.8  23.7  24.1  24.1  23.6  23.6  23.7  23.5  23.3  23.2  23.7  23.7  23.3  23.3  23.5  23.3  23.2  22.9  23.4  23.3  23.3  22.9  23.1  23.5  23.0  23.4  23.6  23.4  23.8  23.6  24.2  25.1 
 23.9  24.0  23.9  23.6  23.4  23.2  23.5  23.5  23.3  23.3  23.7  23.6  23.1  23.1  23.3  23.4  23.0  23.0  23.1  23.1  23.1  22.9  23.4  23.2  23.2  23.1  23.3  23.7  23.8  23.7  24.0  24.4 
 23.7  23.5  23.9  24.0  23.5  23.0  23.6  23.7  23.5  23.4  23.8  23.4  23.3  23.0  23.2  23.1  23.2  22.9  23.3  23.1  23.2  23.1  23.4  23.2  23.2  23.1  23.6  23.4  23.9  24.5  24.3  24.4 
 23.5  23.7  23.6  23.7  23.1  23.1  23.2  23.4  23.6  24.0  24.5  24.1  23.0  22.8  23.1  23.1  22.9  22.9  23.0  22.9  22.9  22.9  23.3  23.0  23.3  23.0  23.3  23.5  23.9  24.2  23.9  23.9 
 23.5  23.5  23.7  23.5  23.0  23.1  23.6  23.5  24.0  24.8  26.5  24.8  23.3  23.0  23.3  23.1  23.1  23.0  23.2  23.3  23.0  23.0  23.4  23.2  23.4  22.9  23.3  23.5  23.4  23.5  23.8  23.8 
 23.5  23.5  23.5  23.5  23.2  23.0  23.3  23.5  24.4  25.6  28.5  25.5  23.2  23.0  23.1  23.2  23.0  22.8  23.0  23.1  23.1  22.8  23.2  23.3  23.1  23.0  23.4  23.3  23.2  23.1  23.5  23.7 
 23.6  23.1  23.6  23.4  23.1  23.0  23.2  23.4  23.5  23.9  24.9  24.0  23.0  22.8  23.0  23.2  23.0  23.0  22.9  23.0  23.0  22.9  23.4  23.0  23.2  23.2  23.3  23.3  23.4  23.3  23.4  22.8 
 23.8  23.7  23.7  23.8  23.2  23.2  23.3  23.3  23.0  23.1  23.3  23.3  22.9  23.1  22.9  23.1  23.0  23.0  23.2  23.2  23.1  23.0  23.1  23.0  23.1  23.0  23.2  23.4  23.1  23.1  23.4  23.5 
 23.9  23.7  23.7  23.9  23.4  23.1  23.4  23.4  23.2  22.9  23.2  23.3  23.0  22.9  23.0  23.0  23.0  22.8  23.1  23.1  23.1  22.9  23.2  23.0  23.0  23.1  23.3  23.4  23.2  23.3  23.5  23.6 
 24.4  24.6  25.0  25.1  24.8  24.7  23.8  23.7  23.3  23.0  23.2  23.2  23.0  22.9  23.2  23.1  22.9  23.0  23.0  23.1  23.0  22.9  23.2  23.0  22.9  22.8  23.1  23.2  23.4  23.2  23.4  23.7 
 24.7  24.7  25.5  25.9  25.9  25.8  25.3  24.6  23.4  23.3  23.3  23.3  23.1  23.0  23.0  23.1  23.1  22.9  23.1  23.2  22.8  23.1  23.0 nan  23.1  23.0  23.1  23.4  23.0  23.0  23.6  23.8 
 25.6  25.5  26.4  26.9  28.7  29.7  38.1  42.1  39.8  33.9  23.7  23.5  23.3  23.0  23.2  23.3  23.2  23.0  23.2  23.1  23.0  22.8  23.0  23.2  23.1  23.0  23.5  23.6  23.5  23.4  23.7  24.1 
 25.6  25.8  26.7  27.7  30.2  32.6  47.8  54.4  58.8  51.7  25.1  23.9  23.1  23.1  23.1  23.1  23.0  22.9  23.0  23.1  23.0  22.8  23.2  23.1  23.1  23.1  24.5  24.8  23.6  23.6  23.8  23.7 
 26.2  26.4  27.9  28.6  32.8  36.7  57.8  66.5  77.7  73.4  30.8  25.1  23.3  23.2  23.2  23.1  23.1  22.9  23.1  23.2  23.0  22.8  23.0  23.1  23.0  23.1  25.9  25.9  23.7  23.5  23.8  23.9 
 26.2  26.4  27.9  28.8  32.8  36.9  57.3  68.8  87.3  82.2  30.5  25.0  23.3  23.2  23.4  23.1  23.0  23.0  23.2  23.1  22.9  23.0  23.0  23.1  23.1  23.1  24.6  24.9  23.6  23.5  24.1  23.9 
 26.2  26.6  27.7  28.1  30.3  31.8  45.8  55.8  67.9  57.3  25.8  24.1  23.5  23.2  23.2  23.1  23.2  22.9  23.3  23.1  23.1  22.9  23.1  23.1  23.3  22.9  23.3  23.6  23.7  23.3  23.9  23.8 
 26.1  26.3  27.6  27.5  28.7  30.0  37.8  42.9  46.4  39.2  24.4  23.9  23.4  23.3  23.4  23.3  23.0  22.9  23.4  23.3  23.0  23.0  23.2  23.3  23.0  22.9  23.2  23.5  23.7  23.6  23.7  24.2 
 26.4  26.3  27.2  27.2  27.5  27.6  29.0  29.7  28.5  26.4  23.9  23.6  23.5  23.3  23.5  23.5  23.2  23.1  23.2  23.3  23.1  23.0  23.4  23.3  23.1  23.3  23.5  23.3  23.8  23.5  23.7  24.2 
 26.1  26.2  26.7  26.9  27.1  26.9  27.7  27.9  26.8  25.7  24.1  23.9  23.4  23.2  23.3  23.4  23.2  23.3  23.4  23.1  23.1  23.1  23.4  23.3  23.3  23.2  23.6  23.4  23.4  23.7  24.5  24.3 
 26.2  25.9  26.2  26.4  26.5  26.0  26.3  26.4  25.3  24.6  24.1  24.0  23.7  23.4  23.5  23.5  23.3  23.2  23.4  23.5  23.4  23.3  23.6  23.6  23.5  23.3  23.8  23.8  23.6  23.4  24.7  25.3 
 26.3  25.9  26.3  26.4  26.1  25.9  25.8  25.9  24.8  24.6  24.0  24.0  23.5  23.3  23.4  23.6  23.4  23.3  23.4  23.5  23.4  23.3  23.6  23.5  23.6  23.4  23.7  24.1  24.0  23.6  24.7  25.6 
 27.0  26.4  26.3  26.0  25.4  25.2  25.3  25.2  24.8  24.1  24.3  24.1  24.1  23.5  23.7  23.9  23.6  23.5  23.7  23.5  23.5  23.5  23.6  23.9  23.4  23.1  24.2  24.3  24.4  24.1  26.5  26.8 
 27.8  27.2  26.3  26.2  25.3  25.3  25.3  25.2  24.4  24.3  24.2  24.2  23.8  23.7  23.7  23.7  23.5  23.5  23.7  23.7  23.6  23.7  23.9  23.9  23.5  23.7  24.6  25.1  25.0  25.3  27.2  27.7 
