 24.5  23.9  24.0  24.3  23.8  23.8  23.8  23.9  23.4  23.6  23.4  23.9  23.2  23.2  23.2  23.4  23.2  23.3  23.3  23.5  23.2  23.3  23.3  23.5  23.3  23.4  23.6  23.8  23.8  23.8  24.7  26.1 
 24.6  23.9  24.3  24.0  23.9  23.5  24.1  23.5  23.9  23.3  23.8  23.6  23.5  23.1  23.4  23.4  23.4  23.0  23.6  23.5  23.4  23.1  23.5  23.3  23.3  23.2  23.7  23.5  23.8  23.9  24.7  24.5 
 23.8  24.1  24.0  23.9  23.3  23.3  23.4  23.7  23.4  23.5  23.4  23.6  23.2  23.2  23.4  23.4  23.2  23.4  23.2  23.4  23.3  23.1  23.2  23.5  23.6  23.3  23.5  23.6  23.5  23.9  24.0  24.2 
 23.9  23.8  24.1  24.0  23.6  22.9  23.7  23.5  23.7  23.4  24.1  23.4  23.3  23.1  23.4  23.1  23.3  22.9  23.3  23.1  23.4  23.0  23.5  23.2  23.4  23.1  24.0  23.4  23.8  24.3  24.5  24.4 
 23.8  23.8  23.7  23.7  23.4  23.3  23.4  23.7  23.7  24.4  24.6  24.1  23.2  23.1  23.0  23.4  22.9  23.1  22.9  23.2  23.1  23.1  23.2  23.3  23.1  23.4  23.5  23.6  24.0  24.4  23.9  24.2 
 24.0  23.6  23.8  23.3  23.3  23.1  23.7  23.5  24.2  25.0  26.6  24.8  23.2  23.0  23.3  23.2  23.1  22.9  23.2  23.1  23.2  22.7  23.4  23.4  23.4  23.0  23.8  23.2  23.7  23.3  24.1  24.0 
 23.5  23.8  23.6  23.6  23.3  23.4  23.5  23.6  24.6  25.9  28.5  25.7  23.2  23.2  22.9  23.2  23.0  23.1  23.0  23.1  23.0  23.0  23.1  23.4  23.1  23.3  23.2  23.5  23.4  23.4  23.3  24.0 
 24.0  23.7  23.8  23.5  23.2  23.1  23.4  23.4  23.8  24.0  25.2  23.8  23.1  23.0  23.2  23.1  23.3  22.9  23.2  22.9  23.1  22.9  23.2  23.1  23.2  23.0  23.4  23.3  23.5  23.1  23.7  22.8 
 24.2  23.8  23.7  23.8  23.2  23.4  23.4  23.5  23.0  23.3  23.1  23.2  23.2  23.1  23.1  23.3  23.1  23.1  23.0  23.2  23.0  23.0  23.3  23.2  22.9  23.1  23.2  23.4  23.3  23.3  23.3  23.8 
 24.1  23.8  24.1  23.9  23.6  23.3  23.6  23.4  23.3  23.0  23.2  23.2  23.1  22.9  23.1  23.0  23.0  23.0  23.2  23.1  23.1  23.1  23.3  23.2  23.3  22.7  23.4  23.5  23.3  22.8  23.7  23.6 
 24.6  25.0  25.1  25.2  24.8  24.8  23.8  23.8  23.3  23.3  23.2  23.3  23.1  23.1  23.1  23.2  23.1  22.9  23.1  23.2  22.9  23.1  23.0  23.2  23.0  23.2  23.2  23.4  23.1  23.2  23.5  23.8 
 25.0  24.7  25.6  25.7  26.0  25.8  25.5  24.7  23.7  23.4  23.3  23.2  23.1  23.1  23.2  23.2  23.2  23.0  23.0  23.1  23.1  22.9  23.2 nan  23.0  22.7  23.1  23.2  23.5  23.0  23.6  23.7 
 25.7  25.7  26.8  27.1  28.9  29.9  38.1  42.1  39.9  34.1  23.9  23.5  23.1  23.2  23.1  23.4  23.1  23.2  23.2  23.2  23.1  23.0  23.0  23.2  23.1  23.2  23.4  23.7  23.4  23.4  23.9  24.1 
 25.9  25.8  27.2  27.7  30.4  32.7  47.9  54.4  58.9  51.7  25.3  23.8  23.4  23.1  23.3  23.1  23.2  23.1  23.2  23.2  23.1  22.9  23.2  23.2  23.2  23.1  24.4  24.6  23.9  23.6  24.0  23.6 
 26.0  26.5  27.7  28.9  32.8  37.0  57.7  66.7  77.6  73.5  30.9  25.2  23.2  23.2  23.2  23.2  23.2  23.2  23.2  23.3  23.0  23.0  23.2  23.2  23.1  23.2  26.0  26.0  23.6  23.7  23.6  24.0 
 26.4  26.4  28.2  29.0  33.3  37.0  57.4  68.8  87.3  82.2  30.8  25.0  23.5  23.1  23.3  23.2  23.2  22.9  23.3  23.2  23.2  23.0  23.1  23.1  23.1  22.8  24.7  24.9  23.7  23.6  23.9  23.8 
 26.2  26.4  27.8  28.2  30.5  32.3  45.7  55.7  67.8  57.5  25.7  24.2  23.4  23.2  23.2  23.3  23.2  23.2  23.1  23.2  23.1  23.2  23.3  23.3  23.1  23.3  23.4  23.8  23.7  23.6  24.0  24.3 
 26.2  26.3  27.7  27.5  29.3  29.7  38.1  42.9  46.6  39.3  24.5  24.0  23.4  23.4  23.4  23.2  23.3  23.0  23.3  23.3  23.2  23.1  23.2  23.3  23.3  22.9  23.4  23.4  23.8  23.5  24.1  24.0 
 26.2  26.5  26.9  27.2  27.4  27.8  29.1  29.8  28.5  26.7  24.0  23.9  23.4  23.5  23.5  23.5  23.3  23.2  23.2  23.5  23.1  23.1  23.3  23.7  23.2  23.3  23.3  23.7  23.9  23.8  24.1  24.4 
 26.1  26.3  26.7  26.9  26.9  26.9  28.1  27.9  26.7  25.6  24.1  24.0  23.6  23.2  23.6  23.4  23.3  23.1  23.5  23.3  23.1  23.0  23.5  23.4  23.5  23.1  23.7  23.5  23.9  23.7  24.1  24.5 
 26.2  26.2  26.8  26.8  26.3  26.4  26.4  26.5  25.3  24.7  23.9  24.0  23.6  23.5  23.5  23.7  23.3  23.6  23.6  23.4  23.2  23.2  23.4  23.7  23.6  23.5  23.7  24.2  23.9  24.0  24.5  25.3 
 26.3  26.0  26.6  26.4  26.2  25.9  26.3  26.2  25.0  24.6  24.2  24.0  23.8  23.4  23.7  23.6  23.5  23.3  23.8  23.4  23.4  23.1  23.8  23.4  23.6  23.2  24.0  23.8  23.8  23.6  25.7  25.6 
 27.8  26.6  26.3  26.1  25.6  25.5  25.6  25.5  24.6  24.6  24.2  24.4  23.7  23.6  23.8  23.8  23.6  23.6  23.7  23.7  23.5  23.7  23.6  23.9  23.7  23.5  24.4  24.8  24.4  24.7  25.8  27.3 
 27.4  26.6  26.4  26.2  25.8  25.5  25.3  25.2  24.7  24.3  24.6  24.3  23.8  23.8  23.9  23.8  23.8  23.7  23.9  23.7  23.7  23.4  24.0  23.6  23.8  23.9  25.0  25.5  25.4  24.6  26.8  27.7 
