 24.1  24.3  23.8  24.3  23.8  23.8  24.1  23.9  23.3  23.4  23.5  23.7  23.1  23.1  23.5  23.5  23.0  23.1  23.3  23.6  23.0  23.2  23.3  23.3  23.1  23.2  23.4  23.6  23.7  23.6  24.7  26.1 
 24.0  23.9  24.1  24.1  23.8  23.5  24.0  23.8  23.4  23.3  23.7  23.6  23.2  23.1  23.6  23.3  23.0  23.0  23.6  23.1  23.0  23.0  23.6  23.3  23.1  23.1  23.9  23.4  23.6  23.7  24.7  24.8 
 23.5  23.8  24.2  24.1  23.6  23.3  23.4  23.8  23.4  23.3  23.6  23.8  23.1  23.1  23.2  23.5  23.1  23.1  23.1  23.3  23.0  23.1  23.1  23.6  23.2  23.2  23.6  23.8  23.6  23.7  24.2  24.8 
 23.9  23.5  24.2  24.0  23.2  23.3  23.7  23.7  23.4  23.5  24.0  23.5  23.1  23.0  23.4  23.3  23.2  22.9  23.5  23.2  23.0  23.1  23.3  23.3  23.1  23.1  23.9  23.7  23.5  24.1  24.1  24.6 
 23.7  23.5  23.6  23.8  23.4  23.1  23.6  23.6  23.7  24.0  24.6  24.0  23.2  23.0  23.1  23.2  22.9  22.9  23.0  23.2  22.9  23.0  23.2  23.3  23.3  22.9  23.5  23.5  23.8  24.2  24.1  24.2 
 23.3  23.0  23.8  23.3  23.0  23.1  23.8  23.6  24.3  24.8  26.7  24.8  23.2  22.8  23.2  23.2  23.1  22.8  23.3  23.1  23.0  22.8  23.5  23.1  23.2  23.0  23.5  23.5  23.3  23.6  24.0  23.8 
 23.5  23.6  23.6  23.6  23.2  23.0  23.4  23.7  24.2  25.6  28.3  25.7  23.1  23.0  23.1  23.1  22.7  22.9  23.0  23.1  23.0  22.9  23.3  23.3  22.9  23.0  23.3  23.5  23.2  23.2  23.6  23.8 
 23.7  23.4  23.8  23.6  23.1  22.9  23.7  23.5  23.7  23.8  24.9  23.9  23.1  22.9  23.2  23.1  22.9  23.0  23.2  23.0  22.9  22.9  23.3  23.3  23.1  23.1  23.6  23.6  23.2  23.1  23.5  22.8 
 23.6  23.4  23.6  23.6  23.1  23.1  23.4  23.4  23.0  23.1  23.4  23.3  22.9  23.0  23.1  23.1  22.9  22.8  23.0  23.1  23.0  22.9  23.2  23.2  22.8  23.1  23.3  23.4  23.2  22.8  23.5  23.6 
 23.8  23.4  24.0  24.0  23.6  23.4  23.4  23.5  23.1  22.9  23.2  23.2  23.0  23.0  23.1  23.1  22.9  22.9  23.2  23.1  22.9  23.1  23.2  23.2  23.1  22.8  23.4  23.4  23.2  22.8  23.8  23.6 
 24.6  24.6  25.1  25.2  24.7  24.6  23.9  24.0  23.1  23.1  23.2  23.2  23.0  22.9  23.1  23.4  23.0  23.0  23.2  23.2  22.8  22.8  23.0  23.3  22.8  22.9  23.2  23.3  23.2  23.1  23.4  23.6 
 25.0  24.5  25.6  25.7  25.7  25.9  25.5  24.5  23.4  23.4  23.4  23.3  23.2  23.0  23.3  23.3  23.1  22.9  23.3  23.1  22.9  23.0  23.2 nan  23.0  22.9  23.6  23.4  23.3  23.0  23.8  24.1 
 25.6  25.8  26.6  27.3  28.6  30.0  38.1  42.1  39.9  33.8  23.7  23.6  23.2  23.0  23.2  23.3  22.9  23.0  23.3  23.2  22.7  22.8  23.1  23.4  23.0  22.8  23.6  23.8  23.2  23.3  23.9  24.1 
 25.9  25.8  27.1  27.7  30.1  32.5  47.7  54.4  58.6  51.7  25.1  23.8  23.2  23.1  23.2  23.1  23.0  23.0  23.2  23.1  22.9  22.9  23.3  23.1  22.9  23.2  24.6  24.6  23.6  23.3  23.7  23.7 
 25.9  26.4  28.0  28.9  32.8  36.8  57.6  66.5  77.5  73.4  30.9  25.1  23.1  23.2  23.2  23.3  23.2  23.0  23.2  23.4  22.9  22.9  23.1  23.3  23.1  23.1  26.1  26.0  23.6  23.3  23.8  24.2 
 26.3  26.4  28.2  28.6  32.9  36.9  57.3  68.7  87.1  82.1  30.7  25.2  23.4  23.3  23.3  23.2  23.0  23.0  23.3  23.2  23.0  22.9  23.2  23.2  23.0  22.9  24.7  25.0  23.4  23.6  24.3  23.8 
 26.1  26.1  27.7  28.4  30.2  31.9  45.7  55.7  67.8  57.4  25.7  24.2  23.3  23.2  23.3  23.2  23.0  23.1  23.2  23.3  23.0  22.8  23.3  23.2  22.9  22.9  23.5  23.8  23.4  23.6  24.0  24.1 
 26.1  26.1  27.4  27.8  28.8  29.7  38.0  43.1  46.4  39.3  24.5  23.8  23.3  23.2  23.4  23.3  23.3  23.0  23.4  23.3  22.8  22.8  23.2  23.4  23.0  22.9  23.5  23.3  23.6  23.6  24.2  23.8 
 26.2  26.3  27.0  27.0  27.3  27.7  29.2  29.8  28.4  26.7  24.1  23.7  23.5  23.3  23.5  23.6  23.2  23.1  23.4  23.5  23.2  22.9  23.3  23.4  23.2  23.0  23.5  23.7  23.5  23.5  23.7  24.6 
 25.6  26.2  27.1  26.9  26.8  26.7  28.1  27.9  26.7  25.4  24.0  23.7  23.6  23.3  23.7  23.5  23.3  23.2  23.6  23.5  23.1  22.9  23.7  23.6  23.2  23.2  23.7  23.8  23.4  23.6  24.5  24.5 
 26.3  25.7  26.5  26.7  26.1  26.1  26.0  26.4  25.3  24.6  24.2  24.1  23.5  23.4  23.5  23.7  23.4  23.3  23.2  23.4  23.2  23.1  23.6  23.6  23.4  23.5  23.7  24.2  23.7  23.7  24.3  25.8 
 26.3  25.9  26.6  26.5  25.8  25.9  26.1  26.0  24.7  24.5  24.2  24.1  23.5  23.3  23.8  23.7  23.2  23.3  23.5  23.5  23.3  23.3  23.8  23.8  23.3  23.4  24.0  24.1  23.5  23.8  25.2  25.3 
 27.0  26.2  26.1  26.1  25.7  25.2  25.5  25.5  24.4  24.2  24.2  24.2  23.8  23.4  23.6  23.9  23.6  23.4  23.8  23.6  23.5  23.4  23.8  23.8  23.6  23.6  24.3  24.8  24.6  24.5  25.8  27.3 
 27.1  26.4  26.2  26.4  25.6  25.0  25.7  25.0  24.4  24.0  24.2  24.3  23.5  23.7  24.2  23.5  23.6  23.5  23.8  23.8  23.5  23.4  24.0  24.0  23.5  23.6  25.0  25.3  24.8  24.8  28.1  27.7 
