 24.3  23.9  24.0  24.0  23.8  23.9  23.8  23.7  23.7  23.5  23.6  23.6  23.4  23.2  23.4  23.5  23.2  23.2  23.2  23.3  23.3  23.2  23.2  23.5  23.1  23.2  23.6  23.6  23.6  23.6  24.9  26.1 
 24.2  23.5  24.3  24.3  23.8  23.4  23.7  23.6  23.7  23.3  23.8  23.3  23.3  23.0  23.2  23.3  23.2  22.7  23.5  23.3  23.2  22.9  23.4  23.5  23.1  23.4  23.7  23.7  23.4  23.4  24.4  24.8 
 23.8  23.8  24.0  23.7  23.4  23.3  23.4  23.7  23.3  23.4  23.4  23.5  23.1  23.1  23.3  23.4  23.1  22.8  23.0  23.2  22.9  23.0  23.2  23.4  23.1  23.3  23.6  23.7  23.5  23.6  24.0  24.2 
 23.9  23.3  23.9  23.8  23.4  23.0  23.6  23.4  23.5  23.1  23.7  23.5  23.0  23.1  23.3  23.3  23.3  22.9  23.1  23.1  23.1  22.9  23.2  23.3  23.2  22.9  23.6  23.4  23.7  24.3  24.1  24.4 
 23.5  23.5  23.7  23.7  23.2  23.3  23.4  23.4  23.7  23.8  24.7  24.0  23.0  23.0  23.1  23.0  23.2  23.1  23.0  23.0  22.9  23.0  23.0  23.2  23.1  23.2  23.4  23.5  23.8  24.1  24.1  24.1 
 23.7  23.3  23.8  23.3  23.2  22.9  23.6  23.6  24.0  24.8  26.5  24.8  23.1  23.0  23.2  23.2  23.1  22.8  23.2  23.0  23.0  22.7  23.1  23.2  23.1  22.8  23.3  23.2  23.6  23.5  23.8  23.4 
 23.5  23.5  23.7  23.5  22.9  23.1  23.5  23.6  24.3  25.7  28.5  25.8  23.1  22.9  23.0  23.1  23.0  23.0  23.1  23.0  22.9  22.8  23.1  23.3  23.1  23.1  23.5  23.3  23.4  23.1  23.5  23.3 
 23.9  23.3  23.5  23.5  23.1  22.9  23.4  23.3  23.5  23.9  25.0  23.8  23.1  22.9  23.1  23.1  22.9  22.9  22.9  22.9  23.0  22.9  23.3  23.3  23.2  22.9  23.3  23.0  23.3  23.0  23.2  22.5 
 23.7  23.5  23.6  23.8  23.0  23.1  23.3  23.4  23.0  23.2  23.1  23.2  23.0  23.0  23.0  23.1  22.9  23.0  23.2  23.1  23.0  23.2  23.2  23.2  23.0  23.1  23.2  23.4  23.0  23.1  23.3  23.5 
 23.8  23.5  24.1  23.7  23.6  23.1  23.3  23.4  23.2  23.0  23.2  23.4  23.1  23.0  23.1  23.1  22.9  22.8  23.1  23.0  23.1  23.0  23.2  23.2  23.0  23.2  23.4  23.3  23.3  23.0  23.7  23.4 
 24.6  24.9  24.7  25.1  24.8  24.6  24.1  23.9  23.2  23.2  23.3  23.3  22.9  22.9  23.1  23.2  22.9  23.0  23.0  23.1  22.9  22.9  23.0  23.2  22.8  23.0  23.1  23.3  23.1  23.0  23.2  23.6 
 24.7  24.8  25.6  25.8  25.7  25.8  25.2  24.6  23.6  23.2  23.3  23.2  23.1  22.9  23.0  23.1  23.1  23.0  23.1  23.1  23.0  22.8  23.2 nan  22.9  22.6  23.1  23.5  23.3  22.7  23.5  23.9 
 25.5  25.6  26.7  27.2  28.7  29.7  38.0  42.0  39.9  33.9  23.8  23.4  23.1  23.1  23.2  23.2  23.2  23.0  23.2  23.1  23.0  22.9  23.0  23.3  23.1  23.1  23.5  23.5  23.4  23.6  23.7  23.6 
 25.9  25.8  27.1  27.8  30.2  32.7  47.7  54.3  58.6  51.6  25.1  23.8  23.3  23.0  23.2  23.4  23.1  22.9  23.2  23.2  23.1  22.8  23.0  23.2  23.1  23.0  24.5  24.7  23.8  23.3  23.6  23.6 
 26.0  26.5  27.6  29.0  32.8  36.7  57.6  66.5  77.3  73.4  30.8  25.1  23.2  23.2  23.2  23.1  23.2  23.0  23.4  23.2  22.8  22.9  23.2  23.3  23.1  23.2  25.9  25.9  23.6  23.5  23.8  23.8 
 26.3  26.2  27.8  28.6  33.1  36.7  57.1  68.6  87.1  82.0  30.6  25.0  23.4  23.2  23.2  23.2  23.1  23.0  23.2  23.2  22.8  22.8  23.0  23.1  23.0  23.0  24.6  24.8  23.8  23.3  23.6  23.7 
 25.9  26.6  27.7  28.3  30.1  32.0  45.7  55.7  67.8  57.4  25.7  24.1  23.3  23.3  23.1  23.2  23.2  23.1  23.1  23.3  22.9  22.9  23.0  23.3  23.0  23.0  23.3  23.7  23.3  23.6  23.9  23.8 
 26.4  26.4  27.3  27.6  28.9  29.9  37.9  43.1  46.4  39.1  24.5  23.8  23.4  23.1  23.6  23.3  23.1  23.0  23.3  23.0  23.2  22.9  23.2  23.3  23.2  22.8  23.5  23.4  23.5  23.5  24.2  24.0 
 26.1  26.3  26.7  27.2  27.2  27.9  29.1  29.7  28.5  26.5  24.1  24.0  23.3  23.3  23.5  23.4  23.2  23.2  23.2  23.2  23.1  23.0  23.2  23.6  23.2  23.1  23.3  23.3  23.6  23.4  24.1  24.4 
 25.9  26.2  26.7  26.6  27.1  26.8  27.9  27.8  26.8  25.5  24.0  23.9  23.6  23.4  23.4  23.1  23.4  23.1  23.3  23.2  23.0  23.0  23.3  23.4  23.3  23.1  23.7  23.5  23.4  23.4  24.1  24.3 
 26.0  25.9  26.4  26.7  26.2  26.4  26.4  26.5  25.3  24.7  24.0  24.2  23.4  23.5  23.5  23.6  23.1  23.3  23.4  23.3  23.0  23.1  23.5  23.6  23.2  23.5  23.7  23.9  23.4  23.7  24.5  25.0 
 26.1  25.8  26.4  26.2  26.2  25.7  26.0  26.1  24.9  24.4  24.2  24.1  23.6  23.3  23.5  23.7  23.4  23.1  23.6  23.6  23.3  23.1  23.7  23.6  23.6  23.3  23.8  23.8  24.0  23.4  25.2  25.6 
 26.7  26.8  26.0  26.3  25.6  25.3  25.5  25.2  24.4  24.4  24.1  24.1  23.7  23.4  23.6  23.9  23.3  23.4  23.5  23.7  23.8  23.6  23.7  23.8  23.7  23.4  24.2  24.6  24.4  24.5  26.1  26.4 
 27.7  26.3  25.9  26.2  25.5  25.1  25.2  25.0  24.4  24.2  24.1  24.2  23.6  23.5  23.9  23.8  23.6  23.4  23.6  23.9  23.5  23.5  23.7  23.9  23.8  23.3  24.8  25.3  25.2  24.8  26.8  27.2 
