 23.7  22.2  23.1  22.9  23.0  22.1  23.0  22.4  22.6  22.0  22.7  22.5  22.4  22.0  22.5  22.3  22.3  22.1  22.8  22.4  22.3  21.8  22.6  22.6  22.4  22.3  23.2  23.4  23.7  22.6  24.1  24.9 
 22.9  23.3  23.0  23.0  22.4  22.8  22.5  22.9  21.9  22.5  22.6  22.9  22.1  22.5  22.4  22.4  22.1  22.3  22.7  22.7  22.0  22.4  22.5  22.6  22.3  22.6  23.1  24.3  23.0  23.2  24.0  24.4 
 23.3  22.5  23.5  23.0  22.6  21.9  22.9  22.5  22.6  22.1  22.6  22.6  22.4  22.1  22.6  22.5  22.2  22.0  22.5  22.3  22.3  21.8  22.6  22.8  22.7  22.1  23.1  23.3  23.1  22.2  23.2  22.9 
 22.8  22.9  22.8  23.1  22.3  22.5  22.7  22.9  22.3  22.5  22.8  22.7  22.0  22.4  22.3  22.4  22.1  22.1  22.5  22.5  22.2  22.1  22.5  22.8  22.2  22.6  23.0  23.2  22.4  22.8  23.1  23.6 
 23.2  22.5  23.2  22.6  22.8  22.1  22.9  22.7  23.2  22.7  22.9  22.7  22.4  22.1  22.4  22.4  22.4  21.9  22.5  22.5  22.5  22.0  22.5  22.4  22.5  22.2  23.0  22.6  22.7  22.4  23.4  23.5 
 22.5  23.1  23.1  23.1  22.1  22.3  22.9  23.1  23.2  23.7  23.0  22.9  22.1  22.3  22.4  22.7  21.9  22.3  22.6  22.4  22.0  22.3  22.6  22.7  22.3  22.4  22.5  22.9  22.4  22.9  23.3  23.5 
 23.0  22.4  23.0  22.8  22.7  22.3  23.0  23.2  25.0  25.9  24.1  23.1  22.5  22.1  22.5  22.3  22.1  21.8  22.5  22.3  22.5  22.1  22.6  22.6  22.6  22.0  22.9  22.7  22.7  22.3  23.1  22.8 
 22.5  22.9  22.9  22.9  22.2  22.6  23.0  23.2  25.1  26.9  24.3  23.1  22.1  22.4  22.5  22.5  22.1  22.3  22.3  22.6  21.9  22.4  22.7  22.8  22.2  22.3  22.7  22.8  22.2  22.7  22.9  22.4 
 23.4  22.6  23.4  23.0  22.8  22.5  23.0  22.8  23.2  22.9  23.1  22.6  22.5  22.1  22.5  22.5  22.5  22.1  22.6  22.5  22.5  22.2  22.7  22.5  22.8  22.1  22.7  22.8  22.7  22.5  23.2  23.0 
 23.1  23.3  23.2  23.2  22.5  22.7  22.7  23.0  22.6  22.9  22.6  22.8  21.8  22.4  22.5  22.7  22.2  22.2  22.4  22.4  22.2  22.5  22.6  22.7  22.5  22.5  22.9  23.1  22.4  22.8  23.2  23.4 
 23.8  23.4  24.2  23.7  23.6  23.3  23.3  23.0  22.8  22.5  22.9  22.6  22.3  22.1  22.7  22.5  22.5  22.0  22.8  22.5  22.4  22.2  22.6  22.4  22.6  22.2  23.2  23.4  23.2  22.7  23.2  23.5 
 23.2  24.0  23.9  24.3  24.2  24.3  24.0  23.4  22.6  22.7  22.6  22.9  22.3  22.5  22.5  22.6  22.2  22.4  22.5  22.7  22.2  22.5  22.5 nan  22.3  22.4  23.9  25.1  23.4  23.1  23.1  23.4 
 24.4  23.9  25.3  25.4  27.0  27.2  32.6  34.7  33.0  29.0  23.2  22.8  22.7  22.2  22.6  22.5  22.5  22.1  22.8  22.4  22.5  21.9  22.6  22.6  22.6  22.2  23.9  24.4  23.4  22.7  23.5  23.3 
 24.3  24.7  25.6  26.4  28.0  29.8  41.5  49.0  53.1  47.2  24.5  23.4  22.3  22.6  22.7  22.7  22.3  22.4  22.5  22.7  22.4  22.5  22.4  22.9  22.4  22.5  23.1  23.3  22.8  23.0  23.0  23.4 
 25.0  24.7  26.6  27.2  30.6  33.5  54.9  63.0  74.6  71.0  34.5  25.3  22.8  22.3  22.7  22.5  22.6  22.3  22.7  22.5  22.5  22.2  22.8  22.5  22.7  22.1  22.9  22.6  23.1  22.2  23.5  23.2 
 24.7  25.4  26.6  27.5  30.3  34.1  53.4  62.8  78.3  78.9  36.8  26.0  22.5  22.8  22.7  22.7  22.1  22.7  22.6  22.5  22.3  22.5  22.6  22.9  22.3  22.4  22.8  23.0  22.6  23.0  23.2  23.6 
 25.2  24.7  26.4  26.6  29.6  31.2  44.3  53.2  72.9  69.5  30.0  24.1  22.7  22.2  22.6  22.4  22.4  22.3  22.8  22.4  22.5  22.1  22.8  22.6  22.7  22.1  22.9  23.1  22.8  22.5  23.5  23.4 
 24.6  25.3  26.0  26.7  28.2  29.6  36.6  42.1  53.5  49.1  25.6  23.7  22.5  22.6  22.5  22.7  22.3  22.6  22.5  22.8  22.4  22.4  22.6  23.0  22.4  22.7  23.0  22.6  22.7  22.8  23.4  23.7 
 25.3  24.9  26.2  26.4  26.7  26.5  28.6  29.4  29.6  27.6  23.8  23.0  22.7  22.3  22.8  22.6  22.7  22.4  22.8  22.7  22.6  22.1  23.0  22.9  22.8  22.4  23.2  23.1  23.2  22.6  23.4  23.9 
 24.7  25.3  26.0  26.4  25.9  26.0  27.1  27.3  26.8  26.0  23.3  23.3  22.5  22.8  22.7  23.0  22.4  22.5  22.7  22.8  22.2  22.4  22.7  23.0  22.5  22.6  22.9  23.2  22.4  22.9  23.7  24.0 
 24.9  24.8  25.6  25.3  25.3  25.0  25.8  25.2  25.1  24.1  23.6  23.2  22.9  22.4  22.9  22.8  22.6  22.3  22.7  22.8  22.6  22.1  22.9  22.7  22.9  22.3  23.4  23.2  23.5  23.4  25.2  25.2 
 24.7  25.4  25.6  25.7  25.0  25.1  25.2  25.3  24.2  24.3  23.3  23.5  22.6  22.7  22.7  23.0  22.5  22.6  23.0  23.1  22.3  22.7  22.9  23.0  22.4  22.8  23.3  23.8  24.0  24.7  25.4  26.1 
 25.7  24.4  25.7  25.0  25.3  24.0  24.7  24.6  24.4  23.4  23.4  23.3  23.2  22.7  23.0  22.8  23.0  22.3  23.2  22.7  22.9  22.5  23.3  23.1  23.2  23.0  25.1  25.6  25.5  25.0  26.5  26.6 
 25.7  26.1  25.1  25.2  24.2  24.8  24.4  24.9  23.5  23.9  23.4  23.7  22.6  22.9  23.0  23.2  22.4  22.8  23.0  23.2  22.6  22.9  23.3  23.9  23.8  24.4  26.3  26.7  25.7  26.1  26.6  27.9 
