 24.5  23.9  24.0  24.2  23.8  23.9  23.7  24.3  23.8  23.4  23.5  23.9  23.3  23.2  23.4  23.5  23.0  23.3  23.0  23.5  23.0  23.3  23.4  23.5  23.2  23.7  24.7  25.7  26.8  27.3  28.0  28.7 
 24.4  23.7  24.1  23.6  23.8  23.5  24.0  23.5  23.5  23.2  23.9  23.7  23.3  22.9  23.6  23.4  23.3  23.1  23.3  23.3  23.5  23.1  23.6  23.2  23.5  23.4  24.5  24.8  27.2  27.4  28.5  28.0 
 23.8  23.8  24.2  23.9  23.4  23.3  23.6  23.7  23.6  23.5  23.4  23.8  23.2  23.2  23.3  23.5  23.1  23.2  22.9  23.4  23.1  23.1  23.3  23.7  23.6  23.6  24.5  25.3  26.6  27.6  28.0  28.8 
 24.1  23.5  24.1  23.7  23.4  23.3  23.7  23.5  23.5  23.3  23.9  23.5  23.1  23.0  23.4  23.2  23.2  23.0  23.4  23.2  23.1  22.9  23.5  23.3  23.7  23.8  25.9  25.7  27.8  27.9  29.2  28.6 
 23.7  23.6  23.7  23.8  23.2  23.2  23.4  23.5  23.7  24.0  24.7  24.0  23.2  23.1  23.0  23.1  23.0  23.1  23.2  23.4  22.9  23.3  23.4  23.5  25.1  26.4  28.4  29.2  28.9  29.4  29.1  28.6 
 23.5  23.5  23.8  23.4  23.5  23.0  23.7  23.5  24.1  24.9  26.4  24.7  23.2  22.9  23.2  23.2  23.2  23.0  23.2  23.1  23.2  22.8  23.4  23.3  26.5  27.0  29.4  29.3  29.1  29.3  29.5  28.8 
 23.8  23.6  23.6  23.6  23.0  23.2  23.5  23.5  24.4  25.9  28.4  25.8  23.1  23.1  23.1  23.3  23.0  23.1  23.0  23.2  23.1  23.0  23.3  23.7  26.5  28.6  29.6  29.3  28.6  29.0  28.6  27.8 
 24.1  23.5  23.8  23.4  23.2  23.1  23.4  23.4  23.5  24.1  25.0  23.8  23.2  23.1  23.2  23.0  23.2  23.0  23.2  23.1  23.0  23.0  23.5  23.4  27.0  28.1  29.5  29.1  28.6  28.6  27.5  25.7 
 23.9  23.5  23.6  23.8  23.3  23.3  23.3  23.4  23.2  23.2  23.3  23.4  23.1  23.1  23.1  23.3  23.0  23.0  23.1  23.1  23.0  23.1  23.1  23.5  25.3  26.7  29.0  29.3  28.1  27.6  25.7  25.2 
 23.9  23.4  24.1  23.7  23.8  23.3  23.6  23.2  23.2  23.0  23.4  23.3  23.1  22.9  23.2  23.0  22.9  22.9  23.3  23.1  23.2  23.0  23.4  23.1  24.5  25.5  28.2  28.3  27.2  26.5  25.4  25.0 
 24.7  24.7  25.0  25.1  24.7  24.5  23.9  23.9  23.3  23.3  23.2  23.3  22.9  23.0  23.2  23.2  23.1  23.0  23.2  23.3  23.0  23.1  23.0  23.4  23.2  23.1  23.6  24.1  24.3  23.9  24.3  24.4 
 25.0  24.8  25.6  25.7  25.9  25.9  25.4  24.6  23.5  23.3  23.4  23.3  23.1  23.0  23.3  23.1  22.9  22.9  23.2  23.2  23.0  22.9  23.3 nan  23.0  22.8  23.2  23.6  23.7  23.5  24.2  24.2 
 25.4  25.5  26.6  27.2  28.6  29.9  38.0  42.1  39.7  33.8  23.8  23.5  23.1  23.1  23.2  23.2  23.0  23.1  23.2  23.2  23.0  22.9  23.0  23.4  23.0  23.2  23.5  23.9  23.4  23.7  24.2  24.1 
 26.0  25.9  27.4  27.7  30.2  32.5  47.6  54.2  58.4  51.4  25.1  23.8  23.1  23.0  23.2  23.3  23.1  23.0  23.2  23.2  23.0  22.8  23.2  23.2  23.1  23.1  24.5  24.5  24.0  23.7  23.7  23.9 
 26.2  26.2  28.0  28.9  32.8  36.7  57.3  66.0  77.0  72.9  30.6  25.3  23.4  23.2  23.2  23.3  23.2  23.0  23.2  23.4  22.9  22.8  23.4  23.3  23.2  23.4  26.1  26.0  23.8  23.5  23.8  24.0 
 26.1  26.2  27.8  28.6  33.0  36.9  56.9  68.3  86.7  81.8  30.4  25.0  23.6  23.1  23.4  23.2  23.2  23.0  23.3  23.2  23.0  23.1  23.3  23.0  23.2  23.0  24.6  25.0  23.6  23.3  24.1  23.5 
 26.1  26.3  27.7  28.4  30.1  31.9  45.6  55.7  67.6  57.1  25.7  24.1  23.3  23.3  23.1  23.3  23.0  23.3  23.2  23.3  23.2  23.2  23.2  23.4  23.1  23.3  23.4  23.7  23.4  23.6  23.9  24.3 
 26.5  26.3  27.7  27.6  28.7  29.8  37.9  42.9  46.4  38.9  24.6  23.9  23.3  23.4  23.4  23.2  23.2  23.0  23.3  23.2  23.0  22.9  23.4  23.2  23.3  23.0  23.6  23.4  23.8  23.3  24.1  23.8 
 26.4  26.3  27.0  27.0  27.3  27.7  29.1  29.8  28.4  26.6  23.9  24.0  23.4  23.3  23.3  23.5  23.2  23.3  23.2  23.4  23.3  23.2  23.2  23.8  23.2  23.0  23.3  23.4  23.8  23.5  23.9  24.4 
 26.1  26.0  27.1  26.8  27.2  26.8  28.1  27.7  26.6  25.6  24.1  23.9  23.5  23.3  23.5  23.3  23.5  23.1  23.5  23.3  23.3  23.0  23.7  23.5  23.5  23.0  23.7  23.5  23.7  23.5  24.5  24.1 
 26.0  26.1  26.4  26.7  26.2  26.1  26.3  26.4  25.5  24.8  23.9  24.1  23.6  23.3  23.6  23.7  23.2  23.3  23.1  23.8  23.2  23.2  23.5  23.6  23.3  23.2  23.5  24.1  24.0  23.9  24.5  25.3 
 26.5  25.8  26.6  26.2  26.1  25.7  26.1  26.0  25.0  24.5  24.2  24.0  23.6  23.4  23.8  23.6  23.5  23.1  23.4  23.4  23.3  23.3  23.7  23.4  23.3  23.3  24.0  23.6  23.6  24.0  24.9  25.6 
 27.0  26.4  26.1  26.5  25.4  25.5  25.5  25.5  24.5  24.5  24.0  24.4  24.1  23.6  23.6  23.8  23.4  23.5  23.5  23.7  23.8  23.6  23.8  23.9  23.7  23.6  24.2  25.0  24.6  24.3  25.4  27.7 
 27.4  26.9  26.6  26.0  25.8  25.5  25.6  25.0  24.6  24.2  24.2  24.2  24.0  23.7  23.9  23.8  23.6  23.5  23.8  23.8  23.4  23.4  24.0  23.7  23.8  23.6  24.8  24.9  25.2  24.8  26.3  27.1 
