 24.3  23.7  23.9  23.8  23.1  23.2  23.0  23.1  22.9  22.8  22.9  23.1  22.9  22.7  22.7  22.9  22.6  22.7  22.9  22.7  22.7  23.0  23.3  23.5  24.0  24.6  27.8  29.0  30.0  30.4  30.6  31.4 
 24.2  23.5  24.1  23.7  23.5  23.0  23.0  23.1  23.0  22.6  23.2  22.9  22.7  22.5  22.9  23.0  22.7  22.7  23.0  22.9  23.0  22.6  23.4  23.3  24.3  24.7  27.3  28.6  30.2  30.1  30.5  30.8 
 23.6  23.2  23.6  23.7  23.0  22.8  23.0  23.1  23.0  22.8  22.8  22.8  22.7  22.7  22.9  22.7  22.8  22.8  22.8  22.8  22.8  22.8  23.3  24.5  26.5  28.0  30.6  31.4  31.4  31.4  30.9  30.6 
 23.5  23.1  23.3  23.4  22.9  22.6  23.2  23.3  23.1  22.8  23.3  22.8  22.6  22.4  22.8  22.8  22.8  22.6  23.0  22.9  22.9  22.7  23.9  25.5  29.0  29.4  31.5  31.7  32.2  32.0  31.8  30.6 
 23.3  23.4  23.3  23.1  23.1  22.9  23.0  23.0  23.4  23.4  23.0  22.8  22.9  22.7  22.8  22.7  22.8  22.8  22.7  22.8  22.8  22.9  25.0  27.2  30.9  31.3  31.9  31.9  32.2  32.0  30.5  29.9 
 23.4  23.2  23.4  23.3  22.8  22.6  23.4  23.5  23.8  23.8  23.2  23.2  22.9  22.6  22.8  22.8  22.9  22.7  23.0  22.9  23.0  22.7  25.6  27.5  31.5  31.3  31.6  32.0  32.0  31.2  28.3  28.3 
 23.3  23.4  23.3  23.4  22.9  23.1  23.4  23.5  25.4  27.1  24.3  23.5  22.7  22.7  22.9  22.7  22.7  22.9  22.8  23.0  22.7  22.8  26.3  28.8  31.3  31.3  31.9  31.9  30.0  28.5  26.2  25.9 
 23.6  23.0  23.1  23.4  23.1  22.8  23.4  23.6  26.2  27.7  24.9  23.3  22.8  22.8  22.8  22.8  22.9  22.8  23.0  22.9  22.9  22.8  26.1  28.2  31.2  31.0  32.1  32.1  30.4  28.4  25.5  24.6 
 23.5  23.5  23.4  23.2  22.8  23.1  23.1  23.1  23.5  23.6  23.2  23.0  22.8  22.8  22.8  22.9  22.9  22.8  23.0  23.0  22.7  23.0  24.4  26.1  28.9  29.7  30.7  30.2  27.3  26.2  25.3  24.8 
 23.8  23.1  23.4  23.2  23.1  22.8  23.1  23.0  23.2  23.0  22.9  23.0  22.8  22.6  23.0  22.9  22.9  22.9  22.9  22.9  23.0  22.8  23.7  24.3  26.5  27.0  27.8  27.6  25.5  25.0  25.0  24.9 
 24.2  23.9  23.8  23.8  23.5  23.3  23.3  23.0  22.8  22.9  22.9  22.9  22.7  22.8  22.8  22.8  22.7  23.0  23.1  23.0  22.8  23.0  22.9  23.0  23.1  23.1  24.1  24.3  24.4  24.3  24.2  24.5 
 23.8  23.7  24.1  24.2  24.3  24.0  23.5  23.3  23.0  22.9  22.9  23.0  22.8  22.7  22.8  23.0  22.9  22.7  22.9  22.9  23.1  22.9  23.1 nan  23.2  23.0  24.6  25.4  24.7  23.9  24.1  24.3 
 24.9  24.4  25.0  25.5  26.5  26.7  29.2  29.7  27.8  26.2  23.4  23.1  22.8  22.8  22.9  23.0  22.6  22.8  22.9  22.8  22.7  22.8  23.1  23.2  23.0  23.2  24.6  25.3  24.0  23.7  24.1  24.1 
 24.6  24.7  26.0  26.2  27.9  28.8  36.8  42.6  45.2  39.6  24.2  23.3  22.8  22.7  23.0  23.0  22.7  22.6  22.9  22.9  22.8  22.6  22.9  23.1  23.0  22.9  23.7  24.0  24.0  23.6  24.0  23.8 
 25.0  25.7  26.7  27.3  30.1  33.0  52.0  60.8  71.3  68.0  34.3  25.7  23.0  22.8  23.0  22.7  22.7  22.6  22.8  22.8  22.9  22.6  22.9  22.9  22.9  23.1  23.4  23.4  23.4  23.6  23.7  24.1 
 25.6  25.5  27.1  27.6  30.7  33.5  52.6  61.5  76.6  76.1  39.0  26.5  23.0  22.7  22.9  22.8  22.8  22.7  22.8  22.9  22.9  22.7  23.1  23.0  23.0  22.9  23.5  23.5  23.6  23.2  23.9  24.1 
 25.3  25.6  27.0  27.1  29.9  32.3  46.2  55.5  78.9  78.8  34.3  25.3  23.0  23.0  22.9  22.8  22.8  22.7  23.0  22.9  22.9  22.7  23.0  23.0  23.1  22.9  23.4  23.4  23.4  23.6  24.0  23.9 
 25.7  25.6  26.5  27.2  29.1  30.1  39.2  45.3  61.4  58.6  28.2  24.5  23.0  22.8  23.2  23.0  22.9  22.8  23.1  23.2  23.0  22.8  23.0  23.2  23.2  23.0  23.6  23.3  23.7  23.2  24.0  23.8 
 25.7  25.6  26.7  26.8  27.3  27.8  29.4  31.0  32.4  30.7  24.5  23.7  23.0  23.1  23.1  23.0  23.0  23.0  23.0  23.1  22.9  22.8  23.3  23.5  23.2  23.1  23.3  23.5  23.4  23.4  23.8  24.2 
 25.5  25.6  26.6  26.7  26.9  26.8  28.0  28.3  28.3  27.2  24.1  23.6  23.2  23.0  23.1  23.2  23.0  22.8  23.2  23.1  23.0  22.8  23.5  23.3  23.2  23.1  23.7  23.6  23.3  23.8  24.1  24.3 
 25.8  25.7  26.1  26.1  25.9  26.0  26.1  26.1  25.9  25.2  24.0  23.8  23.3  23.1  23.2  23.2  22.9  23.0  23.3  23.0  23.0  23.0  23.5  23.6  23.2  23.2  23.5  23.8  23.8  24.3  25.0  25.4 
 25.5  25.6  25.9  25.8  25.8  25.6  25.8  25.8  25.2  24.8  24.0  23.7  23.1  23.0  23.3  23.3  23.1  22.9  23.4  23.3  23.2  23.1  23.5  23.5  23.3  23.2  23.6  24.1  24.6  24.3  25.8  25.8 
 26.8  26.2  25.7  25.7  25.5  25.2  25.2  25.2  24.6  24.5  24.0  24.1  23.5  23.4  23.2  23.6  23.2  23.3  23.3  23.3  23.4  23.0  23.4  23.7  23.6  23.6  24.7  25.1  25.3  25.6  25.7  27.3 
 27.0  26.5  26.0  25.8  25.4  25.2  25.3  25.2  24.3  24.0  24.1  23.9  23.6  23.3  23.4  23.4  23.4  23.2  23.4  23.3  23.6  23.1  23.7  23.7  24.1  24.3  25.4  25.9  25.8  25.2  27.6  27.7 
