 24.1  23.7  24.3  24.0  23.5  23.8  23.7  23.6  23.3  23.5  23.5  23.6  23.1  23.2  23.3  23.7  23.0  23.2  23.4  23.3  23.0  23.2  23.5  23.6  23.1  23.2  24.6  26.1  26.8  27.3  28.3  28.7 
 24.2  23.5  24.1  24.0  23.8  23.1  23.8  23.6  23.6  23.2  23.6  23.5  23.2  23.0  23.4  23.4  23.1  22.9  23.5  23.6  23.3  22.9  23.4  23.5  23.5  23.2  24.7  24.8  27.0  27.1  28.2  28.6 
 23.5  23.6  24.0  24.1  23.2  23.3  23.6  23.8  23.0  23.4  23.6  23.5  23.0  23.2  23.2  23.3  23.0  23.1  23.0  23.3  22.8  23.0  23.3  23.4  23.2  23.3  24.2  24.5  26.0  27.2  28.5  28.6 
 23.9  23.3  24.1  24.0  23.2  22.9  23.7  23.8  23.5  23.3  23.6  23.7  23.2  22.8  23.3  23.2  23.3  22.9  23.2  23.2  23.1  22.8  23.5  23.4  23.2  23.1  24.2  25.5  26.5  27.5  29.0  28.6 
 23.3  23.5  23.6  23.7  23.1  23.3  23.2  23.5  23.6  24.1  24.6  24.0  22.9  23.1  23.2  23.3  22.9  23.0  23.0  23.2  22.8  23.1  23.4  23.2  23.2  23.5  27.4  26.7  28.6  28.4  29.1  29.0 
 23.5  23.1  23.6  23.6  23.2  23.1  23.3  23.5  24.2  24.7  26.6  24.9  23.2  23.0  23.2  23.1  23.0  22.8  23.1  23.2  23.0  22.9  23.1  23.4  23.5  24.5  27.0  28.6  28.5  28.9  29.4  29.4 
 23.4  23.6  23.6  23.6  23.0  23.0  23.3  23.5  24.3  25.7  28.4  25.5  23.2  23.1  23.1  23.2  22.8  22.8  22.9  23.1  23.0  23.2  23.1  23.4  23.6  25.1  28.9  29.3  28.5  29.3  29.3  29.4 
 23.9  23.2  23.6  23.7  23.2  22.8  23.3  23.6  23.5  23.9  24.8  24.0  23.2  22.8  23.2  23.2  23.1  22.7  23.1  23.0  22.9  22.8  23.3  23.5  24.1  24.6  29.0  29.0  29.0  28.5  29.5  26.7 
 23.6  23.7  23.7  23.5  22.9  23.2  23.3  23.3  22.8  23.3  23.2  23.3  22.8  23.0  23.0  23.1  22.9  22.9  23.2  23.2  22.9  23.0  23.2  23.2  23.1  25.0  27.4  28.8  27.6  28.6  26.2  27.5 
 23.8  23.5  23.8  23.9  23.7  23.1  23.4  23.3  23.2  22.9  23.3  23.3  23.0  22.6  23.2  23.2  22.9  22.9  23.2  23.1  23.0  22.8  23.3  23.1  23.8  23.0  27.7  27.0  28.3  26.5  27.8  25.2 
 24.1  24.9  24.9  25.1  24.7  24.7  23.9  23.8  23.1  23.3  23.4  23.2  22.9  23.0  23.1  23.2  23.0  23.1  23.2  23.1  22.9  23.2  23.2  23.3  22.9  23.4  23.1  25.9  23.8  26.3  24.3  25.2 
 24.7  24.7  25.4  25.6  25.7  25.6  25.3  24.7  23.5  23.1  23.4  23.4  22.8  23.0  23.2  23.0  23.1  22.9  23.2  23.1  23.0  22.8  23.4 nan  23.2  22.9  24.4  23.5  25.3  23.0  25.2  24.1 
 25.3  25.6  26.6  27.0  28.4  29.9  38.0  41.9  39.6  33.9  23.8  23.5  23.0  23.0  23.2  23.2  23.0  23.0  23.4  23.2  22.7  22.9  23.1  23.3  23.0  23.1  23.4  24.1  23.2  24.4  23.9  24.4 
 25.9  26.0  27.4  27.8  30.2  32.6  47.5  54.2  58.5  51.4  25.0  23.8  23.2  22.9  23.3  23.2  23.0  22.8  23.2  23.2  23.1  22.8  23.2  23.3  23.2  22.9  24.4  24.6  24.5  23.3  25.0  24.1 
 25.8  26.4  28.0  28.7  32.6  36.8  57.4  66.3  77.1  73.2  30.7  25.2  23.2  23.2  23.2  23.2  23.1  23.1  23.2  23.2  22.8  22.9  23.2  23.2  22.9  23.2  26.2  26.0  23.6  24.3  24.0  25.8 
 26.4  26.1  28.0  29.0  33.1  36.9  57.0  68.6  87.0  81.7  30.6  25.0  23.3  23.1  23.2  23.3  23.1  22.9  23.2  23.2  23.1  22.8  23.3  23.3  23.2  22.8  24.5  25.0  24.1  23.5  25.2  24.3 
 25.8  26.3  27.7  28.4  30.3  32.0  45.7  55.6  67.6  57.2  25.6  24.2  23.2  23.2  23.2  23.3  23.1  23.1  23.3  23.3  23.0  22.8  23.1  23.3  22.9  22.9  23.3  23.8  23.4  24.0  23.9  24.9 
 26.4  26.1  27.6  27.5  28.8  29.6  37.7  42.9  46.4  39.0  24.5  23.8  23.5  23.0  23.4  23.4  23.1  22.9  23.4  23.4  23.0  22.9  23.1  23.4  23.2  22.6  23.3  23.5  23.6  23.2  24.9  24.2 
 26.2  26.3  26.9  27.2  27.3  27.8  29.1  29.8  28.3  26.6  24.0  23.8  23.4  23.3  23.6  23.4  23.2  23.1  23.3  23.2  23.0  22.9  23.6  23.6  23.0  23.1  23.5  23.4  23.3  24.0  24.1  25.1 
 26.1  25.9  26.7  26.8  26.8  26.6  27.8  27.8  26.6  25.5  24.2  23.9  23.5  23.2  23.6  23.4  23.4  23.1  23.4  23.3  23.0  23.0  23.4  23.6  23.0  22.9  23.5  23.7  23.4  23.2  24.9  24.7 
 25.6  25.9  26.6  26.5  25.9  26.0  26.4  26.4  25.1  24.7  24.1  24.1  23.4  23.6  23.5  23.8  23.2  23.3  23.5  23.5  23.0  23.1  23.5  23.5  23.2  23.2  23.7  23.9  23.4  23.9  24.5  25.8 
 26.3  25.9  26.4  26.4  25.9  25.6  26.0  26.0  24.8  24.4  24.2  24.0  23.8  23.1  23.7  23.5  23.4  23.1  23.5  23.6  23.3  23.1  23.7  23.4  23.4  23.1  23.8  23.8  23.8  23.5  25.4  25.3 
 26.5  26.6  26.0  26.1  25.3  25.3  25.3  25.3  24.5  24.4  24.2  24.1  23.6  23.6  23.8  23.8  23.5  23.5  23.7  23.5  23.5  23.4  23.8  24.1  23.1  23.4  24.4  24.6  24.0  24.3  26.5  27.7 
 27.1  26.4  26.2  26.4  25.6  25.2  25.3  25.3  24.3  24.0  24.2  24.2  23.8  23.7  23.9  23.8  23.7  23.3  23.8  23.8  23.6  23.3  23.9  23.7  23.5  23.5  24.8  25.3  25.2  24.6  27.2  27.7 
