 23.5  22.9  23.1  23.2  22.8  22.7  22.9  22.7  22.2  22.3  22.5  22.9  22.3  22.3  22.6  22.7  22.4  22.5  22.6  22.5  22.2  22.5  22.7  22.9  22.7  22.7  23.1  23.7  23.5  23.1  24.4  25.0 
 23.2  22.6  23.3  23.0  22.7  22.7  22.8  22.7  22.7  22.4  22.9  22.8  22.4  22.2  22.7  22.6  22.4  22.1  22.8  22.5  22.7  22.4  22.8  22.8  22.6  22.7  23.6  24.0  23.7  23.2  23.8  23.6 
 23.0  23.0  23.3  23.1  22.8  22.3  22.7  22.9  22.6  22.5  22.6  22.8  22.3  22.5  22.6  22.7  22.2  22.4  22.4  22.7  22.3  22.3  22.5  22.7  22.4  22.6  22.9  23.2  23.0  23.2  23.2  23.7 
 23.1  23.0  23.1  23.2  22.7  22.3  23.1  22.8  22.7  22.4  22.8  22.8  22.4  22.1  22.5  22.6  22.5  22.1  22.6  22.5  22.5  22.3  22.7  22.6  22.6  22.6  23.2  22.7  22.9  22.8  23.6  23.2 
 22.9  23.1  23.0  23.0  22.8  22.6  22.6  22.8  23.1  23.1  22.6  22.7  22.5  22.5  22.3  22.6  22.3  22.2  22.4  22.5  22.4  22.4  22.6  22.6  22.6  22.6  23.0  22.9  22.5  22.7  23.1  23.4 
 22.8  23.1  23.1  23.1  22.6  22.6  23.0  23.1  23.6  23.7  23.2  22.7  22.5  22.4  22.4  22.3  22.3  22.2  22.6  22.5  22.4  22.3  22.7  22.5  22.8  22.4  23.1  22.7  22.9  22.8  23.4  23.0 
 23.1  23.2  23.0  22.9  22.8  22.6  23.0  23.4  25.1  26.3  24.1  23.2  22.4  22.4  22.5  22.5  22.2  22.4  22.6  22.4  22.4  22.5  22.8  22.7  22.8  22.3  22.6  22.9  22.7  22.7  22.8  23.2 
 22.9  22.8  22.9  23.1  22.7  22.6  23.1  23.3  25.5  26.9  24.5  22.8  22.5  22.3  22.4  22.3  22.5  22.3  22.5  22.5  22.5  22.4  22.6  22.5  22.5  22.5  22.8  22.8  22.6  22.7  23.0  22.2 
 23.4  23.0  23.0  22.8  22.7  22.7  22.9  23.2  23.1  23.3  23.0  22.7  22.6  22.4  22.4  22.6  22.4  22.4  22.7  22.6  22.5  22.5  22.5  22.7  22.5  22.4  22.7  23.0  22.7  22.9  23.2  22.9 
 23.6  23.1  23.4  23.1  23.1  22.5  23.0  22.8  22.9  22.8  22.8  22.7  22.5  22.4  22.5  22.5  22.6  22.4  22.6  22.6  22.4  22.4  22.8  22.6  22.6  22.6  22.9  22.9  23.0  22.7  23.4  22.9 
 23.8  23.5  24.0  24.0  23.6  23.7  23.1  23.1  22.7  22.9  22.6  22.8  22.3  22.3  22.6  22.6  22.4  22.3  22.5  22.5  22.5  22.5  22.5  22.5  22.4  22.6  23.4  23.6  23.2  23.2  23.2  23.3 
 23.8  23.6  24.0  24.2  24.7  24.6  23.9  23.5  23.0  22.7  22.9  22.8  22.7  22.3  22.6  22.6  22.3  22.6  22.6  22.4  22.6  22.3  22.6 nan  22.5  22.5  24.1  24.7  23.8  22.7  23.3  23.3 
 24.2  24.3  25.3  25.7  26.8  27.5  32.6  34.9  33.1  29.3  23.3  23.1  22.6  22.4  22.6  22.7  22.6  22.5  22.7  22.6  22.6  22.6  22.7  22.7  22.6  22.6  24.0  24.5  23.4  23.0  23.2  23.2 
 24.7  24.6  25.8  26.2  28.3  30.0  41.6  48.8  53.5  47.3  24.7  23.2  22.6  22.5  22.7  22.7  22.6  22.4  22.7  22.6  22.4  22.4  22.8  22.6  22.8  22.5  23.0  23.2  23.2  23.0  23.1  23.2 
 24.9  25.4  26.7  27.5  30.5  33.8  55.0  63.3  74.7  71.2  34.4  25.5  22.8  22.6  22.5  22.7  22.5  22.5  22.6  22.7  22.5  22.5  22.8  22.7  22.4  22.6  22.6  23.1  22.9  23.0  23.1  23.5 
 25.3  25.1  26.7  27.4  30.8  33.9  53.5  62.7  78.5  78.9  36.9  25.7  22.9  22.6  22.8  22.8  22.6  22.4  22.8  22.8  22.5  22.4  22.7  22.8  22.6  22.3  23.0  22.8  23.2  22.8  23.6  23.4 
 25.2  25.4  26.5  26.8  29.5  31.6  44.2  53.3  72.7  69.6  29.8  24.3  22.8  22.6  22.6  22.6  22.4  22.5  22.7  22.7  22.6  22.3  22.6  22.6  22.7  22.6  22.9  23.2  22.8  22.9  23.3  23.5 
 25.1  25.2  26.6  26.7  28.5  29.5  36.9  41.9  53.9  49.3  25.7  23.8  22.8  22.5  22.7  22.8  22.6  22.5  22.8  22.8  22.7  22.5  22.9  22.9  22.7  22.4  23.0  22.9  22.9  22.8  23.7  23.5 
 25.3  25.3  26.0  26.3  26.5  27.1  28.5  29.4  29.5  28.0  23.8  23.4  22.9  22.7  22.7  22.8  22.8  22.7  22.8  23.0  22.8  22.6  22.7  23.0  22.7  22.8  23.0  23.1  23.2  22.9  23.2  23.6 
 25.2  25.3  26.0  26.3  26.3  26.2  27.3  27.3  26.9  25.8  23.6  23.0  22.9  22.7  22.9  22.9  22.8  22.6  22.6  22.7  22.7  22.3  22.9  22.8  22.9  22.8  23.1  23.2  23.0  23.1  24.2  23.4 
 25.3  24.9  25.8  25.9  25.3  25.5  25.8  25.6  25.1  24.5  23.6  23.3  22.7  22.9  22.8  23.0  22.4  22.7  22.9  23.0  22.6  22.4  22.9  22.9  22.9  22.8  23.1  23.3  23.7  24.0  24.4  25.6 
 25.1  25.0  25.3  25.6  25.6  24.8  25.3  25.2  24.5  24.2  23.5  23.3  23.0  22.7  22.8  22.9  22.6  22.7  23.2  22.9  22.7  22.7  22.7  23.0  23.0  22.8  23.3  23.8  24.4  24.6  25.7  25.8 
 25.4  25.6  25.2  25.2  24.8  24.8  24.8  24.5  24.1  23.7  23.4  23.6  23.1  22.9  22.9  23.0  22.8  22.7  23.2  23.1  22.9  22.8  23.1  23.5  23.3  23.4  24.8  25.6  25.7  25.8  26.2  26.8 
 26.2  25.6  25.2  25.2  24.8  24.2  24.8  24.6  24.0  23.8  23.5  23.3  23.2  22.9  23.2  22.9  23.0  22.8  23.2  23.1  23.1  23.0  23.6  23.7  24.1  24.3  26.1  26.4  26.2  25.9  26.3  27.0 
