 24.3  23.5  23.8  24.0  23.8  23.5  23.6  23.8  23.4  23.1  23.4  23.5  23.3  22.9  23.2  23.3  23.3  22.8  23.2  23.5  23.1  22.9  23.2  23.3  23.4  22.9  24.4  25.4  26.8  26.9  27.5  28.7 
 23.4  23.5  24.0  23.8  23.5  23.5  23.4  23.6  23.3  23.2  23.6  23.6  23.0  23.1  23.5  23.3  22.9  23.1  23.4  23.3  23.2  23.0  23.4  23.3  23.2  23.4  24.4  24.7  26.5  27.4  28.5  28.1 
 23.7  23.1  24.0  23.9  23.6  23.0  23.3  23.5  23.4  23.1  23.3  23.7  23.2  22.8  23.3  23.2  23.1  23.0  23.1  23.3  23.2  22.7  22.9  23.4  23.5  23.3  24.9  25.9  26.7  27.5  28.2  28.6 
 23.4  23.7  23.9  23.9  22.9  23.1  23.5  23.4  23.1  23.4  23.8  23.4  22.8  23.1  23.2  23.2  22.9  23.1  23.1  23.1  22.8  23.0  23.2  23.2  23.1  24.6  27.2  26.9  27.9  28.3  29.0  28.6 
 23.7  23.2  23.6  23.5  23.3  23.1  23.1  23.6  23.9  23.7  24.5  24.1  23.1  23.0  23.1  23.1  23.0  22.7  23.0  23.1  23.1  22.7  23.0  23.2  25.3  26.0  28.6  29.1  29.0  29.0  29.1  28.8 
 23.0  23.3  23.5  23.3  23.1  22.9  23.6  23.5  24.0  24.7  26.4  24.7  23.0  23.1  23.0  22.9  23.0  22.9  23.1  23.1  22.9  23.0  23.2  23.2  24.7  27.4  29.2  28.9  28.8  28.9  29.7  28.9 
 23.4  23.2  23.2  23.5  23.0  23.0  23.4  23.5  24.3  25.5  28.3  25.6  23.3  22.8  22.9  23.1  23.0  22.7  23.0  23.0  23.2  22.9  23.0  23.2  25.9  26.1  29.0  29.0  28.3  28.9  27.9  27.5 
 23.6  23.2  23.5  23.7  22.9  22.8  23.2  23.3  23.2  23.8  25.0  23.9  22.9  23.0  23.0  23.1  22.8  22.8  23.1  23.0  22.9  22.8  23.3  23.1  24.1  26.7  28.6  28.4  28.2  27.6  27.6  25.2 
 23.8  23.4  23.6  23.5  23.1  23.0  23.2  23.2  23.1  22.9  23.2  23.2  22.9  22.9  23.0  23.0  23.0  22.9  22.9  23.1  23.0  23.0  23.0  23.4  23.5  23.4  26.7  26.9  26.9  26.7  24.8  25.2 
 23.6  23.7  23.9  23.8  23.2  23.2  23.4  23.4  23.0  23.1  23.2  23.3  22.8  22.8  23.0  22.9  22.8  23.0  23.0  23.1  22.8  22.9  23.2  23.1  23.0  23.1  24.4  25.0  25.8  24.8  24.9  24.9 
 24.3  24.3  24.9  24.9  24.9  24.4  23.8  23.7  23.1  23.0  23.2  23.1  23.0  22.9  23.1  23.2  23.2  22.9  23.0  23.1  23.0  22.8  22.9  23.0  23.0  22.7  23.1  23.2  23.0  23.4  24.1  24.0 
 24.5  24.7  25.3  25.6  25.6  25.7  25.2  24.5  23.3  23.4  23.2  23.2  22.9  22.9  23.1  23.1  22.9  23.1  23.2  22.9  22.8  23.1  23.2 nan  22.7  22.9  23.0  23.4  23.0  22.9  23.9  24.4 
 25.7  25.2  26.4  27.0  28.7  29.5  38.1  42.0  39.6  33.7  23.5  23.3  23.2  22.8  23.0  23.2  23.1  22.8  23.1  23.2  23.0  22.6  23.0  23.1  23.1  22.8  23.4  23.6  23.5  22.9  23.9  23.8 
 25.8  26.0  27.1  27.7  29.9  32.6  47.6  54.2  58.5  51.4  25.1  23.7  23.1  23.2  23.1  23.0  22.9  22.9  23.2  23.1  22.8  22.9  23.1  23.1  23.0  23.0  24.3  24.5  23.5  23.3  23.8  24.2 
 25.8  26.0  27.8  28.7  32.8  36.4  57.2  66.0  76.9  72.9  30.7  24.9  23.3  22.8  23.1  23.2  23.2  23.0  23.0  23.2  22.9  22.8  23.0  22.9  23.1  23.1  26.0  25.9  23.6  23.2  23.8  23.9 
 26.0  26.1  28.1  28.6  32.7  36.9  56.9  68.4  86.7  82.0  30.3  24.9  23.0  23.1  23.1  23.1  23.0  23.0  23.0  23.1  22.9  22.8  23.1  23.1  23.0  22.9  24.6  24.9  23.5  23.2  23.8  24.2 
 26.2  26.3  27.4  28.1  30.3  31.8  45.6  55.5  67.8  57.0  25.6  24.0  23.4  23.1  23.2  23.2  23.2  22.7  23.2  23.3  23.1  22.8  23.1  23.0  23.1  22.7  23.3  23.6  23.4  23.4  24.1  24.1 
 26.1  26.3  27.3  27.7  28.7  29.6  37.6  42.8  46.1  39.0  24.3  23.8  23.2  23.3  23.2  23.4  22.8  23.1  23.2  23.3  22.8  23.0  23.2  23.2  23.1  23.1  23.5  23.3  23.2  23.3  24.1  24.2 
 26.1  25.7  26.7  26.9  27.3  27.4  29.0  29.6  28.4  26.5  24.0  23.7  23.3  23.1  23.4  23.5  23.4  23.0  23.2  23.4  23.2  22.6  23.2  23.5  23.1  23.0  23.2  23.6  23.5  23.2  24.1  24.6 
 25.4  26.0  26.7  26.8  26.7  26.8  27.8  27.7  26.4  25.6  23.8  23.8  23.4  23.2  23.4  23.4  23.2  23.1  23.4  23.3  22.9  22.9  23.4  23.3  23.1  23.0  23.4  23.3  23.3  23.6  24.2  24.5 
 26.0  25.6  26.2  26.5  26.1  25.9  26.2  26.3  25.3  24.4  24.1  23.7  23.6  23.3  23.3  23.5  23.3  23.0  23.2  23.1  23.1  22.9  23.6  23.6  23.3  23.0  23.4  23.8  23.7  23.2  24.1  25.0 
 25.7  25.7  26.4  26.2  25.9  25.8  25.8  25.7  24.7  24.4  23.9  24.1  23.5  23.3  23.4  23.5  23.3  23.0  23.3  23.3  23.0  23.2  23.7  23.7  23.0  23.1  23.7  23.8  23.5  23.5  24.7  25.6 
 27.0  26.0  26.0  26.1  25.6  25.2  25.5  25.3  24.7  24.2  24.0  24.0  23.7  23.5  23.5  23.7  23.6  23.4  23.4  23.6  23.5  23.0  23.6  23.8  23.6  23.0  24.0  24.3  24.4  23.9  25.8  27.3 
 26.9  26.6  25.9  26.0  25.3  25.3  25.2  25.0  24.3  24.3  24.0  24.2  23.7  23.6  23.7  23.7  23.2  23.4  23.7  23.7  23.2  23.5  23.9  23.6  23.3  23.8  24.6  25.3  25.0  24.8  26.4  26.7 
