 24.3  23.8  24.2  24.2  23.9  23.7  23.9  23.7  23.6  23.4  23.7  23.6  23.3  23.1  23.3  23.5  23.5  23.1  23.5  23.4  23.2  23.1  23.5  23.5  23.3  23.1  25.1  25.9  27.4  27.3  28.5  28.6 
 24.2  23.9  24.0  24.5  23.7  23.6  23.7  24.0  23.6  23.3  23.5  23.9  23.4  23.2  23.3  23.5  23.1  23.0  23.4  23.5  23.2  23.1  23.4  23.7  23.3  23.6  24.6  25.4  26.7  26.8  28.0  28.3 
 23.7  23.5  23.9  23.8  23.6  23.2  23.7  23.6  23.5  23.2  23.7  23.5  23.1  23.1  23.4  23.3  23.2  23.1  23.1  23.2  23.1  23.2  23.3  23.2  23.4  23.0  23.8  24.0  26.4  27.1  28.6  28.1 
 23.6  23.7  23.8  24.1  23.2  23.2  23.7  23.8  23.5  23.5  23.8  23.6  23.1  23.0  23.1  23.4  23.1  22.9  23.2  23.3  22.9  23.0  23.3  23.4  23.1  23.2  23.9  24.1  25.8  26.7  28.5  28.7 
 23.6  23.5  23.8  23.6  23.3  23.2  23.5  23.5  23.7  24.0  24.8  23.8  23.3  23.1  23.4  23.1  23.2  22.8  23.2  23.0  23.2  23.1  23.4  23.2  23.5  23.1  24.3  24.4  26.0  27.3  29.0  29.0 
 23.4  23.5  23.3  23.8  22.9  23.2  23.5  23.7  24.1  24.9  26.6  24.9  23.2  23.1  23.1  23.3  23.0  22.9  23.2  23.3  23.1  22.9  23.4  23.4  23.4  23.3  24.9  26.2  27.5  28.4  29.1  29.2 
 23.7  23.2  23.5  23.4  23.0  23.1  23.6  23.5  24.4  25.7  28.6  25.7  23.1  23.0  23.2  23.2  22.9  23.1  23.3  23.1  23.1  23.0  23.5  23.4  24.0  24.8  28.3  29.0  29.5  29.6  29.8  29.5 
 23.6  23.3  23.4  23.6  23.1  23.2  23.3  23.4  23.6  23.9  25.0  24.2  23.2  22.9  23.1  23.1  23.0  22.9  23.0  23.3  23.1  23.1  23.4  23.5  24.4  26.3  28.9  29.6  29.6  29.5  30.1  29.3 
 24.1  23.3  23.7  23.7  23.2  23.1  23.5  23.3  23.1  22.9  23.4  23.2  23.1  22.9  23.1  23.2  23.1  23.0  23.3  23.1  23.1  23.0  23.4  23.2  25.9  27.2  30.0  29.4  29.6  29.4  29.4  28.6 
 23.8  23.6  23.9  24.0  23.6  23.3  23.2  23.5  23.1  23.1  23.3  23.4  22.9  22.9  23.3  23.1  23.0  23.1  23.2  23.3  23.0  23.1  23.3  23.4  25.7  27.7  29.7  29.5  29.0  28.8  28.9  27.8 
 24.5  24.5  25.1  25.2  25.0  24.6  24.2  23.7  23.3  23.1  23.3  23.3  23.1  23.1  23.1  23.3  23.1  23.0  23.3  23.1  23.1  22.9  23.2  23.2  24.9  26.7  29.9  29.5  28.9  28.2  26.5  25.9 
 24.6  25.0  25.5  26.1  25.9  25.8  25.4  24.7  23.6  23.2  23.3  23.5  23.2  23.0  23.1  23.3  22.9  23.2  23.1  23.3  23.0  23.1  23.2 nan  24.1  25.4  28.9  29.7  28.9  27.8  25.7  25.7 
 25.5  25.4  26.8  27.2  28.9  29.9  38.2  41.8  39.8  33.6  23.8  23.5  23.0  23.0  23.3  23.2  23.1  23.0  23.3  23.1  23.1  22.9  23.2  23.2  23.2  23.3  25.0  25.8  25.5  24.8  25.0  24.9 
 25.7  25.9  27.1  28.0  30.1  32.8  47.7  54.2  58.5  51.5  25.1  24.0  23.2  23.1  23.2  23.2  23.1  23.0  23.3  23.4  23.0  23.0  23.1  23.3  23.2  23.1  24.6  25.2  24.9  24.2  24.6  24.9 
 26.1  26.5  28.1  28.8  32.9  36.8  57.8  66.6  77.5  73.2  30.8  25.1  23.4  23.2  23.3  23.3  23.3  23.1  23.3  23.3  23.2  23.0  23.3  23.1  23.1  23.2  26.2  25.8  24.1  23.8  24.2  24.4 
 26.3  26.4  28.0  29.1  33.0  37.0  57.3  69.0  87.1  82.1  30.4  25.1  23.2  23.2  23.2  23.3  23.0  23.1  23.1  23.2  23.1  22.9  23.2  23.3  23.1  23.3  24.7  25.2  23.9  23.8  24.3  24.4 
 26.3  26.3  27.9  28.3  30.6  31.9  45.8  55.9  67.7  57.0  25.8  23.9  23.4  23.1  23.5  23.2  23.2  23.1  23.4  23.3  23.1  22.8  23.4  23.2  23.2  22.8  23.6  23.8  23.6  23.6  24.4  24.3 
 26.4  26.5  27.5  28.0  28.8  29.8  37.8  43.2  46.4  39.1  24.4  24.1  23.5  23.4  23.3  23.5  23.3  23.2  23.4  23.5  23.2  23.1  23.2  23.4  23.3  23.0  23.5  23.7  23.4  23.6  24.1  24.4 
 26.3  26.0  27.1  27.1  27.3  27.5  29.4  29.7  28.4  26.7  24.3  23.9  23.5  23.3  23.6  23.4  23.4  23.1  23.3  23.5  23.2  23.1  23.6  23.5  23.3  23.1  23.5  23.7  23.6  23.6  24.1  24.4 
 26.1  26.4  26.7  27.1  26.8  27.0  27.8  28.1  26.7  25.4  24.1  23.9  23.4  23.4  23.6  23.5  23.3  23.2  23.4  23.5  23.2  23.1  23.2  23.7  23.3  23.1  23.5  23.8  23.5  23.8  24.2  24.9 
 26.4  25.9  26.7  26.4  26.4  26.1  26.5  26.2  25.4  24.7  24.3  23.9  23.6  23.5  23.8  23.5  23.3  23.3  23.8  23.5  23.4  23.1  23.7  23.6  23.5  23.3  24.2  23.8  23.8  23.9  24.5  25.2 
 26.1  26.1  26.3  26.6  26.1  25.8  26.0  26.2  24.9  24.7  24.2  24.2  23.7  23.5  23.6  23.8  23.1  23.3  23.4  23.7  23.2  23.3  23.6  23.7  23.2  23.4  23.8  24.3  23.9  23.9  25.2  26.2 
 27.2  26.4  26.2  26.1  25.8  25.2  25.7  25.2  24.6  24.3  24.5  24.2  23.9  23.7  23.7  23.8  23.7  23.5  23.8  23.6  23.5  23.4  23.9  23.6  23.6  23.3  24.4  24.4  24.4  24.3  26.4  27.1 
 27.1  26.9  25.9  26.6  25.5  25.2  25.5  25.4  24.5  24.4  24.3  24.4  24.0  23.8  23.9  23.9  23.8  23.6  23.7  23.9  23.7  23.5  23.8  24.0  23.5  23.7  24.8  25.3  25.0  25.3  26.6  28.4 
