 24.9  23.9  24.3  24.3  24.3  23.8  23.9  23.9  23.7  23.3  23.8  23.8  23.7  23.2  23.5  23.6  23.5  23.2  23.3  23.5  23.5  23.2  23.6  23.6  23.7  23.5  25.2  26.2  27.7  27.3  28.7  28.5 
 24.0  24.1  24.5  24.1  23.6  23.6  23.9  24.1  23.6  23.5  23.9  23.9  23.4  23.2  23.4  23.6  23.2  23.3  23.4  23.4  23.2  23.3  23.3  23.5  23.3  23.7  24.5  25.5  26.8  27.3  28.0  28.2 
 24.2  23.4  24.2  23.9  23.7  23.2  23.6  23.6  23.7  23.2  23.7  23.7  23.4  23.4  23.5  23.5  23.4  23.0  23.2  23.2  23.3  22.9  23.2  23.6  23.5  23.1  24.1  24.3  26.5  27.0  28.5  28.5 
 23.7  23.8  23.9  24.2  23.2  23.2  23.6  23.7  23.2  23.7  23.8  23.7  23.2  23.2  23.4  23.4  23.3  23.4  23.2  23.3  23.1  23.3  23.4  23.5  23.3  23.4  23.9  24.0  25.4  27.0  28.8  29.0 
 23.9  23.7  23.9  23.7  23.7  23.4  23.6  23.9  24.0  24.0  24.8  24.1  23.4  23.0  23.3  23.3  23.3  22.9  23.3  23.4  23.1  23.1  23.5  23.3  23.6  23.3  25.0  25.3  27.7  28.0  29.0  29.3 
 23.5  23.8  23.5  23.8  23.3  23.6  23.7  23.5  24.0  25.2  26.4  24.9  23.2  23.2  23.2  23.4  23.0  23.2  23.2  23.2  23.0  23.3  23.2  23.5  23.2  23.5  25.7  27.4  28.6  29.4  29.7  29.2 
 23.8  23.5  23.6  23.7  23.5  23.2  23.8  23.7  24.4  25.9  28.6  25.6  23.3  23.0  23.3  23.2  23.1  22.9  23.2  23.2  23.3  23.1  23.5  23.5  23.9  24.6  28.4  28.9  29.4  29.4  30.2  29.9 
 23.9  23.7  23.8  23.8  23.1  23.1  23.3  23.5  23.7  24.1  25.1  24.0  23.0  23.3  23.2  23.2  23.1  23.2  23.2  23.1  23.1  23.4  23.3  23.5  24.0  25.4  29.1  29.3  29.0  29.5  29.8  28.7 
 24.4  23.7  23.8  23.8  23.5  23.1  23.4  23.4  23.4  23.0  23.5  23.3  23.3  23.0  23.2  23.3  23.3  22.9  23.2  23.2  23.3  23.0  23.5  23.3  24.5  25.8  29.4  29.5  28.9  28.9  28.3  27.5 
 23.6  23.8  24.0  23.9  23.6  23.5  23.4  23.4  23.2  23.3  23.3  23.4  23.1  23.1  23.1  23.2  23.0  23.2  23.2  23.4  23.1  23.3  23.3  23.4  24.0  25.5  29.6  29.7  28.5  28.5  27.7  26.6 
 24.7  24.7  25.2  25.3  25.1  24.6  24.1  23.8  23.5  23.1  23.2  23.1  23.2  22.8  23.2  23.2  23.3  23.0  23.2  23.4  23.3  22.9  23.2  23.4  23.5  24.1  27.6  28.9  28.7  27.9  26.0  25.6 
 24.9  25.1  25.5  26.0  25.8  26.1  25.3  24.8  23.5  23.6  23.4  23.4  23.2  23.2  23.2  23.4  22.9  23.3  23.1  23.3  22.9  23.1  23.3 nan  23.1  23.4  26.2  26.5  27.0  26.1  25.3  25.2 
 26.0  25.5  26.9  27.3  28.9  29.7  38.2  42.0  39.8  33.8  23.9  23.6  23.4  23.1  23.4  23.4  23.3  23.2  23.3  23.1  23.2  22.8  23.3  23.3  23.3  23.2  23.7  24.0  24.1  24.1  24.7  24.9 
 25.8  26.1  27.2  27.9  30.3  33.0  47.8  54.3  58.5  51.5  25.3  23.8  23.2  23.2  23.4  23.0  23.1  23.1  23.3  23.2  23.1  23.2  23.3  23.4  23.1  23.4  24.3  24.9  24.1  23.8  24.4  24.6 
 26.5  26.4  28.1  28.9  32.9  36.9  57.7  66.6  77.5  73.2  30.7  25.1  23.8  23.1  23.4  23.3  23.2  23.0  23.3  23.2  23.2  22.9  23.4  23.2  23.2  23.3  26.2  26.0  23.9  23.5  24.1  24.2 
 26.3  26.5  28.1  28.9  33.0  37.1  57.3  68.9  87.1  82.1  30.6  25.0  23.3  23.3  23.3  23.2  23.1  23.2  23.2  23.4  23.0  23.1  23.3  23.4  23.1  23.0  24.7  25.3  23.5  23.9  24.3  24.2 
 26.2  26.3  28.0  28.5  30.4  32.0  45.7  55.7  67.8  57.0  25.9  24.3  23.7  23.2  23.3  23.3  23.3  23.1  23.4  23.3  23.3  23.0  23.3  23.2  23.3  23.1  23.6  23.9  23.7  23.6  24.2  24.1 
 26.1  26.6  27.6  28.1  28.7  30.2  37.9  43.0  46.4  39.3  24.5  24.0  23.6  23.5  23.4  23.4  23.1  23.3  23.4  23.4  23.1  23.1  23.3  23.6  23.1  23.2  23.6  23.5  23.4  23.8  24.1  24.4 
 26.9  26.3  27.0  27.1  27.6  27.7  29.3  29.6  28.7  26.6  24.3  23.9  23.6  23.3  23.5  23.6  23.5  23.3  23.4  23.5  23.4  23.1  23.4  23.6  23.4  23.1  23.6  23.6  24.1  23.6  24.3  24.4 
 25.9  26.5  26.7  27.2  26.6  27.4  27.9  28.1  26.7  25.6  24.1  23.8  23.6  23.6  23.6  23.5  23.3  23.4  23.5  23.4  23.2  23.4  23.6  23.7  23.2  23.3  23.6  23.7  23.4  24.1  24.3  24.9 
 26.5  25.9  26.8  26.5  26.5  26.4  26.6  26.3  25.7  24.9  24.2  24.2  23.7  23.5  23.7  23.8  23.6  23.4  23.5  23.6  23.6  23.1  23.7  23.5  23.8  23.3  24.0  24.1  24.1  23.7  24.7  25.7 
 26.1  26.2  26.6  26.5  26.0  26.1  26.1  25.9  25.0  24.8  24.3  24.3  23.6  23.7  23.7  23.7  23.3  23.5  23.7  23.4  23.3  23.4  23.7  24.0  23.5  23.7  23.6  24.1  23.7  24.0  25.4  26.1 
 27.5  26.4  26.2  26.5  25.9  25.5  25.5  25.5  24.7  24.5  24.3  24.4  23.9  23.6  23.9  23.9  23.9  23.4  24.0  23.8  23.8  23.4  23.6  24.1  24.0  23.3  24.4  24.5  24.8  24.3  26.7  27.5 
 27.3  27.3  25.9  26.5  25.3  25.5  25.3  25.2  24.3  24.6  24.3  24.2  23.6  23.9  24.0  23.6  23.6  23.7  23.9  24.0  23.7  23.8  24.1  24.1  23.6  24.0  25.0  25.5  25.2  25.5  27.0  27.9 
