 24.5  23.8  24.4  24.4  24.0  23.8  23.9  24.1  23.6  23.3  23.8  23.8  23.6  23.1  23.4  23.5  23.3  23.0  23.6  23.5  23.3  23.1  23.5  23.7  23.6  22.8  24.0  24.3  26.7  26.0  28.0  28.6 
 24.0  23.9  24.3  24.5  23.7  23.8  23.8  24.0  23.3  23.4  23.8  23.9  23.1  23.4  23.5  23.6  23.1  23.2  23.7  23.4  23.1  23.1  23.6  23.5  23.1  23.2  23.9  25.0  26.0  27.3  28.0  28.5 
 24.1  23.6  24.3  23.8  23.6  23.1  23.7  23.7  23.5  23.1  23.6  23.8  23.2  23.0  23.4  23.6  23.2  22.8  23.2  23.4  23.4  22.9  23.4  23.5  23.6  23.3  23.8  24.6  26.6  26.4  27.8  28.4 
 23.6  24.0  24.1  24.2  23.1  23.2  23.5  23.8  23.3  23.3  23.9  23.6  23.1  23.1  23.3  23.2  23.1  23.0  23.4  23.2  23.1  23.0  23.4  23.4  22.9  23.1  23.9  24.4  25.9  26.6  28.3  28.1 
 23.9  23.0  23.5  24.0  23.2  23.0  23.5  23.7  23.9  23.9  24.6  24.2  23.4  22.9  23.4  23.3  23.1  22.8  23.3  23.5  23.1  22.9  23.2  23.6  23.5  23.1  23.7  23.8  25.1  25.9  27.3  27.5 
 23.2  23.4  23.8  23.8  23.0  23.3  23.8  23.7  24.0  24.9  26.6  24.7  23.0  23.1  23.3  23.3  23.1  22.8  23.2  23.3  23.1  23.1  23.4  23.3  23.4  23.3  23.5  23.6  24.5  25.4  27.7  28.4 
 23.9  23.4  23.8  23.7  23.4  23.1  23.6  23.8  24.8  25.8  28.7  25.6  23.2  23.0  23.1  23.3  23.1  22.9  23.1  23.2  23.3  22.9  23.5  23.4  23.3  23.0  23.6  23.8  24.3  24.5  28.2  28.3 
 23.6  23.6  23.6  23.6  23.2  22.9  23.8  23.6  23.5  24.3  25.2  24.3  23.0  23.0  23.4  23.2  22.9  22.9  23.2  23.2  23.1  23.1  23.4  23.3  23.2  23.1  24.1  23.9  25.1  25.9  28.3  28.0 
 24.1  23.3  23.8  23.8  23.4  23.2  23.4  23.5  23.3  22.9  23.5  23.4  23.2  23.0  23.2  23.3  23.0  23.0  23.3  23.3  23.0  22.9  23.4  23.3  23.3  23.3  25.6  27.4  28.6  28.5  29.7  29.5 
 23.8  23.7  23.9  24.2  23.6  23.4  23.6  23.5  23.0  23.1  23.3  23.4  22.9  22.8  23.2  23.1  23.0  23.1  23.3  23.3  22.9  23.1  23.4  23.3  23.2  23.6  27.2  28.1  29.0  29.3  30.5  30.4 
 25.1  24.4  25.3  25.3  25.0  24.3  24.1  23.9  23.4  23.0  23.4  23.4  23.2  22.9  23.3  23.3  23.1  23.0  23.3  23.2  23.2  22.9  23.3  23.4  23.6  24.1  28.4  29.3  29.4  29.5  30.3  30.9 
 24.9  24.7  25.5  25.8  25.8  25.9  25.4  24.7  23.6  23.3  23.4  23.4  22.9  23.1  23.2  23.3  23.0  23.0  23.3  23.2  23.0  23.3  23.4 nan  23.3  24.6  28.4  29.7  29.3  29.2  30.7  30.1 
 25.6  25.1  26.8  27.4  29.0  29.8  38.2  42.0  39.6  33.6  23.8  23.6  23.3  22.9  23.1  23.4  23.2  23.0  23.4  23.3  23.1  22.9  23.3  23.3  23.5  23.8  28.8  29.7  29.3  29.1  29.5  29.4 
 25.8  25.9  27.4  27.9  30.2  32.9  48.0  54.4  58.5  51.4  25.1  23.9  23.1  23.2  23.2  23.3  22.9  22.9  23.3  23.4  22.9  22.8  23.2  23.3  23.2  23.8  28.1  29.7  29.2  28.7  29.8  29.3 
 26.3  26.3  28.1  28.9  33.0  36.8  57.9  66.9  77.6  73.1  30.5  25.1  23.4  23.1  23.3  23.3  23.4  22.8  23.2  23.3  23.2  23.0  23.5  23.2  23.1  23.2  26.1  26.9  27.3  26.7  27.7  28.9 
 26.0  26.6  28.2  29.1  32.9  37.1  57.6  69.3  87.2  81.9  30.2  24.9  23.2  23.3  23.3  23.3  23.0  23.1  23.3  23.4  22.9  22.8  23.3  23.4  22.9  23.0  24.9  25.1  24.7  25.2  28.1  28.0 
 26.3  26.3  27.9  28.6  30.5  31.9  46.0  56.0  67.7  56.8  25.6  24.2  23.5  23.1  23.4  23.3  23.3  22.9  23.3  23.4  23.2  22.7  23.3  23.3  23.2  22.9  23.5  23.9  23.8  23.9  25.1  27.2 
 26.1  26.5  27.7  28.2  28.9  29.8  38.1  43.2  46.4  39.0  24.4  24.1  23.3  23.2  23.5  23.5  23.0  23.0  23.4  23.4  23.0  23.1  23.2  23.4  23.1  23.2  23.8  23.7  23.7  23.7  25.4  25.3 
 26.5  26.2  27.2  27.3  27.5  27.5  29.4  29.9  28.3  26.4  24.1  24.0  23.5  23.1  23.6  23.5  23.4  23.1  23.3  23.4  23.4  22.9  23.5  23.5  23.2  22.9  23.6  23.8  23.9  23.4  24.5  24.6 
 26.1  26.4  26.9  27.0  26.8  27.0  28.0  28.0  26.5  25.5  24.1  24.0  23.2  23.5  23.5  23.5  23.1  23.2  23.6  23.4  23.1  23.1  23.4  23.7  23.4  23.2  23.6  23.8  23.3  23.5  24.5  24.9 
 26.4  25.6  26.5  26.7  26.4  26.2  26.5  26.4  25.5  24.5  24.3  24.3  23.5  23.5  23.7  23.7  23.4  23.2  23.7  23.5  23.4  23.1  23.7  23.7  23.8  23.1  24.0  24.1  23.8  23.6  24.3  25.8 
 26.1  25.9  26.6  26.4  26.0  25.8  26.3  26.3  24.8  24.7  24.1  24.1  23.6  23.4  23.7  23.8  23.5  23.2  23.6  23.8  23.1  23.3  23.6  23.6  23.5  23.4  24.2  24.3  23.5  24.0  25.4  26.5 
 27.5  26.2  26.2  26.3  25.8  25.4  26.0  25.5  24.7  24.3  24.4  24.3  23.7  23.4  23.9  24.1  23.9  23.1  23.8  23.7  23.6  23.3  24.1  24.0  23.6  23.2  24.6  24.7  24.8  23.9  26.4  27.9 
 27.1  26.9  26.5  26.2  25.4  25.5  25.5  25.4  24.5  24.4  24.6  24.4  23.7  23.8  24.0  24.0  23.5  23.5  23.8  24.0  23.6  23.7  24.1  24.1  23.2  23.6  24.8  25.5  25.0  25.3  27.0  27.9 
