 24.3  23.5  23.9  23.6  23.3  22.9  22.9  22.8  22.6  22.3  22.9  23.0  22.5  22.7  22.7  23.1  22.7  22.5  22.9  22.9  22.7  23.0  22.9  23.2  23.3  23.7  27.0  28.7  29.7  29.9  30.4  31.1 
 23.6  23.3  23.9  23.7  23.1  22.7  22.7  22.8  22.8  22.7  23.1  23.0  22.6  22.6  22.9  22.9  22.5  22.6  22.9  23.0  22.8  22.6  23.0  23.2  23.4  23.4  26.3  28.0  29.4  29.6  30.9  30.3 
 23.6  23.4  23.5  23.5  22.9  22.6  23.0  22.9  22.9  22.9  23.0  22.9  22.5  22.6  22.7  22.9  22.8  22.6  22.7  22.9  22.5  22.9  23.0  23.0  24.1  24.8  28.4  30.2  31.0  31.1  30.3  30.6 
 23.5  23.2  23.5  23.4  22.9  22.5  23.2  22.9  22.8  22.9  23.0  22.9  22.6  22.4  22.9  22.7  22.7  22.5  22.9  22.8  22.7  22.6  22.9  23.1  25.1  26.6  30.5  30.9  31.6  31.4  31.6  30.8 
 23.5  23.1  23.2  23.1  22.9  22.8  23.0  23.1  23.3  23.1  22.9  22.8  22.5  22.6  22.8  22.7  22.5  22.6  23.0  22.7  22.7  22.7  23.3  23.6  27.3  28.6  31.0  31.3  31.7  32.0  31.0  30.5 
 23.1  23.1  23.2  23.3  22.6  22.6  23.0  23.3  23.5  23.9  23.3  23.1  22.7  22.6  22.8  22.8  22.7  22.6  22.8  22.8  22.8  22.7  23.2  24.1  28.0  29.0  31.1  31.7  32.0  31.9  30.0  29.1 
 22.9  23.1  23.2  23.2  22.6  22.7  23.3  23.4  25.4  26.9  24.3  23.3  22.7  22.5  22.7  22.8  22.7  22.7  22.9  22.8  22.8  22.9  23.3  24.0  28.1  29.7  31.2  31.5  30.7  30.1  27.6  26.8 
 23.3  23.1  23.4  23.1  22.8  22.7  23.3  23.5  26.0  27.7  24.8  23.4  22.6  22.7  22.8  22.8  22.7  22.7  22.8  22.9  22.6  22.8  23.3  23.7  28.2  29.9  31.2  31.4  30.5  29.6  26.8  25.6 
 23.5  23.1  23.3  23.1  22.8  22.8  23.1  23.1  23.4  23.5  23.2  23.0  22.6  22.7  22.7  23.0  22.8  22.6  23.0  22.8  22.8  22.9  23.0  23.4  27.3  29.2  31.0  31.4  30.6  29.6  25.8  25.2 
 23.4  23.4  23.3  23.1  23.0  22.9  23.0  22.9  23.1  23.0  23.0  23.1  22.7  22.7  22.8  23.0  22.7  22.8  22.9  22.9  22.8  22.8  23.2  23.1  26.0  27.5  30.2  30.5  29.0  27.4  25.4  25.1 
 23.7  23.7  23.8  23.8  23.4  23.4  23.3  23.1  22.8  22.8  22.9  22.8  22.7  22.6  22.8  22.7  22.7  22.8  22.9  22.9  22.7  22.8  23.0  23.1  23.1  23.8  24.9  25.5  24.8  25.0  24.5  24.5 
 23.7  23.5  24.1  24.1  24.1  23.8  23.6  23.5  22.9  22.8  22.8  23.0  22.6  22.7  22.7  22.9  22.7  22.8  22.8  22.9  22.7  22.8  23.0 nan  22.9  22.9  24.7  25.6  24.6  24.1  24.5  24.6 
 24.4  24.4  25.1  25.8  26.3  26.7  29.1  29.6  27.8  26.2  23.1  22.9  22.8  22.7  22.9  22.8  22.6  22.6  23.0  22.8  22.7  22.6  22.8  23.0  22.9  22.9  24.6  25.2  23.8  23.7  24.1  24.1 
 24.6  24.9  25.8  26.3  27.7  28.8  36.9  42.6  45.2  39.7  24.1  23.4  22.8  22.6  22.8  22.8  22.7  22.5  22.9  22.9  22.6  22.6  23.0  23.0  22.8  22.9  23.7  24.0  23.9  23.6  24.1  23.8 
 25.1  25.4  26.8  26.9  30.0  32.9  52.2  60.8  71.4  68.0  34.2  25.7  22.8  22.8  22.8  23.0  22.8  22.7  22.9  22.9  22.7  22.6  23.1  22.9  22.9  22.9  23.4  23.3  23.4  23.4  24.0  23.8 
 25.6  25.5  27.0  27.6  30.5  33.4  52.7  61.5  76.6  76.0  38.9  26.6  22.9  22.7  22.7  23.0  22.6  22.4  22.9  22.8  22.7  22.8  23.0  23.0  22.7  22.8  23.3  23.4  23.4  23.2  24.0  23.8 
 25.5  25.9  26.9  27.2  29.8  32.0  46.1  55.7  78.8  78.7  34.2  25.5  23.1  22.8  22.9  22.8  22.7  22.9  23.0  23.0  22.7  22.7  23.0  23.0  23.0  22.9  23.5  23.3  23.1  23.3  24.3  24.0 
 25.5  25.6  26.8  27.1  28.8  30.4  39.2  45.2  61.3  58.6  28.1  24.4  23.0  22.9  23.0  22.9  22.8  22.5  22.8  23.0  22.8  22.8  23.0  23.0  22.9  23.1  23.4  23.3  23.5  23.1  24.2  24.3 
 25.5  25.4  26.5  26.8  27.2  27.5  29.6  31.0  32.3  30.6  24.7  23.6  23.0  22.7  23.1  22.9  23.0  22.9  22.9  23.0  23.1  22.8  23.3  23.3  23.1  23.1  23.5  23.5  23.4  23.4  23.9  23.8 
 25.4  25.6  26.3  26.5  26.7  26.5  28.1  28.2  28.2  27.3  24.1  23.6  22.9  22.9  23.2  23.1  23.0  22.8  23.2  23.1  23.0  22.7  23.2  23.2  22.9  22.8  23.4  23.4  23.2  23.0  23.9  24.3 
 25.4  25.5  26.2  26.1  26.1  25.7  26.3  26.3  25.7  25.4  23.9  23.7  23.1  23.0  23.2  23.3  23.0  23.2  23.2  23.0  23.1  22.7  23.3  23.3  23.3  23.0  23.4  23.7  23.6  24.0  25.0  25.4 
 25.9  25.6  25.9  26.0  25.7  25.4  25.8  26.1  24.9  24.8  23.9  23.8  23.1  23.0  23.3  23.2  23.0  22.7  23.3  23.2  23.1  23.0  23.2  23.4  23.0  23.1  23.6  24.0  24.2  24.4  25.5  26.7 
 26.6  26.0  25.9  25.7  25.2  25.1  25.5  25.2  24.6  24.2  24.0  24.0  23.4  23.3  23.4  23.4  23.0  23.1  23.3  23.3  23.4  23.0  23.4  23.5  23.4  23.6  24.9  25.1  25.1  24.8  26.8  26.9 
 26.7  26.5  25.8  26.1  25.4  24.9  24.8  25.1  24.6  24.0  24.1  24.0  23.4  23.4  23.5  23.4  23.1  23.1  23.3  23.4  23.3  23.4  23.6  23.7  23.9  24.2  25.5  26.0  25.2  25.2  27.2  27.2 
