 24.3  24.1  24.0  24.2  23.8  23.9  23.7  23.5  23.5  23.6  23.7  23.6  23.1  23.2  23.3  23.5  23.2  23.2  23.5  23.3  23.2  23.4  23.7  23.5  23.0  23.3  25.5  26.1  27.4  27.3  27.7  28.9 
 24.4  23.7  23.8  24.2  24.0  23.6  23.7  24.1  23.5  23.2  23.5  23.8  23.3  23.0  23.5  23.2  23.1  22.9  23.3  23.5  23.5  23.1  23.3  23.5  23.3  23.4  24.5  25.6  26.9  26.9  28.0  28.0 
 23.7  23.8  24.2  23.6  23.5  23.3  23.6  23.5  23.5  23.2  23.6  23.4  23.1  23.2  23.4  23.4  23.3  23.0  23.2  23.3  23.0  23.0  23.3  23.3  23.4  23.4  23.9  24.0  26.4  27.0  27.4  27.9 
 23.7  23.1  23.9  23.9  23.5  23.1  23.7  23.7  23.4  23.1  23.8  23.6  23.1  22.9  23.4  23.5  23.2  23.0  23.4  23.3  23.2  22.9  23.3  23.2  23.3  23.1  23.8  23.9  25.6  27.0  28.5  28.3 
 23.5  23.5  23.6  23.6  23.3  23.4  23.7  23.4  23.7  24.0  24.7  24.0  23.1  23.1  23.2  23.3  23.0  23.1  23.4  23.0  22.9  23.1  23.1  23.2  23.2  23.3  24.2  24.8  25.8  27.4  28.5  28.6 
 23.9  23.3  23.5  23.5  23.2  22.9  23.4  23.8  23.9  25.0  26.3  24.8  23.2  22.9  23.0  23.2  23.1  22.9  23.0  23.3  23.0  22.8  23.1  23.4  23.6  23.0  25.3  26.0  27.9  28.0  29.3  28.9 
 23.5  23.8  23.6  23.5  23.1  23.1  23.5  23.5  24.3  25.8  28.4  25.5  23.1  23.0  23.2  23.1  22.8  23.1  23.1  23.2  23.2  23.1  23.2  23.4  23.3  24.3  27.7  28.9  29.2  29.6  29.4  29.1 
 23.8  23.4  23.6  23.8  23.3  23.0  23.5  23.5  23.6  23.9  24.9  24.0  23.2  22.9  23.2  23.3  22.9  23.0  23.3  23.2  23.1  22.9  23.3  23.4  23.7  24.5  28.7  29.1  29.4  29.4  29.8  29.0 
 23.6  23.7  23.9  23.6  23.3  23.1  23.3  23.2  22.9  23.1  23.2  23.2  23.0  23.1  23.2  23.2  22.9  23.0  23.2  23.1  23.1  23.1  23.4  23.3  24.0  25.4  29.1  29.1  29.0  29.1  28.8  27.8 
 24.0  23.3  23.9  23.8  23.7  23.3  23.2  23.5  23.2  23.1  23.4  23.2  23.2  22.8  23.2  23.1  23.1  23.0  23.3  23.1  23.1  23.0  23.3  23.4  23.9  25.1  29.1  29.1  28.5  28.0  28.0  27.3 
 24.5  24.5  25.0  25.1  24.6  24.7  24.1  23.9  23.2  23.2  23.3  23.2  23.0  23.1  23.3  23.2  23.1  23.0  23.2  23.2  23.0  23.2  23.3  23.2  23.0  23.8  27.8  28.5  28.1  27.9  26.2  25.3 
 25.0  24.6  25.5  25.8  26.1  25.7  25.3  24.7  23.5  23.2  23.3  23.4  23.0  23.1  23.1  23.3  23.2  23.0  23.2  23.1  23.0  22.9  23.1 nan  23.0  23.1  25.3  27.3  27.0  26.1  25.0  24.9 
 25.8  25.5  26.9  27.0  28.8  29.9  38.1  42.1  39.7  33.9  23.8  23.6  23.1  22.9  23.3  23.1  23.1  23.1  23.2  23.1  22.9  22.9  23.2  23.3  23.0  23.0  23.6  23.6  24.0  24.1  24.5  24.4 
 25.8  25.9  27.2  28.0  30.4  32.8  47.6  54.2  58.6  51.5  25.2  23.9  23.3  22.9  23.2  23.1  23.0  22.9  23.1  23.3  23.1  22.8  23.0  23.3  23.1  22.9  24.6  24.7  23.9  23.6  23.9  24.4 
 26.1  26.4  27.9  28.8  32.9  36.7  57.6  66.6  77.5  73.3  30.9  25.0  23.3  23.2  23.2  23.3  23.0  23.1  23.3  23.1  22.9  23.0  23.3  23.2  22.9  23.2  26.1  25.8  23.6  23.8  24.0  23.9 
 26.5  26.1  28.0  28.8  33.1  36.8  57.3  68.9  87.1  81.9  30.3  25.1  23.4  23.2  23.3  23.2  23.0  22.9  23.1  23.3  23.1  22.9  23.3  23.2  23.2  22.8  24.6  25.2  23.5  23.4  24.0  24.2 
 26.1  26.5  28.0  28.3  30.2  32.2  45.8  55.7  67.6  57.2  25.8  24.0  23.4  23.3  23.4  23.3  23.1  23.0  23.2  23.3  23.0  22.9  23.1  23.2  23.1  23.2  23.6  23.5  23.5  23.5  24.1  23.9 
 26.1  26.3  27.4  27.8  28.9  29.8  38.0  43.1  46.4  39.1  24.6  23.7  23.4  23.1  23.4  23.5  23.2  23.2  23.2  23.4  23.1  22.9  23.3  23.4  23.1  22.8  23.6  23.8  23.6  23.4  24.1  24.4 
 26.4  26.5  26.9  27.2  27.3  27.9  29.3  29.6  28.4  26.6  24.1  23.7  23.4  23.3  23.5  23.5  23.3  23.1  23.2  23.2  23.1  23.1  23.3  23.4  23.1  23.3  23.7  23.5  23.4  23.6  23.9  24.2 
 26.1  25.9  26.7  27.0  27.0  27.0  27.9  28.0  26.9  25.4  24.0  24.0  23.4  23.2  23.5  23.5  23.3  22.9  23.5  23.3  23.1  22.9  23.2  23.5  23.4  23.1  23.5  23.7  23.6  23.4  24.0  24.7 
 26.0  25.8  26.8  26.7  26.1  26.0  26.3  26.3  25.5  24.9  24.1  24.0  23.3  23.5  23.6  23.7  23.2  23.3  23.3  23.4  23.2  23.3  23.6  23.4  23.3  23.4  23.9  23.8  23.7  23.7  24.5  25.0 
 26.3  25.7  26.5  26.2  26.1  25.5  25.9  26.2  25.0  24.5  24.0  24.0  23.7  23.5  23.6  23.8  23.4  23.2  23.6  23.5  23.5  23.1  23.6  23.7  23.4  23.3  23.9  24.1  23.8  23.5  24.9  25.5 
 27.5  26.6  26.3  26.3  25.8  25.5  25.7  25.4  24.7  24.4  24.2  24.2  23.8  23.5  23.7  23.9  23.4  23.6  23.9  23.6  23.5  23.5  23.9  23.9  23.6  23.4  24.2  24.5  24.6  24.5  26.4  27.0 
 27.4  26.8  26.3  26.2  26.0  25.4  25.2  25.2  24.6  24.1  24.3  24.2  23.8  23.6  23.9  23.9  23.5  23.4  23.6  23.7  23.7  23.6  23.9  23.9  23.7  23.7  24.8  25.3  25.4  25.0  26.6  28.4 
