 25.2  23.8  24.5  24.2  24.2  23.8  24.2  24.0  23.9  23.3  23.8  23.8  23.6  23.2  23.6  23.4  23.3  23.1  23.6  23.5  23.5  23.2  23.8  23.7  23.8  23.4  25.3  26.3  27.6  27.5  28.8  28.9 
 23.8  24.1  24.0  24.5  23.7  23.9  23.9  24.0  23.5  23.6  23.7  23.9  23.4  23.5  23.7  23.6  23.0  23.4  23.5  23.7  23.1  23.2  23.6  23.7  23.3  23.5  24.7  25.5  26.7  27.6  28.5  28.5 
 24.6  23.7  24.3  23.8  23.9  23.1  23.8  23.5  23.5  23.4  23.7  23.9  23.5  23.0  23.5  23.5  23.4  23.1  23.3  23.2  23.4  23.2  23.6  23.4  23.4  23.4  24.1  24.6  27.2  27.4  28.7  28.8 
 23.8  24.0  24.1  24.1  23.1  23.3  23.8  23.8  23.4  23.5  23.9  23.6  23.0  23.4  23.4  23.5  23.1  23.1  23.5  23.4  23.1  23.3  23.2  23.5  23.3  23.4  24.4  24.2  25.8  27.5  29.2  28.8 
 24.2  23.5  23.8  23.8  23.3  23.2  23.6  23.6  24.2  24.1  24.8  24.1  23.4  23.1  23.4  23.3  23.1  23.0  23.2  23.3  23.3  23.1  23.5  23.6  23.6  23.6  24.9  25.5  26.5  27.9  29.0  29.2 
 23.6  24.0  23.9  23.8  22.9  23.3  23.8  23.7  24.2  25.0  26.5  24.9  23.2  23.3  23.2  23.4  22.8  23.0  23.4  23.2  23.1  23.2  23.4  23.5  23.6  24.1  26.1  26.9  28.1  29.1  29.6  29.2 
 23.9  23.7  23.7  23.6  23.6  23.2  23.7  23.5  24.7  25.7  28.8  25.8  23.2  23.0  23.3  23.4  23.2  22.9  23.4  23.2  23.3  23.1  23.7  23.5  25.0  26.4  29.0  29.8  29.9  29.9  30.2  29.8 
 23.6  23.9  23.7  24.0  23.2  23.4  23.5  23.5  23.5  24.1  25.1  24.1  23.2  23.2  23.4  23.2  23.0  23.1  23.3  23.2  23.1  23.2  23.7  23.7  25.7  27.5  30.0  30.0  29.8  30.2  30.4  29.5 
 24.4  23.6  23.8  23.7  23.3  23.2  23.5  23.4  23.3  23.1  23.7  23.2  23.3  23.1  23.2  23.4  23.1  23.0  23.4  23.3  23.3  23.2  23.4  23.5  27.1  28.8  30.0  29.5  30.1  29.4  29.4  28.3 
 23.8  23.9  23.9  24.0  23.6  23.6  23.6  23.6  23.0  23.2  23.3  23.3  23.0  23.2  23.3  23.2  23.0  23.2  23.4  23.4  23.0  23.2  23.4  23.6  26.9  28.7  29.9  29.3  29.1  28.8  28.4  27.3 
 24.9  24.8  25.2  25.2  25.0  24.7  24.2  23.9  23.5  23.1  23.5  23.4  23.3  22.9  23.3  23.3  23.1  23.0  23.2  23.4  23.2  23.1  23.3  23.4  25.9  27.2  30.0  30.0  29.3  28.4  26.5  25.9 
 24.7  25.0  25.8  25.9  25.9  25.9  25.4  24.7  23.5  23.4  23.4  23.4  23.0  23.2  23.2  23.3  22.9  23.1  23.4  23.2  22.9  23.3  23.3 nan  24.3  25.9  28.8  29.4  28.1  27.4  25.5  25.7 
 26.2  25.5  26.9  27.2  29.1  29.9  38.3  41.9  39.7  33.7  24.1  23.5  23.4  23.3  23.4  23.2  23.4  22.9  23.4  23.3  23.2  22.9  23.3  23.4  23.3  23.4  24.9  25.1  25.3  24.4  24.8  24.8 
 25.7  26.2  27.4  27.9  30.4  33.0  47.6  54.3  58.5  51.6  25.2  24.1  23.2  23.2  23.4  23.3  23.0  23.1  23.4  23.3  22.9  23.0  23.3  23.3  23.2  23.3  24.8  25.1  24.7  24.7  24.7  24.6 
 26.4  26.5  28.2  29.0  33.2  36.8  57.9  66.7  77.7  73.3  31.0  25.1  23.4  23.2  23.4  23.3  23.4  23.1  23.5  23.5  23.2  22.9  23.4  23.2  23.3  23.2  26.2  26.2  24.1  23.8  24.2  24.6 
 26.3  26.4  28.1  28.8  33.0  37.3  57.6  69.0  87.1  82.1  30.5  25.2  23.3  23.5  23.3  23.4  23.1  23.2  23.4  23.4  23.0  23.2  23.2  23.4  23.0  23.1  24.8  25.1  23.7  24.1  24.2  24.4 
 26.4  26.5  28.0  28.3  30.7  32.0  45.9  55.9  67.9  57.1  25.9  24.2  23.7  23.1  23.5  23.2  23.4  23.0  23.5  23.4  23.5  22.9  23.4  23.3  23.5  23.1  23.8  23.9  23.9  23.5  24.4  24.3 
 26.3  27.0  27.5  28.0  28.9  30.0  38.1  43.3  46.4  39.3  24.6  24.0  23.4  23.5  23.5  23.6  23.1  23.1  23.5  23.5  23.2  23.3  23.4  23.4  23.3  23.1  23.5  23.7  23.6  23.7  24.4  24.2 
 26.8  26.0  27.2  27.3  27.7  27.8  29.4  29.8  28.6  26.4  24.3  23.9  23.6  23.4  23.7  23.6  23.7  23.3  23.4  23.6  23.5  23.0  23.6  23.7  23.5  23.1  23.8  23.9  24.0  23.6  24.1  24.4 
 26.1  26.7  27.0  27.3  26.9  27.1  28.0  28.1  26.7  25.6  24.1  24.1  23.5  23.5  23.7  23.5  23.3  23.4  23.7  23.4  23.1  23.3  23.6  23.8  23.4  23.5  23.9  23.9  23.5  23.9  24.5  24.7 
 26.8  26.1  27.0  26.7  26.6  26.1  26.5  26.2  25.6  24.7  24.3  24.2  24.0  23.6  23.7  23.7  23.6  23.3  23.7  23.6  23.6  23.3  24.0  23.6  23.9  23.2  24.0  24.1  24.3  23.6  24.9  25.2 
 26.1  26.6  26.6  26.9  25.8  26.3  26.2  26.1  24.9  24.8  24.2  24.5  23.6  23.7  23.5  23.9  23.4  23.4  23.7  23.8  23.3  23.5  23.8  23.7  23.2  23.7  23.9  24.3  23.9  24.0  25.2  26.5 
 27.5  26.4  26.4  26.5  25.9  25.4  25.8  25.4  24.9  24.2  24.4  24.5  24.2  23.7  23.9  23.8  23.7  23.5  23.8  23.7  23.7  23.5  24.1  24.0  23.8  23.6  24.4  24.8  25.0  24.3  26.7  27.5 
 27.1  27.6  26.5  26.4  25.7  26.0  25.5  25.3  24.6  24.7  24.2  24.6  23.7  24.1  24.0  23.9  23.7  23.6  23.9  23.9  23.8  24.0  24.0  24.1  23.5  23.9  25.0  25.2  25.0  25.8  27.9  28.4 
