 24.5  23.6  24.0  24.1  24.0  23.5  23.7  23.8  23.7  23.3  23.7  23.8  23.4  23.0  23.3  23.4  23.3  23.0  23.6  23.3  23.4  23.0  23.6  23.4  23.4  23.7  26.6  27.1  27.9  27.1  28.5  29.0 
 23.9  23.7  24.2  24.0  23.5  23.7  23.6  23.8  23.5  23.7  23.6  23.6  23.3  23.3  23.5  23.4  23.1  23.3  23.6  23.2  23.2  23.2  23.4  23.8  23.3  24.0  25.6  26.7  27.1  27.4  28.7  28.5 
 24.0  23.5  24.0  23.8  23.5  23.1  23.6  23.6  23.4  23.3  23.7  23.8  23.4  23.1  23.6  23.3  23.3  22.9  23.1  23.1  23.1  22.9  23.4  23.5  23.8  23.5  24.8  25.2  27.6  27.6  28.3  28.6 
 23.6  23.7  23.8  24.0  23.1  23.2  23.5  23.7  23.4  23.7  23.6  23.6  23.0  23.2  23.1  23.3  23.0  23.1  23.4  23.3  23.1  23.2  23.4  23.3  23.4  23.8  24.6  25.5  27.0  28.3  29.1  29.0 
 23.7  23.4  23.9  23.7  23.4  23.0  23.6  23.6  23.7  24.0  24.8  23.9  23.0  23.0  23.2  23.3  23.1  22.9  23.3  23.3  23.2  22.8  23.3  23.3  25.3  25.1  27.1  26.9  28.5  28.6  29.5  29.2 
 23.1  23.6  23.8  23.6  23.0  23.3  23.4  23.5  23.9  25.1  26.4  24.9  23.0  23.0  23.2  23.2  22.8  23.0  23.2  23.3  23.1  23.1  23.2  23.9  26.0  27.5  28.1  29.1  29.3  29.5  29.6  29.5 
 23.7  23.7  23.9  23.7  23.0  23.2  23.4  23.6  24.4  25.7  28.5  25.5  23.2  22.8  23.3  23.0  22.9  22.8  23.2  23.2  23.2  22.8  24.2  24.1  28.7  28.6  30.0  30.1  30.0  29.6  30.0  29.8 
 23.5  23.7  23.4  23.8  23.1  23.1  23.3  23.4  23.5  24.0  25.1  24.0  22.9  23.0  23.2  23.3  23.0  23.0  23.2  23.2  22.8  23.0  23.6  25.8  28.3  30.2  30.4  29.8  29.4  30.3  30.3  29.6 
 24.1  23.4  23.8  23.4  23.3  23.0  23.4  23.4  23.1  22.9  23.2  23.4  23.2  22.8  23.1  23.3  23.1  22.9  23.3  23.2  23.3  23.0  24.3  24.3  29.9  29.9  29.5  29.4  29.9  29.7  28.9  27.8 
 23.5  24.0  23.9  24.1  23.4  23.4  23.4  23.4  23.1  23.3  23.3  23.2  22.9  22.9  23.1  23.0  22.8  23.1  23.2  23.2  23.0  23.1  23.5  25.8  28.6  29.7  29.2  29.2  29.4  29.5  28.6  26.6 
 24.7  24.3  25.0  25.2  25.0  24.6  24.1  23.8  23.3  23.1  23.3  23.3  23.0  22.8  23.2  23.3  23.2  22.9  23.2  23.2  23.0  22.8  23.5  23.5  27.2  27.1  29.5  28.9  28.2  27.8  25.7  25.8 
 24.6  24.8  25.4  25.8  25.8  26.0  25.2  24.7  23.5  23.4  23.4  23.4  23.0  22.9  23.1  23.3  22.9  23.2  23.2  23.2  23.0  23.1  23.2 nan  23.9  26.7  27.8  28.6  27.7  26.4  25.5  25.3 
 25.7  25.4  26.9  27.1  28.8  29.6  38.3  42.0  39.7  33.6  23.9  23.6  23.1  23.0  23.3  23.3  23.2  22.9  23.4  23.1  23.1  22.8  23.3  23.2  23.2  23.0  25.0  24.7  24.9  24.4  24.8  24.8 
 25.5  25.7  27.3  27.9  30.2  32.8  47.6  54.3  58.5  51.8  25.1  23.8  23.2  23.3  23.2  23.4  22.9  23.2  23.0  23.3  23.0  23.1  23.0  23.4  23.1  23.1  24.5  25.3  24.3  24.2  24.4  24.7 
 26.2  26.3  28.2  28.8  32.8  36.6  57.5  66.3  77.3  73.1  30.8  25.1  23.2  22.9  23.4  23.3  23.2  22.8  23.2  23.2  23.1  22.8  23.3  23.3  23.2  23.1  26.2  25.9  24.2  23.7  24.3  24.6 
 26.0  26.4  28.1  28.7  32.7  37.1  57.2  68.7  86.9  82.0  30.4  25.0  23.3  23.3  23.1  23.2  23.0  23.0  23.3  23.3  22.9  23.0  23.2  23.3  22.8  23.2  24.8  25.1  23.6  23.6  24.2  24.4 
 26.2  26.0  27.9  28.4  30.2  31.9  45.7  55.7  67.8  57.1  25.9  24.0  23.4  22.9  23.4  23.4  23.2  22.9  23.3  23.2  23.0  22.9  23.3  23.2  23.2  23.0  23.5  23.6  23.7  23.2  24.2  24.3 
 26.0  26.5  27.4  27.8  28.7  29.8  37.9  43.0  46.3  39.3  24.3  23.8  23.4  23.4  23.3  23.3  23.0  23.1  23.3  23.3  23.0  23.1  23.3  23.5  23.1  23.1  23.5  23.6  23.4  23.7  24.1  24.2 
 26.2  26.1  27.0  27.0  27.5  27.6  29.1  29.7  28.6  26.4  24.3  23.8  23.4  23.4  23.6  23.4  23.4  23.1  23.5  23.4  23.4  22.8  23.5  23.5  23.2  23.1  23.5  23.6  23.8  23.4  24.1  24.3 
 25.8  26.5  26.6  27.1  27.0  27.1  27.9  27.8  26.6  25.6  24.0  23.9  23.3  23.5  23.6  23.4  23.1  23.3  23.3  23.3  23.1  23.2  23.3  23.5  23.1  23.2  23.6  23.6  23.6  23.9  24.2  24.9 
 26.5  26.1  26.6  26.3  26.4  26.5  26.3  26.6  25.6  24.4  24.1  24.0  23.6  23.4  23.6  23.7  23.3  23.1  23.4  23.5  23.2  23.1  23.6  23.5  23.4  23.3  23.7  24.1  23.6  23.4  24.7  25.9 
 25.7  26.0  26.5  26.7  25.8  25.9  26.0  26.0  24.7  24.5  24.1  24.0  23.5  23.4  23.4  23.7  23.2  23.3  23.6  23.7  23.2  23.4  23.5  23.5  23.5  23.3  23.8  24.0  23.7  24.0  25.7  26.1 
 27.2  26.2  26.3  26.2  25.7  25.2  25.5  25.2  24.8  24.3  24.3  24.4  24.0  23.4  23.7  23.5  23.6  23.2  24.0  23.8  23.4  23.4  23.9  23.6  23.5  23.2  24.4  24.5  24.4  24.2  26.3  26.4 
 27.2  27.1  26.5  25.8  25.8  25.5  25.5  25.2  24.4  24.4  24.3  24.5  23.8  23.7  24.0  23.9  23.3  23.6  23.8  23.8  23.4  23.7  23.9  23.9  23.8  23.8  25.0  25.5  25.1  25.0  26.4  27.9 
