 24.7  23.9  24.5  24.2  24.0  23.8  23.9  23.9  23.6  23.4  24.0  23.7  23.4  23.2  23.8  23.6  23.3  23.1  23.3  23.3  23.4  23.0  23.7  23.8  23.5  23.0  25.6  26.1  27.9  27.6  28.5  28.6 
 24.2  24.1  24.3  24.7  23.8  23.5  23.6  23.7  23.6  23.7  23.5  23.7  23.3  23.3  23.3  23.4  23.4  23.3  23.5  23.4  23.2  23.5  23.4  23.7  23.4  23.7  24.7  25.7  26.9  27.6  28.0  28.8 
 24.2  23.8  24.2  23.8  23.8  23.1  23.9  23.6  23.6  23.4  23.7  23.6  23.3  23.1  23.6  23.3  23.3  23.1  23.6  23.3  23.3  23.0  23.4  23.5  23.7  23.1  24.0  24.5  26.9  27.2  28.6  28.4 
 23.6  23.9  24.0  24.1  23.4  23.3  23.7  23.9  23.6  23.5  24.0  23.8  22.9  23.3  23.3  23.4  23.1  23.2  23.3  23.5  23.0  23.1  23.3  23.6  23.4  23.5  24.1  24.4  25.8  27.2  28.9  28.6 
 23.7  23.5  24.1  23.6  23.5  23.0  23.6  23.7  23.9  24.0  24.8  24.1  23.3  23.1  23.3  23.3  23.1  22.9  23.3  23.1  23.1  23.0  23.3  23.2  23.4  23.2  25.0  25.2  26.4  27.6  29.3  28.8 
 23.6  23.7  23.8  23.5  23.4  23.5  23.6  23.7  24.2  25.1  26.5  24.9  23.1  23.2  23.2  23.5  22.9  23.0  23.3  23.2  23.2  23.1  23.2  23.5  23.5  23.7  25.9  26.8  27.9  28.7  29.4  29.4 
 23.7  23.7  23.9  23.6  23.4  22.8  23.6  23.6  24.8  25.9  28.6  25.5  23.2  23.2  23.3  23.3  23.2  23.0  23.4  23.1  23.1  23.2  23.5  23.5  24.2  25.3  28.8  29.4  29.6  29.7  30.2  29.6 
 23.8  24.0  23.4  23.7  23.1  23.4  23.4  23.5  23.6  24.2  24.9  24.1  23.1  23.1  23.3  23.3  23.0  23.1  23.2  23.4  23.1  23.0  23.4  23.5  24.8  26.5  29.6  29.7  29.6  30.1  30.1  29.7 
 24.0  23.4  24.1  23.7  23.4  23.3  23.5  23.4  23.4  23.1  23.6  23.3  23.1  23.0  23.2  23.2  23.0  23.0  23.3  23.3  23.2  23.1  23.4  23.4  25.9  27.7  30.0  29.4  29.9  29.4  29.5  28.3 
 23.7  23.7  23.9  24.1  23.4  23.4  23.5  23.6  23.2  23.3  23.2  23.5  23.1  23.0  23.3  23.3  22.9  23.1  23.2  23.3  23.2  23.2  23.3  23.6  25.9  27.5  29.8  29.6  29.3  28.9  28.4  27.8 
 24.9  24.5  25.2  25.2  24.9  24.6  24.2  23.8  23.4  23.2  23.5  23.3  23.1  23.0  23.4  23.2  23.3  22.9  23.4  23.1  23.2  23.0  23.4  23.1  24.7  26.1  29.5  29.4  29.1  28.4  26.5  25.7 
 24.7  25.0  25.5  26.0  25.9  26.0  25.3  24.7  23.5  23.5  23.5  23.5  23.1  23.1  23.1  23.3  22.8  23.2  23.2  23.4  23.0  23.2  23.2 nan  23.7  24.7  28.1  28.9  27.9  27.2  25.8  25.5 
 25.8  25.5  26.9  27.1  29.0  29.8  38.3  41.9  39.9  33.8  24.0  23.5  23.3  23.0  23.4  23.3  23.2  22.9  23.5  23.1  23.1  23.0  23.5  23.4  23.3  22.9  24.6  24.9  25.1  24.6  24.8  24.9 
 25.8  26.3  27.2  28.3  30.1  32.9  47.8  54.4  58.6  51.7  25.2  24.1  23.3  23.2  23.2  23.5  23.1  23.2  23.3  23.4  23.0  23.1  23.3  23.4  23.2  23.2  24.5  25.2  24.5  24.3  24.6  24.8 
 26.7  26.4  28.3  28.8  33.0  36.9  57.9  66.6  77.6  73.2  30.9  25.1  23.6  23.0  23.5  23.3  23.5  23.0  23.4  23.2  23.2  23.0  23.5  23.1  23.3  23.2  26.4  25.9  24.3  23.7  24.3  24.5 
 26.0  26.7  28.1  29.1  32.8  37.2  57.4  69.0  87.1  82.1  30.4  25.1  23.2  23.3  23.2  23.4  23.0  23.2  23.2  23.5  22.8  23.3  23.2  23.4  23.1  23.1  24.6  25.5  23.9  23.8  24.0  24.9 
 26.4  26.3  28.0  28.3  30.7  32.1  45.9  55.7  67.7  57.2  26.0  24.1  23.6  23.0  23.4  23.1  23.2  23.0  23.3  23.3  23.1  22.8  23.3  23.2  23.2  23.0  23.6  23.8  23.8  23.6  24.4  24.1 
 26.3  26.8  27.5  28.2  28.9  30.0  37.8  43.2  46.4  39.2  24.4  24.1  23.5  23.4  23.5  23.3  23.3  23.1  23.5  23.6  23.1  23.2  23.2  23.5  23.3  23.3  23.5  23.7  23.7  23.6  24.3  24.6 
 26.8  26.0  27.4  27.3  27.7  27.4  29.4  29.6  28.6  26.6  24.2  24.1  23.6  23.3  23.7  23.5  23.6  23.2  23.4  23.4  23.4  23.1  23.6  23.7  23.5  23.0  23.7  23.5  23.7  23.4  24.3  24.4 
 26.1  26.4  27.0  27.3  27.0  27.1  27.9  28.0  26.7  25.6  24.1  24.0  23.5  23.4  23.6  23.6  23.3  23.3  23.5  23.6  23.2  23.2  23.4  23.7  23.2  23.3  23.6  23.8  23.3  23.9  24.3  24.7 
 26.4  26.1  26.8  26.6  26.6  26.2  26.5  26.5  25.4  24.7  24.3  24.1  23.8  23.5  23.9  23.7  23.5  23.2  23.6  23.4  23.7  23.0  24.0  23.6  23.7  23.3  24.2  23.7  23.8  23.6  25.4  25.2 
 26.3  26.6  26.3  26.6  26.1  26.1  25.9  26.2  24.9  24.7  24.2  24.2  23.7  23.8  23.5  23.9  23.3  23.5  23.7  23.7  23.3  23.3  23.5  23.9  23.2  23.7  23.9  24.5  23.9  24.0  24.9  26.2 
 27.8  26.6  26.5  26.3  26.1  25.5  25.7  25.4  24.9  24.3  24.5  24.1  24.0  23.5  23.9  23.8  23.8  23.5  24.1  23.7  23.7  23.4  24.1  24.0  23.8  23.5  24.6  24.7  24.6  24.3  27.1  27.5 
 28.0  27.4  25.9  26.4  25.2  25.4  25.2  25.5  24.4  24.5  24.3  24.5  23.9  24.1  23.9  24.1  23.7  23.9  23.7  24.0  23.4  23.9  23.9  24.1  23.5  24.2  24.8  25.5  25.2  25.6  27.0  28.9 
