 23.4  22.7  23.3  23.0  22.8  22.5  22.7  22.8  22.5  22.2  22.8  22.5  22.4  22.2  22.4  22.6  22.1  22.2  22.7  22.7  22.2  22.4  22.9  22.6  22.4  22.4  23.4  23.7  23.2  23.1  24.5  24.8 
 23.2  23.0  23.2  23.4  22.7  22.2  22.6  23.0  22.4  22.5  22.6  22.7  22.2  22.4  22.4  22.5  22.2  22.1  22.5  22.7  22.3  22.3  22.5  22.9  22.3  22.3  23.1  24.3  23.7  23.1  23.9  24.6 
 23.2  22.8  23.3  22.9  22.8  22.3  22.9  22.6  22.5  22.5  22.7  22.6  22.2  22.4  22.5  22.5  22.4  22.2  22.5  22.4  22.3  22.2  22.8  22.5  22.5  22.5  23.1  22.9  23.0  22.7  23.7  23.7 
 22.9  22.7  22.9  23.2  22.3  22.3  22.8  22.9  22.5  22.5  22.8  22.7  22.2  22.0  22.4  22.7  22.3  22.1  22.6  22.5  22.2  22.4  22.6  22.7  22.3  22.4  22.8  23.2  22.6  22.6  23.2  24.0 
 23.1  23.1  23.0  22.7  22.5  22.4  23.0  22.8  22.9  22.9  22.9  22.5  22.3  22.2  22.5  22.4  22.2  22.3  22.4  22.3  22.3  22.3  22.6  22.6  22.3  22.6  22.9  22.7  22.4  22.8  23.1  23.2 
 22.8  22.8  22.8  23.2  22.4  22.5  23.1  23.2  23.4  23.6  23.1  22.8  22.4  22.2  22.3  22.6  22.3  22.2  22.6  22.6  22.4  22.2  22.5  22.7  22.6  22.4  22.7  23.0  22.9  22.9  23.6  23.2 
 22.8  22.7  23.1  22.7  22.3  22.5  23.2  23.4  25.0  26.1  24.1  23.3  22.3  22.2  22.6  22.3  22.3  22.2  22.4  22.3  22.3  22.1  22.8  22.6  22.4  22.3  23.0  22.9  22.6  22.7  23.3  22.7 
 22.9  22.8  22.7  23.2  22.5  22.4  23.1  23.3  25.4  26.6  24.3  23.1  22.4  22.4  22.4  22.5  22.2  22.1  22.2  22.5  22.2  22.3  22.7  22.8  22.2  22.4  22.6  22.9  22.4  22.6  23.0  22.2 
 23.3  23.0  23.1  22.9  22.8  22.5  23.1  22.9  23.2  23.0  23.1  22.6  22.4  22.4  22.6  22.4  22.2  22.3  22.6  22.4  22.5  22.3  22.8  22.7  22.5  22.3  23.2  22.6  22.6  22.4  23.2  22.9 
 23.5  23.0  23.1  23.3  22.8  22.6  22.8  22.8  22.7  22.8  22.7  22.9  22.3  22.2  22.4  22.6  22.3  22.3  22.5  22.6  22.3  22.5  22.5  22.8  22.6  22.4  22.9  23.2  22.7  22.5  23.5  23.0 
 23.8  23.3  24.0  24.0  23.6  23.4  23.4  23.2  22.7  22.7  22.8  22.6  22.5  22.4  22.7  22.5  22.5  22.3  22.7  22.6  22.4  22.3  22.7  22.6  22.4  22.3  23.4  23.5  23.3  22.9  23.4  23.1 
 23.5  23.8  24.0  24.6  24.3  24.3  24.1  23.7  22.9  22.7  22.8  22.8  22.6  22.2  22.6  22.6  22.3  22.3  22.6  22.7  22.3  22.2  22.6 nan  22.3  22.3  24.2  24.8  23.6  22.7  22.9  23.6 
 24.2  23.9  25.4  25.7  26.9  27.5  32.8  34.9  33.0  29.1  23.3  22.8  22.7  22.4  22.6  22.4  22.4  22.3  22.6  22.4  22.3  22.2  22.6  22.7  22.4  22.4  23.9  24.3  23.1  22.8  23.4  23.2 
 24.4  24.6  25.8  26.7  28.3  29.8  41.5  48.9  53.4  47.2  24.5  23.3  22.4  22.6  22.6  22.8  22.3  22.4  22.7  22.9  22.3  22.2  22.7  22.7  22.5  22.4  23.0  23.3  23.2  22.7  23.3  23.4 
 24.8  25.1  26.5  27.4  30.5  33.5  54.9  63.1  74.6  71.2  34.5  25.4  22.6  22.5  22.7  22.5  22.6  22.3  22.7  22.6  22.5  22.3  22.8  22.5  22.6  22.3  22.9  22.6  22.9  22.7  23.3  23.1 
 24.8  25.1  26.7  27.5  30.4  34.1  53.5  62.7  78.4  78.8  36.8  26.0  22.7  22.4  22.5  22.7  22.5  22.3  22.6  22.8  22.4  22.5  22.6  22.8  22.4  22.4  22.8  22.9  22.5  22.7  23.0  23.5 
 25.2  25.1  26.5  26.7  29.4  31.4  44.3  53.3  72.8  69.6  30.0  24.3  22.7  22.4  22.5  22.4  22.4  22.3  22.7  22.7  22.5  22.5  22.8  22.7  22.7  22.6  22.9  23.2  22.6  22.7  23.3  23.3 
 24.9  25.2  26.1  26.8  28.3  29.5  36.8  42.2  53.7  49.0  25.7  23.7  22.6  22.6  22.7  22.7  22.4  22.3  22.7  22.7  22.5  22.4  22.5  22.9  22.6  22.4  22.7  22.9  22.8  22.8  23.3  23.5 
 25.2  24.8  26.5  26.4  26.6  26.8  28.8  29.3  29.6  27.9  23.7  23.0  22.5  22.4  23.0  22.7  22.7  22.5  22.7  22.6  22.5  22.4  22.9  22.6  22.8  22.6  23.0  22.9  22.9  22.9  23.6  23.7 
 24.9  25.3  25.7  26.4  26.2  26.2  27.2  27.5  26.9  25.8  23.7  23.2  22.8  22.6  22.8  22.7  22.4  22.5  22.7  22.9  22.4  22.4  22.6  23.0  22.7  22.7  22.9  23.4  23.0  22.9  23.5  23.9 
 25.1  24.8  25.8  25.6  25.3  25.1  25.6  25.4  25.0  24.3  23.4  23.2  22.8  22.7  22.9  22.7  22.5  22.5  22.9  22.7  22.5  22.4  23.0  23.0  22.9  22.7  23.0  23.0  23.3  23.7  24.6  24.8 
 24.9  25.0  25.2  25.7  25.3  24.8  25.1  25.4  24.3  24.1  23.4  23.6  22.7  22.5  22.8  23.0  22.6  22.6  22.9  23.0  22.7  22.4  22.8  23.1  22.7  22.6  23.1  23.6  24.3  24.2  25.0  25.9 
 25.5  25.0  25.3  25.0  24.8  24.3  25.1  24.5  24.1  23.6  23.8  23.4  23.0  22.5  23.0  23.0  22.8  22.6  23.2  22.9  23.0  22.7  23.1  23.3  23.2  23.3  25.1  25.2  25.8  25.1  26.4  26.5 
 26.2  25.4  25.4  25.5  24.5  24.5  24.6  24.6  23.8  23.5  23.4  23.7  22.7  23.0  22.9  23.1  22.6  22.7  22.9  23.0  23.0  22.8  23.5  23.8  23.8  24.3  25.7  26.2  25.4  25.9  26.9  27.7 
