 24.7  23.8  24.0  23.9  24.2  24.0  23.9  23.6  23.8  23.3  23.7  23.8  23.6  23.1  23.4  23.5  23.5  22.9  23.4  23.1  23.6  23.2  23.6  23.5  23.5  23.1  24.0  26.0  26.4  26.8  27.4  28.0 
 24.1  24.1  24.1  24.2  23.6  23.8  23.4  23.9  23.5  23.6  23.6  23.8  23.2  23.4  23.4  23.5  22.9  23.4  23.3  23.5  23.2  23.0  23.5  23.6  23.2  23.6  24.2  24.9  26.6  26.8  27.9  27.9 
 24.3  23.7  24.3  23.5  23.8  23.0  23.7  23.6  23.7  23.3  23.6  23.4  23.3  23.2  23.4  23.3  23.3  23.2  23.2  23.2  23.4  23.1  23.3  23.4  23.5  23.2  24.0  24.7  26.7  26.6  27.6  27.8 
 23.6  23.5  23.7  23.9  23.2  23.3  23.5  23.8  23.3  23.5  23.7  23.7  23.2  23.3  23.2  23.5  23.2  23.0  23.3  23.4  23.1  23.3  23.3  23.3  22.9  23.4  24.1  24.7  26.3  26.8  28.2  27.9 
 24.1  23.6  23.7  23.7  23.6  23.1  23.6  23.4  24.1  23.9  24.8  23.8  23.4  23.0  23.3  23.2  23.2  22.9  23.3  23.1  23.2  22.8  23.3  23.2  23.4  23.2  23.6  24.2  25.7  26.6  27.7  28.2 
 23.5  24.0  23.5  23.6  23.1  23.4  23.5  23.7  23.9  25.0  26.5  24.8  23.1  23.2  23.0  23.3  23.1  23.2  23.2  23.3  23.0  23.2  23.3  23.5  23.4  23.3  24.3  23.6  26.0  26.3  28.5  28.0 
 24.1  23.4  23.7  23.6  23.4  22.9  23.6  23.3  24.5  25.7  28.5  25.4  23.2  22.9  23.1  23.1  23.2  22.8  23.1  23.2  23.2  22.7  23.5  23.2  23.5  24.3  23.7  27.7  25.1  28.8  28.1  29.1 
 23.5  23.8  23.6  23.8  23.2  23.3  23.1  23.5  23.4  24.1  24.8  24.1  23.0  23.3  23.2  23.2  22.9  23.2  23.1  23.2  22.9  23.3  23.2  23.5  24.0  23.3  28.3  25.1  29.4  26.7  29.7  28.1 
 24.2  23.4  23.8  23.5  23.4  23.1  23.6  23.3  23.2  22.9  23.4  23.3  23.2  23.0  23.1  23.1  23.2  23.0  23.3  23.1  23.1  23.0  23.4  23.2  23.5  26.2  26.9  29.7  28.3  30.0  29.6  30.1 
 23.7  23.8  23.9  24.0  23.4  23.7  23.3  23.6  23.0  23.2  23.0  23.4  22.9  23.0  23.0  23.2  23.0  23.2  23.0  23.4  22.9  23.1  23.1  23.3  24.8  24.8  29.5  28.7  29.8  29.2  30.7  30.1 
 25.0  24.6  25.1  25.1  25.1  24.6  24.2  23.5  23.4  23.1  23.5  23.1  23.2  22.9  23.3  23.1  23.1  22.9  23.3  23.2  23.1  23.0  23.4  23.1  24.0  25.9  28.7  29.6  30.2  29.8  30.8  28.1 
 24.7  25.1  25.6  25.9  26.0  26.1  25.2  24.9  23.4  23.6  23.2  23.5  22.9  23.1  23.2  23.2  23.0  23.2  23.3  23.4  23.0  23.2  23.3 nan  23.7  25.1  28.6  29.4  29.0  30.1  28.4  30.9 
 26.0  25.3  26.8  26.9  28.9  29.7  38.2  41.9  39.8  33.8  23.9  23.4  23.3  23.1  23.1  23.2  23.3  22.9  23.4  23.2  23.3  22.8  23.1  23.3  23.8  23.2  29.0  26.5  29.6  27.0  30.4  26.2 
 25.6  25.9  27.1  28.0  30.3  33.0  47.6  54.3  58.6  51.3  25.0  23.9  23.2  23.3  23.1  23.4  23.0  23.2  23.1  23.3  23.0  23.1  23.0  23.4  23.2  23.9  25.0  29.4  26.2  29.8  25.7  29.3 
 26.2  26.7  28.1  28.6  33.2  36.9  57.9  66.5  77.3  73.2  30.4  24.9  23.5  23.1  23.3  23.2  23.4  23.0  23.3  23.2  23.2  22.9  23.4  23.1  23.4  23.2  26.7  25.9  27.5  24.2  29.6  25.6 
 26.1  26.6  27.8  29.0  32.8  37.3  57.3  69.0  87.0  81.7  30.4  25.0  23.3  23.3  23.1  23.3  22.9  23.2  23.3  23.3  22.9  23.1  23.1  23.3  23.0  23.4  24.4  25.5  23.7  27.3  24.7  29.6 
 26.5  26.4  27.8  28.3  30.5  32.0  46.1  55.6  67.8  57.1  25.8  24.0  23.6  23.2  23.4  23.3  23.2  23.1  23.5  23.2  23.3  23.0  23.1  23.2  23.3  23.0  23.4  23.6  24.6  23.4  29.3  25.2 
 26.2  26.5  27.6  27.9  28.7  30.2  37.9  43.3  46.4  39.2  24.3  23.9  23.5  23.5  23.4  23.6  23.1  23.1  23.2  23.4  23.1  23.2  23.2  23.5  23.2  23.1  23.4  23.7  23.6  25.8  24.5  28.8 
 26.6  26.3  27.3  27.2  27.7  27.7  29.2  29.5  28.6  26.5  24.2  23.8  23.5  23.2  23.6  23.5  23.5  23.2  23.3  23.3  23.5  23.0  23.5  23.4  23.4  22.9  23.5  23.6  23.9  23.3  25.5  24.7 
 26.0  26.4  26.7  26.9  26.7  27.1  27.8  28.1  26.6  25.6  23.9  24.0  23.5  23.6  23.5  23.6  23.1  23.4  23.4  23.6  23.2  23.2  23.2  23.5  23.2  23.4  23.5  23.5  23.4  24.0  24.4  25.7 
 26.4  25.8  26.5  26.5  26.5  26.0  26.4  26.3  25.6  24.5  24.2  23.9  23.9  23.3  23.7  23.6  23.5  23.1  23.7  23.3  23.5  23.1  23.8  23.3  23.9  23.1  23.6  23.9  24.1  23.2  25.1  25.6 
 26.2  26.3  26.4  26.6  26.1  26.0  25.7  26.2  24.8  24.8  24.2  24.3  23.4  23.7  23.5  23.9  23.3  23.5  23.5  23.7  23.4  23.5  23.6  23.9  23.0  23.6  23.8  24.2  23.6  24.2  25.5  27.0 
 27.7  26.2  26.2  25.9  26.0  25.5  25.9  25.0  24.9  24.4  24.4  24.2  23.9  23.6  24.0  23.6  23.8  23.3  23.8  23.6  23.9  23.3  24.1  23.9  23.7  23.4  24.6  24.6  24.8  24.4  26.9  26.7 
 27.4  27.3  26.2  26.2  25.3  25.6  25.2  25.6  24.3  24.4  24.1  24.5  23.7  23.9  23.7  24.1  23.4  23.7  23.7  23.8  23.6  23.7  23.7  24.1  23.6  23.9  24.6  25.5  25.1  25.5  26.7  28.6 
