 24.3  23.0  23.8  23.7  23.1  22.8  23.0  22.8  22.6  22.4  22.9  22.9  22.6  22.2  22.8  22.6  22.7  22.5  22.8  22.8  22.9  22.6  23.4  23.1  27.3  26.3  30.4  30.6  29.1  30.3  27.8  29.2 
 23.7  23.4  24.0  23.6  23.1  22.9  23.0  22.9  22.7  22.4  22.9  23.0  22.4  22.6  22.9  22.7  22.5  22.4  22.9  22.8  22.7  22.7  23.1  24.4  25.4  28.8  30.3  30.0  30.9  27.6  28.9  27.3 
 23.7  22.9  23.2  23.5  22.9  22.5  22.9  23.0  22.7  22.5  22.8  22.9  22.6  22.5  22.7  22.7  22.5  22.6  22.7  22.7  22.7  22.7  23.1  23.3  26.3  27.5  29.5  30.2  26.8  28.3  24.7  26.4 
 23.0  23.1  23.4  23.6  22.8  22.6  23.2  23.0  22.7  22.8  22.9  22.8  22.5  22.4  22.8  22.8  22.6  22.4  22.9  22.9  22.6  22.6  23.0  23.3  25.1  26.2  29.7  27.9  28.5  25.2  25.3  24.7 
 23.2  23.0  23.4  23.1  22.8  22.8  23.0  23.1  23.1  23.1  23.0  22.8  22.6  22.5  23.0  22.5  22.6  22.4  22.6  22.8  22.6  22.7  22.9  23.0  22.9  23.9  23.7  26.5  23.3  24.3  23.7  24.3 
 23.2  23.1  23.4  23.2  22.7  22.7  23.3  23.2  23.4  23.8  23.2  22.9  22.5  22.6  22.7  22.7  22.4  22.5  22.8  22.7  22.5  22.7  23.1  23.0  22.9  22.7  23.4  23.2  23.2  23.3  23.9  23.6 
 23.1  23.1  23.0  23.1  22.8  22.7  23.0  23.4  25.5  26.8  24.2  23.2  22.7  22.4  22.7  22.6  22.6  22.6  22.8  22.8  22.7  22.7  23.0  22.9  22.8  22.5  23.2  23.3  23.1  22.9  23.4  23.5 
 22.9  23.0  23.2  23.1  22.8  22.7  23.2  23.4  25.9  27.9  24.8  23.3  22.7  22.4  22.7  22.8  22.7  22.5  22.7  22.7  22.7  22.6  23.0  22.9  22.7  22.8  23.1  23.3  23.1  23.0  23.3  22.6 
 23.7  23.0  23.4  22.9  22.6  22.7  23.1  23.0  23.4  23.4  23.1  22.9  22.8  22.5  22.8  22.7  22.6  22.5  22.9  22.9  22.8  22.7  22.9  23.0  22.8  22.7  23.2  23.2  23.0  23.1  23.3  23.6 
 23.2  23.1  23.6  23.3  22.7  22.6  22.9  23.1  22.9  23.0  22.8  22.8  22.5  22.5  22.6  22.8  22.6  22.7  22.7  22.9  22.7  22.7  22.8  22.9  22.9  22.7  23.2  23.6  23.3  23.3  23.8  23.7 
 23.9  23.5  23.6  23.8  23.6  23.2  23.1  23.0  22.8  22.7  22.8  22.7  22.6  22.4  22.7  22.7  22.7  22.5  22.9  22.9  22.7  22.6  22.9  22.8  22.8  22.9  23.5  23.7  24.0  23.3  23.8  23.7 
 23.5  23.5  23.9  24.1  24.1  23.8  23.5  23.3  22.7  22.7  22.8  22.9  22.6  22.6  22.7  22.9  22.5  22.5  22.9  22.8  22.5  22.6  22.9 nan  22.9  22.7  24.4  25.0  24.0  23.2  23.7  23.8 
 24.3  23.9  25.1  25.2  26.1  26.5  29.0  29.3  27.6  25.9  22.9  22.8  22.7  22.5  22.9  22.7  22.7  22.4  22.8  22.7  22.6  22.7  22.8  22.9  22.9  22.9  24.5  25.2  23.8  23.1  23.9  23.9 
 24.6  24.6  25.7  25.9  27.2  28.4  36.3  41.9  44.5  39.2  23.8  23.3  22.8  22.7  22.8  22.7  22.6  22.5  22.7  22.8  22.6  22.6  23.0  22.9  22.6  22.9  23.5  24.1  23.6  23.3  23.7  23.7 
 25.1  24.8  26.2  26.9  29.9  32.2  50.9  59.3  70.5  67.2  34.2  25.8  23.0  22.7  22.8  22.8  22.6  22.5  22.8  22.7  22.5  22.6  22.9  23.0  22.8  22.9  23.1  23.2  23.2  23.2  23.7  23.8 
 25.5  25.4  27.0  27.3  30.2  32.7  51.5  60.1  75.5  75.3  38.8  26.5  22.9  22.9  22.7  22.8  22.6  22.5  22.8  22.8  22.7  22.7  22.9  22.9  22.8  22.7  23.2  23.2  23.2  23.3  24.1  24.0 
 25.5  25.4  26.5  26.8  29.5  31.6  45.1  54.5  78.0  78.0  34.0  25.3  23.0  22.7  22.9  22.9  22.7  22.5  22.8  22.9  22.9  22.7  22.8  22.9  23.0  22.8  23.4  23.5  23.3  23.2  23.9  24.1 
 25.4  25.1  26.4  26.7  28.6  29.8  38.4  44.6  60.7  58.2  27.8  24.3  23.0  23.0  23.0  23.0  22.6  22.5  22.9  23.1  22.8  22.6  23.0  23.3  22.8  22.8  23.4  23.5  23.5  23.1  23.9  24.0 
 25.4  25.3  26.3  26.4  26.9  27.1  29.2  30.5  32.1  30.2  24.2  23.5  22.9  22.8  23.1  23.1  22.9  22.7  22.9  23.0  22.9  22.6  23.2  23.3  23.0  22.8  23.3  23.3  23.5  23.0  23.7  24.3 
 25.4  25.6  26.2  26.2  26.3  26.4  27.9  28.1  27.9  27.2  24.0  23.6  22.9  22.9  23.1  22.9  22.9  22.7  23.1  23.0  22.6  22.8  23.2  23.3  22.7  23.0  23.4  23.3  23.2  23.2  24.2  24.2 
 25.7  25.6  25.8  25.7  25.9  25.7  26.1  25.9  25.7  25.0  23.7  23.7  23.1  22.9  23.2  23.2  22.9  23.0  23.0  23.0  23.1  22.6  23.3  23.3  23.3  22.9  23.5  23.8  23.7  23.4  25.1  24.8 
 25.4  25.0  25.7  25.7  25.2  25.4  25.7  25.5  25.1  24.6  23.8  23.5  23.0  23.1  23.0  23.1  22.9  22.9  23.2  23.1  22.9  23.1  23.4  23.3  22.9  23.1  23.4  23.5  23.8  23.6  25.5  25.5 
 26.5  25.9  25.6  25.6  25.0  24.8  25.1  24.9  24.5  23.9  23.6  23.8  23.4  23.0  23.3  23.2  23.1  23.0  23.2  23.2  23.3  23.0  23.6  23.4  23.4  23.3  24.1  24.3  24.3  24.3  25.8  26.1 
 26.1  26.2  25.6  25.8  25.1  24.9  24.6  24.8  24.0  24.1  23.9  24.0  23.2  23.1  23.1  23.3  23.0  23.2  23.4  23.3  23.3  23.2  23.5  23.6  23.5  23.9  24.6  25.1  24.3  24.6  26.5  26.9 
