 24.1  23.4  23.9  23.6  23.4  22.8  22.9  22.7  22.8  22.5  22.9  22.9  22.8  22.3  23.0  22.8  22.6  22.7  23.0  22.8  22.8  22.7  24.1  25.5  27.2  27.4  28.9  29.3  29.1  29.4  30.0  30.3 
 23.9  23.4  23.4  24.0  23.1  22.9  23.0  23.3  22.7  22.7  22.8  23.0  22.6  22.8  22.8  23.0  22.6  22.4  23.0  23.0  22.6  22.8  23.5  24.9  26.8  27.5  29.1  29.2  29.3  29.8  30.0  30.8 
 23.8  23.2  23.7  23.0  22.7  22.6  22.8  22.9  23.1  22.4  22.9  22.9  22.8  22.6  23.0  22.7  22.8  22.7  22.8  22.8  22.8  22.7  23.0  23.6  26.5  27.4  28.9  29.0  29.2  28.8  29.6  30.0 
 23.3  23.5  23.1  23.3  22.8  22.7  22.9  23.0  22.9  22.7  22.9  23.0  22.6  22.6  22.6  23.0  22.7  22.5  22.7  23.0  22.7  22.7  23.1  23.2  25.3  26.5  28.8  29.0  28.8  28.9  29.3  30.2 
 23.2  23.2  23.5  23.3  23.1  22.7  23.0  23.1  23.2  23.2  23.3  23.0  22.7  22.5  22.8  22.8  22.5  22.6  22.8  22.9  22.9  22.6  23.0  22.9  23.3  23.7  26.4  27.1  28.6  28.9  29.8  30.0 
 23.2  23.2  23.3  23.3  22.7  22.8  23.3  23.4  23.8  23.8  23.1  23.1  22.5  22.7  22.8  22.9  22.7  22.7  22.8  23.0  22.6  22.7  22.8  23.2  23.0  23.0  24.5  25.9  28.5  29.6  30.1  30.5 
 23.4  23.1  23.4  23.3  23.1  22.7  23.5  23.4  25.6  26.4  24.1  23.3  22.8  22.7  22.8  22.6  22.8  22.7  22.9  22.8  22.9  22.7  23.0  23.0  23.0  23.1  25.7  27.4  30.6  30.7  30.8  30.7 
 23.3  23.4  23.1  23.4  22.8  22.8  23.2  23.7  26.0  27.4  24.5  23.4  22.7  22.6  22.9  22.9  22.8  22.9  22.8  23.0  22.8  22.8  23.0  23.2  23.1  23.9  28.1  29.8  31.2  31.4  31.8  31.2 
 24.0  23.3  23.7  23.4  22.9  22.8  23.1  23.3  23.4  23.3  23.2  22.9  22.8  22.7  22.7  22.9  22.8  22.7  23.0  22.8  22.9  22.9  23.0  23.0  25.1  26.6  30.4  31.1  31.8  31.8  32.8  32.4 
 23.5  23.6  23.6  23.6  23.1  23.1  23.1  23.2  23.0  23.0  23.0  23.1  22.6  22.7  22.7  22.9  22.7  22.8  23.0  22.9  22.7  22.8  23.2  23.3  26.0  27.4  30.4  31.3  31.8  31.8  33.0  32.6 
 24.0  23.8  24.2  24.3  23.9  23.7  23.3  23.1  23.1  22.9  22.9  22.9  22.9  22.5  22.9  22.8  22.9  22.8  22.8  22.9  23.0  22.7  23.2  23.3  27.0  29.0  31.5  31.7  32.1  32.1  32.2  30.4 
 24.0  23.9  24.3  24.8  24.7  24.7  24.0  23.7  23.1  23.0  22.9  22.9  22.7  22.6  22.8  22.9  22.7  22.8  23.0  22.9  22.8  22.7  23.0 nan  27.2  28.7  31.5  31.9  31.8  31.6  30.8  30.3 
 24.9  24.3  25.6  25.8  27.2  27.6  32.6  34.6  32.6  28.9  23.4  23.2  22.8  22.8  22.9  22.9  22.8  22.7  23.0  22.7  22.8  22.6  23.1  23.2  26.7  29.0  31.6  31.6  32.0  32.3  32.2  31.4 
 24.5  25.1  26.3  26.5  28.4  30.2  41.4  48.6  52.8  46.5  24.6  23.4  22.8  22.9  22.8  22.9  22.8  22.7  22.8  23.1  22.8  22.6  22.9  23.4  26.5  28.4  31.6  31.7  32.2  32.5  33.1  33.1 
 25.2  25.5  26.9  27.5  30.7  33.9  54.9  63.2  74.2  70.9  34.3  25.5  23.0  22.8  22.7  22.8  22.9  22.7  22.9  22.9  22.9  22.6  23.0  23.1  24.0  25.4  29.2  29.5  29.2  28.9  31.4  32.3 
 25.2  25.6  27.2  27.9  30.8  34.3  53.6  62.7  78.3  78.9  36.9  26.2  22.8  22.9  22.9  23.0  22.7  22.7  22.8  23.1  22.7  22.8  22.9  23.1  23.4  23.8  26.0  26.5  26.1  26.5  30.3  31.9 
 25.6  25.6  26.9  27.0  29.9  31.9  44.8  53.8  73.6  70.6  30.2  24.5  23.1  22.8  23.0  22.8  22.9  22.7  23.0  22.7  22.9  22.7  23.1  23.1  23.1  22.9  23.8  23.9  24.2  24.2  27.3  27.5 
 25.5  25.7  26.5  27.1  28.8  29.9  37.2  42.8  54.8  50.3  25.9  24.1  23.0  22.9  22.8  23.0  22.7  22.7  22.9  23.1  22.9  22.7  23.0  23.1  23.1  23.0  23.6  24.0  23.8  24.0  25.2  26.2 
 25.8  25.9  26.7  26.6  27.0  27.1  29.0  29.6  30.1  28.3  24.0  23.3  23.0  22.9  23.2  23.0  23.0  23.0  23.2  23.2  23.1  22.7  23.3  23.1  23.2  23.1  23.5  23.4  24.0  23.6  24.6  24.5 
 25.6  25.9  26.3  26.6  26.4  26.5  27.6  27.8  27.2  26.2  23.8  23.5  23.0  23.1  22.9  23.1  23.0  22.9  23.1  23.1  22.7  23.0  23.2  23.2  23.1  23.0  23.4  23.8  23.5  23.9  24.8  24.8 
 25.9  25.5  26.2  26.1  25.9  26.0  26.2  26.0  25.6  24.9  24.0  23.5  23.3  23.1  23.3  23.4  23.1  22.8  23.2  23.0  23.1  22.9  23.6  23.2  23.2  23.0  23.8  23.8  24.2  24.1  25.2  26.0 
 25.4  25.6  25.8  25.9  25.5  25.4  25.3  25.5  24.8  24.7  23.8  23.9  23.2  23.1  23.2  23.5  23.0  23.0  23.2  23.4  23.0  23.1  23.4  23.6  23.1  23.1  23.5  24.1  24.7  25.2  26.1  26.6 
 27.2  25.8  25.6  25.8  25.3  24.8  25.2  24.7  24.7  24.1  24.0  23.9  23.7  23.3  23.5  23.4  23.4  23.0  23.4  23.2  23.4  23.0  23.4  23.5  23.8  23.9  25.5  26.0  26.0  26.1  26.8  27.1 
 26.7  26.5  25.7  26.0  25.1  24.9  25.0  25.0  24.1  24.2  23.6  24.0  23.4  23.3  23.7  23.5  23.3  23.2  23.5  23.5  23.3  23.3  23.9  24.1  24.6  24.8  26.3  26.8  26.7  26.3  27.1  28.4 
