 24.8  23.6  24.4  23.9  23.8  23.7  24.0  23.7  23.5  23.4  23.8  23.5  23.4  23.1  23.4  23.3  23.2  23.2  23.4  23.3  23.2  23.1  23.4  23.4  23.5  23.2  25.8  26.5  27.4  27.3  28.0  28.6 
 24.1  24.0  24.0  24.1  23.6  23.5  23.9  23.8  23.3  23.2  23.6  23.5  23.3  23.2  23.7  23.5  23.1  23.0  23.6  23.4  23.2  23.1  23.2  23.3  23.2  23.5  25.1  26.5  27.4  27.3  28.3  27.8 
 24.1  23.5  24.3  23.8  23.5  23.0  23.4  23.3  23.5  23.2  23.6  23.6  23.2  23.1  23.4  23.2  23.0  22.9  23.1  23.2  23.2  23.2  23.1  23.2  23.2  23.3  24.3  25.2  27.2  27.3  27.9  27.8 
 23.4  23.7  23.8  24.0  23.3  23.3  23.6  23.8  23.4  23.5  23.8  23.7  23.2  23.2  23.4  23.3  23.1  23.1  23.1  23.4  23.1  23.1  23.4  23.5  23.2  23.3  24.0  24.6  26.6  27.1  28.0  28.1 
 23.8  23.6  23.6  23.4  23.2  23.2  23.4  23.5  24.0  24.2  24.7  24.1  23.1  23.0  23.2  23.3  23.1  22.9  23.1  23.2  23.2  23.0  23.1  23.1  23.4  23.2  23.9  23.9  26.0  26.7  28.7  28.2 
 23.4  23.6  23.5  23.4  23.1  23.3  23.5  23.6  24.1  25.1  26.5  24.6  23.1  23.1  23.2  23.2  22.9  23.0  23.1  23.2  22.9  23.0  23.2  23.3  23.2  23.4  23.7  24.6  25.6  27.6  28.7  28.8 
 24.1  23.4  23.7  23.5  23.2  23.0  23.5  23.4  24.6  25.8  28.4  25.5  23.1  22.8  23.2  23.1  23.2  23.2  23.1  23.1  23.2  23.0  23.3  23.5  23.9  23.4  27.4  26.5  29.3  28.5  29.2  28.9 
 23.8  23.6  23.5  23.5  23.0  23.3  23.2  23.4  23.6  24.1  25.1  23.9  23.1  23.1  23.1  23.2  23.0  23.0  23.1  23.1  22.9  23.1  23.4  23.5  23.6  26.0  27.6  29.5  29.3  30.1  29.4  28.6 
 24.2  23.5  23.8  23.2  23.3  23.1  23.2  23.3  23.2  23.0  23.3  23.3  23.2  22.9  23.1  23.2  23.1  22.9  23.2  23.0  23.1  23.0  23.3  23.2  26.5  26.6  29.9  29.6  30.0  30.0  30.3  29.9 
 23.7  23.8  24.0  24.0  23.5  23.3  23.4  23.3  23.0  23.3  23.2  23.4  22.9  23.0  23.1  23.2  22.9  23.1  23.1  23.2  23.0  23.1  23.1  23.8  25.8  28.8  29.9  29.7  29.7  30.1  30.4  29.7 
 25.0  24.5  25.0  25.0  24.7  24.6  24.0  23.7  23.4  23.2  23.1  23.1  23.0  22.9  23.1  23.2  23.1  23.0  23.3  23.2  23.1  23.1  23.2  23.4  27.4  28.2  29.7  29.4  29.4  29.4  28.0  27.8 
 24.8  24.9  25.4  25.6  25.5  25.9  25.2  24.8  23.5  23.4  23.3  23.3  23.1  23.1  23.1  23.4  23.0  23.0  23.2  23.1  23.1  23.0  23.3 nan  26.1  28.5  29.9  29.9  29.5  29.2  27.9  26.4 
 25.5  25.6  26.6  27.0  28.8  29.9  38.1  41.9  39.9  33.9  23.7  23.6  23.3  23.0  23.2  23.2  23.1  23.1  23.3  23.1  23.1  22.9  23.3  23.3  24.6  26.1  29.1  29.6  27.7  28.3  26.1  25.6 
 25.8  26.2  27.4  28.0  30.2  32.9  47.7  54.4  58.6  51.7  25.0  23.8  23.1  23.3  23.2  23.2  23.1  23.0  23.2  23.3  23.0  23.0  23.1  23.3  23.6  24.0  27.9  27.9  27.3  25.7  25.7  25.1 
 26.2  26.2  28.0  28.8  32.9  36.7  57.7  66.5  77.5  73.2  30.8  25.0  23.4  23.1  23.2  23.2  23.2  23.1  23.3  23.1  23.1  23.0  23.3  23.1  23.3  23.3  26.3  26.3  24.5  24.3  24.5  24.8 
 26.1  26.5  27.8  29.0  32.8  37.0  57.2  68.8  87.1  82.2  30.5  25.1  23.4  23.3  23.2  23.2  23.0  23.1  23.4  23.2  22.9  23.1  23.2  23.4  23.1  23.1  24.8  25.1  24.4  24.3  24.7  24.3 
 26.3  25.9  27.8  28.2  30.4  32.1  45.6  55.7  67.8  57.2  25.9  24.0  23.5  23.2  23.3  23.2  23.2  23.1  23.2  23.3  23.4  23.1  23.1  23.2  23.3  23.1  23.5  23.6  23.7  23.8  24.3  24.2 
 26.3  26.5  27.4  27.8  28.8  30.1  38.1  43.0  46.3  39.3  24.3  24.0  23.3  23.3  23.3  23.4  23.1  23.1  23.3  23.3  23.1  23.2  23.3  23.3  23.1  23.1  23.5  23.8  23.6  23.7  24.0  24.4 
 26.8  26.4  27.1  27.2  27.8  27.6  29.3  29.7  28.5  26.4  24.3  23.8  23.4  23.4  23.6  23.4  23.4  23.2  23.4  23.5  23.3  23.1  23.5  23.5  23.4  23.3  23.5  23.6  23.6  23.8  24.0  24.6 
 26.2  26.3  26.5  26.9  26.8  27.1  27.7  27.9  26.5  25.8  23.8  23.8  23.2  23.4  23.6  23.4  23.2  23.2  23.4  23.3  23.3  23.3  23.4  23.7  23.3  23.4  23.5  23.9  23.5  24.0  24.2  24.6 
 26.4  26.0  26.7  26.1  26.3  26.1  26.4  26.3  25.6  24.6  24.2  23.9  23.8  23.4  23.5  23.6  23.3  23.2  23.4  23.2  23.3  23.2  23.6  23.5  23.7  23.2  23.8  23.9  23.6  23.5  24.8  24.8 
 26.3  26.1  26.4  26.5  26.0  26.0  26.1  26.1  25.1  24.8  24.3  24.3  23.4  23.6  23.5  23.8  23.3  23.5  23.5  23.5  23.1  23.4  23.4  23.8  23.3  23.3  24.0  23.7  23.7  24.2  25.0  26.2 
 27.8  26.2  26.4  26.0  25.8  25.4  25.6  25.3  24.8  24.4  24.2  24.3  24.0  23.6  23.7  23.9  23.6  23.5  23.8  23.5  23.7  23.4  23.7  23.9  23.7  23.5  24.0  24.6  24.7  23.9  26.8  26.7 
 26.8  27.2  26.0  26.3  25.4  25.7  25.3  25.3  24.6  24.4  24.2  24.3  23.7  24.1  23.8  23.7  23.6  23.8  23.6  23.7  23.6  23.7  23.9  24.0  23.6  23.8  25.1  25.6  25.5  25.1  27.1  28.0 
