 24.4  23.4  24.1  24.1  23.8  23.4  23.7  23.6  23.5  23.2  23.5  23.4  23.4  23.1  23.4  23.5  23.2  23.0  23.0  23.4  23.2  23.0  23.2  23.5  23.2  23.2  23.5  24.2  26.2  25.9  27.3  28.3 
 23.7  23.8  23.9  23.9  23.6  23.4  23.5  23.5  23.4  23.5  23.6  23.6  23.0  23.1  23.3  23.2  22.9  22.9  23.4  23.3  23.2  23.0  23.2  23.1  23.2  23.2  23.7  24.6  25.7  26.1  27.8  27.0 
 23.8  23.2  23.8  23.7  23.4  23.2  23.5  23.4  23.2  23.3  23.5  23.5  23.2  22.9  23.1  23.3  23.2  22.8  23.2  23.2  23.1  23.1  23.0  23.3  23.4  23.2  23.6  24.4  26.3  26.8  27.1  27.4 
 23.5  23.4  23.9  23.7  23.2  22.9  23.6  23.4  23.3  23.2  23.8  23.5  22.9  23.0  23.3  23.2  22.9  22.8  23.3  23.1  23.0  23.1  23.4  23.2  23.0  23.1  24.1  24.3  26.1  26.5  27.1  27.4 
 23.6  23.6  23.6  23.5  23.4  23.0  23.3  23.5  23.8  24.0  24.6  23.8  23.0  23.1  23.2  23.1  22.9  23.0  23.0  23.1  23.0  22.8  23.0  23.3  23.3  22.9  23.6  23.9  25.4  26.3  27.2  27.5 
 23.5  23.2  23.5  23.6  23.0  23.1  23.5  23.4  24.0  24.9  26.2  24.5  23.1  22.9  23.1  23.2  22.8  23.0  23.1  23.1  23.0  22.7  23.2  23.1  23.2  23.2  23.4  23.5  25.3  26.1  27.4  27.4 
 23.6  23.3  23.6  23.6  22.9  22.9  23.3  23.7  24.3  25.8  28.3  25.4  23.2  22.8  23.1  23.2  22.9  22.7  23.0  23.0  22.9  23.0  23.0  23.3  23.0  22.9  23.5  23.4  24.3  24.9  27.6  28.2 
 23.5  23.5  23.8  23.5  22.9  23.0  23.4  23.4  23.5  23.8  25.0  24.0  23.0  23.0  23.1  23.0  22.9  22.8  23.1  23.1  23.0  22.8  23.3  23.1  23.1  23.1  23.3  23.7  24.3  25.4  27.6  27.6 
 23.9  23.5  23.5  23.4  23.1  23.0  23.2  23.1  23.0  22.9  23.1  23.1  23.0  22.8  22.9  23.1  23.0  22.9  23.0  23.1  23.1  22.9  23.1  23.2  22.9  23.2  25.1  26.1  27.1  27.5  28.7  28.7 
 23.7  23.4  23.8  23.8  23.4  23.2  23.2  23.3  23.0  22.8  23.2  23.2  22.9  22.9  23.1  23.1  22.8  22.9  23.2  23.2  23.0  23.1  23.1  23.2  23.3  23.7  26.7  27.3  27.9  28.5  29.8  29.5 
 24.7  24.4  24.7  25.0  24.7  24.4  23.7  23.5  23.1  23.0  23.2  23.1  23.0  22.9  23.1  23.1  23.0  22.9  23.0  23.2  23.0  22.8  23.0  23.2  23.6  24.6  28.1  28.9  29.6  29.5  30.2  30.6 
 24.5  24.8  25.5  25.6  25.7  25.9  25.2  24.6  23.4  23.3  23.2  23.2  22.9  22.9  23.1  23.0  22.9  23.0  23.0  23.0  23.0  22.9  23.2 nan  23.6  24.5  27.9  28.9  30.2  30.1  30.4  30.5 
 25.7  25.5  26.6  27.2  28.8  29.5  38.1  41.9  39.5  33.4  23.5  23.6  23.0  22.9  23.1  23.2  22.9  22.8  23.1  23.1  22.9  22.8  23.1  23.1  23.4  24.3  28.6  29.2  29.4  29.5  30.3  29.9 
 26.0  26.2  27.1  27.7  30.3  32.9  47.9  54.2  58.3  51.2  24.9  23.7  23.0  23.0  23.1  23.1  22.9  23.1  23.2  23.2  23.0  22.9  23.2  23.1  23.4  24.1  28.4  29.3  29.2  29.5  30.1  29.5 
 25.9  26.1  27.9  28.6  32.8  36.8  57.8  66.8  77.2  72.9  30.2  24.8  23.2  23.0  23.1  23.1  23.0  23.1  23.2  23.3  22.8  22.9  23.1  23.4  23.2  23.1  26.6  28.0  28.1  28.5  29.6  29.4 
 26.0  26.2  27.9  28.8  32.9  36.9  57.4  69.0  86.9  81.6  30.1  24.8  23.1  23.0  23.1  23.1  23.0  22.9  23.2  23.0  23.0  22.9  23.3  23.0  23.0  23.0  24.9  25.5  26.6  27.5  30.2  29.9 
 26.2  26.4  27.6  28.1  30.3  31.9  45.7  56.0  67.6  56.7  25.5  24.1  23.3  23.0  23.1  23.2  23.2  22.9  23.2  23.2  23.1  22.9  23.0  23.2  23.0  23.0  23.4  23.7  24.4  25.6  29.7  30.3 
 26.0  26.2  27.3  27.7  28.8  29.7  38.1  43.0  46.3  38.9  24.3  23.7  23.3  23.2  23.2  23.2  23.1  23.0  23.5  23.2  23.0  23.0  23.1  23.3  23.0  23.0  23.5  23.5  24.1  25.4  30.2  30.2 
 26.3  25.9  26.8  26.9  27.2  27.5  29.0  29.7  28.3  26.4  23.8  23.9  23.4  23.1  23.3  23.4  23.2  23.1  23.3  23.4  23.2  22.8  23.2  23.4  23.0  22.8  23.3  23.4  23.9  24.0  26.6  28.0 
 26.0  26.3  26.7  26.6  26.7  26.8  27.8  27.9  26.6  25.4  23.9  23.6  23.3  23.3  23.4  23.2  23.0  23.2  23.6  23.2  23.0  23.0  23.5  23.3  23.1  23.1  23.5  23.5  23.4  23.8  25.3  26.0 
 26.3  25.8  26.4  26.3  26.3  26.1  26.3  26.3  25.4  24.5  24.0  24.1  23.6  23.3  23.4  23.6  23.2  23.1  23.3  23.6  23.3  23.1  23.4  23.5  23.3  22.9  23.4  23.9  23.8  23.6  24.1  25.8 
 25.7  25.8  26.5  26.0  25.8  25.9  26.0  26.0  24.7  24.5  24.1  23.9  23.6  23.6  23.4  23.6  23.3  23.1  23.5  23.4  23.3  23.2  23.6  23.7  23.3  23.4  23.8  23.9  23.2  23.9  25.5  25.6 
 27.0  26.2  26.1  26.2  25.5  25.0  25.3  25.2  24.8  24.1  24.2  24.0  23.9  23.7  23.4  23.7  23.6  23.3  23.7  23.8  23.5  23.2  23.7  23.9  23.4  23.4  24.0  24.4  24.5  23.9  26.1  27.1 
 27.4  26.7  26.0  25.9  25.3  25.3  25.4  25.0  24.2  24.2  24.2  24.1  23.7  23.8  23.8  23.6  23.5  23.4  23.7  23.7  23.5  23.5  23.7  24.0  23.4  23.6  24.9  25.4  25.1  24.9  26.6  27.5 
