 24.2  24.3  24.3  24.0  24.0  23.8  23.8  24.0  23.4  23.6  23.9  23.8  23.3  23.3  23.4  23.6  23.2  23.1  23.5  23.4  23.2  23.3  23.6  23.7  23.2  23.3  24.3  25.2  26.9  27.3  28.4  28.4 
 24.2  24.1  24.5  24.2  23.7  23.5  23.9  23.9  23.7  23.3  24.0  23.6  23.6  23.2  23.7  23.5  23.3  23.0  23.6  23.3  23.2  23.3  23.4  23.6  23.1  23.3  24.1  25.0  26.9  27.4  28.2  28.7 
 23.9  23.8  24.1  24.0  23.2  23.3  23.7  23.8  23.4  23.4  23.8  23.7  23.0  23.3  23.3  23.3  23.2  23.0  23.4  23.5  23.1  23.2  23.3  23.6  23.5  23.2  24.0  24.8  26.2  26.4  27.8  27.5 
 23.9  23.5  24.1  23.9  23.4  23.0  23.6  23.9  23.6  23.4  23.8  23.6  23.2  22.8  23.5  23.6  23.3  22.8  23.5  23.3  23.1  23.2  23.4  23.4  23.1  23.1  24.3  24.5  25.9  26.7  28.2  27.9 
 23.5  23.9  23.7  23.9  23.2  23.2  23.6  23.6  23.8  24.2  24.8  24.0  23.2  23.2  23.2  23.2  23.0  22.9  23.2  23.4  23.2  23.1  23.3  23.4  23.0  23.1  24.0  24.0  25.4  26.3  28.0  28.7 
 23.9  23.5  23.7  23.4  23.2  23.1  23.9  23.6  24.2  25.0  26.4  24.6  23.1  23.2  23.5  23.4  23.3  23.2  23.5  23.3  22.9  23.0  23.4  23.5  23.3  23.1  23.5  24.0  25.3  25.9  28.2  29.2 
 23.7  23.7  23.5  24.0  23.2  23.0  23.5  23.7  24.5  25.9  28.4  25.6  23.1  23.0  23.3  23.3  23.0  23.1  23.1  23.3  23.2  23.2  23.6  23.5  23.2  23.2  25.0  25.4  25.8  26.3  28.8  29.0 
 23.7  23.4  24.0  23.5  23.3  23.1  23.5  23.4  23.6  24.1  25.1  24.0  23.2  22.9  23.3  23.2  23.1  22.9  23.1  23.2  23.1  22.8  23.4  23.5  23.5  23.5  25.9  27.3  26.8  28.2  29.1  28.4 
 23.7  23.6  23.8  23.6  23.2  23.2  23.4  23.4  23.1  23.3  23.5  23.4  23.0  23.1  23.3  23.3  22.9  23.2  23.3  23.2  23.2  23.1  23.6  23.4  23.9  24.6  28.7  28.6  29.4  29.2  30.4  30.2 
 23.9  23.5  24.0  24.0  23.4  23.1  23.4  23.4  23.1  23.1  23.4  23.3  23.2  22.9  23.3  23.4  23.1  23.1  23.3  23.3  23.1  23.0  23.5  23.4  23.9  25.5  28.7  29.4  29.7  30.0  31.0  30.8 
 24.5  24.7  25.0  25.3  24.6  24.5  23.8  24.1  23.3  23.2  23.4  23.4  23.1  23.2  23.3  23.3  23.2  23.1  23.2  23.4  23.0  23.1  23.2  23.4  24.1  24.8  29.3  29.3  29.8  30.1  31.0  30.8 
 24.8  25.0  25.6  25.7  26.0  25.9  25.4  24.7  23.6  23.2  23.3  23.4  23.0  23.0  23.4  23.2  23.1  23.0  23.4  23.3  23.1  23.0  23.3 nan  23.7  25.5  28.7  30.0  29.6  29.9  30.8  29.8 
 25.5  25.6  26.7  27.3  28.8  29.9  38.2  42.0  39.6  33.6  23.8  23.5  23.0  23.0  23.4  23.3  23.2  23.1  23.5  23.4  23.1  23.0  23.2  23.4  23.4  23.5  28.6  28.8  28.9  29.3  29.6  28.7 
 25.8  25.9  27.5  27.8  30.2  32.7  48.0  54.5  58.6  51.3  25.2  23.9  23.2  23.1  23.3  23.2  23.1  23.0  23.4  23.3  23.1  23.0  23.3  23.2  23.3  23.3  26.6  28.3  28.6  29.1  29.2  27.5 
 26.1  26.4  28.0  28.7  32.7  37.2  57.8  66.7  77.2  73.0  30.6  25.0  23.3  23.2  23.2  23.4  23.1  23.0  23.4  23.4  23.0  23.0  23.3  23.3  23.2  23.3  26.3  26.2  25.9  26.5  29.3  28.4 
 25.9  26.3  28.0  28.9  33.2  36.9  57.5  69.0  87.0  81.7  30.4  24.9  23.3  23.3  23.4  23.2  23.1  23.0  23.3  23.3  23.0  23.2  23.5  23.3  23.1  23.0  25.0  25.4  24.8  26.1  29.6  29.6 
 26.1  26.5  28.1  28.4  30.5  32.3  46.0  56.1  67.7  56.9  25.6  24.1  23.4  23.3  23.3  23.3  23.1  23.2  23.3  23.3  23.0  23.0  23.4  23.3  22.9  23.1  23.7  24.0  24.1  25.3  29.9  30.3 
 26.3  26.3  27.8  27.6  29.1  29.8  38.2  43.2  46.4  38.9  24.6  24.0  23.4  23.1  23.7  23.3  23.2  23.0  23.5  23.4  23.2  23.0  23.4  23.6  23.2  23.0  24.0  23.7  24.2  24.6  29.4  30.0 
 26.3  26.4  26.9  27.4  27.6  27.9  29.2  29.8  28.3  26.7  24.1  23.8  23.4  23.6  23.4  23.6  23.3  23.2  23.4  23.5  23.3  23.2  23.5  23.5  23.4  23.1  23.6  23.8  23.6  23.8  25.0  25.9 
 26.2  26.1  27.1  27.0  27.1  26.9  28.1  28.1  26.5  25.6  24.1  23.8  23.6  23.3  23.7  23.5  23.4  23.0  23.5  23.5  23.2  23.1  23.7  23.5  23.2  23.1  23.9  23.9  23.4  23.6  25.1  25.3 
 26.0  26.1  26.5  26.9  26.2  26.4  26.5  26.6  25.2  24.7  24.2  24.0  23.5  23.5  23.6  23.8  23.2  23.4  23.5  23.6  23.3  23.4  23.8  23.6  23.3  23.4  23.9  24.2  23.6  23.6  24.9  26.2 
 26.3  26.2  26.5  26.7  26.0  26.0  26.5  26.1  24.8  24.5  24.3  24.0  23.5  23.5  23.7  23.8  23.3  23.2  23.6  23.5  23.4  23.2  23.7  23.5  23.3  23.5  23.9  24.0  23.9  23.7  25.1  26.6 
 27.1  26.6  26.2  26.5  25.8  25.6  25.8  25.3  24.8  24.4  24.3  24.3  23.7  23.6  23.8  24.1  23.4  23.5  23.9  23.6  23.4  23.6  24.1  23.9  23.8  23.4  24.4  24.2  24.6  24.3  26.1  27.7 
 27.8  27.0  26.3  26.4  25.4  25.1  25.6  25.4  24.6  24.1  24.2  24.3  23.9  23.6  24.1  23.8  23.5  23.4  24.0  23.9  23.6  23.5  24.1  24.0  23.6  23.7  25.0  25.5  25.2  24.7  27.2  28.0 
