 24.8  24.0  24.2  24.0  24.0  23.8  23.8  23.7  23.5  23.3  23.5  23.3  23.4  23.1  23.2  23.4  23.2  23.3  23.5  23.1  23.2  23.0  23.3  23.6  23.5  23.3  24.5  25.5  27.6  27.9  28.0  28.3 
 24.0  23.8  24.0  24.2  23.8  23.8  23.4  23.6  23.7  23.5  23.6  23.7  23.3  23.4  23.2  23.3  23.1  23.0  23.2  23.4  23.3  23.0  23.5  23.4  23.4  23.6  24.3  25.2  27.2  27.7  28.3  28.6 
 24.5  23.7  24.1  23.8  23.7  23.1  23.5  23.4  23.6  23.4  23.5  23.4  23.2  23.1  23.2  23.2  23.2  23.1  23.3  23.2  23.2  23.0  23.3  23.5  23.3  23.2  24.1  25.1  26.9  27.1  27.8  27.6 
 23.8  23.9  23.8  23.9  23.4  23.1  23.7  23.4  23.4  23.4  23.7  23.7  23.3  23.2  23.2  23.3  23.3  23.1  23.1  23.2  23.2  22.9  23.3  23.5  23.3  23.4  24.0  24.5  26.9  27.2  27.6  27.7 
 23.7  23.6  23.7  23.6  23.5  23.0  23.3  23.6  23.7  24.1  24.6  23.9  23.2  23.0  23.1  23.2  23.1  23.0  23.1  23.1  23.3  23.0  23.1  23.1  23.4  23.1  23.7  23.9  25.5  26.4  28.4  28.3 
 23.8  23.7  23.4  23.4  23.2  23.1  23.3  23.5  24.1  25.0  26.4  24.6  23.0  23.2  23.0  23.2  23.0  23.1  23.1  23.2  23.1  23.1  23.0  23.3  23.4  23.2  23.6  24.0  25.5  26.5  28.7  28.9 
 23.6  23.5  23.7  23.6  23.0  22.9  23.5  23.5  24.5  25.9  28.4  25.5  23.1  23.2  23.2  23.1  22.9  22.9  23.1  23.1  23.2  23.1  23.2  23.3  23.3  23.3  25.5  26.5  26.7  27.3  28.9  28.9 
 23.7  23.7  23.5  23.8  23.2  23.3  23.4  23.5  23.8  24.1  24.9  24.0  23.2  23.1  23.0  23.1  23.1  23.1  23.1  23.2  23.1  23.0  23.2  23.5  23.4  23.9  27.1  27.4  28.0  28.6  29.1  28.4 
 24.0  23.6  23.7  23.3  23.3  23.3  23.4  23.2  23.2  23.0  23.4  23.2  23.2  22.9  23.1  23.0  23.0  23.1  23.2  23.0  23.1  22.9  23.4  23.3  24.0  25.7  28.3  28.8  29.4  29.6  30.0  30.0 
 23.8  23.9  23.9  23.9  23.6  23.3  23.3  23.5  23.1  23.1  23.3  23.3  23.0  22.8  23.1  23.0  22.9  23.0  23.1  23.2  23.1  23.1  23.2  23.2  24.3  25.4  28.5  29.4  30.0  30.1  30.7  30.2 
 24.7  24.7  25.1  25.0  24.8  24.6  24.2  23.7  23.3  23.2  23.3  23.1  23.1  22.9  23.1  23.1  23.1  23.1  23.1  23.2  23.2  23.1  23.3  23.2  23.9  25.5  28.9  29.5  29.5  29.7  30.5  29.9 
 24.8  24.9  25.4  25.7  26.0  26.0  25.2  24.5  23.5  23.3  23.4  23.4  23.0  23.1  23.0  23.3  23.0  23.1  23.1  23.1  23.1  23.1  23.1 nan  23.6  24.7  29.0  29.4  29.4  29.5  29.8  29.2 
 25.8  25.4  26.7  27.0  28.8  29.9  38.1  42.0  39.6  33.6  23.8  23.4  23.2  23.1  23.2  23.2  23.2  22.9  23.3  23.1  23.1  22.9  23.2  23.1  23.1  23.4  26.9  27.6  28.8  29.5  29.0  27.3 
 25.8  26.1  27.2  27.9  30.3  32.9  47.8  54.4  58.6  51.3  24.9  23.9  23.2  23.2  23.2  23.3  23.1  23.0  23.2  23.2  23.0  22.9  23.2  23.1  23.2  23.1  25.6  26.8  28.4  29.0  27.9  27.6 
 26.3  26.6  28.0  28.7  32.9  37.0  57.9  66.7  77.5  73.1  30.5  24.9  23.4  23.2  23.2  23.2  23.2  22.8  23.3  23.2  23.0  23.0  23.3  23.2  23.1  23.3  26.1  25.8  27.2  27.8  30.0  28.6 
 26.4  26.5  27.9  29.1  33.1  37.1  57.3  69.0  87.1  81.8  30.2  25.0  23.4  23.4  23.2  23.3  22.9  23.1  23.3  23.2  23.1  23.1  23.1  23.2  23.1  23.1  24.8  25.1  25.7  27.7  29.9  29.9 
 26.1  26.4  27.8  28.3  30.4  32.2  46.0  56.0  67.7  56.9  25.6  24.0  23.4  23.3  23.2  23.2  23.2  22.9  23.2  23.2  23.0  23.0  23.2  23.2  23.1  23.0  23.5  23.7  23.9  25.2  27.7  29.0 
 26.5  26.7  27.3  27.7  29.0  30.1  38.0  43.1  46.4  39.1  24.5  23.8  23.3  23.3  23.3  23.5  23.1  23.1  23.3  23.2  23.1  23.2  23.1  23.2  23.3  23.1  23.4  23.7  24.0  24.0  26.3  26.1 
 26.5  26.2  27.1  26.7  27.5  27.8  29.1  29.7  28.4  26.5  23.9  23.7  23.4  23.3  23.4  23.4  23.5  23.4  23.3  23.3  23.2  23.0  23.3  23.3  23.1  23.1  23.4  23.4  23.7  23.9  24.0  25.0 
 26.3  26.2  26.5  26.9  27.0  27.0  27.8  27.8  26.6  25.7  23.9  23.8  23.5  23.5  23.5  23.4  23.3  23.4  23.4  23.3  23.3  23.1  23.3  23.5  23.3  23.3  23.5  23.5  23.3  23.8  24.6  24.7 
 26.2  26.0  26.5  26.6  26.6  26.4  26.3  26.3  25.3  24.6  24.1  24.0  23.7  23.5  23.6  23.4  23.4  23.2  23.3  23.3  23.2  23.2  23.6  23.3  23.3  23.1  23.8  23.8  23.6  23.6  24.7  25.0 
 26.3  25.9  26.5  26.3  26.2  26.1  26.1  26.1  25.1  24.7  24.1  24.0  23.6  23.5  23.4  23.7  23.4  23.3  23.3  23.5  23.2  23.4  23.4  23.5  23.5  23.6  23.8  24.0  23.5  23.9  24.9  25.9 
 27.3  26.2  26.2  26.2  26.0  25.4  25.6  25.1  24.7  24.6  24.1  24.1  23.9  23.7  23.6  23.8  23.6  23.4  23.8  23.7  23.5  23.5  23.7  23.8  23.7  23.2  24.3  24.2  24.4  24.3  26.0  26.2 
 27.7  26.9  25.8  26.2  25.5  25.7  25.3  25.1  24.5  24.4  24.2  24.3  24.1  24.0  23.8  23.7  23.8  23.6  23.7  23.7  23.7  23.8  24.0  23.7  23.7  23.9  24.7  25.4  25.0  25.6  27.0  27.9 
