 23.8  23.8  23.8  24.2  23.8  23.7  23.7  24.0  23.6  23.5  23.7  23.9  23.0  23.4  23.2  23.7  22.8  23.2  23.1  23.5  22.9  23.2  23.3  23.6  23.2  23.3  23.8  25.7  26.2  27.1  27.4  28.5 
 24.2  23.4  24.5  23.7  23.7  23.4  23.9  23.6  23.6  23.1  24.1  23.6  23.4  23.1  23.6  23.3  23.2  22.8  23.6  23.1  23.2  23.0  23.8  23.5  22.9  23.2  24.4  24.8  27.1  27.3  28.4  27.1 
 23.7  23.7  24.0  24.2  23.4  23.2  23.2  24.1  23.1  23.2  23.5  23.8  23.2  23.2  23.4  23.6  23.1  23.1  23.0  23.5  23.0  23.2  23.1  23.6  23.2  23.6  23.7  25.4  26.3  26.6  27.1  27.7 
 23.6  23.4  24.0  23.8  23.4  22.7  23.9  23.6  23.7  23.3  24.1  23.5  23.3  22.8  23.4  23.4  23.2  22.9  23.6  23.1  23.3  22.9  23.5  23.2  23.3  23.0  24.3  24.3  26.0  26.5  28.2  27.3 
 23.6  23.4  23.4  23.9  23.0  23.5  23.4  23.8  23.6  24.2  24.5  24.1  23.2  23.2  23.2  23.3  22.8  23.0  23.1  23.5  23.1  23.1  23.0  23.5  23.2  23.2  23.5  24.0  25.4  26.4  27.7  28.5 
 23.8  23.6  24.0  23.1  23.1  23.0  23.8  23.5  24.1  24.9  26.5  24.6  23.1  23.0  23.4  23.2  23.1  22.8  23.4  23.1  23.1  22.9  23.7  23.3  23.2  23.1  23.7  23.8  25.1  26.0  28.8  28.2 
 23.6  23.6  23.4  23.9  23.0  22.9  23.2  23.7  24.5  25.9  28.4  25.6  23.1  23.2  23.0  23.5  22.9  23.0  23.0  23.3  23.1  23.1  23.2  23.6  23.0  23.1  23.8  24.9  24.9  26.2  28.4  29.2 
 24.0  23.5  23.6  23.4  23.4  23.0  23.7  23.2  23.6  24.0  25.2  24.0  23.1  23.1  23.3  23.1  23.2  22.9  23.5  23.1  23.3  23.0  23.4  23.1  23.4  22.9  25.6  25.1  26.9  27.1  29.3  28.2 
 23.7  23.6  23.6  23.8  23.1  23.3  23.1  23.5  23.2  23.1  23.3  23.4  23.0  23.1  23.1  23.4  22.9  23.1  23.1  23.5  22.9  23.0  23.2  23.3  23.5  25.0  27.5  28.9  29.0  29.6  30.0  30.2 
 24.0  23.2  24.3  23.6  23.7  23.1  23.8  23.3  23.2  22.9  23.4  23.3  23.0  22.8  23.2  23.2  22.9  22.9  23.4  22.9  23.1  22.9  23.5  23.2  24.2  25.1  28.8  28.9  30.2  29.8  31.1  30.1 
 24.5  24.8  24.6  25.7  24.7  24.5  23.9  23.9  23.3  23.2  23.3  23.5  22.9  23.0  23.1  23.3  23.1  23.1  23.2  23.4  23.0  23.1  23.2  23.4  24.4  26.5  29.6  30.3  29.6  30.2  30.6  31.0 
 24.9  24.8  26.0  25.7  25.9  25.8  25.5  24.5  23.4  23.3  23.4  23.3  23.1  23.0  23.3  23.1  23.0  22.9  23.4  23.1  23.1  22.9  23.4 nan  24.7  26.2  30.3  30.2  30.1  29.7  30.8  30.0 
 25.4  25.7  26.5  27.4  28.7  30.0  38.1  42.2  39.3  33.5  23.7  23.7  23.1  23.1  23.2  23.3  22.9  23.0  23.1  23.4  22.9  22.9  23.2  23.5  24.0  25.9  29.5  29.6  29.3  29.8  29.2  29.0 
 25.9  25.7  27.5  27.7  30.4  32.6  48.0  54.2  58.5  51.2  25.1  23.7  23.3  23.2  23.4  23.3  23.2  22.9  23.3  23.2  23.1  22.9  23.5  23.1  23.6  25.0  29.1  29.9  29.6  29.2  29.7  27.8 
 26.2  26.5  27.8  29.1  32.6  37.0  57.6  66.8  77.1  73.0  30.4  25.2  23.2  23.2  23.2  23.5  23.1  23.0  23.1  23.5  22.9  23.0  23.1  23.3  23.0  23.3  26.7  28.2  28.8  28.1  30.5  30.5 
 26.1  26.2  28.2  28.7  33.1  37.2  57.5  68.9  87.1  81.7  30.4  24.8  23.4  23.1  23.3  23.3  23.2  22.8  23.5  23.1  23.0  23.1  23.4  23.2  23.1  23.1  25.3  25.4  26.1  28.1  31.0  30.4 
 26.0  26.5  27.8  28.5  30.2  32.1  46.0  56.1  67.6  56.9  25.6  24.3  23.3  23.2  23.2  23.4  23.0  23.0  23.3  23.5  23.1  23.0  23.2  23.5  23.2  23.0  23.2  24.0  24.4  25.9  30.4  30.8 
 26.3  26.4  27.7  27.5  28.8  29.8  38.2  43.2  46.4  38.9  24.5  23.8  23.4  23.3  23.7  23.2  23.1  23.0  23.5  23.4  23.0  23.0  23.5  23.2  23.2  22.9  23.9  23.3  23.9  25.4  28.9  29.2 
 26.2  26.4  27.0  27.6  27.3  27.6  28.9  29.8  28.3  26.6  24.0  24.1  23.3  23.3  23.6  23.7  23.2  23.3  23.3  23.7  23.1  23.3  23.3  23.6  22.9  23.1  23.2  24.1  23.6  23.6  24.7  26.1 
 26.0  26.1  27.2  26.8  26.8  26.7  28.1  27.7  26.7  25.6  24.3  23.9  23.4  23.3  23.8  23.3  23.3  23.0  23.7  23.4  23.1  23.0  23.6  23.3  23.3  23.2  23.8  23.5  23.5  23.7  24.7  25.5 
 25.8  26.0  26.2  26.8  26.1  26.1  26.2  26.4  25.2  24.7  24.0  24.2  23.4  23.6  23.4  23.9  23.1  23.5  23.1  23.8  23.2  23.2  23.3  23.8  23.4  23.4  23.4  24.3  23.6  23.6  24.2  25.7 
 26.1  25.9  26.8  26.3  26.3  25.9  26.1  25.8  24.9  24.6  24.3  23.9  23.4  23.3  23.8  23.6  23.2  23.2  23.7  23.4  23.3  23.3  24.0  23.6  23.4  23.1  24.1  23.7  23.9  23.9  25.4  25.8 
 26.7  26.6  26.2  26.3  25.8  25.4  25.3  25.6  24.5  24.4  24.3  24.6  23.8  23.5  23.7  24.0  23.4  23.5  23.3  23.8  23.3  23.6  23.6  24.5  23.4  23.5  24.3  24.7  24.4  24.3  25.5  27.3 
 27.3  26.3  26.3  26.1  25.4  25.4  25.6  25.0  24.4  24.2  24.5  24.2  23.6  23.7  24.0  23.8  23.6  23.5  24.2  23.5  23.9  23.4  24.1  23.7  23.9  23.8  25.4  25.2  25.2  24.5  27.6  27.2 
