 25.0  23.8  24.2  24.1  23.6  23.7  23.7  23.9  23.5  23.3  23.6  23.8  23.3  23.0  23.2  23.7  23.2  23.1  23.2  23.6  23.3  22.9  23.4  23.7  23.1  23.2  24.7  26.2  27.6  27.5  28.5  29.1 
 24.2  23.8  24.4  23.9  23.4  23.5  23.7  23.8  23.4  23.5  23.8  23.8  23.3  23.2  23.5  23.4  23.1  23.2  23.5  23.2  23.1  23.0  23.7  23.2  23.0  23.4  24.6  25.3  26.8  27.2  28.4  28.5 
 23.7  23.7  23.8  23.9  23.4  23.0  23.6  23.7  23.3  23.4  23.4  23.7  23.1  23.1  23.1  23.5  23.1  23.1  23.0  23.4  23.3  23.0  23.3  23.3  23.4  23.2  23.8  24.1  26.3  27.1  28.6  28.8 
 23.4  23.6  23.7  24.0  23.1  23.3  23.6  23.4  23.4  23.2  24.0  23.4  23.3  23.1  23.3  23.1  23.1  23.0  23.5  23.2  23.1  22.9  23.4  23.2  23.2  23.3  24.2  23.9  25.4  26.7  29.3  28.9 
 23.6  23.4  23.6  24.0  23.4  23.4  23.3  23.7  23.7  24.0  24.7  24.2  23.3  23.0  23.3  23.4  23.1  23.1  23.0  23.2  23.2  23.0  23.2  23.5  23.5  23.1  24.0  24.2  25.8  27.2  29.1  29.6 
 23.3  23.6  23.8  23.3  23.0  23.1  23.6  23.5  24.0  24.9  26.4  24.6  23.0  23.1  23.3  23.2  22.9  23.0  23.5  23.0  23.1  22.9  23.2  23.3  23.1  23.2  24.2  25.1  26.4  28.2  29.8  29.1 
 23.6  23.3  23.7  23.8  23.2  22.9  23.3  23.7  24.5  25.7  28.4  25.5  23.3  23.1  23.1  23.2  22.9  22.9  23.0  23.1  23.1  23.0  23.3  23.4  23.8  24.2  27.7  28.8  29.7  29.5  30.5  30.2 
 23.7  23.6  23.7  23.6  23.1  23.0  23.8  23.4  23.5  24.0  25.1  24.0  23.1  23.0  23.2  23.1  22.9  22.9  23.2  23.1  23.0  23.0  23.4  23.3  23.9  26.1  29.2  29.8  29.6  30.1  30.5  29.7 
 23.9  23.4  23.8  23.5  23.3  23.0  23.3  23.5  23.2  22.9  23.3  23.3  23.0  22.9  23.0  23.3  23.0  22.9  23.0  23.1  23.1  23.0  23.4  23.4  26.1  27.3  30.3  30.3  29.7  29.8  29.5  29.3 
 23.6  23.5  24.3  23.8  23.6  23.3  23.3  23.4  23.0  23.0  23.3  23.1  23.0  22.9  23.2  23.1  22.9  23.0  23.3  23.2  23.0  23.0  23.6  23.4  26.3  28.4  30.6  30.0  29.6  29.7  29.1  27.8 
 24.7  24.4  24.9  25.3  24.8  24.5  23.7  23.8  23.3  23.0  23.2  23.3  23.1  23.0  22.9  23.2  23.2  23.0  23.2  23.4  23.0  23.0  23.2  23.5  25.9  28.1  30.6  30.8  30.6  30.1  28.2  27.4 
 25.0  24.7  25.7  25.6  25.7  25.7  25.7  24.6  23.4  23.4  23.5  23.3  23.0  23.0  23.4  23.2  23.1  23.1  23.3  23.3  22.8  22.9  23.3 nan  25.4  27.1  30.6  30.5  30.7  29.5  27.2  26.1 
 25.6  25.5  26.5  27.3  28.9  29.8  38.1  42.1  39.7  33.7  23.7  23.7  23.1  22.9  23.2  23.3  23.0  22.9  23.3  23.3  23.1  22.9  23.2  23.4  23.4  24.9  26.8  28.6  26.6  26.4  25.1  25.5 
 25.7  26.1  27.4  27.8  30.3  32.7  47.8  54.2  58.6  51.5  25.2  23.7  23.2  23.2  23.4  23.3  22.9  23.0  23.2  23.2  23.0  23.0  23.3  23.2  23.2  23.2  26.4  26.0  25.7  24.6  25.1  25.0 
 26.2  26.2  27.9  28.9  32.9  36.6  57.4  66.4  76.9  73.0  30.7  25.2  23.3  23.1  23.2  23.4  23.2  23.0  23.2  23.3  23.1  22.9  23.1  23.3  23.0  23.3  25.9  26.3  24.1  24.0  24.6  24.6 
 26.1  26.1  28.2  28.6  32.8  37.0  57.3  68.6  86.9  81.9  30.4  24.9  23.3  23.4  23.4  23.3  23.1  23.0  23.4  23.1  23.0  22.9  23.3  22.9  22.9  23.1  24.9  25.1  23.7  24.0  24.5  24.1 
 26.2  26.3  27.7  28.7  30.4  31.9  45.5  55.8  67.7  57.0  25.4  24.2  23.4  23.1  23.1  23.4  23.2  23.0  23.1  23.4  22.9  23.0  23.2  23.4  23.2  22.8  23.5  23.7  23.7  23.4  24.0  24.4 
 26.0  26.4  27.7  27.6  28.6  29.8  37.9  43.0  46.3  39.0  24.5  23.7  23.5  23.2  23.5  23.4  23.1  23.0  23.5  23.3  23.1  23.0  23.3  23.1  23.0  23.0  23.5  23.4  23.8  23.6  24.3  24.3 
 26.3  26.1  26.9  27.3  27.5  27.5  29.1  29.7  28.5  26.4  24.0  24.0  23.3  23.4  23.4  23.5  23.5  23.3  23.2  23.4  23.2  22.9  23.3  23.7  23.2  23.1  23.4  23.7  23.8  23.5  23.8  24.4 
 26.0  26.4  26.7  26.9  26.8  26.9  28.1  27.8  26.5  25.5  24.0  23.7  23.3  23.5  23.8  23.5  23.2  23.0  23.7  23.3  23.2  23.1  23.5  23.3  23.0  23.3  23.6  23.6  23.2  23.7  24.6  24.3 
 26.4  25.8  26.4  27.1  26.2  26.0  26.5  26.6  25.4  24.6  23.9  24.2  23.7  23.3  23.5  23.8  23.3  23.3  23.3  23.6  23.3  23.2  23.6  23.7  23.5  23.3  23.5  24.0  23.7  23.8  24.0  25.2 
 25.9  26.5  26.5  26.3  25.9  25.9  26.1  25.9  24.6  24.5  24.3  24.1  23.5  23.4  23.8  23.6  23.4  23.2  23.6  23.5  23.2  23.2  23.7  23.5  23.3  23.3  24.1  23.7  23.7  23.7  25.1  25.2 
 26.7  25.9  25.9  26.2  26.0  25.5  25.5  25.6  24.7  24.2  24.0  24.3  24.0  23.5  23.4  23.9  23.6  23.4  23.6  23.8  23.5  23.2  23.5  24.2  23.7  23.2  24.2  24.7  24.7  24.1  25.9  27.3 
 27.3  26.6  26.5  25.9  25.3  25.1  25.5  25.0  24.3  24.4  24.5  24.1  23.6  23.7  24.0  23.9  23.4  23.7  24.0  23.6  23.5  23.6  24.0  23.9  23.5  23.6  24.7  25.2  24.8  25.0  27.2  27.7 
