 25.0  24.2  24.6  24.2  24.1  24.0  24.0  23.9  24.0  23.4  23.9  23.8  23.7  23.4  23.5  23.5  23.4  23.3  23.7  23.6  23.4  23.5  23.9  23.8  23.5  23.4  24.8  26.0  27.6  27.3  29.0  29.1 
 23.9  24.3  24.2  24.4  23.6  23.8  23.7  24.3  23.9  23.7  23.9  24.1  23.3  23.3  23.5  23.7  23.3  23.4  23.5  23.6  23.5  23.2  23.5  23.8  23.2  23.7  24.3  25.7  26.9  27.3  28.2  28.8 
 24.3  23.9  24.3  23.9  23.9  23.3  23.9  23.7  23.7  23.5  23.7  23.7  23.4  23.1  23.6  23.6  23.4  23.2  23.6  23.4  23.4  23.1  23.5  23.6  23.8  23.5  24.3  24.5  26.3  27.4  29.0  28.8 
 23.6  23.9  24.2  24.3  23.3  23.3  23.5  23.9  23.6  23.7  24.0  23.9  23.3  23.4  23.3  23.4  23.3  23.3  23.6  23.6  23.4  23.5  23.5  23.6  23.4  23.6  24.0  24.5  25.8  27.3  29.3  29.4 
 24.1  23.4  24.0  23.8  23.6  23.4  23.6  23.8  24.1  24.1  24.9  24.3  23.4  23.0  23.5  23.3  23.2  23.0  23.4  23.3  23.4  23.2  23.6  23.7  23.6  23.5  25.2  26.0  27.3  28.8  29.6  29.4 
 24.0  23.9  24.1  23.9  23.3  23.6  23.7  23.8  24.2  25.2  26.5  24.9  23.3  23.4  23.4  23.5  23.1  23.2  23.3  23.4  23.1  23.3  23.5  23.6  23.7  23.7  26.7  27.6  29.1  29.5  30.1  29.9 
 23.8  23.7  24.0  23.6  23.3  23.1  23.7  23.7  24.7  25.8  28.6  25.6  23.3  23.1  23.4  23.4  23.1  23.1  23.4  23.3  23.4  23.1  23.6  23.6  24.0  25.9  29.0  29.7  30.1  30.2  30.9  30.3 
 23.7  24.0  23.7  23.7  23.3  23.3  23.4  23.8  23.8  24.2  25.1  24.2  23.1  23.2  23.1  23.3  23.2  23.3  23.2  23.4  23.2  23.4  23.5  23.6  25.2  26.3  30.1  30.3  30.0  30.5  30.5  30.0 
 24.3  23.7  24.0  23.5  23.5  23.3  23.8  23.4  23.5  23.1  23.4  23.4  23.2  23.1  23.4  23.3  23.3  23.1  23.5  23.3  23.3  23.2  23.4  23.6  25.0  27.7  30.3  29.8  29.8  29.9  29.8  28.5 
 24.2  24.0  24.0  24.1  23.6  23.6  23.5  23.5  23.2  23.3  23.4  23.5  23.1  23.2  23.2  23.4  23.2  23.3  23.2  23.5  23.2  23.3  23.3  23.5  25.4  26.8  30.3  30.0  29.9  29.4  28.6  27.7 
 24.9  24.7  25.2  25.2  25.1  24.6  24.2  23.8  23.5  23.4  23.4  23.5  23.4  23.2  23.5  23.2  23.3  23.2  23.3  23.4  23.5  23.2  23.6  23.4  23.9  26.0  28.9  30.0  29.8  29.0  27.1  26.0 
 24.8  25.1  25.7  25.9  25.9  26.0  25.5  24.9  23.5  23.4  23.5  23.4  23.2  23.2  23.3  23.4  23.1  23.4  23.3  23.6  23.1  23.3  23.4 nan  23.6  23.7  27.4  28.2  27.9  26.9  25.6  25.9 
 26.1  25.6  27.0  27.1  29.0  29.8  38.4  42.0  40.1  33.8  24.0  23.7  23.4  23.3  23.4  23.4  23.4  23.1  23.5  23.3  23.3  23.0  23.5  23.3  23.4  23.3  24.1  24.2  24.8  24.5  25.1  24.8 
 25.9  26.3  27.4  28.1  30.4  32.9  47.8  54.5  58.6  51.7  25.2  24.2  23.4  23.4  23.4  23.4  23.2  23.3  23.2  23.5  23.2  23.0  23.4  23.5  23.3  23.4  24.4  24.9  24.2  24.3  24.5  25.0 
 26.3  26.7  28.3  29.0  33.1  36.9  57.7  66.3  77.2  73.2  31.0  25.1  23.6  23.1  23.6  23.3  23.4  23.1  23.5  23.5  23.3  23.1  23.4  23.2  23.3  23.2  26.2  25.9  24.1  23.8  24.4  24.1 
 26.6  26.7  28.2  29.2  33.0  37.2  57.2  68.8  86.9  82.1  30.5  25.4  23.6  23.5  23.3  23.6  23.3  23.3  23.3  23.4  23.2  23.2  23.4  23.4  23.1  23.2  24.8  25.3  23.7  23.9  24.4  24.3 
 26.7  26.4  28.0  28.4  30.6  32.1  45.9  55.8  67.8  57.3  25.9  24.3  23.5  23.3  23.5  23.3  23.3  23.1  23.5  23.5  23.3  23.2  23.4  23.3  23.3  23.1  23.9  23.9  23.8  23.7  24.5  24.2 
 26.7  26.7  27.5  28.1  29.1  30.1  38.2  43.3  46.4  39.3  24.6  24.2  23.6  23.6  23.5  23.7  23.2  23.4  23.4  23.6  23.2  23.2  23.5  23.5  23.3  23.1  23.6  23.8  24.2  23.9  24.3  24.8 
 26.7  26.4  27.4  27.5  27.6  27.7  29.4  30.0  28.8  26.7  24.4  24.0  23.8  23.5  23.6  23.6  23.6  23.4  23.6  23.6  23.5  23.1  23.7  23.7  23.4  23.2  23.6  23.6  24.1  23.8  24.0  24.6 
 26.4  26.6  27.0  27.2  27.4  27.2  27.9  28.2  26.8  25.8  24.2  24.0  23.4  23.5  23.7  23.9  23.5  23.4  23.7  23.5  23.2  23.4  23.4  23.8  23.4  23.4  23.4  24.0  23.7  24.2  24.2  25.2 
 26.6  26.0  26.9  26.8  26.6  26.3  26.7  26.6  25.5  24.9  24.4  24.4  23.8  23.5  23.9  23.8  23.5  23.5  23.7  23.6  23.7  23.3  24.1  23.8  23.8  23.4  24.1  24.2  24.0  24.2  25.2  25.5 
 26.1  26.5  26.5  26.7  26.1  26.2  26.3  26.4  25.0  24.8  24.2  24.4  23.7  23.9  23.7  23.9  23.6  23.7  23.8  23.8  23.4  23.6  23.9  23.8  23.6  23.7  23.8  24.2  23.9  24.3  25.4  26.7 
 27.5  26.6  26.4  26.4  25.7  25.5  26.0  25.5  25.0  24.5  24.6  24.4  24.1  23.9  24.1  23.9  23.9  23.6  24.1  23.9  23.7  23.6  23.9  24.0  23.7  23.7  24.6  24.7  25.0  24.5  27.0  27.3 
 27.6  27.1  26.3  26.5  25.4  25.9  25.5  25.6  24.6  24.5  24.5  24.6  24.0  23.9  24.0  24.1  23.8  23.8  23.9  24.0  23.8  23.8  23.8  24.2  23.9  24.1  25.1  25.7  25.4  25.5  26.8  28.2 
