 25.4  23.7  24.7  24.2  24.1  23.5  24.1  23.9  23.7  23.4  23.8  23.8  23.8  23.3  23.6  23.6  23.5  23.1  23.4  23.4  23.6  23.2  23.7  23.4  23.6  23.0  24.5  25.2  27.2  26.9  28.4  28.5 
 24.0  24.1  24.2  24.5  23.7  23.6  23.7  24.0  23.4  23.7  23.8  24.0  23.2  23.5  23.6  23.7  23.3  23.3  23.4  23.5  23.3  23.4  23.4  23.5  23.2  23.5  24.0  25.1  26.7  28.0  28.0  28.5 
 24.2  23.3  24.4  23.8  24.0  23.0  24.0  23.7  23.5  23.4  23.9  23.6  23.5  23.2  23.6  23.5  23.5  22.8  23.4  23.1  23.3  23.1  23.3  23.3  23.7  23.2  24.1  24.9  26.7  26.3  28.2  27.3 
 23.6  24.0  23.5  24.1  23.2  23.3  23.7  23.9  23.5  23.7  23.8  23.7  23.0  23.2  23.4  23.5  23.2  23.1  23.3  23.5  23.1  23.4  23.4  23.6  23.2  23.4  23.7  24.7  25.8  27.1  28.0  28.5 
 24.1  23.2  24.3  23.6  23.9  23.0  23.8  23.6  24.0  24.0  25.0  24.1  23.4  22.9  23.4  23.4  23.2  22.9  23.5  23.2  23.2  22.8  23.4  23.5  23.7  23.1  23.9  23.6  25.4  25.7  28.2  28.3 
 23.4  23.9  23.7  24.0  23.2  23.5  23.5  23.6  24.0  25.2  26.3  24.8  23.3  23.4  23.3  23.5  23.0  23.1  23.3  23.4  22.9  23.0  23.4  23.5  23.3  23.2  23.4  24.0  24.6  26.3  28.2  28.9 
 24.2  23.4  23.8  23.6  23.7  22.9  23.7  23.8  24.6  25.8  28.7  25.6  23.4  22.9  23.2  23.2  23.2  22.9  23.3  23.1  23.3  23.0  23.5  23.3  23.4  22.9  23.6  24.1  24.7  25.4  29.0  29.0 
 23.7  23.8  23.6  24.1  23.3  23.5  23.4  23.8  23.7  24.5  25.0  24.2  23.1  23.2  23.2  23.4  23.2  23.2  23.1  23.1  23.1  23.2  23.4  23.6  23.1  23.5  23.9  24.6  25.5  27.1  28.9  28.7 
 24.5  23.3  24.0  23.5  23.5  23.0  23.7  23.3  23.4  23.0  23.5  23.2  23.2  22.9  23.2  23.2  23.2  23.0  23.4  23.4  23.2  22.9  23.6  23.4  23.7  23.8  27.1  27.8  29.4  29.2  30.5  29.7 
 23.9  23.9  24.1  24.1  23.5  23.6  23.6  23.7  23.0  23.1  23.4  23.5  22.8  23.1  23.3  23.4  23.0  23.3  23.1  23.5  23.2  23.2  23.3  23.5  23.8  25.3  28.0  29.3  29.4  30.0  30.7  30.9 
 25.3  24.7  25.2  25.0  25.0  24.5  24.2  23.7  23.4  23.0  23.5  23.4  23.2  23.0  23.4  23.4  23.1  23.0  23.4  23.1  23.4  22.9  23.5  23.2  25.3  26.4  30.1  30.0  30.1  30.0  31.3  30.8 
 24.5  25.2  25.3  26.1  25.9  26.0  25.3  24.9  23.6  23.6  23.4  23.5  23.1  23.2  23.2  23.4  22.9  23.3  23.3  23.4  22.9  23.2  23.2 nan  25.1  27.3  30.4  30.6  30.0  30.6  31.0  30.7 
 26.1  25.4  27.0  27.3  29.1  29.8  38.3  41.8  39.7  33.5  24.0  23.5  23.3  23.1  23.4  23.2  23.3  23.0  23.4  23.2  23.2  22.9  23.5  23.5  25.6  27.1  30.6  30.3  30.8  30.4  30.7  29.3 
 25.8  26.5  27.4  28.0  30.3  33.1  47.8  54.5  58.4  51.1  25.0  24.2  23.2  23.4  23.3  23.5  23.2  23.4  23.2  23.5  23.0  23.2  23.3  23.6  24.7  27.0  30.1  30.4  30.3  30.2  30.7  29.0 
 26.6  26.3  28.3  28.8  33.0  36.9  57.9  66.4  77.3  72.8  30.5  25.0  23.6  23.2  23.5  23.3  23.3  22.9  23.6  23.3  23.5  22.9  23.4  23.4  23.6  24.1  28.2  28.8  29.3  29.0  29.7  28.4 
 26.1  26.8  28.0  29.0  33.1  37.4  57.4  69.0  87.0  81.8  30.1  25.2  23.3  23.3  23.4  23.5  23.0  23.2  23.2  23.3  23.0  23.3  23.2  23.5  23.2  23.6  25.6  26.6  27.4  28.3  29.9  29.4 
 26.6  26.2  28.1  28.4  30.6  32.0  46.1  55.9  67.8  56.6  25.7  24.2  23.6  23.1  23.5  23.1  23.4  23.0  23.4  23.3  23.4  22.9  23.6  23.5  23.6  23.0  23.9  24.0  24.6  25.3  28.7  29.5 
 26.1  26.8  27.4  28.2  28.8  30.1  38.0  43.4  46.3  39.1  24.2  24.0  23.3  23.5  23.4  23.6  23.1  23.2  23.2  23.5  23.2  23.1  23.3  23.6  23.0  23.3  23.6  24.0  24.2  24.5  27.1  28.3 
 27.1  26.2  27.3  27.0  27.8  27.6  29.5  29.8  28.7  26.5  24.3  23.9  23.7  23.3  23.7  23.5  23.6  23.1  23.5  23.5  23.6  23.0  23.7  23.5  23.4  23.2  23.7  24.0  24.2  23.8  24.8  25.5 
 26.0  26.4  26.6  27.3  26.9  27.1  27.9  28.1  26.6  25.6  24.1  24.2  23.6  23.6  23.6  23.6  23.4  23.5  23.4  23.6  23.3  23.5  23.6  24.0  23.2  23.5  23.5  23.8  23.5  24.1  24.7  25.5 
 26.8  25.4  26.7  26.4  26.9  26.1  26.5  26.3  25.7  24.6  24.2  23.8  23.7  23.3  23.8  23.7  23.5  23.3  23.6  23.7  23.6  23.1  23.9  23.7  23.7  23.1  24.2  24.2  24.0  23.6  25.3  25.2 
 25.9  26.4  26.3  26.5  25.9  26.3  26.0  26.5  24.8  24.8  24.2  24.4  23.4  23.6  23.8  24.0  23.4  23.6  23.6  23.7  23.3  23.6  23.7  23.9  23.3  23.8  23.8  24.0  23.7  24.2  25.3  27.0 
 27.7  26.4  26.7  26.2  26.1  25.3  26.0  25.2  25.0  24.1  24.6  24.3  24.1  23.6  24.0  23.6  24.0  23.3  24.1  23.6  23.9  23.3  24.2  24.1  24.0  23.4  24.4  24.5  24.8  24.3  27.3  27.3 
 27.3  27.0  26.3  26.2  25.4  25.9  25.3  25.6  24.2  24.4  24.2  24.3  23.7  23.9  23.9  24.1  23.5  23.8  23.8  23.9  23.6  23.9  24.0  24.1  23.9  24.1  24.9  25.7  25.0  25.7  27.2  28.6 
