 24.5  23.6  24.2  24.1  23.8  23.6  24.0  23.8  23.6  23.3  23.6  23.7  23.6  23.1  23.5  23.6  23.3  23.1  23.4  23.3  23.3  23.1  23.4  23.6  23.4  22.9  24.3  25.4  26.9  27.3  28.0  28.8 
 24.1  24.0  24.2  23.9  23.6  23.7  23.8  23.8  23.5  23.5  24.0  23.5  23.3  23.1  23.4  23.5  23.2  23.2  23.6  23.3  23.1  23.2  23.3  23.5  23.2  23.4  23.9  25.4  27.3  27.7  27.8  28.5 
 23.9  23.5  24.0  24.0  23.6  23.0  23.5  23.8  23.5  23.2  23.5  23.6  23.2  23.0  23.3  23.4  23.3  23.0  23.2  23.2  23.1  23.0  23.4  23.6  23.3  23.2  24.0  25.0  26.5  26.6  27.9  28.0 
 23.8  23.7  23.7  23.8  23.3  23.3  23.8  23.8  23.4  23.4  24.0  23.8  23.2  23.0  23.2  23.3  23.1  22.9  23.3  23.2  23.2  23.3  23.6  23.4  23.2  23.2  23.9  24.4  26.1  27.1  28.0  28.1 
 23.9  23.4  23.7  23.5  23.4  23.3  23.5  23.5  23.8  24.1  24.6  24.2  23.3  23.2  23.3  23.2  23.1  22.9  23.2  23.2  23.1  23.0  23.1  23.2  23.3  23.1  23.6  23.9  25.6  26.3  28.2  28.2 
 23.6  23.4  23.6  23.3  23.0  23.2  23.5  23.5  24.1  25.0  26.3  24.6  23.1  23.1  23.3  23.2  23.1  23.0  23.2  23.0  23.0  23.0  23.3  23.2  23.4  23.2  23.6  23.8  24.9  26.3  28.4  28.6 
 23.6  23.8  23.5  23.7  23.2  23.2  23.6  23.8  24.6  25.8  28.5  25.6  23.0  23.0  23.1  23.2  22.9  22.9  23.1  23.1  23.3  23.0  23.3  23.4  23.3  22.9  24.4  24.6  25.4  26.0  28.6  28.6 
 23.6  23.5  23.7  23.3  23.1  23.0  23.5  23.2  23.7  24.0  25.1  24.1  23.2  23.2  23.2  23.2  23.0  23.1  23.2  23.1  23.0  23.1  23.4  23.3  23.2  23.6  25.0  26.3  26.4  27.4  29.0  28.3 
 23.9  23.4  23.7  23.6  23.2  23.1  23.3  23.5  23.1  23.0  23.4  23.3  23.0  22.9  23.3  23.3  23.0  22.9  23.3  23.1  23.1  23.1  23.2  23.3  23.8  24.4  28.3  28.1  29.2  29.0  30.4  29.9 
 23.9  23.7  23.9  23.8  23.4  23.4  23.6  23.5  23.1  23.2  23.2  23.2  22.9  23.0  23.2  23.0  23.0  23.0  23.2  23.2  23.1  23.1  23.4  23.3  24.0  25.7  28.5  29.4  29.2  30.0  31.0  30.4 
 24.5  24.7  25.2  24.9  25.0  24.6  23.9  23.7  23.2  23.2  23.4  23.3  23.0  22.9  23.3  23.2  23.2  23.0  23.2  23.2  23.1  23.1  23.2  23.4  24.3  25.6  28.9  29.5  30.3  30.6  31.0  30.9 
 24.7  24.7  25.6  25.9  25.9  25.8  25.1  24.6  23.5  23.4  23.4  23.3  22.9  22.9  23.2  23.1  22.9  23.1  23.2  23.1  23.0  23.1  23.4 nan  23.8  25.4  28.5  29.6  30.1  30.2  30.9  30.3 
 25.5  25.5  26.4  27.3  29.0  29.9  38.2  41.9  39.5  33.5  23.7  23.6  23.1  22.9  23.3  23.3  23.2  22.9  23.3  23.2  23.1  22.9  23.4  23.3  23.5  24.4  29.2  29.8  29.6  29.8  30.3  29.4 
 25.9  26.1  27.2  27.8  30.2  32.8  47.8  54.3  58.3  51.2  24.9  23.8  23.1  23.2  23.1  23.2  23.0  23.1  23.2  23.2  23.1  23.0  23.4  23.1  23.2  23.6  28.3  29.3  29.3  29.6  29.9  28.0 
 26.2  26.3  27.9  28.8  33.1  36.9  57.4  66.4  77.0  72.9  30.4  25.1  23.4  23.2  23.2  23.2  23.1  23.0  23.2  23.3  23.0  23.1  23.6  23.4  23.3  23.2  26.3  26.9  26.6  27.6  29.2  29.3 
 26.1  26.5  28.2  28.9  32.9  37.1  57.4  68.8  86.9  81.7  30.2  25.0  23.3  23.2  23.2  23.2  23.1  23.1  23.4  23.2  23.0  23.1  23.3  23.2  23.0  23.3  24.8  25.3  25.1  26.9  30.0  29.5 
 26.2  26.3  27.8  28.4  30.4  32.0  45.9  55.9  67.7  56.7  25.8  24.2  23.3  23.0  23.2  23.2  23.2  23.1  23.2  23.2  23.2  23.0  23.1  23.3  23.3  23.0  23.3  23.6  24.8  25.0  30.5  29.3 
 26.2  26.6  27.6  27.8  28.9  29.9  37.9  43.1  46.2  39.0  24.3  24.0  23.4  23.3  23.4  23.3  23.2  23.0  23.4  23.3  23.2  23.2  23.5  23.2  23.2  23.1  23.6  23.5  23.7  25.5  26.7  29.5 
 26.7  26.0  27.0  27.2  27.5  27.5  29.1  29.8  28.4  26.4  24.1  23.9  23.4  23.3  23.4  23.4  23.4  23.3  23.2  23.6  23.2  23.0  23.5  23.6  23.3  23.2  23.4  23.6  23.8  23.7  25.4  25.0 
 26.2  26.1  26.7  26.8  27.0  26.9  27.8  27.8  26.7  25.4  24.0  23.8  23.3  23.6  23.5  23.6  23.1  23.3  23.6  23.3  23.2  23.1  23.3  23.4  23.2  23.1  23.7  23.6  23.4  23.8  24.6  25.4 
 26.2  25.7  26.6  26.5  26.2  26.2  26.5  26.4  25.4  24.6  23.9  23.9  23.7  23.4  23.5  23.6  23.4  23.2  23.4  23.4  23.4  23.3  23.7  23.5  23.4  23.0  23.7  23.9  24.0  23.7  24.5  24.9 
 26.1  26.3  26.4  26.2  26.2  25.9  26.1  25.9  24.9  24.6  24.2  24.1  23.5  23.7  23.6  23.6  23.4  23.3  23.3  23.5  23.1  23.4  23.6  23.6  23.1  23.3  23.8  23.7  23.8  24.1  24.6  25.8 
 27.2  26.0  26.1  26.2  25.7  25.3  25.3  25.3  24.7  24.3  24.3  24.1  23.9  23.7  23.8  23.9  23.8  23.6  23.9  23.8  23.5  23.4  23.7  23.7  23.9  23.4  24.1  24.3  24.6  24.1  26.2  26.4 
 27.0  26.6  26.0  26.1  25.3  25.1  25.3  25.2  24.2  24.5  24.4  24.4  23.7  23.9  23.9  23.7  23.5  23.7  23.6  23.9  23.7  23.7  23.8  23.9  23.8  23.8  24.9  25.4  25.2  25.3  26.4  27.7 
