 23.4  22.5  23.3  23.0  22.5  22.4  22.6  22.8  22.5  22.2  22.6  22.6  22.4  22.3  22.4  22.4  22.5  22.1  22.5  22.4  22.5  22.0  22.6  22.6  22.4  22.2  22.9  23.7  23.4  23.1  23.9  24.5 
 23.0  22.8  23.0  23.6  22.5  22.5  22.8  22.9  22.4  22.3  22.6  22.7  22.4  22.0  22.8  22.4  22.3  22.1  22.6  22.8  22.3  22.0  22.8  22.7  22.4  22.4  23.2  24.5  23.3  23.1  23.9  24.3 
 23.2  22.5  23.2  22.9  22.6  22.3  22.6  22.6  22.6  22.4  22.6  22.6  22.2  22.0  22.3  22.5  22.5  22.2  22.5  22.5  22.3  22.1  22.6  22.7  22.5  22.5  23.1  22.9  22.8  22.7  23.5  23.7 
 22.9  22.9  23.1  23.1  22.6  22.4  22.7  22.9  22.4  22.5  22.7  22.9  22.3  22.0  22.4  22.6  22.4  22.1  22.7  22.6  22.2  22.1  22.6  22.4  22.2  22.3  22.9  22.7  22.2  22.5  23.4  23.4 
 22.7  22.8  23.0  22.8  22.5  22.4  22.8  22.8  22.9  23.1  22.8  22.5  22.2  22.3  22.5  22.4  22.2  22.4  22.4  22.3  22.2  22.1  22.5  22.5  22.5  22.3  22.7  22.7  22.5  22.5  23.5  23.4 
 22.8  22.8  23.2  22.9  22.6  22.6  22.9  22.9  23.3  23.7  23.1  22.8  22.4  22.2  22.4  22.5  22.4  22.1  22.6  22.4  22.3  22.1  22.7  22.6  22.5  22.2  22.7  23.0  22.6  22.3  23.0  23.2 
 22.7  22.7  22.9  22.9  22.5  22.4  23.0  23.1  25.1  26.3  24.0  23.1  22.4  22.4  22.3  22.4  22.2  22.2  22.5  22.5  22.2  22.5  22.6  22.6  22.6  22.3  22.6  22.7  22.6  22.3  22.9  22.9 
 22.9  22.7  22.9  22.8  22.8  22.5  22.9  23.4  25.2  26.8  24.3  23.0  22.3  22.3  22.6  22.5  22.3  22.2  22.3  22.4  22.3  22.2  22.6  22.6  22.2  22.3  22.8  22.8  22.6  22.4  23.0  22.6 
 23.1  23.0  23.3  22.8  22.5  22.5  22.8  22.9  23.1  23.2  22.9  22.7  22.2  22.2  22.4  22.5  22.3  22.4  22.6  22.3  22.4  22.4  22.6  22.5  22.4  22.6  22.7  22.8  22.6  22.3  23.2  22.9 
 23.5  23.0  23.4  23.3  22.7  22.4  22.8  22.8  22.6  22.8  22.7  22.7  22.3  22.1  22.4  22.4  22.3  22.4  22.5  22.5  22.3  22.1  22.6  22.6  22.5  22.5  22.9  22.9  22.6  22.5  23.2  23.4 
 23.7  23.5  24.0  23.8  23.5  23.5  23.1  23.0  22.6  22.7  22.8  22.7  22.4  22.4  22.6  22.4  22.3  22.3  22.6  22.6  22.4  22.4  22.5  22.6  22.3  22.3  23.3  23.6  23.2  23.0  23.2  23.1 
 23.6  23.5  24.1  24.3  24.3  24.3  23.8  23.6  22.9  22.5  22.7  22.8  22.4  22.3  22.5  22.6  22.3  22.3  22.5  22.6  22.5  22.3  22.5 nan  22.3  22.3  23.9  24.8  23.6  22.8  23.3  23.1 
 24.1  24.1  25.2  25.6  26.9  27.3  32.8  34.9  32.9  29.2  23.1  22.9  22.5  22.4  22.4  22.7  22.6  22.4  22.6  22.4  22.4  22.2  22.5  22.6  22.5  22.6  23.8  24.3  23.3  22.5  23.2  23.2 
 24.1  24.6  25.8  26.3  28.2  29.9  41.6  48.9  53.4  47.2  24.6  23.3  22.6  22.4  22.6  22.7  22.5  22.3  22.6  22.6  22.5  22.2  22.5  22.6  22.6  22.3  23.0  23.4  23.1  22.7  23.3  23.0 
 25.0  25.1  26.4  27.1  30.4  33.6  54.7  63.2  74.7  71.1  34.6  25.4  22.6  22.5  22.6  22.4  22.5  22.5  22.7  22.6  22.4  22.4  22.6  22.4  22.5  22.5  22.7  22.5  22.9  22.7  23.5  23.3 
 25.2  25.1  26.8  27.5  30.5  33.9  53.5  62.7  78.4  78.8  36.9  25.7  22.6  22.5  22.6  22.6  22.3  22.4  22.7  22.6  22.5  22.5  22.6  22.8  22.4  22.3  22.9  22.9  22.7  23.1  23.3  23.3 
 25.2  25.5  26.5  26.9  29.4  31.4  44.2  53.3  72.7  69.6  29.9  24.3  22.7  22.5  22.6  22.6  22.4  22.3  22.6  22.7  22.6  22.4  22.7  22.7  22.6  22.5  22.9  22.9  22.7  22.7  23.3  23.3 
 25.4  24.9  26.1  26.5  28.5  29.4  36.7  42.0  53.7  49.2  25.7  23.7  22.5  22.4  22.4  22.7  22.3  22.2  22.8  22.6  22.4  22.2  22.7  22.9  22.4  22.1  22.9  23.1  22.8  22.6  23.5  23.4 
 25.3  25.0  26.2  26.5  26.8  26.8  28.4  29.4  29.5  27.9  23.8  23.2  22.6  22.5  22.8  22.6  22.4  22.4  22.7  22.7  22.4  22.4  22.8  22.7  22.7  22.5  23.0  22.9  23.0  22.9  23.3  23.7 
 24.7  25.0  26.0  26.2  25.8  26.1  27.0  27.2  26.9  25.7  23.5  23.3  22.7  22.6  23.0  22.6  22.4  22.4  22.9  22.7  22.6  22.3  22.8  22.9  22.6  22.6  23.2  23.2  23.0  23.1  24.0  23.9 
 25.3  25.1  25.8  25.6  25.4  25.4  25.6  25.4  24.8  24.3  23.6  23.1  22.7  22.6  22.8  22.8  22.5  22.6  22.7  22.6  22.6  22.5  22.9  23.0  22.9  22.5  23.3  23.2  23.5  23.7  24.6  24.8 
 24.9  24.8  25.4  25.4  25.3  25.1  25.3  25.4  24.5  24.1  23.5  23.3  22.7  22.8  22.7  22.9  22.5  22.5  22.7  22.7  22.7  22.4  22.9  23.0  22.6  22.8  23.1  23.6  24.1  24.2  25.3  25.9 
 26.0  25.7  25.2  25.2  24.9  24.3  24.8  24.5  24.1  23.4  23.4  23.3  23.1  22.6  22.8  22.9  22.8  22.7  22.9  22.9  22.9  22.7  23.1  23.3  23.0  23.0  24.6  25.2  25.6  25.1  26.0  27.0 
 25.9  25.1  25.2  25.2  24.5  24.5  24.6  24.6  23.6  23.6  23.3  23.5  22.8  22.9  23.0  22.9  22.8  22.5  23.0  23.0  22.8  22.7  23.2  23.4  23.8  23.9  25.7  25.9  25.6  25.4  26.5  27.3 
