 24.8  23.8  24.4  24.2  24.3  23.6  23.8  23.9  23.7  23.3  23.8  23.5  23.6  23.2  23.4  23.6  23.2  23.3  23.7  23.4  23.4  23.0  23.5  23.5  23.4  23.2  25.6  26.5  27.6  27.5  28.7  29.1 
 23.9  24.0  23.9  24.2  23.7  23.5  23.6  24.1  23.4  23.7  23.6  23.6  23.4  23.3  23.4  23.6  23.0  23.3  23.5  23.6  23.2  23.3  23.4  23.6  23.1  23.7  24.6  26.0  27.1  27.7  28.4  28.8 
 24.1  23.7  24.1  23.9  23.9  22.9  23.6  23.7  23.5  23.2  23.7  23.6  23.2  23.0  23.6  23.4  23.4  23.0  23.3  23.5  23.3  22.9  23.5  23.6  23.4  23.2  24.5  24.7  27.2  27.8  28.8  28.8 
 23.8  23.9  23.7  24.1  23.5  23.3  23.6  23.9  23.4  23.5  24.0  23.8  23.1  23.2  23.3  23.3  23.1  23.1  23.3  23.3  23.0  23.3  23.4  23.5  23.3  23.6  24.6  25.0  26.6  27.8  29.4  29.2 
 23.8  23.3  23.9  23.7  23.4  23.0  23.6  23.7  23.8  24.0  24.8  24.1  23.2  23.0  23.5  23.2  23.1  22.7  23.2  23.1  23.3  22.9  23.3  23.5  23.9  25.0  26.7  28.0  27.9  29.0  29.6  29.4 
 23.8  23.7  23.8  23.7  23.0  23.2  23.5  23.8  24.0  25.0  26.7  24.7  22.9  23.1  23.1  23.2  22.9  23.1  23.2  23.5  23.1  23.1  23.4  23.3  25.5  26.1  29.2  29.3  29.8  30.0  30.1  29.8 
 23.8  23.4  23.7  23.6  23.2  22.8  23.6  23.7  24.5  25.8  28.4  25.6  23.3  23.0  23.2  23.1  23.0  23.0  23.4  23.1  23.4  23.0  23.4  23.7  26.6  28.7  30.5  30.4  30.3  30.2  30.8  30.2 
 23.7  23.6  23.5  23.6  23.1  23.3  23.4  23.5  23.5  24.3  25.0  24.1  23.0  23.3  23.1  23.3  23.1  23.2  23.2  23.3  23.0  23.2  23.5  23.7  27.6  29.2  30.3  30.3  30.3  30.7  30.7  29.7 
 24.0  23.5  23.8  23.4  23.4  22.9  23.5  23.4  23.2  23.0  23.4  23.4  23.3  22.9  23.4  23.3  23.3  22.8  23.1  23.3  23.2  23.0  23.4  23.5  27.7  29.1  30.1  29.7  29.9  29.5  29.0  27.4 
 23.8  23.7  23.9  23.9  23.5  23.5  23.5  23.5  23.1  23.3  23.3  23.6  23.1  23.0  23.2  23.3  22.9  23.1  23.2  23.4  23.0  23.1  23.2  23.6  26.8  28.7  30.3  30.5  29.1  29.0  27.3  26.7 
 24.9  24.4  25.3  25.3  25.1  24.3  24.2  23.7  23.4  23.2  23.3  23.2  23.2  22.9  23.2  23.4  23.1  23.1  23.4  23.2  23.2  22.9  23.3  23.2  24.4  24.7  28.8  28.6  28.5  26.8  25.9  25.3 
 24.7  25.0  25.4  25.9  25.8  26.0  25.3  24.7  23.4  23.4  23.4  23.3  23.1  23.0  23.2  23.4  23.1  23.0  23.3  23.3  23.1  23.0  23.3 nan  23.2  23.6  25.3  27.1  25.4  25.7  25.0  25.1 
 25.8  25.5  26.7  27.5  29.0  29.6  38.2  42.0  39.7  33.7  24.1  23.6  23.3  22.9  23.3  23.3  23.2  23.0  23.3  23.1  23.3  22.8  23.3  23.4  23.3  23.1  23.6  23.9  24.1  23.7  24.6  24.5 
 25.9  26.1  27.4  28.0  30.3  32.8  47.7  54.2  58.4  51.6  25.1  24.0  23.0  23.2  23.3  23.3  23.0  23.2  23.3  23.3  23.0  23.2  23.3  23.3  23.1  23.3  24.6  24.8  23.8  23.9  24.2  24.5 
 26.3  26.2  28.2  28.8  33.0  36.7  57.4  66.1  77.0  73.0  30.9  25.1  23.4  23.0  23.4  23.2  23.2  23.0  23.4  23.3  23.2  23.0  23.3  23.3  23.2  23.1  26.1  25.9  23.7  23.3  24.2  24.4 
 26.1  26.5  27.9  28.8  32.8  37.0  57.2  68.6  86.7  82.1  30.5  24.9  23.3  23.4  23.3  23.4  23.1  23.2  23.4  23.4  22.9  23.3  23.1  23.3  22.9  23.1  24.8  25.2  23.6  23.6  24.1  24.3 
 26.3  26.1  27.7  28.4  30.6  31.9  45.9  55.7  67.8  57.1  25.9  24.3  23.6  23.1  23.3  23.2  23.3  23.0  23.3  23.2  23.2  23.1  23.4  23.3  23.3  22.9  23.6  23.7  23.8  23.4  24.3  24.2 
 25.9  26.7  27.3  28.1  28.7  30.0  38.0  43.1  46.4  39.3  24.6  24.0  23.5  23.3  23.4  23.4  23.0  23.2  23.4  23.6  23.1  23.1  23.3  23.4  23.3  23.4  23.5  23.5  23.4  23.6  24.3  24.6 
 26.7  26.1  27.4  27.2  27.5  27.6  29.4  29.9  28.5  26.5  24.3  23.8  23.6  23.3  23.7  23.5  23.5  23.2  23.4  23.5  23.4  22.8  23.6  23.4  23.3  23.1  23.5  23.7  23.9  23.3  24.0  24.4 
 25.9  26.6  26.8  27.4  26.8  27.1  27.8  28.2  26.6  25.6  24.1  24.0  23.4  23.5  23.6  23.5  23.2  23.2  23.6  23.3  23.0  23.1  23.6  23.5  23.2  23.6  23.6  23.7  23.5  23.8  24.2  24.8 
 26.2  25.6  26.7  26.6  26.2  26.0  26.7  26.6  25.5  24.3  24.5  24.2  23.7  23.5  23.8  23.7  23.4  23.2  23.6  23.4  23.3  23.1  23.8  23.8  23.5  23.0  24.0  24.0  23.5  23.6  24.5  24.9 
 25.9  26.3  26.5  26.6  25.9  26.1  26.1  26.2  24.8  24.7  24.5  24.2  23.6  23.8  23.7  23.9  23.5  23.4  23.5  23.7  23.2  23.4  23.7  23.8  23.2  23.5  23.8  24.4  23.7  24.1  25.1  26.1 
 27.5  26.2  26.4  26.2  25.9  25.3  25.8  25.3  25.0  24.4  24.4  24.7  24.1  23.6  24.0  23.8  23.8  23.3  23.7  23.7  23.5  23.2  23.9  23.8  23.9  23.2  24.5  24.6  24.7  23.9  26.3  27.3 
 27.0  26.8  26.3  26.5  25.4  25.8  25.3  25.3  24.3  24.5  24.3  24.4  23.6  24.0  23.8  24.0  23.5  23.9  23.9  24.0  23.4  23.7  24.0  24.0  23.6  23.8  24.9  25.2  25.0  25.0  26.8  28.2 
