 24.1  23.5  23.7  23.6  23.1  22.6  22.9  22.8  22.6  22.5  22.9  23.1  22.7  22.6  22.8  23.0  22.7  22.7  23.0  22.9  22.9  23.0  24.9  25.9  27.1  27.6  29.5  30.0  30.7  30.9  31.6  31.7 
 24.0  23.3  23.7  23.7  23.4  23.0  23.0  23.1  23.0  22.6  23.1  23.2  22.6  22.6  22.8  22.9  22.8  22.6  23.0  23.0  22.8  22.7  23.5  24.3  25.7  26.6  28.7  29.7  30.4  30.8  32.0  31.8 
 23.3  23.2  23.5  23.7  22.9  22.6  23.0  23.0  22.8  22.8  22.8  22.8  22.6  22.5  23.0  22.9  22.6  22.7  22.9  23.0  22.8  22.9  23.1  23.0  23.5  23.9  29.0  30.3  30.9  30.9  32.0  32.2 
 23.3  23.2  23.5  23.3  23.0  22.6  22.9  23.0  23.0  22.6  23.0  23.0  22.5  22.5  22.7  23.1  22.7  22.6  22.9  22.9  23.0  22.8  23.3  23.4  23.8  24.5  29.7  30.9  31.2  31.1  31.8  32.1 
 23.5  23.4  23.3  23.1  23.0  22.7  23.0  23.1  23.2  23.1  22.9  23.0  22.7  22.6  22.9  22.9  22.5  22.7  23.0  22.7  22.7  22.7  23.2  23.5  26.9  28.6  31.4  31.9  32.0  32.2  31.7  32.1 
 23.3  22.9  23.4  23.2  22.8  22.7  23.3  23.4  23.7  23.8  23.4  23.0  22.8  22.7  22.9  22.9  22.8  22.6  22.8  22.9  22.8  22.7  23.3  24.0  28.4  29.8  31.4  32.2  32.4  31.9  31.9  31.8 
 22.9  23.4  23.2  23.2  22.8  22.7  23.1  23.4  25.5  26.8  24.3  23.5  22.7  22.7  22.9  22.8  22.7  22.6  23.0  23.0  22.9  22.9  23.9  25.6  29.1  29.9  31.7  32.1  31.5  30.8  31.9  31.9 
 23.3  23.3  23.2  23.1  23.0  22.7  23.4  23.6  26.1  27.7  24.8  23.4  22.8  22.8  22.8  22.9  22.9  22.6  22.8  22.9  22.8  23.0  24.3  25.8  29.9  30.5  31.6  32.1  30.8  30.4  31.5  31.1 
 23.7  23.3  23.3  23.1  22.9  22.8  23.2  23.3  23.5  23.4  23.3  23.0  22.6  22.7  22.8  23.0  22.8  22.7  23.0  22.8  22.7  22.9  24.0  25.3  29.8  30.7  31.6  31.8  32.5  32.3  31.9  31.9 
 23.5  23.1  23.5  23.2  23.0  22.9  23.1  23.2  23.0  23.0  23.0  22.9  22.8  22.7  22.9  22.8  22.9  22.7  23.0  23.0  22.9  22.9  23.7  25.1  29.7  30.8  31.8  32.2  32.6  32.2  32.2  31.7 
 23.9  23.9  23.8  23.7  23.5  23.3  23.3  23.2  22.8  22.8  22.9  23.0  22.7  22.5  22.9  22.9  22.9  22.8  23.1  23.0  22.9  22.8  23.1  24.2  28.5  30.0  31.7  31.8  31.7  31.1  31.6  31.7 
 23.8  23.5  24.2  24.2  23.9  23.9  23.7  23.2  23.1  22.7  22.9  23.0  22.7  22.7  22.7  22.9  22.8  22.8  22.9  23.0  22.9  22.7  23.2 nan  27.3  28.9  30.6  30.8  29.6  29.4  30.8  31.1 
 24.6  24.4  25.3  25.4  26.3  26.6  29.0  29.5  27.7  25.9  23.2  23.1  22.7  22.7  22.9  22.9  22.9  22.7  23.0  22.9  22.8  22.7  23.0  23.2  23.7  24.4  26.7  26.9  25.1  25.3  28.0  28.7 
 24.8  24.7  26.0  26.2  27.6  28.8  36.9  42.6  45.2  39.5  23.9  23.4  22.7  22.8  22.9  22.8  22.7  22.7  22.9  22.9  22.8  22.6  23.0  22.9  23.5  23.2  24.4  24.7  24.7  24.1  25.3  26.7 
 25.2  25.4  26.7  27.2  30.1  32.9  52.2  60.8  71.4  67.9  34.2  25.9  23.1  22.9  22.9  22.7  22.9  22.7  23.1  22.8  22.7  22.7  23.0  22.9  23.0  22.9  23.5  23.6  23.8  23.5  24.7  24.3 
 25.6  25.4  27.0  27.7  30.5  33.5  52.8  61.6  76.6  76.1  38.8  26.5  23.0  22.8  22.8  22.9  22.8  22.6  22.9  22.8  22.8  22.6  23.0  23.1  22.9  22.8  23.4  23.5  23.6  23.5  24.2  24.1 
 25.2  25.7  27.2  27.4  29.8  32.3  46.4  55.8  78.8  78.7  34.1  25.4  23.0  22.9  23.0  22.8  22.7  22.8  23.1  23.1  22.7  22.5  23.3  23.0  23.3  22.9  23.5  23.3  23.6  23.3  24.0  24.2 
 25.8  25.4  26.8  27.2  29.0  30.2  39.1  45.6  61.5  58.6  28.1  24.4  23.1  23.0  23.0  23.1  22.9  22.8  23.1  23.0  23.0  22.8  23.1  23.3  23.0  22.9  23.6  23.4  23.7  23.2  24.2  24.3 
 25.7  25.6  26.8  26.9  27.2  27.5  29.6  31.2  32.4  30.5  24.5  23.8  23.1  23.0  23.0  23.2  23.1  22.8  23.1  23.2  23.0  22.8  23.3  23.1  23.1  23.2  23.3  23.8  23.5  23.3  24.0  24.4 
 25.5  25.8  26.6  26.5  26.8  26.8  28.0  28.3  28.3  27.3  24.0  23.6  23.1  23.1  23.1  23.0  23.0  23.0  23.1  23.2  22.9  22.8  23.3  23.3  23.0  23.0  23.7  23.6  23.3  23.5  24.1  24.3 
 25.6  25.7  26.2  26.1  26.1  25.9  26.1  26.3  25.9  25.0  23.9  23.6  23.0  23.1  23.3  23.3  23.1  22.9  23.2  23.3  23.1  23.0  23.2  23.6  23.3  23.1  23.7  23.7  23.6  24.0  25.0  25.4 
 25.7  25.5  26.2  26.1  25.8  25.6  25.8  25.7  25.1  24.7  23.9  23.8  23.2  22.9  23.3  23.4  23.0  23.0  23.3  23.2  23.2  23.0  23.3  23.4  23.0  23.5  23.7  24.0  24.4  24.4  25.5  26.1 
 26.6  26.2  25.6  26.1  25.5  25.1  25.2  25.3  24.6  24.1  24.0  23.8  23.5  23.3  23.5  23.5  23.0  23.2  23.3  23.5  23.2  23.2  23.8  23.8  23.4  23.5  24.8  25.2  25.1  25.2  26.8  26.9 
 27.0  26.2  25.8  25.8  25.5  24.9  25.1  24.9  24.3  24.3  23.8  24.0  23.5  23.2  23.5  23.4  23.2  23.1  23.3  23.5  23.3  23.1  23.8  23.9  24.1  24.3  25.5  26.2  25.4  25.6  26.8  28.2 
