 24.9  23.8  24.6  24.2  24.2  23.7  23.8  24.1  23.4  23.4  23.9  23.8  23.7  23.0  23.5  23.7  23.4  23.1  23.4  23.4  23.4  23.0  23.3  23.3  23.5  23.0  24.3  25.0  26.7  26.8  28.4  28.8 
 23.8  23.9  24.0  24.2  23.4  23.6  23.7  23.9  23.7  23.8  23.7  23.8  23.1  23.4  23.5  23.4  23.2  23.2  23.4  23.6  23.1  23.3  23.5  23.5  23.2  23.6  24.3  25.4  26.6  27.5  28.2  28.7 
 24.3  23.1  24.4  23.8  23.6  23.2  23.8  23.4  23.7  23.4  23.7  23.7  23.3  23.2  23.5  23.4  23.4  22.9  23.2  23.3  23.2  23.1  23.5  23.4  23.5  23.3  24.0  24.8  26.7  26.3  27.8  27.5 
 23.4  23.7  23.8  24.1  23.3  23.5  23.6  23.8  23.4  23.7  24.0  23.6  23.0  23.0  23.2  23.5  23.2  23.0  23.3  23.3  23.1  23.1  23.5  23.5  23.3  23.3  24.0  24.7  25.7  26.9  28.2  27.9 
 23.9  23.2  23.9  23.7  23.8  23.0  23.6  23.8  23.7  24.0  24.7  24.1  23.3  23.0  23.3  23.3  23.1  23.0  23.4  23.1  23.2  22.9  23.4  23.4  23.4  23.2  24.0  23.8  25.9  26.3  28.2  28.3 
 23.4  23.5  23.6  23.7  23.0  23.2  23.6  23.8  23.9  25.0  26.4  24.9  23.1  23.2  23.3  23.4  22.9  23.0  23.3  23.3  23.1  23.1  23.2  23.4  23.2  23.3  23.8  24.7  24.9  26.6  28.0  29.1 
 23.9  23.4  24.0  23.6  23.4  23.0  23.7  23.6  24.5  25.8  28.7  25.4  23.3  23.1  23.2  23.3  23.0  22.9  23.1  23.3  23.2  23.0  23.4  23.4  23.6  23.1  26.3  25.6  26.5  26.2  29.2  28.7 
 23.5  23.6  23.6  23.7  23.1  23.2  23.4  23.7  23.6  24.2  25.1  24.2  23.2  23.1  23.2  23.1  23.2  23.1  23.2  23.2  23.1  23.1  23.6  23.3  23.2  24.5  26.3  27.7  26.9  28.6  29.1  28.6 
 24.2  23.6  24.0  23.5  23.4  23.0  23.4  23.5  23.3  23.0  23.6  23.3  23.2  23.1  23.3  23.3  23.3  23.0  23.5  23.5  23.1  23.0  23.4  23.3  24.5  24.9  28.9  28.8  29.7  29.1  30.8  30.0 
 23.6  23.9  24.0  24.0  23.6  23.5  23.4  23.6  23.0  23.2  23.4  23.4  22.9  22.9  23.2  23.2  23.1  23.1  23.3  23.4  23.1  23.2  23.4  23.5  24.0  26.1  28.7  29.8  29.7  30.0  30.8  30.6 
 24.7  24.6  25.0  25.0  24.9  24.3  24.3  23.7  23.3  23.2  23.4  23.3  23.0  23.0  23.2  23.3  23.3  23.1  23.4  23.3  23.2  23.0  23.3  23.3  24.2  24.9  29.0  29.2  30.1  30.2  31.1  30.8 
 24.6  25.1  25.6  26.0  25.8  26.0  25.4  24.9  23.5  23.4  23.4  23.3  23.1  23.2  23.3  23.4  23.0  23.0  23.1  23.3  23.0  23.2  23.2 nan  23.4  24.9  28.4  29.9  29.5  29.9  30.7  29.7 
 25.7  25.5  26.7  27.3  28.8  29.7  38.2  42.0  39.6  33.6  23.9  23.6  23.3  23.0  23.4  23.3  23.2  22.8  23.3  23.2  23.2  22.9  23.3  23.4  23.2  23.2  27.5  28.6  29.2  29.3  29.4  28.7 
 25.7  26.1  27.3  28.0  30.3  33.1  48.0  54.4  58.4  51.3  25.0  23.9  23.1  23.2  23.3  23.4  22.9  23.2  23.3  23.3  23.0  23.0  23.3  23.3  23.1  23.3  26.0  26.9  28.1  28.6  29.3  27.0 
 26.3  26.2  28.2  29.0  33.1  36.9  57.7  66.5  77.2  73.0  30.6  25.0  23.4  22.9  23.4  23.3  23.4  23.1  23.4  23.4  23.1  23.0  23.4  23.2  23.1  23.3  26.2  26.0  25.3  27.0  28.4  29.1 
 26.1  26.3  28.1  29.1  33.1  37.1  57.5  69.0  87.0  81.8  30.3  25.0  23.3  23.3  23.3  23.2  23.0  23.1  23.3  23.5  22.9  23.1  23.4  23.3  23.1  23.2  24.8  25.2  24.8  26.5  29.8  29.0 
 26.3  26.1  28.0  28.5  30.4  32.0  46.1  56.0  67.7  56.7  25.8  24.1  23.5  23.2  23.4  23.3  23.2  22.9  23.4  23.2  23.3  23.0  23.5  23.3  23.4  23.1  23.7  24.0  24.4  24.1  29.5  28.2 
 26.2  26.5  27.4  27.8  28.8  30.0  38.0  43.3  46.2  39.1  24.4  24.1  23.3  23.5  23.5  23.5  23.0  23.3  23.2  23.4  23.2  23.2  23.3  23.3  23.1  23.1  23.6  23.9  23.6  24.5  25.6  28.0 
 26.6  26.2  27.4  27.0  27.6  27.6  29.1  29.7  28.5  26.5  24.0  23.8  23.5  23.3  23.7  23.5  23.5  23.1  23.3  23.5  23.5  22.9  23.5  23.5  23.4  23.1  23.5  23.7  23.9  23.6  24.7  25.2 
 26.2  26.4  26.5  26.9  27.0  27.0  27.8  27.8  26.4  25.6  24.1  24.0  23.3  23.5  23.6  23.6  23.2  23.3  23.4  23.6  23.0  23.2  23.4  23.7  23.2  23.4  23.7  23.7  23.5  23.7  24.4  25.1 
 26.2  25.8  26.7  26.6  26.3  26.0  26.7  26.6  25.5  24.4  24.2  24.3  23.7  23.4  23.7  23.8  23.5  23.3  23.7  23.6  23.4  23.1  23.7  23.6  23.7  23.1  23.8  24.0  23.8  23.8  24.7  25.4 
 26.1  26.1  26.5  26.6  25.9  25.9  26.1  26.1  24.9  24.7  24.2  24.3  23.6  23.5  23.6  23.8  23.3  23.4  23.5  23.7  23.3  23.5  23.7  23.8  23.3  23.5  24.0  24.0  23.7  24.0  25.4  26.1 
 27.7  26.6  26.2  26.2  26.0  25.3  25.9  25.4  24.9  24.1  24.4  24.3  24.0  23.5  24.1  24.0  23.9  23.4  24.0  23.8  23.7  23.4  24.0  24.2  23.7  23.5  24.6  24.7  24.4  24.5  26.6  27.7 
 27.0  27.0  26.5  26.4  25.6  25.6  25.4  25.3  24.2  24.6  24.3  24.5  23.7  24.0  24.0  23.8  23.4  23.7  23.9  23.9  23.7  23.7  23.9  24.0  23.3  24.1  24.9  25.9  25.0  25.3  28.1  28.1 
