 25.2  24.0  24.4  24.2  24.2  23.4  23.8  23.9  24.0  23.3  23.9  23.5  23.6  23.2  23.5  23.3  23.6  23.0  23.3  23.4  23.5  23.1  23.5  23.6  23.8  23.4  24.8  25.7  28.0  27.9  29.0  29.1 
 24.3  24.1  24.0  24.2  23.7  24.0  23.7  24.1  23.9  24.0  23.4  23.7  23.3  23.6  23.4  23.6  23.1  23.2  23.2  23.5  23.2  23.3  23.5  23.5  23.2  24.0  24.5  25.4  26.9  27.7  28.7  29.0 
 24.5  23.3  24.5  23.7  23.9  22.9  23.5  23.5  23.6  23.4  23.7  23.7  23.4  23.0  23.5  23.3  23.4  23.2  23.2  23.4  23.5  23.0  23.5  23.3  23.6  23.6  24.3  24.4  27.1  27.6  29.3  29.0 
 23.6  23.9  23.7  24.0  23.3  23.3  23.6  24.0  23.5  23.6  24.0  23.7  23.2  23.4  23.4  23.4  23.1  23.2  23.2  23.4  23.1  23.4  23.4  23.5  23.4  23.8  24.7  25.0  25.8  27.7  29.6  29.8 
 24.1  23.6  23.7  23.5  23.5  23.1  23.5  23.4  24.2  23.9  24.7  23.9  23.5  22.9  23.3  23.1  23.2  22.8  23.4  23.2  23.5  23.0  23.5  23.5  24.6  25.1  27.5  27.3  28.7  28.8  30.0  29.6 
 23.4  23.7  23.6  23.7  23.0  23.4  23.5  23.7  24.1  25.2  26.5  24.8  23.1  23.5  23.2  23.4  23.0  23.1  23.2  23.2  23.2  23.3  23.2  23.6  25.7  27.0  28.8  29.6  29.7  30.5  30.1  30.1 
 24.3  23.3  23.7  23.8  23.5  22.9  23.4  23.4  24.6  25.7  28.5  25.5  23.3  23.0  23.2  23.2  23.1  23.2  23.2  23.0  23.3  23.1  23.3  23.8  27.8  28.6  30.8  30.6  30.5  30.2  30.9  30.3 
 23.5  23.9  23.5  23.7  23.3  23.2  23.4  23.6  23.6  24.1  25.0  24.0  23.2  23.3  23.1  23.2  22.8  23.1  23.2  23.3  23.1  23.3  23.7  24.0  28.0  30.0  30.7  30.4  29.9  30.4  30.8  30.0 
 24.3  23.5  23.7  23.5  23.5  22.9  23.4  23.4  23.5  23.1  23.6  23.3  23.4  22.9  23.2  23.2  23.2  23.1  23.4  23.3  23.4  22.8  23.4  23.8  28.7  29.8  30.5  30.2  30.6  29.9  28.7  27.6 
 23.6  23.9  23.9  23.9  23.5  23.7  23.5  23.6  23.0  23.3  23.2  23.5  23.1  23.1  23.1  23.3  23.1  23.1  23.2  23.2  23.1  23.1  23.5  23.9  27.9  29.4  30.7  30.6  30.0  29.6  28.1  26.9 
 25.0  24.6  25.1  24.8  25.0  24.3  24.0  23.8  23.3  23.1  23.5  23.3  23.3  22.9  23.2  23.2  23.3  23.0  23.3  23.3  23.3  22.9  23.4  23.4  25.3  26.7  29.2  29.7  29.3  27.7  26.2  25.7 
 24.7  25.2  25.4  25.8  25.8  25.9  25.4  24.6  23.5  23.4  23.3  23.3  23.0  23.1  23.2  23.3  22.9  23.3  23.2  23.2  23.0  23.2  23.3 nan  23.5  24.1  26.6  27.3  26.3  26.0  25.3  25.4 
 26.0  25.3  26.7  27.2  29.1  29.8  38.3  41.9  39.9  33.7  23.9  23.5  23.5  23.1  23.3  23.2  23.3  22.9  23.3  23.0  23.2  23.0  23.4  23.2  23.4  22.9  23.7  24.1  24.4  24.0  24.6  24.8 
 25.7  26.4  27.4  28.1  30.3  32.9  47.7  54.3  58.5  51.6  25.1  23.8  23.2  23.3  23.2  23.2  23.0  23.3  23.2  23.3  23.0  23.0  23.4  23.2  23.0  23.3  24.4  24.9  24.2  24.1  24.2  24.5 
 26.6  26.4  28.0  28.8  33.2  36.6  57.6  66.2  77.2  73.1  30.8  25.1  23.5  23.1  23.3  23.1  23.2  23.0  23.3  23.5  23.2  22.9  23.3  23.4  23.3  23.1  26.1  25.9  24.0  23.8  24.4  24.3 
 26.0  26.5  27.8  28.8  32.9  37.1  57.2  68.7  86.9  82.0  30.5  25.0  23.4  23.4  23.3  23.2  22.9  23.4  23.3  23.2  23.0  23.2  23.1  23.3  23.1  23.3  24.5  25.1  23.7  23.9  24.1  23.9 
 26.7  26.4  27.8  28.3  30.8  32.0  45.9  55.7  67.8  57.1  25.6  24.0  23.6  23.2  23.6  23.2  23.3  23.1  23.2  23.4  23.2  23.0  23.1  23.1  23.6  22.9  23.6  23.7  24.0  23.4  24.0  23.8 
 26.2  26.6  27.6  27.9  28.9  30.0  37.8  43.0  46.2  39.3  24.5  23.9  23.3  23.5  23.3  23.3  23.1  23.2  23.3  23.4  23.1  23.2  23.2  23.3  23.0  23.2  23.6  23.6  23.5  23.8  24.2  24.4 
 26.8  26.1  27.1  27.2  27.7  27.7  29.3  29.5  28.7  26.5  24.1  23.8  23.7  23.3  23.5  23.4  23.8  23.2  23.3  23.6  23.6  22.9  23.3  23.4  23.4  23.1  23.4  23.5  24.2  23.5  24.2  24.4 
 26.0  26.6  26.7  27.2  26.8  27.2  27.7  28.1  26.8  26.0  24.0  23.9  23.5  23.6  23.5  23.5  23.2  23.4  23.5  23.5  23.2  23.3  23.5  23.4  23.1  23.4  23.6  23.7  23.5  24.0  24.4  24.7 
 26.6  25.8  26.7  26.5  26.5  26.3  26.5  26.5  25.6  24.6  24.4  24.0  24.0  23.5  23.7  23.5  23.7  23.4  23.5  23.3  23.7  23.1  23.8  23.4  23.9  23.4  23.8  23.7  23.8  23.5  24.3  25.5 
 25.9  26.6  26.2  26.5  26.2  26.0  26.0  26.1  24.8  24.8  24.2  24.3  23.6  23.8  23.5  23.8  23.1  23.5  23.5  23.7  23.2  23.5  23.6  23.7  23.3  23.7  23.7  24.2  23.7  23.9  25.1  26.1 
 27.7  26.2  26.6  26.4  25.8  25.3  25.6  25.2  25.1  24.3  24.3  24.2  23.9  23.6  23.8  23.8  23.8  23.2  23.8  23.8  23.8  23.2  24.0  24.1  23.7  23.4  24.0  24.6  24.8  24.1  26.2  26.9 
 27.6  27.3  26.3  26.4  25.6  25.9  25.3  25.6  24.6  24.7  24.3  24.4  24.0  24.0  24.0  23.9  23.8  23.9  23.8  23.8  23.3  23.6  24.0  24.0  23.8  24.1  24.7  25.6  25.2  25.5  27.7  27.7 
