 23.6  22.7  22.9  23.2  22.7  22.4  22.6  22.9  22.5  22.3  22.5  22.5  22.4  22.2  22.3  22.3  22.3  22.1  22.4  22.5  22.4  22.3  22.4  22.7  22.7  22.2  23.1  23.5  23.2  22.9  23.9  24.5 
 23.2  23.2  22.8  23.0  22.5  22.4  22.8  22.7  22.3  22.2  22.6  22.4  22.1  21.9  22.5  22.2  22.2  22.0  22.8  22.3  22.2  22.3  22.5  22.6  22.6  22.7  23.1  24.0  23.5  23.2  23.7  23.7 
 23.2  22.6  23.0  22.8  22.8  22.3  22.6  22.7  22.6  22.4  22.5  22.5  22.3  22.2  22.3  22.5  22.4  22.1  22.3  22.4  22.3  22.1  22.3  22.5  22.4  22.5  22.8  22.8  22.9  22.6  23.1  23.5 
 22.9  22.7  22.9  22.9  22.4  22.3  22.7  22.7  22.7  22.6  22.5  22.4  22.3  22.1  22.5  22.4  22.3  22.2  22.5  22.4  22.2  22.3  22.4  22.4  22.3  22.2  22.8  22.6  22.6  22.8  23.2  23.2 
 22.7  22.6  22.8  22.8  22.5  22.5  22.8  23.0  23.2  22.9  22.6  22.5  22.4  22.1  22.4  22.2  22.2  22.1  22.2  22.3  22.4  22.2  22.4  22.5  22.5  22.3  22.6  23.0  22.7  22.5  22.9  23.2 
 22.4  22.8  23.1  22.8  22.4  22.7  22.9  22.9  23.3  23.7  23.0  22.5  22.4  22.3  22.4  22.3  22.3  22.1  22.5  22.3  22.2  22.0  22.7  22.5  22.5  22.3  22.7  22.5  22.7  22.6  23.0  22.6 
 23.0  22.7  22.9  22.6  22.5  22.4  23.0  23.1  25.1  26.1  23.9  23.2  22.4  22.3  22.3  22.5  22.2  22.2  22.2  22.5  22.3  22.2  22.5  22.6  22.5  22.1  22.6  23.0  22.7  22.3  22.9  22.7 
 22.8  22.4  22.7  22.8  22.5  22.5  22.9  23.2  25.4  26.8  24.3  23.0  22.4  22.3  22.4  22.2  22.1  22.2  22.1  22.2  22.1  22.4  22.7  22.5  22.2  22.5  22.9  22.6  22.6  22.6  22.8  21.9 
 23.3  22.7  22.9  23.1  22.6  22.4  22.8  22.8  23.1  23.3  22.8  22.7  22.4  22.3  22.4  22.6  22.3  22.3  22.6  22.4  22.4  22.3  22.4  22.5  22.4  22.4  22.7  22.8  22.6  22.6  22.9  22.9 
 23.0  23.1  23.3  23.1  23.0  22.7  22.8  22.5  22.7  22.8  22.6  22.7  22.5  22.3  22.4  22.3  22.1  22.2  22.4  22.6  22.1  22.2  22.4  22.4  22.5  22.5  22.7  22.6  22.5  22.6  23.0  22.7 
 23.8  23.3  23.8  23.7  23.7  23.4  23.1  23.0  22.8  22.6  22.6  22.6  22.4  22.4  22.4  22.4  22.5  22.3  22.3  22.6  22.4  22.3  22.5  22.4  22.2  22.3  23.1  23.5  23.4  22.9  22.9  23.1 
 23.5  23.5  24.0  24.3  24.4  24.1  23.7  23.4  22.7  22.7  22.6  22.5  22.3  22.3  22.5  22.4  22.3  22.4  22.6  22.3  22.3  22.3  22.6 nan  22.4  22.4  24.1  24.7  23.4  22.8  22.9  23.2 
 24.4  24.2  25.1  25.5  26.9  27.4  32.7  35.0  33.0  29.3  23.0  22.7  22.7  22.4  22.5  22.5  22.5  22.4  22.6  22.4  22.4  22.2  22.2  22.6  22.6  22.4  23.7  24.4  23.3  22.9  23.1  23.1 
 24.1  24.4  25.8  26.1  28.3  30.0  41.7  48.8  53.3  47.2  24.6  23.1  22.6  22.4  22.6  22.4  22.4  22.3  22.6  22.4  22.4  22.3  22.7  22.4  22.4  22.2  23.0  23.2  23.1  22.9  23.1  23.2 
 24.8  25.1  26.4  27.3  30.5  33.7  54.8  63.2  74.6  71.2  34.3  25.4  22.8  22.5  22.6  22.6  22.4  22.3  22.7  22.6  22.5  22.4  22.7  22.6  22.6  22.2  22.7  22.8  23.0  23.0  23.3  23.1 
 25.1  25.4  26.7  27.1  30.5  34.0  53.5  62.6  78.4  78.8  36.8  25.7  22.5  22.6  22.4  22.5  22.3  22.4  22.6  22.4  22.3  22.4  22.6  22.5  22.6  22.4  23.1  22.6  22.6  22.8  23.4  23.3 
 25.1  25.2  26.4  26.9  29.3  31.4  44.1  53.2  72.9  69.5  29.8  24.3  22.6  22.5  22.6  22.5  22.4  22.3  22.6  22.6  22.6  22.3  22.6  22.7  22.6  22.4  22.9  22.8  22.9  22.7  23.3  23.3 
 24.9  25.2  26.2  26.7  28.5  29.5  36.8  41.8  53.8  49.3  25.5  23.6  22.4  22.6  22.6  22.6  22.3  22.3  22.7  22.3  22.3  22.4  22.6  22.6  22.6  22.4  22.9  22.6  22.7  22.7  23.3  23.4 
 25.2  25.0  26.2  26.2  26.6  26.7  28.4  29.4  29.7  27.8  23.7  23.0  22.6  22.7  22.6  22.8  22.7  22.5  22.5  22.7  22.5  22.1  22.6  22.7  22.7  22.7  22.9  23.2  23.0  22.7  23.2  23.5 
 24.8  25.1  26.0  25.9  26.0  26.1  27.3  27.2  26.6  25.8  23.5  23.0  22.8  22.5  22.7  22.7  22.5  22.5  22.6  22.4  22.5  22.5  22.6  22.7  22.6  22.6  23.1  23.0  23.0  22.7  23.6  23.0 
 25.1  24.9  25.5  25.6  25.3  25.4  25.5  25.5  25.0  24.5  23.4  23.1  22.8  22.5  22.7  22.9  22.5  22.4  22.6  22.6  22.8  22.5  22.8  23.0  22.9  22.5  22.8  23.3  23.2  23.7  24.0  25.1 
 25.1  25.0  25.4  25.2  25.1  25.1  25.3  24.9  24.3  24.1  23.4  23.3  22.7  22.5  22.7  22.7  22.6  22.6  22.8  22.7  22.6  22.5  22.9  22.6  22.7  22.9  23.1  23.3  23.9  24.2  25.0  25.0 
 26.3  25.2  25.0  25.2  24.6  24.3  24.8  24.2  24.1  23.7  23.5  23.3  23.1  22.6  22.8  23.0  22.9  22.6  22.9  22.6  22.6  22.7  23.0  23.2  23.3  23.1  24.5  24.9  25.0  24.7  26.0  26.1 
 26.2  25.4  25.0  25.2  24.6  24.5  24.5  24.5  23.7  23.5  23.4  23.3  22.8  22.7  22.9  22.9  22.7  22.7  23.0  22.8  22.7  22.7  23.4  23.5  23.9  24.1  25.4  25.5  25.4  25.4  26.9  26.3 
