 24.1  23.8  23.7  24.3  23.6  23.3  23.7  23.8  23.5  23.3  23.5  23.7  23.4  23.2  23.1  23.5  22.9  23.0  23.4  23.7  23.2  22.9  23.1  23.6  23.1  23.4  24.5  25.7  27.5  27.2  28.7  29.4 
 23.5  23.4  24.0  23.6  23.6  23.4  23.7  23.4  23.4  23.3  23.7  23.5  23.1  23.0  23.8  23.2  23.1  23.0  23.4  23.3  23.3  23.1  23.4  23.1  23.4  23.3  24.3  24.6  27.1  27.2  28.7  28.5 
 23.8  23.7  23.8  24.0  23.2  23.1  23.5  23.7  23.4  23.3  23.7  23.5  23.0  23.0  23.3  23.4  23.0  22.9  22.9  23.3  22.9  22.8  23.0  23.4  23.3  23.4  23.9  25.1  26.5  27.6  29.0  29.4 
 23.5  23.6  24.0  23.7  23.3  22.9  23.8  23.6  23.4  23.4  23.8  23.4  23.1  23.0  23.4  23.3  22.8  22.9  23.3  23.2  22.9  23.1  23.4  23.3  23.6  23.3  25.0  24.5  26.3  27.3  29.6  29.3 
 23.5  23.4  23.6  23.4  23.2  23.3  23.2  23.7  23.5  23.9  24.6  24.1  23.0  22.9  23.2  23.4  22.9  22.8  23.1  23.4  23.0  23.0  23.2  23.5  23.8  26.2  26.4  28.5  28.1  29.7  29.7  30.1 
 23.3  23.3  23.6  23.2  22.9  22.8  23.6  23.6  24.0  24.7  26.6  24.7  23.0  23.1  23.2  23.2  22.9  23.0  23.3  23.0  23.0  22.8  23.6  23.2  27.2  26.1  29.7  29.2  30.1  29.8  30.6  29.5 
 23.5  23.3  23.3  23.7  23.0  22.9  23.4  23.4  24.2  25.7  28.1  25.6  23.0  22.9  23.1  23.2  22.8  22.7  23.0  23.2  22.8  23.0  23.4  24.9  27.3  29.8  30.5  30.7  30.2  30.2  30.6  30.7 
 23.7  23.2  23.3  23.4  23.0  22.8  23.4  23.4  23.5  23.9  25.0  23.7  23.0  22.9  23.3  23.0  22.8  23.0  23.2  23.0  22.9  23.1  23.8  24.1  29.3  29.3  31.1  30.4  30.1  30.3  30.5  29.6 
 23.6  23.5  23.6  23.7  23.2  23.1  23.2  23.2  23.0  22.9  23.2  23.3  23.0  23.0  23.0  23.2  22.9  23.0  23.2  23.3  22.9  23.0  23.3  24.9  28.2  30.4  30.6  30.3  30.1  29.5  28.9  27.3 
 23.8  23.4  24.0  23.6  23.4  23.2  23.3  23.3  23.0  23.0  23.3  23.2  23.0  22.8  23.2  23.0  23.0  22.9  23.2  23.2  23.1  23.0  23.6  23.8  28.6  29.7  31.1  30.6  30.0  29.4  27.3  26.6 
 24.4  24.3  24.9  25.1  24.7  24.3  23.8  23.8  23.1  23.1  23.4  23.2  23.1  23.0  23.0  23.3  23.0  22.9  23.1  23.1  23.0  22.9  23.1  23.5  25.9  26.9  30.0  29.7  29.8  27.5  26.1  25.4 
 24.5  24.7  25.5  25.7  25.6  25.7  25.4  24.4  23.5  23.3  23.4  23.2  22.9  22.8  23.2  23.1  23.0  22.9  23.2  23.1  22.9  22.8  23.3 nan  23.7  25.4  26.4  28.7  26.0  26.4  25.3  25.3 
 25.6  25.4  26.3  27.2  28.7  29.7  38.1  41.9  39.5  33.6  23.7  23.6  22.9  22.8  23.2  23.2  23.0  23.0  23.2  23.1  23.0  22.9  23.2  23.2  23.0  23.0  23.9  24.0  24.4  23.9  24.8  24.5 
 25.6  25.8  27.6  27.7  30.1  32.9  47.6  54.3  58.6  51.5  25.1  23.8  23.0  23.1  23.3  23.1  23.0  23.0  23.2  23.2  22.9  22.9  23.3  23.2  23.1  22.8  24.7  24.6  24.1  23.9  24.2  24.5 
 25.9  26.4  27.8  28.8  32.8  36.7  57.5  66.5  77.2  73.1  30.7  25.1  23.3  23.0  23.2  23.2  23.2  22.9  23.0  23.3  22.9  22.9  23.0  23.3  23.1  23.1  25.9  25.8  23.9  23.4  23.6  24.3 
 26.0  26.2  28.0  28.6  32.8  37.0  57.2  68.7  86.9  81.9  30.4  24.9  23.2  23.1  23.3  23.3  22.9  22.9  23.2  23.1  23.0  23.1  23.2  23.2  22.9  22.8  24.7  25.0  23.4  23.5  24.1  23.8 
 25.9  26.1  28.0  28.3  30.0  31.7  45.6  55.8  67.5  57.0  25.6  24.0  23.4  23.2  23.2  23.2  23.0  22.9  23.2  23.4  23.2  22.8  23.1  23.4  23.0  22.8  23.4  23.6  23.6  23.1  24.0  23.9 
 26.2  26.1  27.5  27.6  28.8  29.8  38.2  42.8  46.2  39.1  24.4  23.9  23.3  23.3  23.4  23.2  23.0  22.8  23.3  23.0  22.9  22.8  23.3  23.1  22.8  22.8  23.7  23.4  23.7  23.5  24.2  24.1 
 26.0  25.8  26.9  26.8  27.5  27.4  29.1  29.7  28.2  26.5  24.2  23.8  23.3  23.2  23.5  23.5  23.1  23.0  23.1  23.4  22.9  22.9  23.4  23.6  23.2  23.0  23.5  23.9  23.5  23.4  24.0  24.3 
 26.0  26.1  26.8  26.8  26.9  26.8  27.9  27.9  26.5  25.5  23.9  23.7  23.4  23.4  23.6  23.3  23.1  23.1  23.6  23.2  23.2  23.1  23.3  23.2  23.1  23.2  23.7  23.3  23.4  23.5  24.4  24.3 
 25.9  25.8  26.4  26.6  26.1  26.2  26.2  26.5  25.2  24.5  24.2  24.1  23.5  23.5  23.5  23.7  23.4  23.0  23.5  23.7  23.0  23.1  23.5  23.6  23.3  23.0  23.5  24.1  23.7  23.3  24.3  25.2 
 25.9  26.1  26.4  26.5  25.9  25.6  26.1  25.9  24.7  24.4  24.2  24.0  23.4  23.5  23.5  23.5  23.2  23.2  23.4  23.5  23.1  23.1  23.5  23.5  23.1  23.1  24.0  23.5  23.6  23.6  24.9  25.2 
 26.7  26.0  26.2  26.0  25.6  25.3  25.4  25.5  24.4  24.0  24.0  24.3  23.8  23.4  23.6  23.9  23.4  23.1  23.4  23.8  23.2  23.0  23.8  24.0  23.6  23.3  24.0  24.4  24.1  24.1  25.5  27.7 
 27.0  26.3  26.1  26.1  25.4  25.2  25.5  25.3  24.2  24.2  24.5  24.1  23.6  23.6  24.0  23.8  23.4  23.2  23.9  23.8  23.7  23.3  23.8  23.8  23.3  23.5  24.6  25.2  25.0  24.8  27.2  27.2 
