 24.3  24.2  24.1  24.3  23.8  23.8  23.9  23.9  23.5  23.6  23.5  23.7  23.4  23.5  23.5  23.6  23.1  23.2  23.2  23.3  23.3  23.4  23.4  23.8  23.0  23.4  24.7  26.1  27.3  27.7  28.2  29.5 
 24.1  23.6  24.4  23.9  23.8  23.6  24.0  23.8  23.8  23.4  23.6  23.8  23.7  23.3  23.6  23.4  23.3  23.1  23.6  23.4  23.5  23.2  23.5  23.3  23.6  23.1  24.7  25.1  27.0  26.8  28.5  28.3 
 23.8  23.9  24.0  24.2  23.6  23.5  23.5  23.9  23.4  23.6  23.7  23.8  23.2  23.0  23.1  23.5  23.2  23.3  23.3  23.3  23.2  23.3  23.3  23.5  23.4  23.3  23.6  24.4  26.5  27.5  28.8  28.8 
 23.9  23.4  23.9  23.9  23.6  23.2  23.7  23.6  23.7  23.3  23.9  23.5  23.4  23.1  23.5  23.2  23.3  22.9  23.5  23.3  23.3  22.8  23.5  23.3  23.5  23.2  24.2  24.0  26.3  27.2  29.5  28.9 
 23.5  23.3  23.5  24.0  23.1  23.3  23.4  23.6  23.8  24.3  24.6  24.0  23.2  23.3  23.2  23.3  23.1  23.1  23.1  23.3  23.2  23.0  23.4  23.4  23.3  23.5  24.6  25.3  26.8  28.9  29.3  29.4 
 23.8  23.3  23.8  23.6  23.5  23.2  23.6  23.6  24.1  25.1  26.4  24.7  23.3  23.0  23.2  23.2  23.1  22.9  23.3  23.1  23.1  22.9  23.5  23.2  23.7  23.3  26.3  26.6  29.0  29.5  30.0  29.5 
 23.5  23.8  23.5  23.8  23.3  23.2  23.4  23.8  24.4  26.0  28.2  25.6  23.2  23.2  23.2  23.2  23.0  23.1  23.1  23.3  23.2  23.1  23.4  23.3  24.1  26.1  28.7  30.2  30.0  30.4  30.5  30.5 
 23.8  23.5  23.7  23.6  23.4  23.1  23.7  23.4  23.7  23.9  25.1  23.9  23.1  23.1  23.5  23.2  23.1  22.9  23.2  23.1  23.1  23.1  23.5  23.4  25.3  26.4  29.9  29.7  30.2  30.3  30.9  30.1 
 23.9  23.7  23.7  23.8  23.2  23.3  23.3  23.5  23.2  23.1  23.2  23.3  23.1  23.2  23.1  23.4  23.0  23.0  23.2  23.3  23.1  23.3  23.3  23.5  25.4  27.8  30.4  30.4  29.9  30.2  29.6  28.6 
 24.3  23.7  24.2  24.0  23.8  23.3  23.6  23.3  23.3  23.0  23.4  23.2  22.9  23.0  23.3  23.1  23.1  23.0  23.2  23.3  23.1  23.1  23.4  23.3  25.8  27.2  30.8  30.1  29.9  29.4  28.8  27.7 
 24.7  24.8  25.1  25.2  24.9  24.6  23.9  23.7  23.1  23.3  23.3  23.3  23.1  23.1  23.1  23.2  23.1  23.0  23.2  23.3  23.1  23.1  23.3  23.5  24.4  26.6  30.1  30.3  30.0  29.8  27.2  26.2 
 24.9  24.8  25.5  25.7  25.8  25.7  25.3  24.5  23.6  23.3  23.7  23.4  23.2  23.2  23.4  23.2  23.2  23.1  23.4  23.2  23.1  23.0  23.3 nan  24.0  25.1  29.2  30.0  29.8  28.9  26.2  25.6 
 25.6  25.7  26.8  27.3  29.0  29.9  38.1  41.9  39.8  33.9  23.7  23.5  23.2  23.1  23.2  23.3  23.0  23.1  23.2  23.2  23.1  23.1  23.1  23.4  23.1  23.4  24.9  25.4  25.7  25.1  24.6  25.0 
 26.1  26.0  27.3  27.8  30.4  33.0  47.7  54.3  58.7  51.5  25.2  23.7  23.3  23.1  23.3  23.2  23.1  23.0  23.4  23.2  23.2  22.9  23.4  23.1  23.2  23.1  24.8  25.1  24.5  24.6  25.0  24.5 
 26.2  26.4  27.7  28.9  32.9  37.0  57.5  66.6  77.4  73.3  30.8  25.1  23.1  23.3  23.1  23.4  23.3  23.2  23.2  23.3  22.9  23.1  23.2  23.3  23.1  23.3  25.9  26.0  24.0  24.0  24.1  24.5 
 26.5  26.4  28.1  28.5  33.0  37.1  57.4  68.7  87.1  82.0  30.6  25.1  23.4  23.3  23.4  23.2  23.3  23.0  23.3  23.3  23.1  22.9  23.3  23.2  23.2  23.0  24.7  24.9  23.9  23.5  24.6  24.3 
 26.2  26.3  27.9  28.6  30.4  32.1  45.6  55.8  67.7  57.1  25.8  24.1  23.2  23.3  23.3  23.3  23.0  23.1  23.2  23.4  23.0  23.1  23.1  23.2  23.2  23.1  23.5  23.8  23.5  23.6  24.2  24.1 
 26.6  26.6  27.5  27.8  29.0  29.9  37.9  43.0  46.5  39.2  24.5  23.7  23.5  23.3  23.6  23.5  23.3  23.0  23.5  23.3  23.2  23.0  23.5  23.4  23.2  22.9  23.6  23.5  23.8  23.5  24.2  23.9 
 26.4  26.5  27.0  27.1  27.4  27.8  29.0  29.7  28.4  26.5  24.1  23.9  23.4  23.5  23.5  23.7  23.3  23.3  23.3  23.6  23.3  23.2  23.4  23.6  23.1  23.1  23.1  23.6  23.5  23.7  24.2  24.5 
 26.2  26.2  26.9  26.7  26.9  27.0  28.1  27.8  26.7  25.6  24.4  23.8  23.7  23.4  23.7  23.4  23.4  23.2  23.5  23.5  23.4  23.1  23.4  23.6  23.2  23.3  23.6  23.6  23.7  23.9  24.6  24.4 
 26.3  26.2  26.6  26.7  26.1  26.5  26.4  26.4  25.4  24.7  24.0  24.1  23.7  23.6  23.6  23.6  23.3  23.6  23.3  23.6  23.2  23.4  23.6  23.7  23.4  23.5  24.0  24.2  23.5  24.0  24.5  25.5 
 26.4  26.2  26.7  26.4  26.1  25.9  26.3  25.8  24.9  24.4  24.4  24.0  23.7  23.5  23.7  23.5  23.5  23.3  23.7  23.5  23.4  23.2  23.8  23.6  23.7  23.2  24.2  23.9  24.1  23.8  25.7  25.2 
 27.2  26.5  26.3  26.3  25.6  25.7  25.5  25.2  24.6  24.3  24.3  24.4  23.8  23.7  23.6  24.0  23.6  23.5  23.8  23.6  23.6  23.4  23.6  24.1  23.6  23.4  24.2  24.8  24.1  24.4  25.9  27.4 
 27.4  26.6  26.4  26.5  25.8  25.3  25.4  25.1  24.5  24.5  24.6  24.3  24.0  23.6  24.1  23.8  23.7  23.7  23.8  23.6  23.7  23.5  23.8  23.9  24.0  23.7  25.1  25.1  25.7  25.1  27.7  27.2 
