 24.7  23.8  24.2  24.1  23.8  23.6  23.9  23.9  23.7  23.6  23.7  23.7  23.4  23.2  23.6  23.4  23.5  23.2  23.4  23.4  23.3  23.2  23.2  23.5  23.4  23.4  25.3  26.2  27.4  27.5  28.4  28.8 
 23.9  24.1  24.2  24.0  23.6  23.7  23.6  23.8  23.5  23.7  23.7  23.8  23.3  23.3  23.6  23.5  23.4  23.3  23.4  23.4  23.3  23.2  23.5  23.5  23.4  23.7  24.5  25.7  27.1  27.3  28.3  28.4 
 23.9  23.7  24.0  23.9  23.5  23.4  23.8  23.6  23.6  23.5  23.8  23.7  23.4  23.3  23.6  23.3  23.3  23.0  23.2  23.2  23.2  23.2  23.3  23.4  23.3  23.4  23.9  24.4  26.6  27.5  28.9  29.2 
 24.0  23.7  24.1  24.0  23.4  23.2  23.7  23.8  23.4  23.6  23.8  23.7  23.1  23.2  23.4  23.3  23.1  23.2  23.4  23.3  23.3  23.3  23.0  23.4  23.2  23.2  24.1  24.3  25.9  27.3  29.3  29.4 
 23.9  23.8  23.6  23.4  23.3  23.4  23.5  23.6  23.9  23.9  24.6  24.1  23.4  23.3  23.3  23.2  23.1  23.0  23.1  23.1  23.3  23.0  23.3  23.4  23.5  23.3  24.9  24.6  26.6  28.3  29.5  29.1 
 23.8  23.7  23.5  23.8  23.1  23.5  23.6  23.8  24.2  25.0  26.3  24.7  23.2  23.3  23.2  23.4  23.1  23.0  23.0  23.4  23.1  23.1  23.3  23.3  23.3  23.8  25.7  26.4  28.2  29.5  29.9  29.8 
 23.8  23.5  23.6  23.8  23.3  23.1  23.4  23.5  24.5  25.8  28.2  25.7  23.3  23.0  23.0  23.2  23.1  23.0  23.2  23.3  23.3  23.0  23.4  23.4  24.3  25.6  29.0  29.3  30.1  30.4  30.6  30.4 
 23.9  23.8  23.6  23.4  23.4  23.2  23.4  23.4  23.4  24.1  24.9  24.1  23.2  23.2  23.0  23.4  23.1  23.2  23.1  23.1  23.0  23.2  23.0  23.4  25.0  26.7  29.4  30.2  30.7  30.6  30.7  30.3 
 24.0  23.7  23.9  23.6  23.3  23.2  23.3  23.3  23.4  23.2  23.4  23.2  23.3  23.0  23.3  23.1  23.3  23.0  23.2  23.2  23.2  23.3  23.5  23.3  25.4  26.9  29.6  30.0  30.5  30.6  30.7  30.3 
 23.8  23.7  23.9  24.0  23.6  23.3  23.3  23.4  23.3  23.3  23.2  23.5  22.9  23.1  23.2  23.3  23.1  23.2  23.2  23.2  23.1  23.1  23.2  23.4  25.0  26.6  30.1  30.5  30.0  30.2  30.5  29.4 
 24.7  24.6  25.0  25.1  25.0  24.8  24.1  23.6  23.3  23.4  23.5  23.1  23.2  23.0  23.3  23.2  23.2  23.0  23.5  23.2  23.1  23.0  23.4  23.1  24.1  25.5  29.8  29.9  29.6  30.0  29.4  28.0 
 24.9  24.8  25.5  25.8  25.8  25.8  25.4  24.7  23.6  23.4  23.5  23.4  23.1  23.1  23.0  23.1  23.2  23.2  23.1  23.2  23.1  23.2  23.2 nan  23.3  24.4  28.6  29.5  29.3  29.2  28.1  27.0 
 25.6  25.5  26.6  27.1  29.0  29.8  38.3  41.9  39.9  33.8  23.8  23.5  23.3  23.1  23.2  23.2  23.3  22.9  23.3  23.1  23.1  23.1  23.1  23.3  23.3  23.1  24.5  25.1  26.6  26.3  25.5  25.2 
 25.9  26.1  27.2  27.9  30.2  32.8  47.6  54.4  58.6  51.5  25.2  24.0  23.2  23.3  23.2  23.4  23.1  23.2  23.1  23.3  23.1  23.0  23.3  23.3  23.3  23.3  24.4  25.0  24.8  24.8  25.0  24.8 
 26.2  26.6  27.8  28.8  33.0  36.9  57.6  66.3  77.2  73.0  30.7  25.1  23.3  23.1  23.2  23.2  23.4  22.9  23.2  23.3  23.2  23.0  23.4  23.2  23.4  23.4  25.8  25.7  24.2  24.1  24.4  24.1 
 26.2  26.5  28.0  28.8  32.9  37.0  57.3  68.7  86.9  82.1  30.3  25.0  23.3  23.4  23.3  23.2  23.1  23.1  23.3  23.3  23.0  23.2  23.1  23.3  23.1  22.9  24.6  25.0  23.5  23.6  24.3  24.3 
 26.2  26.3  27.9  28.2  30.4  32.1  45.6  55.7  67.8  57.0  25.7  24.1  23.6  23.2  23.1  23.3  23.2  23.2  23.4  23.3  23.2  22.8  23.4  23.2  23.5  23.1  23.4  23.7  23.6  23.6  24.3  23.9 
 26.4  26.7  27.5  27.8  29.0  29.9  38.1  43.0  46.2  39.3  24.4  24.0  23.5  23.2  23.5  23.5  23.2  23.1  23.4  23.4  23.2  23.2  23.2  23.3  23.2  23.2  23.7  23.4  23.7  23.8  24.4  24.2 
 26.5  26.5  27.0  27.0  27.5  27.8  29.3  29.7  28.5  26.7  24.3  23.7  23.6  23.3  23.6  23.4  23.5  23.2  23.4  23.4  23.4  23.0  23.3  23.6  23.5  23.3  23.4  23.5  23.6  23.5  24.0  24.3 
 26.2  26.4  26.7  26.9  27.0  27.3  27.9  27.9  26.8  25.9  24.1  23.7  23.5  23.4  23.5  23.6  23.4  23.3  23.5  23.4  23.3  23.3  23.4  23.6  23.3  23.3  23.7  23.7  23.6  23.8  24.4  24.7 
 26.2  26.0  26.6  26.5  26.4  26.3  26.6  26.4  25.6  24.7  24.2  24.1  23.7  23.4  23.7  23.6  23.5  23.4  23.5  23.5  23.1  23.3  23.7  23.6  23.5  23.1  23.7  23.8  23.8  23.7  24.8  24.9 
 26.1  26.1  26.6  26.2  26.1  26.1  26.2  26.1  25.2  24.6  24.1  24.1  23.5  23.6  23.6  23.8  23.4  23.4  23.7  23.5  23.5  23.3  23.7  23.7  23.6  23.4  23.7  24.1  24.1  24.0  24.9  25.6 
 27.3  26.9  26.0  26.1  25.7  25.7  25.6  25.4  24.6  24.6  24.3  24.3  23.8  23.7  23.6  23.9  23.6  23.4  23.6  23.5  23.9  23.5  23.6  23.9  24.0  23.3  24.0  24.6  24.6  24.6  26.0  27.3 
 27.3  26.7  26.3  26.2  25.6  25.6  25.5  25.2  24.4  24.5  24.3  24.4  23.9  23.8  23.9  23.8  23.5  23.7  23.7  23.9  23.7  23.7  23.9  24.0  23.6  23.8  24.8  25.5  25.3  25.2  27.6  27.3 
