 23.7  22.6  23.6  22.9  22.8  22.5  22.7  22.9  22.7  22.0  22.8  22.6  22.3  22.0  22.4  22.6  22.4  22.2  22.6  22.4  22.3  22.4  22.8  22.6  22.5  22.4  23.3  23.6  23.4  22.8  24.3  24.9 
 22.9  22.7  23.1  23.3  22.5  22.3  22.7  22.8  22.2  22.4  22.7  22.7  22.1  22.2  22.4  22.6  22.2  22.3  22.6  22.5  22.1  22.2  22.6  22.9  22.5  22.5  23.5  24.1  23.4  23.2  23.8  24.4 
 23.1  22.5  23.2  23.0  22.6  22.2  22.8  22.7  22.5  22.3  22.6  22.7  22.3  22.2  22.5  22.4  22.2  22.0  22.4  22.3  22.4  22.2  22.8  22.7  22.6  22.5  23.3  23.0  22.9  22.7  23.3  23.4 
 23.2  22.6  23.0  23.1  22.5  22.3  22.8  22.9  22.5  22.5  22.9  22.7  22.4  22.2  22.4  22.7  22.3  22.3  22.4  22.5  22.3  22.3  22.7  22.8  22.5  22.4  22.9  23.1  22.8  22.9  23.3  23.5 
 23.0  22.7  23.2  22.8  22.6  22.5  23.0  22.9  23.0  22.9  22.8  22.6  22.5  22.3  22.6  22.4  22.0  22.0  22.6  22.4  22.2  22.2  22.8  22.4  22.6  22.3  23.1  22.8  22.9  22.6  23.2  23.1 
 22.9  22.5  22.8  22.8  22.4  22.4  22.8  23.2  23.6  23.8  22.8  23.0  22.2  22.4  22.4  22.4  22.3  22.2  22.5  22.5  22.2  22.2  22.5  22.6  22.5  22.5  22.8  23.0  22.5  22.7  23.3  23.4 
 23.1  22.7  22.9  22.8  22.5  22.6  23.0  23.3  25.2  26.2  24.2  23.1  22.4  22.1  22.5  22.5  22.4  22.1  22.6  22.5  22.4  22.3  22.7  22.6  22.4  22.2  22.7  22.8  22.5  22.6  23.0  23.0 
 22.8  23.0  22.9  23.1  22.6  22.4  22.9  23.4  25.6  26.9  24.4  23.0  22.3  22.4  22.5  22.5  22.3  22.3  22.3  22.6  22.5  22.4  22.6  22.8  22.3  22.4  22.8  22.8  22.5  22.4  22.9  22.3 
 23.4  22.7  23.3  23.0  22.6  22.5  23.0  22.9  23.0  23.2  23.0  22.8  22.4  22.3  22.4  22.5  22.2  22.3  22.7  22.4  22.6  22.3  22.7  22.6  22.6  22.4  23.0  22.7  22.5  22.6  23.1  23.2 
 23.1  23.0  23.3  23.4  22.8  22.6  22.9  22.9  22.8  22.7  22.6  22.6  22.4  22.3  22.6  22.5  22.1  22.3  22.4  22.8  22.6  22.5  22.6  22.7  22.5  22.4  22.7  23.1  22.7  22.7  23.1  23.1 
 23.7  23.5  24.0  23.9  23.5  23.4  23.2  22.9  22.8  22.6  22.7  22.6  22.3  22.2  22.5  22.5  22.3  22.2  22.6  22.5  22.4  22.2  22.6  22.4  22.4  22.4  23.2  23.5  23.3  23.1  23.1  23.0 
 23.7  23.6  24.2  24.4  24.2  24.4  23.9  23.7  22.9  22.6  22.8  22.7  22.5  22.4  22.4  22.7  22.4  22.3  22.5  22.5  22.4  22.4  22.6 nan  22.3  22.3  24.0  24.9  23.6  22.9  23.1  23.2 
 24.2  24.0  25.3  25.7  27.0  27.5  32.8  34.9  33.0  29.2  23.2  22.7  22.6  22.3  22.7  22.7  22.4  22.4  22.6  22.6  22.3  22.2  22.7  22.6  22.6  22.4  23.9  24.5  23.3  22.9  23.5  23.1 
 24.3  24.8  25.6  26.4  28.2  30.1  41.7  48.9  53.3  47.2  24.7  23.4  22.4  22.6  22.7  22.6  22.4  22.4  22.5  22.7  22.4  22.3  22.5  22.8  22.6  22.3  22.9  23.4  23.0  23.0  23.2  23.4 
 25.1  25.2  26.6  27.1  30.5  33.6  54.9  63.2  74.7  71.1  34.4  25.6  22.7  22.5  22.6  22.6  22.6  22.4  22.6  22.6  22.4  22.4  22.7  22.5  22.5  22.4  22.8  22.7  22.8  22.9  23.5  23.0 
 24.9  25.3  26.9  27.4  30.7  33.9  53.4  62.7  78.3  78.8  36.7  25.9  22.8  22.7  22.6  22.7  22.5  22.4  22.6  22.7  22.4  22.2  22.6  22.7  22.5  22.5  22.9  23.1  22.8  22.7  23.4  23.4 
 25.0  25.1  26.6  26.9  29.4  31.5  44.3  53.2  72.8  69.5  30.0  24.2  22.5  22.5  22.6  22.4  22.4  22.4  22.6  22.6  22.5  22.3  22.8  22.6  22.7  22.6  23.0  22.8  22.8  22.5  23.6  23.2 
 25.1  25.3  26.2  27.0  28.4  29.4  36.9  41.9  53.4  49.2  25.7  23.7  22.6  22.5  22.7  22.6  22.3  22.5  22.7  22.8  22.4  22.5  22.7  22.8  22.5  22.6  22.9  23.0  22.8  23.0  23.6  23.5 
 25.3  25.1  26.5  26.3  26.7  26.8  28.6  29.4  29.6  27.8  24.0  23.1  22.7  22.4  22.8  22.7  22.5  22.4  22.7  22.7  22.5  22.3  22.8  22.8  22.7  22.5  23.2  22.9  23.0  23.0  23.5  23.5 
 24.9  25.4  25.9  26.3  26.0  26.0  27.2  27.3  26.8  26.0  23.5  23.2  22.7  22.7  22.8  22.6  22.5  22.4  22.9  22.7  22.5  22.4  22.8  23.0  22.6  22.5  23.0  22.9  23.0  23.0  23.9  24.0 
 25.4  25.0  25.9  25.6  25.2  25.2  25.6  25.7  25.0  24.1  23.6  23.3  22.8  22.6  22.8  23.0  22.4  22.4  22.8  22.7  22.8  22.6  23.1  22.9  23.1  22.5  23.0  23.4  23.2  23.4  24.5  24.7 
 24.8  24.9  25.3  25.6  25.2  24.9  25.2  25.4  24.4  24.1  23.3  23.4  22.9  22.7  22.7  22.9  22.5  22.7  22.8  22.8  22.5  22.7  22.8  23.1  22.8  22.7  23.1  23.7  24.2  24.3  24.9  25.4 
 25.6  25.3  25.3  25.4  24.6  24.3  24.9  24.6  24.1  23.6  23.5  23.5  23.1  22.8  23.0  23.2  22.8  22.5  23.2  23.0  22.8  22.6  23.2  23.2  23.2  23.2  24.9  25.0  25.1  24.8  26.5  26.7 
 26.1  25.8  25.1  25.3  24.6  24.4  24.6  24.7  23.8  23.7  23.3  23.6  22.8  22.7  23.1  23.1  22.7  22.7  23.0  23.0  22.9  22.8  23.3  23.4  23.4  24.2  25.5  26.0  25.3  25.0  25.8  27.0 
