 24.5  24.2  24.0  24.7  23.9  23.8  23.7  24.1  23.6  23.5  23.4  23.9  23.4  23.4  23.2  23.8  23.1  23.2  23.3  23.5  23.2  23.3  23.4  23.7  23.4  23.3  24.8  26.4  27.2  27.4  28.4  29.8 
 24.1  23.9  24.3  23.7  23.7  23.7  23.8  23.8  23.7  23.3  23.6  23.7  23.3  23.2  23.6  23.3  23.2  23.1  23.5  23.3  23.3  23.1  23.6  23.5  23.2  23.4  24.8  25.4  27.2  27.1  28.5  28.1 
 23.9  23.6  24.1  24.1  23.3  23.4  23.5  23.6  23.5  23.3  23.5  23.7  23.2  23.2  23.4  23.5  23.3  23.0  23.0  23.4  23.2  23.1  23.3  23.5  23.3  23.0  24.1  24.7  26.9  27.5  28.6  29.5 
 23.9  23.5  24.1  23.8  23.7  23.1  23.6  23.5  23.6  23.3  24.0  23.5  23.1  23.2  23.5  23.3  23.4  22.9  23.4  23.1  23.2  23.2  23.6  23.5  23.4  23.6  24.2  24.0  26.1  27.1  29.5  29.2 
 23.9  23.7  23.7  23.6  23.3  23.1  23.3  23.8  23.9  24.0  24.6  24.1  23.3  23.1  23.2  23.4  22.9  23.1  23.1  23.3  23.1  23.2  23.2  23.4  23.4  23.6  25.0  25.8  26.8  28.2  29.0  29.5 
 23.9  23.6  23.8  23.3  23.2  23.5  23.7  23.6  24.2  25.1  26.6  24.5  23.3  23.2  23.3  23.2  23.2  23.0  23.3  23.2  23.0  23.0  23.5  23.1  23.6  24.0  27.1  27.4  28.9  29.4  30.0  29.3 
 23.9  23.5  23.6  23.8  23.1  23.0  23.5  24.0  24.5  25.8  28.1  25.6  23.2  23.1  23.0  23.4  23.0  23.0  23.2  23.3  23.3  23.2  23.3  23.8  24.5  26.5  29.7  30.4  30.2  30.3  30.8  30.7 
 23.9  23.5  23.7  23.4  23.1  22.9  23.5  23.3  23.8  24.1  24.9  24.0  23.2  23.0  23.4  23.2  23.2  23.1  23.2  23.1  23.3  22.9  23.6  23.5  25.5  27.2  30.6  30.1  30.4  30.4  30.7  29.7 
 23.7  23.4  23.6  23.6  23.4  23.2  23.3  23.4  23.1  23.2  23.4  23.4  23.1  23.2  23.0  23.4  23.1  23.2  23.2  23.4  23.2  22.9  23.2  23.5  26.0  28.1  30.3  30.1  30.2  30.2  29.8  29.1 
 23.8  23.7  23.9  23.7  23.7  23.2  23.6  23.2  23.3  23.2  23.3  23.3  23.0  23.0  23.2  23.0  23.1  23.2  23.3  23.2  23.1  23.1  23.5  23.2  26.1  28.1  30.5  30.1  29.9  29.6  29.0  27.5 
 24.4  24.5  24.9  25.4  24.8  24.5  23.9  23.9  23.3  23.2  23.2  23.5  23.0  23.0  23.2  23.4  23.3  23.0  23.3  23.4  23.1  23.2  23.3  23.4  24.4  26.2  29.7  30.4  29.9  29.1  26.2  26.0 
 24.9  24.8  25.6  25.6  25.9  25.9  25.5  24.7  23.5  23.3  23.3  23.2  23.1  23.1  23.3  23.3  23.3  23.2  23.3  23.2  23.1  23.1  23.4 nan  23.8  24.4  27.8  28.9  28.4  27.2  25.6  25.3 
 25.6  25.5  26.6  27.3  28.7  29.9  38.0  42.0  39.7  33.7  23.7  23.6  23.1  23.0  23.3  23.3  23.2  23.1  23.3  23.2  23.0  23.0  23.2  23.4  23.2  23.1  23.8  24.4  24.8  24.5  24.6  25.0 
 25.9  26.0  27.4  27.7  30.3  32.9  47.8  54.2  58.6  51.6  25.3  23.9  23.1  23.2  23.4  23.1  23.0  23.1  23.3  23.1  23.1  22.9  23.4  23.1  23.2  23.1  24.6  24.7  24.5  24.0  25.2  24.3 
 26.3  26.3  28.1  28.9  32.9  36.8  57.3  66.4  77.4  73.2  30.7  25.2  23.3  23.2  23.2  23.3  23.1  22.9  23.3  23.2  23.0  23.0  23.1  23.4  23.2  23.2  25.9  26.0  24.0  23.6  24.1  24.3 
 26.2  26.4  28.3  28.6  32.8  36.9  57.2  68.6  87.0  82.1  30.6  24.7  23.5  23.3  23.3  23.2  23.0  23.1  23.3  23.0  22.9  23.0  23.5  23.2  23.2  23.1  24.6  25.0  23.8  23.6  24.3  23.9 
 26.0  26.6  27.7  28.6  30.3  32.0  45.9  55.9  67.6  57.1  25.7  24.2  23.3  23.1  23.5  23.3  23.1  23.0  23.2  23.5  23.2  22.9  23.3  23.5  23.1  23.1  23.4  23.9  23.3  23.6  24.0  24.3 
 26.2  26.1  27.8  27.6  28.9  29.8  38.2  43.0  46.3  39.2  24.6  24.0  23.4  23.3  23.4  23.2  23.2  23.0  23.4  23.2  23.1  23.3  23.4  23.2  23.2  23.1  23.6  23.5  23.4  23.5  24.4  24.1 
 26.3  26.2  26.9  27.3  27.4  27.8  29.0  29.9  28.5  26.7  24.0  24.0  23.3  23.4  23.5  23.7  23.5  23.3  23.2  23.5  23.1  23.0  23.2  23.6  23.1  23.0  23.4  23.7  23.6  23.4  23.8  24.7 
 26.4  26.4  27.0  26.8  27.0  27.0  28.2  27.8  26.8  25.6  24.2  23.8  23.6  23.4  23.7  23.3  23.4  23.2  23.6  23.2  23.4  23.1  23.6  23.4  23.3  23.3  23.8  23.4  23.8  23.8  24.6  24.1 
 26.0  26.1  26.6  27.0  26.1  26.1  26.2  26.7  25.4  24.8  24.0  24.2  23.5  23.5  23.4  23.8  23.2  23.3  23.3  23.6  23.4  23.3  23.6  23.7  23.4  23.4  23.5  24.0  23.5  23.7  24.2  25.3 
 26.2  26.1  26.8  26.2  26.3  25.9  26.2  26.1  24.8  24.5  24.4  24.1  23.4  23.5  23.8  23.7  23.5  23.3  23.7  23.6  23.2  23.3  23.8  23.5  23.4  23.4  24.2  23.9  23.8  23.9  25.4  25.3 
 26.8  26.2  26.0  26.4  25.7  25.5  25.5  25.5  24.6  24.2  24.3  24.6  24.0  23.8  23.8  24.1  23.5  23.5  23.3  23.9  23.6  23.4  23.9  24.2  23.9  23.5  24.1  24.6  24.6  24.2  25.6  27.8 
 27.4  26.4  26.6  25.9  25.5  25.4  25.4  25.2  24.5  24.4  24.5  24.3  23.9  23.8  24.2  23.8  23.7  23.5  23.8  23.6  23.9  23.7  24.4  23.6  23.5  23.8  25.1  25.2  25.3  24.9  26.9  26.8 
