 24.5  23.7  23.9  23.9  23.7  23.0  23.3  23.0  23.1  22.7  23.2  23.2  22.9  22.6  23.1  23.0  22.8  22.7  23.2  23.1  22.9  23.0  25.2  26.6  27.6  27.8  29.9  30.2  31.2  30.9  31.7  31.8 
 23.9  24.0  23.7  23.8  23.3  23.3  23.1  23.2  23.0  23.1  23.1  23.3  22.8  23.1  22.9  23.2  22.5  22.8  23.2  23.1  23.0  22.8  23.9  24.4  26.4  26.7  28.9  30.3  30.5  31.2  31.9  31.7 
 23.8  23.3  23.6  23.8  23.4  22.6  23.3  23.0  22.9  22.6  23.3  23.0  22.7  22.7  22.9  22.9  23.0  22.7  23.1  22.9  23.0  23.0  23.3  23.3  24.0  24.2  29.4  30.3  31.3  31.2  31.9  32.1 
 23.4  23.4  23.3  23.7  23.0  23.0  23.3  23.3  23.0  23.2  23.1  23.3  22.7  22.9  22.9  22.9  22.7  22.9  22.9  23.2  22.9  23.0  23.1  23.6  23.8  25.2  29.9  31.3  31.3  31.5  31.9  32.4 
 23.7  23.4  23.5  23.4  23.4  22.7  23.4  23.1  23.5  23.2  23.2  22.9  22.8  22.7  23.0  22.8  22.8  22.6  23.0  22.9  22.9  22.9  23.4  23.6  27.6  28.6  31.7  31.9  32.5  31.9  32.1  32.1 
 23.1  23.5  23.4  23.6  22.8  23.1  23.0  23.5  23.8  24.0  23.3  23.2  22.9  23.0  22.9  23.1  22.7  22.9  23.0  23.1  22.9  23.1  23.5  24.6  28.5  30.0  31.6  32.4  32.5  32.0  32.0  32.2 
 23.2  23.0  23.5  23.3  23.2  22.8  23.4  23.4  25.6  26.8  24.5  23.4  22.9  22.7  22.9  22.9  23.0  22.9  23.0  23.0  23.2  23.1  24.4  25.5  29.4  30.1  31.7  32.4  32.4  31.4  32.2  31.8 
 23.5  23.4  23.5  23.4  23.0  23.1  23.4  23.8  26.1  28.0  24.8  23.5  22.8  22.8  22.9  22.9  22.7  23.1  22.9  23.1  23.0  23.0  24.4  26.3  29.9  30.9  31.6  31.9  30.9  31.3  31.8  31.4 
 23.6  23.4  23.6  23.2  23.0  22.9  23.4  23.3  23.4  23.5  23.3  23.0  22.9  22.9  22.8  23.0  23.0  22.8  23.2  23.0  22.9  22.8  24.3  25.6  30.2  30.8  31.9  31.8  32.7  32.1  32.0  31.8 
 23.6  23.4  23.6  23.6  23.1  23.3  22.9  23.3  23.1  23.1  22.9  23.1  22.9  22.9  23.0  23.0  22.8  23.0  23.1  23.1  23.0  22.9  23.7  25.5  29.9  31.1  31.7  32.3  32.3  32.6  32.0  32.3 
 24.0  23.7  24.2  24.0  23.7  23.3  23.3  23.1  23.1  22.9  23.2  22.9  23.0  22.7  23.0  23.0  23.1  22.9  23.3  23.0  23.0  23.0  23.5  24.5  29.2  30.2  32.0  32.0  32.3  31.9  31.8  31.8 
 24.0  24.1  24.1  24.2  24.3  24.1  23.6  23.4  23.1  23.0  23.0  23.2  23.0  22.9  22.9  23.0  22.9  23.0  23.0  23.1  22.9  23.1  23.1 nan  27.4  29.2  30.5  31.0  31.1  31.2  31.2  31.7 
 24.7  24.5  25.1  25.6  26.5  26.6  29.3  29.6  27.8  26.0  23.4  23.0  23.0  22.8  23.0  23.0  22.9  22.9  23.1  23.0  23.0  22.7  23.1  23.1  24.1  24.3  26.7  26.8  26.5  27.4  29.6  30.2 
 24.7  25.0  26.0  26.7  27.9  29.0  36.9  42.6  45.0  39.7  24.1  23.5  22.9  22.9  22.8  23.0  22.8  23.0  22.8  23.1  22.9  23.0  23.0  23.2  23.4  23.7  24.3  25.1  24.9  25.2  27.7  28.2 
 25.5  25.4  27.0  27.3  30.5  33.0  52.3  60.7  71.4  67.8  34.2  25.8  23.0  22.8  23.0  22.9  23.1  22.7  23.0  23.0  22.8  22.7  23.2  23.0  23.2  22.9  23.5  23.5  24.1  23.6  24.6  24.7 
 25.6  25.7  27.1  27.8  30.6  33.9  52.9  61.6  76.6  76.2  38.8  26.8  23.1  23.2  22.9  23.1  22.8  23.0  22.8  23.1  22.8  22.8  23.2  23.1  23.1  23.0  23.6  23.7  23.7  23.9  24.0  24.7 
 25.6  26.0  27.0  27.3  30.2  32.2  46.3  55.9  79.1  78.9  34.3  25.5  23.2  22.9  23.1  23.0  23.0  22.8  23.1  23.1  22.9  22.8  23.1  23.1  23.3  23.1  23.5  23.5  23.7  23.3  24.3  24.2 
 25.6  25.8  26.8  27.2  29.0  30.6  39.4  45.7  61.6  58.9  28.2  24.5  23.2  23.2  23.0  23.2  23.0  22.7  23.1  23.4  22.9  23.1  23.1  23.2  23.1  23.4  23.6  23.4  23.7  23.7  24.3  24.6 
 25.8  25.6  26.9  27.1  27.5  27.6  29.7  31.1  32.7  30.5  24.6  23.8  23.3  22.9  23.3  23.1  23.1  23.1  23.2  23.3  23.3  22.9  23.2  23.4  23.4  23.2  23.5  23.6  23.8  23.4  24.2  24.5 
 25.5  25.9  26.4  26.6  26.7  26.8  28.0  28.6  28.3  27.6  24.2  23.7  23.2  23.3  23.2  23.2  23.0  23.2  23.4  23.1  23.1  23.2  23.1  23.5  23.0  23.5  23.4  23.5  23.3  23.8  24.2  24.8 
 26.1  25.5  26.3  26.1  26.2  26.0  26.5  26.5  26.0  25.2  24.2  23.9  23.6  23.1  23.5  23.3  23.1  23.2  23.4  23.3  23.4  23.2  23.6  23.3  23.6  23.1  24.0  23.8  23.9  24.3  25.3  25.3 
 25.8  25.8  25.8  26.1  25.9  25.8  25.9  26.1  25.1  25.1  24.0  24.0  23.2  23.3  23.2  23.6  23.0  23.0  23.4  23.5  23.1  23.1  23.5  23.6  23.4  23.3  23.6  24.0  24.4  24.9  25.4  26.9 
 27.0  26.1  25.9  25.8  25.4  25.4  25.5  25.2  24.9  24.1  24.0  23.8  23.7  23.4  23.6  23.3  23.4  23.1  23.6  23.2  23.6  23.3  23.7  23.8  23.9  23.3  25.0  25.2  25.4  25.3  27.3  27.0 
 27.8  26.9  26.0  26.1  25.0  25.6  24.7  25.3  24.4  24.4  24.0  24.3  23.5  23.4  23.5  23.6  23.3  23.3  23.5  23.5  23.2  23.5  23.7  24.0  23.9  24.4  25.3  26.2  26.0  26.0  26.5  29.3 
