 24.8  23.6  24.2  24.6  24.0  23.9  24.0  23.9  23.9  23.4  23.7  23.7  23.6  23.2  23.3  23.5  23.3  23.3  23.6  23.4  23.2  23.0  23.5  23.9  23.3  23.4  25.2  26.3  27.6  27.7  28.2  28.5 
 24.3  23.8  24.0  24.2  23.4  23.8  24.0  23.9  23.6  23.6  23.8  23.8  23.4  23.5  23.4  23.4  23.1  23.2  23.4  23.5  23.2  23.1  23.6  23.6  23.1  23.7  24.8  25.3  27.1  28.2  28.7  28.8 
 24.5  23.7  24.2  23.7  23.9  23.2  23.6  23.6  23.6  23.4  23.6  23.7  23.3  23.3  23.4  23.3  23.3  23.0  23.3  23.3  23.2  23.0  23.3  23.5  23.7  23.2  24.2  24.5  27.3  27.8  29.4  29.2 
 23.8  24.1  24.0  24.0  23.6  23.3  23.5  23.7  23.4  23.5  23.8  23.7  23.2  23.3  23.2  23.4  23.1  23.1  23.3  23.4  23.2  23.2  23.3  23.5  23.0  23.6  24.0  24.9  26.5  28.2  29.1  29.6 
 23.8  23.8  23.8  23.5  23.7  23.3  23.4  23.6  23.9  24.1  24.7  24.0  23.3  23.0  23.4  23.2  23.1  22.9  23.1  23.2  23.3  23.2  23.4  23.3  23.5  23.2  26.7  25.6  29.6  29.3  29.7  29.2 
 23.3  23.6  23.8  23.6  23.3  23.1  23.8  23.8  24.1  25.0  26.4  24.8  23.1  23.1  23.2  23.4  23.1  23.1  23.3  23.2  23.1  23.2  23.2  23.4  23.6  25.3  26.2  29.1  29.3  30.6  29.7  29.5 
 23.8  23.6  23.9  23.5  23.2  23.2  23.5  23.7  24.5  25.9  28.4  25.5  23.3  23.1  23.2  23.2  23.1  23.1  23.1  23.1  23.2  23.0  23.4  23.5  26.0  25.4  29.7  29.5  30.4  30.2  30.5  30.0 
 23.9  23.8  23.5  23.6  23.2  23.2  23.4  23.6  23.9  24.1  25.0  24.1  23.0  23.1  23.2  23.1  22.9  23.1  23.0  23.2  23.1  23.0  23.3  23.7  24.6  28.5  29.4  30.1  30.0  30.0  30.4  28.1 
 24.1  23.5  23.6  23.6  23.3  22.9  23.3  23.3  23.4  23.0  23.3  23.4  23.2  23.1  23.2  23.3  23.0  23.0  23.3  23.1  23.3  23.1  23.4  23.3  26.8  27.0  29.9  29.6  29.1  29.0  26.9  27.1 
 23.9  23.7  23.9  23.9  23.6  23.5  23.4  23.3  23.1  23.2  23.2  23.3  23.1  23.0  23.2  23.1  23.2  23.1  23.2  23.2  23.1  23.2  23.3  23.4  25.2  28.0  29.5  30.3  28.9  28.0  27.6  25.6 
 24.9  24.6  24.9  24.9  24.8  24.5  24.1  23.7  23.2  23.3  23.3  23.2  23.1  23.1  23.2  23.1  23.3  23.1  23.2  23.2  23.1  23.1  23.3  23.3  24.0  25.5  28.3  29.7  26.8  27.8  24.9  24.9 
 25.1  25.0  25.5  25.9  26.0  25.9  25.4  24.7  23.4  23.5  23.4  23.4  23.1  23.2  23.2  23.3  23.2  23.1  23.2  23.4  23.1  23.1  23.5 nan  23.3  23.5  27.5  25.7  27.0  24.8  24.8  24.7 
 25.9  25.5  26.6  27.1  29.0  29.9  38.2  42.0  39.8  33.8  23.9  23.5  23.3  23.2  23.4  23.3  23.2  23.2  23.3  23.1  23.2  23.0  23.2  23.4  23.2  23.1  23.6  24.3  24.0  24.4  24.5  24.8 
 25.6  26.1  27.4  27.9  30.3  32.8  47.8  54.4  58.7  51.6  25.0  23.9  23.3  23.3  23.4  23.2  23.2  23.2  23.3  23.2  23.1  23.2  23.2  23.2  23.2  23.1  24.5  24.8  24.2  23.9  24.3  24.4 
 26.2  26.5  28.1  28.9  33.0  37.0  57.6  66.4  77.5  73.3  30.7  25.1  23.4  23.2  23.3  23.3  23.2  23.1  23.3  23.2  23.2  22.9  23.1  23.3  23.2  23.3  26.1  25.7  23.6  23.9  23.9  24.3 
 26.4  26.4  27.8  28.9  33.1  37.1  57.3  68.7  87.1  82.2  30.5  25.1  23.3  23.3  23.2  23.3  23.0  23.0  23.2  23.4  23.0  23.0  23.4  23.4  22.9  23.1  24.6  25.0  23.6  23.8  24.2  24.5 
 26.7  26.6  27.9  28.2  30.3  32.0  45.8  55.8  67.8  57.1  25.9  24.1  23.4  23.3  23.3  23.2  23.1  23.1  23.3  23.2  23.2  23.0  23.1  23.2  23.1  22.9  23.6  23.9  23.4  23.9  24.2  24.2 
 26.2  26.4  27.6  28.0  29.0  29.9  37.9  43.0  46.3  39.3  24.3  23.9  23.5  23.4  23.5  23.3  22.9  23.2  23.5  23.4  23.1  22.8  23.4  23.4  23.3  23.3  23.5  23.8  23.7  23.8  24.2  24.1 
 26.7  26.4  27.3  27.1  27.5  27.8  29.3  29.7  28.5  26.4  24.2  23.8  23.5  23.5  23.4  23.5  23.4  23.3  23.3  23.4  23.3  22.9  23.4  23.6  23.5  23.2  23.5  23.6  23.8  23.7  24.2  24.5 
 26.2  26.3  26.7  26.9  27.1  27.0  27.8  28.0  26.7  25.7  24.0  23.8  23.5  23.5  23.7  23.6  23.2  23.2  23.4  23.3  23.3  23.2  23.3  23.6  23.1  23.3  23.4  23.7  23.4  23.9  24.6  24.4 
 26.4  26.2  26.6  26.3  26.5  26.3  26.4  26.2  25.6  24.8  24.3  23.9  23.8  23.4  23.8  23.6  23.3  23.3  23.5  23.4  23.5  23.2  23.6  23.4  23.5  23.3  23.8  23.9  23.8  23.7  24.7  25.2 
 26.3  26.1  26.4  26.5  25.8  26.1  26.1  26.3  25.0  24.8  24.0  24.2  23.7  23.7  23.6  23.8  23.4  23.3  23.4  23.6  23.4  23.4  23.5  23.9  23.5  23.4  24.0  24.1  23.8  23.9  25.1  26.4 
 27.2  26.4  26.3  26.2  26.0  25.5  25.8  25.3  24.7  24.6  24.2  24.2  23.9  23.8  23.6  23.9  23.5  23.6  23.8  23.7  23.6  23.6  23.9  24.0  23.9  23.4  24.3  24.6  24.7  24.3  26.3  28.2 
 27.6  27.1  26.1  26.3  25.6  25.3  25.5  25.3  24.5  24.5  24.4  24.5  23.7  23.7  23.9  23.9  23.5  23.7  23.9  23.9  23.7  23.5  23.9  24.1  23.5  23.8  24.7  25.2  25.4  25.3  26.4  28.7 
