 24.3  23.8  24.1  24.3  24.0  23.8  23.9  24.0  23.6  23.4  23.8  23.6  23.5  23.4  23.4  23.6  23.3  23.2  23.3  23.4  23.3  23.1  23.4  23.5  23.3  23.0  23.6  23.7  23.8  23.7  24.8  25.8 
 24.1  23.8  24.1  23.9  23.8  23.4  23.9  23.9  23.7  23.6  23.6  23.8  23.4  23.1  23.6  23.6  23.2  23.0  23.4  23.4  23.1  23.1  23.2  23.6  22.9  23.4  23.6  23.7  23.5  23.6  24.9  25.2 
 23.9  23.7  24.0  24.1  23.4  23.1  23.6  23.7  23.5  23.4  23.8  23.5  23.4  23.2  23.4  23.3  23.3  23.1  23.1  23.4  23.2  23.1  23.1  23.4  23.3  23.0  23.7  23.4  23.5  23.7  23.9  24.0 
 24.0  23.6  23.9  23.7  23.5  23.1  23.7  23.4  23.5  23.6  24.0  23.7  23.2  23.1  23.2  23.2  23.2  22.9  23.2  23.4  23.0  22.9  23.3  23.3  23.4  23.2  23.7  23.8  23.7  24.5  24.0  24.3 
 23.6  23.6  23.6  23.6  23.2  23.2  23.6  23.7  23.8  24.1  24.8  24.2  23.3  23.2  23.2  23.2  23.1  22.9  23.1  23.1  23.1  23.0  23.2  23.2  23.4  22.9  23.4  23.4  24.0  24.1  24.0  24.0 
 23.7  23.1  23.8  23.7  23.1  23.1  23.7  23.6  24.0  24.8  26.7  24.7  23.2  23.0  23.1  23.1  23.0  22.9  23.2  23.1  23.0  22.9  23.1  23.2  23.2  23.1  23.4  23.3  23.3  23.2  23.7  23.9 
 23.8  23.5  23.7  23.3  23.2  22.9  23.5  23.6  24.4  25.6  28.4  25.5  23.1  23.0  23.3  23.2  23.0  22.9  23.3  23.2  23.1  23.0  23.3  23.4  23.0  23.2  23.4  23.5  23.2  23.0  23.6  23.6 
 23.9  23.4  23.6  23.5  23.2  23.1  23.3  23.7  23.8  24.0  25.1  24.0  23.1  23.0  23.1  23.1  23.1  23.0  23.2  23.2  23.0  23.1  23.4  23.3  23.0  23.0  23.4  23.4  23.0  23.2  23.4  23.1 
 23.9  23.4  23.8  23.4  23.1  23.2  23.3  23.4  23.2  23.1  23.2  23.4  23.1  23.2  23.0  23.2  23.0  23.0  23.2  23.1  23.1  23.0  23.1  23.2  23.0  23.0  23.5  23.3  23.1  23.3  23.5  23.4 
 24.0  23.7  24.1  23.9  23.6  23.2  23.5  23.3  23.1  23.1  23.3  23.4  23.0  23.0  23.3  23.2  23.0  22.9  23.2  23.2  23.0  23.0  23.2  23.1  23.2  23.0  23.1  23.4  23.0  22.8  23.5  23.7 
 24.6  24.6  25.1  25.0  24.6  24.7  24.0  23.8  23.2  23.1  23.3  23.2  23.1  22.9  23.3  23.0  23.0  23.0  23.1  23.1  22.9  23.0  23.2  23.0  23.0  22.8  23.2  23.4  23.1  22.9  23.4  23.6 
 24.7  25.0  25.4  25.8  25.8  25.9  25.3  24.7  23.6  23.4  23.4  23.3  23.0  23.0  23.2  23.2  23.0  23.0  23.3  23.2  22.9  23.0  23.2 nan  23.1  23.0  23.2  23.3  23.3  23.1  23.5  23.8 
 25.7  25.3  26.5  27.2  28.8  29.9  38.2  42.0  39.8  33.9  23.9  23.4  23.1  23.1  23.1  23.2  23.0  23.0  23.5  23.0  22.9  22.8  23.3  23.1  23.1  23.0  23.6  23.5  23.4  23.2  23.9  23.9 
 25.6  25.9  27.4  28.0  30.2  32.7  47.8  54.3  58.7  51.6  25.1  23.9  23.2  23.0  23.2  23.3  23.1  22.9  23.3  23.3  23.1  23.0  23.3  23.1  23.1  22.8  24.3  24.5  23.6  23.5  23.6  23.9 
 26.2  26.4  28.0  28.8  32.7  36.9  57.8  66.6  77.6  73.3  30.9  25.1  23.4  23.1  23.3  23.2  23.3  23.0  23.3  23.2  22.9  22.9  23.3  23.2  23.1  23.0  26.1  25.8  23.5  23.5  23.8  23.8 
 26.3  26.1  28.0  28.9  32.9  37.0  57.3  68.9  87.2  82.2  30.7  25.1  23.3  23.3  23.3  23.3  23.1  23.0  23.1  23.4  23.0  22.9  23.3  23.1  23.0  22.8  24.7  24.9  23.5  23.5  23.9  24.0 
 26.1  26.5  27.8  28.2  30.3  31.8  45.8  55.6  67.7  57.2  25.8  24.2  23.5  23.2  23.2  23.3  23.2  22.9  23.2  23.2  23.1  23.0  23.1  23.1  23.1  23.0  23.5  23.6  23.5  23.5  24.2  23.7 
 26.4  26.1  27.5  27.9  29.0  29.9  37.8  43.0  46.4  39.1  24.4  23.9  23.4  23.4  23.3  23.4  23.1  23.0  23.3  23.2  22.8  23.0  23.2  23.4  23.3  22.9  23.3  23.6  23.9  23.2  24.0  24.3 
 26.5  26.3  27.1  27.1  27.7  27.6  29.1  29.8  28.4  26.5  24.0  23.7  23.4  23.4  23.5  23.4  23.3  23.1  23.2  23.4  23.1  22.9  23.5  23.3  23.2  23.2  23.4  23.4  23.7  23.6  24.0  24.5 
 25.9  26.2  26.9  26.8  27.0  27.0  28.0  28.1  26.6  25.6  24.1  24.0  23.4  23.5  23.5  23.5  23.3  23.1  23.5  23.4  23.1  23.0  23.4  23.6  23.1  23.2  23.5  23.8  23.4  23.7  24.1  24.5 
 26.2  26.0  26.5  26.5  26.3  26.2  26.4  26.2  25.4  24.5  24.2  24.0  23.6  23.4  23.4  23.7  23.4  23.2  23.5  23.5  23.4  23.1  23.6  23.6  23.4  23.4  23.9  23.8  23.5  23.5  24.7  25.1 
 26.3  25.8  26.1  26.5  25.7  25.8  25.8  26.2  25.0  24.8  24.2  24.1  23.6  23.4  23.6  23.7  23.4  23.3  23.4  23.6  23.3  23.2  23.6  23.5  23.3  23.3  23.7  24.1  23.8  23.6  24.6  26.3 
 26.6  26.6  26.3  26.2  25.9  25.4  25.7  25.3  24.6  24.1  24.3  24.4  23.9  23.7  23.6  23.7  23.6  23.3  23.8  23.8  23.8  23.3  23.9  23.9  23.6  23.3  24.3  24.6  24.5  23.9  25.7  26.6 
 27.5  26.8  26.0  25.9  25.2  25.3  25.4  25.2  24.3  24.3  24.4  24.3  23.7  23.5  24.0  23.7  23.6  23.4  23.7  23.8  23.4  23.4  23.8  23.9  23.5  23.7  24.8  25.1  25.0  25.0  26.6  28.4 
