 24.7  23.8  24.1  23.7  23.7  23.8  23.9  23.8  23.6  23.3  23.6  23.9  23.3  23.0  23.4  23.6  23.2  23.2  23.3  23.5  23.0  23.1  23.4  23.7  23.3  23.1  23.4  23.7  23.6  23.5  25.0  25.8 
 24.5  23.8  24.1  24.1  23.5  23.6  23.8  23.7  23.6  23.5  23.8  23.5  23.4  23.4  23.6  23.3  23.2  23.0  23.3  23.2  23.1  23.0  23.5  23.3  23.0  23.2  23.7  23.5  23.7  23.3  25.1  24.9 
 23.7  23.7  24.0  24.1  23.4  23.1  23.7  23.5  23.4  23.3  23.7  23.7  23.1  23.2  23.3  23.4  23.2  22.9  23.2  23.2  23.1  23.0  23.2  23.3  23.2  23.3  23.5  23.7  23.5  23.5  24.1  24.6 
 23.5  23.6  23.9  23.9  23.4  23.2  23.7  23.5  23.5  23.4  24.0  23.5  23.1  23.0  23.5  23.3  23.1  22.9  23.3  23.1  23.0  23.1  23.4  23.4  23.1  22.8  23.8  23.2  23.8  24.4  24.4  24.1 
 24.0  23.5  23.6  23.9  23.3  23.2  23.6  23.6  23.7  24.0  24.7  24.1  23.3  22.9  23.2  23.2  23.1  22.8  23.0  23.2  23.0  23.0  23.2  23.4  23.2  23.3  23.4  23.4  23.6  24.1  24.0  24.3 
 23.6  23.3  23.5  23.5  23.1  23.3  23.6  23.6  24.2  24.8  26.5  24.7  23.1  23.1  23.3  23.2  23.0  23.0  23.2  23.0  23.1  22.8  23.3  23.3  23.3  23.1  23.2  23.3  23.5  23.2  24.4  23.7 
 23.8  23.5  23.7  23.4  23.2  23.3  23.4  23.7  24.4  25.7  28.3  25.6  23.1  22.9  23.2  23.3  23.0  23.1  23.2  23.2  23.0  22.9  23.3  23.4  23.1  23.2  23.2  23.5  23.2  24.3  23.8  26.1 
 23.6  23.4  23.6  23.6  23.2  23.0  23.5  23.3  23.7  23.9  25.0  24.0  23.1  23.0  23.2  23.2  23.0  23.0  23.3  23.1  23.0  23.1  23.3  23.3  23.0  23.1  23.5  23.3  24.2  23.0  26.2  23.8 
 23.8  23.7  23.4  23.6  23.1  23.2  23.2  23.4  23.1  23.2  23.5  23.5  23.0  23.1  23.1  23.3  22.9  22.8  23.2  23.3  23.1  23.0  23.2  23.2  22.9  23.1  23.2  23.5  23.1  25.5  25.2  27.6 
 23.6  23.6  23.9  23.7  23.4  23.2  23.2  23.4  23.1  23.0  23.4  23.2  23.0  22.9  23.1  23.0  23.0  23.1  23.2  23.2  23.2  23.0  23.5  23.1  23.2  22.9  23.6  23.2  24.7  23.5  27.5  27.1 
 24.7  24.5  24.8  25.1  24.8  24.7  24.0  23.8  23.2  23.2  23.2  23.3  23.1  22.9  23.3  23.3  23.0  22.9  23.1  23.4  22.9  23.1  23.1  23.2  23.0  23.1  23.1  24.1  24.1  26.6  27.9  28.0 
 24.7  24.9  25.7  25.6  25.8  25.8  25.6  24.6  23.7  23.3  23.5  23.2  23.0  22.9  23.2  23.2  23.0  23.0  23.4  23.0  23.1  23.0  23.2 nan  23.1  22.9  23.6  23.6  26.1  26.0  28.3  29.0 
 25.6  25.2  26.5  27.3  28.6  29.7  38.0  42.0  39.7  33.9  23.7  23.5  23.2  23.1  23.2  23.3  23.2  23.0  23.2  23.1  23.0  22.9  23.0  23.3  23.0  23.1  23.8  25.6  25.8  28.7  26.9  28.9 
 25.8  25.9  27.2  27.7  30.4  32.6  47.8  54.2  58.9  51.6  25.1  23.8  23.2  23.1  23.3  23.1  23.1  23.0  23.2  23.2  23.0  22.9  23.3  23.0  23.2  23.1  25.8  25.1  29.0  24.9  29.5  25.8 
 26.1  26.3  28.0  28.8  32.8  36.8  57.5  66.7  77.6  73.4  30.8  25.2  23.3  23.0  23.2  23.2  23.2  23.0  23.3  23.3  22.9  23.0  23.1  23.2  23.0  23.5  26.0  27.4  23.8  28.9  24.6  27.9 
 25.9  26.4  28.0  28.7  32.8  36.8  57.3  68.8  87.2  82.1  30.6  25.0  23.2  23.1  23.2  23.3  23.0  23.0  23.5  23.0  22.9  22.8  23.2  23.1  23.1  23.1  25.6  24.8  28.1  23.7  27.9  24.5 
 26.2  26.3  27.8  28.4  30.3  32.0  45.7  55.8  67.7  57.3  25.8  24.1  23.2  23.1  23.2  23.1  23.2  23.0  23.2  23.3  23.0  22.8  23.1  23.2  23.0  23.0  23.4  25.5  23.3  25.9  23.8  25.7 
 26.2  26.1  27.5  27.7  28.8  29.9  37.9  42.8  46.3  39.2  24.5  23.7  23.5  23.2  23.3  23.4  23.0  23.0  23.4  23.1  23.2  23.1  23.2  23.3  23.0  22.9  24.1  23.3  25.4  23.5  25.0  24.1 
 26.2  26.1  27.2  27.0  27.3  27.7  29.0  29.7  28.4  26.5  24.1  23.9  23.4  23.4  23.5  23.6  23.3  23.2  23.3  23.4  23.3  22.9  23.4  23.5  23.0  23.0  23.4  23.8  23.5  24.2  23.6  24.8 
 26.1  26.2  26.9  26.5  26.8  26.9  28.1  27.7  26.7  25.5  23.9  23.7  23.4  23.5  23.7  23.4  23.3  23.1  23.6  23.1  23.1  23.0  23.6  23.3  23.3  23.1  23.6  23.3  24.0  23.7  24.8  24.3 
 26.2  26.0  26.6  26.5  26.4  26.2  26.3  26.5  25.2  24.8  23.9  24.0  23.6  23.5  23.6  23.7  23.3  23.2  23.5  23.4  23.3  23.1  23.5  23.5  23.3  23.1  23.7  23.8  23.5  23.8  24.5  25.1 
 26.3  26.0  26.6  26.1  26.1  25.8  25.8  26.1  24.7  24.6  24.2  24.1  23.6  23.5  23.8  23.6  23.2  23.2  23.5  23.6  23.3  23.5  23.4  23.7  23.5  23.3  24.0  23.8  23.8  23.7  25.3  25.4 
 27.1  26.2  26.1  26.2  25.6  25.4  25.7  25.1  24.5  24.2  24.2  24.4  23.6  23.5  23.8  24.0  23.6  23.4  23.7  23.8  23.5  23.3  23.7  23.9  23.5  23.3  24.2  24.6  24.5  24.5  25.7  27.1 
 27.2  26.2  26.3  25.8  25.5  25.5  25.5  25.1  24.4  24.1  24.6  24.3  23.8  23.7  23.8  23.9  23.7  23.5  23.8  23.7  23.7  23.8  24.1  23.8  23.7  23.7  25.4  25.1  25.2  24.7  27.0  26.9 
