 24.7  24.0  24.8  24.3  24.0  23.8  24.3  23.8  23.6  23.6  24.0  23.7  23.4  23.2  23.5  23.7  23.3  23.1  23.5  23.2  23.2  23.3  23.7  23.4  23.5  23.4  26.3  26.4  26.9  26.6  27.9  28.1 
 24.5  23.8  24.1  24.6  23.8  23.7  23.6  24.0  23.5  23.5  23.7  23.7  23.5  23.3  23.5  23.5  23.4  23.3  23.4  23.7  23.3  23.1  23.7  23.7  23.3  23.7  26.2  26.7  27.0  27.2  27.3  27.9 
 24.3  23.7  24.2  23.7  23.6  23.1  23.5  23.6  23.7  23.3  23.7  23.8  23.4  23.2  23.6  23.4  23.2  23.3  23.3  23.4  23.3  23.1  23.4  23.5  23.6  24.2  27.1  27.1  27.4  27.3  27.7  27.5 
 23.8  23.9  24.1  24.3  23.7  23.4  23.6  23.9  23.5  23.5  23.9  23.6  23.2  23.1  23.3  23.4  23.3  23.1  23.2  23.4  23.2  23.3  23.4  23.4  23.6  24.0  26.7  27.6  26.9  27.0  27.3  27.7 
 23.8  23.8  23.9  23.9  23.5  23.2  23.6  23.6  23.9  24.1  24.6  24.0  23.2  23.1  23.3  23.1  23.1  22.8  23.3  23.1  23.0  23.1  23.3  23.4  23.3  23.9  26.3  26.8  26.8  26.8  27.6  27.3 
 23.6  23.6  24.0  23.8  23.3  23.3  23.6  23.7  24.4  25.1  26.3  24.7  23.2  23.2  23.2  23.4  23.1  23.1  23.2  23.3  23.2  23.2  23.2  23.6  23.3  23.6  25.7  26.4  26.9  26.9  27.4  27.9 
 24.0  23.6  23.9  23.6  23.3  23.4  23.6  23.6  24.6  26.0  28.5  25.4  23.3  23.2  23.4  23.2  23.1  23.1  23.3  23.1  23.2  23.3  23.6  23.5  23.4  23.1  25.1  26.3  27.3  27.1  28.3  27.8 
 23.9  23.7  23.4  23.9  23.4  23.3  23.4  23.5  24.0  24.3  25.2  24.3  23.1  23.2  23.2  23.3  23.2  23.0  23.3  23.3  23.3  23.3  23.4  23.4  23.2  23.3  24.6  25.0  26.9  27.5  28.1  27.6 
 23.9  23.6  23.8  23.6  23.2  23.2  23.6  23.5  23.2  23.1  23.7  23.3  23.2  23.1  23.4  23.3  23.2  23.0  23.4  23.1  23.2  23.1  23.5  23.2  23.5  23.2  23.7  23.8  25.8  27.1  29.1  28.9 
 23.8  23.7  24.1  24.1  23.8  23.6  23.5  23.5  23.1  23.2  23.3  23.3  23.1  23.1  23.2  23.3  23.1  23.0  23.2  23.4  23.1  23.1  23.2  23.4  23.4  23.1  23.7  24.5  26.1  27.5  29.0  29.3 
 24.9  24.6  25.0  25.1  24.9  24.5  24.2  23.7  23.4  23.2  23.4  23.3  23.1  23.0  23.3  23.2  23.1  23.1  23.2  23.2  23.2  23.1  23.4  23.3  23.9  24.0  27.5  27.4  29.3  29.1  29.3  29.1 
 24.9  25.1  25.4  26.0  25.8  25.9  25.3  24.7  23.6  23.5  23.4  23.4  23.1  23.1  23.1  23.3  23.2  23.1  23.2  23.5  23.2  23.0  23.3 nan  24.2  25.8  27.9  29.7  29.8  29.6  29.5  29.3 
 25.7  25.4  26.9  27.3  29.0  29.8  38.4  42.1  39.4  33.4  23.9  23.5  23.2  23.1  23.4  23.3  23.2  23.0  23.5  23.2  23.1  23.0  23.6  23.5  26.6  27.7  29.9  29.8  30.1  30.2  31.2  30.0 
 25.8  26.2  27.2  28.0  30.4  33.1  47.9  54.6  58.4  50.9  24.9  23.9  23.4  23.4  23.3  23.5  23.2  23.1  23.3  23.4  23.2  23.0  23.4  23.8  27.1  29.0  29.9  30.2  30.3  30.4  30.6  30.0 
 26.2  26.6  28.2  28.9  33.0  37.1  58.2  67.1  77.5  72.8  30.4  24.9  23.3  23.2  23.4  23.2  23.2  23.2  23.4  23.3  23.1  23.0  23.6  23.9  28.5  29.4  29.9  29.7  30.5  30.6  30.4  28.4 
 26.3  26.4  28.3  29.1  33.1  37.3  57.8  69.4  87.0  81.5  30.1  25.0  23.4  23.4  23.4  23.3  22.9  23.1  23.2  23.4  23.1  23.1  23.4  24.0  28.0  29.3  29.8  30.2  30.2  29.8  30.6  30.5 
 26.4  26.4  28.0  28.2  30.6  32.1  46.2  56.2  67.7  56.5  25.6  24.2  23.7  23.3  23.6  23.2  23.3  23.0  23.5  23.2  23.4  23.0  23.5  23.5  26.4  28.5  30.0  30.1  29.0  29.3  30.8  30.7 
 26.7  26.8  27.4  28.1  29.1  30.2  38.1  43.5  46.3  38.9  24.4  23.9  23.4  23.3  23.3  23.5  23.2  23.3  23.4  23.6  23.1  23.1  23.3  23.6  24.8  25.7  29.3  29.1  29.5  28.9  30.2  30.2 
 26.5  26.6  27.3  27.0  27.4  27.7  29.2  29.7  28.5  26.7  24.3  24.0  23.5  23.4  23.5  23.6  23.4  23.3  23.3  23.5  23.2  23.1  23.5  23.5  23.4  23.8  25.1  25.9  26.2  27.1  26.3  27.5 
 26.2  26.6  26.7  27.1  27.0  27.0  28.0  28.1  26.8  25.6  24.1  24.1  23.5  23.4  23.5  23.6  23.3  23.3  23.4  23.4  23.3  23.2  23.5  23.5  23.3  23.7  24.7  24.9  25.1  25.5  26.0  26.8 
 26.4  25.8  26.8  26.5  26.6  26.3  26.8  26.4  25.4  24.8  24.2  23.9  23.7  23.4  23.8  23.6  23.5  23.5  23.6  23.6  23.4  23.3  23.8  23.5  23.6  23.6  24.3  24.2  24.5  24.7  25.8  26.2 
 26.3  26.0  26.1  26.8  26.1  26.0  25.9  26.1  25.1  24.7  24.2  24.0  23.6  23.7  23.8  24.0  23.4  23.4  23.6  23.7  23.3  23.4  23.6  24.0  23.7  23.6  24.0  24.4  24.6  24.6  25.8  27.8 
 27.1  26.6  26.4  26.0  25.9  25.4  25.8  25.1  24.8  24.2  24.5  24.5  24.1  23.7  23.8  23.7  23.6  23.5  23.9  23.6  23.6  23.7  23.7  23.9  23.9  23.4  24.7  24.6  25.0  24.7  27.5  28.4 
 27.2  26.8  26.2  26.5  25.5  25.5  25.2  25.2  24.4  24.4  24.1  24.6  23.8  23.9  24.0  24.1  23.7  23.5  23.7  23.9  23.7  23.6  24.0  24.1  23.7  23.8  24.9  25.9  25.6  25.5  27.5  28.9 
