 24.3  24.0  24.4  24.4  23.8  23.9  24.2  23.8  23.8  23.5  23.6  24.0  23.4  23.4  23.6  23.8  23.4  23.1  23.5  23.6  23.3  23.1  23.5  23.7  23.3  23.3  23.9  23.4  23.7  23.9  25.0  26.5 
 24.0  24.0  24.6  24.1  23.8  23.6  23.9  24.1  23.8  23.6  23.8  23.7  23.5  23.4  23.5  23.4  23.3  23.1  23.4  23.4  23.3  23.1  23.5  23.5  23.4  23.4  23.7  23.5  23.7  23.6  25.1  25.2 
 23.7  23.7  24.3  23.9  23.5  23.2  23.9  23.8  23.5  23.4  23.9  23.7  23.2  23.5  23.7  23.5  23.0  23.0  23.3  23.3  23.0  23.2  23.3  23.4  23.2  23.2  23.8  23.8  23.6  23.8  24.2  24.4 
 23.8  23.8  24.0  24.2  23.5  23.2  23.8  23.7  23.4  23.3  24.0  23.6  23.4  23.2  23.3  23.4  23.3  23.1  23.3  23.2  23.2  23.0  23.3  23.3  23.2  23.0  23.7  23.6  24.0  24.3  24.6  24.6 
 23.6  23.8  23.9  23.9  23.2  23.4  23.6  23.6  23.7  24.1  24.7  24.0  23.3  23.0  23.3  23.2  22.9  23.0  23.2  23.3  22.9  23.0  23.3  23.3  23.2  23.2  23.8  23.7  23.7  24.4  24.2  24.1 
 23.6  23.4  23.7  23.5  23.3  23.1  23.6  23.6  24.4  25.0  26.5  24.8  23.3  23.1  23.3  23.3  23.3  23.0  23.3  23.1  23.2  23.0  23.4  23.3  23.4  22.8  23.4  23.7  23.6  23.7  23.9  23.9 
 23.6  23.8  23.7  23.7  23.0  23.1  23.5  23.7  24.4  25.8  28.3  25.5  23.1  23.1  23.2  23.2  23.0  23.1  23.3  23.3  23.0  23.2  23.3  23.4  23.1  23.2  23.5  23.7  23.3  23.2  23.6  23.9 
 24.2  23.2  23.7  23.5  23.3  23.0  23.4  23.7  23.7  24.1  25.1  24.0  23.1  23.1  23.2  23.2  23.0  23.1  23.2  23.3  23.2  23.1  23.5  23.3  23.2  23.0  23.5  23.3  23.4  23.2  23.7  22.9 
 23.8  23.4  23.9  23.7  23.4  23.2  23.5  23.5  23.1  23.2  23.5  23.4  23.2  23.1  23.2  23.4  22.9  23.0  23.2  23.3  23.0  22.9  23.2  23.4  23.1  23.4  23.2  23.6  23.1  23.4  23.5  23.8 
 24.1  23.7  23.9  23.9  23.7  23.2  23.6  23.5  23.1  23.2  23.4  23.5  23.1  22.8  23.1  23.1  23.1  23.0  23.2  23.3  23.1  23.0  23.3  23.2  23.1  22.9  23.6  23.2  23.0  23.3  23.7  23.7 
 24.7  24.5  24.9  25.1  24.6  24.6  24.0  24.1  23.3  23.3  23.4  23.4  23.2  23.1  23.3  23.2  22.9  23.2  23.3  23.2  23.0  23.1  23.3  23.3  23.1  23.0  23.2  23.5  23.3  23.3  23.7  23.9 
 25.0  24.9  25.5  25.8  25.9  25.7  25.5  24.8  23.6  23.2  23.4  23.3  23.2  23.1  23.2  23.5  23.2  23.0  23.4  23.2  23.0  22.9  23.3 nan  23.2  22.7  23.2  23.5  23.4  22.9  23.9  23.7 
 25.6  25.5  26.8  27.1  28.8  29.8  38.2  42.1  39.8  33.9  23.9  23.5  23.3  23.2  23.4  23.3  23.1  23.1  23.2  23.3  22.9  23.0  23.4  23.2  23.1  22.9  23.6  23.7  23.4  23.5  24.0  23.9 
 26.1  26.0  27.3  28.0  30.4  32.7  47.9  54.3  58.7  51.6  25.1  23.9  23.3  23.2  23.2  23.3  23.2  22.9  23.2  23.2  23.1  22.8  23.3  23.3  23.1  22.9  24.5  24.6  23.7  23.4  23.9  23.7 
 26.2  26.4  28.1  28.9  32.6  36.7  57.7  66.5  77.6  73.4  31.0  25.1  23.2  23.2  23.3  23.2  23.2  23.0  23.2  23.2  22.9  23.2  23.2  23.0  23.0  23.1  25.9  26.0  23.5  23.5  23.8  24.0 
 26.3  26.3  28.0  28.9  32.8  36.8  57.3  68.8  87.3  82.1  30.7  25.0  23.4  23.3  23.4  23.2  23.2  23.0  23.6  23.2  23.3  22.9  23.1  23.2  23.1  23.0  24.8  25.0  23.7  23.4  23.9  23.8 
 26.1  26.4  27.8  28.5  30.2  32.2  45.8  55.7  67.8  57.3  25.9  24.2  23.4  23.3  23.3  23.4  23.1  23.0  23.3  23.3  23.0  23.1  23.4  23.3  22.9  23.1  23.7  23.8  23.3  23.6  24.3  24.2 
 26.5  26.4  27.4  27.9  28.9  29.7  38.0  43.0  46.4  39.2  24.6  24.0  23.5  23.2  23.4  23.3  23.2  23.0  23.4  23.3  23.2  23.0  23.3  23.3  23.2  23.0  23.4  23.5  23.7  23.2  24.2  23.9 
 26.2  26.6  27.1  27.1  27.3  27.8  29.2  29.7  28.3  26.8  24.1  23.9  23.4  23.4  23.7  23.7  23.4  23.2  23.4  23.6  23.2  23.1  23.4  23.6  23.3  23.3  23.6  23.6  23.7  23.7  24.0  24.4 
 26.2  26.1  26.7  27.1  26.9  27.0  28.1  28.2  26.9  25.6  24.0  24.0  23.6  23.3  23.7  23.5  23.4  23.1  23.6  23.4  23.2  23.1  23.6  23.4  23.3  23.1  23.6  23.9  23.6  23.6  24.4  24.5 
 25.9  26.0  26.4  26.8  26.3  26.3  26.5  26.4  25.4  24.8  24.3  24.1  23.4  23.6  23.6  23.7  23.3  23.3  23.6  23.5  23.2  23.3  23.5  23.6  23.6  23.3  23.9  24.1  23.4  23.8  24.9  25.1 
 26.3  25.9  26.7  26.5  26.3  25.8  26.1  26.0  25.1  24.4  24.1  24.4  23.8  23.5  23.8  23.7  23.4  23.4  23.7  23.9  23.5  23.2  23.8  23.8  23.5  23.2  23.9  23.9  24.1  23.7  25.3  25.7 
 26.6  26.8  26.4  26.4  25.6  25.7  25.8  25.2  24.7  24.3  24.3  24.4  23.9  23.7  23.9  23.8  23.6  23.6  23.9  23.7  23.5  23.4  23.8  23.7  23.3  23.3  24.5  24.6  24.5  24.5  26.1  27.0 
 27.8  26.5  26.2  26.1  25.6  25.3  25.5  25.4  24.5  24.3  24.5  24.4  24.0  23.6  23.8  23.9  23.7  23.6  23.8  23.9  23.9  23.5  24.1  23.9  23.8  23.8  24.9  25.2  25.4  25.0  26.6  27.9 
