 23.6  22.8  23.1  23.2  22.7  22.4  22.7  22.5  22.6  22.2  22.5  22.9  22.4  22.3  22.4  22.6  22.4  22.3  22.7  22.6  22.5  22.3  22.7  22.9  22.4  22.6  23.1  24.1  23.4  23.0  24.0  25.2 
 23.3  22.8  23.2  23.2  22.9  22.5  22.7  22.9  22.7  22.4  22.7  22.8  22.2  22.3  22.6  22.5  22.1  22.1  22.5  22.5  22.7  22.3  22.7  22.5  22.5  22.9  23.4  24.2  23.2  23.5  23.9  24.3 
 23.0  22.9  23.4  23.3  22.6  22.4  22.8  22.8  22.6  22.3  22.6  22.7  22.3  22.3  22.4  22.5  22.3  22.2  22.4  22.3  22.3  22.3  22.5  22.7  22.4  22.5  22.9  23.3  23.0  23.0  23.3  23.6 
 22.9  22.7  23.3  23.2  22.6  22.3  23.0  22.8  22.7  22.8  22.8  22.9  22.1  22.2  22.4  22.5  22.3  22.3  22.5  22.5  22.4  22.1  22.7  22.7  22.4  22.3  23.3  23.0  22.8  22.8  23.5  23.5 
 22.9  23.1  23.2  23.0  22.7  22.4  22.8  23.0  23.2  23.2  22.9  22.8  22.3  22.2  22.5  22.4  22.2  22.1  22.5  22.3  22.4  22.3  22.5  22.7  22.6  22.5  23.0  23.2  22.5  22.9  23.3  23.3 
 23.0  23.1  23.3  22.8  22.7  22.6  23.0  23.2  23.5  23.7  23.3  22.9  22.3  22.3  22.5  22.6  22.3  22.3  22.6  22.5  22.2  22.2  22.7  22.6  22.9  22.2  22.9  22.9  22.8  22.8  23.4  23.2 
 22.8  22.7  22.8  23.0  22.6  22.7  23.0  23.4  25.1  26.4  24.1  23.2  22.4  22.4  22.4  22.4  22.3  22.3  22.5  22.5  22.5  22.3  22.6  22.7  22.6  22.3  22.7  22.9  22.9  22.7  23.1  23.3 
 23.0  22.9  23.0  23.2  22.7  22.7  23.1  23.2  25.5  27.0  24.6  23.1  22.3  22.4  22.6  22.6  22.4  22.3  22.5  22.4  22.5  22.5  22.8  22.7  22.5  22.4  22.8  22.8  22.6  22.6  23.2  22.3 
 23.3  22.8  23.3  23.0  22.6  22.5  22.9  23.1  23.2  23.2  23.0  22.7  22.5  22.5  22.5  22.7  22.4  22.3  22.5  22.6  22.5  22.4  22.6  22.6  22.5  22.4  22.9  22.7  22.9  22.6  22.9  23.0 
 23.5  23.3  23.3  23.2  22.8  22.6  23.1  22.9  22.8  22.8  22.9  22.8  22.5  22.5  22.5  22.4  22.4  22.4  22.6  22.5  22.4  22.5  22.5  22.6  22.5  22.4  23.0  22.9  22.8  22.8  23.2  23.2 
 23.8  23.5  23.8  24.0  23.7  23.6  23.3  23.2  22.9  22.6  22.6  22.7  22.5  22.4  22.6  22.6  22.5  22.4  22.7  22.6  22.4  22.4  22.5  22.6  22.6  22.3  23.3  23.9  23.5  23.1  23.2  23.2 
 23.7  23.4  24.0  24.3  24.5  24.5  24.1  23.5  22.9  22.8  23.0  22.9  22.5  22.3  22.7  22.5  22.4  22.5  22.6  22.7  22.5  22.4  22.6 nan  22.6  22.3  24.2  24.8  23.8  22.8  23.1  23.0 
 24.3  24.1  25.4  25.8  26.8  27.3  32.6  35.1  33.1  29.2  23.3  22.9  22.5  22.4  22.5  22.7  22.6  22.5  22.6  22.6  22.4  22.3  22.6  22.6  22.6  22.4  23.9  24.6  23.4  22.8  23.3  23.4 
 24.5  24.7  25.9  26.4  28.4  30.0  41.7  49.1  53.5  47.3  24.6  23.2  22.6  22.6  22.5  22.8  22.5  22.4  22.4  22.6  22.5  22.2  22.7  22.5  22.4  22.6  23.3  23.3  23.2  23.1  23.3  23.1 
 25.0  25.2  26.7  27.3  30.6  33.8  54.9  63.2  74.7  71.2  34.3  25.4  22.7  22.7  22.5  22.6  22.6  22.4  22.6  22.7  22.5  22.4  22.6  22.8  22.7  22.4  23.0  22.9  22.9  22.9  23.2  23.5 
 25.0  25.2  27.0  27.5  30.7  34.1  53.4  62.8  78.4  79.0  36.7  26.0  22.6  22.6  22.6  22.6  22.5  22.4  22.8  22.7  22.5  22.5  22.7  22.7  22.4  22.6  23.1  22.9  22.9  22.8  23.6  23.3 
 25.3  25.3  26.5  27.1  29.5  31.6  44.3  53.2  72.8  69.4  30.0  24.4  22.8  22.3  22.7  22.7  22.5  22.4  22.8  22.8  22.6  22.4  22.7  22.7  22.8  22.5  22.9  23.3  22.8  22.9  23.3  23.7 
 25.3  25.4  26.6  26.8  28.5  29.5  36.9  41.9  53.7  49.2  25.8  23.7  22.7  22.5  22.8  22.7  22.5  22.3  22.8  22.6  22.4  22.5  22.7  22.8  22.7  22.5  23.1  22.8  22.9  22.9  23.5  23.8 
 24.9  24.9  26.3  26.4  26.7  26.7  28.6  29.5  29.6  28.0  23.7  23.2  22.6  22.6  22.8  22.7  22.7  22.4  22.7  22.8  22.6  22.6  23.0  23.0  22.9  22.8  23.0  23.1  23.1  22.9  23.5  23.9 
 24.9  25.2  26.0  26.3  26.2  25.9  27.2  27.4  26.8  26.0  23.6  23.3  22.7  22.7  22.8  22.8  22.7  22.6  22.9  22.9  22.4  22.5  22.9  22.8  22.6  22.6  23.1  23.0  22.7  23.4  23.7  24.3 
 25.1  25.0  25.7  25.8  25.6  25.3  25.6  25.7  25.2  24.4  23.6  23.3  22.8  22.6  22.8  22.9  22.5  22.7  22.8  23.0  22.5  22.5  23.0  22.9  22.8  22.6  23.1  23.4  23.5  23.9  24.5  24.9 
 25.1  25.0  25.6  25.7  25.2  25.1  25.4  25.3  24.5  24.2  23.5  23.4  22.8  22.8  22.9  22.8  22.6  22.5  22.9  22.8  22.5  22.7  22.8  23.0  22.8  22.6  23.6  23.5  24.0  24.3  25.4  25.4 
 25.6  25.5  25.0  25.2  24.8  24.6  25.0  24.8  24.0  23.7  23.4  23.5  23.0  22.8  22.9  23.0  23.0  22.6  22.9  22.9  22.9  22.8  23.3  23.5  23.2  23.2  24.7  25.0  25.0  25.0  26.1  27.1 
 26.0  25.7  25.5  25.4  24.7  24.6  24.7  24.7  23.6  23.7  23.5  23.3  23.1  23.0  23.0  22.8  22.9  22.8  23.2  23.2  23.0  23.0  23.4  23.8  23.7  24.1  25.3  25.6  25.2  25.5  26.2  27.4 
