 24.5  24.0  24.4  24.3  24.2  23.8  23.9  24.0  23.8  23.8  23.8  24.0  23.7  23.4  23.3  23.7  23.4  23.5  23.5  23.6  23.4  23.5  23.6  23.6  23.6  23.6  25.9  26.9  28.0  28.1  28.4  29.0 
 24.5  23.8  24.6  24.1  24.0  23.7  24.1  23.6  23.6  23.5  23.9  23.7  23.6  23.4  23.6  23.2  23.4  23.3  23.6  23.3  23.2  23.2  23.5  23.3  23.5  23.8  26.4  27.1  28.2  28.1  28.4  27.9 
 24.0  23.9  24.0  23.9  23.8  23.1  23.7  23.8  23.7  23.5  23.6  23.7  23.3  23.3  23.6  23.4  23.1  23.3  23.0  23.5  23.5  23.2  23.1  23.6  23.5  23.5  25.7  27.7  27.9  27.5  28.1  28.8 
 23.8  23.8  24.1  23.7  23.5  23.4  23.7  23.6  23.6  23.7  24.1  23.5  23.4  23.3  23.4  23.5  23.3  23.0  23.5  23.1  23.4  23.3  23.6  23.2  23.3  23.7  26.0  26.5  27.4  27.7  28.6  28.7 
 24.0  23.6  23.8  23.9  23.6  23.3  23.5  23.8  24.1  24.1  24.7  24.0  23.2  23.2  23.3  23.5  23.4  23.1  23.2  23.6  23.3  23.3  23.2  23.5  23.3  23.3  24.9  26.2  27.8  27.7  28.3  27.9 
 24.0  23.5  24.0  23.5  23.2  23.3  23.7  23.5  24.1  25.0  26.5  24.6  23.3  23.3  23.5  23.3  23.2  23.0  23.3  23.3  23.2  23.0  23.6  23.3  23.6  23.3  24.7  25.5  27.5  27.8  28.3  28.1 
 23.8  23.8  23.4  23.9  23.3  23.2  23.3  23.8  24.6  26.1  28.4  25.6  23.3  23.4  23.0  23.3  23.1  23.2  23.2  23.4  23.1  23.2  23.3  23.7  23.5  23.4  24.0  24.3  26.8  27.4  29.1  29.1 
 23.9  23.6  23.9  23.8  23.4  23.4  23.6  23.6  23.9  24.4  25.3  24.0  23.3  23.1  23.5  23.1  23.3  23.1  23.3  23.1  23.3  23.2  23.8  23.3  23.5  23.6  23.8  24.9  25.9  27.7  29.4  28.6 
 24.4  23.9  23.6  23.9  23.4  23.3  23.4  23.7  23.3  23.3  23.4  23.5  23.2  23.3  23.3  23.5  23.1  23.2  23.2  23.3  23.2  23.2  23.5  23.7  24.6  23.5  27.9  25.6  28.6  28.0  29.4  29.4 
 24.1  23.9  24.0  23.9  23.7  23.5  23.4  23.3  23.4  23.2  23.4  23.3  23.0  23.0  23.3  23.2  23.2  23.2  23.4  23.3  23.3  23.3  23.5  23.6  23.7  28.1  27.1  29.7  28.7  29.7  29.6  29.6 
 24.6  24.8  25.0  25.4  24.7  24.6  24.0  23.8  23.5  23.3  23.4  23.3  23.2  23.1  23.3  23.3  23.2  23.2  23.2  23.4  23.3  23.1  23.5  23.6  28.1  26.5  30.6  30.4  31.0  30.5  30.5  30.0 
 25.0  24.9  25.7  25.9  26.0  25.9  25.5  24.6  23.6  23.5  23.5  23.2  23.2  23.0  23.4  23.3  23.0  23.2  23.3  23.2  23.3  23.1  23.6 nan  26.0  29.5  30.0  30.8  30.7  30.9  31.1  30.3 
 25.8  25.7  26.7  27.4  29.2  30.1  38.2  42.2  39.6  33.6  23.8  23.6  23.3  23.2  23.2  23.4  23.2  23.2  23.2  23.4  23.3  23.0  23.4  23.8  29.4  29.1  30.7  31.0  30.8  30.9  31.3  31.4 
 26.1  26.2  27.6  27.7  30.5  33.1  47.9  54.4  58.5  51.2  25.1  23.8  23.3  23.3  23.4  23.2  23.2  23.0  23.4  23.2  23.1  23.2  23.6  24.3  27.8  30.2  31.0  30.5  31.2  30.9  30.5  30.1 
 26.4  26.8  28.0  29.0  33.1  37.2  57.9  67.2  77.6  73.1  30.2  25.2  23.5  23.2  23.1  23.4  23.3  23.2  23.3  23.5  23.2  23.1  23.3  23.6  27.0  28.6  30.0  31.0  30.7  30.3  27.6  28.5 
 26.8  26.4  28.3  28.9  33.3  37.3  58.0  69.4  87.3  81.7  30.2  24.9  23.5  23.3  23.3  23.1  23.2  23.2  23.4  23.3  23.1  23.1  23.6  23.3  25.5  26.3  30.5  30.2  30.7  29.1  28.3  26.8 
 26.6  26.5  27.9  28.6  30.7  32.2  46.2  56.4  67.9  56.8  25.6  24.3  23.5  23.4  23.4  23.4  23.2  23.3  23.3  23.2  23.4  23.1  23.3  23.3  23.5  23.9  27.0  28.0  30.1  30.0  28.6  29.2 
 26.4  26.8  27.8  27.9  29.0  30.1  38.3  43.3  46.4  39.0  24.5  23.7  23.5  23.4  23.6  23.4  23.3  23.2  23.5  23.3  23.3  23.2  23.4  23.5  23.3  23.4  25.1  27.5  28.1  30.2  30.4  29.7 
 26.6  26.6  26.8  27.3  27.7  27.8  29.3  30.0  28.6  26.6  24.2  24.0  23.4  23.5  23.4  23.5  23.4  23.4  23.5  23.6  23.3  23.2  23.4  23.7  23.5  23.4  24.7  24.4  27.7  25.6  28.4  28.8 
 26.4  26.5  27.2  26.7  27.2  27.1  28.1  27.9  26.9  25.8  24.2  24.0  23.6  23.6  23.6  23.4  23.3  23.3  23.8  23.3  23.4  23.2  23.6  23.4  23.5  23.4  24.1  24.8  24.4  26.1  26.6  27.4 
 26.3  26.2  26.6  26.9  26.3  26.2  26.4  26.7  25.5  24.9  24.2  24.0  23.7  23.6  23.5  23.8  23.4  23.4  23.4  23.5  23.4  23.2  23.7  23.9  23.9  23.6  23.9  24.3  24.4  24.2  26.0  26.7 
 26.5  26.2  26.8  26.6  26.3  26.0  26.4  26.0  24.9  24.6  24.4  24.2  23.7  23.7  23.8  23.6  23.4  23.5  23.6  23.5  23.4  23.4  23.8  23.6  23.7  23.6  24.2  24.1  24.3  24.7  26.1  27.2 
 27.7  26.8  26.3  26.2  25.8  25.7  25.6  25.6  24.9  24.6  24.2  24.5  24.0  24.0  23.7  24.1  23.9  23.8  23.7  23.8  23.9  23.6  23.8  24.0  23.8  23.6  24.4  24.8  25.1  24.8  26.8  28.4 
 28.1  27.1  26.5  26.3  25.8  25.8  25.5  25.1  24.6  24.4  24.6  24.2  24.1  23.9  24.1  23.9  23.6  23.9  23.8  23.7  23.8  23.8  24.0  24.1  24.0  24.0  25.3  25.5  25.5  25.8  27.9  27.9 
