 24.3  24.2  24.3  24.3  24.0  24.0  23.9  24.1  23.7  23.7  23.7  23.9  23.4  23.3  23.7  23.6  23.3  23.4  23.5  23.5  23.3  23.2  23.5  23.7  23.4  23.3  24.9  25.9  27.8  27.6  28.4  29.4 
 24.3  24.0  24.5  24.1  24.0  23.6  23.8  24.0  23.7  23.4  23.8  23.9  23.8  23.3  23.7  23.4  23.4  23.1  23.5  23.4  23.2  22.9  23.7  23.5  23.3  23.3  24.6  25.6  27.0  27.6  28.5  28.5 
 24.2  24.0  23.9  23.9  23.5  23.3  23.6  23.6  23.7  23.5  23.6  23.7  23.1  23.4  23.4  23.6  23.2  23.3  23.3  23.5  23.2  23.1  23.1  23.5  23.4  23.5  23.8  24.5  26.4  26.9  27.9  28.6 
 24.1  23.6  23.8  24.2  23.7  23.0  23.8  23.5  23.9  23.5  24.0  23.7  23.4  23.1  23.3  23.5  23.4  23.0  23.4  23.4  23.2  23.2  23.3  23.5  23.3  23.3  24.1  24.0  25.9  27.0  28.8  28.7 
 23.8  23.8  23.5  23.9  23.3  23.2  23.5  23.7  23.8  24.4  24.7  24.3  23.2  23.2  23.2  23.4  23.0  23.1  23.2  23.2  23.4  23.1  23.3  23.6  23.2  23.2  24.1  24.2  25.5  27.0  28.6  29.1 
 23.9  23.5  23.7  23.7  23.4  23.0  23.8  23.7  24.2  24.9  26.4  24.7  23.4  23.1  23.4  23.3  23.3  22.8  23.4  23.3  23.2  23.1  23.4  23.3  23.6  23.2  24.2  24.6  26.3  27.1  29.4  29.2 
 23.7  23.8  23.7  23.6  23.2  23.4  23.6  23.7  24.4  25.8  28.3  25.7  23.2  23.3  23.0  23.4  23.1  23.1  23.1  23.3  23.2  23.2  23.3  23.4  23.4  24.0  27.3  29.0  29.3  30.2  29.6  29.8 
 24.0  23.4  23.8  23.2  23.3  23.1  23.6  23.6  23.8  24.0  25.1  23.9  23.3  23.1  23.3  23.0  23.2  22.9  23.3  23.2  23.1  23.0  23.4  23.5  23.8  25.2  28.9  29.9  30.3  30.4  30.4  29.0 
 24.0  24.0  23.7  23.8  23.2  23.2  23.4  23.4  23.1  23.3  23.4  23.3  23.2  23.2  23.1  23.3  22.9  23.2  23.3  23.3  23.1  23.2  23.6  23.4  25.5  26.9  30.1  30.4  30.4  30.7  30.7  30.6 
 23.9  23.5  24.1  23.9  24.0  23.4  23.5  23.3  23.3  23.1  23.3  23.4  23.1  23.1  23.3  23.2  23.3  23.2  23.5  23.2  23.1  23.1  23.6  23.4  25.3  27.5  30.4  30.5  30.5  30.5  30.8  30.5 
 24.6  24.8  25.3  25.2  24.6  24.8  24.2  23.8  23.3  23.2  23.3  23.4  22.9  23.2  23.3  23.3  23.1  23.3  23.2  23.3  23.2  23.2  23.3  23.4  25.6  27.0  30.2  29.9  30.1  29.9  28.7  27.9 
 24.8  24.9  25.5  25.6  25.9  25.9  25.4  24.6  23.7  23.3  23.4  23.3  23.2  23.0  23.3  23.2  23.3  23.1  23.3  23.2  23.2  23.0  23.4 nan  24.3  27.0  29.9  30.3  30.4  29.6  27.3  27.2 
 25.6  25.9  26.7  27.5  28.9  29.9  38.3  42.2  39.7  33.9  23.8  23.5  23.3  23.2  23.2  23.4  23.1  23.3  23.2  23.2  22.9  23.2  23.4  23.4  23.4  23.6  28.3  27.6  28.5  26.7  25.9  25.4 
 26.1  26.1  27.5  27.8  30.3  32.8  47.9  54.5  58.8  51.5  25.1  23.9  23.3  23.3  23.3  23.3  23.1  22.8  23.3  23.3  23.2  22.9  23.2  23.4  23.3  23.5  25.3  27.2  25.7  25.9  25.0  25.1 
 26.4  26.6  28.0  29.1  32.9  36.8  57.8  66.8  77.7  73.5  30.8  25.2  23.3  23.2  23.3  23.3  23.1  23.0  23.2  23.2  23.2  23.0  23.1  23.4  23.2  23.4  26.2  26.2  24.2  24.3  24.9  24.7 
 26.4  26.2  28.1  29.0  33.2  37.2  57.5  69.1  87.4  82.0  30.6  24.9  23.5  23.2  23.4  23.2  23.0  23.1  23.4  23.0  23.1  23.0  23.4  23.3  23.2  23.0  24.6  25.2  23.9  24.0  24.6  24.7 
 26.3  26.5  27.8  28.5  30.3  32.3  45.9  56.0  67.8  57.2  25.7  24.2  23.3  23.3  23.4  23.3  23.2  23.0  23.1  23.5  23.2  23.0  23.2  23.4  23.2  23.3  23.3  24.0  23.8  23.7  24.2  24.4 
 26.8  26.6  27.8  28.0  29.1  29.9  38.1  43.1  46.6  39.2  24.6  24.0  23.6  23.3  23.5  23.5  23.2  23.2  23.4  23.3  23.3  23.0  23.3  23.3  23.4  23.0  23.6  23.3  23.8  23.4  24.4  24.1 
 26.4  26.5  27.1  27.3  27.5  27.9  29.3  30.0  28.4  26.8  24.2  24.1  23.2  23.5  23.4  23.5  23.4  23.4  23.2  23.6  23.4  23.1  23.4  23.6  23.3  23.3  23.5  23.8  24.0  23.6  24.2  24.5 
 26.6  26.0  26.9  27.2  27.2  27.0  28.0  27.9  26.8  25.8  24.2  23.9  23.6  23.4  23.8  23.4  23.4  23.4  23.6  23.5  23.4  23.2  23.5  23.3  23.4  23.3  23.8  23.7  23.6  23.6  24.5  24.4 
 26.1  26.2  26.7  26.6  26.3  26.3  26.2  26.6  25.5  24.9  24.2  24.2  23.7  23.5  23.6  23.8  23.4  23.3  23.5  23.6  23.3  23.4  23.4  23.7  23.4  23.4  23.8  24.0  23.6  23.9  24.5  25.7 
 26.6  26.0  26.6  26.4  26.0  25.9  26.1  25.9  25.0  24.6  24.4  24.2  23.8  23.6  23.6  23.7  23.5  23.4  23.7  23.5  23.4  23.4  23.8  23.4  23.5  23.5  23.9  24.3  24.0  23.8  25.4  25.7 
 27.4  26.7  26.1  26.5  25.6  25.7  25.6  25.4  24.7  24.5  24.5  24.3  23.7  23.9  23.7  23.9  23.8  23.6  23.8  23.8  23.7  23.5  24.0  24.2  23.4  23.6  24.4  24.8  24.3  24.4  26.1  27.6 
 27.6  26.8  26.4  26.5  25.7  25.4  25.4  25.1  24.6  24.3  24.4  24.2  24.1  23.7  24.0  24.0  23.7  23.6  24.0  24.1  23.8  23.4  24.0  24.1  23.7  23.7  25.0  25.6  25.5  25.0  28.0  27.4 
