 24.5  24.1  24.1  24.1  23.5  23.0  23.1  23.2  23.0  22.8  23.4  23.0  22.8  22.7  23.0  22.8  22.6  22.7  23.0  23.1  22.7  23.1  23.2  23.3  23.6  24.1  28.1  28.7  29.7  30.3  30.8  30.9 
 24.1  23.6  23.9  24.0  23.7  23.0  23.3  23.1  23.2  22.6  22.9  23.3  22.9  22.6  23.0  22.9  23.0  22.6  23.1  23.0  23.1  22.6  23.0  23.5  23.6  23.8  26.7  28.2  29.7  30.1  30.4  31.2 
 23.6  23.5  23.8  23.5  23.2  23.0  23.2  23.1  22.8  22.9  23.0  22.9  22.7  22.8  23.3  22.9  22.7  22.7  23.0  23.0  22.9  22.9  23.1  23.4  24.0  24.8  27.6  29.2  31.1  31.0  30.6  30.9 
 23.6  23.4  23.5  23.7  23.2  22.6  23.2  23.4  23.1  23.0  23.2  23.1  23.0  22.6  22.8  22.9  22.9  22.6  23.1  23.1  23.0  22.8  23.2  23.4  25.2  26.6  30.1  31.1  31.7  31.8  31.6  31.1 
 23.4  23.7  23.6  23.4  23.0  23.1  23.3  23.2  23.5  23.3  23.2  23.0  22.9  22.7  23.0  22.9  22.6  22.7  23.0  23.0  22.9  22.9  23.4  23.9  27.7  29.2  31.5  31.5  32.1  32.6  31.8  30.9 
 23.4  23.2  23.2  23.6  23.0  22.7  23.4  23.4  23.9  23.9  23.4  23.2  22.8  22.7  22.9  23.0  22.9  22.5  23.0  23.0  23.1  22.8  23.4  24.6  28.9  29.8  31.2  31.8  32.2  31.9  30.6  30.1 
 23.4  23.4  23.5  23.4  23.0  23.1  23.3  23.6  25.5  26.8  24.4  23.5  22.9  22.8  22.9  22.9  22.7  22.8  23.1  22.9  22.8  22.9  23.7  24.7  29.2  30.7  31.6  31.6  31.4  31.0  28.5  27.4 
 23.5  23.1  23.2  23.5  23.3  22.7  23.5  23.6  26.2  27.7  25.0  23.5  23.1  22.7  22.9  23.0  22.8  22.9  23.0  23.1  23.0  23.0  23.5  24.5  29.5  30.4  31.3  31.6  30.8  29.9  26.7  25.7 
 23.8  23.2  23.6  23.1  22.9  23.0  23.3  23.4  23.5  23.6  23.5  23.1  22.7  22.9  23.0  23.0  22.8  23.0  23.1  23.1  22.8  23.0  23.4  24.1  28.5  30.0  31.4  31.8  31.2  29.6  26.2  25.5 
 23.7  23.4  23.4  23.6  23.4  22.9  23.2  23.1  23.3  23.0  23.1  23.2  22.9  22.7  23.0  23.0  23.0  22.8  23.0  23.1  23.1  22.9  23.3  23.8  27.1  28.5  30.8  30.9  29.4  27.8  25.6  25.5 
 23.8  23.9  24.2  24.0  23.4  23.7  23.4  23.3  23.0  23.1  23.1  23.0  22.8  22.8  23.1  23.0  22.9  23.0  23.2  23.1  22.9  22.9  23.2  23.1  23.5  24.0  25.7  25.7  25.4  25.1  25.1  25.0 
 23.8  24.0  24.1  24.3  24.2  24.0  23.7  23.6  23.1  22.8  23.0  23.2  22.9  22.8  23.0  23.1  23.0  22.9  23.0  23.2  22.9  22.9  23.3 nan  23.2  23.2  24.8  26.0  24.9  24.5  24.6  24.9 
 24.4  24.4  25.4  25.8  26.3  26.9  29.4  29.7  27.7  26.3  23.4  23.2  22.9  23.0  23.2  22.9  22.9  22.7  23.0  23.0  22.7  22.8  23.2  23.1  23.1  23.2  24.8  25.5  24.2  23.8  24.7  24.3 
 24.9  25.0  25.7  26.5  28.0  28.8  36.9  42.7  45.3  39.6  24.1  23.7  22.9  22.8  22.9  23.0  22.9  22.7  22.9  23.2  23.0  22.7  23.1  23.2  23.2  23.1  23.8  24.2  24.1  23.6  23.8  24.3 
 25.0  25.4  26.8  27.4  30.3  33.0  52.0  60.8  71.3  68.0  34.5  25.9  23.0  23.0  22.9  23.0  22.7  22.9  23.2  23.1  22.8  23.0  23.1  23.2  23.0  23.2  23.6  23.5  23.4  23.6  24.0  23.9 
 25.9  25.5  27.0  27.6  30.4  33.6  52.8  61.4  76.5  76.2  39.0  26.8  23.3  22.9  23.0  23.0  22.9  22.7  22.9  23.1  22.9  22.8  23.1  23.1  23.2  22.8  23.4  23.5  23.7  23.6  24.0  24.1 
 25.6  25.7  26.9  27.3  29.8  32.2  46.3  55.8  78.8  78.8  34.4  25.5  23.1  23.1  23.1  23.1  22.7  22.9  23.3  23.2  23.0  22.9  23.1  22.9  23.0  23.1  23.5  23.5  23.3  23.6  24.1  24.0 
 25.8  25.7  26.6  27.4  29.2  30.3  39.1  45.5  61.5  58.7  28.2  24.6  23.2  23.0  23.2  23.3  23.2  22.8  23.2  23.3  23.1  22.9  23.1  23.6  23.4  23.1  23.6  23.8  23.4  23.5  24.1  24.2 
 25.6  25.6  27.0  26.9  27.3  27.8  29.7  31.1  32.5  30.7  24.6  23.8  23.1  23.1  23.3  23.3  23.2  23.2  23.3  23.2  23.1  22.9  23.4  23.5  23.1  23.2  23.6  23.5  23.5  23.7  24.0  24.5 
 25.8  25.9  26.7  27.1  26.8  26.5  28.1  28.6  28.4  27.3  24.2  23.8  23.3  23.0  23.4  23.3  23.2  22.9  23.3  23.2  23.2  23.0  23.3  23.5  23.4  23.2  23.5  23.7  23.6  23.6  24.4  24.8 
 25.9  25.5  26.5  26.2  26.1  26.0  26.3  26.3  25.9  25.5  24.1  23.8  23.3  23.2  23.3  23.2  23.1  23.3  23.2  23.3  23.1  23.2  23.7  23.6  23.2  23.1  23.8  23.8  23.8  24.1  25.1  25.3 
 25.8  25.8  26.0  26.1  25.9  25.8  26.1  26.0  25.4  24.9  24.2  23.9  23.4  23.2  23.3  23.3  23.2  22.9  23.3  23.4  23.3  22.9  23.4  23.5  23.4  23.2  23.7  24.1  25.0  24.6  25.9  26.6 
 26.5  26.4  26.0  25.8  25.3  25.4  25.2  25.3  24.8  24.4  24.1  24.2  23.4  23.5  23.6  23.5  23.4  23.0  23.5  23.5  23.1  23.7  23.6  23.8  23.6  23.7  25.0  25.4  25.3  25.8  26.6  27.0 
 27.5  26.3  26.0  25.9  25.7  25.2  25.5  25.2  24.7  24.2  24.0  24.2  23.5  23.5  23.7  23.9  23.7  23.3  23.6  23.6  23.7  23.2  23.6  24.2  24.1  24.4  25.8  26.3  26.0  25.3  26.9  28.3 
