 24.6  23.6  24.1  24.7  23.9  23.7  23.9  24.0  23.3  23.5  23.6  23.8  23.3  22.9  23.2  23.7  23.2  23.1  23.4  23.5  23.1  23.2  23.6  23.9  23.4  23.2  25.1  26.6  27.7  27.6  28.5  29.1 
 24.1  23.4  24.1  24.3  23.4  23.5  23.9  24.0  23.6  23.4  23.9  23.8  23.4  23.2  23.7  23.5  23.1  23.0  23.6  23.4  23.4  23.1  23.5  23.3  23.2  23.4  24.7  25.5  27.0  27.1  28.5  28.2 
 24.0  23.6  24.1  24.1  23.7  23.1  23.6  23.7  23.5  23.5  23.6  23.8  23.2  23.1  23.4  23.7  23.2  23.1  23.3  23.6  23.0  23.0  23.3  23.7  23.4  23.2  23.8  24.8  26.2  26.7  28.1  28.2 
 23.5  23.3  24.1  24.1  23.3  23.1  23.8  23.7  23.5  23.3  23.9  23.6  23.1  23.0  23.5  23.5  23.2  22.9  23.6  23.3  23.2  23.1  23.5  23.5  23.1  23.2  24.1  24.0  25.8  27.0  28.6  28.9 
 23.8  23.7  23.5  23.8  23.3  23.1  23.5  23.6  23.8  23.9  24.6  24.1  23.1  23.3  23.3  23.2  23.0  22.8  23.3  23.5  23.2  23.1  23.1  23.7  23.0  23.2  23.9  24.3  25.4  26.8  29.0  29.0 
 23.7  23.3  23.6  23.6  23.0  23.3  23.7  23.6  24.0  24.8  26.6  24.8  23.2  23.1  23.5  23.2  23.2  22.8  23.3  23.3  23.1  22.9  23.4  23.3  23.3  23.0  24.2  24.7  25.8  27.4  29.4  29.3 
 23.7  23.4  23.7  23.6  23.1  23.1  23.5  23.8  24.4  25.8  28.3  25.8  23.2  23.2  23.1  23.3  22.9  23.0  23.1  23.3  23.1  23.0  23.5  23.5  23.5  23.8  27.3  28.0  29.3  29.5  29.8  29.6 
 23.6  23.6  23.8  23.5  23.2  23.0  23.6  23.5  23.6  24.0  25.0  24.0  23.1  23.0  23.3  23.1  23.1  22.9  23.3  23.2  23.2  23.1  23.5  23.5  24.0  25.4  28.9  29.8  30.0  30.2  30.3  29.3 
 23.8  23.6  23.7  23.8  23.4  23.2  23.2  23.5  23.0  23.0  23.4  23.5  23.2  23.0  23.2  23.3  23.0  23.0  23.1  23.4  22.9  23.1  23.2  23.6  25.9  27.5  30.2  30.4  30.2  30.5  31.0  30.8 
 23.8  23.8  24.3  23.9  23.6  23.2  23.5  23.3  23.2  23.0  23.3  23.3  23.1  22.9  23.4  23.3  22.9  22.9  23.3  23.4  23.0  22.9  23.5  23.6  26.1  28.3  30.7  30.5  30.2  30.5  30.9  30.5 
 24.6  24.5  24.9  25.2  24.8  24.8  24.1  23.8  23.2  23.3  23.3  23.4  23.0  22.8  23.2  23.4  23.1  23.0  23.3  23.3  23.1  23.1  23.2  23.5  26.6  28.2  30.3  30.3  30.1  30.0  29.2  28.5 
 24.6  24.6  25.7  25.8  25.7  25.8  25.4  24.7  23.5  23.2  23.3  23.4  23.1  22.9  23.1  23.2  23.1  23.0  23.3  23.3  23.0  22.9  23.4 nan  25.9  27.9  30.4  30.5  30.5  30.0  28.6  27.2 
 25.5  25.6  26.7  27.4  28.8  29.8  38.3  42.1  39.7  33.7  23.8  23.6  23.2  23.1  23.2  23.3  23.1  23.0  23.3  23.4  23.0  23.0  23.2  23.5  23.9  25.4  29.0  29.9  28.8  28.1  26.1  26.0 
 25.8  25.8  27.4  27.8  30.3  32.9  48.0  54.4  58.7  51.5  25.2  24.0  23.3  23.2  23.3  23.3  23.0  22.9  23.2  23.2  23.0  22.7  23.4  23.2  23.3  23.7  27.3  27.8  26.9  25.9  25.6  25.2 
 26.3  26.3  27.9  29.1  32.8  37.0  57.9  66.9  77.7  73.3  30.7  25.3  23.2  23.0  23.1  23.2  23.1  23.0  23.1  23.4  23.0  22.9  23.2  23.3  22.9  23.4  26.1  26.3  24.5  24.3  24.6  25.2 
 26.2  26.2  28.1  28.8  33.0  37.0  57.6  69.2  87.3  82.0  30.5  25.1  23.4  23.2  23.4  23.3  23.1  23.1  23.2  23.2  23.0  22.9  23.3  23.3  23.1  23.0  24.8  25.3  24.3  24.1  24.8  24.4 
 26.3  26.2  28.0  28.4  30.4  32.0  45.7  56.0  67.7  57.2  25.8  24.3  23.4  23.1  23.4  23.4  23.1  23.0  23.2  23.5  23.0  22.9  23.1  23.2  23.1  22.9  23.3  23.9  23.7  23.7  24.4  24.8 
 26.6  26.3  27.7  27.8  28.9  29.9  38.1  43.0  46.5  39.1  24.5  23.9  23.3  23.2  23.6  23.4  23.1  22.9  23.4  23.3  23.0  23.0  23.4  23.3  23.2  23.0  23.7  23.6  24.0  23.6  24.1  24.3 
 26.4  26.3  26.8  27.6  27.3  27.7  29.2  29.9  28.4  26.6  24.2  24.0  23.3  23.2  23.6  23.6  23.3  23.1  23.4  23.5  23.1  22.9  23.2  23.7  23.3  23.2  23.3  23.7  23.7  23.4  24.2  24.7 
 26.1  26.0  27.1  26.9  27.0  26.8  28.1  28.1  26.7  25.5  24.1  23.8  23.6  23.2  23.6  23.5  23.3  23.2  23.6  23.4  23.1  23.1  23.6  23.6  23.2  23.2  23.8  23.8  23.6  23.9  24.8  24.6 
 25.9  25.9  26.5  26.7  26.3  26.2  26.2  26.6  25.3  24.6  24.1  24.3  23.7  23.4  23.7  23.7  23.3  23.1  23.4  23.7  23.2  23.1  23.4  23.8  23.5  23.3  23.9  24.1  23.4  23.4  24.1  25.4 
 26.2  26.0  26.6  26.3  26.2  25.7  26.4  26.1  25.0  24.6  24.5  24.1  23.6  23.5  23.6  23.7  23.4  23.1  23.7  23.8  23.2  23.2  23.7  23.7  23.3  23.4  23.9  23.8  23.5  23.4  25.1  25.4 
 27.2  26.6  26.3  26.3  25.8  25.4  25.4  25.4  24.7  24.4  24.2  24.4  23.9  23.6  23.7  23.9  23.7  23.3  23.6  23.7  23.4  23.4  23.8  23.9  23.5  23.5  24.1  24.8  24.1  24.1  25.8  27.1 
 27.3  26.3  26.4  26.5  25.5  25.4  25.7  25.1  24.4  24.2  24.5  24.2  23.7  23.6  24.1  23.9  23.7  23.3  23.9  23.8  23.7  23.3  24.0  24.0  23.6  23.6  25.0  25.3  25.1  24.8  27.5  27.4 
