 25.0  23.6  24.3  24.3  24.2  23.5  24.0  23.9  24.0  23.3  23.8  23.8  23.6  23.1  23.4  23.5  23.4  23.0  23.5  23.5  23.3  23.0  23.6  23.5  23.4  23.0  24.0  23.8  26.8  25.8  28.2  27.8 
 23.7  24.4  23.9  24.5  23.7  23.9  23.5  23.8  23.4  23.7  23.7  23.8  23.1  23.5  23.3  23.5  23.1  23.4  23.3  23.4  23.2  23.5  23.5  23.5  23.1  23.7  23.8  24.6  25.5  27.4  27.2  28.2 
 24.4  23.6  23.9  23.6  23.8  23.2  23.9  23.6  23.6  23.3  23.8  23.6  23.4  23.2  23.2  23.3  23.3  23.0  23.3  23.2  23.3  22.9  23.4  23.5  23.5  23.2  23.7  24.0  27.3  26.7  27.7  28.0 
 23.9  24.2  24.0  24.1  23.3  23.6  23.8  23.9  23.3  23.6  23.7  23.6  23.2  23.3  23.4  23.4  23.1  23.3  23.2  23.4  23.0  23.3  23.4  23.4  22.9  23.6  23.7  24.1  25.9  27.1  27.6  28.4 
 23.9  23.7  23.7  23.9  23.3  22.9  23.5  23.7  24.0  23.8  24.6  24.1  23.4  22.9  23.3  23.3  23.2  22.9  23.3  23.1  23.3  23.0  23.3  23.3  23.5  23.0  23.6  23.6  26.0  26.0  27.6  27.9 
 23.5  23.7  23.6  23.7  23.0  23.4  23.4  23.6  24.1  25.1  26.3  24.6  23.0  23.3  23.3  23.3  22.8  23.2  23.0  23.3  22.9  23.0  23.2  23.4  23.2  23.3  23.6  23.9  24.4  26.1  27.3  27.8 
 24.0  23.2  23.6  23.8  23.4  22.8  23.5  23.7  24.6  25.7  28.4  25.6  23.1  22.9  23.2  23.1  23.1  23.0  23.1  23.1  23.4  23.0  23.4  23.4  23.4  23.0  23.7  23.6  24.6  24.4  28.1  28.2 
 23.5  23.8  23.5  23.7  23.1  23.4  23.4  23.5  23.7  24.4  25.0  24.0  23.1  23.2  23.1  23.2  23.2  23.0  23.1  23.3  23.0  23.3  23.3  23.4  23.2  23.4  23.6  24.4  23.9  25.9  28.0  28.0 
 24.1  23.6  23.7  23.5  23.4  23.0  23.4  23.4  23.3  23.0  23.4  23.3  23.4  22.9  23.3  23.3  23.2  22.9  23.2  23.2  23.3  22.9  23.4  23.3  23.6  23.1  26.6  25.6  28.8  27.5  29.7  29.2 
 23.6  23.8  23.9  23.8  23.3  23.7  23.3  23.5  22.9  23.2  23.3  23.3  23.0  23.0  23.1  23.2  23.1  23.2  23.1  23.4  23.1  23.3  23.3  23.4  23.0  24.5  26.1  29.0  29.0  30.3  30.2  30.1 
 24.8  24.4  24.9  25.3  25.3  24.4  24.0  23.6  23.3  23.1  23.3  23.3  23.3  22.9  23.2  23.1  23.3  22.9  23.3  23.2  23.2  23.0  23.3  23.2  24.2  24.2  29.3  29.6  30.7  30.2  31.4  31.3 
 24.5  25.2  25.5  25.8  25.7  26.0  25.2  24.6  23.4  23.4  23.4  23.4  23.0  23.3  23.2  23.3  23.1  23.2  23.2  23.2  22.9  23.4  23.3 nan  23.4  25.9  29.2  30.2  30.3  30.6  31.1  31.3 
 26.0  25.3  26.9  27.2  29.0  29.8  38.3  42.1  39.7  33.5  23.8  23.4  23.3  23.0  23.2  23.2  23.4  22.8  23.3  23.0  23.0  22.8  23.2  23.2  24.3  25.2  30.1  30.3  30.6  30.6  30.8  30.2 
 25.7  26.4  27.0  27.9  30.2  33.1  47.8  54.5  58.5  51.6  24.9  23.8  23.0  23.4  23.3  23.3  22.9  23.3  23.2  23.3  22.9  23.0  23.0  23.3  23.6  25.4  29.9  30.1  30.4  30.8  30.4  29.0 
 26.4  26.2  28.0  28.8  33.1  37.0  58.1  67.0  77.7  73.2  30.7  24.9  23.4  23.0  23.3  23.2  23.2  22.9  23.4  23.1  23.1  22.9  23.5  23.3  23.4  23.6  27.2  29.2  29.8  29.3  30.3  29.2 
 26.1  26.5  27.9  28.7  32.9  37.2  57.6  69.2  87.1  81.9  30.1  24.9  23.2  23.4  23.2  23.2  23.0  23.2  23.2  23.2  22.9  23.1  23.4  23.3  23.2  23.3  25.5  25.8  27.3  28.8  29.9  29.3 
 26.4  26.2  27.8  28.3  30.6  31.9  45.9  56.0  67.9  56.8  25.7  24.1  23.6  23.1  23.3  23.3  23.2  22.9  23.3  23.2  23.2  22.8  23.1  23.3  23.4  22.9  23.6  23.9  25.1  24.4  29.5  28.9 
 26.1  26.7  27.3  27.7  28.8  30.2  38.2  43.2  46.3  39.2  24.4  24.0  23.2  23.5  22.9  23.4  23.1  23.2  23.3  23.3  22.9  23.0  23.1  23.4  23.1  23.2  23.4  23.6  23.8  24.9  25.9  29.3 
 26.4  26.0  27.1  27.2  27.7  27.5  29.3  29.8  28.6  26.5  24.2  23.8  23.5  23.1  23.7  23.5  23.5  23.2  23.4  23.4  23.4  22.8  23.4  23.5  23.5  23.0  23.5  23.7  23.9  23.4  25.0  25.1 
 26.0  26.4  26.6  27.0  26.8  27.1  27.6  28.0  26.5  25.8  24.0  23.9  23.4  23.6  23.5  23.5  23.2  23.3  23.4  23.4  23.1  23.3  23.3  23.5  23.1  23.6  23.6  23.8  23.6  24.3  24.3  25.0 
 26.7  25.9  26.5  26.7  26.5  26.1  26.6  26.5  25.4  24.7  24.2  24.1  23.8  23.4  23.6  23.8  23.5  23.1  23.4  23.5  23.6  23.1  23.7  23.6  23.8  23.3  23.9  24.0  23.8  23.7  24.5  25.5 
 26.2  26.4  26.5  26.3  25.8  26.2  25.9  26.2  24.9  24.9  24.1  24.0  23.5  23.6  23.5  23.8  23.3  23.4  23.7  23.6  23.0  23.5  23.5  23.6  23.3  23.8  23.8  24.2  23.5  24.2  24.9  26.4 
 27.5  26.2  26.1  26.3  26.1  25.1  25.6  25.3  24.8  24.3  24.4  24.4  24.3  23.4  23.8  23.8  23.7  23.2  23.7  23.6  23.8  23.4  23.7  23.9  23.8  23.1  24.2  24.8  24.7  24.2  26.1  26.7 
 27.3  27.3  25.9  26.2  25.5  25.5  25.4  25.0  24.5  24.6  24.3  24.4  23.7  23.9  24.0  23.9  23.6  23.7  23.8  23.7  23.3  23.8  24.0  24.0  23.6  23.9  24.8  25.5  25.3  25.3  27.1  27.9 
