 24.7  24.0  24.4  24.7  23.7  24.0  23.8  24.1  23.7  23.6  23.5  24.2  23.5  23.4  23.4  23.9  23.3  23.4  23.5  23.5  23.2  23.5  23.4  23.7  23.6  23.8  26.0  27.2  27.7  27.7  28.4  29.0 
 24.5  23.8  24.3  24.3  23.8  23.7  23.9  23.9  23.8  23.4  24.0  23.6  23.5  23.4  23.8  23.4  23.3  23.1  23.6  23.4  23.5  23.0  23.8  23.4  23.3  23.5  26.9  27.2  27.8  27.7  28.2  28.4 
 23.9  24.3  24.0  24.4  23.2  23.3  23.7  23.9  23.3  23.5  23.6  23.9  23.1  23.4  23.3  23.6  23.0  23.3  23.1  23.3  23.1  23.5  23.3  23.8  23.3  23.7  26.4  27.5  27.3  27.3  27.9  28.4 
 24.0  23.4  24.3  23.7  23.4  23.1  23.8  23.6  23.6  23.3  23.9  23.5  23.3  23.1  23.6  23.6  23.4  23.0  23.5  23.1  23.4  23.2  23.7  23.0  23.4  23.1  26.3  26.8  27.4  27.3  28.4  28.3 
 23.6  24.2  23.5  23.9  23.2  23.4  23.5  23.7  23.9  24.0  24.6  24.3  23.0  23.3  23.2  23.5  23.1  22.9  23.1  23.5  23.2  23.2  23.3  23.7  23.2  23.5  25.0  26.7  27.7  27.4  27.9  28.3 
 24.2  23.0  23.9  23.4  23.4  23.2  23.7  23.5  24.3  24.7  26.5  24.5  23.3  22.8  23.4  23.3  23.3  23.0  23.4  23.2  23.2  22.9  23.7  23.4  23.6  23.0  25.1  25.6  27.2  27.4  28.6  28.0 
 23.7  24.0  23.5  23.9  23.1  23.3  23.4  23.9  24.5  26.1  28.3  25.7  23.0  23.2  23.3  23.4  23.0  23.2  23.3  23.4  23.0  23.3  23.2  23.7  23.1  23.3  23.6  24.5  26.8  27.7  29.0  29.0 
 24.1  23.4  23.8  23.6  23.4  23.0  23.7  23.4  23.9  24.0  25.3  23.9  23.2  22.9  23.4  23.2  23.1  22.9  23.4  23.1  23.2  23.2  23.7  23.4  23.3  23.2  23.9  24.0  26.3  27.4  29.2  28.3 
 23.6  24.0  23.7  23.9  23.1  23.3  23.4  23.6  23.2  23.3  23.4  23.5  23.1  23.2  23.1  23.4  23.0  23.1  23.3  23.5  23.0  23.3  23.3  23.5  23.4  23.5  24.9  25.9  27.1  28.2  29.1  29.5 
 23.8  23.6  24.2  23.9  23.7  23.2  23.6  23.4  23.2  23.0  23.5  23.3  23.1  23.0  23.4  23.2  23.2  23.0  23.4  23.4  23.3  23.0  23.5  23.3  23.6  24.4  27.4  28.0  29.2  28.8  29.8  29.3 
 24.6  24.5  25.0  25.5  24.8  24.7  24.0  23.8  23.2  23.3  23.4  23.4  22.9  23.1  23.1  23.5  23.1  23.2  23.3  23.4  23.1  23.2  23.4  23.5  25.3  26.7  29.7  30.2  30.3  30.5  30.2  30.0 
 25.1  24.7  25.8  25.6  25.8  25.8  25.5  24.6  23.6  23.2  23.5  23.3  23.2  23.0  23.5  23.2  23.3  22.9  23.3  23.4  23.0  23.0  23.7 nan  26.2  27.8  30.0  30.4  30.6  30.3  31.0  30.2 
 25.6  25.6  26.7  27.7  28.7  29.9  38.2  42.1  39.4  33.5  23.7  23.7  23.2  23.2  23.1  23.5  23.0  23.2  23.4  23.3  23.1  23.2  23.3  23.9  27.4  29.0  30.3  30.3  30.4  30.4  30.9  30.9 
 26.1  26.0  27.5  27.9  30.4  32.9  48.1  54.4  58.5  50.9  25.2  23.8  23.3  23.1  23.5  23.2  23.1  23.0  23.5  23.1  23.2  22.9  23.6  23.5  27.6  29.0  30.3  30.1  30.7  30.7  30.1  30.1 
 26.4  26.6  28.1  29.2  32.7  37.0  58.1  67.1  77.5  73.0  30.2  25.1  23.3  23.3  23.1  23.3  23.1  23.1  23.5  23.5  23.0  23.1  23.3  23.5  26.3  28.3  29.9  30.4  29.9  29.8  28.0  28.2 
 26.7  26.4  28.3  28.8  33.3  37.2  57.8  69.2  87.1  81.5  30.3  24.9  23.3  23.2  23.5  23.2  23.1  23.1  23.3  23.3  23.2  23.0  23.4  23.3  24.8  26.6  30.1  30.1  30.8  29.9  27.9  27.1 
 26.2  26.5  27.9  28.8  30.2  32.2  46.1  56.4  67.7  56.9  25.6  24.1  23.3  23.4  23.2  23.5  23.1  23.1  23.2  23.5  23.3  23.0  23.3  23.4  23.1  23.7  27.0  29.2  30.6  31.0  29.9  29.9 
 26.6  26.6  27.8  27.8  29.1  29.9  38.4  43.3  46.5  38.8  24.6  23.9  23.6  23.2  23.8  23.3  23.4  22.8  23.4  23.2  23.3  23.0  23.5  23.6  23.3  23.1  25.8  27.8  30.6  30.3  31.2  30.6 
 26.4  26.3  26.9  27.6  27.7  28.0  29.2  30.0  28.2  26.6  24.2  23.9  23.4  23.5  23.5  23.7  23.1  23.3  23.4  23.7  23.1  23.2  23.5  23.4  23.3  23.4  24.1  25.8  29.4  28.9  30.3  30.1 
 26.3  25.8  27.1  26.7  27.1  26.8  28.1  27.9  26.8  25.4  24.3  23.8  23.7  23.4  23.9  23.3  23.5  23.0  23.8  23.3  23.4  23.0  23.7  23.5  23.5  23.3  24.3  24.3  26.2  26.7  27.9  28.6 
 26.1  26.1  26.5  26.7  26.2  26.4  26.4  26.6  25.5  24.8  24.3  24.2  23.7  23.6  23.5  23.9  23.2  23.4  23.5  23.7  23.2  23.5  23.4  24.0  23.3  23.7  23.6  24.1  24.0  24.7  26.2  27.8 
 26.6  25.8  27.1  26.5  26.0  25.7  26.5  26.1  25.2  24.6  24.6  24.1  23.7  23.4  23.8  23.5  23.3  23.2  23.8  23.9  23.6  23.3  24.0  23.6  23.4  23.3  24.2  24.1  24.5  24.5  26.8  27.8 
 27.2  26.6  26.3  26.6  25.6  25.5  25.8  25.7  24.6  24.4  24.3  24.5  23.8  23.6  23.7  24.1  23.5  23.4  23.7  24.0  23.3  23.4  23.7  23.9  23.5  23.8  24.2  25.1  24.7  25.0  27.5  28.9 
 28.1  26.8  26.6  26.5  25.8  25.3  25.5  25.1  24.6  24.3  24.6  24.2  24.1  23.8  24.1  23.8  23.8  23.3  24.0  23.8  23.9  23.5  24.4  24.0  23.7  23.7  25.3  25.3  25.5  25.5  28.3  27.9 
