 24.5  24.2  24.4  24.5  24.0  24.2  24.1  23.9  23.9  23.6  23.7  24.0  23.3  23.5  23.5  23.6  23.3  23.3  23.4  23.6  23.4  23.4  23.5  23.8  23.4  23.3  23.8  24.3  26.6  26.7  28.1  28.3 
 24.5  24.0  24.6  24.3  24.2  23.6  23.8  24.1  23.8  23.7  23.8  24.0  23.6  23.3  23.7  23.7  23.3  23.1  23.4  23.3  23.3  23.1  23.4  23.6  23.5  23.7  23.8  24.5  26.7  26.5  27.8  28.1 
 23.8  24.1  24.2  24.0  23.6  23.5  23.6  23.9  23.6  23.7  23.7  23.7  23.3  23.2  23.6  23.5  23.4  23.4  23.2  23.2  23.3  23.4  23.5  23.5  23.3  23.4  24.3  25.2  27.0  27.0  27.7  27.8 
 24.2  23.8  24.3  23.9  23.5  23.3  23.7  24.0  23.9  23.5  24.0  23.7  23.4  23.2  23.5  23.4  23.3  23.1  23.6  23.4  23.2  23.0  23.4  23.5  23.2  23.3  24.7  25.9  26.9  26.7  27.7  27.8 
 24.2  23.8  23.8  24.0  23.4  23.5  23.7  23.8  23.7  24.3  24.7  24.1  23.2  23.3  23.3  23.3  23.2  23.2  23.3  23.3  23.3  23.2  23.3  23.5  23.3  23.3  25.2  26.2  27.0  27.5  28.0  28.6 
 24.2  23.3  23.9  23.6  23.6  23.1  23.7  23.7  24.4  25.0  26.4  24.6  23.5  23.2  23.3  23.4  23.3  23.0  23.4  23.3  23.3  23.3  23.3  23.6  23.6  23.4  25.2  26.2  27.4  27.6  28.1  28.5 
 23.7  24.0  23.9  23.8  22.9  23.4  23.5  23.8  24.7  26.3  28.6  25.8  23.2  23.3  23.3  23.4  22.9  23.3  23.3  23.5  23.2  23.1  23.5  23.5  23.3  23.3  24.8  25.9  27.5  27.8  28.2  28.5 
 24.3  23.6  23.8  23.7  23.4  23.2  23.6  23.7  24.0  24.4  25.2  24.0  23.4  23.1  23.4  23.4  23.2  23.1  23.3  23.3  23.4  23.0  23.6  23.5  23.5  23.2  24.6  25.7  27.2  27.6  28.3  27.8 
 23.8  23.9  24.0  23.6  23.3  23.2  23.7  23.5  23.1  23.2  23.3  23.3  23.3  23.2  23.3  23.4  23.1  23.1  23.3  23.4  23.2  23.3  23.5  23.5  23.2  23.4  24.1  25.1  27.8  28.5  28.7  28.6 
 24.3  23.6  23.9  23.9  23.8  23.5  23.6  23.3  23.5  23.2  23.5  23.4  23.1  23.1  23.2  23.3  23.1  23.2  23.3  23.5  23.3  23.2  23.5  23.3  23.5  23.3  24.2  25.0  27.5  28.0  29.1  29.2 
 24.8  24.7  25.0  25.3  24.7  24.8  24.0  23.8  23.3  23.3  23.5  23.5  23.1  23.2  23.3  23.5  23.2  23.2  23.4  23.3  23.1  23.2  23.4  23.5  23.5  24.0  26.5  26.7  27.8  28.7  29.9  30.1 
 25.1  24.9  25.6  25.9  26.2  25.9  25.4  24.7  23.6  23.4  23.6  23.4  23.2  23.1  23.2  23.3  23.4  23.3  23.3  23.5  23.1  23.3  23.5 nan  24.3  25.5  27.8  28.5  29.2  29.0  29.5  29.8 
 25.7  26.0  26.9  27.3  29.0  30.1  38.2  42.2  39.5  33.6  23.9  23.6  23.3  23.3  23.4  23.4  23.2  23.2  23.3  23.4  23.2  23.2  23.3  23.5  25.9  27.5  30.3  30.3  30.2  30.5  30.2  29.9 
 26.2  26.1  27.2  28.0  30.6  32.9  48.1  54.6  58.6  51.0  24.9  23.9  23.4  23.3  23.5  23.3  23.1  23.0  23.3  23.4  23.1  23.1  23.5  23.3  26.3  27.7  30.4  30.6  31.0  30.7  30.9  30.2 
 26.1  26.7  28.3  28.9  32.8  37.1  58.2  67.2  77.5  73.0  30.3  24.8  23.4  23.4  23.3  23.4  23.2  23.2  23.4  23.5  23.1  23.2  23.4  23.4  25.8  28.0  30.3  30.7  30.8  30.8  31.2  31.2 
 26.4  26.5  28.1  28.9  33.3  37.5  57.9  69.3  87.4  81.6  30.2  25.1  23.5  23.4  23.3  23.3  23.2  23.1  23.2  23.4  23.2  23.3  23.4  23.3  25.4  27.4  30.3  30.5  30.8  31.1  30.7  30.7 
 26.3  26.5  28.0  28.7  30.7  32.3  46.3  56.4  67.8  56.7  25.7  24.3  23.4  23.5  23.3  23.5  23.1  23.2  23.3  23.4  23.4  23.2  23.3  23.3  23.6  24.9  29.0  29.9  30.8  31.2  29.3  28.1 
 26.4  26.5  27.6  28.0  29.2  29.8  38.2  43.6  46.5  39.0  24.5  24.1  23.6  23.4  23.4  23.5  23.2  23.0  23.4  23.4  23.2  23.0  23.2  23.4  23.6  23.3  27.1  28.6  31.2  31.3  29.7  28.1 
 26.6  26.4  27.0  27.3  27.6  27.9  29.3  29.8  28.5  26.7  24.2  24.1  23.4  23.5  23.6  23.6  23.3  23.3  23.4  23.7  23.3  23.3  23.5  23.6  23.4  23.4  24.3  25.0  29.7  31.1  31.6  31.0 
 26.3  26.4  26.9  27.0  27.0  27.0  28.1  27.9  27.0  25.6  24.1  24.0  23.6  23.6  23.7  23.5  23.4  23.2  23.7  23.5  23.6  23.2  23.6  23.6  23.3  23.1  24.1  24.7  29.5  30.5  31.9  31.3 
 26.3  26.4  26.8  26.6  26.5  26.4  26.6  26.6  25.3  24.8  24.3  24.1  23.6  23.6  23.7  23.8  23.4  23.4  23.5  23.5  23.4  23.4  23.7  23.8  23.5  23.4  24.1  24.3  25.5  26.7  28.6  29.5 
 26.9  26.2  26.6  26.9  26.2  25.9  26.4  26.3  25.2  24.6  24.4  24.2  23.8  23.6  23.9  23.9  23.6  23.3  23.6  23.8  23.5  23.3  23.7  23.7  23.6  23.3  23.8  24.2  24.8  25.2  28.0  28.9 
 27.1  26.8  26.1  26.3  25.8  25.7  25.7  25.6  24.8  24.7  24.3  24.4  24.1  23.8  23.9  23.9  23.7  23.8  23.8  23.5  23.6  23.5  24.0  24.1  23.5  23.8  24.6  24.8  25.1  25.4  28.4  29.0 
 28.0  27.0  26.6  26.7  25.7  25.7  25.6  25.4  24.6  24.4  24.3  24.4  24.1  23.7  24.0  24.0  24.1  23.7  24.0  23.9  24.0  23.6  24.0  24.0  23.9  23.9  24.8  25.5  25.7  26.4  28.5  29.5 
