 24.5  24.2  23.9  24.3  24.0  23.9  23.8  24.0  23.7  23.8  23.5  24.0  23.3  23.4  23.3  23.8  23.4  23.3  23.3  23.5  23.2  23.4  23.1  23.6  23.4  23.5  23.8  25.1  27.0  27.4  27.9  28.9 
 24.7  24.2  24.5  24.1  23.6  23.7  24.1  23.5  23.8  23.6  23.9  23.6  23.4  23.4  23.7  23.4  23.2  23.1  23.7  23.3  23.3  23.1  23.6  23.3  23.5  23.5  24.0  25.2  27.3  27.4  28.9  28.1 
 24.3  23.9  23.9  24.1  23.6  23.5  23.0  23.7  23.4  23.8  23.6  23.7  23.3  23.4  23.3  23.5  23.3  23.3  23.1  23.5  23.1  23.4  23.0  23.8  23.4  23.7  24.0  25.5  27.3  27.7  27.7  28.4 
 24.1  23.8  24.0  23.8  23.5  23.2  23.8  23.7  23.6  23.4  24.1  23.5  23.4  23.0  23.5  23.3  23.5  23.0  23.4  23.2  23.5  23.2  23.5  23.3  23.2  23.2  24.3  25.0  27.2  27.7  28.8  28.4 
 23.9  23.8  23.7  24.0  23.4  23.4  23.4  23.7  23.6  24.3  24.6  24.1  23.2  23.2  23.0  23.5  23.1  23.3  23.1  23.5  23.1  23.1  23.3  23.4  23.4  23.4  23.9  24.8  26.7  27.3  27.8  28.4 
 23.9  23.3  23.9  23.2  23.3  23.1  23.8  23.4  24.3  24.8  26.6  24.7  23.5  23.0  23.2  23.3  23.3  23.0  23.3  23.2  23.3  23.0  23.5  23.3  23.3  23.1  23.7  24.1  26.6  27.2  28.3  28.0 
 23.7  23.9  23.5  23.8  23.2  23.1  23.4  23.8  24.6  26.1  28.3  25.6  23.2  23.3  23.2  23.4  23.1  23.3  23.0  23.3  23.2  23.3  23.4  23.7  23.2  23.3  23.2  23.9  25.5  26.2  28.5  28.8 
 24.1  23.6  23.7  23.3  23.4  23.0  23.7  23.2  23.9  24.0  25.1  23.9  23.3  23.2  23.3  23.0  23.3  22.9  23.4  23.1  23.2  23.2  23.5  23.2  23.5  23.2  23.7  23.5  24.9  25.9  28.5  27.4 
 24.0  23.5  23.6  24.0  23.2  23.2  23.3  23.5  23.2  23.1  23.2  23.4  23.1  23.2  23.0  23.3  23.1  23.2  23.1  23.2  23.0  23.4  23.2  23.5  23.3  23.5  24.3  25.5  26.4  27.8  29.1  29.7 
 23.9  23.8  24.2  23.7  23.9  23.4  23.6  23.3  23.3  23.1  23.2  23.0  23.2  23.0  23.2  23.2  23.2  22.9  23.4  23.1  23.2  23.1  23.3  23.2  23.6  23.4  27.0  27.5  28.9  29.3  30.1  29.8 
 24.7  24.9  24.9  25.2  24.9  24.5  23.9  23.9  23.4  23.6  23.2  23.5  23.1  23.2  23.1  23.4  23.2  23.2  23.3  23.2  23.0  23.1  23.3  23.5  24.6  26.4  29.0  30.2  30.8  31.0  31.1  31.3 
 25.1  24.9  25.6  25.7  26.1  25.9  25.5  24.6  23.7  23.5  23.4  23.2  23.2  23.1  23.3  23.2  23.2  23.1  23.3  23.1  23.2  23.1  23.4 nan  25.6  27.1  30.1  30.2  30.9  30.6  31.6  31.3 
 25.7  25.8  26.9  27.5  29.0  29.9  38.1  42.2  39.6  33.9  23.7  23.7  23.3  23.2  23.1  23.4  23.1  23.2  23.2  23.4  23.0  23.1  23.1  23.4  26.6  28.7  31.0  31.2  30.6  30.9  31.4  31.1 
 26.0  26.1  27.5  27.8  30.6  32.7  48.1  54.4  58.8  51.4  25.1  23.6  23.4  23.0  23.3  23.2  23.3  23.0  23.3  23.2  23.2  23.0  23.5  23.2  27.0  28.7  31.2  30.8  30.9  30.9  31.4  29.6 
 26.2  26.8  28.0  29.0  33.1  37.3  58.1  67.1  77.7  73.4  30.4  25.1  23.2  23.4  23.2  23.3  23.2  23.2  23.0  23.4  23.2  23.2  23.2  23.5  26.0  28.5  31.0  31.0  31.1  31.1  29.3  28.4 
 26.7  26.1  28.1  28.7  33.5  37.3  57.9  69.3  87.4  81.9  30.5  24.8  23.5  23.3  23.4  23.2  23.3  23.0  23.3  23.4  23.2  23.1  23.6  23.3  25.2  27.1  31.0  30.9  31.6  31.4  29.5  27.8 
 26.3  26.7  28.0  28.6  30.4  32.2  46.0  56.2  67.7  57.2  25.6  24.3  23.4  23.4  23.4  23.3  23.3  23.2  23.1  23.4  23.2  23.1  23.1  23.4  23.5  23.9  25.9  27.0  29.7  31.1  31.2  30.4 
 26.6  26.7  27.9  27.7  29.2  30.0  38.3  43.0  46.6  39.1  24.4  23.6  23.6  23.5  23.7  23.4  23.3  23.1  23.5  23.3  23.1  23.0  23.5  23.3  23.4  23.1  24.7  24.8  28.8  30.1  32.2  31.3 
 26.4  26.7  26.9  27.5  27.5  27.8  28.9  29.7  28.5  26.7  23.8  23.9  23.5  23.5  23.3  23.7  23.4  23.5  23.2  23.5  23.1  23.2  23.1  23.4  23.4  23.5  23.5  24.3  27.2  29.5  31.0  31.9 
 26.5  26.2  26.8  27.1  27.3  26.9  28.0  27.8  26.7  25.6  24.1  23.8  23.7  23.5  23.7  23.4  23.4  23.1  23.6  23.3  23.6  23.1  23.6  23.3  23.5  23.2  23.9  23.7  25.8  26.5  28.8  29.6 
 26.3  26.1  26.7  26.7  26.5  26.3  26.3  26.6  25.3  24.9  23.9  24.2  23.4  23.7  23.5  23.7  23.3  23.5  23.5  23.7  23.2  23.4  23.5  23.8  23.7  23.6  23.8  24.2  24.1  24.6  26.0  27.5 
 26.5  26.0  26.6  26.0  26.5  25.9  26.3  25.6  24.9  24.5  24.4  24.0  23.9  23.8  23.8  23.8  23.6  23.4  23.6  23.4  23.5  23.2  24.0  23.6  23.8  23.5  24.1  23.9  24.3  24.2  26.8  26.8 
 27.4  27.0  26.1  26.4  25.8  25.4  25.5  25.3  24.7  24.7  24.0  24.5  24.1  23.7  23.6  23.9  23.7  23.9  23.4  23.9  23.6  23.8  23.8  24.2  23.7  24.0  24.3  24.7  24.7  24.8  26.7  29.1 
 28.3  26.7  26.4  26.2  25.7  25.6  25.4  25.0  24.9  24.2  24.6  24.3  24.0  23.7  24.2  23.8  24.1  23.5  24.0  23.7  23.8  23.7  24.2  23.9  23.9  23.8  25.0  25.2  25.9  25.2  28.1  28.1 
