 23.6  22.8  22.9  23.4  22.8  22.5  22.5  22.9  22.3  22.3  22.7  22.7  22.2  22.3  22.6  22.7  22.2  22.3  22.8  22.8  22.5  22.6  22.5  22.9  22.7  22.6  23.4  23.9  23.4  23.5  24.3  25.3 
 23.3  22.8  23.2  23.0  22.8  22.3  23.0  22.8  22.9  22.3  22.9  22.7  22.2  22.1  22.5  22.5  22.3  22.2  22.8  22.5  22.6  22.2  22.9  22.7  22.5  22.7  23.2  24.3  23.5  23.4  24.0  24.4 
 23.2  23.2  23.2  23.2  22.6  22.3  22.8  22.7  22.6  22.5  22.6  22.7  22.3  22.4  22.6  22.6  22.3  22.4  22.5  22.6  22.2  22.2  22.4  22.6  22.6  22.7  22.9  23.2  23.3  23.0  23.3  23.8 
 22.9  23.0  23.1  22.9  22.6  22.2  22.9  23.0  22.8  22.4  22.9  22.8  22.4  22.1  22.7  22.5  22.6  22.2  22.7  22.6  22.3  22.4  22.7  22.8  22.7  22.4  23.3  23.0  22.7  22.8  23.8  23.5 
 22.9  22.9  22.8  23.0  22.8  22.6  22.5  23.2  23.0  23.2  22.8  23.0  22.4  22.4  22.4  22.7  22.4  22.3  22.4  22.6  22.3  22.4  22.6  22.7  22.5  22.5  22.8  23.1  22.8  22.8  23.1  23.4 
 23.1  22.4  23.2  23.0  22.6  22.3  22.9  23.1  23.6  23.7  23.3  22.9  22.5  22.2  22.6  22.5  22.3  22.1  22.7  22.5  22.5  22.1  22.7  22.7  22.6  22.3  22.9  23.0  22.9  22.7  23.2  23.0 
 22.5  22.8  23.0  23.1  22.6  22.6  23.1  23.5  25.2  26.5  24.1  23.3  22.3  22.3  22.3  22.6  22.1  22.3  22.4  22.6  22.3  22.2  22.6  22.8  22.5  22.4  22.8  22.9  22.8  22.7  22.9  23.2 
 23.1  22.9  23.2  23.0  22.8  22.7  23.2  23.4  25.6  26.9  24.5  23.1  22.4  22.4  22.5  22.4  22.4  22.2  22.6  22.4  22.3  22.3  22.9  22.5  22.6  22.2  22.7  23.0  22.7  22.8  22.8  22.2 
 23.4  22.9  23.2  23.0  22.5  22.8  23.1  23.3  23.1  23.2  23.0  23.0  22.4  22.4  22.6  22.6  22.4  22.3  22.6  22.6  22.4  22.4  22.5  22.7  22.5  22.4  22.9  23.1  22.8  22.8  23.2  23.1 
 23.4  23.1  23.9  23.4  22.9  22.5  23.1  22.9  22.9  22.7  22.8  22.8  22.5  22.2  22.6  22.5  22.3  22.3  22.7  22.6  22.5  22.3  22.8  22.5  22.7  22.6  23.0  23.2  22.8  22.7  23.5  23.3 
 23.6  23.9  23.8  24.0  23.5  23.3  23.3  23.3  22.8  22.8  22.8  22.7  22.5  22.5  22.4  22.5  22.4  22.4  22.6  22.6  22.4  22.4  22.5  22.7  22.4  22.5  23.3  23.9  23.4  23.3  23.3  23.4 
 23.8  23.5  24.5  24.4  24.8  24.3  24.2  23.6  23.1  22.7  22.8  22.7  22.5  22.4  22.6  22.6  22.4  22.4  22.7  22.6  22.4  22.2  22.7 nan  22.4  22.4  24.2  25.1  23.8  22.9  23.5  23.2 
 24.4  24.3  25.3  25.7  26.8  27.6  32.9  35.2  33.0  29.3  23.1  23.0  22.7  22.4  22.5  22.7  22.5  22.3  22.6  22.7  22.5  22.5  22.6  22.7  22.3  22.5  23.8  24.6  23.4  23.0  23.2  23.4 
 24.8  24.7  26.0  26.4  28.3  29.9  41.6  48.9  53.6  47.4  24.9  23.2  22.8  22.6  22.8  22.7  22.4  22.4  22.6  22.6  22.5  22.3  22.7  22.6  22.7  22.5  23.3  23.4  23.4  22.8  23.4  23.4 
 24.8  25.2  26.4  27.4  30.4  33.8  54.7  63.4  74.7  71.2  34.5  25.5  22.8  22.6  22.7  22.8  22.5  22.4  22.6  22.8  22.6  22.5  22.7  22.7  22.5  22.4  22.9  23.0  22.8  23.1  23.3  23.4 
 25.4  25.2  27.0  27.4  30.6  33.9  53.5  62.8  78.5  78.9  36.9  25.9  22.7  22.6  22.7  22.6  22.5  22.4  22.7  22.7  22.5  22.5  22.8  22.8  22.5  22.1  23.0  23.1  23.1  22.8  23.6  23.3 
 25.2  25.3  26.6  27.1  29.4  31.6  44.2  53.5  72.7  69.5  30.0  24.4  22.6  22.6  22.7  22.7  22.4  22.4  22.6  22.7  22.5  22.5  22.7  22.9  22.8  22.7  23.0  23.1  22.8  22.8  23.6  23.8 
 25.0  25.2  26.4  26.6  28.6  29.6  37.0  42.0  53.9  49.0  25.9  23.6  22.7  22.4  22.7  22.6  22.5  22.4  22.9  22.6  22.5  22.4  22.8  22.9  22.7  22.4  23.3  22.8  22.9  22.7  23.7  23.6 
 25.0  25.0  26.6  26.8  26.6  26.9  28.5  29.8  29.5  27.9  23.6  23.4  22.5  22.8  22.6  22.8  22.5  22.6  22.5  22.9  22.5  22.7  22.8  23.1  22.7  22.8  23.0  23.2  22.9  23.0  23.8  23.7 
 24.9  25.3  25.9  26.2  26.2  26.1  27.5  27.4  27.0  25.9  23.7  23.3  22.9  22.6  22.9  22.7  22.5  22.2  22.9  22.6  22.5  22.3  22.9  22.8  22.9  22.7  23.4  23.0  23.1  22.9  24.0  23.7 
 25.1  24.9  25.6  25.9  25.4  25.5  25.6  26.0  25.1  24.3  23.6  23.4  22.7  22.8  22.8  22.9  22.6  22.7  22.7  23.0  22.6  22.5  23.1  23.2  23.0  22.6  23.1  23.3  23.3  23.5  24.3  25.2 
 25.1  24.8  25.7  25.5  25.2  24.9  25.6  25.1  24.6  24.1  23.5  23.5  22.9  22.6  23.1  22.8  22.6  22.6  23.1  22.8  22.9  22.6  23.1  22.8  22.7  22.7  23.7  23.4  23.9  23.9  24.9  25.5 
 26.2  25.5  25.4  25.5  24.8  25.0  24.8  24.9  24.3  24.0  23.5  23.6  23.1  22.9  22.9  22.9  22.7  23.0  23.0  23.2  22.8  22.9  23.1  23.5  23.1  22.9  24.5  24.7  24.8  25.2  25.9  27.3 
 26.7  25.2  25.4  25.4  24.8  24.4  24.9  24.5  23.8  23.5  23.4  23.5  23.0  22.9  23.2  22.9  22.7  22.6  23.0  23.1  23.0  22.8  23.5  23.6  23.8  23.6  25.4  25.4  25.0  25.3  27.2  27.6 
