 25.0  24.0  24.5  24.3  24.4  24.0  24.1  24.0  23.9  23.6  23.9  24.1  23.7  23.4  23.6  23.7  23.5  23.3  23.9  23.6  23.3  23.0  23.6  23.9  23.5  23.3  26.1  27.2  27.5  27.2  28.4  29.2 
 24.1  24.4  24.3  24.0  23.9  23.8  24.0  23.9  23.9  24.0  23.9  23.8  23.5  23.4  23.7  23.6  23.3  23.4  23.5  23.5  23.3  23.3  23.7  23.8  23.2  23.8  26.6  27.1  27.0  27.6  28.6  28.7 
 24.5  23.6  24.4  24.3  23.7  23.2  23.8  23.9  23.6  23.4  23.8  23.9  23.5  23.1  23.5  23.7  23.5  23.0  23.7  23.5  23.4  23.0  23.6  23.6  23.8  23.8  26.6  27.7  27.8  27.4  28.1  29.0 
 23.7  24.0  24.1  24.1  23.3  23.6  23.8  23.9  23.6  23.7  23.9  23.7  23.3  23.3  23.4  23.6  23.2  23.1  23.7  23.5  23.1  23.3  23.6  23.5  23.3  23.7  26.9  27.3  27.3  27.9  28.6  28.7 
 24.0  23.7  24.2  24.0  23.7  23.2  23.8  24.1  24.2  24.3  24.7  24.3  23.3  23.2  23.2  23.4  23.3  23.3  23.3  23.6  23.4  23.1  23.3  23.6  23.5  23.4  25.9  27.0  28.0  28.3  28.6  29.0 
 23.9  23.7  23.8  23.7  23.2  23.4  23.9  23.7  24.1  25.2  26.6  24.6  23.3  23.2  23.4  23.4  23.2  23.2  23.4  23.3  23.2  23.2  23.4  23.4  23.4  23.4  25.9  26.8  28.3  28.6  28.8  28.7 
 24.0  23.5  23.7  23.8  23.8  23.1  23.4  23.8  24.8  26.1  28.5  25.7  23.5  23.2  23.4  23.4  23.2  22.9  23.3  23.3  23.4  23.2  23.5  23.7  23.5  23.3  25.4  26.7  28.4  28.5  28.7  29.0 
 24.0  23.9  23.9  23.7  23.3  23.3  23.4  23.7  23.7  24.3  25.2  24.1  23.2  23.2  23.2  23.4  23.1  23.2  23.4  23.3  23.2  23.3  23.5  23.6  23.4  23.9  25.7  26.7  28.1  28.9  29.5  28.7 
 24.3  23.8  23.9  23.8  23.5  23.1  23.5  23.5  23.5  23.3  23.5  23.4  23.4  23.1  23.3  23.3  23.5  23.1  23.4  23.5  23.4  23.1  23.5  23.7  25.6  26.2  28.7  28.8  29.1  29.1  29.9  29.7 
 23.9  24.1  24.2  24.2  23.5  23.8  23.6  23.4  23.1  23.4  23.4  23.5  23.0  23.2  23.3  23.3  23.3  23.2  23.5  23.4  23.2  23.4  23.5  23.5  26.0  28.2  30.0  30.0  29.6  29.9  30.2  29.8 
 24.7  24.6  25.2  25.2  25.1  24.5  24.1  23.9  23.4  23.2  23.5  23.4  23.3  23.1  23.4  23.5  23.3  23.1  23.3  23.4  23.4  23.1  23.7  23.9  28.0  28.5  30.8  31.3  31.2  30.8  30.4  30.1 
 24.8  25.2  25.8  25.8  25.9  26.0  25.5  24.7  23.5  23.8  23.4  23.4  23.2  23.2  23.5  23.4  23.2  23.3  23.4  23.4  23.1  23.5  23.8 nan  27.2  28.7  30.8  31.5  31.2  31.4  30.6  30.5 
 26.0  25.6  26.9  27.4  29.2  30.0  38.3  42.1  39.8  33.5  23.9  23.7  23.3  23.2  23.3  23.4  23.4  23.2  23.3  23.4  23.4  23.0  23.4  23.7  28.0  29.0  30.9  30.6  31.5  31.1  31.8  31.4 
 25.7  26.2  27.5  28.1  30.5  33.0  48.1  54.5  58.5  51.3  25.2  24.1  23.3  23.4  23.4  23.4  23.1  23.3  23.3  23.4  23.2  23.1  23.5  23.6  26.8  29.1  30.5  30.6  30.9  31.4  30.3  30.4 
 26.5  26.5  28.2  29.2  33.3  37.0  58.0  67.1  77.5  73.0  30.5  25.1  23.5  23.1  23.3  23.3  23.4  23.1  23.4  23.4  23.2  23.0  23.3  23.4  24.3  25.8  29.1  30.1  30.9  30.7  27.8  28.4 
 26.2  26.6  28.1  29.0  33.2  37.6  57.9  69.3  87.2  81.9  30.3  25.0  23.5  23.5  23.5  23.3  22.9  23.4  23.5  23.3  23.1  23.3  23.4  23.5  23.3  23.9  27.8  28.8  31.0  30.1  27.6  27.0 
 26.6  26.5  28.0  28.7  30.6  32.2  46.3  56.4  67.9  57.0  25.7  24.2  23.7  23.2  23.4  23.4  23.4  23.0  23.4  23.6  23.4  23.1  23.4  23.5  23.5  23.2  24.5  28.6  29.6  30.8  29.8  28.1 
 26.4  26.8  27.7  27.8  28.9  30.2  38.3  43.4  46.5  39.2  24.6  23.9  23.5  23.5  23.7  23.5  23.2  23.4  23.7  23.4  23.0  23.2  23.4  23.4  23.2  23.2  25.7  25.8  30.7  30.7  31.7  30.9 
 26.9  26.2  27.3  27.5  27.8  27.7  29.4  29.9  28.6  26.6  24.4  24.1  23.6  23.5  23.6  23.6  23.5  23.2  23.4  23.5  23.4  23.1  23.5  23.9  23.4  23.1  23.9  24.7  28.9  27.6  30.3  30.8 
 26.3  26.7  27.0  27.2  27.1  27.4  28.3  28.1  26.8  26.0  24.2  24.0  23.6  23.8  23.7  23.5  23.3  23.4  23.6  23.5  23.4  23.6  23.6  23.7  23.3  23.2  23.9  24.3  25.0  26.9  27.7  28.6 
 26.5  26.1  26.8  27.0  26.6  26.3  26.5  26.6  25.8  24.6  24.2  24.1  24.0  23.5  23.6  23.8  23.5  23.3  23.7  23.6  23.4  23.3  23.6  23.8  23.8  23.2  24.1  24.2  24.6  24.4  26.0  26.9 
 26.4  26.4  26.8  26.4  26.2  26.3  26.6  26.1  24.9  25.0  24.3  24.4  23.8  23.6  23.9  23.8  23.5  23.6  23.8  23.6  23.4  23.8  23.9  23.9  23.5  23.7  23.8  24.2  24.0  24.7  26.3  27.8 
 27.4  26.4  26.5  26.6  26.3  25.4  25.9  25.5  25.1  24.6  24.4  24.6  24.2  23.5  24.0  23.9  23.8  23.4  24.0  23.6  23.8  23.5  24.0  24.4  24.0  23.4  24.6  25.2  25.3  24.5  27.8  28.2 
 27.2  27.3  26.8  26.5  25.7  25.6  25.4  25.2  24.5  24.8  24.5  24.5  23.9  23.9  24.2  24.1  23.6  23.8  23.9  23.9  23.7  23.9  24.3  23.9  23.7  23.9  25.2  25.5  25.0  26.2  28.1  29.1 
