 25.2  24.4  24.5  24.9  24.0  24.0  24.1  24.3  23.8  23.7  24.1  24.1  23.7  23.4  23.5  23.9  23.5  23.5  23.5  23.7  23.5  23.4  23.6  23.8  23.5  23.5  24.5  25.8  27.7  28.0  28.9  29.9 
 24.9  24.2  24.8  24.3  24.3  23.7  24.3  23.9  24.2  23.6  24.2  23.7  23.7  23.5  24.0  23.5  23.3  23.5  23.9  23.7  23.4  23.3  24.0  23.5  23.7  23.5  24.6  26.0  27.9  28.3  29.1  28.9 
 24.2  24.0  24.4  24.3  23.7  23.6  23.7  23.9  23.8  23.7  23.8  24.2  23.4  23.5  23.5  23.9  23.5  23.3  23.6  23.7  23.3  23.6  23.4  23.8  23.3  23.5  24.8  25.9  27.7  28.0  28.7  29.2 
 24.1  23.7  24.8  24.1  23.9  23.2  24.0  23.8  23.7  23.4  24.0  23.6  23.5  23.2  23.7  23.7  23.4  23.2  23.7  23.3  23.3  23.2  23.7  23.4  23.5  23.5  24.7  25.7  27.3  28.0  29.7  29.1 
 24.0  24.2  23.9  24.1  23.5  23.7  23.4  24.0  24.1  24.5  24.8  24.4  23.3  23.2  23.3  23.5  23.1  23.3  23.4  23.6  23.3  23.2  23.3  23.6  23.4  23.5  24.1  25.0  27.3  27.9  28.5  29.2 
 23.9  23.7  24.2  23.7  23.5  23.4  23.9  23.9  24.4  25.2  26.9  24.9  23.4  23.2  23.4  23.5  23.4  23.1  23.6  23.4  23.2  22.9  23.7  23.6  23.8  23.3  24.1  24.5  26.9  27.7  29.3  29.0 
 23.9  24.0  23.8  23.9  23.3  23.4  23.5  24.2  24.5  26.3  28.5  26.0  23.4  23.4  23.2  23.4  23.1  23.3  23.3  23.5  23.2  23.3  23.6  23.9  23.4  23.4  24.1  24.7  26.4  27.1  29.2  29.3 
 24.0  23.9  24.2  23.7  23.4  23.3  23.8  23.6  23.9  24.2  25.3  24.1  23.3  23.2  23.5  23.3  23.3  23.0  23.5  23.2  23.2  23.1  23.6  23.3  23.4  23.3  25.1  25.9  26.9  28.0  29.4  28.8 
 24.0  24.1  24.0  24.1  23.4  23.4  23.4  23.7  23.3  23.4  23.7  23.5  23.1  23.2  23.3  23.4  23.1  23.2  23.4  23.5  23.2  23.4  23.6  23.8  23.9  25.0  29.1  29.7  30.2  30.2  30.0  30.2 
 24.0  23.9  24.3  24.0  23.8  23.6  23.7  23.4  23.3  23.2  23.5  23.5  23.3  23.0  23.5  23.3  23.3  23.1  23.5  23.5  23.3  23.4  23.6  23.6  24.5  26.0  29.8  30.6  30.9  30.8  31.3  30.4 
 24.8  25.0  25.1  25.6  25.0  24.8  24.2  24.1  23.3  23.5  23.5  23.6  23.1  23.1  23.3  23.6  23.3  23.3  23.5  23.5  23.4  23.3  23.4  23.6  25.5  27.8  30.2  31.0  31.0  31.2  31.7  31.6 
 25.1  24.8  25.8  25.9  26.2  26.0  25.6  24.9  23.9  23.7  23.7  23.5  23.4  23.1  23.5  23.2  23.4  23.3  23.5  23.4  23.2  23.3  23.6 nan  26.0  27.7  30.6  30.6  31.1  31.0  31.9  31.5 
 25.8  25.9  26.8  27.8  28.9  30.1  38.4  42.3  39.7  33.8  23.8  23.8  23.3  23.4  23.4  23.6  23.1  23.2  23.4  23.4  23.2  23.2  23.4  23.7  25.1  27.5  30.0  30.5  31.1  31.3  30.5  29.3 
 26.2  26.3  27.9  27.9  30.6  33.0  48.2  54.6  58.7  51.6  25.4  24.0  23.4  23.4  23.7  23.4  23.3  23.1  23.4  23.3  23.2  23.0  23.5  23.6  24.5  25.9  29.9  30.4  31.1  31.3  29.3  27.8 
 26.2  27.0  28.3  29.3  33.2  37.2  58.1  67.2  77.8  73.3  30.7  25.4  23.5  23.3  23.5  23.6  23.3  23.2  23.5  23.6  23.2  23.2  23.4  23.6  23.5  23.7  28.4  30.1  31.1  29.8  28.1  27.3 
 26.4  26.5  28.4  29.1  33.4  37.3  57.9  69.4  87.4  82.0  30.7  25.1  23.6  23.3  23.5  23.3  23.3  23.1  23.5  23.4  23.1  23.1  23.6  23.4  23.4  23.3  26.9  28.3  30.0  31.0  28.4  27.3 
 26.5  27.0  28.1  28.6  30.6  32.2  46.2  56.3  67.9  57.2  26.0  24.3  23.4  23.5  23.5  23.5  23.2  23.3  23.4  23.5  23.2  23.2  23.4  23.4  23.4  23.5  23.9  26.6  29.2  30.3  30.7  30.1 
 26.6  26.5  28.0  28.1  29.4  30.1  38.5  43.4  46.7  39.3  24.6  24.0  23.5  23.5  23.7  23.5  23.2  23.2  23.7  23.6  23.2  23.2  23.6  23.3  23.4  23.1  24.5  23.9  29.4  29.3  31.7  29.9 
 26.6  26.9  27.3  27.8  27.5  28.1  29.5  30.2  28.6  26.9  24.4  24.1  23.6  23.6  23.7  23.8  23.4  23.4  23.6  23.7  23.2  23.1  23.7  23.9  23.6  23.4  23.8  24.5  24.7  26.6  29.0  29.9 
 26.3  26.7  27.1  27.2  27.2  27.0  28.3  28.1  26.8  26.0  24.4  24.0  23.7  23.4  23.8  23.6  23.5  23.4  24.0  23.5  23.4  23.2  23.9  23.7  23.6  23.5  24.1  24.0  24.7  24.6  27.0  28.2 
 26.1  26.3  27.0  26.9  26.7  26.6  26.6  26.7  25.6  24.9  24.4  24.5  23.8  23.9  23.8  24.0  23.4  23.5  23.5  23.9  23.5  23.6  23.6  24.0  23.8  23.6  24.1  24.3  23.8  24.4  25.8  27.0 
 26.6  26.4  27.0  26.4  26.7  26.1  26.6  26.2  25.2  24.7  24.7  24.3  23.9  23.7  23.9  24.0  23.6  23.4  24.1  23.8  23.6  23.6  24.2  23.8  23.6  23.7  24.4  24.2  24.4  24.0  26.6  27.5 
 27.4  26.8  26.3  26.6  25.8  26.1  25.8  25.9  24.6  24.9  24.4  24.5  24.0  24.0  23.9  24.1  23.8  23.7  23.9  24.1  23.6  23.7  24.0  24.4  23.7  23.8  24.7  25.3  24.9  24.8  26.7  28.6 
 28.1  27.0  26.8  26.5  26.0  25.7  25.9  25.5  24.8  24.6  24.7  24.3  23.9  23.9  24.2  24.2  24.0  23.8  24.1  23.9  23.9  23.6  24.3  24.0  24.1  23.9  25.5  25.8  25.5  25.2  28.1  29.1 
