 23.9  23.0  23.4  23.2  22.5  22.7  22.6  22.5  22.6  22.4  22.6  22.6  22.3  22.1  22.3  22.6  22.4  22.4  22.6  22.6  22.3  22.3  22.7  22.8  22.4  22.5  23.4  23.7  23.4  23.4  24.4  24.7 
 23.3  22.8  23.4  23.2  22.9  22.8  22.8  22.6  22.5  22.4  22.8  22.6  22.4  22.3  22.7  22.4  22.2  22.2  22.6  22.6  22.3  22.4  22.5  22.6  22.6  22.7  23.1  24.3  23.2  23.5  24.2  24.4 
 23.4  22.8  23.5  22.9  22.8  22.5  22.9  22.7  22.4  22.5  22.7  22.8  22.3  22.2  22.4  22.5  22.2  22.3  22.4  22.3  22.6  22.2  22.4  22.6  22.5  22.5  22.9  23.1  23.1  22.7  23.3  23.8 
 23.3  22.9  23.1  23.1  22.5  22.4  22.9  22.9  22.8  22.6  22.7  22.6  22.4  22.3  22.3  22.6  22.2  22.4  22.6  22.3  22.3  22.4  22.6  22.7  22.6  22.7  23.1  23.0  22.4  23.0  23.5  23.7 
 23.1  22.8  23.2  23.0  22.9  22.4  22.8  23.0  23.0  23.0  22.9  22.6  22.5  22.4  22.4  22.3  22.3  22.3  22.5  22.6  22.6  22.4  22.7  22.7  22.6  22.5  23.0  22.9  23.0  22.7  23.3  23.4 
 22.8  23.1  23.1  22.9  22.7  22.6  23.1  22.9  23.6  23.8  23.0  22.8  22.3  22.3  22.4  22.5  22.4  22.3  22.5  22.5  22.3  22.2  22.6  22.7  22.5  22.4  23.1  22.9  22.6  23.1  23.1  23.0 
 23.2  22.8  23.1  23.1  22.7  22.6  23.0  23.4  25.2  26.4  24.0  23.1  22.5  22.3  22.4  22.4  22.4  22.3  22.5  22.5  22.5  22.3  22.7  22.6  22.6  22.6  22.8  23.0  22.7  22.4  23.1  23.1 
 23.3  22.9  23.0  22.9  22.5  22.7  23.0  23.3  25.5  27.1  24.5  23.0  22.4  22.5  22.6  22.5  22.3  22.3  22.4  22.4  22.5  22.3  22.7  22.6  22.4  22.4  22.7  22.8  22.6  22.6  22.7  22.3 
 23.5  23.0  23.4  23.1  22.7  22.4  22.9  23.0  23.2  23.0  23.1  23.0  22.4  22.4  22.5  22.4  22.3  22.3  22.7  22.5  22.6  22.3  22.6  22.7  22.6  22.5  23.1  23.0  23.0  22.7  23.0  23.3 
 23.5  23.4  23.3  23.1  22.8  22.7  22.8  22.9  22.9  22.8  22.8  22.7  22.2  22.5  22.4  22.5  22.3  22.4  22.6  22.6  22.4  22.4  22.5  22.7  22.5  22.7  23.1  23.0  22.8  22.6  23.4  23.2 
 23.8  23.6  23.8  23.9  23.7  23.5  23.3  23.1  22.7  22.8  22.8  22.7  22.4  22.3  22.6  22.7  22.4  22.4  22.6  22.4  22.4  22.3  22.7  22.5  22.4  22.4  23.2  23.7  23.4  23.2  23.4  23.3 
 23.5  23.7  24.0  24.3  24.6  24.4  23.9  23.6  22.8  22.7  22.8  22.6  22.4  22.6  22.5  22.7  22.3  22.4  22.6  22.6  22.6  22.5  22.7 nan  22.4  22.6  24.3  24.8  23.6  23.1  23.2  23.4 
 24.3  24.4  25.4  25.6  27.0  27.5  32.9  35.0  33.3  29.2  23.2  22.9  22.7  22.5  22.7  22.6  22.5  22.4  22.7  22.5  22.4  22.4  22.5  22.6  22.6  22.4  23.9  24.4  23.4  22.8  23.3  23.2 
 24.7  24.9  25.9  26.6  28.3  30.3  41.7  48.9  53.6  47.3  24.6  23.2  22.6  22.5  22.7  22.7  22.3  22.5  22.6  22.7  22.5  22.3  22.7  22.7  22.6  22.6  23.2  23.2  23.0  22.8  23.1  23.1 
 25.0  25.3  26.5  27.4  30.3  33.7  54.9  63.1  74.8  71.1  34.5  25.5  22.7  22.3  22.6  22.6  22.5  22.4  22.7  22.7  22.6  22.3  22.7  22.8  22.6  22.5  22.8  23.1  23.1  22.7  23.3  23.3 
 25.1  25.2  26.9  27.4  30.6  34.0  53.5  62.8  78.5  78.9  36.8  25.9  22.7  22.6  22.6  22.7  22.4  22.5  22.6  22.7  22.2  22.4  22.8  22.7  22.5  22.6  22.9  23.0  22.8  23.0  23.6  23.3 
 25.4  25.4  26.5  26.9  29.4  31.6  44.3  53.3  72.7  69.4  30.0  24.3  23.0  22.6  22.7  22.5  22.5  22.3  22.9  22.7  22.5  22.4  22.8  22.7  22.8  22.6  22.9  22.9  22.7  22.9  23.5  23.5 
 24.9  25.5  26.3  26.8  28.4  29.7  36.9  42.0  53.8  49.1  25.6  23.6  22.6  22.5  22.7  22.6  22.5  22.5  22.7  22.6  22.4  22.4  22.8  22.9  22.5  22.7  22.9  22.7  23.0  22.8  23.7  23.6 
 25.2  25.2  26.2  26.4  26.8  27.0  28.4  29.3  29.5  28.0  23.8  23.1  22.8  22.6  22.8  22.7  22.7  22.5  22.6  22.7  22.5  22.3  22.8  22.9  22.8  22.6  23.0  23.2  23.1  22.8  23.5  23.7 
 25.1  25.5  26.0  26.1  26.2  26.0  27.1  27.3  26.9  25.9  23.5  23.1  22.9  22.7  22.8  22.6  22.4  22.5  22.8  22.7  22.6  22.5  22.9  22.9  22.7  22.6  22.9  23.0  23.0  23.2  24.1  24.0 
 25.3  25.0  25.7  25.6  25.4  25.4  25.7  25.6  25.2  24.4  23.3  23.4  22.8  22.8  22.8  22.9  22.7  22.6  22.8  22.9  22.8  22.5  23.0  23.0  22.9  22.8  23.3  23.2  23.2  23.3  24.3  24.4 
 25.4  24.9  25.6  25.4  25.1  25.0  25.1  25.4  24.4  24.3  23.5  23.3  22.9  22.7  22.9  22.7  22.5  22.7  22.9  22.8  22.7  22.5  23.0  23.3  22.7  22.9  23.3  23.6  23.9  24.1  25.2  25.5 
 26.2  25.3  25.6  25.2  24.8  24.7  24.9  24.7  24.2  23.8  23.4  23.6  23.1  23.0  23.1  22.8  23.0  22.9  23.0  23.0  22.9  22.7  23.2  23.4  23.2  23.3  24.5  24.9  25.4  24.6  26.3  26.9 
 26.1  26.3  25.4  25.2  24.7  24.9  24.9  24.6  23.8  24.0  23.4  23.4  23.0  22.7  23.0  23.1  22.9  22.9  23.0  23.3  23.1  23.0  23.4  23.6  23.8  24.0  25.1  25.4  25.1  25.3  26.4  26.7 
