 24.1  23.4  23.6  23.6  23.2  22.9  22.9  23.1  22.9  22.4  22.9  23.2  22.6  22.6  22.6  23.1  22.6  22.6  23.0  23.0  22.8  22.7  23.7  25.4  27.6  27.6  28.9  29.3  29.2  29.0  30.7  30.6 
 23.7  23.2  23.8  23.8  22.9  23.0  23.0  23.1  22.6  22.8  23.0  22.8  22.6  22.5  22.9  22.8  22.6  22.5  22.9  22.9  22.6  22.8  23.5  24.9  27.0  27.7  29.1  28.9  29.3  30.0  30.4  29.5 
 23.6  23.2  23.2  23.6  23.0  22.6  23.1  23.1  23.0  22.5  22.9  22.9  22.8  22.6  22.9  23.0  22.6  22.5  22.7  22.9  22.8  22.5  23.1  23.8  26.6  27.3  28.8  29.1  29.5  29.0  29.6  29.8 
 23.2  23.1  23.5  23.3  22.9  22.7  23.3  23.1  22.7  22.8  23.1  22.9  22.5  22.5  22.8  22.9  22.6  22.6  22.9  22.6  22.6  22.7  23.2  23.1  25.4  27.0  28.9  29.2  28.7  29.1  29.7  29.7 
 23.3  23.0  23.5  23.5  23.0  22.6  23.1  23.2  23.3  23.2  23.1  23.0  22.7  22.5  22.8  22.7  22.7  22.3  22.9  22.8  22.9  22.7  23.2  23.3  23.7  24.4  27.2  27.8  29.0  28.9  29.8  30.0 
 23.2  23.3  23.4  23.3  22.6  23.1  23.2  23.3  23.5  23.9  23.2  22.9  22.6  22.8  23.0  22.8  22.4  22.7  22.6  22.8  22.5  22.7  23.1  23.0  23.0  23.4  26.0  27.5  29.2  29.9  30.5  30.4 
 23.4  23.2  23.2  23.3  22.9  22.7  23.1  23.5  25.4  26.6  24.1  23.4  22.7  22.4  22.8  22.8  22.8  22.7  22.8  22.8  22.8  22.8  22.9  23.3  24.2  25.5  29.2  30.5  31.1  30.5  30.5  30.6 
 23.0  23.3  23.2  23.0  22.8  22.9  23.5  23.5  25.8  27.4  24.6  23.3  22.6  22.7  22.8  22.7  22.6  22.8  22.9  22.8  22.7  22.9  23.2  23.2  25.3  27.6  30.6  31.1  31.6  31.8  31.9  30.8 
 23.8  23.5  23.6  23.1  22.7  22.8  23.2  23.2  23.5  23.3  23.0  22.8  22.7  22.4  22.8  22.8  22.9  22.6  23.0  22.9  22.9  22.8  23.3  23.5  27.6  28.4  31.2  31.6  32.0  32.1  32.9  32.6 
 23.5  23.5  23.7  23.4  23.1  23.0  23.1  22.9  22.9  23.1  23.0  23.0  22.6  22.6  22.7  22.8  22.6  22.6  23.1  22.9  22.7  22.8  23.3  24.0  27.5  29.5  31.2  31.7  31.7  32.1  33.3  32.6 
 24.0  23.8  24.1  24.1  24.0  23.4  23.3  23.3  23.0  22.8  22.9  22.9  22.7  22.5  22.7  23.1  22.9  22.7  22.8  22.9  22.9  22.7  23.3  23.8  28.6  29.3  31.6  31.6  32.3  32.3  31.9  30.8 
 24.0  23.8  24.4  24.4  24.4  24.6  24.1  23.7  22.9  22.9  22.9  22.8  22.7  22.6  22.9  23.0  22.8  22.9  22.9  23.0  22.6  22.9  23.1 nan  27.3  30.1  31.8  31.9  32.1  32.8  32.3  29.8 
 24.5  24.6  25.4  26.0  27.1  27.6  32.6  34.6  32.5  28.8  23.3  23.1  22.8  22.7  22.8  22.9  22.8  22.6  23.0  22.8  22.8  22.6  23.0  23.2  27.3  28.2  31.3  31.6  32.4  32.3  32.2  31.4 
 24.5  24.8  26.4  26.7  28.2  30.2  41.5  48.6  52.8  46.5  24.7  23.4  22.8  22.8  22.9  22.8  22.6  22.7  23.0  23.0  22.8  22.7  23.0  23.1  24.6  27.4  30.2  30.8  31.6  32.4  32.7  32.1 
 25.4  25.2  26.7  27.5  31.0  33.8  54.9  63.3  74.4  70.9  34.4  25.7  23.0  22.7  22.7  22.9  22.9  22.6  23.0  23.0  23.0  22.7  23.2  23.0  23.1  23.4  25.1  25.3  28.4  29.1  32.1  32.0 
 25.5  25.6  27.2  27.8  30.8  34.4  53.8  62.9  78.3  79.0  36.8  26.1  23.0  22.9  22.9  23.0  22.7  22.7  23.0  23.0  22.7  22.8  23.2  23.0  22.7  23.1  23.7  24.1  24.7  27.5  28.8  31.6 
 25.5  25.6  27.0  27.2  29.7  31.9  44.8  54.0  73.7  70.7  30.2  24.6  22.9  22.7  23.0  23.0  22.8  22.7  23.0  22.9  23.0  22.8  22.9  23.0  23.0  22.8  23.2  23.6  23.8  23.8  26.4  25.6 
 25.3  25.7  26.3  27.0  28.9  29.8  37.3  42.6  54.7  50.3  26.0  23.8  22.8  22.9  23.0  22.9  22.7  22.9  23.0  23.0  22.6  22.9  23.1  23.0  22.7  22.9  23.4  23.5  23.2  23.7  24.9  25.4 
 25.9  25.4  26.7  26.7  27.0  27.4  29.0  29.9  30.1  28.3  24.1  23.6  23.1  22.9  23.0  23.0  22.9  22.7  22.9  23.2  23.0  22.6  23.2  23.2  23.1  23.0  23.2  23.4  23.7  23.3  24.1  24.5 
 25.4  25.6  26.3  26.5  26.3  26.3  27.7  27.5  27.0  26.3  24.1  23.4  22.9  23.0  23.2  22.9  22.7  22.8  23.2  23.0  22.8  22.9  23.2  23.2  22.8  23.2  23.3  23.5  23.3  23.6  24.8  24.8 
 25.7  25.2  26.2  26.1  25.9  25.7  26.2  26.2  25.6  24.6  23.7  23.7  23.3  23.0  22.9  23.1  22.9  22.8  23.0  23.3  23.1  22.9  23.2  23.5  23.5  22.9  23.3  23.5  23.9  24.4  25.6  25.5 
 25.4  25.6  25.8  25.6  25.3  25.5  25.7  25.8  24.9  24.6  23.7  23.6  23.2  23.3  23.4  23.3  22.9  23.0  23.1  23.3  22.8  22.9  23.5  23.3  22.9  23.1  23.6  24.0  24.3  25.2  26.1  26.6 
 26.4  25.5  25.6  25.8  25.3  25.0  25.2  25.0  24.7  24.3  24.0  23.9  23.5  23.2  23.4  23.5  23.4  22.9  23.4  23.3  23.3  23.0  23.7  23.7  23.7  23.6  25.4  26.1  26.2  26.1  27.2  27.1 
 26.1  26.0  25.7  25.6  25.0  25.1  25.1  24.9  24.1  23.9  24.2  23.9  23.2  23.3  23.5  23.4  23.2  23.3  23.5  23.5  23.2  23.4  23.9  24.0  24.2  24.8  26.4  26.8  25.9  26.5  27.5  27.9 
