 24.5  23.8  24.3  24.0  24.1  23.6  24.1  23.6  23.5  23.5  23.9  23.9  23.6  23.0  23.6  23.5  23.4  22.9  23.4  23.4  23.3  23.0  23.7  23.5  23.6  23.2  26.6  27.1  28.2  27.6  29.4  29.0 
 23.7  23.8  24.2  24.3  23.4  23.7  23.6  24.0  23.3  23.7  23.7  24.0  23.2  23.6  23.5  23.7  23.0  23.3  23.4  23.6  23.2  23.3  23.5  23.4  23.0  23.7  25.7  27.4  27.6  28.5  28.9  30.0 
 24.0  23.3  24.3  23.8  23.6  23.1  23.8  23.4  23.6  23.2  23.7  23.5  23.3  22.9  23.5  23.4  23.2  22.9  23.5  23.2  23.3  23.1  23.2  23.6  23.5  23.2  25.1  25.9  27.4  27.4  28.7  28.0 
 23.6  23.8  24.0  23.8  23.2  23.3  23.7  23.9  23.3  23.7  23.9  23.7  23.3  23.2  23.5  23.5  23.2  23.0  23.5  23.3  23.0  23.4  23.4  23.6  23.2  23.4  24.3  25.2  26.9  27.6  28.5  28.6 
 23.9  23.6  23.9  23.9  23.5  23.1  23.6  23.6  24.1  23.9  24.8  24.1  23.3  22.9  23.3  23.2  23.2  22.7  23.3  23.4  23.3  22.9  23.5  23.3  23.3  23.1  24.2  23.8  26.3  27.1  29.0  28.7 
 23.7  23.9  23.7  23.8  23.1  23.4  23.5  23.9  23.9  25.0  26.4  24.8  23.0  23.1  23.3  23.5  23.0  23.1  23.1  23.4  22.9  23.2  23.4  23.6  23.0  23.3  23.9  24.4  25.8  27.5  29.1  29.7 
 23.7  23.4  23.8  23.6  23.3  22.8  23.8  23.5  24.5  25.6  28.5  25.3  23.4  22.8  23.4  23.2  23.1  23.0  23.2  23.0  23.3  22.8  23.7  23.4  23.7  23.6  26.2  27.0  28.6  29.2  30.1  29.7 
 23.5  23.8  23.6  23.7  23.1  23.1  23.4  23.5  23.4  24.3  25.1  24.1  23.0  23.3  23.3  23.3  22.9  23.2  23.1  23.3  22.9  23.1  23.3  23.6  23.7  25.3  28.7  29.3  30.1  30.4  30.0  29.3 
 24.2  23.7  24.1  23.6  23.3  23.2  23.6  23.2  23.3  22.9  23.7  23.1  23.2  23.0  23.4  23.2  23.1  23.0  23.4  23.1  23.3  22.9  23.6  23.4  26.6  27.9  30.5  30.6  31.3  31.1  31.7  31.3 
 23.5  23.8  23.8  24.0  23.5  23.4  23.4  23.4  22.9  23.1  23.3  23.5  22.9  23.1  23.1  23.3  22.9  23.2  23.3  23.4  22.9  23.3  23.6  23.8  27.2  29.2  31.1  31.0  30.9  31.2  32.0  31.9 
 25.0  24.5  25.2  25.0  24.9  24.4  24.1  23.8  23.3  23.1  23.5  23.1  23.2  23.0  23.2  23.3  23.3  23.0  23.4  23.2  23.4  22.9  23.6  23.8  28.5  29.8  31.2  30.9  31.7  31.8  31.2  29.2 
 24.5  25.0  25.6  25.8  25.6  26.0  25.4  25.0  23.3  23.4  23.4  23.4  22.9  23.2  23.3  23.3  23.0  23.4  23.3  23.4  23.0  23.1  23.4 nan  27.8  30.1  31.1  31.2  31.7  31.9  29.6  28.8 
 25.8  24.9  26.7  27.3  29.1  29.7  38.5  42.1  39.8  33.7  24.0  23.7  23.2  23.0  23.5  23.2  23.3  23.0  23.5  23.2  23.2  23.0  23.4  23.5  27.1  28.2  31.5  31.2  32.0  30.9  28.2  26.5 
 25.9  26.0  27.4  28.1  30.2  33.0  48.0  54.6  58.6  51.8  25.3  24.0  23.1  23.1  23.3  23.3  23.0  23.2  23.2  23.4  23.1  23.0  23.4  23.6  24.9  27.1  30.1  31.1  29.3  29.2  26.3  26.4 
 26.6  26.3  28.4  28.7  33.1  36.7  57.9  66.6  77.6  73.3  31.0  25.1  23.5  22.9  23.4  23.2  23.3  22.9  23.4  23.2  23.2  23.0  23.5  23.2  23.5  23.5  27.4  27.0  25.9  24.8  25.6  25.2 
 26.0  26.5  28.0  29.0  33.0  37.2  57.3  69.2  87.1  82.2  30.6  24.9  23.3  23.2  23.2  23.4  23.0  23.1  23.2  23.4  22.9  23.2  23.3  23.5  23.1  23.3  25.0  25.8  24.2  24.8  24.7  25.4 
 26.6  26.4  28.2  28.2  30.3  32.0  46.0  55.7  67.9  57.1  25.9  24.0  23.4  23.2  23.5  23.2  23.2  22.9  23.4  23.3  23.2  22.8  23.2  23.1  23.2  22.9  23.8  24.1  23.9  23.7  24.8  24.3 
 26.0  26.7  27.5  28.1  28.9  29.9  38.1  43.2  46.3  39.4  24.4  24.1  23.4  23.3  23.4  23.6  22.9  23.2  23.3  23.4  23.0  23.0  23.2  23.5  23.1  23.1  23.6  23.9  23.6  24.1  24.5  24.7 
 26.5  26.1  27.5  27.1  27.7  27.5  29.3  29.7  28.6  26.4  24.3  23.8  23.6  23.3  23.8  23.5  23.6  23.1  23.4  23.5  23.5  22.9  23.6  23.6  23.4  22.9  24.0  23.6  23.9  23.5  24.1  24.3 
 25.8  26.6  27.0  27.1  26.8  27.0  28.0  28.1  26.6  25.9  24.1  24.0  23.3  23.5  23.5  23.6  23.2  23.3  23.5  23.6  23.1  23.2  23.3  23.6  23.1  23.4  23.6  24.0  23.2  23.8  24.3  24.8 
 26.1  25.8  26.7  26.6  26.3  25.9  26.8  26.3  25.7  24.5  24.3  24.1  23.9  23.3  23.8  23.5  23.4  23.2  23.6  23.4  23.4  22.9  24.0  23.6  23.7  23.2  24.0  23.9  24.1  23.3  24.7  24.6 
 25.8  26.0  26.4  26.5  26.0  26.1  26.2  26.3  24.9  24.9  24.3  24.3  23.4  23.6  23.5  23.8  23.1  23.4  23.6  23.8  23.0  23.4  23.6  23.8  23.0  23.6  23.9  24.2  23.5  24.4  24.9  26.9 
 27.1  26.2  26.2  26.1  26.0  25.3  25.8  25.4  24.7  24.0  24.4  24.3  24.0  23.5  23.9  23.9  23.9  23.4  23.8  23.7  23.8  23.1  23.8  23.9  23.7  23.4  24.8  24.4  24.7  23.7  26.7  26.9 
 26.6  27.0  26.2  26.4  25.3  25.7  25.6  25.5  24.5  24.5  24.5  24.3  23.7  23.8  24.0  24.1  23.5  23.5  23.8  24.2  23.3  23.6  23.8  24.3  23.3  23.8  24.9  25.7  25.1  25.0  26.9  28.1 
