 23.8  23.2  23.3  23.4  22.8  22.5  22.8  23.0  22.8  22.2  22.5  22.8  22.6  22.3  22.3  22.8  22.5  22.2  22.5  22.5  22.4  22.6  22.9  22.8  22.7  22.5  23.2  23.9  23.7  23.3  23.7  24.6 
 23.4  23.0  23.3  23.2  23.0  22.6  22.8  22.8  22.6  22.4  23.0  22.8  22.5  22.4  22.6  22.6  22.3  22.4  22.8  22.5  22.5  22.4  22.7  22.8  22.5  22.6  23.5  24.3  23.7  23.2  24.2  24.4 
 23.0  23.0  23.3  23.0  22.7  22.6  22.8  22.8  22.6  22.5  22.7  22.7  22.5  22.3  22.6  22.6  22.3  22.2  22.7  22.6  22.4  22.3  22.5  22.9  22.7  22.5  22.8  23.0  23.2  22.6  23.6  23.7 
 23.2  23.0  23.2  23.3  22.6  22.5  22.9  22.9  22.5  22.5  22.8  22.9  22.4  22.3  22.7  22.5  22.3  22.4  22.8  22.6  22.6  22.3  22.7  22.7  22.6  22.5  23.2  22.8  22.7  22.9  23.8  23.8 
 23.1  22.9  23.1  23.1  22.9  22.8  23.0  23.1  23.3  23.1  22.9  22.8  22.6  22.3  22.6  22.6  22.3  22.2  22.4  22.4  22.4  22.2  22.5  22.7  22.7  22.5  22.8  22.9  23.1  22.9  23.4  23.4 
 23.1  22.7  23.3  22.8  22.6  22.5  23.1  23.0  23.7  23.9  23.2  22.9  22.4  22.3  22.5  22.5  22.3  22.3  22.5  22.6  22.4  22.3  22.8  22.7  22.7  22.5  22.9  23.0  22.8  22.8  23.3  23.3 
 23.1  22.8  23.0  22.9  22.7  22.9  23.1  23.5  25.1  26.5  24.1  23.2  22.5  22.5  22.6  22.6  22.4  22.3  22.5  22.5  22.6  22.6  22.6  22.9  22.6  22.5  22.9  23.1  23.1  22.7  22.9  23.2 
 23.2  23.0  23.2  23.1  22.7  22.6  23.0  23.4  25.5  27.1  24.6  23.1  22.6  22.4  22.7  22.7  22.5  22.3  22.5  22.6  22.4  22.5  22.8  22.7  22.7  22.6  22.8  22.9  22.7  22.7  23.3  22.7 
 23.5  23.0  23.3  23.1  22.7  22.8  22.9  23.0  23.1  23.3  23.0  22.8  22.5  22.4  22.6  22.6  22.4  22.4  22.6  22.5  22.6  22.4  22.6  22.6  22.6  22.6  22.9  23.1  22.8  22.6  22.8  22.9 
 23.4  23.3  23.6  23.4  23.1  22.9  23.0  23.1  22.9  22.9  22.9  22.8  22.5  22.2  22.6  22.6  22.5  22.5  22.7  22.7  22.5  22.3  22.6  22.6  22.7  22.7  22.9  23.1  22.8  22.8  23.3  23.3 
 23.8  23.8  23.9  24.1  23.8  23.7  23.2  23.2  22.9  22.9  22.7  22.8  22.6  22.5  22.5  22.6  22.5  22.4  22.7  22.5  22.5  22.4  22.6  22.6  22.5  22.6  23.3  23.7  23.5  23.1  23.3  22.9 
 23.9  23.8  24.0  24.5  24.5  24.6  24.1  23.6  23.1  23.0  22.9  23.0  22.5  22.5  22.6  22.7  22.6  22.5  22.5  22.6  22.4  22.5  22.7 nan  22.3  22.5  24.3  25.1  23.6  23.1  23.3  23.4 
 24.6  24.5  25.2  25.6  26.8  27.4  32.8  35.0  33.2  29.5  23.3  23.1  22.8  22.6  22.5  22.7  22.7  22.4  22.6  22.6  22.5  22.4  22.4  22.7  22.6  22.6  23.8  24.3  23.5  23.0  23.3  23.4 
 24.7  24.9  26.0  26.6  28.4  30.2  41.7  49.0  53.6  47.4  24.7  23.3  22.6  22.6  22.8  22.7  22.6  22.4  22.7  22.7  22.6  22.5  22.8  22.6  22.8  22.5  23.1  23.3  23.3  23.2  23.5  23.5 
 24.9  25.4  26.7  27.1  30.6  33.8  55.0  63.4  74.9  71.3  34.4  25.6  22.8  22.6  22.6  22.6  22.7  22.4  22.8  22.7  22.5  22.5  22.7  22.7  22.7  22.6  22.8  23.1  22.9  22.9  23.2  23.4 
 25.3  25.2  27.0  27.5  30.7  34.3  53.5  62.7  78.5  78.9  36.9  25.8  22.6  22.8  22.8  22.8  22.5  22.5  22.9  22.7  22.4  22.4  22.8  22.7  22.5  22.4  23.1  22.9  23.1  23.0  23.4  23.2 
 25.2  25.5  26.6  27.0  29.5  31.5  44.2  53.3  72.8  69.4  29.8  24.4  22.8  22.5  22.6  22.7  22.5  22.5  22.7  22.7  22.6  22.4  22.8  22.7  23.0  22.8  22.9  23.2  22.8  23.0  23.6  23.7 
 25.2  25.1  26.5  26.7  28.7  29.6  36.9  42.2  53.9  49.2  25.9  23.7  22.7  22.7  22.8  22.7  22.5  22.5  22.8  22.7  22.5  22.6  22.9  22.6  22.8  22.5  23.2  22.9  23.1  23.1  23.5  23.9 
 25.5  25.4  26.4  26.8  26.9  27.0  28.5  29.5  29.7  28.0  23.8  23.2  22.8  22.6  22.9  22.8  22.6  22.6  22.6  22.8  22.5  22.5  22.9  22.7  22.8  22.8  22.9  23.0  23.1  23.0  23.2  23.9 
 25.2  25.6  26.1  25.9  26.3  26.2  27.3  27.5  26.9  26.1  23.7  23.1  22.8  22.7  22.9  22.9  22.6  22.6  23.1  22.7  22.5  22.4  23.0  22.8  22.6  22.8  23.1  23.2  23.1  22.8  24.0  23.9 
 25.5  25.1  25.4  26.0  25.4  25.6  25.7  25.7  25.1  24.6  23.3  23.5  23.0  22.7  22.9  22.9  22.6  22.8  22.7  23.0  22.7  22.6  22.9  22.9  22.8  22.7  23.2  23.6  23.6  23.6  24.4  24.9 
 25.1  25.4  25.4  25.5  25.3  24.9  25.2  25.5  24.6  24.2  23.6  23.4  22.9  22.9  22.9  22.9  22.7  22.5  23.0  22.8  22.7  22.8  23.2  23.3  22.8  22.8  23.2  23.7  24.1  24.0  25.1  25.7 
 26.4  25.5  25.3  25.3  24.9  24.5  25.2  24.9  24.1  23.7  23.6  23.6  23.3  22.7  23.1  23.0  22.8  22.8  22.8  22.9  22.9  22.7  23.2  23.4  23.0  23.2  24.4  24.7  25.0  24.7  26.2  25.9 
 26.4  26.0  25.6  25.3  24.6  24.6  24.9  24.4  24.0  23.9  23.9  23.4  23.0  22.9  23.0  23.0  22.9  22.8  23.2  23.1  22.9  22.6  23.6  23.4  23.3  23.9  25.2  25.5  25.2  25.0  26.8  27.6 
