 25.0  24.1  24.3  24.4  24.1  23.9  24.0  24.2  23.8  23.6  23.8  23.9  23.6  23.4  23.5  23.4  23.7  23.5  23.6  23.4  23.5  23.2  23.4  23.8  23.4  23.6  24.0  25.0  27.6  28.0  28.7  29.3 
 24.7  24.2  24.5  24.5  23.9  23.9  24.0  24.0  23.8  23.6  23.9  23.9  23.5  23.5  23.7  23.6  23.4  23.1  23.6  23.4  23.6  23.3  23.6  23.6  23.4  23.4  24.3  25.3  27.9  28.2  29.1  28.7 
 24.2  23.8  24.0  24.3  23.9  23.4  23.6  23.7  23.6  23.5  23.7  23.8  23.5  23.3  23.6  23.5  23.4  23.1  23.3  23.4  23.4  23.4  23.1  23.3  23.6  23.7  24.2  25.9  28.0  27.9  28.1  28.8 
 24.1  23.9  24.2  24.0  23.7  23.2  23.7  23.7  23.6  23.6  24.1  23.9  23.4  23.2  23.5  23.4  23.4  23.1  23.5  23.3  23.4  23.1  23.4  23.5  23.6  23.1  24.5  25.5  27.5  28.1  29.0  29.0 
 24.1  23.7  23.9  24.0  23.4  23.3  23.5  23.8  23.9  24.2  24.7  24.3  23.3  23.4  23.4  23.4  23.1  23.1  23.2  23.3  23.3  23.3  23.3  23.7  23.5  23.6  24.1  25.1  27.5  28.0  28.7  28.7 
 23.8  23.7  24.0  23.8  23.4  23.2  23.7  23.6  24.1  25.3  26.5  24.6  23.3  23.4  23.4  23.4  23.3  23.2  23.3  23.3  23.3  23.2  23.4  23.5  23.7  23.2  23.8  24.7  27.2  27.8  28.7  28.7 
 23.9  23.8  23.5  23.6  23.5  23.2  23.5  23.9  24.6  26.1  28.3  25.5  23.4  23.2  23.2  23.2  23.4  23.2  23.2  23.2  23.3  23.0  23.4  23.5  23.5  23.3  23.6  23.8  25.8  26.8  29.1  29.2 
 24.3  23.7  23.7  24.0  23.4  23.0  23.6  23.4  23.9  24.3  25.2  24.0  23.1  23.3  23.4  23.2  23.1  23.2  23.3  23.2  23.3  23.3  23.7  23.3  23.5  23.3  23.6  23.6  25.1  26.1  29.0  28.6 
 23.9  23.8  23.7  23.6  23.4  23.2  23.3  23.4  23.4  23.1  23.4  23.5  23.1  23.2  23.2  23.4  23.3  23.1  23.3  23.3  23.2  23.3  23.3  23.5  23.4  23.2  23.6  23.9  25.1  26.7  29.5  29.6 
 24.1  23.7  24.0  23.9  23.8  23.4  23.5  23.4  23.2  23.1  23.3  23.5  23.2  23.1  23.3  23.3  23.3  23.2  23.3  23.5  23.3  23.3  23.6  23.4  23.3  23.3  24.6  25.4  27.4  27.9  30.0  29.8 
 25.0  24.9  25.0  25.1  25.0  24.8  24.0  23.8  23.5  23.4  23.3  23.4  23.3  23.2  23.3  23.4  23.4  23.4  23.3  23.4  23.4  23.3  23.3  23.4  23.3  24.4  27.9  29.4  30.3  30.6  30.7  31.0 
 25.0  25.0  25.7  25.7  26.1  26.0  25.4  24.7  23.6  23.5  23.5  23.5  23.4  23.1  23.4  23.3  23.4  23.2  23.4  23.4  23.3  23.1  23.4 nan  24.3  25.3  29.3  30.1  31.0  30.7  31.5  31.5 
 26.0  25.5  26.8  27.3  29.1  30.3  38.2  42.1  39.7  33.5  23.8  23.6  23.4  23.2  23.3  23.5  23.3  23.1  23.3  23.5  23.3  23.2  23.3  23.7  25.5  27.6  30.8  31.3  31.4  31.3  31.7  31.9 
 26.1  26.3  27.5  28.0  30.7  33.1  48.1  54.6  58.6  51.2  25.1  23.9  23.4  23.3  23.4  23.4  23.3  23.2  23.5  23.4  23.3  23.2  23.5  23.6  26.3  27.8  31.1  31.4  32.1  31.8  32.1  31.4 
 26.1  26.7  28.1  29.2  33.2  37.2  58.1  67.0  77.4  73.0  30.4  25.1  23.4  23.3  23.4  23.4  23.3  23.3  23.3  23.4  23.2  23.1  23.3  23.5  25.8  28.3  30.9  31.5  31.8  31.5  30.4  29.7 
 26.6  26.5  28.0  29.0  33.3  37.5  57.9  69.3  87.2  81.7  30.1  25.1  23.4  23.3  23.3  23.3  23.1  23.1  23.6  23.3  23.4  23.2  23.4  23.6  25.4  26.9  31.0  31.3  31.3  31.4  30.7  29.2 
 26.3  26.7  27.8  28.5  30.6  32.4  46.2  56.3  67.9  56.9  25.7  24.4  23.5  23.4  23.3  23.4  23.3  23.2  23.4  23.4  23.3  23.0  23.5  23.5  23.6  24.2  27.6  29.2  30.2  30.6  31.2  31.3 
 26.7  26.7  27.7  28.0  29.2  30.0  38.3  43.3  46.4  39.1  24.6  23.8  23.7  23.4  23.5  23.4  23.3  23.1  23.5  23.4  23.2  23.3  23.5  23.4  23.3  23.3  25.6  26.2  28.2  28.5  30.5  30.7 
 26.5  26.7  27.1  27.7  27.8  28.0  29.3  30.0  28.6  26.5  24.1  23.8  23.5  23.4  23.4  23.6  23.6  23.4  23.3  23.6  23.3  23.3  23.5  23.7  23.4  23.4  23.8  24.2  25.0  25.2  26.2  27.6 
 26.3  26.6  26.7  26.8  27.3  27.2  28.0  28.1  26.7  25.8  24.2  24.0  23.6  23.4  23.7  23.6  23.5  23.3  23.6  23.5  23.4  23.2  23.6  23.8  23.5  23.4  23.9  23.9  24.6  24.6  25.6  26.6 
 26.3  26.1  26.7  26.8  26.7  26.6  26.6  26.9  25.6  24.8  24.2  24.2  23.8  23.5  23.7  23.9  23.6  23.5  23.6  23.8  23.6  23.5  23.7  23.6  23.5  23.6  23.7  24.4  24.3  24.3  25.4  26.7 
 26.8  26.4  26.7  26.5  26.4  26.1  26.2  26.1  25.0  24.7  24.5  24.2  23.7  23.6  23.9  23.8  23.5  23.4  23.9  23.6  23.6  23.5  23.7  23.7  23.5  23.5  24.0  24.2  24.6  24.4  25.6  26.9 
 27.4  26.7  26.4  26.3  25.7  25.5  25.5  25.5  24.9  24.6  24.3  24.3  24.4  23.6  24.1  24.0  23.9  23.6  23.7  23.7  23.8  23.5  24.0  24.0  23.8  23.6  24.5  25.2  24.9  24.8  27.1  28.7 
 27.8  27.1  26.3  26.2  25.9  25.5  25.6  25.2  24.5  24.6  24.8  24.2  24.1  23.9  24.2  24.0  24.1  23.8  24.2  23.7  23.9  23.8  24.4  24.1  23.9  24.3  25.2  25.4  25.7  25.5  27.7  28.7 
