 24.4  23.6  24.0  23.8  23.1  23.1  23.2  23.1  22.8  22.5  22.9  23.0  22.8  22.7  22.9  22.8  22.6  22.7  23.0  22.8  22.8  23.1  23.1  23.4  23.6  24.5  27.4  28.6  29.9  30.2  30.7  30.8 
 23.8  23.7  23.9  23.8  23.5  23.0  23.2  22.9  22.7  22.7  23.1  23.0  22.6  22.8  23.0  22.8  22.6  22.7  22.9  23.0  22.9  23.0  23.3  23.4  23.8  24.1  26.7  28.1  29.8  30.1  30.9  30.8 
 23.5  23.2  23.5  23.4  23.1  22.8  22.9  23.0  23.1  22.7  22.7  22.8  22.6  22.8  22.7  22.8  22.7  22.7  22.9  22.8  22.8  22.8  22.8  23.4  24.8  25.7  28.0  30.1  31.5  31.2  30.4  30.6 
 23.3  23.4  23.7  23.6  22.9  22.6  23.1  23.1  22.9  23.0  23.0  23.0  22.6  22.7  22.6  22.8  22.9  22.6  22.9  22.7  22.8  22.8  23.2  23.6  26.8  28.1  30.6  31.1  31.9  31.6  31.3  30.7 
 23.7  23.4  23.2  23.3  23.0  23.0  23.1  23.4  23.4  23.4  22.9  23.1  22.7  22.7  22.7  22.7  22.6  22.5  22.8  22.7  23.0  22.8  23.8  26.0  30.2  30.8  31.8  32.1  32.3  31.9  31.5  30.5 
 23.5  23.3  23.6  23.2  23.0  22.9  23.4  23.2  23.7  23.8  23.2  22.9  22.6  22.6  23.0  22.7  22.7  22.7  22.9  22.8  22.8  22.9  24.8  26.6  31.0  30.9  31.7  31.9  31.2  31.5  29.7  29.2 
 23.0  23.1  23.2  23.1  23.0  23.1  23.2  23.5  25.5  26.6  24.2  23.4  22.8  22.7  22.8  22.9  22.7  22.9  22.8  22.8  23.0  22.8  25.8  28.6  31.3  31.1  31.8  32.2  30.1  29.0  26.5  26.3 
 23.5  23.1  23.1  22.9  23.0  22.8  23.5  23.3  25.9  27.7  24.7  23.1  22.8  22.8  22.8  22.8  22.9  22.8  22.9  22.8  22.8  23.0  26.0  28.0  31.0  31.2  32.4  32.4  30.5  29.2  25.9  25.0 
 23.5  23.3  23.2  23.1  22.8  22.8  23.1  23.2  23.4  23.6  23.2  22.9  22.8  22.6  22.7  23.0  22.8  22.7  23.0  22.9  23.1  23.0  24.5  26.4  29.6  30.4  31.5  31.2  28.3  26.7  25.0  25.0 
 23.8  23.6  23.3  23.3  23.1  22.9  22.9  23.1  23.0  23.0  23.1  23.0  22.7  22.6  22.8  22.8  22.8  22.8  23.0  23.0  22.9  22.7  23.9  24.7  27.6  28.6  29.3  28.3  25.8  25.5  25.4  24.8 
 24.2  23.8  24.1  23.9  23.7  23.5  23.1  23.1  23.1  23.0  22.9  22.9  22.7  22.7  22.7  22.9  23.0  22.9  22.9  22.9  22.8  22.9  23.0  23.0  23.3  23.4  24.3  24.6  24.8  24.5  24.4  24.2 
 23.9  23.9  23.9  24.2  23.9  24.0  23.6  23.4  22.8  22.8  22.8  22.8  22.8  22.7  22.8  22.9  22.7  22.9  22.9  22.9  22.9  22.9  23.1 nan  23.1  23.0  24.6  25.5  24.6  24.2  24.3  24.2 
 24.6  24.4  25.2  25.3  26.4  26.7  29.2  29.8  27.8  26.2  23.2  23.0  22.7  22.7  22.9  22.9  22.8  22.7  22.7  22.8  22.7  22.7  22.9  23.1  23.0  23.0  24.7  25.4  24.0  23.4  24.1  24.0 
 24.8  24.7  25.6  26.4  27.8  28.6  36.7  42.5  45.1  39.6  24.1  23.2  22.9  22.8  22.9  22.9  22.8  22.6  22.9  22.9  22.7  22.8  22.7  22.9  23.0  23.0  23.6  23.9  23.8  23.6  23.8  23.8 
 25.1  25.4  26.5  27.5  30.2  33.0  52.0  60.6  71.4  67.9  34.3  25.8  23.0  22.7  22.7  22.9  22.8  22.7  22.8  22.9  22.8  22.7  23.0  22.9  23.2  22.9  23.3  23.4  23.6  23.5  23.9  23.8 
 25.5  25.6  26.8  27.5  30.5  33.6  52.6  61.4  76.4  76.1  39.0  26.6  23.0  22.9  22.9  22.8  22.8  22.7  22.8  22.9  22.7  22.8  23.0  23.1  22.9  22.9  23.3  23.2  23.2  23.5  23.9  24.0 
 25.5  25.8  26.8  27.5  30.0  32.0  46.2  55.7  78.9  78.7  34.2  25.5  23.1  22.9  23.1  22.9  22.9  22.6  23.0  23.0  22.9  22.7  22.8  23.0  23.1  23.0  23.3  23.3  23.3  23.6  24.0  24.1 
 25.5  25.6  26.7  26.8  29.0  30.3  39.1  45.4  61.3  58.7  28.0  24.4  23.1  22.9  23.0  23.1  22.9  22.8  23.1  23.1  23.1  22.9  23.3  23.2  23.1  22.9  23.5  23.3  23.1  23.4  23.9  24.1 
 25.9  25.6  26.6  26.8  27.3  27.6  29.6  30.9  32.4  30.4  24.6  23.6  23.0  22.9  23.1  23.2  23.0  22.9  23.0  23.0  22.9  22.7  23.1  23.3  23.1  23.3  23.5  23.4  23.6  23.6  23.9  24.2 
 25.4  25.6  26.6  26.7  26.4  26.7  28.0  28.2  28.1  27.4  24.1  23.6  23.1  23.3  23.2  23.2  23.0  23.0  23.3  22.9  23.0  22.9  23.2  23.2  23.0  23.1  23.8  23.3  23.5  23.7  24.5  24.5 
 25.8  25.7  25.9  25.8  25.8  26.0  26.2  26.3  25.8  25.1  24.1  23.6  23.2  23.2  23.2  23.2  23.1  22.9  23.2  23.2  23.1  22.9  23.4  23.5  23.2  23.0  23.4  23.8  23.8  24.2  25.0  25.4 
 25.5  25.5  26.0  25.8  25.7  25.8  26.0  25.9  25.1  24.9  23.9  23.7  23.1  23.2  23.1  23.2  23.1  23.0  23.3  23.2  23.0  23.3  23.2  23.4  23.2  23.1  23.8  23.9  24.3  24.8  25.8  26.2 
 26.9  26.0  25.6  25.4  25.7  25.3  25.2  25.2  24.8  24.4  24.0  23.9  23.3  23.3  23.3  23.5  23.3  23.2  23.5  23.2  23.4  23.4  23.5  23.3  23.6  23.6  24.9  25.4  25.7  25.4  26.5  27.3 
 27.3  26.2  25.9  26.0  25.2  25.1  25.2  24.9  24.5  24.3  24.0  23.8  23.6  23.5  23.6  23.4  23.2  23.1  23.6  23.3  23.2  23.3  23.8  23.9  24.0  24.3  25.7  25.9  25.7  25.9  27.2  28.7 
