 24.1  24.0  24.3  24.0  23.9  24.0  24.0  24.1  23.5  23.6  23.7  23.9  23.4  23.4  23.5  23.7  23.3  23.6  23.5  23.7  23.1  23.3  23.4  23.7  23.2  23.5  24.3  26.0  27.2  27.8  27.9  29.3 
 24.5  23.7  24.3  24.4  24.1  23.5  23.9  24.0  23.8  23.5  24.0  23.7  23.7  23.3  23.7  23.4  23.3  23.2  23.7  23.6  23.6  23.2  23.6  23.4  23.7  23.4  25.2  26.2  28.1  28.0  28.9  28.7 
 24.2  24.2  24.0  24.2  23.9  23.6  23.7  23.8  23.6  23.6  23.6  23.9  23.4  23.3  23.3  23.5  23.4  23.3  23.4  23.3  23.3  23.2  23.4  23.7  23.5  23.6  24.9  26.5  27.4  27.7  28.1  28.2 
 23.9  23.9  24.2  24.0  23.7  23.4  23.9  23.6  23.7  23.5  24.0  23.8  23.4  23.1  23.6  23.4  23.4  23.2  23.5  23.4  23.4  23.2  23.7  23.3  23.4  23.4  25.0  26.2  27.5  27.9  28.5  28.4 
 23.9  23.9  23.7  23.9  23.6  23.5  23.5  23.8  23.9  24.5  24.6  24.1  23.4  23.4  23.4  23.3  22.8  23.2  23.2  23.5  23.2  23.2  23.3  23.4  23.2  23.6  24.1  25.1  27.1  27.5  27.9  28.5 
 23.7  23.6  24.1  23.5  23.2  23.2  23.7  23.8  24.4  25.2  26.4  24.6  23.3  23.2  23.5  23.4  23.3  23.0  23.3  23.3  23.2  23.0  23.5  23.3  23.5  23.1  23.8  24.7  26.3  27.2  28.5  28.4 
 23.6  23.7  23.7  23.7  23.2  23.3  23.4  23.7  24.3  26.0  28.3  25.6  23.0  23.3  23.2  23.4  23.2  23.2  23.1  23.3  23.1  23.3  23.2  23.4  23.2  23.3  23.5  23.9  25.2  26.7  28.4  28.5 
 24.2  23.7  23.6  23.8  23.4  23.1  23.6  23.5  23.9  24.3  25.1  24.1  23.2  23.1  23.2  23.3  23.3  23.2  23.3  23.2  23.2  23.2  23.4  23.4  23.3  23.1  23.8  23.8  25.5  26.4  28.7  27.9 
 23.9  24.0  23.8  23.7  23.4  23.4  23.3  23.5  23.2  23.4  23.3  23.5  23.1  23.1  23.1  23.5  23.2  23.3  23.2  23.4  23.2  23.3  23.5  23.5  23.2  23.5  24.9  26.0  27.5  28.8  29.6  29.9 
 24.1  23.7  24.1  23.9  23.9  23.3  23.4  23.3  23.3  23.2  23.4  23.3  23.2  23.2  23.4  23.3  23.2  23.2  23.6  23.4  23.3  23.1  23.5  23.4  23.6  23.9  27.7  28.1  29.8  29.9  30.7  30.1 
 24.7  24.9  25.0  25.2  24.9  24.7  23.9  23.8  23.4  23.3  23.3  23.5  23.1  23.2  23.3  23.4  23.2  23.2  23.2  23.3  23.3  23.2  23.3  23.4  24.8  26.9  29.3  30.7  30.8  31.0  31.4  31.3 
 25.0  24.8  25.7  25.9  26.0  25.8  25.4  24.6  23.6  23.2  23.4  23.4  23.4  23.2  23.3  23.3  23.3  23.2  23.5  23.3  23.2  23.0  23.6 nan  26.3  27.3  30.3  30.6  31.2  30.8  31.9  31.7 
 25.4  25.8  26.8  27.2  28.9  30.0  38.2  42.3  39.5  33.7  23.8  23.7  23.3  23.3  23.3  23.4  23.3  23.2  23.3  23.3  23.1  23.0  23.3  23.6  26.7  28.9  31.2  31.2  31.0  31.7  32.0  31.3 
 26.0  26.0  27.6  28.0  30.5  33.1  48.2  54.4  58.8  51.3  25.1  23.8  23.3  23.1  23.3  23.3  23.3  23.1  23.3  23.2  23.2  23.1  23.3  23.5  27.3  28.6  31.1  31.4  31.7  31.7  31.6  30.3 
 26.2  26.8  28.1  29.1  32.9  37.1  58.1  67.1  77.5  73.2  30.4  25.1  23.3  23.3  23.1  23.4  23.3  23.3  23.3  23.6  23.2  23.2  23.4  23.5  25.7  28.5  31.1  31.5  31.5  31.8  30.8  29.3 
 26.6  26.4  28.3  28.9  33.4  37.4  57.8  69.3  87.2  81.7  30.3  24.9  23.5  23.4  23.3  23.3  23.4  23.0  23.4  23.3  23.2  23.0  23.4  23.2  25.2  26.8  30.6  30.9  31.4  31.2  30.3  28.8 
 26.3  26.6  27.8  28.7  30.6  32.3  46.0  56.3  67.7  57.0  25.7  24.3  23.4  23.4  23.5  23.3  23.3  23.3  23.2  23.5  23.2  23.1  23.3  23.4  23.2  23.8  25.6  26.5  28.4  29.4  31.1  30.8 
 26.5  26.4  27.6  28.0  29.2  30.0  38.2  43.3  46.6  39.0  24.6  23.9  23.6  23.4  23.6  23.5  23.3  23.2  23.4  23.5  23.3  23.3  23.6  23.4  23.4  23.1  24.6  24.7  26.4  27.9  30.5  30.8 
 26.2  26.6  27.2  27.5  27.6  27.8  29.3  29.9  28.5  26.8  24.0  24.1  23.6  23.5  23.6  23.7  23.4  23.4  23.4  23.5  23.3  23.3  23.4  23.7  23.4  23.4  23.6  24.1  24.4  24.6  27.1  27.7 
 26.2  26.4  27.0  27.0  27.2  26.9  28.1  27.9  26.9  25.7  24.3  23.8  23.6  23.4  23.8  23.5  23.6  23.2  23.7  23.4  23.4  23.4  23.7  23.7  23.5  23.1  24.0  23.7  24.3  24.3  25.8  26.4 
 26.2  26.3  26.6  26.9  26.4  26.5  26.3  26.7  25.5  24.9  24.2  24.2  23.7  23.7  23.6  23.7  23.3  23.5  23.5  23.8  23.4  23.3  23.6  23.9  23.5  23.4  23.8  24.4  23.6  24.5  25.0  26.7 
 26.8  26.2  26.8  26.2  26.5  26.0  26.2  26.0  25.1  24.7  24.5  24.1  23.8  23.4  23.8  23.8  23.6  23.2  23.6  23.6  23.4  23.4  24.0  23.7  23.7  23.6  24.2  23.9  24.4  24.2  25.6  26.9 
 27.2  26.9  26.4  26.5  25.7  25.6  25.5  25.5  24.9  24.6  24.2  24.5  24.1  23.7  23.7  24.1  23.6  23.7  23.5  23.8  23.7  23.7  23.7  23.9  23.6  23.7  24.3  24.9  24.7  25.2  26.7  28.2 
 27.8  27.3  26.4  26.4  25.7  25.6  25.6  25.4  24.7  24.3  24.4  24.3  24.2  23.8  24.1  23.7  23.9  23.6  23.8  23.7  24.1  23.7  24.1  23.8  23.6  23.8  25.0  25.7  25.5  25.0  26.9  27.7 
