 24.8  24.3  24.3  24.4  24.1  23.7  24.0  24.1  23.7  23.5  24.0  23.8  23.6  23.4  23.4  23.6  23.4  23.1  23.7  23.8  23.2  23.2  23.7  23.4  23.4  23.4  25.1  26.6  28.1  27.8  28.9  29.0 
 24.5  23.9  24.0  24.2  23.8  23.8  23.9  24.1  23.7  23.5  23.8  24.0  23.3  23.3  23.4  23.5  23.2  23.4  23.4  23.5  23.3  23.3  23.5  23.7  23.3  23.6  25.7  26.8  27.7  28.5  28.9  29.0 
 24.2  23.8  24.3  23.9  23.8  23.2  24.0  23.8  23.8  23.4  23.9  23.7  23.5  23.2  23.6  23.5  23.5  23.0  23.5  23.4  23.4  23.0  23.2  23.2  23.5  23.4  25.6  26.8  27.7  27.7  28.5  28.6 
 23.7  23.7  23.9  24.0  23.5  23.1  23.9  23.8  23.6  23.5  24.1  23.7  23.2  23.3  23.4  23.5  23.2  23.1  23.3  23.6  23.2  23.2  23.2  23.6  23.4  23.4  25.2  26.5  27.5  27.9  28.8  29.0 
 24.1  23.7  24.0  24.0  23.5  23.3  24.0  23.6  24.0  24.2  24.9  24.0  23.2  23.1  23.5  23.3  23.1  23.1  23.3  23.3  23.1  23.0  23.5  23.3  23.5  23.3  24.6  25.5  27.4  27.4  28.5  28.3 
 23.6  23.7  23.7  23.8  23.4  23.4  23.5  23.9  24.2  25.2  26.3  24.7  23.2  23.2  23.4  23.4  23.2  23.1  23.3  23.4  23.1  23.2  23.3  23.4  23.2  23.4  23.9  24.7  26.8  27.8  28.5  28.9 
 23.9  23.9  24.1  23.6  23.4  23.2  23.7  23.5  24.5  25.9  28.3  25.6  23.2  23.1  23.4  23.2  23.2  23.1  23.4  23.2  23.3  23.2  23.5  23.3  23.3  23.1  23.8  23.8  25.4  26.6  28.9  28.5 
 23.9  23.7  23.6  23.8  23.2  23.2  23.8  23.7  23.8  24.2  25.2  24.2  23.3  23.1  23.3  23.3  23.2  23.2  23.3  23.4  23.3  23.3  23.6  23.7  23.1  23.1  23.7  24.1  25.3  26.7  28.7  28.2 
 23.9  23.7  24.0  23.6  23.3  23.3  23.5  23.5  23.2  23.1  23.5  23.3  23.4  23.2  23.5  23.4  23.1  23.1  23.5  23.2  23.4  23.0  23.6  23.3  23.4  23.3  25.3  25.9  27.6  28.7  29.8  29.8 
 24.1  23.7  24.1  24.1  23.6  23.4  23.5  23.5  23.1  23.0  23.3  23.3  23.2  23.1  23.3  23.2  23.1  23.2  23.3  23.4  23.2  23.1  23.2  23.5  23.7  24.3  27.6  28.4  29.4  30.0  30.3  30.0 
 24.6  24.6  25.1  25.1  24.9  24.6  24.2  23.9  23.5  23.3  23.4  23.2  23.2  23.1  23.3  23.3  23.1  23.1  23.4  23.3  23.2  23.1  23.5  23.2  25.4  26.9  29.8  30.3  30.9  30.9  31.7  31.2 
 25.0  25.0  25.6  26.0  26.0  26.0  25.5  24.9  23.6  23.4  23.5  23.4  23.1  23.2  23.2  23.3  23.2  23.2  23.1  23.4  23.1  23.2  23.3 nan  26.3  28.1  30.2  30.6  30.8  31.1  31.9  31.8 
 25.7  25.7  26.9  27.2  29.0  30.1  38.4  42.0  39.8  33.7  23.8  23.5  23.3  23.2  23.5  23.5  23.4  23.1  23.5  23.0  23.2  23.1  23.5  23.7  27.6  29.3  31.4  31.1  31.5  31.7  32.2  31.0 
 25.9  26.1  27.4  28.1  30.5  33.1  48.0  54.5  58.6  51.4  25.0  24.0  23.2  23.2  23.3  23.2  23.2  23.1  23.4  23.5  23.1  23.1  23.4  23.9  27.9  29.5  31.3  31.5  31.8  32.1  31.2  30.1 
 26.3  26.7  28.1  29.0  33.0  37.0  58.1  67.1  77.7  73.1  30.6  24.9  23.3  23.2  23.3  23.2  23.2  23.1  23.4  23.3  23.2  23.0  23.5  23.3  27.3  29.2  31.2  31.4  31.8  31.5  30.2  28.5 
 26.3  26.5  27.9  29.0  33.4  37.3  57.9  69.3  87.2  81.8  30.2  25.0  23.4  23.3  23.3  23.4  23.1  23.1  23.3  23.4  23.1  23.1  23.3  23.5  26.0  28.3  31.2  31.5  31.3  31.5  30.0  28.8 
 26.5  26.4  27.9  28.4  30.6  32.1  46.2  56.2  67.8  57.1  25.8  24.1  23.6  23.3  23.5  23.3  23.3  23.0  23.3  23.3  23.2  22.9  23.3  23.3  23.7  24.2  26.5  27.1  28.6  29.6  31.2  30.4 
 26.5  26.6  27.8  28.1  28.9  30.1  38.2  43.3  46.3  39.3  24.4  24.1  23.6  23.4  23.4  23.6  23.2  23.1  23.5  23.5  23.0  23.1  23.3  23.6  23.4  23.4  25.0  25.2  26.2  27.6  30.7  31.1 
 26.5  26.4  27.2  27.4  27.6  27.6  29.4  29.8  28.4  26.6  24.1  23.9  23.5  23.3  23.5  23.6  23.5  23.4  23.5  23.4  23.4  23.2  23.6  23.5  23.4  23.3  24.0  24.4  24.7  24.6  26.4  27.6 
 26.3  26.4  26.9  27.1  27.1  27.1  28.0  28.0  26.6  25.7  24.1  23.9  23.6  23.6  23.6  23.6  23.5  23.3  23.6  23.7  23.4  23.3  23.3  23.8  23.2  23.5  23.9  24.2  24.3  24.5  25.6  26.6 
 26.3  26.1  26.9  26.6  26.4  26.2  26.7  26.6  25.5  24.6  24.4  24.2  23.7  23.5  23.7  23.6  23.4  23.4  23.8  23.6  23.6  23.1  23.8  23.5  23.6  23.2  24.1  24.1  24.0  24.3  25.4  26.2 
 26.4  26.1  26.7  26.6  26.1  25.8  26.1  26.1  25.0  24.8  24.4  24.4  23.5  23.7  23.6  24.1  23.3  23.3  23.5  23.8  23.2  23.5  23.6  23.7  23.5  23.5  24.2  24.2  24.2  24.4  25.4  26.9 
 27.2  26.7  26.4  26.3  26.0  25.5  25.5  25.5  24.9  24.4  24.2  24.5  24.0  23.6  24.0  23.9  23.8  23.6  23.7  23.7  23.7  23.6  24.1  24.0  23.6  23.6  24.6  24.4  24.9  24.6  26.7  27.8 
 27.2  27.0  26.1  26.4  25.6  25.6  25.5  25.6  24.7  24.4  24.5  24.5  23.8  23.9  24.0  24.2  23.7  23.7  23.9  24.0  23.8  23.7  23.8  24.1  23.8  23.9  25.1  25.4  25.5  25.3  27.7  28.2 
