 24.7  24.8  24.3  24.8  23.9  24.3  24.0  24.6  23.6  23.9  23.9  24.0  23.5  23.6  23.6  24.2  23.4  23.5  23.7  23.8  23.1  23.6  23.7  24.1  23.4  23.7  24.8  26.6  27.7  27.9  28.3  29.7 
 25.1  24.0  24.6  24.1  24.5  23.7  24.3  23.8  24.3  23.6  24.2  23.9  23.6  23.4  24.0  23.6  23.6  23.4  23.9  23.5  23.7  23.2  24.0  23.5  23.7  23.5  25.2  26.0  28.4  27.9  29.3  28.8 
 23.8  24.3  24.2  24.6  23.5  23.8  23.7  24.3  23.4  23.8  23.9  24.1  23.2  23.7  23.7  23.9  23.5  23.6  23.5  23.8  23.2  23.6  23.5  23.9  23.2  23.7  25.0  26.6  27.3  28.2  28.2  29.2 
 24.4  23.6  24.6  23.9  23.9  23.1  24.1  23.9  24.0  23.5  24.4  23.8  23.6  23.1  23.8  23.4  23.9  23.4  23.8  23.4  23.6  23.2  23.9  23.4  23.6  23.5  25.3  26.0  28.0  28.2  28.6  28.7 
 23.7  24.0  24.0  24.3  23.3  23.6  23.6  24.3  23.9  24.5  24.8  24.4  23.2  23.4  23.4  23.7  23.0  23.2  23.2  23.4  23.2  23.5  23.5  23.8  23.4  23.3  24.1  25.6  26.9  27.8  28.0  28.6 
 24.4  23.5  24.4  23.9  23.9  23.1  24.1  23.7  24.7  25.1  26.8  24.7  23.8  23.3  23.6  23.3  23.5  23.1  23.7  23.5  23.6  23.1  23.7  23.3  23.7  23.1  24.2  24.4  26.8  27.2  28.9  28.5 
 23.9  24.3  23.9  24.4  23.3  23.7  23.5  24.1  24.6  26.4  28.3  25.9  23.4  23.5  23.3  23.8  23.2  23.6  23.4  23.5  23.1  23.5  23.5  24.0  23.3  23.5  23.6  24.1  25.2  26.5  28.7  29.0 
 24.5  23.6  24.2  23.7  23.6  23.1  23.9  23.5  24.2  24.2  25.6  24.1  23.6  23.0  23.6  23.4  23.5  23.2  23.6  23.3  23.5  23.2  23.8  23.5  23.5  23.1  23.9  23.7  25.5  26.4  29.3  28.0 
 23.8  24.1  23.9  24.0  23.4  23.8  23.4  23.9  23.3  23.5  23.5  23.7  23.2  23.5  23.2  23.5  23.1  23.4  23.5  23.8  23.2  23.4  23.5  23.8  23.4  23.8  25.0  26.5  27.6  29.0  29.4  30.2 
 24.5  23.9  24.5  23.7  24.0  23.6  24.1  23.4  23.6  23.3  23.8  23.5  23.4  23.2  23.6  23.3  23.4  23.3  23.7  23.4  23.5  23.3  23.8  23.5  23.9  24.1  27.9  28.4  29.9  30.0  31.1  30.2 
 25.0  25.2  25.2  25.4  25.0  24.9  24.1  24.2  23.5  23.7  23.4  23.7  23.3  23.4  23.4  23.7  23.2  23.6  23.3  23.7  23.1  23.3  23.4  23.8  25.0  26.9  29.5  30.8  30.9  31.4  31.5  31.7 
 25.3  24.8  26.2  25.8  26.4  26.1  25.7  24.9  23.9  23.5  23.6  23.5  23.5  23.3  23.6  23.5  23.3  23.3  23.6  23.5  23.6  23.2  23.7 nan  26.3  27.7  30.7  30.6  31.4  30.9  32.2  31.6 
 25.7  26.1  26.8  27.5  29.0  30.4  38.3  42.5  39.8  33.9  24.0  23.9  23.4  23.4  23.3  23.8  23.3  23.4  23.4  23.6  23.2  23.4  23.5  24.0  27.1  29.3  31.3  31.7  31.7  31.8  32.0  31.9 
 26.5  26.1  27.9  28.0  30.8  33.3  48.4  54.6  58.7  51.3  25.3  24.0  23.6  23.2  23.7  23.3  23.5  23.2  23.7  23.4  23.6  23.2  23.9  23.7  27.6  29.2  31.5  31.5  32.0  32.0  32.0  30.6 
 26.2  27.0  28.0  29.3  33.1  37.4  58.2  67.3  77.4  73.2  30.5  25.5  23.3  23.6  23.4  23.5  23.3  23.5  23.5  23.8  23.2  23.4  23.5  23.8  26.3  28.8  31.1  31.8  31.7  31.9  30.5  29.9 
 27.0  26.5  28.7  29.1  33.4  37.3  58.2  69.3  87.3  81.8  30.5  25.1  23.8  23.5  23.6  23.5  23.4  23.3  23.8  23.4  23.3  23.1  23.5  23.3  25.4  27.1  30.9  31.0  31.7  31.3  31.0  28.9 
 26.3  27.0  28.0  29.0  30.4  32.7  46.0  56.5  67.8  57.1  25.7  24.5  23.5  23.7  23.6  23.8  23.3  23.4  23.2  23.8  23.2  23.5  23.3  23.6  23.4  24.1  25.7  26.7  28.0  29.7  30.9  31.4 
 26.8  26.4  27.9  27.9  29.3  30.0  38.6  43.3  46.8  39.0  24.8  24.2  23.8  23.4  23.9  23.6  23.6  23.2  23.8  23.4  23.4  23.2  23.6  23.6  23.8  23.5  24.9  24.8  26.1  26.7  30.5  30.4 
 26.6  26.9  27.3  27.8  27.5  28.2  29.3  30.2  28.5  26.9  24.2  24.3  23.6  23.8  23.6  24.0  23.5  23.5  23.4  24.0  23.4  23.7  23.5  23.9  23.4  23.8  23.8  24.6  24.5  25.0  25.8  27.7 
 26.8  26.4  27.3  27.2  27.6  27.0  28.5  28.1  27.1  25.8  24.4  23.9  24.0  23.5  24.0  23.4  23.8  23.3  24.0  23.6  23.7  23.4  23.9  23.7  23.7  23.5  24.0  23.8  24.3  24.3  25.9  25.9 
 26.3  26.8  26.5  27.4  26.4  26.9  26.4  26.9  25.6  25.0  24.2  24.6  23.5  23.9  23.8  24.2  23.3  23.6  23.6  24.1  23.3  23.7  23.8  24.1  23.7  23.8  24.1  24.8  24.1  24.6  25.1  26.9 
 26.5  26.3  27.3  26.6  26.4  26.1  26.8  26.1  25.3  24.7  24.7  24.3  23.9  23.7  24.0  24.0  23.7  23.5  24.1  23.6  23.7  23.5  24.0  23.8  23.8  23.7  24.6  24.2  24.5  24.1  26.2  26.7 
 27.0  27.0  26.3  26.8  25.8  25.9  25.8  25.8  24.9  25.0  24.3  24.9  24.1  24.0  23.8  24.6  24.0  23.9  23.9  24.3  23.5  23.7  23.9  24.4  23.7  24.0  24.4  25.2  24.7  25.4  26.4  29.2 
 29.1  26.6  27.1  26.3  26.0  25.4  25.9  25.3  25.1  24.5  24.6  24.6  24.4  23.9  24.5  24.0  24.0  23.8  24.5  23.9  24.2  23.9  24.4  24.0  24.1  23.9  25.3  25.6  25.8  25.6  29.6  27.8 
