 24.6  24.1  24.3  24.4  24.1  23.7  23.9  24.1  23.8  23.5  23.4  24.0  23.5  23.2  23.4  23.6  23.5  23.1  23.2  23.5  23.2  23.1  23.3  23.8  23.4  23.2  26.3  27.3  28.4  28.2  29.2  29.6 
 24.3  23.7  24.0  24.0  23.8  23.6  23.6  24.0  23.6  23.6  23.9  23.5  23.2  23.5  23.7  23.5  23.2  23.2  23.4  23.3  23.3  23.2  23.6  23.4  23.3  23.4  25.6  27.1  28.1  28.2  29.4  29.0 
 23.8  23.6  24.0  24.0  23.8  23.4  23.7  23.8  23.6  23.5  23.5  23.8  23.3  23.3  23.4  23.6  23.2  23.1  23.1  23.5  23.3  23.1  23.2  23.7  23.7  23.2  24.9  26.2  27.5  27.6  28.7  28.8 
 23.7  23.9  24.2  24.0  23.4  23.2  23.9  23.6  23.6  23.5  24.0  23.7  23.2  23.2  23.5  23.3  23.4  23.2  23.5  23.3  23.2  23.2  23.5  23.3  23.2  23.4  24.2  25.2  26.9  27.4  28.1  28.6 
 23.4  23.4  23.8  23.9  23.4  23.2  23.6  23.7  23.8  24.2  24.7  24.1  23.4  23.3  23.3  23.3  23.1  23.1  23.2  23.3  23.1  23.0  23.3  23.6  23.5  23.6  23.7  23.8  26.1  27.2  28.5  28.8 
 23.4  23.7  23.8  23.5  23.2  23.0  23.5  23.4  24.2  24.9  26.5  24.7  23.3  23.3  23.1  23.3  23.1  23.0  23.3  23.2  23.0  23.0  23.5  23.4  23.4  23.1  23.8  23.9  25.4  27.5  29.0  29.1 
 23.6  23.4  23.7  24.0  23.2  23.2  23.5  23.6  24.4  25.8  28.3  25.7  23.2  23.0  23.3  23.3  23.2  23.2  23.2  23.2  23.3  23.3  23.4  23.6  23.3  23.3  25.2  25.2  27.8  28.1  29.8  29.7 
 23.7  23.5  23.7  23.5  23.3  23.1  23.6  23.2  23.7  24.1  25.1  24.1  23.1  23.1  23.3  23.2  23.1  23.0  23.3  23.3  23.2  23.3  23.5  23.4  23.4  24.3  26.6  28.7  28.9  30.2  29.9  29.4 
 24.0  23.7  23.8  23.6  23.2  23.1  23.3  23.5  23.3  23.0  23.3  23.3  23.1  23.1  23.1  23.4  23.1  23.1  23.2  23.3  23.2  23.1  23.3  23.4  25.3  25.6  30.0  30.4  31.2  30.9  31.4  30.8 
 23.8  23.7  24.1  23.8  23.6  23.3  23.5  23.3  23.1  23.2  23.3  23.4  23.0  23.1  23.4  23.2  23.2  23.1  23.3  23.4  23.1  23.2  23.4  23.5  25.0  28.0  30.1  30.7  30.8  31.3  32.0  31.5 
 24.7  24.5  25.0  25.3  24.9  24.7  24.1  23.7  23.3  23.2  23.2  23.3  23.0  23.0  23.3  23.4  23.2  23.0  23.2  23.4  23.2  23.1  23.4  23.4  27.0  27.7  31.2  31.0  31.3  31.3  31.1  30.6 
 24.7  24.6  25.6  25.6  25.9  26.0  25.2  24.7  23.5  23.4  23.4  23.3  23.3  23.3  23.2  23.3  23.0  23.2  23.4  23.3  23.2  23.1  23.5 nan  25.6  28.9  31.0  31.0  31.0  31.2  31.2  28.8 
 25.6  25.7  26.6  27.3  28.9  30.0  38.2  42.2  39.9  33.9  23.9  23.7  23.3  23.3  23.3  23.3  23.2  23.0  23.2  23.3  23.2  23.1  23.2  23.6  25.7  26.8  30.8  30.8  31.4  30.8  28.1  27.8 
 25.9  25.9  27.5  28.0  30.3  33.0  48.0  54.4  58.7  51.7  25.1  23.7  23.4  23.2  23.3  23.2  23.2  23.1  23.2  23.3  23.2  23.0  23.3  23.3  23.9  26.2  30.1  30.9  31.0  29.4  27.7  26.1 
 26.4  26.3  27.9  29.0  33.0  36.8  57.8  66.8  77.6  73.4  30.8  25.2  23.3  23.2  23.1  23.2  23.3  22.9  23.1  23.5  22.9  23.0  23.4  23.3  23.5  23.4  27.2  27.2  26.2  26.0  25.3  25.7 
 26.1  26.5  28.2  28.9  33.2  37.1  57.6  69.0  87.2  82.2  30.4  25.0  23.4  23.3  23.3  23.3  23.1  23.1  23.3  23.2  23.2  23.0  23.3  23.4  23.2  23.2  24.8  25.5  25.0  24.7  25.2  24.6 
 26.3  26.6  27.8  28.4  30.4  32.1  45.8  55.9  67.9  57.3  25.7  24.2  23.4  23.2  23.3  23.4  23.3  23.2  23.2  23.3  23.1  23.1  23.2  23.4  23.3  22.9  23.4  24.0  23.8  23.9  24.5  25.0 
 26.3  26.4  27.8  28.2  29.0  30.0  38.1  43.2  46.5  39.3  24.6  23.9  23.4  23.4  23.3  23.3  23.2  23.2  23.5  23.2  23.1  23.1  23.3  23.4  23.1  22.9  23.7  23.6  24.0  24.0  24.6  24.7 
 26.3  26.3  27.2  27.2  27.7  27.8  29.3  29.8  28.4  26.6  24.1  24.0  23.4  23.4  23.5  23.6  23.3  23.4  23.5  23.7  23.3  23.3  23.4  23.8  23.3  23.2  23.3  23.8  23.7  23.5  23.7  24.9 
 26.0  26.3  27.0  27.1  27.1  27.2  28.0  28.0  26.7  25.6  24.2  23.9  23.4  23.4  23.6  23.6  23.4  23.2  23.5  23.4  23.1  23.2  23.4  23.4  23.2  23.3  23.8  23.7  23.9  23.5  24.9  24.6 
 26.2  25.9  26.3  26.6  26.6  26.3  26.6  26.6  25.4  24.7  24.2  24.2  23.7  23.5  23.5  23.8  23.2  23.5  23.4  23.5  23.1  23.1  23.6  23.8  23.6  23.5  23.4  24.2  23.5  24.1  24.5  25.7 
 26.2  26.1  26.5  26.2  25.8  25.8  26.2  25.9  25.1  24.7  24.1  24.1  23.5  23.6  23.7  23.5  23.4  23.2  23.7  23.4  23.4  23.3  23.8  23.4  23.3  23.5  23.9  23.9  24.1  23.9  25.4  25.7 
 27.7  26.2  26.0  26.3  25.9  25.5  25.7  25.5  24.8  24.5  24.4  24.4  23.9  23.6  23.7  24.0  23.8  23.7  23.6  23.8  23.6  23.6  23.5  24.0  23.8  23.3  24.1  24.9  24.9  24.4  26.4  27.3 
 27.5  26.8  26.3  26.4  25.9  25.5  25.4  25.4  24.5  24.4  24.5  24.2  23.8  23.8  24.2  24.0  23.5  23.6  24.0  23.8  23.8  23.4  24.1  23.9  23.6  24.0  25.1  25.4  25.3  25.3  26.9  27.7 
