 24.8  23.5  24.4  24.0  24.1  24.1  24.1  24.0  23.8  23.6  23.9  23.8  23.6  23.3  23.3  23.6  23.5  23.2  23.6  23.3  23.5  23.4  23.7  23.8  23.3  23.3  26.0  27.1  28.6  28.0  29.2  29.0 
 24.3  24.1  24.0  24.4  23.5  23.9  23.8  24.0  23.5  23.4  24.0  24.0  23.3  23.5  23.6  23.5  23.1  23.3  23.5  23.5  23.4  23.4  23.4  23.7  23.3  23.5  25.7  26.7  27.8  28.2  28.7  29.3 
 24.2  23.8  24.3  23.7  23.7  23.4  23.6  23.7  23.6  23.3  23.6  24.0  23.4  23.3  23.4  23.5  23.3  23.1  23.2  23.4  23.3  23.2  23.4  23.5  23.5  23.2  25.0  26.0  27.6  27.3  28.5  28.4 
 23.8  23.7  23.9  24.0  23.1  23.3  23.8  23.9  23.4  23.5  23.7  23.7  23.0  23.2  23.5  23.4  23.2  23.3  23.4  23.4  23.2  23.3  23.4  23.7  23.0  23.5  24.5  25.5  26.6  27.6  28.5  28.8 
 24.1  23.4  23.6  23.6  23.5  23.2  23.6  23.7  24.1  24.1  24.8  23.8  23.4  22.9  23.5  23.2  23.2  22.9  23.2  23.2  23.2  22.7  23.3  23.5  23.5  23.1  23.8  24.0  26.1  26.5  28.5  28.5 
 23.4  23.7  23.7  23.5  23.1  23.4  23.5  23.9  23.9  25.0  26.5  24.7  23.3  23.3  23.3  23.2  23.0  23.3  23.3  23.2  23.0  23.2  23.4  23.3  23.4  23.5  23.5  23.8  25.2  26.9  29.0  28.9 
 24.0  23.6  23.5  23.7  23.5  23.0  23.5  23.5  24.6  25.7  28.3  25.5  23.3  23.0  23.2  23.2  23.2  23.0  23.4  23.1  23.2  23.1  23.4  23.5  23.5  23.0  23.7  24.2  25.5  26.6  29.2  29.2 
 23.7  23.7  23.6  23.8  23.0  23.3  23.6  23.5  23.5  24.1  24.9  24.2  23.1  23.3  23.2  23.1  23.0  23.0  23.1  23.5  23.1  23.2  23.4  23.4  23.2  23.3  24.8  25.4  27.5  28.6  29.8  29.2 
 23.9  23.6  23.8  23.5  23.4  22.8  23.3  23.3  23.4  23.0  23.4  23.3  23.2  23.0  23.3  23.2  23.1  23.1  23.3  23.3  23.3  23.2  23.4  23.4  23.7  24.2  28.3  29.4  30.4  30.5  30.8  30.9 
 23.8  23.9  24.0  23.8  23.5  23.4  23.3  23.4  22.9  23.1  23.2  23.3  23.0  23.2  23.1  23.3  23.2  23.3  23.3  23.4  23.0  23.2  23.4  23.5  24.0  25.7  29.4  30.2  30.5  30.9  31.5  31.1 
 24.9  24.3  25.3  25.0  24.9  24.6  23.9  23.9  23.4  23.3  23.4  23.3  23.2  22.9  23.2  23.4  23.2  23.0  23.3  23.2  23.2  23.0  23.2  23.4  25.4  27.0  30.5  30.9  31.2  31.3  31.9  30.9 
 24.7  25.2  25.6  25.9  25.9  26.0  25.4  24.7  23.5  23.4  23.5  23.5  23.1  23.3  23.3  23.2  23.1  23.3  23.3  23.4  23.1  23.2  23.4 nan  25.3  27.6  30.6  31.2  31.1  31.3  31.2  30.2 
 26.0  25.3  26.8  27.2  29.0  29.6  38.2  42.1  39.9  33.8  23.9  23.6  23.2  23.0  23.4  23.3  23.2  23.1  23.3  23.2  23.2  22.8  23.4  23.4  25.3  27.0  31.3  31.0  31.7  31.3  29.7  28.0 
 25.8  26.3  27.3  28.0  30.2  33.0  47.9  54.5  58.6  51.7  25.1  23.9  23.2  23.3  23.4  23.4  23.0  23.3  23.3  23.3  23.0  23.2  23.2  23.5  24.4  26.8  30.4  31.2  31.3  31.3  28.1  27.1 
 26.1  26.4  28.3  29.0  33.1  36.9  57.9  66.8  77.8  73.2  30.9  25.1  23.5  23.1  23.3  23.3  23.3  23.1  23.3  23.4  23.2  23.0  23.4  23.3  23.5  23.7  27.6  27.7  28.0  26.2  26.0  25.4 
 26.3  26.6  28.2  28.9  33.0  37.3  57.5  69.2  87.2  82.2  30.4  25.1  23.3  23.4  23.3  23.1  23.1  23.1  23.2  23.3  22.9  23.1  23.4  23.3  23.1  23.4  25.1  25.7  25.3  25.5  25.5  25.3 
 26.2  26.3  27.8  28.3  30.7  32.0  45.9  55.9  67.9  57.1  25.8  24.1  23.5  23.3  23.3  23.3  23.3  23.0  23.3  23.2  23.3  22.9  23.2  23.3  23.4  23.0  23.6  23.8  24.2  23.9  25.1  25.0 
 26.2  27.1  27.8  27.9  28.9  30.0  38.0  43.2  46.4  39.5  24.5  23.9  23.3  23.5  23.4  23.5  23.2  23.1  23.4  23.4  23.0  23.2  23.3  23.4  23.1  23.3  23.6  23.7  23.9  24.1  24.8  24.8 
 26.3  26.3  27.1  27.1  27.7  27.9  29.3  29.7  28.6  26.6  24.2  23.9  23.5  23.4  23.6  23.5  23.4  23.2  23.5  23.4  23.4  23.0  23.3  23.7  23.3  23.1  23.6  23.7  24.0  23.4  24.5  24.6 
 26.0  26.6  26.7  27.4  26.9  27.2  27.8  27.9  26.6  25.9  24.1  24.1  23.5  23.6  23.5  23.5  23.2  23.4  23.4  23.4  23.0  23.2  23.4  23.5  23.4  23.4  23.5  23.8  23.6  23.9  24.3  24.8 
 26.4  25.8  26.4  26.8  26.4  26.2  26.3  26.5  25.5  24.6  24.1  24.1  23.6  23.4  23.6  23.7  23.4  23.4  23.6  23.5  23.4  23.4  23.7  23.4  23.7  23.1  23.6  24.1  23.8  23.6  25.0  25.4 
 26.0  26.4  26.4  26.7  26.0  26.3  26.1  26.1  24.9  24.7  24.1  24.2  23.5  23.6  23.5  23.9  23.2  23.5  23.7  23.7  23.2  23.7  23.6  23.6  23.2  23.5  23.9  24.1  23.9  23.9  25.1  26.3 
 27.4  26.7  26.2  26.0  25.9  25.3  25.7  25.5  24.8  24.3  24.5  24.2  24.3  23.5  24.1  23.9  23.8  23.6  24.1  23.7  23.7  23.2  23.7  23.9  23.9  23.3  24.5  24.7  24.8  24.4  26.0  27.4 
 27.2  27.1  26.3  26.4  25.4  25.8  25.2  25.4  24.6  24.7  24.1  24.4  23.7  23.8  24.0  24.0  23.5  23.7  24.0  24.1  23.7  23.8  23.8  24.1  23.7  23.8  24.7  25.6  24.9  25.5  26.9  28.2 
