 25.4  24.4  24.5  24.5  24.5  24.4  24.2  24.1  24.2  23.8  23.8  23.9  23.7  23.7  23.7  23.9  23.7  23.6  23.8  23.8  23.5  23.7  23.7  23.8  23.9  23.8  26.9  27.6  28.0  28.1  28.8  30.1 
 24.7  24.4  24.5  24.3  24.4  24.0  24.2  24.0  24.4  23.8  24.0  24.0  23.7  23.6  23.8  23.7  23.5  23.4  23.7  23.5  23.9  23.4  23.6  23.7  23.7  24.3  26.2  27.1  27.9  27.9  29.3  28.8 
 24.5  24.3  24.3  24.2  23.6  23.7  23.7  23.8  23.8  23.6  24.1  24.0  23.6  23.4  23.6  23.7  23.4  23.5  23.4  23.7  23.5  23.5  23.5  23.6  23.7  23.7  24.9  26.2  27.7  27.9  28.5  29.0 
 24.4  24.2  24.3  24.3  23.8  23.5  23.9  24.0  23.9  23.8  24.1  23.9  23.6  23.5  23.5  23.6  23.6  23.4  23.7  23.5  23.5  23.4  23.6  23.6  23.8  23.7  24.5  25.1  27.8  28.5  29.4  29.3 
 24.2  24.2  23.9  24.0  23.8  23.6  23.6  24.0  24.2  24.5  24.5  24.1  23.6  23.5  23.3  23.7  23.5  23.4  23.2  23.5  23.3  23.3  23.5  23.7  23.7  23.7  24.2  24.5  27.1  28.4  29.6  29.7 
 24.1  23.7  23.7  23.8  23.5  23.4  23.8  23.7  24.6  25.4  26.1  24.5  23.4  23.4  23.5  23.3  23.6  23.1  23.6  23.5  23.4  23.4  23.7  23.7  23.8  23.6  24.3  24.7  27.2  28.8  29.8  29.9 
 23.9  24.1  23.8  24.0  23.5  23.6  23.6  23.9  25.1  26.5  28.4  25.5  23.5  23.4  23.3  23.4  23.4  23.4  23.3  23.4  23.5  23.4  23.5  23.7  24.0  24.6  27.3  28.3  29.7  30.3  30.3  30.5 
 24.5  24.3  23.9  23.6  23.6  23.5  23.7  23.5  24.4  24.5  25.3  24.2  23.5  23.4  23.5  23.4  23.5  23.2  23.4  23.4  23.5  23.4  23.6  23.5  25.1  26.6  29.5  30.3  30.9  31.0  31.0  30.1 
 24.2  24.1  24.2  24.0  23.5  23.6  23.6  23.7  23.6  23.4  23.4  23.6  23.4  23.3  23.4  23.5  23.3  23.3  23.5  23.6  23.5  23.7  23.7  24.1  27.8  29.2  31.0  31.1  31.5  31.7  32.0  31.9 
 24.2  24.0  24.1  24.3  24.1  23.7  23.7  23.5  23.6  23.4  23.5  23.6  23.4  23.2  23.5  23.4  23.5  23.4  23.4  23.6  23.5  23.5  23.8  24.0  28.5  29.8  31.3  31.3  31.4  31.6  32.0  31.3 
 24.9  24.9  25.1  25.3  25.4  24.9  24.3  24.1  23.5  23.6  23.4  23.6  23.4  23.4  23.4  23.6  23.4  23.4  23.6  23.4  23.5  23.3  23.8  24.6  28.7  30.5  31.4  31.5  32.0  32.2  30.5  29.2 
 25.5  25.3  25.7  26.0  26.3  26.2  26.0  25.2  24.2  23.6  23.6  23.6  23.5  23.4  23.3  23.5  23.5  23.5  23.5  23.4  23.5  23.5  23.8 nan  28.9  30.4  31.3  31.4  31.7  31.2  29.7  28.2 
 25.9  26.0  26.8  27.7  29.2  30.2  39.1  43.7  43.1  36.8  24.2  23.9  23.5  23.4  23.4  23.5  23.4  23.4  23.5  23.3  23.5  23.3  23.3  23.7  27.5  29.2  31.5  31.8  31.8  31.0  27.6  26.6 
 26.2  26.1  27.8  28.1  30.6  33.2  48.5  55.5  61.2  55.1  26.3  24.2  23.6  23.4  23.4  23.5  23.5  23.4  23.5  23.4  23.5  23.4  23.6  23.5  25.9  27.5  30.4  31.3  29.9  28.6  26.5  26.4 
 26.6  26.9  28.0  29.1  33.0  36.7  57.0  66.2  79.0  75.5  33.0  25.8  23.8  23.5  23.4  23.5  23.5  23.4  23.4  23.6  23.4  23.4  23.3  23.5  23.8  23.9  26.5  26.4  26.1  25.5  25.3  25.4 
 26.9  26.8  28.3  29.0  33.0  36.6  56.4  67.9  87.7  84.1  32.6  25.5  23.7  23.5  23.5  23.4  23.6  23.3  23.5  23.4  23.3  23.3  23.6  23.6  23.6  23.5  24.8  25.2  24.9  24.9  25.3  24.9 
 26.5  26.6  27.9  28.5  30.7  32.2  44.2  53.3  66.4  57.2  26.4  24.6  23.7  23.6  23.5  23.7  23.3  23.4  23.5  23.6  23.6  23.4  23.4  23.5  23.6  23.5  23.8  24.1  24.2  24.2  24.8  24.8 
 26.5  26.4  27.7  28.0  29.0  29.9  37.0  41.4  45.7  39.1  24.8  24.1  23.8  23.4  23.7  23.5  23.5  23.3  23.6  23.5  23.5  23.4  23.5  23.4  23.6  23.5  23.9  23.7  24.4  24.2  24.6  24.7 
 26.8  26.7  27.2  27.5  27.7  28.1  29.1  29.6  28.6  26.9  24.3  24.0  23.8  23.7  23.8  23.8  23.6  23.6  23.4  23.7  23.6  23.3  23.7  23.7  23.7  23.5  23.6  23.8  24.1  24.1  24.2  24.9 
 26.7  26.6  27.2  27.2  27.2  27.3  28.1  27.8  27.1  26.0  24.3  24.2  23.9  23.7  23.7  23.6  23.6  23.6  23.8  23.6  23.5  23.5  23.6  23.7  23.9  23.7  23.8  23.9  24.0  23.8  24.5  25.0 
 26.7  26.4  26.9  26.8  26.8  26.6  26.4  26.5  25.7  25.1  24.4  24.3  24.0  23.9  23.9  23.7  23.6  23.6  23.7  23.8  23.6  23.6  23.8  24.2  23.9  23.8  24.0  24.5  24.1  24.3  24.4  25.3 
 26.6  26.4  26.7  26.5  26.4  26.2  26.4  26.1  25.5  24.8  24.5  24.3  24.0  23.8  23.9  23.9  23.9  23.6  23.8  23.7  23.8  23.6  23.9  23.9  23.8  23.7  24.2  24.2  24.0  24.3  25.5  26.7 
 27.6  27.0  26.5  26.7  26.1  25.9  25.8  25.5  25.2  24.8  24.5  24.3  24.3  24.1  24.1  24.3  24.1  23.7  24.0  23.9  24.1  23.9  23.8  24.3  23.9  23.7  24.6  25.2  25.6  25.4  26.1  28.9 
 27.4  27.2  26.4  26.4  25.9  25.9  25.5  25.6  25.1  24.7  24.5  24.5  24.3  23.9  24.2  24.1  24.0  23.8  23.9  23.8  24.1  23.9  24.3  24.1  24.2  24.4  25.7  26.2  26.1  26.2  27.5  27.8 
