 24.7  24.4  24.7  24.7  24.4  24.5  24.2  24.4  23.9  24.0  23.9  23.9  23.6  23.7  23.6  23.9  23.7  23.5  23.6  23.9  23.4  23.4  23.8  23.8  24.4  25.6  27.3  27.8  28.2  28.3  29.3  30.1 
 24.7  24.2  24.7  24.3  24.2  23.8  24.3  24.3  23.9  23.8  24.1  24.0  23.7  23.4  23.9  23.7  23.4  23.5  23.9  23.6  23.6  23.3  23.6  23.8  24.6  25.8  27.7  27.9  28.2  28.1  29.5  29.6 
 24.4  24.1  24.6  24.3  23.6  23.7  24.0  23.9  23.7  23.6  23.8  23.9  23.5  23.6  23.6  23.7  23.4  23.4  23.5  23.8  23.4  23.4  23.5  23.7  24.4  25.7  28.3  28.6  28.2  28.0  29.7  29.8 
 24.4  23.8  24.5  24.0  24.0  23.5  24.0  23.8  23.8  23.6  24.2  23.7  23.5  23.3  23.6  23.5  23.4  23.3  23.9  23.6  23.5  23.4  23.7  23.6  24.4  26.0  28.7  28.5  28.0  28.4  29.9  29.7 
 24.0  24.1  23.9  24.3  23.6  23.4  23.9  23.8  24.2  24.3  24.4  24.1  23.3  23.4  23.6  23.6  23.2  23.3  23.3  23.8  23.5  23.4  23.5  23.7  24.2  25.3  27.8  28.4  28.4  28.7  28.8  29.0 
 23.7  23.9  24.1  24.1  23.6  23.4  24.0  23.9  24.5  25.2  26.1  24.4  23.5  23.4  23.5  23.5  23.3  23.2  23.6  23.5  23.4  23.3  23.7  23.6  24.0  24.8  27.7  28.2  28.3  28.2  28.7  28.5 
 24.1  24.1  23.9  24.1  23.5  23.3  23.8  24.1  25.1  26.7  28.4  25.5  23.5  23.4  23.5  23.6  23.2  23.3  23.4  23.6  23.3  23.4  23.6  23.8  23.5  23.9  26.5  27.6  27.9  28.0  28.6  28.7 
 24.0  23.8  24.0  23.6  23.5  23.4  23.8  23.8  24.5  24.8  25.7  24.4  23.5  23.2  23.7  23.4  23.4  23.3  23.3  23.4  23.4  23.3  23.7  23.6  23.7  23.4  25.5  26.6  28.3  28.0  29.0  27.9 
 24.3  24.1  24.1  23.9  23.4  23.6  23.5  23.7  23.4  23.4  23.8  23.7  23.2  23.3  23.4  23.5  23.3  23.3  23.5  23.7  23.4  23.5  23.6  23.7  23.6  23.5  24.2  25.1  27.9  28.7  29.9  29.3 
 24.1  24.1  24.4  24.3  24.0  23.7  23.8  23.7  23.6  23.3  23.5  23.5  23.3  23.2  23.4  23.5  23.4  23.3  23.5  23.6  23.5  23.4  23.6  23.8  23.5  23.7  25.2  25.9  28.3  28.8  30.1  29.8 
 24.9  25.1  25.5  25.7  25.4  25.0  24.3  24.2  23.5  23.4  23.7  23.6  23.3  23.3  23.4  23.4  23.1  23.4  23.6  23.5  23.4  23.3  23.6  23.8  26.0  27.0  29.3  29.6  30.4  30.4  30.4  30.3 
 25.5  25.1  25.8  26.1  26.2  26.2  26.1  25.1  23.9  23.5  23.6  23.6  23.4  23.3  23.6  23.5  23.4  23.2  23.4  23.6  23.3  23.3  23.9 nan  27.4  28.6  30.6  31.1  31.1  30.8  30.9  30.6 
 25.9  26.0  27.1  27.6  28.9  30.3  39.4  43.6  42.6  36.4  24.2  23.8  23.3  23.3  23.4  23.6  23.3  23.3  23.7  23.5  23.4  23.2  24.7  26.4  29.8  30.2  31.3  31.5  31.7  31.6  31.9  31.5 
 26.1  26.3  27.4  28.1  30.8  33.1  48.8  55.5  60.9  54.5  26.1  24.2  23.5  23.5  23.5  23.6  23.4  23.2  23.6  23.3  23.4  23.3  25.1  27.1  30.5  30.7  31.4  31.6  32.0  31.7  32.1  31.7 
 26.3  26.9  28.1  29.0  32.9  36.9  57.6  66.4  78.6  75.0  32.3  25.7  23.6  23.6  23.4  23.6  23.4  23.3  23.5  23.6  23.3  23.4  25.9  27.9  30.9  31.1  31.7  32.2  32.6  32.3  31.7  31.8 
 26.6  26.2  28.3  29.0  33.0  36.8  56.8  68.1  87.7  83.5  31.9  25.6  23.7  23.5  23.6  23.4  23.3  23.1  23.6  23.5  23.3  23.4  25.6  28.1  31.0  31.1  31.7  32.1  32.6  32.2  31.9  31.8 
 26.3  26.6  27.9  28.6  30.3  32.1  44.4  53.9  66.5  56.8  26.4  24.5  23.6  23.5  23.6  23.6  23.4  23.2  23.6  23.7  23.2  23.2  24.6  26.6  30.8  31.1  32.2  32.3  31.8  31.8  32.1  31.9 
 26.8  26.6  28.2  28.0  28.9  29.9  37.4  41.6  45.5  38.8  24.9  24.2  23.8  23.7  23.8  23.6  23.5  23.2  23.9  23.5  23.4  23.4  24.0  25.3  28.8  30.0  31.8  31.9  31.4  31.3  31.6  31.4 
 26.8  26.9  27.0  27.5  27.7  28.0  29.4  29.8  28.4  26.8  24.4  24.1  23.6  23.7  23.7  23.8  23.5  23.5  23.6  23.7  23.5  23.3  23.8  23.9  24.8  25.4  27.0  27.3  27.8  27.8  27.8  29.2 
 26.5  26.6  27.0  27.3  27.1  27.1  28.3  27.8  27.0  25.7  24.4  24.2  23.9  23.7  24.0  23.7  23.6  23.4  23.9  23.6  23.5  23.5  23.7  23.8  24.3  24.4  25.8  25.7  26.1  26.2  27.4  27.4 
 26.5  26.4  26.7  26.9  26.7  26.6  26.6  26.6  25.6  25.0  24.7  24.2  23.7  23.8  23.7  23.9  23.6  23.6  23.9  23.6  23.7  23.6  23.8  24.2  24.1  24.0  25.0  25.4  25.1  25.1  26.4  27.4 
 26.8  26.4  26.7  26.6  26.3  26.1  26.4  26.1  25.1  24.9  24.5  24.3  24.0  23.7  24.0  23.9  23.7  23.4  23.9  23.9  23.7  23.5  24.0  24.1  24.0  24.1  24.6  25.1  25.0  25.0  27.5  28.3 
 27.3  26.8  26.7  26.7  26.3  25.6  25.9  25.7  24.8  24.8  24.6  24.6  24.2  24.0  23.9  24.3  24.0  23.7  24.1  24.1  23.9  23.7  24.2  24.4  23.9  24.3  25.1  25.5  26.0  26.0  27.9  29.7 
 27.7  27.7  26.6  26.4  25.6  25.6  25.9  25.5  25.0  24.6  24.7  24.7  24.1  23.9  24.3  24.2  24.0  23.9  24.3  24.2  23.9  23.9  24.1  24.4  24.2  24.4  25.9  26.0  26.7  26.2  29.6  30.2 
