 24.5  23.8  24.5  24.5  24.4  24.1  24.5  24.1  24.1  23.6  23.9  24.0  23.8  23.3  23.6  23.9  23.5  23.2  23.6  23.5  23.5  23.4  23.6  23.8  23.7  23.8  26.9  27.8  28.7  28.3  29.3  30.4 
 24.3  24.2  24.5  24.9  23.8  23.9  24.2  24.3  23.9  23.7  23.9  24.1  23.4  23.6  23.8  23.6  23.5  23.4  23.6  23.7  23.3  23.5  23.8  23.7  23.4  23.9  26.2  27.1  27.7  28.1  29.1  29.7 
 24.4  23.8  24.3  24.0  23.9  23.2  24.0  23.8  23.6  23.6  24.0  23.9  23.6  23.4  23.6  23.6  23.4  23.3  23.5  23.6  23.4  23.5  23.6  23.8  23.8  23.5  25.1  25.7  28.3  28.7  29.2  29.2 
 23.7  24.0  24.2  24.4  23.7  23.5  24.1  24.0  23.7  23.5  24.1  23.9  23.3  23.4  23.6  23.5  23.4  23.3  23.6  23.7  23.3  23.4  23.8  23.6  23.4  23.8  24.6  25.2  27.4  28.5  29.7  29.9 
 24.1  23.2  24.1  24.2  23.6  23.4  23.8  24.0  24.1  24.3  24.9  24.2  23.5  23.2  23.6  23.6  23.3  23.2  23.4  23.5  23.4  23.0  23.6  23.8  24.0  24.2  26.1  26.7  28.4  29.1  30.3  30.4 
 23.6  23.7  23.7  23.8  23.4  23.4  23.7  24.1  24.5  25.3  26.1  24.7  23.2  23.3  23.4  23.5  23.1  23.2  23.5  23.6  23.3  23.3  23.8  23.6  24.6  25.9  28.3  29.4  29.7  30.2  30.6  30.2 
 24.1  23.8  24.1  23.9  23.6  23.1  23.7  23.9  25.0  26.4  28.5  25.6  23.5  23.2  23.4  23.6  23.2  23.1  23.5  23.5  23.4  23.3  23.6  23.8  27.8  28.8  31.1  31.2  31.5  31.5  31.7  30.9 
 24.0  24.0  23.9  23.9  23.5  23.5  23.7  23.8  24.1  24.5  25.4  24.1  23.4  23.3  23.4  23.4  23.4  23.3  23.4  23.5  23.3  23.3  23.8  24.6  28.1  29.9  31.4  31.5  31.5  31.9  31.7  30.6 
 24.2  23.8  24.1  24.0  23.7  23.2  23.7  23.8  23.3  23.2  23.7  23.5  23.3  23.3  23.5  23.5  23.1  23.2  23.5  23.6  23.4  23.4  23.9  24.9  29.7  30.5  31.3  31.7  31.9  31.5  30.4  29.4 
 23.9  23.9  24.2  24.3  23.9  23.7  23.7  23.6  23.3  23.3  23.5  23.7  23.1  23.2  23.4  23.5  23.1  23.4  23.6  23.4  23.2  23.4  23.9  24.9  29.6  30.9  31.3  31.9  31.0  30.6  29.7  28.1 
 25.3  24.5  25.4  25.4  25.2  24.9  24.5  24.1  23.4  23.3  23.7  23.5  23.3  23.0  23.4  23.4  23.4  23.2  23.6  23.4  23.4  23.2  23.6  24.2  28.2  29.4  31.6  32.1  31.1  30.2  27.0  26.3 
 24.9  25.1  26.0  26.3  25.8  26.2  26.0  25.5  23.9  23.7  23.7  23.7  23.3  23.3  23.4  23.4  23.2  23.2  23.5  23.5  23.2  23.3  23.7 nan  26.4  28.0  30.6  30.7  29.0  28.0  26.4  25.8 
 25.9  25.7  26.8  27.6  29.0  30.0  39.2  43.7  43.2  36.9  24.2  23.7  23.4  23.2  23.5  23.6  23.3  23.0  23.5  23.4  23.4  23.0  23.3  23.5  23.6  23.7  25.6  26.2  25.5  24.7  24.9  25.4 
 25.8  26.2  27.5  28.1  30.4  33.1  48.4  55.5  61.0  55.0  26.1  24.2  23.3  23.2  23.5  23.6  23.3  23.3  23.3  23.5  23.2  23.1  23.4  23.5  23.4  23.5  26.1  26.4  24.9  24.6  25.0  25.0 
 26.4  26.3  28.4  29.0  32.8  36.5  57.0  66.0  78.6  75.3  33.1  25.8  23.6  23.2  23.6  23.4  23.2  23.2  23.6  23.6  23.2  23.0  23.6  23.5  23.5  23.1  25.6  25.9  24.4  24.1  24.5  24.9 
 26.3  26.5  27.9  29.0  32.7  36.6  56.4  67.7  87.4  84.1  32.4  25.5  23.5  23.6  23.3  23.5  23.2  23.3  23.5  23.5  23.1  23.1  23.5  23.6  23.2  23.4  24.2  24.8  24.1  24.0  24.7  24.6 
 26.5  26.6  28.1  28.6  30.4  31.8  44.3  53.4  66.5  57.1  26.4  24.4  23.8  23.4  23.5  23.6  23.2  23.2  23.5  23.5  23.4  23.0  23.5  23.4  23.4  23.1  23.7  24.1  23.8  23.8  24.1  24.5 
 26.3  26.7  27.9  28.0  28.8  29.9  37.0  41.4  45.4  39.0  24.7  24.0  23.7  23.5  23.6  23.7  23.3  23.2  23.5  23.6  23.2  23.3  23.6  23.5  23.1  23.3  23.9  23.6  23.9  23.8  24.5  24.4 
 26.5  26.6  27.3  27.4  27.7  27.6  29.4  29.6  28.6  26.7  24.5  24.3  23.8  23.5  23.8  23.8  23.5  23.3  23.7  23.8  23.4  23.1  23.8  23.8  23.4  23.4  23.6  23.9  24.0  23.7  24.6  24.7 
 26.2  26.6  26.9  27.3  26.9  27.1  27.9  28.3  26.8  26.1  24.3  24.0  23.6  23.7  24.0  23.7  23.3  23.3  23.7  23.7  23.4  23.3  23.8  23.5  23.4  23.6  23.7  23.8  23.6  24.2  24.5  25.0 
 26.5  25.8  27.2  26.6  26.4  26.5  26.5  26.3  25.5  24.8  24.4  24.3  23.9  23.7  23.9  23.9  23.6  23.5  23.8  23.8  23.6  23.4  24.0  23.8  23.7  23.3  24.2  24.4  24.0  23.8  24.7  25.6 
 26.4  26.4  26.7  26.8  26.1  26.1  26.2  26.3  25.1  25.1  24.6  24.7  23.7  23.6  24.0  23.9  23.5  23.5  23.9  23.8  23.5  23.6  24.1  23.7  23.7  23.5  24.0  24.5  23.7  24.2  25.3  25.8 
 27.6  26.8  26.5  26.8  26.0  25.5  26.0  25.8  25.2  24.4  24.6  24.7  24.1  23.8  24.1  24.0  23.8  23.6  24.0  24.1  23.7  23.5  24.1  24.2  23.9  23.4  24.6  25.0  25.5  25.0  26.5  28.0 
 27.4  27.2  26.4  26.9  25.7  25.8  25.7  25.7  24.6  24.6  24.7  24.5  24.0  23.9  23.9  24.1  23.9  24.0  24.0  24.1  23.7  24.0  24.3  24.1  23.8  24.1  25.7  25.9  25.5  25.9  27.9  28.4 
