 23.7  23.2  22.9  23.4  22.9  22.6  22.8  22.8  22.6  22.4  22.6  22.7  22.5  22.4  22.5  22.5  22.4  22.4  22.4  22.7  22.4  22.4  22.5  22.7  22.9  22.4  23.2  24.0  23.5  23.5  23.8  25.1 
 23.9  23.2  23.3  23.0  23.2  22.4  22.7  22.6  22.8  22.5  22.7  22.4  22.4  22.2  22.4  22.6  22.5  22.2  22.8  22.7  22.7  22.5  22.8  22.6  22.6  22.6  23.3  24.3  23.8  23.4  24.2  24.5 
 23.0  23.1  23.1  23.3  22.8  22.4  22.5  22.6  22.5  22.6  22.5  22.9  22.3  22.4  22.3  22.7  22.4  22.2  22.3  22.5  22.3  22.4  22.6  22.6  22.5  22.6  22.8  23.1  23.1  23.1  23.3  23.8 
 23.4  23.0  23.2  23.0  22.7  22.4  22.8  22.9  22.7  22.5  22.9  22.5  22.4  22.3  22.6  22.3  22.2  22.2  22.6  22.4  22.5  22.3  22.9  22.6  22.6  22.5  23.0  22.8  22.8  22.9  23.4  23.9 
 23.2  23.1  22.8  23.2  22.4  22.5  22.6  23.0  23.2  23.1  22.8  22.8  22.3  22.4  22.3  22.6  22.4  22.3  22.3  22.6  22.4  22.3  22.4  22.7  22.7  22.4  22.9  23.0  22.7  22.9  23.1  23.4 
 22.9  22.7  23.4  23.0  22.7  22.6  23.0  22.9  23.3  23.9  23.0  22.8  22.4  22.3  22.4  22.3  22.5  22.3  22.5  22.4  22.3  22.5  22.6  22.6  22.6  22.4  22.6  22.9  22.8  22.8  23.5  23.0 
 22.9  23.1  22.8  23.2  22.8  22.4  22.9  23.3  25.1  26.5  24.0  23.2  22.5  22.4  22.4  22.6  22.3  22.2  22.4  22.6  22.4  22.5  22.5  22.6  22.7  22.7  22.5  22.9  22.9  22.6  23.1  23.4 
 23.3  23.1  22.8  22.9  22.9  22.5  23.3  23.3  25.6  26.9  24.5  22.9  22.6  22.5  22.5  22.4  22.4  22.3  22.5  22.5  22.5  22.1  22.7  22.4  22.6  22.5  22.6  22.8  22.8  22.8  23.0  22.4 
 23.4  23.2  23.0  23.0  22.6  22.7  22.9  23.0  23.2  23.2  23.0  22.7  22.5  22.6  22.2  22.5  22.4  22.4  22.3  22.5  22.4  22.5  22.5  22.6  22.5  22.5  22.8  23.0  22.7  22.7  22.8  23.2 
 23.6  23.2  23.6  22.9  23.0  22.9  22.8  22.6  22.8  22.9  22.9  22.7  22.3  22.3  22.6  22.4  22.4  22.2  22.7  22.6  22.5  22.4  22.7  22.4  22.6  22.4  23.0  23.0  23.0  22.8  23.4  23.1 
 23.7  23.8  23.5  24.0  23.7  23.5  23.1  23.3  22.8  22.8  22.8  22.8  22.7  22.5  22.4  22.6  22.5  22.5  22.4  22.5  22.5  22.3  22.3  22.7  22.6  22.5  23.2  23.7  23.3  23.5  23.0  23.4 
 23.9  23.7  24.3  24.2  24.7  24.4  24.1  23.4  22.9  22.9  22.8  22.7  22.5  22.5  22.6  22.5  22.5  22.3  22.6  22.5  22.5  22.2  22.7 nan  22.6  22.5  24.1  24.8  23.8  23.2  23.3  22.9 
 24.3  24.4  24.9  25.6  27.0  27.8  32.6  35.0  33.1  29.4  23.1  22.9  22.6  22.6  22.6  22.7  22.4  22.4  22.5  22.6  22.5  22.3  22.5  22.6  22.5  22.6  23.6  24.5  23.5  23.1  23.2  23.7 
 24.8  24.8  26.0  26.5  28.5  29.9  41.7  49.0  53.7  47.5  24.7  23.1  22.6  22.5  22.7  22.5  22.6  22.4  22.6  22.6  22.6  22.4  22.6  22.6  22.6  22.4  23.2  23.2  23.2  22.8  23.5  23.2 
 25.2  25.2  26.3  27.2  30.6  33.9  54.7  63.4  74.8  71.2  34.5  25.5  22.7  22.8  22.5  22.7  22.6  22.5  22.5  22.6  22.5  22.3  22.6  22.8  22.5  22.6  22.7  23.0  23.0  23.0  22.9  23.4 
 25.8  25.1  26.8  27.2  30.7  33.9  53.6  62.6  78.5  78.9  36.9  25.7  22.8  22.6  22.7  22.5  22.7  22.5  22.7  22.5  22.6  22.4  22.8  22.6  22.7  22.4  22.8  22.9  22.9  22.9  23.7  23.4 
 25.0  25.5  26.6  27.1  29.4  31.8  44.0  53.2  72.7  69.5  29.6  24.4  22.8  22.6  22.6  22.5  22.3  22.5  22.5  22.7  22.5  22.5  22.6  22.8  22.6  22.8  22.6  23.3  22.6  22.9  23.3  23.5 
 25.2  25.1  26.3  26.7  28.8  29.6  36.9  41.7  53.8  49.2  25.8  23.5  22.7  22.7  22.8  22.7  22.5  22.3  22.8  22.6  22.6  22.5  22.6  22.7  22.7  22.6  23.1  22.8  23.2  23.0  23.8  23.4 
 25.3  25.3  26.2  26.7  26.8  27.1  28.4  29.4  29.5  28.0  23.6  23.2  22.7  22.8  22.7  22.8  22.6  22.6  22.4  22.8  22.6  22.6  22.6  22.9  22.6  22.9  22.9  23.3  23.0  23.0  23.4  24.1 
 25.2  25.3  26.0  26.3  26.3  26.2  27.3  27.2  26.9  26.1  23.5  23.1  22.8  22.8  22.8  22.5  22.5  22.6  22.9  22.6  22.5  22.5  22.8  22.8  22.9  22.6  23.1  22.9  23.2  23.2  24.0  23.9 
 25.1  25.3  25.6  25.7  25.6  25.5  25.2  25.7  25.4  24.6  23.3  23.3  22.9  22.9  22.8  23.0  22.7  22.6  22.6  22.8  22.7  22.6  23.0  23.2  22.9  22.8  22.9  23.4  23.3  23.4  24.1  25.0 
 25.7  25.0  25.5  25.2  25.3  25.1  25.3  25.3  24.6  24.2  23.6  23.3  22.9  22.7  22.9  22.8  22.7  22.5  22.8  22.9  22.7  22.7  22.9  23.0  23.0  22.8  23.3  23.4  23.9  24.0  25.4  25.6 
 26.2  25.5  25.2  25.7  24.9  24.7  24.7  24.9  24.4  24.0  23.5  23.6  23.2  22.9  22.9  23.2  22.9  22.8  22.9  23.1  22.9  22.5  23.0  23.2  23.4  23.3  23.8  24.7  24.8  25.0  25.7  26.6 
 26.5  25.8  25.4  25.0  25.1  24.8  24.7  24.4  23.9  23.6  23.5  23.4  23.2  22.9  23.1  22.9  22.9  22.9  23.1  23.0  23.2  22.7  23.2  23.4  23.6  23.9  24.7  24.9  25.0  25.3  26.2  27.4 
