 23.8  24.1  23.7  23.5  23.1  23.0  22.7  23.3  22.4  22.7  22.8  23.1  22.6  22.5  22.7  23.0  22.6  22.9  23.0  23.2  22.8  22.9  23.1  23.5  23.3  24.3  27.2  28.5  29.5  30.0  30.3  31.2 
 24.1  23.3  24.2  23.7  23.3  23.0  23.1  23.0  22.9  22.6  23.2  22.9  22.7  22.6  23.1  22.8  22.9  22.5  23.1  22.9  23.1  22.6  23.4  23.2  23.2  23.3  26.4  27.5  29.4  29.4  30.6  30.4 
 23.4  23.2  23.4  23.8  22.7  23.0  22.7  23.1  22.8  23.0  22.9  23.2  22.4  22.9  22.8  22.9  22.6  22.8  22.8  23.1  22.7  22.9  22.9  23.3  23.4  23.9  25.8  28.6  30.5  30.6  29.9  30.7 
 23.6  23.0  23.6  23.1  23.2  22.5  23.3  23.2  23.0  22.7  23.4  23.0  22.8  22.5  22.9  22.7  22.8  22.4  23.1  22.7  22.8  22.7  23.3  22.9  23.5  23.9  28.1  29.7  31.3  30.9  31.6  30.8 
 23.2  23.7  23.3  23.6  22.9  22.9  23.1  23.2  23.2  23.6  23.0  23.2  22.7  22.8  22.8  22.8  22.5  22.8  22.8  22.9  22.8  22.9  22.9  23.2  24.5  26.8  30.6  31.3  31.7  32.0  31.8  31.4 
 23.6  23.0  23.7  23.3  23.0  22.7  23.5  23.0  23.7  23.8  23.4  23.1  22.7  22.7  23.0  22.7  22.8  22.5  23.0  22.9  23.0  22.7  23.3  23.0  25.8  27.1  30.5  31.2  32.2  31.9  31.4  30.1 
 23.1  23.2  23.2  23.6  22.8  23.1  23.2  23.8  25.3  26.9  24.3  23.4  22.7  22.8  22.8  23.0  22.6  22.8  22.9  23.0  22.9  22.9  23.2  23.4  26.4  28.6  31.1  31.5  31.3  30.9  28.8  28.0 
 23.5  23.1  23.5  23.3  23.2  22.8  23.6  23.5  26.2  27.6  24.9  23.4  22.8  22.7  22.9  22.7  22.9  22.6  23.0  22.9  23.0  22.7  23.4  23.3  26.5  28.2  31.0  31.2  30.8  29.5  28.1  25.9 
 23.3  23.5  23.3  23.5  22.7  23.0  23.1  23.3  23.3  23.6  23.3  23.2  22.6  22.9  22.7  23.1  22.7  23.0  23.0  23.1  22.9  23.0  23.0  23.1  25.7  27.9  30.8  31.3  31.4  30.9  26.8  25.9 
 23.8  23.3  23.6  23.2  23.1  22.8  23.3  23.0  23.2  23.0  23.1  23.0  22.8  22.5  22.9  22.8  23.0  22.7  23.1  23.0  23.0  22.7  23.2  23.1  24.9  26.7  30.5  31.4  30.9  29.8  26.3  25.2 
 23.7  24.0  23.9  24.1  23.3  23.4  23.2  23.4  22.9  23.1  22.8  23.1  22.6  22.8  22.9  23.1  23.0  22.9  23.0  23.2  22.9  22.9  23.1  23.3  23.1  24.0  26.6  27.3  26.7  26.3  24.9  25.4 
 24.0  23.7  24.3  24.3  24.4  23.9  23.8  23.5  23.1  22.6  23.0  22.8  22.8  22.6  23.0  22.9  23.0  22.6  23.2  22.9  22.9  22.6  23.2 nan  23.2  23.1  25.2  26.1  25.5  24.5  24.7  24.6 
 24.4  24.5  25.2  25.5  26.3  26.8  29.3  29.9  27.6  26.2  23.2  23.2  22.7  23.0  22.8  23.0  22.7  22.7  22.9  23.0  22.7  22.8  23.0  23.2  22.8  23.1  24.7  25.5  24.0  23.8  24.4  24.6 
 25.0  24.6  26.1  26.2  28.0  28.6  37.0  42.4  45.2  39.5  24.3  23.2  23.0  22.8  23.0  22.8  22.8  22.7  23.1  22.9  22.7  22.6  23.2  22.9  23.2  22.8  24.0  23.9  24.0  23.6  24.1  24.0 
 24.9  25.5  26.5  27.7  29.8  32.8  52.1  60.8  71.2  67.9  34.4  26.0  22.9  22.9  22.9  23.0  22.8  22.8  22.8  23.1  22.8  22.8  23.1  23.3  22.8  23.0  23.3  23.6  23.5  23.8  24.0  24.6 
 25.7  25.5  27.1  27.6  30.9  33.5  52.9  61.3  76.5  76.0  39.1  26.6  23.3  23.0  23.0  23.0  22.9  22.6  22.8  22.8  22.8  22.6  23.2  23.0  23.2  22.7  23.6  23.4  23.4  23.2  24.0  23.9 
 25.2  25.9  26.9  27.5  29.8  32.2  46.1  55.7  78.7  78.8  34.0  25.7  23.1  22.9  22.8  23.1  22.7  22.9  23.0  23.1  22.8  22.8  22.8  23.2  23.0  23.1  23.4  23.8  23.0  23.4  24.1  24.3 
 25.6  25.6  26.9  27.0  29.2  30.3  39.3  45.4  61.5  58.5  28.3  24.4  23.2  22.8  23.2  23.1  22.9  22.7  23.3  23.2  23.1  22.7  23.2  23.1  23.4  22.8  23.7  23.4  23.8  23.1  24.3  23.9 
 25.5  25.9  26.7  27.2  27.1  27.5  29.6  31.3  32.3  30.6  24.6  23.8  22.7  23.0  23.3  23.4  23.0  23.1  23.2  23.4  22.8  23.0  23.1  23.4  23.0  23.1  23.3  24.0  23.5  23.6  23.6  24.5 
 25.7  25.6  26.7  26.7  26.7  26.7  28.0  28.2  28.4  27.4  24.2  23.6  23.1  23.0  23.4  22.9  22.9  22.8  23.4  23.1  23.1  22.9  23.4  23.3  23.3  23.0  23.7  23.4  23.3  23.6  24.6  24.2 
 25.7  25.6  25.9  26.5  25.7  26.0  26.3  26.7  25.7  25.4  23.9  23.9  23.2  23.3  23.2  23.3  23.0  23.1  23.1  23.4  23.1  23.1  23.2  23.7  23.2  23.5  23.5  23.9  23.6  24.1  24.9  26.1 
 26.0  25.4  26.2  25.8  26.1  25.4  25.8  25.7  25.2  24.7  24.2  23.8  23.5  23.0  23.2  23.1  23.2  22.8  23.5  23.3  23.3  22.9  23.5  23.4  23.4  23.1  23.6  23.8  24.5  24.4  25.9  26.0 
 26.5  26.1  25.9  26.0  25.2  25.4  25.3  25.3  24.8  24.4  24.1  24.2  23.5  23.4  23.5  23.7  23.2  23.2  23.5  23.5  23.1  23.0  23.7  23.8  23.6  24.0  25.0  25.7  25.1  25.7  27.0  27.9 
 26.8  26.1  26.0  25.7  25.3  24.7  25.0  24.9  24.4  24.0  24.1  23.7  23.6  23.1  23.8  23.4  23.7  23.2  23.7  23.5  23.6  23.0  24.3  23.7  24.1  24.3  26.0  25.7  26.0  25.5  27.3  27.4 
