 25.4  24.6  24.5  24.4  24.2  24.2  24.2  24.1  23.8  23.8  23.9  23.9  23.6  23.6  23.7  23.9  23.4  23.4  23.6  23.8  23.4  23.6  23.6  24.0  26.0  27.0  28.3  28.7  28.8  29.0  30.1  30.7 
 24.5  24.0  24.5  24.4  24.1  23.9  24.3  24.1  23.9  23.7  24.0  23.9  23.6  23.3  23.9  23.9  23.6  23.0  23.6  23.7  23.7  23.0  24.0  23.7  26.8  27.6  28.8  28.7  28.7  29.3  30.6  30.2 
 24.2  24.2  24.3  24.3  23.6  23.3  23.7  23.8  23.6  23.8  23.8  23.8  23.4  23.4  23.6  23.7  23.3  23.4  23.4  23.6  23.3  23.4  23.6  24.0  26.5  27.5  28.3  28.8  28.9  29.3  30.3  31.0 
 24.3  23.9  24.3  24.1  23.6  23.4  23.9  23.9  23.6  23.6  24.2  23.8  23.3  23.3  23.5  23.7  23.3  23.1  23.7  23.5  23.6  23.4  23.9  23.9  26.1  26.8  28.6  28.5  28.9  29.1  30.8  30.4 
 23.9  23.9  23.8  24.0  23.5  23.5  23.8  23.8  23.9  24.5  24.5  24.0  23.3  23.4  23.5  23.6  23.2  23.3  23.4  23.6  23.3  23.3  23.4  23.6  24.2  25.2  27.6  28.2  29.0  29.3  30.3  30.9 
 23.9  23.6  24.0  23.5  23.5  23.3  23.9  23.8  24.5  25.0  26.0  24.4  23.4  23.3  23.5  23.5  23.1  23.1  23.7  23.4  23.3  23.3  23.7  23.7  24.1  24.2  26.7  27.6  29.3  29.2  31.1  30.9 
 23.8  23.8  23.8  23.9  23.4  23.3  23.6  23.9  25.0  26.7  28.2  25.4  23.4  23.4  23.1  23.5  23.1  23.3  23.3  23.6  23.3  23.5  23.5  24.1  25.7  26.5  27.6  28.6  29.6  29.5  30.3  30.8 
 24.2  23.8  23.9  23.6  23.5  23.2  23.6  23.7  24.2  24.8  25.6  24.2  23.3  23.2  23.4  23.3  23.3  23.2  23.5  23.3  23.3  23.2  23.9  24.5  27.9  28.4  30.2  30.4  30.4  30.2  30.5  30.0 
 24.2  23.9  24.0  24.0  23.4  23.6  23.7  23.7  23.3  23.4  23.6  23.6  23.2  23.3  23.4  23.5  23.2  23.3  23.5  23.5  23.3  23.5  24.8  26.9  30.0  30.9  31.7  32.0  30.9  30.8  30.8  30.9 
 24.1  24.0  24.4  24.0  23.8  23.6  23.7  23.6  23.5  23.3  23.5  23.5  23.2  23.2  23.4  23.2  23.4  23.3  23.5  23.5  23.5  23.2  25.6  27.3  30.4  30.9  32.0  31.9  31.1  30.3  31.0  31.1 
 24.9  24.8  25.1  25.4  25.2  25.0  24.3  24.1  23.4  23.5  23.4  23.4  23.1  23.4  23.4  23.6  23.2  23.4  23.4  23.4  23.4  23.4  25.8  27.8  30.7  31.0  31.5  31.9  31.1  30.7  31.1  31.3 
 25.2  24.9  25.7  26.0  26.2  26.1  25.9  25.1  23.9  23.5  23.6  23.3  23.3  23.3  23.3  23.4  23.2  23.2  23.5  23.4  23.4  23.2  25.7 nan  30.7  30.6  31.9  32.1  31.2  30.5  31.2  31.3 
 25.7  25.8  27.0  27.3  29.1  30.3  39.0  43.5  42.7  36.4  24.1  23.8  23.4  23.2  23.3  23.5  23.3  23.2  23.5  23.4  23.2  23.3  24.0  26.3  29.9  30.4  31.6  31.6  30.7  30.6  31.0  31.5 
 26.2  26.0  27.4  28.1  30.6  33.1  48.4  55.3  60.7  54.3  25.7  24.1  23.4  23.3  23.5  23.3  23.2  23.1  23.4  23.4  23.2  23.0  23.9  24.6  28.7  29.6  31.2  31.0  30.5  30.4  31.5  31.1 
 26.4  26.4  28.0  29.0  32.8  36.8  57.3  66.2  78.4  74.9  32.2  25.6  23.4  23.5  23.3  23.5  23.3  23.3  23.4  23.5  23.2  23.2  23.4  23.8  24.0  24.9  27.5  27.9  29.3  30.0  31.0  31.0 
 26.6  26.7  28.1  28.8  32.9  36.6  56.6  68.0  87.5  83.5  31.9  25.3  23.7  23.6  23.5  23.4  23.1  23.1  23.6  23.3  23.3  23.3  23.6  23.5  23.6  23.7  25.4  26.3  28.8  29.6  30.9  30.9 
 26.3  26.4  28.1  28.5  30.3  32.0  44.3  53.8  66.5  56.9  26.1  24.3  23.6  23.4  23.5  23.5  23.2  23.1  23.6  23.6  23.4  23.2  23.5  23.6  23.4  23.5  24.2  25.3  28.3  29.3  30.8  30.9 
 26.5  26.4  27.7  28.0  29.1  29.8  37.0  41.5  45.4  38.7  24.7  24.0  23.6  23.5  23.5  23.6  23.4  23.1  23.8  23.4  23.4  23.1  23.6  23.4  23.3  23.3  24.4  25.3  28.8  29.2  30.5  31.0 
 26.5  26.6  27.2  27.3  27.6  27.9  29.1  29.6  28.6  26.7  24.3  24.1  23.6  23.7  23.7  23.8  23.5  23.4  23.6  23.6  23.3  23.2  23.7  24.0  23.5  23.5  25.6  27.0  28.7  29.3  30.7  30.8 
 26.5  26.6  27.2  27.1  27.2  27.1  28.0  27.9  27.0  25.7  24.4  23.9  23.8  23.5  23.8  23.4  23.5  23.4  23.8  23.4  23.5  23.4  23.7  23.7  23.8  23.8  27.0  28.4  29.4  29.4  31.2  31.1 
 26.3  26.1  26.7  26.7  26.6  26.2  26.5  26.5  25.4  25.0  24.2  24.2  23.5  23.7  23.8  23.9  23.5  23.6  23.6  23.7  23.5  23.5  24.0  23.8  23.7  23.9  28.9  30.2  29.4  29.4  30.5  31.3 
 26.8  26.2  26.9  26.5  26.3  25.8  26.4  26.3  25.3  24.8  24.6  24.4  23.9  23.5  24.1  24.0  23.8  23.4  23.7  23.8  23.5  23.6  24.0  23.8  23.6  23.6  28.8  30.4  30.1  29.3  31.1  31.0 
 27.6  26.4  26.3  26.8  25.9  25.7  25.7  25.7  24.8  24.7  24.5  24.6  23.8  23.9  24.0  24.3  23.8  23.6  24.2  24.2  23.8  23.8  23.8  24.2  24.9  26.1  28.6  28.9  28.4  28.6  29.7  31.0 
 28.0  26.7  26.8  26.2  25.8  25.5  25.7  25.2  24.8  24.6  24.7  24.1  24.1  23.9  24.4  24.0  24.1  23.8  24.3  24.0  23.8  23.7  24.3  24.4  24.8  25.9  29.5  29.6  29.2  28.8  30.4  30.7 
