 25.4  24.2  24.1  24.2  24.3  24.2  24.2  24.2  24.1  23.8  24.1  23.9  24.0  23.6  23.6  23.6  23.6  23.7  23.6  23.6  23.7  23.4  23.6  23.6  24.9  26.0  28.2  28.1  28.9  29.2  29.9  30.4 
 24.7  24.2  24.3  24.5  24.1  24.2  23.8  24.0  24.0  23.8  23.8  23.8  23.5  23.4  23.7  23.7  23.6  23.5  23.7  23.6  23.6  23.2  23.8  23.9  25.8  27.2  28.2  28.2  28.6  29.3  30.0  30.2 
 24.6  24.2  24.5  24.0  23.8  23.4  23.9  23.7  23.9  23.8  23.9  23.7  23.6  23.4  23.4  23.6  23.5  23.5  23.3  23.6  23.6  23.4  23.5  23.6  26.1  27.3  28.5  28.1  29.1  29.4  30.3  30.2 
 24.3  24.2  24.0  24.2  23.6  23.4  23.5  24.0  23.6  23.9  23.9  23.7  23.4  23.4  23.5  23.7  23.6  23.3  23.4  23.5  23.2  23.2  23.4  23.8  25.7  27.2  28.3  28.4  28.8  29.3  30.3  30.8 
 24.2  23.7  23.8  23.9  23.8  23.5  23.7  23.5  24.2  24.2  24.6  24.0  23.5  23.4  23.4  23.4  23.4  23.5  23.4  23.4  23.5  23.2  23.5  23.6  24.5  25.3  27.7  27.8  29.0  29.3  30.2  30.4 
 23.9  23.9  23.7  23.8  23.7  23.6  23.6  23.7  24.4  25.3  25.8  24.5  23.4  23.3  23.4  23.4  23.4  23.4  23.3  23.5  23.3  23.4  23.6  23.4  23.9  24.2  26.5  27.5  28.6  29.4  30.1  30.6 
 23.9  24.1  23.7  23.9  23.6  23.6  23.9  23.7  25.3  26.7  28.4  25.3  23.4  23.4  23.4  23.5  23.3  23.3  23.3  23.3  23.5  23.4  23.5  23.6  23.7  23.6  24.5  25.4  28.5  29.1  30.1  30.3 
 24.2  24.0  23.8  23.9  23.4  23.4  23.5  23.8  24.3  24.9  25.5  24.3  23.4  23.4  23.2  23.4  23.4  23.3  23.3  23.4  23.4  23.3  23.4  23.7  23.6  23.7  25.1  25.9  29.0  29.3  29.9  29.9 
 24.2  24.0  23.7  23.8  23.6  23.5  23.7  23.6  23.5  23.5  23.5  23.5  23.4  23.2  23.2  23.4  23.1  23.3  23.5  23.5  23.4  23.3  23.6  23.7  25.9  27.1  29.4  29.6  29.8  29.7  30.2  30.5 
 24.1  23.9  24.1  24.2  23.8  23.6  23.5  23.5  23.4  23.3  23.6  23.6  23.3  23.3  23.3  23.5  23.2  23.2  23.4  23.4  23.4  23.3  23.8  24.8  27.9  29.0  30.7  31.1  30.0  29.9  30.8  30.9 
 25.2  24.8  25.3  25.2  25.2  24.9  24.4  24.1  23.6  23.5  23.5  23.4  23.4  23.2  23.4  23.5  23.4  23.2  23.4  23.5  23.5  23.5  25.3  27.1  30.4  30.4  31.5  31.3  30.7  30.6  31.1  31.5 
 25.0  25.0  25.6  25.9  26.1  26.2  25.6  25.3  23.7  23.8  23.5  23.4  23.3  23.2  23.2  23.3  23.4  23.2  23.3  23.4  23.4  23.4  26.1 nan  30.9  31.1  31.6  31.5  30.8  30.7  31.2  31.4 
 25.9  26.0  26.9  27.1  29.3  30.4  39.1  43.3  42.7  36.3  24.0  23.6  23.5  23.2  23.5  23.3  23.5  23.3  23.5  23.3  23.5  23.2  26.9  29.3  31.5  31.3  31.9  31.8  31.2  30.9  31.8  31.6 
 25.9  26.5  27.4  27.9  30.5  33.1  48.5  55.4  60.6  54.3  25.9  24.1  23.4  23.5  23.4  23.4  23.2  23.2  23.4  23.5  23.2  23.4  27.1  29.6  31.4  31.3  31.9  32.0  31.1  31.2  31.6  31.8 
 26.5  26.6  28.0  28.9  33.0  36.7  57.2  66.0  78.5  74.8  32.3  25.5  23.6  23.3  23.3  23.5  23.6  23.1  23.6  23.6  23.4  23.3  26.0  28.1  31.5  31.6  32.4  32.0  31.6  31.3  31.3  31.6 
 26.3  26.7  27.9  29.1  32.8  36.8  56.3  67.8  87.4  83.5  31.5  25.5  23.5  23.4  23.4  23.4  23.0  23.3  23.5  23.4  23.2  23.3  24.7  27.1  30.3  31.2  32.0  31.8  31.1  31.1  31.2  31.5 
 26.5  26.7  27.9  28.3  30.6  32.1  44.3  53.7  66.4  56.7  26.1  24.2  23.7  23.5  23.4  23.4  23.4  23.3  23.4  23.4  23.5  23.3  23.6  23.7  25.9  25.9  27.2  28.6  30.1  30.3  30.9  30.9 
 26.7  26.7  27.6  27.9  29.1  30.0  37.0  41.6  45.5  38.9  24.7  24.0  23.6  23.6  23.6  23.6  23.4  23.4  23.4  23.7  23.2  23.2  23.5  23.9  24.4  24.5  25.5  27.0  29.6  29.9  30.8  31.1 
 26.8  26.6  27.2  27.3  27.7  27.8  29.1  29.4  28.7  26.8  24.5  24.0  23.8  23.7  23.8  23.6  23.8  23.5  23.6  23.5  23.6  23.2  23.6  23.6  23.8  23.7  24.4  24.5  27.4  28.3  30.7  30.7 
 26.7  26.6  26.9  27.3  27.1  27.1  28.0  27.9  26.8  26.1  24.3  24.1  23.8  23.6  23.6  23.7  23.5  23.5  23.7  23.5  23.7  23.5  23.7  23.7  23.9  24.1  24.3  24.3  25.9  27.0  29.9  30.8 
 26.7  26.3  26.7  26.8  26.7  26.5  26.5  26.6  25.8  25.0  24.3  24.4  23.9  23.7  23.7  23.9  23.6  23.6  23.7  23.4  23.7  23.5  23.9  23.8  24.0  23.5  24.6  25.0  26.9  27.8  29.5  30.0 
 26.4  26.4  26.7  26.7  26.4  26.0  26.1  26.3  25.0  24.9  24.3  24.1  23.9  23.7  23.9  23.8  23.5  23.5  23.7  23.8  23.5  23.6  23.6  24.0  23.6  23.9  24.8  25.3  26.7  27.3  29.2  29.5 
 27.6  26.8  26.4  26.2  26.0  25.7  25.8  25.1  25.1  24.7  24.4  24.5  24.2  23.9  24.0  24.2  23.9  23.7  23.9  24.0  23.8  23.9  24.1  24.3  24.1  24.6  28.3  27.5  27.3  27.7  29.4  29.3 
 27.7  27.0  26.3  26.4  25.8  25.8  25.4  25.4  24.9  24.6  24.4  24.6  23.9  24.1  24.1  24.0  24.1  24.0  23.9  24.0  23.8  24.0  24.1  24.1  24.3  24.6  27.3  28.0  27.3  27.9  29.6  29.8 
