 23.4  22.7  23.1  23.3  22.8  22.6  22.9  23.0  22.3  22.2  22.5  22.6  22.4  22.1  22.5  22.7  22.2  22.3  22.6  22.7  22.4  22.4  22.6  22.7  22.3  22.4  23.0  23.6  23.5  23.1  24.3  24.7 
 23.4  22.8  23.3  23.1  22.7  22.6  22.9  22.9  22.5  22.2  22.6  22.6  22.4  22.2  22.6  22.5  22.2  22.2  22.7  22.4  22.5  22.4  22.8  22.9  22.3  22.7  23.3  24.2  23.4  23.2  23.5  24.2 
 23.3  22.8  23.1  23.0  22.5  22.3  22.9  22.7  22.5  22.4  22.5  22.9  22.1  22.4  22.3  22.4  22.2  22.1  22.5  22.6  22.2  22.5  22.7  22.7  22.5  22.5  22.8  23.3  23.0  22.6  23.2  23.5 
 22.9  22.8  23.3  23.1  22.6  22.0  22.9  22.9  22.7  22.3  22.8  22.9  22.3  22.2  22.6  22.5  22.1  22.3  22.6  22.5  22.4  22.4  22.4  22.6  22.4  22.7  23.2  22.9  22.8  22.7  23.2  23.4 
 23.2  22.9  22.7  23.3  22.7  22.5  22.9  23.0  23.2  23.0  22.9  22.6  22.3  22.2  22.5  22.5  22.1  22.2  22.5  22.5  22.4  22.2  22.5  22.7  22.5  22.4  23.0  23.0  22.6  22.9  23.2  23.4 
 22.5  22.9  22.8  23.1  22.7  22.6  23.2  23.0  23.5  23.9  23.1  22.8  22.5  22.3  22.5  22.5  22.3  22.2  22.4  22.5  22.3  22.2  22.7  22.7  22.7  22.5  22.8  22.9  22.8  22.8  23.1  23.0 
 22.7  22.9  23.0  23.1  22.6  22.6  23.1  23.4  25.1  26.5  24.1  23.0  22.4  22.2  22.5  22.4  22.2  22.1  22.5  22.4  22.4  22.3  22.7  22.7  22.5  22.3  22.9  23.1  22.6  22.7  22.9  23.2 
 23.0  22.8  23.0  23.1  22.6  22.4  23.2  23.0  25.6  26.9  24.5  23.0  22.4  22.4  22.5  22.5  22.4  22.2  22.6  22.5  22.4  22.1  22.8  22.5  22.5  22.5  23.0  23.0  22.6  22.5  23.1  22.0 
 23.0  22.8  23.3  23.2  22.6  22.6  23.0  22.9  23.1  23.2  22.9  22.7  22.4  22.4  22.5  22.8  22.3  22.3  22.5  22.5  22.4  22.3  22.5  22.7  22.4  22.5  22.7  23.0  22.4  22.7  23.1  23.0 
 23.4  23.0  23.3  23.7  22.9  22.6  22.8  22.7  22.6  22.9  22.7  22.7  22.5  22.2  22.6  22.5  22.3  22.3  22.6  22.6  22.5  22.4  22.7  22.6  22.5  22.5  23.0  23.0  22.8  22.5  23.2  23.3 
 23.6  23.6  23.9  23.8  23.8  23.4  23.1  22.8  22.7  22.7  22.7  22.6  22.4  22.3  22.6  22.6  22.4  22.3  22.7  22.5  22.2  22.4  22.6  22.6  22.3  22.5  23.3  23.8  23.4  23.2  23.1  23.4 
 23.7  23.7  24.1  24.0  24.4  24.6  24.0  23.6  22.8  22.6  22.8  22.6  22.5  22.4  22.6  22.6  22.3  22.4  22.6  22.6  22.4  22.4  22.5 nan  22.3  22.2  24.1  24.9  23.9  22.9  23.2  23.2 
 24.4  24.1  25.4  25.9  27.0  27.4  32.9  35.0  33.1  29.2  23.1  23.0  22.5  22.4  22.4  22.7  22.4  22.4  22.8  22.5  22.4  22.3  22.7  22.5  22.6  22.6  23.9  24.5  23.3  22.9  23.3  23.3 
 24.6  24.6  25.8  26.4  28.2  29.7  41.7  48.9  53.7  47.4  24.4  23.2  22.6  22.5  22.6  22.7  22.3  22.4  22.6  22.6  22.4  22.3  22.5  22.6  22.5  22.4  23.3  23.4  23.2  22.8  23.3  23.1 
 24.9  25.1  26.5  27.4  30.4  33.7  54.8  63.3  74.6  71.3  34.5  25.4  22.6  22.4  22.5  22.6  22.4  22.5  22.7  22.5  22.5  22.3  22.7  22.6  22.5  22.5  22.7  23.0  22.8  22.7  23.1  23.4 
 25.1  25.3  26.8  27.4  30.4  34.0  53.5  62.8  78.5  78.8  36.8  25.8  22.6  22.4  22.6  22.5  22.4  22.4  22.7  22.6  22.2  22.3  22.7  22.7  22.5  22.3  22.8  22.9  22.7  22.8  23.5  23.2 
 25.2  25.3  26.4  26.9  29.5  31.6  44.1  53.3  72.6  69.3  29.8  24.3  22.7  22.3  22.5  22.7  22.4  22.3  22.7  22.8  22.5  22.3  22.7  22.8  22.6  22.7  22.9  23.0  22.9  22.9  23.3  23.4 
 25.1  25.0  26.4  26.8  28.4  29.7  36.9  42.0  53.8  49.2  25.7  23.7  22.7  22.5  22.6  22.6  22.6  22.5  22.6  22.8  22.5  22.3  22.7  22.9  22.6  22.4  23.1  23.1  22.8  22.8  23.6  23.5 
 25.0  25.2  26.4  26.7  26.6  26.9  28.5  29.4  29.6  27.7  23.7  23.1  22.6  22.3  22.9  22.5  22.6  22.5  22.6  22.7  22.6  22.3  22.8  23.0  22.5  22.6  23.0  23.1  23.1  22.8  23.9  23.6 
 25.0  25.4  26.0  26.0  26.1  26.0  27.3  27.3  26.6  25.7  23.4  23.2  22.6  22.5  22.6  22.6  22.6  22.5  22.7  22.6  22.5  22.4  23.0  23.0  22.6  22.4  23.1  23.0  22.9  23.1  23.8  23.9 
 25.3  24.9  25.6  25.9  25.6  25.6  25.4  25.6  25.0  24.3  23.5  23.2  22.8  22.7  23.0  22.7  22.4  22.6  22.7  23.0  22.5  22.5  23.0  22.7  22.6  22.8  23.0  23.7  23.3  23.2  24.5  24.7 
 25.1  25.3  25.5  25.3  24.8  25.0  25.1  25.3  24.4  24.0  23.5  23.5  22.6  22.6  22.9  23.0  22.7  22.4  22.9  23.0  22.4  22.6  23.0  23.0  22.6  22.5  23.3  23.5  23.7  24.0  25.1  25.2 
 25.9  25.5  25.1  25.5  24.7  24.5  24.8  24.7  24.1  23.7  23.5  23.6  23.0  22.9  22.8  22.8  22.6  22.4  22.9  22.7  22.7  22.8  23.1  23.2  22.8  22.9  24.1  24.7  24.4  24.3  26.0  26.6 
 26.5  25.5  25.5  25.5  24.6  24.3  24.8  24.7  23.6  23.5  23.7  23.5  22.9  22.7  23.1  23.0  22.7  22.6  23.0  23.0  22.8  22.7  23.3  23.5  23.4  23.6  24.7  25.2  24.6  24.5  26.6  26.9 
