 23.6  22.9  23.6  23.5  22.7  22.9  23.0  22.8  22.3  22.4  22.8  22.7  22.4  22.3  22.5  22.6  22.3  22.4  22.5  22.4  22.4  22.6  22.8  22.5  22.4  22.8  23.8  24.0  23.1  23.4  24.9  24.7 
 23.4  23.1  23.3  23.3  23.0  22.5  22.8  23.1  22.7  22.4  22.8  22.8  22.5  22.3  22.7  22.7  22.4  22.1  22.8  22.8  22.5  22.1  22.9  23.0  22.7  22.6  23.3  24.5  23.8  23.4  24.2  24.7 
 22.9  22.9  23.4  23.3  22.6  22.5  23.1  22.8  22.4  22.5  22.8  22.6  22.4  22.4  22.7  22.7  22.0  22.3  22.7  22.5  22.3  22.3  22.9  22.7  22.5  22.8  23.1  23.1  23.0  23.2  23.8  23.5 
 23.6  22.6  23.0  23.3  22.8  22.5  22.8  23.0  22.9  22.4  22.8  22.9  22.5  22.2  22.3  22.6  22.6  22.2  22.4  22.4  22.5  22.2  22.7  22.8  22.5  22.3  22.9  23.2  22.9  23.0  23.6  23.6 
 22.8  22.8  23.2  23.1  22.6  22.9  22.9  23.1  23.1  23.3  23.0  22.6  22.5  22.3  22.6  22.4  22.1  22.2  22.6  22.5  22.4  22.4  22.7  22.6  22.3  22.6  23.1  22.7  22.4  22.9  23.2  23.3 
 22.9  22.5  23.1  23.1  22.8  22.4  23.0  23.3  23.5  23.7  22.9  22.9  22.6  22.4  22.3  22.7  22.3  22.1  22.5  22.4  22.5  22.3  22.7  22.7  22.9  22.2  22.8  22.9  22.9  22.6  23.1  23.5 
 22.7  23.0  23.2  23.3  22.6  22.7  23.2  23.2  25.2  26.6  24.5  23.2  22.2  22.6  22.5  22.4  22.3  22.3  22.6  22.4  22.4  22.5  23.0  22.6  22.5  22.7  22.9  22.7  22.6  22.9  23.5  23.2 
 23.3  22.8  23.0  23.0  22.9  22.8  23.0  23.5  25.8  26.9  24.5  23.2  22.6  22.3  22.5  22.4  22.5  22.4  22.5  22.6  22.7  22.5  22.5  23.0  22.6  22.3  22.8  23.0  22.8  22.6  23.2  22.5 
 23.2  23.3  23.4  23.0  22.6  22.6  23.0  23.1  22.9  23.4  23.2  22.9  22.3  22.5  22.6  22.5  22.3  22.5  22.7  22.5  22.3  22.4  22.7  22.5  22.6  22.6  23.1  23.0  22.8  22.8  23.4  23.0 
 23.3  23.3  23.4  23.6  23.0  22.6  23.0  23.0  23.1  22.8  22.8  22.9  22.6  22.3  22.5  22.5  22.5  22.3  22.6  22.7  22.5  22.3  22.7  22.7  22.6  22.6  22.9  23.2  23.1  22.8  22.9  23.3 
 23.4  23.7  24.1  24.0  23.6  23.4  23.4  23.1  22.8  22.9  22.9  22.8  22.5  22.5  22.7  22.7  22.2  22.4  22.6  22.6  22.3  22.5  22.9  22.6  22.4  22.4  23.4  23.5  23.2  23.1  23.4  23.2 
 24.0  23.6  24.2  24.4  24.6  24.2  23.9  23.7  23.1  22.7  22.9  22.7  22.7  22.4  22.5  22.8  22.3  22.4  22.5  22.7  22.5  22.2  22.6 nan  22.6  22.4  24.3  25.1  23.8  22.9  23.2  23.6 
 24.1  24.5  25.5  25.8  26.9  27.7  32.8  35.1  33.1  29.6  23.3  23.0  22.5  22.7  22.7  22.7  22.5  22.5  22.8  22.6  22.4  22.3  22.6  22.7  22.3  22.8  24.1  24.4  23.5  23.1  23.4  23.4 
 24.6  24.4  25.9  26.5  28.4  30.1  41.8  49.1  53.6  47.5  24.6  23.5  22.9  22.3  22.7  22.7  22.7  22.3  22.6  22.7  22.6  22.2  22.7  22.9  22.8  22.4  23.2  23.5  23.3  22.7  23.3  23.6 
 24.7  25.1  26.9  27.3  30.6  33.8  54.9  63.3  74.7  71.3  34.5  25.6  22.6  22.6  22.7  22.7  22.5  22.5  22.7  22.7  22.4  22.5  22.8  22.6  22.5  22.7  23.0  22.8  22.8  23.0  23.5  23.4 
 25.1  25.1  26.9  27.4  31.0  33.9  53.6  62.9  78.6  78.8  36.9  26.0  22.8  22.6  22.5  22.6  22.5  22.4  22.8  22.9  22.4  22.4  22.6  22.9  22.7  22.3  22.9  23.0  23.1  22.5  23.3  23.7 
 25.0  25.6  26.9  27.0  29.3  31.7  44.4  53.2  72.6  69.4  30.1  24.3  22.8  22.7  22.8  22.6  22.3  22.4  22.9  22.6  22.4  22.4  22.9  22.5  22.5  22.7  23.1  23.1  22.6  23.0  23.7  23.6 
 25.4  25.2  26.4  26.8  28.6  29.3  36.8  42.1  53.8  49.0  25.7  23.7  22.8  22.6  22.6  23.0  22.5  22.3  22.7  22.8  22.6  22.4  22.5  23.0  22.8  22.2  23.1  23.1  23.0  22.9  23.4  24.0 
 24.8  25.4  26.6  26.7  26.6  27.2  28.6  29.3  29.4  27.9  24.1  23.3  22.5  22.6  22.9  22.8  22.6  22.7  22.7  22.8  22.6  22.5  22.9  22.7  22.7  22.8  23.1  22.9  22.8  22.9  23.6  23.8 
 25.3  25.5  26.3  26.3  26.3  25.9  27.4  27.4  27.0  25.9  23.6  23.5  22.8  22.5  22.8  22.8  22.6  22.4  22.8  22.8  22.6  22.4  22.6  23.0  22.9  22.4  23.0  23.2  23.1  23.0  23.6  24.3 
 25.1  25.2  26.0  25.6  25.3  25.5  25.8  25.7  25.1  24.6  23.7  23.2  22.9  23.0  23.0  23.0  22.5  22.7  22.8  22.7  22.6  22.6  23.1  22.9  22.9  22.8  23.4  23.5  23.1  23.7  24.5  24.7 
 25.3  25.0  25.3  26.1  25.3  25.1  25.1  25.5  24.6  24.0  23.6  23.6  22.9  22.8  22.9  22.9  22.7  22.5  23.0  23.0  22.7  22.6  23.1  23.2  22.8  22.6  23.3  23.7  24.0  23.8  24.6  25.5 
 25.6  25.9  25.5  25.3  24.8  24.5  24.9  24.4  24.1  23.8  23.9  23.6  23.2  22.7  23.0  23.0  22.7  22.7  23.2  23.2  22.7  22.7  23.2  23.3  23.0  23.1  24.5  24.3  24.6  24.7  26.3  26.1 
 26.7  25.0  25.2  25.5  24.9  24.4  24.8  24.6  24.1  23.7  23.8  23.6  23.2  22.8  22.9  23.3  22.9  22.7  23.1  23.2  23.3  22.7  23.4  23.6  23.8  23.4  25.0  25.5  25.0  24.0  25.7  27.4 
