 24.7  24.2  24.1  24.5  24.1  23.8  24.2  24.2  23.7  23.5  23.9  23.9  23.5  23.3  23.5  23.8  23.4  23.4  23.6  23.7  23.4  23.5  23.6  23.8  23.3  23.4  25.6  27.1  27.9  28.3  28.6  29.5 
 24.7  24.0  24.3  24.2  24.1  23.7  23.9  24.1  23.7  23.7  23.8  23.8  23.5  23.5  23.6  23.8  23.4  23.2  23.8  23.5  23.5  23.3  23.8  23.7  23.6  23.7  25.3  26.0  27.7  27.8  28.9  28.6 
 24.2  23.6  24.3  24.0  23.5  23.3  23.7  23.7  23.5  23.5  23.7  23.8  23.3  23.3  23.5  23.7  23.3  23.2  23.3  23.6  23.3  23.1  23.4  23.6  23.6  23.5  24.2  25.2  27.2  27.4  28.8  28.4 
 23.9  23.8  24.2  24.0  23.4  23.5  23.8  24.0  23.9  23.6  23.8  23.9  23.3  23.1  23.4  23.6  23.4  23.2  23.5  23.4  23.1  23.3  23.6  23.6  23.4  23.5  23.8  24.3  26.3  27.6  29.2  29.1 
 23.7  23.7  23.8  24.0  23.5  23.2  23.6  23.7  24.0  24.2  24.6  24.2  23.3  23.2  23.4  23.4  23.1  23.1  23.4  23.5  23.2  23.1  23.3  23.5  23.4  23.1  24.1  24.1  25.8  27.4  29.5  29.7 
 23.4  23.7  24.0  23.7  23.4  23.3  23.7  23.9  24.3  25.3  26.1  24.5  23.5  23.2  23.2  23.4  23.3  23.2  23.4  23.5  23.3  23.1  23.6  23.4  23.5  23.3  24.2  25.0  26.2  27.9  30.0  30.1 
 23.9  23.6  23.8  23.9  23.1  23.3  23.5  23.9  24.9  26.4  28.3  25.4  23.3  23.3  23.2  23.3  23.1  23.1  23.4  23.4  23.2  23.2  23.4  23.8  23.6  23.7  27.9  28.3  30.3  30.0  30.6  30.2 
 23.9  23.8  23.9  23.8  23.4  23.2  23.6  23.7  23.8  24.4  25.2  24.3  23.2  23.2  23.4  23.3  23.3  23.3  23.3  23.3  23.2  23.2  23.5  23.3  23.8  25.7  28.8  30.6  30.5  31.0  31.0  30.5 
 23.9  23.8  24.0  23.8  23.4  23.4  23.7  23.6  23.4  23.3  23.5  23.4  23.4  23.1  23.3  23.4  23.2  23.3  23.4  23.5  23.3  23.0  23.5  23.5  25.9  27.0  30.7  30.9  31.1  31.3  31.7  31.5 
 24.2  23.9  24.0  24.2  23.9  23.6  23.6  23.6  23.3  23.4  23.5  23.6  23.3  23.1  23.4  23.2  23.2  23.1  23.5  23.4  23.4  23.2  23.4  23.4  25.8  28.3  30.9  31.0  31.2  31.5  31.8  30.1 
 24.6  24.8  25.1  25.4  25.1  24.9  24.3  24.1  23.4  23.3  23.4  23.4  23.3  23.1  23.4  23.6  23.3  23.4  23.4  23.4  23.3  23.1  23.3  23.4  26.6  28.0  31.1  31.0  31.3  31.1  29.1  28.8 
 25.2  25.0  25.5  25.9  26.1  26.0  25.9  25.3  23.8  23.6  23.6  23.6  23.4  23.2  23.3  23.4  23.3  23.2  23.5  23.4  23.3  23.3  23.5 nan  25.6  27.9  31.0  31.6  31.6  31.1  29.0  27.2 
 25.9  25.7  26.8  27.6  28.9  30.1  39.1  43.6  43.1  36.9  24.2  23.7  23.4  23.3  23.3  23.5  23.2  23.2  23.4  23.4  23.1  23.1  23.5  23.6  23.8  25.8  29.1  30.6  28.6  29.0  26.1  26.1 
 26.1  26.2  27.4  28.0  30.5  32.9  48.3  55.3  61.0  55.0  26.3  24.1  23.4  23.3  23.5  23.5  23.3  23.1  23.5  23.3  23.2  23.1  23.4  23.4  23.6  23.7  28.6  28.2  27.8  25.8  25.6  25.1 
 26.2  26.4  28.3  28.9  32.7  36.4  57.0  66.0  78.7  75.4  33.0  25.7  23.4  23.3  23.4  23.5  23.3  23.1  23.4  23.5  23.2  23.2  23.3  23.5  23.3  23.2  25.3  25.9  24.4  24.5  24.9  24.8 
 26.6  26.4  27.8  28.9  32.8  36.4  56.1  67.7  87.5  84.0  32.4  25.6  23.5  23.5  23.3  23.5  23.2  23.1  23.5  23.3  23.2  23.2  23.6  23.6  23.3  23.0  24.4  24.6  24.2  24.1  24.5  24.9 
 26.2  26.6  27.9  28.4  30.4  31.7  44.0  53.2  66.4  57.2  26.4  24.4  23.4  23.4  23.5  23.4  23.4  23.2  23.4  23.5  23.4  23.1  23.3  23.5  23.4  23.3  23.8  23.7  23.5  23.9  24.4  24.8 
 26.5  26.3  27.8  28.0  28.9  29.8  36.9  41.4  45.4  39.1  24.7  24.1  23.7  23.4  23.7  23.6  23.4  23.1  23.5  23.5  23.6  23.1  23.5  23.3  23.3  23.2  23.6  23.9  23.9  23.7  24.6  24.5 
 26.5  26.4  27.3  27.3  27.3  27.7  29.0  29.7  28.4  26.7  24.2  24.2  23.7  23.4  23.7  23.8  23.5  23.5  23.5  23.7  23.4  23.2  23.5  23.8  23.4  23.6  23.7  24.0  23.8  23.7  24.1  25.1 
 26.3  26.3  27.2  27.1  27.2  27.1  28.0  27.9  26.8  25.7  24.3  24.1  23.6  23.6  23.6  23.5  23.5  23.4  23.7  23.6  23.5  23.2  23.6  23.5  23.6  23.3  23.8  23.9  23.7  23.8  24.5  24.8 
 26.1  26.1  26.7  26.6  26.3  26.4  26.5  26.6  25.5  24.9  24.2  24.2  23.8  23.8  23.7  24.0  23.3  23.6  23.6  23.8  23.3  23.4  23.8  23.7  23.6  23.3  24.0  24.1  23.8  23.8  24.7  25.3 
 26.2  26.4  26.7  26.6  26.3  25.8  26.2  26.1  25.4  24.7  24.4  24.2  23.8  23.5  23.9  23.8  23.6  23.4  23.7  23.8  23.5  23.6  23.9  24.1  23.7  23.5  24.0  23.9  24.1  24.4  25.3  25.8 
 26.8  26.6  26.2  26.5  25.7  25.8  25.5  25.5  24.7  24.7  24.5  24.6  23.9  23.9  23.9  24.4  23.8  23.7  23.9  23.8  23.6  23.6  24.0  24.2  23.8  23.6  24.6  25.2  25.3  24.8  26.1  27.5 
 27.7  26.9  26.4  26.4  25.8  25.6  25.5  25.5  24.7  24.6  24.5  24.5  24.1  23.8  24.0  23.9  23.9  23.8  23.9  24.1  23.7  23.8  24.1  24.2  24.1  24.1  25.4  25.7  25.7  26.2  27.9  28.3 
